1	0	
2	0	
3	0	
4	0	
5	0	
6	0	
7	0	
8	0	
9	0	
10	0	
11	0	
12	0	
13	0	
14	0	
15	0	
16	0	
17	0	
18	0	
19	2.500000e-005	
20	2.000000e-004	
21	3.750000e-004	
22	6.000000e-004	
23	9.750000e-004	
24	1.400000e-003	
25	1.725000e-003	
26	2.125000e-003	
27	2.500000e-003	
28	2.925000e-003	
29	3.250000e-003	
30	3.625000e-003	
31	3.850000e-003	
32	4.525000e-003	
33	4.825000e-003	
34	5.150000e-003	
35	5.575000e-003	
36	5.950000e-003	
37	6.375000e-003	
38	6.925000e-003	
39	7.175000e-003	
40	7.450000e-003	
41	8.025000e-003	
42	8.350000e-003	
43	8.875000e-003	
44	9.325000e-003	
45	9.750000e-003	
46	1.047500e-002	
47	1.115000e-002	
48	1.190000e-002	
49	1.240000e-002	
50	1.260000e-002	
51	1.332500e-002	
52	1.360000e-002	
53	1.345000e-002	
54	1.335000e-002	
55	1.385000e-002	
56	1.420000e-002	
57	1.452500e-002	
58	1.487500e-002	
59	1.510000e-002	
60	1.510000e-002	
61	1.297500e-002	
62	1.340000e-002	
63	1.365000e-002	
64	1.377500e-002	
65	1.467500e-002	
66	1.500000e-002	
67	1.527500e-002	
68	1.595000e-002	
69	1.605000e-002	
70	1.622500e-002	
71	1.665000e-002	
72	1.700000e-002	
73	1.762500e-002	
74	1.815000e-002	
75	1.782500e-002	
76	1.675000e-002	
77	1.570000e-002	
78	1.607500e-002	
79	1.325000e-002	
80	1.330000e-002	
81	1.342500e-002	
82	1.350000e-002	
83	1.285000e-002	
84	1.265000e-002	
85	1.272500e-002	
86	1.272500e-002	
87	1.267500e-002	
88	1.247500e-002	
89	1.245000e-002	
90	1.252500e-002	
91	1.257500e-002	
92	1.270000e-002	
93	1.225000e-002	
94	1.075000e-002	
95	9.850000e-003	
96	9.525000e-003	
97	9.350000e-003	
98	9.300000e-003	
99	8.900000e-003	
100	8.275000e-003	
101	7.575000e-003	
102	7.375000e-003	
103	7.050000e-003	
104	6.800000e-003	
105	5.750000e-003	
106	5.425000e-003	
107	5.100000e-003	
108	4.700000e-003	
109	4.450000e-003	
110	4.000000e-003	
111	3.625000e-003	
112	2.800000e-003	
113	2.300000e-003	
114	2.000000e-003	
115	1.950000e-003	
116	1.900000e-003	
117	1.850000e-003	
118	1.700000e-003	
119	1.775000e-003	
120	1.700000e-003	
121	1.625000e-003	
122	0	
123	0	
124	0	
125	0	
126	0	
127	0	
128	0	
129	0	
130	0	
131	0	
132	0	
133	0	
134	0	
135	0	
136	0	
137	0	
138	0	
139	0	
140	0	
141	0	
142	0	
143	0	
144	0	
145	0	
146	0	
147	0	
148	0	
149	0	
150	0	
151	0	
152	0	
153	0	
154	0	
155	0	
156	0	
157	0	
158	0	
159	0	
160	0	
161	0	
162	0	
163	0	
164	0	
165	0	
166	0	
167	0	
168	0	
169	0	
170	0	
171	0	
172	0	
173	0	
174	0	
175	0	
176	0	
177	0	
178	0	
179	0	
180	0	
181	0	
182	0	
183	0	
184	0	
185	0	
186	0	
187	0	
188	0	
189	0	
190	0	
191	0	
192	0	
193	0	
194	0	
195	0	
196	0	
197	0	
198	0	
199	0	
200	0	
201	0	
202	0	
203	0	
204	0	
205	0	
206	0	
207	0	
208	0	
209	0	
210	0	
211	0	
212	0	
213	0	
214	0	
215	0	
216	0	
217	0	
218	0	
219	0	
220	0	
221	0	
222	0	
223	0	
224	0	
225	0	
226	0	
227	0	
228	0	
229	0	
230	0	
231	0	
232	0	
233	0	
234	0	
235	0	
236	0	
237	0	
238	0	
239	0	
240	0	
241	0	
242	0	
243	0	
244	0	
245	0	
246	0	
247	0	
248	0	
249	0	
250	0	
251	0	
252	0	
253	0	
254	0	
255	0	
256	0	
257	0	
258	0	
259	0	
260	0	
261	0	
262	0	
263	0	
264	0	
265	0	
266	0	
267	0	
268	0	
269	0	
270	0	
271	0	
272	0	
273	0	
274	0	
275	0	
276	0	
277	0	
278	0	
279	0	
280	0	
281	0	
282	0	
283	0	
284	0	
285	0	
286	0	
287	0	
288	0	
289	0	
290	0	
291	0	
292	0	
293	0	
294	0	
295	0	
296	0	
297	0	
298	0	
299	0	
300	0	
301	0	
302	0	
303	0	
304	0	
305	0	
306	0	
307	0	
308	0	
309	0	
310	2.500000e-005	
311	5.000000e-005	
312	2.500000e-005	
313	2.500000e-005	
314	0	
315	0	
316	0	
317	0	
318	0	
319	0	
320	0	
321	0	
322	0	
323	0	
324	0	
325	0	
326	0	
327	0	
328	0	
329	0	
330	0	
331	0	
332	0	
333	0	
334	0	
335	0	
336	0	
337	0	
338	0	
339	0	
340	0	
341	0	
342	0	
343	0	
344	0	
345	0	
346	0	
347	0	
348	0	
349	0	
350	0	
351	0	
352	0	
353	0	
354	0	
355	0	
356	0	
357	2.500000e-005	
358	5.000000e-005	
359	2.500000e-005	
360	0	
361	0	
362	0	
363	0	
364	0	
365	0	
366	0	
367	0	
368	0	
369	0	
370	0	
371	0	
372	0	
373	0	
374	0	
375	0	
376	0	
377	0	
378	0	
379	0	
380	0	
381	0	
382	0	
383	0	
384	0	
385	0	
386	0	
387	0	
388	0	
389	0	
390	0	
391	0	
392	0	
393	0	
394	0	
395	0	
396	0	
397	0	
398	0	
399	0	
400	0	
401	0	
402	0	
403	0	
404	0	
405	0	
406	0	
407	0	
408	0	
409	0	
410	0	
411	0	
412	0	
413	0	
414	0	
415	0	
416	0	
417	0	
418	0	
419	0	
420	0	
421	0	
422	0	
423	0	
424	0	
425	0	
426	0	
427	0	
428	0	
429	0	
430	0	
431	0	
432	0	
433	0	
434	0	
435	0	
436	0	
437	0	
438	0	
439	0	
440	0	
441	0	
442	0	
443	0	
444	0	
445	0	
446	0	
447	0	
448	0	
449	0	
450	0	
451	0	
452	0	
453	0	
454	0	
455	0	
456	0	
457	0	
458	0	
459	0	
460	0	
461	0	
462	0	
463	0	
464	0	
465	2.500000e-005	
466	0	
467	0	
468	0	
469	0	
470	0	
471	0	
472	0	
473	0	
474	0	
475	0	
476	0	
477	0	
478	0	
479	0	
480	0	
481	0	
482	0	
483	0	
484	0	
485	0	
486	0	
487	0	
488	0	
489	0	
490	0	
491	0	
492	0	
493	0	
494	0	
495	0	
496	0	
497	0	
498	0	
499	0	
500	0	
501	0	
502	0	
503	0	
504	0	
505	0	
506	0	
507	0	
508	0	
509	0	
510	0	
511	0	
512	0	
513	0	
514	0	
515	0	
516	0	
517	0	
518	0	
519	0	
520	0	
521	0	
522	0	
523	0	
524	0	
525	0	
526	0	
527	0	
528	0	
529	0	
530	0	
531	0	
532	0	
533	0	
534	0	
535	0	
536	0	
537	0	
538	0	
539	0	
540	0	
541	0	
542	0	
543	0	
544	0	
545	0	
546	0	
547	0	
548	0	
549	0	
550	0	
551	0	
552	0	
553	0	
554	0	
555	0	
556	0	
557	0	
558	0	
559	0	
560	0	
561	0	
562	0	
563	0	
564	0	
565	0	
566	0	
567	0	
568	0	
569	0	
570	0	
571	0	
572	0	
573	0	
574	0	
575	0	
576	0	
577	0	
578	0	
579	0	
580	0	
581	0	
582	0	
583	0	
584	0	
585	0	
586	0	
587	0	
588	0	
589	0	
590	0	
591	0	
592	0	
593	0	
594	0	
595	0	
596	0	
597	0	
598	0	
599	0	
600	0	
601	0	
602	0	
603	0	
604	0	
605	0	
606	0	
607	0	
608	0	
609	0	
610	0	
611	0	
612	0	
613	0	
614	0	
615	0	
616	0	
617	0	
618	0	
619	0	
620	0	
621	0	
622	0	
623	0	
624	0	
625	0	
626	0	
627	0	
628	0	
629	0	
630	0	
631	0	
632	0	
633	0	
634	0	
635	0	
636	0	
637	0	
638	2.500000e-005	
639	2.500000e-005	
640	5.000000e-005	
641	1.000000e-004	
642	7.500000e-005	
643	5.000000e-005	
644	7.500000e-005	
645	2.000000e-004	
646	3.250000e-004	
647	3.000000e-004	
648	4.000000e-004	
649	6.250000e-004	
650	6.000000e-004	
651	4.750000e-004	
652	4.750000e-004	
653	5.000000e-004	
654	3.750000e-004	
655	5.250000e-004	
656	5.250000e-004	
657	5.750000e-004	
658	6.750000e-004	
659	6.500000e-004	
660	7.000000e-004	
661	9.500000e-004	
662	6.250000e-004	
663	8.000000e-004	
664	8.750000e-004	
665	9.250000e-004	
666	1.175000e-003	
667	1.175000e-003	
668	1.275000e-003	
669	1.250000e-003	
670	1.150000e-003	
671	1.300000e-003	
672	1.350000e-003	
673	1.450000e-003	
674	1.475000e-003	
675	1.300000e-003	
676	1.225000e-003	
677	1.150000e-003	
678	1.150000e-003	
679	1.425000e-003	
680	1.375000e-003	
681	1.575000e-003	
682	1.825000e-003	
683	1.750000e-003	
684	2.025000e-003	
685	1.800000e-003	
686	1.950000e-003	
687	1.675000e-003	
688	1.650000e-003	
689	1.800000e-003	
690	2.075000e-003	
691	2.150000e-003	
692	2.225000e-003	
693	2.125000e-003	
694	2.300000e-003	
695	2.400000e-003	
696	2.475000e-003	
697	2.425000e-003	
698	2.300000e-003	
699	2.725000e-003	
700	2.925000e-003	
701	2.475000e-003	
702	2.450000e-003	
703	2.725000e-003	
704	3.175000e-003	
705	3.775000e-003	
706	4.475000e-003	
707	4.325000e-003	
708	4.275000e-003	
709	3.925000e-003	
710	3.950000e-003	
711	4.200000e-003	
712	4.100000e-003	
713	4.100000e-003	
714	4.500000e-003	
715	4.700000e-003	
716	4.925000e-003	
717	4.775000e-003	
718	4.400000e-003	
719	4.575000e-003	
720	4.500000e-003	
721	4.700000e-003	
722	4.775000e-003	
723	5.200000e-003	
724	5.400000e-003	
725	5.150000e-003	
726	5.075000e-003	
727	5.350000e-003	
728	5.650000e-003	
729	5.225000e-003	
730	5.275000e-003	
731	5.650000e-003	
732	5.275000e-003	
733	5.150000e-003	
734	4.750000e-003	
735	4.975000e-003	
736	5.475000e-003	
737	5.675000e-003	
738	6.100000e-003	
739	6.300000e-003	
740	5.700000e-003	
741	5.550000e-003	
742	5.925000e-003	
743	6.425000e-003	
744	5.725000e-003	
745	5.925000e-003	
746	5.975000e-003	
747	5.725000e-003	
748	6.025000e-003	
749	5.900000e-003	
750	5.600000e-003	
751	6.050000e-003	
752	4.925000e-003	
753	5.675000e-003	
754	5.675000e-003	
755	5.350000e-003	
756	5.175000e-003	
757	5.075000e-003	
758	5.425000e-003	
759	5.475000e-003	
760	5.075000e-003	
761	5.300000e-003	
762	4.350000e-003	
763	3.875000e-003	
764	4.175000e-003	
765	4.325000e-003	
766	3.600000e-003	
767	3.125000e-003	
768	2.675000e-003	
769	2.750000e-003	
770	2.775000e-003	
771	3.475000e-003	
772	3.875000e-003	
773	3.750000e-003	
774	3.650000e-003	
775	4.075000e-003	
776	3.175000e-003	
777	2.100000e-003	
778	2.125000e-003	
779	2.175000e-003	
780	1.800000e-003	
781	1.750000e-003	
782	1.825000e-003	
783	1.600000e-003	
784	1.475000e-003	
785	1.650000e-003	
786	1.825000e-003	
787	1.675000e-003	
788	1.050000e-003	
789	1.025000e-003	
790	7.500000e-004	
791	5.500000e-004	
792	4.000000e-004	
793	3.250000e-004	
794	2.250000e-004	
795	1.500000e-004	
796	1.250000e-004	
797	1.250000e-004	
798	1.500000e-004	
799	1.750000e-004	
800	1.750000e-004	
801	1.750000e-004	
802	5.000000e-005	
803	2.500000e-005	
804	0	
805	0	
806	0	
807	0	
808	0	
809	0	
810	0	
811	0	
812	0	
813	0	
814	0	
815	0	
816	0	
817	0	
818	0	
819	0	
820	0	
821	0	
822	0	
823	0	
824	0	
825	0	
826	0	
827	0	
828	0	
829	0	
830	0	
831	0	
832	0	
833	0	
834	0	
835	0	
836	0	
837	0	
838	0	
839	0	
840	0	
841	0	
842	0	
843	0	
844	0	
845	0	
846	0	
847	0	
848	0	
849	0	
850	0	
851	0	
852	0	
853	0	
854	0	
855	0	
856	0	
857	0	
858	0	
859	0	
860	0	
861	0	
862	0	
863	0	
864	0	
865	0	
866	0	
867	0	
868	0	
869	0	
870	0	
871	0	
872	0	
873	0	
874	0	
875	0	
876	0	
877	0	
878	0	
879	0	
880	0	
881	0	
882	0	
883	0	
884	0	
885	0	
886	0	
887	0	
888	0	
889	0	
890	0	
891	0	
892	0	
893	0	
894	0	
895	0	
896	0	
897	0	
898	0	
899	0	
900	0	
901	0	
902	0	
903	0	
904	0	
905	0	
906	0	
907	0	
908	0	
909	0	
910	0	
911	0	
912	0	
913	0	
914	0	
915	0	
916	0	
917	0	
918	0	
919	0	
920	0	
921	0	
922	0	
923	0	
924	0	
925	2.500000e-005	
926	0	
927	0	
928	0	
929	0	
930	0	
931	0	
932	0	
933	0	
934	0	
935	0	
936	0	
937	0	
938	0	
939	0	
940	0	
941	0	
942	0	
943	0	
944	0	
945	0	
946	0	
947	0	
948	0	
949	0	
950	0	
951	0	
952	0	
953	0	
954	0	
955	0	
956	0	
957	0	
958	0	
959	0	
960	0	
961	0	
962	0	
963	0	
964	0	
965	0	
966	0	
967	0	
968	0	
969	0	
970	0	
971	0	
972	0	
973	0	
974	0	
975	0	
976	0	
977	2.500000e-005	
978	5.000000e-005	
979	0	
980	0	
981	0	
982	0	
983	0	
984	0	
985	0	
986	0	
987	0	
988	0	
989	0	
990	0	
991	0	
992	0	
993	0	
994	0	
995	0	
996	2.500000e-005	
997	2.500000e-005	
998	2.500000e-005	
999	2.500000e-005	
1000	2.500000e-005	
1001	2.500000e-005	
1002	0	
1003	0	
1004	0	
1005	0	
1006	0	
1007	0	
1008	2.500000e-005	
1009	7.500000e-005	
1010	1.000000e-004	
1011	5.000000e-005	
1012	0	
1013	0	
1014	0	
1015	0	
1016	0	
1017	0	
1018	0	
1019	0	
1020	0	
1021	0	
1022	0	
1023	0	
1024	0	
1025	0	
1026	0	
1027	0	
1028	0	
1029	0	
1030	0	
1031	0	
1032	0	
1033	0	
1034	0	
1035	0	
1036	0	
1037	0	
1038	0	
1039	0	
1040	0	
1041	0	
1042	0	
1043	0	
1044	0	
1045	0	
1046	0	
1047	0	
1048	0	
1049	0	
1050	0	
1051	0	
1052	0	
1053	0	
1054	0	
1055	0	
1056	0	
1057	0	
1058	0	
1059	0	
1060	0	
1061	0	
1062	0	
1063	0	
1064	0	
1065	0	
1066	0	
1067	0	
1068	0	
1069	0	
1070	0	
1071	0	
1072	0	
1073	0	
1074	0	
1075	0	
1076	0	
1077	0	
1078	0	
1079	0	
1080	0	
1081	0	
1082	0	
1083	0	
1084	0	
1085	0	
1086	0	
1087	0	
1088	0	
1089	0	
1090	0	
1091	0	
1092	0	
1093	0	
1094	0	
1095	0	
1096	0	
1097	0	
1098	0	
1099	0	
1100	0	
1101	0	
1102	0	
1103	0	
1104	0	
1105	0	
1106	0	
1107	0	
1108	0	
1109	0	
1110	0	
1111	0	
1112	0	
1113	0	
1114	0	
1115	0	
1116	0	
1117	0	
1118	0	
1119	0	
1120	0	
1121	0	
1122	0	
1123	0	
1124	0	
1125	0	
1126	0	
1127	0	
1128	0	
1129	2.500000e-005	
1130	7.500000e-005	
1131	7.500000e-005	
1132	7.500000e-005	
1133	2.000000e-004	
1134	2.500000e-004	
1135	1.000000e-004	
1136	1.250000e-004	
1137	1.750000e-004	
1138	1.500000e-004	
1139	1.000000e-004	
1140	1.500000e-004	
1141	2.500000e-004	
1142	3.250000e-004	
1143	5.250000e-004	
1144	3.500000e-004	
1145	2.750000e-004	
1146	3.000000e-004	
1147	3.250000e-004	
1148	3.500000e-004	
1149	4.500000e-004	
1150	4.500000e-004	
1151	3.250000e-004	
1152	2.000000e-004	
1153	1.750000e-004	
1154	2.000000e-004	
1155	2.250000e-004	
1156	3.000000e-004	
1157	2.750000e-004	
1158	3.750000e-004	
1159	4.750000e-004	
1160	5.000000e-004	
1161	4.750000e-004	
1162	4.750000e-004	
1163	4.000000e-004	
1164	3.000000e-004	
1165	2.000000e-004	
1166	1.750000e-004	
1167	3.000000e-004	
1168	3.250000e-004	
1169	2.750000e-004	
1170	1.500000e-004	
1171	1.750000e-004	
1172	2.250000e-004	
1173	3.750000e-004	
1174	3.750000e-004	
1175	4.250000e-004	
1176	4.500000e-004	
1177	3.500000e-004	
1178	4.000000e-004	
1179	4.500000e-004	
1180	5.000000e-004	
1181	3.500000e-004	
1182	5.000000e-004	
1183	6.750000e-004	
1184	5.750000e-004	
1185	7.000000e-004	
1186	6.500000e-004	
1187	7.250000e-004	
1188	7.750000e-004	
1189	9.250000e-004	
1190	1.025000e-003	
1191	7.750000e-004	
1192	9.250000e-004	
1193	9.750000e-004	
1194	1.075000e-003	
1195	1.100000e-003	
1196	1.150000e-003	
1197	1.375000e-003	
1198	1.150000e-003	
1199	1.275000e-003	
1200	1.125000e-003	
1201	1.300000e-003	
1202	1.300000e-003	
1203	1.450000e-003	
1204	1.625000e-003	
1205	1.475000e-003	
1206	1.325000e-003	
1207	1.100000e-003	
1208	1.050000e-003	
1209	1.150000e-003	
1210	1.300000e-003	
1211	1.425000e-003	
1212	1.650000e-003	
1213	1.350000e-003	
1214	1.075000e-003	
1215	1.150000e-003	
1216	1.125000e-003	
1217	1.125000e-003	
1218	1.225000e-003	
1219	1.250000e-003	
1220	8.500000e-004	
1221	1.000000e-003	
1222	1.075000e-003	
1223	1.300000e-003	
1224	1.425000e-003	
1225	1.475000e-003	
1226	1.450000e-003	
1227	1.775000e-003	
1228	1.625000e-003	
1229	1.875000e-003	
1230	1.950000e-003	
1231	2.150000e-003	
1232	2.225000e-003	
1233	2.325000e-003	
1234	1.975000e-003	
1235	1.975000e-003	
1236	1.800000e-003	
1237	1.825000e-003	
1238	1.275000e-003	
1239	1.250000e-003	
1240	1.450000e-003	
1241	1.825000e-003	
1242	1.800000e-003	
1243	1.575000e-003	
1244	1.475000e-003	
1245	1.600000e-003	
1246	1.575000e-003	
1247	1.625000e-003	
1248	1.625000e-003	
1249	1.575000e-003	
1250	1.450000e-003	
1251	1.525000e-003	
1252	1.625000e-003	
1253	1.925000e-003	
1254	1.850000e-003	
1255	1.925000e-003	
1256	1.525000e-003	
1257	1.675000e-003	
1258	1.975000e-003	
1259	1.475000e-003	
1260	1.725000e-003	
1261	1.850000e-003	
1262	1.600000e-003	
1263	1.825000e-003	
1264	1.775000e-003	
1265	1.625000e-003	
1266	1.575000e-003	
1267	1.350000e-003	
1268	1.050000e-003	
1269	1.050000e-003	
1270	1.325000e-003	
1271	1.200000e-003	
1272	1.350000e-003	
1273	1.300000e-003	
1274	1.225000e-003	
1275	1.550000e-003	
1276	1.650000e-003	
1277	1.600000e-003	
1278	1.875000e-003	
1279	1.925000e-003	
1280	1.450000e-003	
1281	1.425000e-003	
1282	1.350000e-003	
1283	1.300000e-003	
1284	1.325000e-003	
1285	1.550000e-003	
1286	1.225000e-003	
1287	1.200000e-003	
1288	1.100000e-003	
1289	1.150000e-003	
1290	1.125000e-003	
1291	1.250000e-003	
1292	1.300000e-003	
1293	1.400000e-003	
1294	1.600000e-003	
1295	1.400000e-003	
1296	1.350000e-003	
1297	1.350000e-003	
1298	1.200000e-003	
1299	1.600000e-003	
1300	1.625000e-003	
1301	1.625000e-003	
1302	1.200000e-003	
1303	1.525000e-003	
1304	1.500000e-003	
1305	1.175000e-003	
1306	1.125000e-003	
1307	1.525000e-003	
1308	1.800000e-003	
1309	1.950000e-003	
1310	1.800000e-003	
1311	1.725000e-003	
1312	1.975000e-003	
1313	2.350000e-003	
1314	2.050000e-003	
1315	1.950000e-003	
1316	2.575000e-003	
1317	2.625000e-003	
1318	2.450000e-003	
1319	2.850000e-003	
1320	2.825000e-003	
1321	2.900000e-003	
1322	3.200000e-003	
1323	3.325000e-003	
1324	3.100000e-003	
1325	3.050000e-003	
1326	2.850000e-003	
1327	2.750000e-003	
1328	2.575000e-003	
1329	1.925000e-003	
1330	2.050000e-003	
1331	2.175000e-003	
1332	2.525000e-003	
1333	2.550000e-003	
1334	2.450000e-003	
1335	2.250000e-003	
1336	2.550000e-003	
1337	2.475000e-003	
1338	2.500000e-003	
1339	2.350000e-003	
1340	2.225000e-003	
1341	2.125000e-003	
1342	2.175000e-003	
1343	1.950000e-003	
1344	1.675000e-003	
1345	1.725000e-003	
1346	1.800000e-003	
1347	1.575000e-003	
1348	1.550000e-003	
1349	1.475000e-003	
1350	1.775000e-003	
1351	1.875000e-003	
1352	2.425000e-003	
1353	1.875000e-003	
1354	2.150000e-003	
1355	2.075000e-003	
1356	2.175000e-003	
1357	2.250000e-003	
1358	2.750000e-003	
1359	2.375000e-003	
1360	2.375000e-003	
1361	2.150000e-003	
1362	2.000000e-003	
1363	2.000000e-003	
1364	2.250000e-003	
1365	2.225000e-003	
1366	2.425000e-003	
1367	2.375000e-003	
1368	2.075000e-003	
1369	2.425000e-003	
1370	2.475000e-003	
1371	2.525000e-003	
1372	2.275000e-003	
1373	2.375000e-003	
1374	2.625000e-003	
1375	2.400000e-003	
1376	1.900000e-003	
1377	1.750000e-003	
1378	1.575000e-003	
1379	1.475000e-003	
1380	1.525000e-003	
1381	1.975000e-003	
1382	1.650000e-003	
1383	1.550000e-003	
1384	1.425000e-003	
1385	1.850000e-003	
1386	1.625000e-003	
1387	1.950000e-003	
1388	1.350000e-003	
1389	1.075000e-003	
1390	1.425000e-003	
1391	1.525000e-003	
1392	1.450000e-003	
1393	1.350000e-003	
1394	1.425000e-003	
1395	1.550000e-003	
1396	1.750000e-003	
1397	1.850000e-003	
1398	1.725000e-003	
1399	1.225000e-003	
1400	1.500000e-003	
1401	1.425000e-003	
1402	1.400000e-003	
1403	1.375000e-003	
1404	1.200000e-003	
1405	1.100000e-003	
1406	1.025000e-003	
1407	9.500000e-004	
1408	8.750000e-004	
1409	8.000000e-004	
1410	7.750000e-004	
1411	6.500000e-004	
1412	5.500000e-004	
1413	5.250000e-004	
1414	5.250000e-004	
1415	5.750000e-004	
1416	5.000000e-004	
1417	4.000000e-004	
1418	2.750000e-004	
1419	1.250000e-004	
1420	1.250000e-004	
1421	1.750000e-004	
1422	1.000000e-004	
1423	7.500000e-005	
1424	7.500000e-005	
1425	1.750000e-004	
1426	2.250000e-004	
1427	2.750000e-004	
1428	2.250000e-004	
1429	1.250000e-004	
1430	7.500000e-005	
1431	5.000000e-005	
1432	0	
1433	0	
1434	0	
1435	0	
1436	0	
1437	0	
1438	0	
1439	0	
1440	0	
1441	0	
1442	0	
1443	0	
1444	0	
1445	0	
1446	0	
1447	0	
1448	0	
1449	0	
1450	0	
1451	0	
1452	0	
1453	0	
1454	0	
1455	0	
1456	0	
1457	0	
1458	0	
1459	0	
1460	0	
1461	0	
1462	0	
1463	0	
1464	0	
1465	0	
1466	0	
1467	0	
1468	0	
1469	0	
1470	0	
1471	0	
1472	0	
1473	0	
1474	0	
1475	0	
1476	0	
1477	0	
1478	0	
1479	0	
1480	0	
1481	0	
1482	0	
1483	0	
1484	0	
1485	0	
1486	0	
1487	0	
1488	0	
1489	0	
1490	0	
1491	0	
1492	0	
1493	0	
1494	0	
1495	0	
1496	0	
1497	0	
1498	0	
1499	0	
1500	0	
1501	0	
1502	0	
1503	0	
1504	0	
1505	0	
1506	0	
1507	0	
1508	0	
1509	0	
1510	0	
1511	0	
1512	0	
1513	0	
1514	0	
1515	0	
1516	0	
1517	0	
1518	0	
1519	0	
1520	0	
1521	0	
1522	0	
1523	0	
1524	0	
1525	0	
1526	0	
1527	0	
1528	0	
1529	0	
1530	0	
1531	0	
1532	0	
1533	0	
1534	0	
1535	0	
1536	0	
1537	0	
1538	0	
1539	0	
1540	0	
1541	0	
1542	0	
1543	0	
1544	0	
1545	0	
1546	0	
1547	0	
1548	0	
1549	0	
1550	0	
1551	0	
1552	0	
1553	0	
1554	0	
1555	0	
1556	0	
1557	0	
1558	0	
1559	0	
1560	0	
1561	0	
1562	0	
1563	0	
1564	0	
1565	0	
1566	0	
1567	0	
1568	0	
1569	0	
1570	0	
1571	0	
1572	0	
1573	0	
1574	0	
1575	0	
1576	0	
1577	0	
1578	0	
1579	0	
1580	0	
1581	2.500000e-005	
1582	5.000000e-005	
1583	7.500000e-005	
1584	5.000000e-005	
1585	7.500000e-005	
1586	5.000000e-005	
1587	7.500000e-005	
1588	5.000000e-005	
1589	5.000000e-005	
1590	5.000000e-005	
1591	2.500000e-005	
1592	0	
1593	0	
1594	0	
1595	0	
1596	0	
1597	0	
1598	0	
1599	0	
1600	0	
1601	0	
1602	0	
1603	0	
1604	0	
1605	0	
1606	0	
1607	0	
1608	0	
1609	0	
1610	0	
1611	0	
1612	0	
1613	0	
1614	0	
1615	0	
1616	0	
1617	0	
1618	0	
1619	0	
1620	0	
1621	0	
1622	0	
1623	0	
1624	0	
1625	0	
1626	0	
1627	0	
1628	0	
1629	0	
1630	2.500000e-005	
1631	5.000000e-005	
1632	1.250000e-004	
1633	1.750000e-004	
1634	1.750000e-004	
1635	2.000000e-004	
1636	1.750000e-004	
1637	2.000000e-004	
1638	1.750000e-004	
1639	2.000000e-004	
1640	7.500000e-005	
1641	1.250000e-004	
1642	1.750000e-004	
1643	1.000000e-004	
1644	1.000000e-004	
1645	7.500000e-005	
1646	7.500000e-005	
1647	1.000000e-004	
1648	2.000000e-004	
1649	1.500000e-004	
1650	2.500000e-004	
1651	3.000000e-004	
1652	1.750000e-004	
1653	1.000000e-004	
1654	1.000000e-004	
1655	1.750000e-004	
1656	7.500000e-005	
1657	5.000000e-005	
1658	7.500000e-005	
1659	1.000000e-004	
1660	5.000000e-005	
1661	2.500000e-005	
1662	2.500000e-005	
1663	5.000000e-005	
1664	7.500000e-005	
1665	7.500000e-005	
1666	1.000000e-004	
1667	5.000000e-005	
1668	0	
1669	0	
1670	0	
1671	0	
1672	0	
1673	0	
1674	0	
1675	0	
1676	0	
1677	0	
1678	0	
1679	0	
1680	0	
1681	0	
1682	0	
1683	0	
1684	0	
1685	0	
1686	0	
1687	0	
1688	0	
1689	0	
1690	0	
1691	0	
1692	0	
1693	0	
1694	0	
1695	0	
1696	0	
1697	0	
1698	0	
1699	0	
1700	0	
1701	0	
1702	0	
1703	0	
1704	0	
1705	0	
1706	0	
1707	0	
1708	0	
1709	0	
1710	0	
1711	0	
1712	0	
1713	0	
1714	0	
1715	0	
1716	0	
1717	0	
1718	0	
1719	0	
1720	0	
1721	0	
1722	0	
1723	0	
1724	0	
1725	0	
1726	0	
1727	0	
1728	0	
1729	0	
1730	0	
1731	0	
1732	0	
1733	0	
1734	0	
1735	0	
1736	0	
1737	0	
1738	0	
1739	0	
1740	0	
1741	0	
1742	0	
1743	0	
1744	0	
1745	0	
1746	0	
1747	0	
1748	0	
1749	0	
1750	0	
1751	0	
1752	0	
1753	0	
1754	0	
1755	0	
1756	0	
1757	0	
1758	0	
1759	0	
1760	0	
1761	0	
1762	0	
1763	0	
1764	0	
1765	0	
1766	0	
1767	0	
1768	0	
1769	0	
1770	0	
1771	0	
1772	0	
1773	0	
1774	0	
1775	0	
1776	0	
1777	0	
1778	0	
1779	0	
1780	0	
1781	0	
1782	0	
1783	0	
1784	0	
1785	0	
1786	0	
1787	0	
1788	0	
1789	0	
1790	0	
1791	0	
1792	0	
1793	0	
1794	0	
1795	0	
1796	0	
1797	0	
1798	2.500000e-005	
1799	2.500000e-005	
1800	0	
1801	0	
1802	0	
1803	0	
1804	0	
1805	0	
1806	0	
1807	0	
1808	0	
1809	0	
1810	0	
1811	0	
1812	0	
1813	0	
1814	0	
1815	0	
1816	0	
1817	0	
1818	0	
1819	0	
1820	0	
1821	0	
1822	0	
1823	0	
1824	0	
1825	0	
1826	0	
1827	0	
1828	0	
1829	0	
1830	0	
1831	0	
1832	2.500000e-005	
1833	1.750000e-004	
1834	1.750000e-004	
1835	1.750000e-004	
1836	3.250000e-004	
1837	3.250000e-004	
1838	3.750000e-004	
1839	4.750000e-004	
1840	4.250000e-004	
1841	5.500000e-004	
1842	4.750000e-004	
1843	3.250000e-004	
1844	3.750000e-004	
1845	4.000000e-004	
1846	6.500000e-004	
1847	7.000000e-004	
1848	6.000000e-004	
1849	7.250000e-004	
1850	7.000000e-004	
1851	6.500000e-004	
1852	7.750000e-004	
1853	8.750000e-004	
1854	7.750000e-004	
1855	5.750000e-004	
1856	6.250000e-004	
1857	8.000000e-004	
1858	8.750000e-004	
1859	7.500000e-004	
1860	8.250000e-004	
1861	8.750000e-004	
1862	8.750000e-004	
1863	8.000000e-004	
1864	8.500000e-004	
1865	9.250000e-004	
1866	8.000000e-004	
1867	9.000000e-004	
1868	1.125000e-003	
1869	1.250000e-003	
1870	1.200000e-003	
1871	1.250000e-003	
1872	1.375000e-003	
1873	1.325000e-003	
1874	1.175000e-003	
1875	1.250000e-003	
1876	1.200000e-003	
1877	1.200000e-003	
1878	1.450000e-003	
1879	1.425000e-003	
1880	1.400000e-003	
1881	1.725000e-003	
1882	1.850000e-003	
1883	1.350000e-003	
1884	1.375000e-003	
1885	1.400000e-003	
1886	1.625000e-003	
1887	1.675000e-003	
1888	1.625000e-003	
1889	1.350000e-003	
1890	1.775000e-003	
1891	1.700000e-003	
1892	1.400000e-003	
1893	1.525000e-003	
1894	1.500000e-003	
1895	1.625000e-003	
1896	1.900000e-003	
1897	1.800000e-003	
1898	1.825000e-003	
1899	2.100000e-003	
1900	2.100000e-003	
1901	2.325000e-003	
1902	2.425000e-003	
1903	2.125000e-003	
1904	1.975000e-003	
1905	2.400000e-003	
1906	2.275000e-003	
1907	2.375000e-003	
1908	2.525000e-003	
1909	3.175000e-003	
1910	2.975000e-003	
1911	3.300000e-003	
1912	3.400000e-003	
1913	3.525000e-003	
1914	4.100000e-003	
1915	4.925000e-003	
1916	5.300000e-003	
1917	5.100000e-003	
1918	5.025000e-003	
1919	5.650000e-003	
1920	5.225000e-003	
1921	5.375000e-003	
1922	5.875000e-003	
1923	5.525000e-003	
1924	5.525000e-003	
1925	5.975000e-003	
1926	5.950000e-003	
1927	6.625000e-003	
1928	7.050000e-003	
1929	7.375000e-003	
1930	7.025000e-003	
1931	6.600000e-003	
1932	7.125000e-003	
1933	6.975000e-003	
1934	7.625000e-003	
1935	6.550000e-003	
1936	5.800000e-003	
1937	6.125000e-003	
1938	5.725000e-003	
1939	5.825000e-003	
1940	5.700000e-003	
1941	5.300000e-003	
1942	5.550000e-003	
1943	5.425000e-003	
1944	4.900000e-003	
1945	5.325000e-003	
1946	4.750000e-003	
1947	4.575000e-003	
1948	4.450000e-003	
1949	4.525000e-003	
1950	5.150000e-003	
1951	4.700000e-003	
1952	5.750000e-003	
1953	5.625000e-003	
1954	5.500000e-003	
1955	4.850000e-003	
1956	4.325000e-003	
1957	4.325000e-003	
1958	4.650000e-003	
1959	4.675000e-003	
1960	4.775000e-003	
1961	4.600000e-003	
1962	4.375000e-003	
1963	4.500000e-003	
1964	4.600000e-003	
1965	4.925000e-003	
1966	5.225000e-003	
1967	4.775000e-003	
1968	4.400000e-003	
1969	3.350000e-003	
1970	3.975000e-003	
1971	3.550000e-003	
1972	3.350000e-003	
1973	3.250000e-003	
1974	3.150000e-003	
1975	2.975000e-003	
1976	3.000000e-003	
1977	2.600000e-003	
1978	2.625000e-003	
1979	2.650000e-003	
1980	2.425000e-003	
1981	2.025000e-003	
1982	2.150000e-003	
1983	2.050000e-003	
1984	2.200000e-003	
1985	2.125000e-003	
1986	2.100000e-003	
1987	1.500000e-003	
1988	1.050000e-003	
1989	5.750000e-004	
1990	3.750000e-004	
1991	5.500000e-004	
1992	8.500000e-004	
1993	7.750000e-004	
1994	8.250000e-004	
1995	9.250000e-004	
1996	5.250000e-004	
1997	4.250000e-004	
1998	4.000000e-004	
1999	2.750000e-004	
2000	3.000000e-004	
2001	1.750000e-004	
2002	1.500000e-004	
2003	2.250000e-004	
2004	1.500000e-004	
2005	1.000000e-004	
2006	0	
2007	0	
2008	0	
2009	0	
2010	0	
2011	0	
2012	0	
2013	0	
2014	0	
2015	0	
2016	0	
2017	0	
2018	0	
2019	0	
2020	0	
2021	0	
2022	0	
2023	0	
2024	0	
2025	0	
2026	0	
2027	0	
2028	0	
2029	0	
2030	0	
2031	0	
2032	0	
2033	0	
2034	0	
2035	0	
2036	0	
2037	0	
2038	0	
2039	0	
2040	0	
2041	0	
2042	0	
2043	0	
2044	0	
2045	0	
2046	0	
2047	0	
2048	0	
2049	0	
2050	0	
2051	0	
2052	0	
2053	0	
2054	0	
2055	0	
2056	0	
2057	0	
2058	0	
2059	0	
2060	0	
2061	0	
2062	0	
2063	0	
2064	0	
2065	0	
2066	0	
2067	0	
2068	0	
2069	0	
2070	0	
2071	0	
2072	0	
2073	0	
2074	0	
2075	0	
2076	0	
2077	0	
2078	0	
2079	0	
2080	0	
2081	0	
2082	0	
2083	0	
2084	0	
2085	0	
2086	0	
2087	0	
2088	0	
2089	0	
2090	0	
2091	0	
2092	0	
2093	0	
2094	0	
2095	0	
2096	0	
2097	0	
2098	0	
2099	0	
2100	0	
2101	0	
2102	0	
2103	0	
2104	0	
2105	0	
2106	0	
2107	0	
2108	0	
2109	0	
2110	0	
2111	0	
2112	0	
2113	0	
2114	0	
2115	0	
2116	0	
2117	0	
2118	0	
2119	0	
2120	0	
2121	0	
2122	0	
2123	0	
2124	0	
2125	0	
2126	0	
2127	0	
2128	0	
2129	0	
2130	0	
2131	0	
2132	0	
2133	0	
2134	0	
2135	0	
2136	0	
2137	0	
2138	0	
2139	2.500000e-005	
2140	2.500000e-005	
2141	0	
2142	0	
2143	0	
2144	0	
2145	0	
2146	0	
2147	0	
2148	0	
2149	0	
2150	0	
2151	0	
2152	0	
2153	0	
2154	0	
2155	0	
2156	0	
2157	0	
2158	0	
2159	0	
2160	2.500000e-005	
2161	1.000000e-004	
2162	2.500000e-005	
2163	2.500000e-005	
2164	5.000000e-005	
2165	5.000000e-005	
2166	2.500000e-005	
2167	2.500000e-005	
2168	2.500000e-005	
2169	2.500000e-005	
2170	0	
2171	0	
2172	0	
2173	0	
2174	0	
2175	0	
2176	0	
2177	0	
2178	0	
2179	0	
2180	0	
2181	0	
2182	0	
2183	0	
2184	0	
2185	0	
2186	0	
2187	0	
2188	0	
2189	0	
2190	0	
2191	0	
2192	0	
2193	0	
2194	0	
2195	0	
2196	0	
2197	0	
2198	0	
2199	0	
2200	2.500000e-005	
2201	2.500000e-005	
2202	2.500000e-005	
2203	0	
2204	0	
2205	0	
2206	0	
2207	0	
2208	0	
2209	0	
2210	0	
2211	0	
2212	0	
2213	0	
2214	0	
2215	0	
2216	0	
2217	0	
2218	0	
2219	0	
2220	0	
2221	0	
2222	0	
2223	0	
2224	0	
2225	0	
2226	0	
2227	0	
2228	0	
2229	0	
2230	0	
2231	0	
2232	0	
2233	0	
2234	0	
2235	0	
2236	5.000000e-005	
2237	5.000000e-005	
2238	0	
2239	0	
2240	0	
2241	0	
2242	0	
2243	0	
2244	0	
2245	0	
2246	0	
2247	0	
2248	0	
2249	0	
2250	0	
2251	0	
2252	0	
2253	0	
2254	0	
2255	0	
2256	2.500000e-005	
2257	7.500000e-005	
2258	2.500000e-005	
2259	2.500000e-005	
2260	7.500000e-005	
2261	1.250000e-004	
2262	7.500000e-005	
2263	5.000000e-005	
2264	7.500000e-005	
2265	1.500000e-004	
2266	1.250000e-004	
2267	7.500000e-005	
2268	7.500000e-005	
2269	5.000000e-005	
2270	1.000000e-004	
2271	5.000000e-005	
2272	5.000000e-005	
2273	5.000000e-005	
2274	1.000000e-004	
2275	1.250000e-004	
2276	7.500000e-005	
2277	1.250000e-004	
2278	7.500000e-005	
2279	2.500000e-005	
2280	0	
2281	0	
2282	0	
2283	0	
2284	0	
2285	0	
2286	0	
2287	0	
2288	0	
2289	0	
2290	0	
2291	0	
2292	0	
2293	0	
2294	0	
2295	0	
2296	0	
2297	0	
2298	0	
2299	0	
2300	0	
2301	0	
2302	0	
2303	0	
2304	0	
2305	0	
2306	0	
2307	0	
2308	0	
2309	0	
2310	0	
2311	0	
2312	0	
2313	0	
2314	0	
2315	0	
2316	0	
2317	0	
2318	0	
2319	0	
2320	0	
2321	0	
2322	0	
2323	0	
2324	0	
2325	0	
2326	0	
2327	0	
2328	0	
2329	0	
2330	0	
2331	0	
2332	0	
2333	0	
2334	0	
2335	0	
2336	0	
2337	0	
2338	0	
2339	0	
2340	0	
2341	0	
2342	0	
2343	0	
2344	0	
2345	0	
2346	0	
2347	0	
2348	0	
2349	0	
2350	0	
2351	0	
2352	0	
2353	0	
2354	0	
2355	0	
2356	0	
2357	0	
2358	0	
2359	0	
2360	0	
2361	0	
2362	0	
2363	0	
2364	0	
2365	0	
2366	0	
2367	0	
2368	0	
2369	0	
2370	0	
2371	0	
2372	0	
2373	0	
2374	0	
2375	0	
2376	0	
2377	0	
2378	0	
2379	0	
2380	0	
2381	0	
2382	0	
2383	0	
2384	0	
2385	0	
2386	0	
2387	0	
2388	0	
2389	0	
2390	0	
2391	0	
2392	0	
2393	0	
2394	0	
2395	0	
2396	0	
2397	0	
2398	0	
2399	0	
2400	0	
2401	0	
2402	0	
2403	0	
2404	0	
2405	0	
2406	0	
2407	0	
2408	0	
2409	0	
2410	2.500000e-005	
2411	7.500000e-005	
2412	5.000000e-005	
2413	7.500000e-005	
2414	0	
2415	0	
2416	2.500000e-005	
2417	7.500000e-005	
2418	7.500000e-005	
2419	1.000000e-004	
2420	7.500000e-005	
2421	1.000000e-004	
2422	1.250000e-004	
2423	7.500000e-005	
2424	1.250000e-004	
2425	1.250000e-004	
2426	2.000000e-004	
2427	2.500000e-004	
2428	2.500000e-004	
2429	2.250000e-004	
2430	2.500000e-004	
2431	2.500000e-004	
2432	3.000000e-004	
2433	4.500000e-004	
2434	4.000000e-004	
2435	2.750000e-004	
2436	2.750000e-004	
2437	2.250000e-004	
2438	4.000000e-004	
2439	3.000000e-004	
2440	2.500000e-004	
2441	4.250000e-004	
2442	3.250000e-004	
2443	3.250000e-004	
2444	4.000000e-004	
2445	3.250000e-004	
2446	4.250000e-004	
2447	4.750000e-004	
2448	5.750000e-004	
2449	7.000000e-004	
2450	6.750000e-004	
2451	8.000000e-004	
2452	8.250000e-004	
2453	1.025000e-003	
2454	8.750000e-004	
2455	7.500000e-004	
2456	8.500000e-004	
2457	5.500000e-004	
2458	5.500000e-004	
2459	4.750000e-004	
2460	4.250000e-004	
2461	6.000000e-004	
2462	7.500000e-004	
2463	8.250000e-004	
2464	8.000000e-004	
2465	9.500000e-004	
2466	8.250000e-004	
2467	7.250000e-004	
2468	8.000000e-004	
2469	9.500000e-004	
2470	1.125000e-003	
2471	1.100000e-003	
2472	9.500000e-004	
2473	1.100000e-003	
2474	8.750000e-004	
2475	9.750000e-004	
2476	1.100000e-003	
2477	1.225000e-003	
2478	1.350000e-003	
2479	1.225000e-003	
2480	1.775000e-003	
2481	1.525000e-003	
2482	1.600000e-003	
2483	1.800000e-003	
2484	2.150000e-003	
2485	2.175000e-003	
2486	2.475000e-003	
2487	2.100000e-003	
2488	2.425000e-003	
2489	2.475000e-003	
2490	2.875000e-003	
2491	2.825000e-003	
2492	2.800000e-003	
2493	2.200000e-003	
2494	2.125000e-003	
2495	2.600000e-003	
2496	2.450000e-003	
2497	2.500000e-003	
2498	2.175000e-003	
2499	2.550000e-003	
2500	2.800000e-003	
2501	2.925000e-003	
2502	2.925000e-003	
2503	2.975000e-003	
2504	2.850000e-003	
2505	3.150000e-003	
2506	3.225000e-003	
2507	3.125000e-003	
2508	3.100000e-003	
2509	3.550000e-003	
2510	3.600000e-003	
2511	3.825000e-003	
2512	3.800000e-003	
2513	3.850000e-003	
2514	3.900000e-003	
2515	4.075000e-003	
2516	4.225000e-003	
2517	4.400000e-003	
2518	4.325000e-003	
2519	4.675000e-003	
2520	4.425000e-003	
2521	4.850000e-003	
2522	4.875000e-003	
2523	5.300000e-003	
2524	4.825000e-003	
2525	4.800000e-003	
2526	4.800000e-003	
2527	4.575000e-003	
2528	4.725000e-003	
2529	5.425000e-003	
2530	5.700000e-003	
2531	5.600000e-003	
2532	5.775000e-003	
2533	6.300000e-003	
2534	6.175000e-003	
2535	6.275000e-003	
2536	6.500000e-003	
2537	5.975000e-003	
2538	5.875000e-003	
2539	5.650000e-003	
2540	5.825000e-003	
2541	6.275000e-003	
2542	5.525000e-003	
2543	5.625000e-003	
2544	5.975000e-003	
2545	6.050000e-003	
2546	6.075000e-003	
2547	5.675000e-003	
2548	6.025000e-003	
2549	6.725000e-003	
2550	5.950000e-003	
2551	5.825000e-003	
2552	5.300000e-003	
2553	4.575000e-003	
2554	4.525000e-003	
2555	4.325000e-003	
2556	3.975000e-003	
2557	3.650000e-003	
2558	3.650000e-003	
2559	3.425000e-003	
2560	3.175000e-003	
2561	3.500000e-003	
2562	2.825000e-003	
2563	3.125000e-003	
2564	3.100000e-003	
2565	2.775000e-003	
2566	2.675000e-003	
2567	2.575000e-003	
2568	2.675000e-003	
2569	2.475000e-003	
2570	2.600000e-003	
2571	2.550000e-003	
2572	2.550000e-003	
2573	1.925000e-003	
2574	2.175000e-003	
2575	1.900000e-003	
2576	1.700000e-003	
2577	1.475000e-003	
2578	1.350000e-003	
2579	1.200000e-003	
2580	1.175000e-003	
2581	1.125000e-003	
2582	1.150000e-003	
2583	8.250000e-004	
2584	9.000000e-004	
2585	5.500000e-004	
2586	3.750000e-004	
2587	4.000000e-004	
2588	3.000000e-004	
2589	2.250000e-004	
2590	2.250000e-004	
2591	7.500000e-005	
2592	1.750000e-004	
2593	1.000000e-004	
2594	1.000000e-004	
2595	1.250000e-004	
2596	2.000000e-004	
2597	1.750000e-004	
2598	2.250000e-004	
2599	1.500000e-004	
2600	1.750000e-004	
2601	1.500000e-004	
2602	1.500000e-004	
2603	1.750000e-004	
2604	1.500000e-004	
2605	7.500000e-005	
2606	2.500000e-005	
2607	1.000000e-004	
2608	1.000000e-004	
2609	1.750000e-004	
2610	1.500000e-004	
2611	5.000000e-005	
2612	5.000000e-005	
2613	0	
2614	0	
2615	0	
2616	0	
2617	0	
2618	0	
2619	0	
2620	0	
2621	0	
2622	0	
2623	0	
2624	0	
2625	0	
2626	0	
2627	0	
2628	0	
2629	0	
2630	0	
2631	0	
2632	0	
2633	0	
2634	0	
2635	0	
2636	0	
2637	0	
2638	0	
2639	0	
2640	0	
2641	0	
2642	0	
2643	0	
2644	0	
2645	0	
2646	0	
2647	0	
2648	0	
2649	0	
2650	0	
2651	0	
2652	0	
2653	0	
2654	0	
2655	0	
2656	0	
2657	0	
2658	0	
2659	0	
2660	0	
2661	0	
2662	0	
2663	0	
2664	0	
2665	0	
2666	0	
2667	0	
2668	0	
2669	0	
2670	0	
2671	0	
2672	0	
2673	0	
2674	0	
2675	0	
2676	0	
2677	0	
2678	0	
2679	0	
2680	0	
2681	0	
2682	0	
2683	0	
2684	0	
2685	0	
2686	0	
2687	0	
2688	0	
2689	0	
2690	0	
2691	0	
2692	0	
2693	0	
2694	0	
2695	0	
2696	0	
2697	0	
2698	0	
2699	0	
2700	0	
2701	0	
2702	0	
2703	0	
2704	2.500000e-005	
2705	0	
2706	0	
2707	0	
2708	0	
2709	0	
2710	0	
2711	0	
2712	0	
2713	0	
2714	0	
2715	0	
2716	0	
2717	0	
2718	0	
2719	0	
2720	0	
2721	0	
2722	0	
2723	0	
2724	0	
2725	0	
2726	0	
2727	0	
2728	0	
2729	0	
2730	0	
2731	0	
2732	0	
2733	0	
2734	0	
2735	0	
2736	0	
2737	0	
2738	0	
2739	0	
2740	0	
2741	0	
2742	0	
2743	0	
2744	0	
2745	0	
2746	0	
2747	0	
2748	0	
2749	0	
2750	0	
2751	0	
2752	0	
2753	0	
2754	0	
2755	2.500000e-005	
2756	5.000000e-005	
2757	5.000000e-005	
2758	5.000000e-005	
2759	2.500000e-005	
2760	0	
2761	0	
2762	0	
2763	0	
2764	0	
2765	0	
2766	0	
2767	0	
2768	0	
2769	0	
2770	0	
2771	0	
2772	0	
2773	0	
2774	0	
2775	0	
2776	0	
2777	0	
2778	0	
2779	0	
2780	0	
2781	0	
2782	0	
2783	0	
2784	0	
2785	0	
2786	0	
2787	0	
2788	0	
2789	0	
2790	0	
2791	0	
2792	0	
2793	0	
2794	0	
2795	0	
2796	0	
2797	0	
2798	0	
2799	0	
2800	0	
2801	2.500000e-005	
2802	5.000000e-005	
2803	2.500000e-005	
2804	2.500000e-005	
2805	0	
2806	0	
2807	0	
2808	0	
2809	0	
2810	0	
2811	0	
2812	0	
2813	0	
2814	0	
2815	0	
2816	0	
2817	0	
2818	0	
2819	0	
2820	0	
2821	0	
2822	0	
2823	0	
2824	0	
2825	0	
2826	0	
2827	0	
2828	0	
2829	0	
2830	0	
2831	0	
2832	0	
2833	0	
2834	0	
2835	0	
2836	0	
2837	0	
2838	0	
2839	0	
2840	0	
2841	0	
2842	0	
2843	0	
2844	0	
2845	0	
2846	0	
2847	0	
2848	0	
2849	0	
2850	0	
2851	0	
2852	0	
2853	0	
2854	0	
2855	0	
2856	0	
2857	0	
2858	0	
2859	0	
2860	0	
2861	0	
2862	0	
2863	0	
2864	0	
2865	0	
2866	0	
2867	0	
2868	0	
2869	0	
2870	0	
2871	0	
2872	0	
2873	0	
2874	0	
2875	0	
2876	0	
2877	0	
2878	0	
2879	0	
2880	0	
2881	0	
2882	0	
2883	0	
2884	0	
2885	0	
2886	0	
2887	0	
2888	0	
2889	0	
2890	0	
2891	0	
2892	0	
2893	0	
2894	0	
2895	0	
2896	0	
2897	0	
2898	0	
2899	0	
2900	2.500000e-005	
2901	5.000000e-005	
2902	7.500000e-005	
2903	2.500000e-005	
2904	5.000000e-005	
2905	7.500000e-005	
2906	1.000000e-004	
2907	1.250000e-004	
2908	1.000000e-004	
2909	1.000000e-004	
2910	1.250000e-004	
2911	7.500000e-005	
2912	7.500000e-005	
2913	5.000000e-005	
2914	7.500000e-005	
2915	5.000000e-005	
2916	5.000000e-005	
2917	2.500000e-005	
2918	7.500000e-005	
2919	7.500000e-005	
2920	5.000000e-005	
2921	5.000000e-005	
2922	1.000000e-004	
2923	7.500000e-005	
2924	7.500000e-005	
2925	1.000000e-004	
2926	5.000000e-005	
2927	2.500000e-005	
2928	0	
2929	0	
2930	0	
2931	0	
2932	0	
2933	0	
2934	0	
2935	0	
2936	0	
2937	0	
2938	0	
2939	0	
2940	0	
2941	0	
2942	0	
2943	0	
2944	0	
2945	0	
2946	0	
2947	0	
2948	0	
2949	0	
2950	0	
2951	0	
2952	0	
2953	0	
2954	0	
2955	0	
2956	0	
2957	0	
2958	0	
2959	0	
2960	0	
2961	0	
2962	0	
2963	0	
2964	0	
2965	0	
2966	0	
2967	0	
2968	0	
2969	0	
2970	0	
2971	0	
2972	0	
2973	0	
2974	0	
2975	0	
2976	0	
2977	0	
2978	0	
2979	0	
2980	0	
2981	0	
2982	0	
2983	0	
2984	0	
2985	0	
2986	0	
2987	0	
2988	0	
2989	0	
2990	0	
2991	0	
2992	0	
2993	0	
2994	0	
2995	0	
2996	0	
2997	0	
2998	2.500000e-005	
2999	7.500000e-005	
3000	1.250000e-004	
3001	1.000000e-004	
