1	0	
2	0	
3	0	
4	0	
5	0	
6	0	
7	0	
8	0	
9	0	
10	0	
11	0	
12	0	
13	0	
14	0	
15	0	
16	0	
17	0	
18	0	
19	0	
20	0	
21	0	
22	0	
23	0	
24	0	
25	0	
26	0	
27	0	
28	0	
29	0	
30	0	
31	0	
32	0	
33	0	
34	0	
35	0	
36	0	
37	0	
38	0	
39	0	
40	0	
41	0	
42	0	
43	0	
44	0	
45	0	
46	0	
47	0	
48	0	
49	0	
50	0	
51	0	
52	0	
53	0	
54	0	
55	0	
56	0	
57	0	
58	0	
59	0	
60	0	
61	0	
62	0	
63	0	
64	2.500000e-005	
65	7.500000e-005	
66	5.000000e-005	
67	0	
68	0	
69	0	
70	0	
71	0	
72	0	
73	0	
74	0	
75	0	
76	0	
77	0	
78	0	
79	0	
80	0	
81	0	
82	0	
83	0	
84	0	
85	0	
86	0	
87	0	
88	0	
89	0	
90	0	
91	0	
92	0	
93	0	
94	0	
95	0	
96	0	
97	0	
98	0	
99	0	
100	0	
101	0	
102	2.500000e-005	
103	2.500000e-005	
104	2.500000e-005	
105	0	
106	0	
107	0	
108	0	
109	0	
110	0	
111	0	
112	0	
113	0	
114	0	
115	0	
116	0	
117	0	
118	0	
119	0	
120	0	
121	0	
122	0	
123	0	
124	0	
125	0	
126	0	
127	0	
128	0	
129	0	
130	0	
131	0	
132	0	
133	0	
134	0	
135	0	
136	0	
137	2.500000e-005	
138	7.500000e-005	
139	5.000000e-005	
140	7.500000e-005	
141	2.500000e-005	
142	2.500000e-005	
143	0	
144	0	
145	2.500000e-005	
146	2.500000e-005	
147	2.500000e-005	
148	0	
149	0	
150	0	
151	0	
152	0	
153	0	
154	0	
155	0	
156	0	
157	0	
158	0	
159	0	
160	0	
161	0	
162	0	
163	0	
164	0	
165	0	
166	0	
167	0	
168	0	
169	0	
170	0	
171	0	
172	0	
173	0	
174	0	
175	0	
176	0	
177	0	
178	0	
179	0	
180	0	
181	0	
182	0	
183	0	
184	0	
185	0	
186	0	
187	0	
188	0	
189	0	
190	0	
191	0	
192	0	
193	0	
194	0	
195	0	
196	0	
197	0	
198	0	
199	0	
200	0	
201	0	
202	0	
203	0	
204	0	
205	0	
206	0	
207	0	
208	0	
209	0	
210	0	
211	0	
212	0	
213	0	
214	0	
215	0	
216	0	
217	2.500000e-005	
218	5.000000e-005	
219	2.500000e-005	
220	2.500000e-005	
221	0	
222	0	
223	0	
224	0	
225	0	
226	0	
227	0	
228	0	
229	0	
230	0	
231	0	
232	0	
233	0	
234	0	
235	0	
236	0	
237	0	
238	0	
239	0	
240	0	
241	0	
242	0	
243	0	
244	0	
245	0	
246	0	
247	0	
248	0	
249	0	
250	0	
251	0	
252	0	
253	0	
254	0	
255	0	
256	0	
257	0	
258	0	
259	0	
260	0	
261	0	
262	0	
263	0	
264	0	
265	0	
266	0	
267	0	
268	0	
269	0	
270	0	
271	0	
272	0	
273	0	
274	0	
275	0	
276	0	
277	0	
278	0	
279	0	
280	0	
281	0	
282	0	
283	0	
284	0	
285	0	
286	0	
287	0	
288	0	
289	0	
290	0	
291	0	
292	0	
293	2.500000e-005	
294	1.250000e-004	
295	1.500000e-004	
296	1.500000e-004	
297	1.500000e-004	
298	5.000000e-005	
299	5.000000e-005	
300	2.500000e-005	
301	0	
302	0	
303	0	
304	0	
305	0	
306	0	
307	0	
308	0	
309	0	
310	0	
311	0	
312	0	
313	0	
314	0	
315	0	
316	0	
317	0	
318	0	
319	0	
320	0	
321	0	
322	0	
323	0	
324	0	
325	0	
326	0	
327	0	
328	0	
329	0	
330	0	
331	0	
332	0	
333	0	
334	0	
335	0	
336	0	
337	0	
338	0	
339	0	
340	0	
341	0	
342	0	
343	0	
344	0	
345	0	
346	0	
347	0	
348	0	
349	0	
350	0	
351	0	
352	0	
353	0	
354	0	
355	0	
356	0	
357	0	
358	0	
359	0	
360	0	
361	0	
362	0	
363	0	
364	0	
365	0	
366	0	
367	0	
368	0	
369	0	
370	0	
371	0	
372	0	
373	0	
374	0	
375	2.500000e-005	
376	7.500000e-005	
377	1.500000e-004	
378	7.500000e-005	
379	1.250000e-004	
380	1.750000e-004	
381	1.250000e-004	
382	1.250000e-004	
383	2.500000e-004	
384	3.000000e-004	
385	3.500000e-004	
386	3.250000e-004	
387	4.250000e-004	
388	4.750000e-004	
389	6.250000e-004	
390	7.250000e-004	
391	6.750000e-004	
392	8.750000e-004	
393	1.075000e-003	
394	1.150000e-003	
395	8.500000e-004	
396	8.750000e-004	
397	1.025000e-003	
398	1.125000e-003	
399	8.500000e-004	
400	8.250000e-004	
401	8.250000e-004	
402	1.050000e-003	
403	1.400000e-003	
404	1.125000e-003	
405	1.025000e-003	
406	9.000000e-004	
407	8.250000e-004	
408	9.000000e-004	
409	8.500000e-004	
410	9.250000e-004	
411	1.175000e-003	
412	1.050000e-003	
413	9.500000e-004	
414	1.100000e-003	
415	9.750000e-004	
416	8.250000e-004	
417	8.250000e-004	
418	9.500000e-004	
419	1.100000e-003	
420	8.500000e-004	
421	1.150000e-003	
422	1.250000e-003	
423	9.000000e-004	
424	8.500000e-004	
425	1.100000e-003	
426	1.275000e-003	
427	1.575000e-003	
428	1.500000e-003	
429	1.325000e-003	
430	1.700000e-003	
431	1.575000e-003	
432	1.300000e-003	
433	9.750000e-004	
434	1.125000e-003	
435	1.225000e-003	
436	1.400000e-003	
437	1.125000e-003	
438	9.500000e-004	
439	1.150000e-003	
440	1.050000e-003	
441	1.350000e-003	
442	1.275000e-003	
443	1.325000e-003	
444	1.275000e-003	
445	1.725000e-003	
446	1.500000e-003	
447	1.500000e-003	
448	1.575000e-003	
449	1.625000e-003	
450	1.625000e-003	
451	1.475000e-003	
452	1.625000e-003	
453	1.725000e-003	
454	1.375000e-003	
455	1.400000e-003	
456	1.500000e-003	
457	1.775000e-003	
458	1.575000e-003	
459	1.975000e-003	
460	2.075000e-003	
461	2.300000e-003	
462	2.625000e-003	
463	2.625000e-003	
464	2.475000e-003	
465	2.675000e-003	
466	2.850000e-003	
467	2.750000e-003	
468	2.850000e-003	
469	2.700000e-003	
470	2.550000e-003	
471	3.100000e-003	
472	3.375000e-003	
473	3.725000e-003	
474	3.575000e-003	
475	3.750000e-003	
476	3.825000e-003	
477	3.900000e-003	
478	4.375000e-003	
479	4.850000e-003	
480	4.475000e-003	
481	4.800000e-003	
482	4.500000e-003	
483	5.050000e-003	
484	4.500000e-003	
485	4.725000e-003	
486	5.400000e-003	
487	5.950000e-003	
488	5.800000e-003	
489	6.075000e-003	
490	6.625000e-003	
491	6.750000e-003	
492	6.300000e-003	
493	5.775000e-003	
494	5.525000e-003	
495	5.400000e-003	
496	4.975000e-003	
497	4.950000e-003	
498	5.475000e-003	
499	5.125000e-003	
500	5.250000e-003	
501	4.900000e-003	
502	5.150000e-003	
503	5.850000e-003	
504	5.725000e-003	
505	6.025000e-003	
506	5.650000e-003	
507	5.275000e-003	
508	5.500000e-003	
509	5.500000e-003	
510	4.975000e-003	
511	4.625000e-003	
512	3.550000e-003	
513	3.525000e-003	
514	3.500000e-003	
515	3.975000e-003	
516	4.650000e-003	
517	4.650000e-003	
518	4.225000e-003	
519	4.425000e-003	
520	4.400000e-003	
521	4.725000e-003	
522	4.975000e-003	
523	4.325000e-003	
524	4.050000e-003	
525	3.825000e-003	
526	4.000000e-003	
527	4.125000e-003	
528	4.075000e-003	
529	4.400000e-003	
530	4.225000e-003	
531	3.675000e-003	
532	3.250000e-003	
533	3.300000e-003	
534	2.850000e-003	
535	2.900000e-003	
536	2.300000e-003	
537	1.475000e-003	
538	1.450000e-003	
539	1.575000e-003	
540	1.075000e-003	
541	8.000000e-004	
542	8.250000e-004	
543	4.750000e-004	
544	5.250000e-004	
545	3.500000e-004	
546	2.250000e-004	
547	7.500000e-005	
548	2.500000e-005	
549	0	
550	0	
551	0	
552	0	
553	0	
554	0	
555	0	
556	0	
557	0	
558	0	
559	0	
560	0	
561	0	
562	0	
563	0	
564	0	
565	0	
566	0	
567	0	
568	0	
569	0	
570	0	
571	0	
572	0	
573	0	
574	0	
575	0	
576	0	
577	0	
578	0	
579	0	
580	0	
581	0	
582	0	
583	0	
584	0	
585	0	
586	0	
587	0	
588	0	
589	0	
590	0	
591	0	
592	0	
593	0	
594	0	
595	0	
596	0	
597	0	
598	0	
599	0	
600	0	
601	0	
602	0	
603	0	
604	0	
605	0	
606	0	
607	0	
608	0	
609	0	
610	0	
611	0	
612	0	
613	0	
614	0	
615	0	
616	0	
617	0	
618	0	
619	0	
620	0	
621	0	
622	0	
623	0	
624	0	
625	0	
626	0	
627	0	
628	0	
629	0	
630	0	
631	0	
632	0	
633	0	
634	0	
635	0	
636	0	
637	0	
638	0	
639	0	
640	0	
641	0	
642	0	
643	0	
644	0	
645	0	
646	0	
647	0	
648	0	
649	0	
650	0	
651	0	
652	0	
653	0	
654	0	
655	0	
656	2.500000e-005	
657	1.250000e-004	
658	1.000000e-004	
659	5.000000e-005	
660	2.500000e-005	
661	2.500000e-005	
662	0	
663	0	
664	0	
665	0	
666	0	
667	0	
668	0	
669	0	
670	0	
671	0	
672	0	
673	0	
674	0	
675	0	
676	0	
677	0	
678	0	
679	0	
680	0	
681	0	
682	0	
683	0	
684	0	
685	0	
686	0	
687	0	
688	0	
689	0	
690	0	
691	0	
692	0	
693	0	
694	0	
695	0	
696	0	
697	0	
698	0	
699	0	
700	0	
701	0	
702	0	
703	0	
704	0	
705	0	
706	0	
707	0	
708	0	
709	0	
710	0	
711	0	
712	0	
713	0	
714	0	
715	0	
716	0	
717	0	
718	0	
719	0	
720	0	
721	0	
722	0	
723	0	
724	0	
725	0	
726	0	
727	0	
728	0	
729	0	
730	0	
731	2.500000e-005	
732	7.500000e-005	
733	5.000000e-005	
734	2.500000e-005	
735	5.000000e-005	
736	5.000000e-005	
737	2.500000e-005	
738	0	
739	0	
740	0	
741	0	
742	0	
743	0	
744	0	
745	0	
746	0	
747	0	
748	0	
749	0	
750	0	
751	0	
752	0	
753	0	
754	0	
755	0	
756	0	
757	0	
758	0	
759	0	
760	0	
761	0	
762	0	
763	0	
764	0	
765	0	
766	0	
767	0	
768	0	
769	0	
770	0	
771	0	
772	0	
773	0	
774	0	
775	0	
776	0	
777	0	
778	0	
779	0	
780	0	
781	0	
782	0	
783	0	
784	0	
785	0	
786	2.500000e-005	
787	2.500000e-005	
788	0	
789	0	
790	0	
791	0	
792	0	
793	0	
794	0	
795	0	
796	0	
797	0	
798	0	
799	0	
800	0	
801	0	
802	0	
803	0	
804	0	
805	0	
806	0	
807	0	
808	0	
809	0	
810	0	
811	0	
812	0	
813	0	
814	0	
815	0	
816	0	
817	0	
818	0	
819	0	
820	0	
821	0	
822	0	
823	0	
824	0	
825	0	
826	0	
827	0	
828	0	
829	0	
830	0	
831	0	
832	0	
833	0	
834	0	
835	0	
836	0	
837	0	
838	0	
839	0	
840	0	
841	0	
842	0	
843	0	
844	0	
845	0	
846	0	
847	0	
848	0	
849	0	
850	0	
851	0	
852	0	
853	0	
854	0	
855	0	
856	0	
857	0	
858	0	
859	0	
860	0	
861	0	
862	0	
863	0	
864	0	
865	0	
866	0	
867	0	
868	0	
869	0	
870	0	
871	0	
872	0	
873	0	
874	0	
875	0	
876	0	
877	0	
878	0	
879	0	
880	0	
881	0	
882	0	
883	0	
884	0	
885	0	
886	0	
887	0	
888	0	
889	0	
890	0	
891	0	
892	0	
893	0	
894	0	
895	0	
896	0	
897	0	
898	0	
899	0	
900	0	
901	0	
902	0	
903	0	
904	0	
905	0	
906	0	
907	0	
908	0	
909	0	
910	2.500000e-005	
911	5.000000e-005	
912	7.500000e-005	
913	1.250000e-004	
914	1.500000e-004	
915	1.250000e-004	
916	2.000000e-004	
917	2.250000e-004	
918	1.500000e-004	
919	1.750000e-004	
920	1.000000e-004	
921	2.250000e-004	
922	1.750000e-004	
923	1.250000e-004	
924	1.500000e-004	
925	7.500000e-005	
926	1.500000e-004	
927	1.500000e-004	
928	7.500000e-005	
929	7.500000e-005	
930	1.500000e-004	
931	1.250000e-004	
932	2.000000e-004	
933	2.250000e-004	
934	2.500000e-004	
935	1.750000e-004	
936	2.500000e-004	
937	2.000000e-004	
938	2.250000e-004	
939	3.250000e-004	
940	2.500000e-004	
941	2.750000e-004	
942	2.250000e-004	
943	1.500000e-004	
944	7.500000e-005	
945	1.000000e-004	
946	5.000000e-005	
947	1.250000e-004	
948	2.500000e-005	
949	0	
950	0	
951	0	
952	0	
953	2.500000e-005	
954	5.000000e-005	
955	7.500000e-005	
956	5.000000e-005	
957	5.000000e-005	
958	7.500000e-005	
959	1.000000e-004	
960	1.250000e-004	
961	1.000000e-004	
962	1.750000e-004	
963	1.500000e-004	
964	1.250000e-004	
965	1.500000e-004	
966	1.750000e-004	
967	1.500000e-004	
968	1.250000e-004	
969	1.000000e-004	
970	1.750000e-004	
971	3.250000e-004	
972	1.750000e-004	
973	2.250000e-004	
974	3.000000e-004	
975	4.000000e-004	
976	4.250000e-004	
977	3.500000e-004	
978	4.250000e-004	
979	5.500000e-004	
980	5.750000e-004	
981	6.250000e-004	
982	7.250000e-004	
983	9.000000e-004	
984	5.750000e-004	
985	3.750000e-004	
986	6.000000e-004	
987	6.500000e-004	
988	5.250000e-004	
989	5.000000e-004	
990	5.500000e-004	
991	4.500000e-004	
992	6.000000e-004	
993	4.250000e-004	
994	5.500000e-004	
995	8.000000e-004	
996	6.250000e-004	
997	6.000000e-004	
998	4.500000e-004	
999	3.500000e-004	
1000	4.000000e-004	
1001	3.750000e-004	
1002	4.250000e-004	
1003	4.500000e-004	
1004	4.000000e-004	
1005	4.750000e-004	
1006	4.750000e-004	
1007	5.500000e-004	
1008	6.000000e-004	
1009	5.750000e-004	
1010	6.250000e-004	
1011	7.250000e-004	
1012	8.500000e-004	
1013	8.750000e-004	
1014	7.750000e-004	
1015	7.500000e-004	
1016	9.250000e-004	
1017	9.500000e-004	
1018	1.175000e-003	
1019	1.375000e-003	
1020	1.350000e-003	
1021	1.350000e-003	
1022	1.625000e-003	
1023	1.800000e-003	
1024	1.900000e-003	
1025	1.975000e-003	
1026	1.925000e-003	
1027	2.125000e-003	
1028	2.025000e-003	
1029	1.975000e-003	
1030	2.050000e-003	
1031	2.100000e-003	
1032	2.300000e-003	
1033	2.025000e-003	
1034	1.900000e-003	
1035	2.050000e-003	
1036	2.250000e-003	
1037	2.500000e-003	
1038	2.650000e-003	
1039	2.600000e-003	
1040	2.375000e-003	
1041	2.425000e-003	
1042	2.675000e-003	
1043	2.650000e-003	
1044	2.925000e-003	
1045	3.325000e-003	
1046	3.200000e-003	
1047	3.025000e-003	
1048	3.775000e-003	
1049	3.050000e-003	
1050	3.025000e-003	
1051	3.150000e-003	
1052	2.875000e-003	
1053	2.450000e-003	
1054	2.700000e-003	
1055	3.025000e-003	
1056	2.675000e-003	
1057	2.525000e-003	
1058	2.750000e-003	
1059	3.000000e-003	
1060	2.825000e-003	
1061	3.100000e-003	
1062	3.075000e-003	
1063	2.900000e-003	
1064	2.975000e-003	
1065	2.700000e-003	
1066	3.100000e-003	
1067	3.500000e-003	
1068	3.350000e-003	
1069	3.275000e-003	
1070	3.875000e-003	
1071	3.400000e-003	
1072	3.325000e-003	
1073	3.525000e-003	
1074	3.425000e-003	
1075	3.450000e-003	
1076	3.525000e-003	
1077	4.300000e-003	
1078	4.175000e-003	
1079	4.525000e-003	
1080	4.600000e-003	
1081	4.450000e-003	
1082	4.500000e-003	
1083	4.725000e-003	
1084	4.775000e-003	
1085	5.025000e-003	
1086	5.150000e-003	
1087	5.325000e-003	
1088	5.950000e-003	
1089	6.450000e-003	
1090	6.000000e-003	
1091	5.200000e-003	
1092	5.350000e-003	
1093	4.850000e-003	
1094	4.925000e-003	
1095	5.100000e-003	
1096	5.600000e-003	
1097	5.550000e-003	
1098	5.925000e-003	
1099	6.400000e-003	
1100	6.200000e-003	
1101	5.475000e-003	
1102	5.775000e-003	
1103	5.200000e-003	
1104	4.425000e-003	
1105	4.350000e-003	
1106	4.125000e-003	
1107	4.000000e-003	
1108	4.225000e-003	
1109	4.475000e-003	
1110	4.150000e-003	
1111	4.125000e-003	
1112	4.550000e-003	
1113	3.800000e-003	
1114	3.850000e-003	
1115	3.900000e-003	
1116	4.075000e-003	
1117	3.350000e-003	
1118	3.175000e-003	
1119	3.075000e-003	
1120	2.675000e-003	
1121	2.250000e-003	
1122	2.400000e-003	
1123	2.300000e-003	
1124	2.200000e-003	
1125	1.975000e-003	
1126	1.975000e-003	
1127	1.825000e-003	
1128	1.875000e-003	
1129	2.100000e-003	
1130	1.975000e-003	
1131	2.050000e-003	
1132	1.700000e-003	
1133	1.450000e-003	
1134	1.275000e-003	
1135	9.750000e-004	
1136	6.500000e-004	
1137	5.500000e-004	
1138	5.250000e-004	
1139	4.000000e-004	
1140	3.250000e-004	
1141	3.500000e-004	
1142	2.500000e-004	
1143	1.750000e-004	
1144	1.250000e-004	
1145	2.000000e-004	
1146	2.250000e-004	
1147	2.500000e-005	
1148	5.000000e-005	
1149	2.500000e-005	
1150	2.500000e-005	
1151	5.000000e-005	
1152	5.000000e-005	
1153	2.500000e-005	
1154	0	
1155	0	
1156	0	
1157	0	
1158	0	
1159	0	
1160	0	
1161	0	
1162	0	
1163	0	
1164	0	
1165	0	
1166	0	
1167	0	
1168	0	
1169	0	
1170	0	
1171	0	
1172	0	
1173	0	
1174	0	
1175	0	
1176	0	
1177	0	
1178	0	
1179	0	
1180	0	
1181	0	
1182	0	
1183	0	
1184	0	
1185	0	
1186	0	
1187	0	
1188	0	
1189	0	
1190	0	
1191	0	
1192	0	
1193	0	
1194	0	
1195	0	
1196	0	
1197	0	
1198	0	
1199	0	
1200	0	
1201	0	
1202	0	
1203	0	
1204	0	
1205	0	
1206	0	
1207	0	
1208	0	
1209	0	
1210	0	
1211	0	
1212	0	
1213	0	
1214	0	
1215	0	
1216	0	
1217	0	
1218	0	
1219	0	
1220	0	
1221	0	
1222	2.500000e-005	
1223	0	
1224	0	
1225	0	
1226	0	
1227	0	
1228	0	
1229	0	
1230	0	
1231	0	
1232	0	
1233	0	
1234	0	
1235	0	
1236	0	
1237	0	
1238	0	
1239	0	
1240	0	
1241	0	
1242	0	
1243	0	
1244	0	
1245	0	
1246	0	
1247	0	
1248	0	
1249	0	
1250	0	
1251	0	
1252	0	
1253	0	
1254	0	
1255	0	
1256	0	
1257	0	
1258	0	
1259	0	
1260	0	
1261	0	
1262	0	
1263	0	
1264	0	
1265	0	
1266	0	
1267	0	
1268	0	
1269	0	
1270	0	
1271	0	
1272	0	
1273	0	
1274	0	
1275	0	
1276	0	
1277	0	
1278	0	
1279	0	
1280	0	
1281	0	
1282	0	
1283	0	
1284	0	
1285	0	
1286	0	
1287	0	
1288	0	
1289	0	
1290	0	
1291	0	
1292	0	
1293	0	
1294	0	
1295	0	
1296	0	
1297	0	
1298	0	
1299	0	
1300	0	
1301	0	
1302	0	
1303	0	
1304	0	
1305	0	
1306	0	
1307	0	
1308	0	
1309	0	
1310	0	
1311	0	
1312	0	
1313	0	
1314	0	
1315	0	
1316	0	
1317	0	
1318	0	
1319	0	
1320	0	
1321	0	
1322	0	
1323	0	
1324	0	
1325	0	
1326	0	
1327	0	
1328	0	
1329	0	
1330	0	
1331	0	
1332	0	
1333	0	
1334	0	
1335	0	
1336	0	
1337	0	
1338	0	
1339	0	
1340	0	
1341	0	
1342	0	
1343	0	
1344	0	
1345	0	
1346	0	
1347	0	
1348	0	
1349	0	
1350	0	
1351	0	
1352	0	
1353	0	
1354	0	
1355	0	
1356	0	
1357	0	
1358	0	
1359	0	
1360	0	
1361	0	
1362	0	
1363	0	
1364	0	
1365	0	
1366	0	
1367	0	
1368	0	
1369	0	
1370	0	
1371	0	
1372	0	
1373	0	
1374	0	
1375	0	
1376	0	
1377	0	
1378	0	
1379	0	
1380	0	
1381	0	
1382	0	
1383	0	
1384	0	
1385	0	
1386	0	
1387	0	
1388	0	
1389	0	
1390	0	
1391	0	
1392	0	
1393	0	
1394	0	
1395	0	
1396	0	
1397	0	
1398	0	
1399	0	
1400	0	
1401	0	
1402	0	
1403	0	
1404	0	
1405	0	
1406	0	
1407	0	
1408	0	
1409	0	
1410	0	
1411	0	
1412	0	
1413	0	
1414	0	
1415	0	
1416	0	
1417	0	
1418	0	
1419	0	
1420	0	
1421	0	
1422	0	
1423	0	
1424	0	
1425	0	
1426	0	
1427	0	
1428	0	
1429	0	
1430	0	
1431	0	
1432	0	
1433	0	
1434	0	
1435	0	
1436	0	
1437	0	
1438	0	
1439	0	
1440	0	
1441	0	
1442	0	
1443	0	
1444	0	
1445	0	
1446	0	
1447	0	
1448	0	
1449	0	
1450	0	
1451	0	
1452	0	
1453	0	
1454	0	
1455	0	
1456	0	
1457	2.500000e-005	
1458	1.500000e-004	
1459	1.000000e-004	
1460	5.000000e-005	
1461	7.500000e-005	
1462	1.250000e-004	
1463	1.250000e-004	
1464	1.000000e-004	
1465	1.250000e-004	
1466	2.500000e-005	
1467	5.000000e-005	
1468	5.000000e-005	
1469	7.500000e-005	
1470	1.250000e-004	
1471	1.250000e-004	
1472	1.250000e-004	
1473	1.750000e-004	
1474	2.000000e-004	
1475	2.000000e-004	
1476	3.250000e-004	
1477	2.250000e-004	
1478	2.750000e-004	
1479	3.500000e-004	
1480	1.750000e-004	
1481	2.250000e-004	
1482	2.250000e-004	
1483	3.000000e-004	
1484	2.250000e-004	
1485	1.250000e-004	
1486	2.500000e-005	
1487	0	
1488	0	
1489	0	
1490	7.500000e-005	
1491	1.250000e-004	
1492	1.750000e-004	
1493	1.750000e-004	
1494	2.250000e-004	
1495	1.500000e-004	
1496	5.000000e-005	
1497	5.000000e-005	
1498	2.500000e-005	
1499	1.000000e-004	
1500	1.750000e-004	
1501	1.500000e-004	
1502	1.750000e-004	
1503	1.000000e-004	
1504	1.750000e-004	
1505	1.000000e-004	
1506	1.250000e-004	
1507	2.000000e-004	
1508	2.750000e-004	
1509	2.250000e-004	
1510	1.250000e-004	
1511	1.250000e-004	
1512	1.750000e-004	
1513	3.000000e-004	
1514	3.250000e-004	
1515	4.250000e-004	
1516	4.250000e-004	
1517	2.750000e-004	
1518	3.000000e-004	
1519	3.250000e-004	
1520	5.500000e-004	
1521	4.500000e-004	
1522	4.500000e-004	
1523	4.250000e-004	
1524	3.750000e-004	
1525	4.750000e-004	
1526	5.000000e-004	
1527	4.250000e-004	
1528	4.500000e-004	
1529	3.250000e-004	
1530	3.500000e-004	
1531	3.750000e-004	
1532	3.250000e-004	
1533	2.000000e-004	
1534	2.250000e-004	
1535	1.000000e-004	
1536	1.500000e-004	
1537	1.750000e-004	
1538	2.000000e-004	
1539	1.750000e-004	
1540	3.250000e-004	
1541	3.750000e-004	
1542	2.000000e-004	
1543	2.500000e-004	
1544	1.750000e-004	
1545	1.250000e-004	
1546	7.500000e-005	
1547	2.000000e-004	
1548	2.000000e-004	
1549	2.750000e-004	
1550	3.000000e-004	
1551	1.500000e-004	
1552	1.750000e-004	
1553	1.250000e-004	
1554	1.000000e-004	
1555	1.500000e-004	
1556	1.250000e-004	
1557	1.000000e-004	
1558	1.500000e-004	
1559	1.250000e-004	
1560	7.500000e-005	
1561	5.000000e-005	
1562	1.500000e-004	
1563	1.500000e-004	
1564	1.750000e-004	
1565	1.250000e-004	
1566	1.250000e-004	
1567	1.250000e-004	
1568	1.250000e-004	
1569	1.750000e-004	
1570	2.000000e-004	
1571	1.250000e-004	
1572	1.000000e-004	
1573	7.500000e-005	
1574	1.250000e-004	
1575	5.000000e-005	
1576	5.000000e-005	
1577	2.500000e-005	
1578	0	
1579	0	
1580	0	
1581	0	
1582	0	
1583	0	
1584	0	
1585	0	
1586	0	
1587	0	
1588	0	
1589	0	
1590	0	
1591	0	
1592	0	
1593	0	
1594	0	
1595	0	
1596	0	
1597	0	
1598	0	
1599	0	
1600	0	
1601	0	
1602	0	
1603	0	
1604	0	
1605	0	
1606	0	
1607	0	
1608	0	
1609	0	
1610	0	
1611	0	
1612	0	
1613	0	
1614	0	
1615	0	
1616	0	
1617	0	
1618	0	
1619	0	
1620	0	
1621	0	
1622	0	
1623	0	
1624	0	
1625	0	
1626	0	
1627	0	
1628	0	
1629	0	
1630	0	
1631	0	
1632	0	
1633	0	
1634	0	
1635	0	
1636	0	
1637	0	
1638	0	
1639	0	
1640	0	
1641	0	
1642	0	
1643	0	
1644	0	
1645	0	
1646	0	
1647	0	
1648	0	
1649	0	
1650	0	
1651	0	
1652	0	
1653	2.500000e-005	
1654	7.500000e-005	
1655	1.000000e-004	
1656	1.750000e-004	
1657	1.750000e-004	
1658	1.750000e-004	
1659	2.250000e-004	
1660	2.250000e-004	
1661	2.250000e-004	
1662	3.750000e-004	
1663	5.250000e-004	
1664	5.250000e-004	
1665	5.000000e-004	
1666	6.750000e-004	
1667	7.500000e-004	
1668	8.000000e-004	
1669	1.100000e-003	
1670	1.150000e-003	
1671	1.175000e-003	
1672	1.150000e-003	
1673	1.050000e-003	
1674	9.250000e-004	
1675	9.750000e-004	
1676	1.175000e-003	
1677	1.425000e-003	
1678	1.650000e-003	
1679	1.775000e-003	
1680	1.925000e-003	
1681	1.725000e-003	
1682	1.500000e-003	
1683	1.700000e-003	
1684	1.650000e-003	
1685	1.900000e-003	
1686	1.850000e-003	
1687	1.975000e-003	
1688	2.200000e-003	
1689	1.725000e-003	
1690	1.650000e-003	
1691	1.800000e-003	
1692	1.825000e-003	
1693	1.925000e-003	
1694	2.000000e-003	
1695	2.125000e-003	
1696	2.275000e-003	
1697	1.850000e-003	
1698	2.075000e-003	
1699	2.150000e-003	
1700	2.275000e-003	
1701	2.175000e-003	
1702	1.825000e-003	
1703	1.875000e-003	
1704	2.225000e-003	
1705	2.400000e-003	
1706	2.900000e-003	
1707	2.575000e-003	
1708	2.475000e-003	
1709	2.525000e-003	
1710	2.900000e-003	
1711	3.050000e-003	
1712	3.325000e-003	
1713	3.625000e-003	
1714	3.775000e-003	
1715	3.775000e-003	
1716	3.875000e-003	
1717	4.250000e-003	
1718	4.175000e-003	
1719	3.675000e-003	
1720	3.475000e-003	
1721	3.775000e-003	
1722	4.100000e-003	
1723	3.750000e-003	
1724	3.350000e-003	
1725	3.450000e-003	
1726	3.975000e-003	
1727	4.050000e-003	
1728	4.350000e-003	
1729	4.525000e-003	
1730	4.375000e-003	
1731	4.150000e-003	
1732	4.225000e-003	
1733	4.000000e-003	
1734	4.325000e-003	
1735	4.425000e-003	
1736	4.625000e-003	
1737	4.550000e-003	
1738	4.650000e-003	
1739	4.950000e-003	
1740	4.775000e-003	
1741	4.925000e-003	
1742	5.125000e-003	
1743	5.450000e-003	
1744	5.400000e-003	
1745	5.525000e-003	
1746	5.175000e-003	
1747	5.725000e-003	
1748	5.900000e-003	
1749	5.200000e-003	
1750	5.025000e-003	
1751	5.675000e-003	
1752	6.050000e-003	
1753	5.775000e-003	
1754	6.375000e-003	
1755	6.100000e-003	
1756	6.575000e-003	
1757	6.700000e-003	
1758	5.975000e-003	
1759	6.425000e-003	
1760	6.250000e-003	
1761	6.725000e-003	
1762	6.300000e-003	
1763	6.525000e-003	
1764	5.975000e-003	
1765	5.500000e-003	
1766	5.225000e-003	
1767	4.925000e-003	
1768	4.950000e-003	
1769	4.950000e-003	
1770	5.075000e-003	
1771	4.825000e-003	
1772	4.650000e-003	
1773	4.625000e-003	
1774	4.325000e-003	
1775	3.750000e-003	
1776	3.675000e-003	
1777	3.575000e-003	
1778	2.950000e-003	
1779	2.900000e-003	
1780	2.725000e-003	
1781	2.950000e-003	
1782	2.875000e-003	
1783	2.625000e-003	
1784	2.100000e-003	
1785	2.450000e-003	
1786	1.900000e-003	
1787	2.100000e-003	
1788	2.000000e-003	
1789	1.550000e-003	
1790	1.100000e-003	
1791	1.100000e-003	
1792	1.150000e-003	
1793	1.325000e-003	
1794	1.175000e-003	
1795	8.250000e-004	
1796	7.500000e-004	
1797	7.750000e-004	
1798	9.250000e-004	
1799	3.500000e-004	
1800	3.000000e-004	
1801	4.750000e-004	
1802	3.000000e-004	
1803	3.250000e-004	
1804	2.250000e-004	
1805	1.750000e-004	
1806	2.500000e-004	
1807	2.500000e-004	
1808	2.750000e-004	
1809	3.500000e-004	
1810	1.500000e-004	
1811	7.500000e-005	
1812	2.500000e-005	
1813	7.500000e-005	
1814	1.000000e-004	
1815	1.000000e-004	
1816	1.000000e-004	
1817	1.250000e-004	
1818	1.000000e-004	
1819	5.000000e-005	
1820	5.000000e-005	
1821	2.500000e-005	
1822	0	
1823	0	
1824	0	
1825	0	
1826	0	
1827	0	
1828	0	
1829	0	
1830	0	
1831	0	
1832	0	
1833	0	
1834	0	
1835	0	
1836	0	
1837	0	
1838	0	
1839	0	
1840	0	
1841	0	
1842	0	
1843	0	
1844	0	
1845	0	
1846	0	
1847	0	
1848	0	
1849	0	
1850	0	
1851	0	
1852	0	
1853	0	
1854	0	
1855	2.500000e-005	
1856	0	
1857	0	
1858	0	
1859	0	
1860	0	
1861	0	
1862	0	
1863	0	
1864	0	
1865	0	
1866	0	
1867	0	
1868	0	
1869	0	
1870	0	
1871	0	
1872	0	
1873	0	
1874	0	
1875	0	
1876	0	
1877	0	
1878	0	
1879	0	
1880	0	
1881	0	
1882	0	
1883	0	
1884	0	
1885	0	
1886	0	
1887	0	
1888	0	
1889	0	
1890	0	
1891	0	
1892	0	
1893	0	
1894	0	
1895	0	
1896	0	
1897	0	
1898	0	
1899	0	
1900	0	
1901	0	
1902	0	
1903	0	
1904	0	
1905	0	
1906	0	
1907	0	
1908	0	
1909	0	
1910	0	
1911	0	
1912	0	
1913	0	
1914	0	
1915	0	
1916	0	
1917	0	
1918	0	
1919	0	
1920	0	
1921	0	
1922	0	
1923	0	
1924	0	
1925	0	
1926	0	
1927	0	
1928	0	
1929	0	
1930	0	
1931	0	
1932	0	
1933	0	
1934	0	
1935	0	
1936	0	
1937	0	
1938	0	
1939	0	
1940	0	
1941	0	
1942	0	
1943	0	
1944	0	
1945	0	
1946	0	
1947	0	
1948	0	
1949	0	
1950	0	
1951	0	
1952	0	
1953	0	
1954	0	
1955	0	
1956	0	
1957	0	
1958	0	
1959	0	
1960	0	
1961	0	
1962	0	
1963	0	
1964	0	
1965	0	
1966	0	
1967	0	
1968	0	
1969	0	
1970	0	
1971	0	
1972	0	
1973	0	
1974	0	
1975	0	
1976	0	
1977	0	
1978	0	
1979	0	
1980	0	
1981	0	
1982	0	
1983	0	
1984	0	
1985	0	
1986	0	
1987	0	
1988	0	
1989	0	
1990	0	
1991	0	
1992	0	
1993	0	
1994	0	
1995	0	
1996	0	
1997	0	
1998	0	
1999	0	
2000	0	
2001	0	
2002	0	
2003	0	
2004	0	
2005	0	
2006	0	
2007	0	
2008	0	
2009	0	
2010	0	
2011	0	
2012	0	
2013	0	
2014	0	
2015	0	
2016	0	
2017	0	
2018	0	
2019	0	
2020	0	
2021	0	
2022	0	
2023	0	
2024	0	
2025	0	
2026	0	
2027	0	
2028	0	
2029	0	
2030	0	
2031	0	
2032	0	
2033	0	
2034	0	
2035	2.500000e-005	
2036	2.500000e-005	
2037	2.500000e-005	
2038	0	
2039	0	
2040	0	
2041	0	
2042	0	
2043	0	
2044	0	
2045	0	
2046	0	
2047	0	
2048	0	
2049	0	
2050	0	
2051	0	
2052	0	
2053	0	
2054	0	
2055	0	
2056	0	
2057	0	
2058	0	
2059	0	
2060	0	
2061	0	
2062	0	
2063	2.500000e-005	
2064	5.000000e-005	
2065	1.250000e-004	
2066	1.000000e-004	
2067	7.500000e-005	
2068	5.000000e-005	
2069	0	
2070	0	
2071	0	
2072	0	
2073	0	
2074	0	
2075	0	
2076	0	
2077	0	
2078	0	
2079	0	
2080	0	
2081	0	
2082	0	
2083	0	
2084	0	
2085	0	
2086	0	
2087	0	
2088	0	
2089	0	
2090	0	
2091	0	
2092	0	
2093	0	
2094	0	
2095	0	
2096	0	
2097	0	
2098	0	
2099	0	
2100	0	
2101	0	
2102	0	
2103	0	
2104	0	
2105	0	
2106	0	
2107	0	
2108	0	
2109	0	
2110	0	
2111	0	
2112	0	
2113	0	
2114	0	
2115	0	
2116	0	
2117	0	
2118	0	
2119	0	
2120	0	
2121	0	
2122	0	
2123	0	
2124	0	
2125	0	
2126	0	
2127	0	
2128	0	
2129	0	
2130	0	
2131	0	
2132	0	
2133	0	
2134	0	
2135	0	
2136	0	
2137	0	
2138	0	
2139	0	
2140	0	
2141	0	
2142	0	
2143	0	
2144	0	
2145	0	
2146	0	
2147	0	
2148	0	
2149	0	
2150	0	
2151	0	
2152	0	
2153	2.500000e-005	
2154	1.000000e-004	
2155	2.500000e-004	
2156	3.000000e-004	
2157	1.750000e-004	
2158	1.000000e-004	
2159	7.500000e-005	
2160	1.500000e-004	
2161	5.000000e-005	
2162	5.000000e-005	
2163	7.500000e-005	
2164	2.500000e-005	
2165	2.500000e-005	
2166	2.500000e-005	
2167	2.500000e-005	
2168	0	
2169	0	
2170	0	
2171	0	
2172	0	
2173	0	
2174	0	
2175	0	
2176	0	
2177	0	
2178	0	
2179	0	
2180	0	
2181	0	
2182	0	
2183	0	
2184	0	
2185	0	
2186	0	
2187	0	
2188	0	
2189	0	
2190	0	
2191	0	
2192	0	
2193	0	
2194	0	
2195	0	
2196	0	
2197	0	
2198	0	
2199	0	
2200	0	
2201	0	
2202	0	
2203	0	
2204	0	
2205	0	
2206	0	
2207	0	
2208	0	
2209	0	
2210	0	
2211	0	
2212	0	
2213	0	
2214	0	
2215	0	
2216	0	
2217	0	
2218	0	
2219	0	
2220	0	
2221	0	
2222	0	
2223	0	
2224	0	
2225	0	
2226	0	
2227	0	
2228	0	
2229	0	
2230	0	
2231	0	
2232	0	
2233	0	
2234	0	
2235	0	
2236	0	
2237	0	
2238	0	
2239	0	
2240	0	
2241	0	
2242	0	
2243	2.500000e-005	
2244	5.000000e-005	
2245	1.250000e-004	
2246	1.250000e-004	
2247	2.750000e-004	
2248	3.000000e-004	
2249	3.250000e-004	
2250	4.250000e-004	
2251	4.750000e-004	
2252	3.500000e-004	
2253	3.750000e-004	
2254	3.000000e-004	
2255	4.500000e-004	
2256	3.750000e-004	
2257	4.750000e-004	
2258	3.500000e-004	
2259	5.250000e-004	
2260	3.750000e-004	
2261	3.250000e-004	
2262	4.500000e-004	
2263	4.750000e-004	
2264	4.500000e-004	
2265	4.750000e-004	
2266	4.500000e-004	
2267	4.250000e-004	
2268	5.250000e-004	
2269	5.000000e-004	
2270	6.000000e-004	
2271	8.000000e-004	
2272	8.000000e-004	
2273	9.250000e-004	
2274	7.500000e-004	
2275	7.000000e-004	
2276	9.250000e-004	
2277	1.175000e-003	
2278	1.250000e-003	
2279	1.625000e-003	
2280	1.750000e-003	
2281	1.625000e-003	
2282	1.600000e-003	
2283	1.925000e-003	
2284	2.025000e-003	
2285	2.050000e-003	
2286	1.825000e-003	
2287	1.800000e-003	
2288	1.950000e-003	
2289	2.075000e-003	
2290	2.400000e-003	
2291	2.225000e-003	
2292	2.175000e-003	
2293	2.500000e-003	
2294	2.725000e-003	
2295	2.400000e-003	
2296	2.775000e-003	
2297	2.650000e-003	
2298	2.550000e-003	
2299	2.600000e-003	
2300	2.925000e-003	
2301	3.275000e-003	
2302	3.050000e-003	
2303	2.950000e-003	
2304	3.100000e-003	
2305	3.275000e-003	
2306	3.875000e-003	
2307	3.700000e-003	
2308	3.700000e-003	
2309	3.300000e-003	
2310	3.125000e-003	
2311	3.475000e-003	
2312	3.350000e-003	
2313	3.275000e-003	
2314	3.300000e-003	
2315	3.425000e-003	
2316	3.575000e-003	
2317	3.375000e-003	
2318	3.900000e-003	
2319	3.600000e-003	
2320	3.625000e-003	
2321	3.925000e-003	
2322	4.250000e-003	
2323	3.900000e-003	
2324	3.825000e-003	
2325	5.025000e-003	
2326	4.900000e-003	
2327	4.700000e-003	
2328	4.875000e-003	
2329	5.150000e-003	
2330	4.575000e-003	
2331	4.350000e-003	
2332	4.525000e-003	
2333	5.100000e-003	
2334	5.000000e-003	
2335	5.150000e-003	
2336	5.700000e-003	
2337	5.425000e-003	
2338	5.825000e-003	
2339	5.900000e-003	
2340	5.850000e-003	
2341	6.350000e-003	
2342	6.425000e-003	
2343	5.875000e-003	
2344	5.525000e-003	
2345	6.300000e-003	
2346	7.475000e-003	
2347	7.000000e-003	
2348	7.100000e-003	
2349	7.175000e-003	
2350	7.375000e-003	
2351	6.775000e-003	
2352	6.550000e-003	
2353	6.550000e-003	
2354	6.475000e-003	
2355	5.550000e-003	
2356	5.000000e-003	
2357	4.700000e-003	
2358	4.550000e-003	
2359	4.000000e-003	
2360	4.000000e-003	
2361	4.275000e-003	
2362	4.550000e-003	
2363	4.625000e-003	
2364	4.025000e-003	
2365	4.175000e-003	
2366	3.600000e-003	
2367	3.225000e-003	
2368	3.275000e-003	
2369	2.900000e-003	
2370	3.025000e-003	
2371	2.725000e-003	
2372	2.475000e-003	
2373	2.725000e-003	
2374	2.275000e-003	
2375	2.350000e-003	
2376	2.375000e-003	
2377	1.975000e-003	
2378	2.350000e-003	
2379	1.525000e-003	
2380	1.850000e-003	
2381	1.650000e-003	
2382	1.775000e-003	
2383	1.650000e-003	
2384	1.600000e-003	
2385	1.350000e-003	
2386	1.125000e-003	
2387	8.000000e-004	
2388	7.500000e-004	
2389	7.500000e-004	
2390	5.500000e-004	
2391	4.250000e-004	
2392	2.250000e-004	
2393	1.250000e-004	
2394	7.500000e-005	
2395	7.500000e-005	
2396	2.500000e-005	
2397	2.500000e-005	
2398	5.000000e-005	
2399	5.000000e-005	
2400	7.500000e-005	
2401	1.500000e-004	
2402	1.500000e-004	
2403	1.750000e-004	
2404	7.500000e-005	
2405	1.250000e-004	
2406	1.750000e-004	
2407	1.250000e-004	
2408	1.250000e-004	
2409	2.000000e-004	
2410	2.250000e-004	
2411	2.500000e-004	
2412	2.000000e-004	
2413	1.500000e-004	
2414	1.500000e-004	
2415	2.500000e-005	
2416	2.500000e-005	
2417	5.000000e-005	
2418	1.000000e-004	
2419	1.000000e-004	
2420	1.500000e-004	
2421	2.000000e-004	
2422	2.250000e-004	
2423	1.000000e-004	
2424	1.000000e-004	
2425	1.000000e-004	
2426	5.000000e-005	
2427	5.000000e-005	
2428	7.500000e-005	
2429	0	
2430	0	
2431	0	
2432	0	
2433	0	
2434	0	
2435	0	
2436	0	
2437	0	
2438	0	
2439	0	
2440	0	
2441	0	
2442	0	
2443	0	
2444	0	
2445	0	
2446	0	
2447	0	
2448	0	
2449	0	
2450	0	
2451	0	
2452	0	
2453	0	
2454	0	
2455	0	
2456	0	
2457	0	
2458	0	
2459	0	
2460	0	
2461	0	
2462	0	
2463	0	
2464	0	
2465	0	
2466	0	
2467	0	
2468	0	
2469	0	
2470	0	
2471	0	
2472	0	
2473	0	
2474	0	
2475	0	
2476	0	
2477	0	
2478	0	
2479	0	
2480	0	
2481	0	
2482	0	
2483	0	
2484	0	
2485	0	
2486	0	
2487	0	
2488	0	
2489	0	
2490	0	
2491	0	
2492	0	
2493	0	
2494	0	
2495	0	
2496	0	
2497	0	
2498	0	
2499	0	
2500	0	
2501	0	
2502	0	
2503	0	
2504	0	
2505	0	
2506	0	
2507	0	
2508	0	
2509	0	
2510	0	
2511	0	
2512	0	
2513	0	
2514	0	
2515	0	
2516	0	
2517	0	
2518	0	
2519	0	
2520	2.500000e-005	
2521	1.000000e-004	
2522	1.000000e-004	
2523	1.000000e-004	
2524	1.000000e-004	
2525	1.500000e-004	
2526	1.500000e-004	
2527	2.000000e-004	
2528	1.750000e-004	
2529	7.500000e-005	
2530	7.500000e-005	
2531	7.500000e-005	
2532	5.000000e-005	
2533	0	
2534	0	
2535	0	
2536	0	
2537	0	
2538	0	
2539	0	
2540	0	
2541	0	
2542	0	
2543	0	
2544	0	
2545	0	
2546	0	
2547	0	
2548	0	
2549	0	
2550	0	
2551	0	
2552	0	
2553	0	
2554	0	
2555	0	
2556	0	
2557	0	
2558	0	
2559	0	
2560	0	
2561	0	
2562	0	
2563	0	
2564	0	
2565	0	
2566	0	
2567	0	
2568	0	
2569	0	
2570	0	
2571	0	
2572	0	
2573	0	
2574	0	
2575	0	
2576	0	
2577	0	
2578	0	
2579	0	
2580	0	
2581	0	
2582	0	
2583	0	
2584	0	
2585	0	
2586	0	
2587	0	
2588	0	
2589	0	
2590	0	
2591	0	
2592	0	
2593	0	
2594	0	
2595	0	
2596	0	
2597	0	
2598	0	
2599	0	
2600	0	
2601	0	
2602	0	
2603	0	
2604	0	
2605	0	
2606	0	
2607	0	
2608	0	
2609	0	
2610	0	
2611	0	
2612	0	
2613	0	
2614	0	
2615	0	
2616	0	
2617	0	
2618	0	
2619	0	
2620	0	
2621	0	
2622	0	
2623	0	
2624	0	
2625	0	
2626	0	
2627	0	
2628	0	
2629	0	
2630	0	
2631	0	
2632	0	
2633	0	
2634	0	
2635	0	
2636	0	
2637	0	
2638	0	
2639	0	
2640	0	
2641	0	
2642	0	
2643	0	
2644	0	
2645	0	
2646	0	
2647	0	
2648	0	
2649	0	
2650	0	
2651	0	
2652	0	
2653	0	
2654	0	
2655	0	
2656	0	
2657	0	
2658	0	
2659	0	
2660	0	
2661	0	
2662	0	
2663	0	
2664	0	
2665	0	
2666	0	
2667	0	
2668	0	
2669	0	
2670	0	
2671	0	
2672	0	
2673	0	
2674	0	
2675	0	
2676	0	
2677	0	
2678	0	
2679	0	
2680	0	
2681	0	
2682	0	
2683	0	
2684	0	
2685	0	
2686	0	
2687	0	
2688	0	
2689	0	
2690	0	
2691	0	
2692	0	
2693	0	
2694	0	
2695	0	
2696	0	
2697	0	
2698	0	
2699	0	
2700	0	
2701	0	
2702	0	
2703	0	
2704	0	
2705	0	
2706	0	
2707	0	
2708	0	
2709	0	
2710	0	
2711	0	
2712	0	
2713	0	
2714	0	
2715	0	
2716	0	
2717	0	
2718	0	
2719	0	
2720	0	
2721	0	
2722	0	
2723	0	
2724	0	
2725	0	
2726	0	
2727	0	
2728	0	
2729	2.500000e-005	
2730	0	
2731	0	
2732	0	
2733	0	
2734	0	
2735	0	
2736	0	
2737	0	
2738	0	
2739	0	
2740	0	
2741	0	
2742	0	
2743	0	
2744	0	
2745	0	
2746	0	
2747	0	
2748	0	
2749	0	
2750	0	
2751	0	
2752	0	
2753	0	
2754	0	
2755	0	
2756	0	
2757	0	
2758	0	
2759	0	
2760	0	
2761	0	
2762	0	
2763	0	
2764	0	
2765	0	
2766	0	
2767	0	
2768	0	
2769	0	
2770	0	
2771	0	
2772	0	
2773	0	
2774	0	
2775	0	
2776	0	
2777	0	
2778	0	
2779	0	
2780	0	
2781	2.500000e-005	
2782	1.250000e-004	
2783	2.000000e-004	
2784	1.750000e-004	
2785	1.750000e-004	
2786	2.250000e-004	
2787	3.500000e-004	
2788	3.750000e-004	
2789	5.750000e-004	
2790	7.000000e-004	
2791	6.750000e-004	
2792	6.500000e-004	
2793	8.250000e-004	
2794	8.250000e-004	
2795	6.500000e-004	
2796	7.750000e-004	
2797	9.250000e-004	
2798	8.500000e-004	
2799	8.000000e-004	
2800	8.500000e-004	
2801	1.050000e-003	
2802	1.225000e-003	
2803	1.375000e-003	
2804	1.375000e-003	
2805	1.325000e-003	
2806	1.400000e-003	
2807	1.200000e-003	
2808	1.275000e-003	
2809	1.450000e-003	
2810	1.250000e-003	
2811	9.500000e-004	
2812	1.225000e-003	
2813	1.275000e-003	
2814	1.425000e-003	
2815	1.400000e-003	
2816	1.250000e-003	
2817	1.125000e-003	
2818	1.275000e-003	
2819	1.275000e-003	
2820	1.350000e-003	
2821	1.150000e-003	
2822	1.100000e-003	
2823	9.750000e-004	
2824	1.100000e-003	
2825	1.300000e-003	
2826	1.425000e-003	
2827	1.275000e-003	
2828	9.750000e-004	
2829	1.125000e-003	
2830	1.475000e-003	
2831	1.200000e-003	
2832	1.525000e-003	
2833	1.500000e-003	
2834	1.775000e-003	
2835	1.525000e-003	
2836	1.400000e-003	
2837	1.425000e-003	
2838	1.350000e-003	
2839	1.425000e-003	
2840	1.575000e-003	
2841	1.550000e-003	
2842	1.575000e-003	
2843	1.775000e-003	
2844	2.025000e-003	
2845	2.300000e-003	
2846	2.400000e-003	
2847	2.375000e-003	
2848	2.425000e-003	
2849	2.575000e-003	
2850	2.725000e-003	
2851	2.700000e-003	
2852	2.900000e-003	
2853	2.700000e-003	
2854	2.650000e-003	
2855	2.425000e-003	
2856	2.475000e-003	
2857	2.350000e-003	
2858	2.525000e-003	
2859	2.325000e-003	
2860	2.350000e-003	
2861	2.525000e-003	
2862	2.500000e-003	
2863	2.250000e-003	
2864	2.250000e-003	
2865	2.550000e-003	
2866	2.350000e-003	
2867	2.375000e-003	
2868	2.625000e-003	
2869	2.450000e-003	
2870	2.300000e-003	
2871	2.125000e-003	
2872	2.200000e-003	
2873	2.100000e-003	
2874	2.000000e-003	
2875	2.100000e-003	
2876	2.100000e-003	
2877	2.525000e-003	
2878	2.575000e-003	
2879	3.000000e-003	
2880	3.400000e-003	
2881	3.050000e-003	
2882	3.275000e-003	
2883	2.925000e-003	
2884	3.375000e-003	
2885	3.525000e-003	
2886	3.475000e-003	
2887	3.125000e-003	
2888	2.775000e-003	
2889	2.375000e-003	
2890	2.425000e-003	
2891	2.350000e-003	
2892	2.400000e-003	
2893	2.475000e-003	
2894	2.500000e-003	
2895	2.575000e-003	
2896	2.925000e-003	
2897	3.250000e-003	
2898	3.225000e-003	
2899	3.150000e-003	
2900	3.625000e-003	
2901	3.475000e-003	
2902	3.400000e-003	
2903	3.325000e-003	
2904	3.500000e-003	
2905	3.675000e-003	
2906	3.525000e-003	
2907	3.150000e-003	
2908	3.400000e-003	
2909	2.925000e-003	
2910	3.475000e-003	
2911	3.425000e-003	
2912	3.225000e-003	
2913	3.150000e-003	
2914	3.100000e-003	
2915	3.650000e-003	
2916	4.025000e-003	
2917	3.675000e-003	
2918	3.650000e-003	
2919	3.625000e-003	
2920	3.675000e-003	
2921	3.650000e-003	
2922	3.175000e-003	
2923	2.925000e-003	
2924	3.175000e-003	
2925	3.225000e-003	
2926	3.625000e-003	
2927	3.175000e-003	
2928	2.950000e-003	
2929	3.225000e-003	
2930	3.525000e-003	
2931	3.175000e-003	
2932	3.400000e-003	
2933	3.175000e-003	
2934	3.350000e-003	
2935	3.500000e-003	
2936	3.675000e-003	
2937	3.425000e-003	
2938	3.575000e-003	
2939	3.275000e-003	
2940	3.350000e-003	
2941	2.875000e-003	
2942	2.500000e-003	
2943	1.950000e-003	
2944	1.825000e-003	
2945	1.475000e-003	
2946	1.450000e-003	
2947	1.600000e-003	
2948	1.625000e-003	
2949	1.475000e-003	
2950	1.425000e-003	
2951	1.050000e-003	
2952	1.300000e-003	
2953	1.550000e-003	
2954	1.225000e-003	
2955	1.325000e-003	
2956	8.500000e-004	
2957	1.075000e-003	
2958	8.750000e-004	
2959	8.000000e-004	
2960	9.500000e-004	
2961	8.750000e-004	
2962	7.500000e-004	
2963	4.750000e-004	
2964	5.250000e-004	
2965	4.250000e-004	
2966	6.750000e-004	
2967	6.750000e-004	
2968	6.500000e-004	
2969	7.750000e-004	
2970	7.000000e-004	
2971	7.250000e-004	
2972	6.000000e-004	
2973	3.250000e-004	
2974	3.250000e-004	
2975	3.750000e-004	
2976	4.750000e-004	
2977	3.250000e-004	
2978	5.250000e-004	
2979	3.250000e-004	
2980	2.500000e-004	
2981	1.750000e-004	
2982	2.000000e-004	
2983	2.500000e-004	
2984	3.000000e-004	
2985	4.250000e-004	
2986	4.500000e-004	
2987	2.500000e-004	
2988	2.750000e-004	
2989	3.250000e-004	
2990	3.000000e-004	
2991	2.500000e-004	
2992	2.750000e-004	
2993	4.250000e-004	
2994	3.750000e-004	
2995	3.000000e-004	
2996	2.250000e-004	
2997	2.000000e-004	
2998	2.250000e-004	
2999	1.500000e-004	
3000	1.250000e-004	
3001	1.250000e-004	
