1	0	
2	0	
3	0	
4	0	
5	0	
6	0	
7	0	
8	0	
9	0	
10	0	
11	0	
12	0	
13	0	
14	0	
15	0	
16	2.500000e-005	
17	1.750000e-004	
18	2.500000e-004	
19	3.500000e-004	
20	5.250000e-004	
21	7.750000e-004	
22	8.750000e-004	
23	1.125000e-003	
24	1.275000e-003	
25	1.550000e-003	
26	1.750000e-003	
27	2.025000e-003	
28	2.325000e-003	
29	2.450000e-003	
30	2.625000e-003	
31	2.975000e-003	
32	3.425000e-003	
33	3.825000e-003	
34	4.250000e-003	
35	4.275000e-003	
36	4.600000e-003	
37	4.875000e-003	
38	5.425000e-003	
39	5.575000e-003	
40	5.275000e-003	
41	5.575000e-003	
42	6.050000e-003	
43	5.950000e-003	
44	6.150000e-003	
45	5.600000e-003	
46	5.825000e-003	
47	6.175000e-003	
48	6.100000e-003	
49	6.075000e-003	
50	5.525000e-003	
51	5.750000e-003	
52	5.975000e-003	
53	6.350000e-003	
54	6.050000e-003	
55	6.075000e-003	
56	6.750000e-003	
57	7.000000e-003	
58	7.025000e-003	
59	7.050000e-003	
60	7.525000e-003	
61	7.475000e-003	
62	8.000000e-003	
63	8.250000e-003	
64	8.675000e-003	
65	8.675000e-003	
66	8.475000e-003	
67	8.625000e-003	
68	8.875000e-003	
69	8.775000e-003	
70	9.625000e-003	
71	9.700000e-003	
72	1.027500e-002	
73	1.002500e-002	
74	1.075000e-002	
75	1.092500e-002	
76	1.082500e-002	
77	1.150000e-002	
78	1.120000e-002	
79	1.142500e-002	
80	1.175000e-002	
81	1.202500e-002	
82	1.295000e-002	
83	1.297500e-002	
84	1.137500e-002	
85	1.132500e-002	
86	1.125000e-002	
87	1.152500e-002	
88	1.140000e-002	
89	1.155000e-002	
90	1.190000e-002	
91	1.162500e-002	
92	1.192500e-002	
93	1.132500e-002	
94	1.117500e-002	
95	1.110000e-002	
96	1.105000e-002	
97	1.105000e-002	
98	1.087500e-002	
99	1.035000e-002	
100	1.072500e-002	
101	9.700000e-003	
102	9.625000e-003	
103	9.900000e-003	
104	9.300000e-003	
105	9.225000e-003	
106	8.850000e-003	
107	8.375000e-003	
108	8.675000e-003	
109	8.375000e-003	
110	8.225000e-003	
111	7.925000e-003	
112	7.975000e-003	
113	7.900000e-003	
114	8.200000e-003	
115	8.100000e-003	
116	8.575000e-003	
117	6.900000e-003	
118	4.975000e-003	
119	4.725000e-003	
120	4.125000e-003	
121	3.775000e-003	
122	3.500000e-003	
123	2.500000e-003	
124	1.700000e-003	
125	1.575000e-003	
126	1.500000e-003	
127	1.350000e-003	
128	1.350000e-003	
129	1.250000e-003	
130	1.300000e-003	
131	1.225000e-003	
132	1.325000e-003	
133	1.075000e-003	
134	1.050000e-003	
135	1.025000e-003	
136	9.000000e-004	
137	9.250000e-004	
138	8.500000e-004	
139	8.000000e-004	
140	0	
141	0	
142	0	
143	0	
144	0	
145	0	
146	0	
147	0	
148	0	
149	0	
150	0	
151	0	
152	0	
153	0	
154	0	
155	0	
156	0	
157	0	
158	0	
159	0	
160	0	
161	0	
162	0	
163	0	
164	0	
165	0	
166	0	
167	0	
168	0	
169	0	
170	0	
171	0	
172	0	
173	0	
174	0	
175	0	
176	0	
177	0	
178	0	
179	0	
180	0	
181	0	
182	0	
183	0	
184	0	
185	0	
186	0	
187	0	
188	0	
189	0	
190	0	
191	0	
192	0	
193	0	
194	0	
195	0	
196	0	
197	0	
198	0	
199	0	
200	0	
201	0	
202	0	
203	0	
204	0	
205	0	
206	0	
207	0	
208	0	
209	0	
210	0	
211	0	
212	0	
213	0	
214	0	
215	0	
216	0	
217	0	
218	0	
219	0	
220	0	
221	0	
222	0	
223	0	
224	0	
225	0	
226	0	
227	0	
228	0	
229	0	
230	0	
231	0	
232	0	
233	0	
234	0	
235	0	
236	0	
237	0	
238	0	
239	0	
240	0	
241	0	
242	0	
243	0	
244	0	
245	0	
246	0	
247	0	
248	0	
249	0	
250	0	
251	0	
252	0	
253	0	
254	0	
255	0	
256	0	
257	0	
258	0	
259	0	
260	0	
261	0	
262	0	
263	0	
264	0	
265	0	
266	0	
267	0	
268	0	
269	0	
270	0	
271	0	
272	0	
273	0	
274	0	
275	0	
276	0	
277	0	
278	0	
279	0	
280	0	
281	0	
282	0	
283	0	
284	0	
285	0	
286	0	
287	0	
288	0	
289	0	
290	0	
291	0	
292	0	
293	0	
294	0	
295	0	
296	0	
297	0	
298	0	
299	0	
300	0	
301	0	
302	0	
303	0	
304	0	
305	0	
306	0	
307	0	
308	0	
309	0	
310	0	
311	0	
312	0	
313	0	
314	0	
315	0	
316	0	
317	0	
318	0	
319	0	
320	0	
321	0	
322	0	
323	0	
324	0	
325	0	
326	0	
327	0	
328	0	
329	0	
330	0	
331	0	
332	0	
333	0	
334	0	
335	0	
336	0	
337	0	
338	0	
339	0	
340	0	
341	0	
342	0	
343	0	
344	0	
345	0	
346	0	
347	0	
348	0	
349	0	
350	0	
351	0	
352	0	
353	0	
354	0	
355	0	
356	0	
357	0	
358	0	
359	0	
360	0	
361	0	
362	0	
363	0	
364	0	
365	0	
366	0	
367	0	
368	0	
369	0	
370	0	
371	0	
372	0	
373	0	
374	0	
375	0	
376	0	
377	0	
378	0	
379	0	
380	0	
381	0	
382	0	
383	0	
384	0	
385	0	
386	0	
387	0	
388	0	
389	0	
390	0	
391	0	
392	0	
393	0	
394	0	
395	0	
396	0	
397	0	
398	0	
399	0	
400	0	
401	0	
402	0	
403	0	
404	0	
405	0	
406	0	
407	0	
408	0	
409	0	
410	0	
411	0	
412	0	
413	0	
414	0	
415	0	
416	0	
417	0	
418	0	
419	0	
420	0	
421	0	
422	0	
423	0	
424	0	
425	0	
426	0	
427	0	
428	0	
429	0	
430	0	
431	0	
432	0	
433	0	
434	0	
435	0	
436	0	
437	0	
438	0	
439	0	
440	0	
441	0	
442	0	
443	0	
444	0	
445	0	
446	2.500000e-005	
447	5.000000e-005	
448	7.500000e-005	
449	2.500000e-005	
450	2.500000e-005	
451	2.500000e-005	
452	2.500000e-005	
453	2.500000e-005	
454	2.500000e-005	
455	7.500000e-005	
456	1.000000e-004	
457	1.250000e-004	
458	2.000000e-004	
459	2.000000e-004	
460	1.000000e-004	
461	5.000000e-005	
462	0	
463	0	
464	0	
465	0	
466	0	
467	0	
468	0	
469	0	
470	0	
471	0	
472	0	
473	0	
474	0	
475	0	
476	0	
477	0	
478	0	
479	0	
480	0	
481	0	
482	0	
483	0	
484	0	
485	0	
486	0	
487	0	
488	0	
489	0	
490	0	
491	0	
492	0	
493	0	
494	0	
495	0	
496	0	
497	0	
498	0	
499	0	
500	0	
501	0	
502	0	
503	0	
504	0	
505	0	
506	0	
507	0	
508	0	
509	0	
510	0	
511	0	
512	0	
513	0	
514	0	
515	0	
516	0	
517	0	
518	0	
519	0	
520	0	
521	0	
522	0	
523	0	
524	0	
525	0	
526	0	
527	0	
528	0	
529	0	
530	0	
531	0	
532	0	
533	0	
534	0	
535	0	
536	0	
537	0	
538	0	
539	0	
540	0	
541	0	
542	0	
543	0	
544	0	
545	0	
546	0	
547	0	
548	0	
549	0	
550	0	
551	0	
552	0	
553	0	
554	0	
555	0	
556	0	
557	0	
558	0	
559	0	
560	0	
561	0	
562	0	
563	0	
564	0	
565	0	
566	0	
567	0	
568	0	
569	0	
570	0	
571	0	
572	0	
573	0	
574	2.500000e-005	
575	7.500000e-005	
576	2.250000e-004	
577	1.250000e-004	
578	1.250000e-004	
579	1.000000e-004	
580	1.500000e-004	
581	1.750000e-004	
582	1.500000e-004	
583	2.000000e-004	
584	2.000000e-004	
585	3.250000e-004	
586	3.500000e-004	
587	2.500000e-004	
588	3.000000e-004	
589	2.250000e-004	
590	1.750000e-004	
591	1.250000e-004	
592	1.500000e-004	
593	2.750000e-004	
594	2.750000e-004	
595	2.500000e-004	
596	3.250000e-004	
597	5.250000e-004	
598	4.000000e-004	
599	4.750000e-004	
600	4.250000e-004	
601	3.500000e-004	
602	3.250000e-004	
603	3.750000e-004	
604	2.750000e-004	
605	4.500000e-004	
606	4.500000e-004	
607	5.750000e-004	
608	6.000000e-004	
609	6.250000e-004	
610	6.000000e-004	
611	6.000000e-004	
612	5.500000e-004	
613	8.000000e-004	
614	7.500000e-004	
615	8.000000e-004	
616	8.000000e-004	
617	8.250000e-004	
618	8.250000e-004	
619	7.250000e-004	
620	6.250000e-004	
621	9.000000e-004	
622	1.075000e-003	
623	9.500000e-004	
624	8.500000e-004	
625	1.050000e-003	
626	1.075000e-003	
627	9.250000e-004	
628	1.025000e-003	
629	9.500000e-004	
630	1.200000e-003	
631	1.350000e-003	
632	1.175000e-003	
633	1.225000e-003	
634	1.150000e-003	
635	8.750000e-004	
636	9.000000e-004	
637	9.250000e-004	
638	8.750000e-004	
639	9.750000e-004	
640	1.025000e-003	
641	1.025000e-003	
642	9.750000e-004	
643	1.025000e-003	
644	9.000000e-004	
645	1.175000e-003	
646	1.050000e-003	
647	1.125000e-003	
648	1.000000e-003	
649	1.075000e-003	
650	1.400000e-003	
651	1.275000e-003	
652	1.225000e-003	
653	1.175000e-003	
654	1.350000e-003	
655	1.400000e-003	
656	1.100000e-003	
657	1.100000e-003	
658	1.275000e-003	
659	1.175000e-003	
660	1.175000e-003	
661	1.225000e-003	
662	1.400000e-003	
663	1.550000e-003	
664	1.675000e-003	
665	1.750000e-003	
666	1.775000e-003	
667	2.150000e-003	
668	1.950000e-003	
669	2.125000e-003	
670	1.950000e-003	
671	1.925000e-003	
672	2.350000e-003	
673	2.300000e-003	
674	2.450000e-003	
675	3.275000e-003	
676	3.575000e-003	
677	3.750000e-003	
678	3.825000e-003	
679	4.075000e-003	
680	4.100000e-003	
681	4.050000e-003	
682	4.050000e-003	
683	4.175000e-003	
684	4.375000e-003	
685	4.300000e-003	
686	4.500000e-003	
687	4.300000e-003	
688	4.200000e-003	
689	4.750000e-003	
690	4.800000e-003	
691	4.775000e-003	
692	5.200000e-003	
693	5.025000e-003	
694	5.100000e-003	
695	4.750000e-003	
696	6.050000e-003	
697	5.825000e-003	
698	4.800000e-003	
699	4.525000e-003	
700	5.025000e-003	
701	4.975000e-003	
702	4.825000e-003	
703	4.850000e-003	
704	4.650000e-003	
705	5.225000e-003	
706	5.600000e-003	
707	5.825000e-003	
708	5.850000e-003	
709	5.100000e-003	
710	5.900000e-003	
711	5.450000e-003	
712	5.675000e-003	
713	5.625000e-003	
714	5.975000e-003	
715	6.350000e-003	
716	5.450000e-003	
717	5.800000e-003	
718	6.575000e-003	
719	6.025000e-003	
720	5.400000e-003	
721	4.950000e-003	
722	5.200000e-003	
723	5.775000e-003	
724	5.550000e-003	
725	5.300000e-003	
726	5.125000e-003	
727	5.025000e-003	
728	5.075000e-003	
729	5.325000e-003	
730	5.250000e-003	
731	5.375000e-003	
732	5.025000e-003	
733	4.675000e-003	
734	3.925000e-003	
735	3.475000e-003	
736	3.550000e-003	
737	2.850000e-003	
738	2.650000e-003	
739	2.200000e-003	
740	2.200000e-003	
741	2.200000e-003	
742	1.825000e-003	
743	1.675000e-003	
744	1.625000e-003	
745	1.325000e-003	
746	6.000000e-004	
747	4.750000e-004	
748	4.250000e-004	
749	4.250000e-004	
750	3.250000e-004	
751	3.000000e-004	
752	3.250000e-004	
753	3.500000e-004	
754	4.500000e-004	
755	4.750000e-004	
756	6.000000e-004	
757	8.750000e-004	
758	9.250000e-004	
759	6.250000e-004	
760	4.750000e-004	
761	3.750000e-004	
762	4.000000e-004	
763	4.000000e-004	
764	4.500000e-004	
765	5.250000e-004	
766	3.500000e-004	
767	4.750000e-004	
768	4.500000e-004	
769	4.500000e-004	
770	4.500000e-004	
771	3.750000e-004	
772	4.000000e-004	
773	4.250000e-004	
774	3.250000e-004	
775	3.250000e-004	
776	2.250000e-004	
777	1.000000e-004	
778	5.000000e-005	
779	1.250000e-004	
780	2.500000e-004	
781	2.500000e-004	
782	2.000000e-004	
783	5.000000e-005	
784	2.500000e-005	
785	0	
786	0	
787	0	
788	0	
789	0	
790	0	
791	0	
792	0	
793	0	
794	0	
795	0	
796	0	
797	0	
798	0	
799	0	
800	0	
801	0	
802	0	
803	0	
804	0	
805	0	
806	0	
807	0	
808	0	
809	0	
810	0	
811	0	
812	0	
813	0	
814	0	
815	0	
816	0	
817	0	
818	0	
819	0	
820	0	
821	0	
822	0	
823	0	
824	0	
825	0	
826	0	
827	0	
828	0	
829	0	
830	0	
831	0	
832	0	
833	0	
834	0	
835	0	
836	0	
837	0	
838	0	
839	0	
840	0	
841	0	
842	0	
843	0	
844	0	
845	0	
846	0	
847	0	
848	0	
849	0	
850	0	
851	0	
852	0	
853	0	
854	0	
855	0	
856	0	
857	0	
858	0	
859	0	
860	0	
861	0	
862	0	
863	0	
864	0	
865	0	
866	0	
867	0	
868	0	
869	0	
870	0	
871	0	
872	0	
873	0	
874	0	
875	0	
876	0	
877	0	
878	0	
879	0	
880	0	
881	0	
882	0	
883	0	
884	0	
885	0	
886	0	
887	0	
888	0	
889	0	
890	0	
891	0	
892	0	
893	0	
894	0	
895	0	
896	2.500000e-005	
897	0	
898	0	
899	0	
900	0	
901	0	
902	0	
903	0	
904	0	
905	0	
906	0	
907	0	
908	0	
909	0	
910	0	
911	0	
912	0	
913	0	
914	0	
915	0	
916	0	
917	0	
918	0	
919	0	
920	0	
921	0	
922	0	
923	0	
924	0	
925	0	
926	0	
927	0	
928	0	
929	0	
930	0	
931	0	
932	0	
933	0	
934	0	
935	0	
936	0	
937	0	
938	0	
939	0	
940	0	
941	0	
942	0	
943	0	
944	0	
945	0	
946	0	
947	0	
948	0	
949	0	
950	0	
951	0	
952	0	
953	0	
954	0	
955	0	
956	0	
957	0	
958	0	
959	0	
960	0	
961	0	
962	0	
963	0	
964	0	
965	0	
966	0	
967	0	
968	0	
969	0	
970	0	
971	0	
972	0	
973	0	
974	0	
975	0	
976	0	
977	0	
978	0	
979	0	
980	0	
981	0	
982	0	
983	0	
984	0	
985	0	
986	0	
987	0	
988	0	
989	0	
990	0	
991	0	
992	0	
993	0	
994	0	
995	0	
996	0	
997	0	
998	0	
999	0	
1000	0	
1001	0	
1002	0	
1003	0	
1004	0	
1005	0	
1006	0	
1007	0	
1008	0	
1009	0	
1010	0	
1011	0	
1012	0	
1013	0	
1014	0	
1015	0	
1016	0	
1017	0	
1018	0	
1019	0	
1020	0	
1021	0	
1022	0	
1023	0	
1024	0	
1025	0	
1026	0	
1027	0	
1028	0	
1029	0	
1030	0	
1031	0	
1032	0	
1033	0	
1034	0	
1035	0	
1036	0	
1037	0	
1038	0	
1039	0	
1040	0	
1041	0	
1042	0	
1043	0	
1044	0	
1045	0	
1046	0	
1047	0	
1048	0	
1049	0	
1050	0	
1051	0	
1052	0	
1053	0	
1054	0	
1055	0	
1056	0	
1057	0	
1058	0	
1059	0	
1060	0	
1061	0	
1062	0	
1063	0	
1064	0	
1065	0	
1066	0	
1067	0	
1068	0	
1069	0	
1070	0	
1071	0	
1072	0	
1073	0	
1074	0	
1075	0	
1076	0	
1077	0	
1078	0	
1079	0	
1080	0	
1081	0	
1082	0	
1083	0	
1084	0	
1085	0	
1086	0	
1087	0	
1088	0	
1089	0	
1090	0	
1091	0	
1092	0	
1093	0	
1094	0	
1095	0	
1096	0	
1097	0	
1098	0	
1099	0	
1100	0	
1101	0	
1102	0	
1103	0	
1104	0	
1105	0	
1106	2.500000e-005	
1107	1.000000e-004	
1108	1.000000e-004	
1109	7.500000e-005	
1110	7.500000e-005	
1111	2.500000e-005	
1112	0	
1113	0	
1114	0	
1115	0	
1116	0	
1117	0	
1118	0	
1119	0	
1120	0	
1121	0	
1122	0	
1123	0	
1124	0	
1125	0	
1126	0	
1127	0	
1128	0	
1129	0	
1130	0	
1131	0	
1132	0	
1133	0	
1134	0	
1135	0	
1136	0	
1137	0	
1138	0	
1139	0	
1140	0	
1141	0	
1142	0	
1143	0	
1144	0	
1145	0	
1146	0	
1147	0	
1148	0	
1149	0	
1150	0	
1151	0	
1152	0	
1153	0	
1154	0	
1155	0	
1156	0	
1157	0	
1158	0	
1159	0	
1160	0	
1161	0	
1162	0	
1163	0	
1164	0	
1165	0	
1166	0	
1167	0	
1168	0	
1169	0	
1170	0	
1171	0	
1172	0	
1173	0	
1174	0	
1175	2.500000e-005	
1176	0	
1177	0	
1178	0	
1179	0	
1180	0	
1181	0	
1182	0	
1183	0	
1184	0	
1185	0	
1186	0	
1187	0	
1188	0	
1189	0	
1190	0	
1191	0	
1192	0	
1193	0	
1194	0	
1195	0	
1196	0	
1197	0	
1198	0	
1199	0	
1200	0	
1201	0	
1202	0	
1203	0	
1204	0	
1205	0	
1206	0	
1207	0	
1208	0	
1209	0	
1210	0	
1211	0	
1212	0	
1213	0	
1214	0	
1215	0	
1216	0	
1217	0	
1218	0	
1219	0	
1220	0	
1221	0	
1222	0	
1223	0	
1224	0	
1225	0	
1226	0	
1227	0	
1228	0	
1229	0	
1230	0	
1231	0	
1232	0	
1233	0	
1234	0	
1235	0	
1236	0	
1237	0	
1238	0	
1239	0	
1240	0	
1241	0	
1242	0	
1243	0	
1244	0	
1245	0	
1246	0	
1247	0	
1248	0	
1249	0	
1250	0	
1251	0	
1252	0	
1253	0	
1254	0	
1255	0	
1256	0	
1257	0	
1258	0	
1259	0	
1260	0	
1261	0	
1262	0	
1263	0	
1264	0	
1265	0	
1266	0	
1267	0	
1268	0	
1269	0	
1270	0	
1271	0	
1272	0	
1273	0	
1274	0	
1275	0	
1276	0	
1277	0	
1278	0	
1279	0	
1280	0	
1281	0	
1282	0	
1283	0	
1284	0	
1285	0	
1286	0	
1287	0	
1288	0	
1289	0	
1290	0	
1291	0	
1292	0	
1293	0	
1294	0	
1295	0	
1296	0	
1297	0	
1298	0	
1299	0	
1300	0	
1301	0	
1302	0	
1303	0	
1304	0	
1305	0	
1306	0	
1307	0	
1308	0	
1309	0	
1310	0	
1311	0	
1312	0	
1313	0	
1314	0	
1315	0	
1316	0	
1317	0	
1318	0	
1319	0	
1320	0	
1321	0	
1322	0	
1323	0	
1324	0	
1325	0	
1326	0	
1327	0	
1328	0	
1329	0	
1330	0	
1331	0	
1332	0	
1333	0	
1334	0	
1335	0	
1336	0	
1337	0	
1338	0	
1339	0	
1340	0	
1341	0	
1342	0	
1343	0	
1344	0	
1345	0	
1346	0	
1347	0	
1348	0	
1349	0	
1350	0	
1351	0	
1352	0	
1353	0	
1354	0	
1355	0	
1356	0	
1357	0	
1358	0	
1359	0	
1360	0	
1361	0	
1362	0	
1363	0	
1364	0	
1365	0	
1366	0	
1367	0	
1368	0	
1369	0	
1370	0	
1371	0	
1372	0	
1373	0	
1374	0	
1375	0	
1376	0	
1377	0	
1378	0	
1379	0	
1380	0	
1381	0	
1382	0	
1383	0	
1384	0	
1385	0	
1386	0	
1387	0	
1388	0	
1389	0	
1390	0	
1391	0	
1392	0	
1393	0	
1394	0	
1395	0	
1396	0	
1397	0	
1398	0	
1399	0	
1400	0	
1401	0	
1402	0	
1403	0	
1404	0	
1405	0	
1406	0	
1407	0	
1408	0	
1409	0	
1410	0	
1411	0	
1412	0	
1413	0	
1414	0	
1415	0	
1416	0	
1417	0	
1418	0	
1419	0	
1420	0	
1421	0	
1422	0	
1423	0	
1424	0	
1425	0	
1426	0	
1427	0	
1428	0	
1429	0	
1430	0	
1431	0	
1432	0	
1433	0	
1434	0	
1435	0	
1436	0	
1437	0	
1438	0	
1439	0	
1440	0	
1441	0	
1442	0	
1443	0	
1444	0	
1445	0	
1446	0	
1447	0	
1448	0	
1449	0	
1450	0	
1451	0	
1452	0	
1453	0	
1454	0	
1455	0	
1456	0	
1457	0	
1458	0	
1459	0	
1460	0	
1461	0	
1462	0	
1463	0	
1464	0	
1465	0	
1466	0	
1467	0	
1468	0	
1469	0	
1470	0	
1471	0	
1472	0	
1473	0	
1474	0	
1475	0	
1476	0	
1477	0	
1478	0	
1479	0	
1480	0	
1481	0	
1482	0	
1483	0	
1484	0	
1485	0	
1486	0	
1487	0	
1488	0	
1489	0	
1490	0	
1491	0	
1492	0	
1493	0	
1494	0	
1495	0	
1496	0	
1497	0	
1498	0	
1499	0	
1500	0	
1501	0	
1502	0	
1503	0	
1504	0	
1505	0	
1506	0	
1507	0	
1508	0	
1509	0	
1510	0	
1511	0	
1512	0	
1513	0	
1514	2.500000e-005	
1515	1.000000e-004	
1516	1.750000e-004	
1517	2.500000e-004	
1518	3.500000e-004	
1519	8.000000e-004	
1520	9.750000e-004	
1521	7.750000e-004	
1522	1.075000e-003	
1523	1.375000e-003	
1524	1.275000e-003	
1525	1.750000e-003	
1526	1.825000e-003	
1527	2.150000e-003	
1528	2.325000e-003	
1529	2.300000e-003	
1530	2.000000e-003	
1531	2.300000e-003	
1532	2.500000e-003	
1533	2.875000e-003	
1534	2.650000e-003	
1535	2.975000e-003	
1536	3.425000e-003	
1537	3.350000e-003	
1538	3.500000e-003	
1539	3.950000e-003	
1540	4.075000e-003	
1541	4.200000e-003	
1542	4.125000e-003	
1543	4.000000e-003	
1544	4.050000e-003	
1545	4.350000e-003	
1546	4.400000e-003	
1547	4.575000e-003	
1548	4.850000e-003	
1549	4.650000e-003	
1550	4.800000e-003	
1551	5.225000e-003	
1552	5.350000e-003	
1553	5.900000e-003	
1554	6.050000e-003	
1555	6.275000e-003	
1556	6.800000e-003	
1557	6.550000e-003	
1558	6.450000e-003	
1559	7.000000e-003	
1560	7.075000e-003	
1561	7.675000e-003	
1562	8.150000e-003	
1563	8.950000e-003	
1564	9.550000e-003	
1565	1.000000e-002	
1566	1.020000e-002	
1567	1.000000e-002	
1568	1.042500e-002	
1569	1.015000e-002	
1570	1.097500e-002	
1571	1.015000e-002	
1572	1.042500e-002	
1573	1.045000e-002	
1574	1.122500e-002	
1575	1.145000e-002	
1576	1.220000e-002	
1577	1.175000e-002	
1578	1.140000e-002	
1579	1.095000e-002	
1580	1.045000e-002	
1581	1.110000e-002	
1582	1.055000e-002	
1583	1.047500e-002	
1584	1.002500e-002	
1585	1.047500e-002	
1586	1.010000e-002	
1587	1.000000e-002	
1588	9.700000e-003	
1589	9.400000e-003	
1590	1.007500e-002	
1591	9.250000e-003	
1592	9.350000e-003	
1593	9.350000e-003	
1594	9.200000e-003	
1595	9.375000e-003	
1596	8.675000e-003	
1597	7.750000e-003	
1598	7.300000e-003	
1599	7.275000e-003	
1600	7.475000e-003	
1601	7.100000e-003	
1602	5.725000e-003	
1603	4.750000e-003	
1604	3.750000e-003	
1605	2.900000e-003	
1606	2.225000e-003	
1607	1.475000e-003	
1608	9.750000e-004	
1609	5.000000e-004	
1610	3.750000e-004	
1611	7.500000e-005	
1612	0	
1613	0	
1614	0	
1615	0	
1616	0	
1617	0	
1618	0	
1619	0	
1620	0	
1621	0	
1622	0	
1623	0	
1624	0	
1625	0	
1626	0	
1627	0	
1628	0	
1629	0	
1630	0	
1631	0	
1632	0	
1633	0	
1634	0	
1635	0	
1636	0	
1637	0	
1638	0	
1639	0	
1640	0	
1641	0	
1642	0	
1643	0	
1644	0	
1645	0	
1646	0	
1647	0	
1648	0	
1649	0	
1650	0	
1651	0	
1652	0	
1653	0	
1654	0	
1655	0	
1656	0	
1657	0	
1658	0	
1659	0	
1660	0	
1661	0	
1662	0	
1663	0	
1664	0	
1665	0	
1666	0	
1667	0	
1668	0	
1669	0	
1670	0	
1671	0	
1672	0	
1673	0	
1674	0	
1675	0	
1676	0	
1677	0	
1678	0	
1679	0	
1680	0	
1681	0	
1682	0	
1683	0	
1684	0	
1685	0	
1686	0	
1687	0	
1688	0	
1689	0	
1690	0	
1691	0	
1692	0	
1693	0	
1694	0	
1695	0	
1696	0	
1697	0	
1698	0	
1699	0	
1700	0	
1701	0	
1702	0	
1703	0	
1704	0	
1705	0	
1706	0	
1707	0	
1708	0	
1709	0	
1710	0	
1711	0	
1712	0	
1713	0	
1714	0	
1715	0	
1716	0	
1717	0	
1718	0	
1719	0	
1720	0	
1721	0	
1722	0	
1723	0	
1724	0	
1725	0	
1726	0	
1727	0	
1728	0	
1729	2.500000e-005	
1730	5.000000e-005	
1731	5.000000e-005	
1732	2.500000e-005	
1733	0	
1734	0	
1735	0	
1736	0	
1737	0	
1738	0	
1739	0	
1740	0	
1741	0	
1742	0	
1743	0	
1744	0	
1745	0	
1746	0	
1747	0	
1748	0	
1749	0	
1750	0	
1751	0	
1752	0	
1753	0	
1754	0	
1755	0	
1756	0	
1757	0	
1758	0	
1759	0	
1760	0	
1761	0	
1762	0	
1763	0	
1764	0	
1765	0	
1766	0	
1767	0	
1768	0	
1769	0	
1770	0	
1771	0	
1772	0	
1773	0	
1774	0	
1775	0	
1776	0	
1777	0	
1778	0	
1779	0	
1780	0	
1781	0	
1782	0	
1783	0	
1784	0	
1785	0	
1786	0	
1787	0	
1788	0	
1789	0	
1790	0	
1791	0	
1792	0	
1793	0	
1794	0	
1795	0	
1796	0	
1797	0	
1798	0	
1799	0	
1800	0	
1801	0	
1802	0	
1803	0	
1804	0	
1805	0	
1806	0	
1807	0	
1808	0	
1809	0	
1810	0	
1811	0	
1812	0	
1813	0	
1814	0	
1815	0	
1816	0	
1817	0	
1818	0	
1819	0	
1820	0	
1821	0	
1822	0	
1823	0	
1824	0	
1825	0	
1826	0	
1827	0	
1828	0	
1829	0	
1830	2.500000e-005	
1831	2.500000e-005	
1832	2.500000e-005	
1833	5.000000e-005	
1834	5.000000e-005	
1835	5.000000e-005	
1836	5.000000e-005	
1837	5.000000e-005	
1838	2.500000e-005	
1839	0	
1840	0	
1841	0	
1842	0	
1843	0	
1844	0	
1845	0	
1846	0	
1847	0	
1848	0	
1849	0	
1850	0	
1851	0	
1852	0	
1853	0	
1854	0	
1855	0	
1856	0	
1857	0	
1858	0	
1859	0	
1860	0	
1861	0	
1862	0	
1863	0	
1864	0	
1865	0	
1866	0	
1867	0	
1868	0	
1869	0	
1870	0	
1871	0	
1872	0	
1873	0	
1874	0	
1875	0	
1876	0	
1877	0	
1878	0	
1879	0	
1880	0	
1881	0	
1882	0	
1883	0	
1884	0	
1885	0	
1886	0	
1887	0	
1888	0	
1889	0	
1890	0	
1891	0	
1892	0	
1893	0	
1894	0	
1895	0	
1896	0	
1897	0	
1898	2.500000e-005	
1899	2.500000e-005	
1900	7.500000e-005	
1901	1.000000e-004	
1902	2.500000e-005	
1903	2.500000e-005	
1904	2.500000e-005	
1905	2.500000e-005	
1906	5.000000e-005	
1907	2.500000e-005	
1908	0	
1909	0	
1910	0	
1911	0	
1912	0	
1913	0	
1914	0	
1915	0	
1916	0	
1917	0	
1918	0	
1919	0	
1920	0	
1921	0	
1922	0	
1923	0	
1924	0	
1925	0	
1926	0	
1927	0	
1928	0	
1929	0	
1930	0	
1931	0	
1932	0	
1933	0	
1934	0	
1935	0	
1936	0	
1937	0	
1938	0	
1939	0	
1940	0	
1941	0	
1942	0	
1943	0	
1944	0	
1945	0	
1946	0	
1947	0	
1948	0	
1949	0	
1950	0	
1951	0	
1952	0	
1953	0	
1954	0	
1955	0	
1956	0	
1957	0	
1958	0	
1959	0	
1960	0	
1961	0	
1962	0	
1963	0	
1964	0	
1965	0	
1966	0	
1967	0	
1968	0	
1969	0	
1970	0	
1971	0	
1972	0	
1973	0	
1974	0	
1975	0	
1976	0	
1977	0	
1978	0	
1979	0	
1980	0	
1981	0	
1982	0	
1983	0	
1984	0	
1985	0	
1986	0	
1987	0	
1988	0	
1989	0	
1990	0	
1991	0	
1992	0	
1993	0	
1994	0	
1995	0	
1996	0	
1997	0	
1998	0	
1999	0	
2000	2.500000e-005	
2001	2.500000e-005	
2002	2.500000e-005	
2003	2.500000e-005	
2004	5.000000e-005	
2005	1.000000e-004	
2006	5.000000e-005	
2007	1.000000e-004	
2008	2.500000e-005	
2009	7.500000e-005	
2010	5.000000e-005	
2011	1.250000e-004	
2012	1.250000e-004	
2013	1.000000e-004	
2014	7.500000e-005	
2015	2.500000e-005	
2016	2.500000e-005	
2017	1.000000e-004	
2018	1.250000e-004	
2019	1.000000e-004	
2020	2.250000e-004	
2021	1.750000e-004	
2022	2.500000e-004	
2023	2.250000e-004	
2024	3.000000e-004	
2025	4.000000e-004	
2026	3.000000e-004	
2027	2.000000e-004	
2028	1.000000e-004	
2029	1.250000e-004	
2030	2.250000e-004	
2031	2.250000e-004	
2032	2.750000e-004	
2033	2.250000e-004	
2034	2.500000e-004	
2035	2.250000e-004	
2036	4.000000e-004	
2037	3.000000e-004	
2038	2.750000e-004	
2039	1.750000e-004	
2040	1.750000e-004	
2041	1.250000e-004	
2042	1.250000e-004	
2043	7.500000e-005	
2044	1.000000e-004	
2045	1.500000e-004	
2046	2.000000e-004	
2047	1.000000e-004	
2048	1.000000e-004	
2049	1.500000e-004	
2050	1.750000e-004	
2051	7.500000e-005	
2052	5.000000e-005	
2053	2.500000e-005	
2054	2.500000e-005	
2055	2.500000e-005	
2056	0	
2057	0	
2058	0	
2059	0	
2060	0	
2061	0	
2062	0	
2063	0	
2064	0	
2065	0	
2066	0	
2067	0	
2068	0	
2069	0	
2070	0	
2071	0	
2072	0	
2073	0	
2074	0	
2075	0	
2076	0	
2077	0	
2078	0	
2079	0	
2080	0	
2081	0	
2082	0	
2083	0	
2084	0	
2085	0	
2086	0	
2087	0	
2088	0	
2089	0	
2090	0	
2091	0	
2092	0	
2093	0	
2094	0	
2095	0	
2096	0	
2097	0	
2098	0	
2099	0	
2100	0	
2101	0	
2102	0	
2103	0	
2104	0	
2105	0	
2106	0	
2107	0	
2108	0	
2109	0	
2110	0	
2111	0	
2112	0	
2113	0	
2114	0	
2115	0	
2116	0	
2117	0	
2118	0	
2119	0	
2120	0	
2121	0	
2122	0	
2123	0	
2124	0	
2125	0	
2126	0	
2127	0	
2128	0	
2129	0	
2130	0	
2131	0	
2132	0	
2133	0	
2134	0	
2135	0	
2136	0	
2137	2.500000e-005	
2138	7.500000e-005	
2139	1.500000e-004	
2140	1.250000e-004	
2141	1.250000e-004	
2142	1.500000e-004	
2143	1.750000e-004	
2144	2.250000e-004	
2145	1.750000e-004	
2146	2.000000e-004	
2147	3.750000e-004	
2148	5.500000e-004	
2149	3.500000e-004	
2150	3.000000e-004	
2151	3.250000e-004	
2152	3.500000e-004	
2153	3.500000e-004	
2154	5.000000e-004	
2155	3.000000e-004	
2156	3.000000e-004	
2157	4.250000e-004	
2158	4.750000e-004	
2159	5.500000e-004	
2160	8.250000e-004	
2161	1.050000e-003	
2162	1.000000e-003	
2163	9.750000e-004	
2164	1.200000e-003	
2165	1.375000e-003	
2166	1.250000e-003	
2167	1.325000e-003	
2168	1.475000e-003	
2169	1.550000e-003	
2170	1.650000e-003	
2171	2.050000e-003	
2172	2.075000e-003	
2173	2.125000e-003	
2174	1.875000e-003	
2175	2.175000e-003	
2176	2.225000e-003	
2177	2.000000e-003	
2178	2.075000e-003	
2179	2.250000e-003	
2180	2.250000e-003	
2181	3.050000e-003	
2182	3.500000e-003	
2183	3.625000e-003	
2184	3.675000e-003	
2185	3.550000e-003	
2186	4.225000e-003	
2187	4.600000e-003	
2188	4.250000e-003	
2189	4.500000e-003	
2190	4.925000e-003	
2191	5.050000e-003	
2192	5.200000e-003	
2193	5.100000e-003	
2194	5.450000e-003	
2195	5.725000e-003	
2196	5.525000e-003	
2197	5.375000e-003	
2198	5.900000e-003	
2199	5.450000e-003	
2200	5.300000e-003	
2201	5.250000e-003	
2202	6.000000e-003	
2203	6.300000e-003	
2204	6.825000e-003	
2205	7.025000e-003	
2206	7.075000e-003	
2207	7.100000e-003	
2208	6.750000e-003	
2209	6.350000e-003	
2210	6.425000e-003	
2211	6.975000e-003	
2212	7.675000e-003	
2213	7.300000e-003	
2214	6.725000e-003	
2215	6.900000e-003	
2216	6.975000e-003	
2217	7.225000e-003	
2218	7.450000e-003	
2219	7.425000e-003	
2220	7.275000e-003	
2221	6.425000e-003	
2222	5.700000e-003	
2223	6.025000e-003	
2224	6.300000e-003	
2225	5.950000e-003	
2226	6.300000e-003	
2227	5.825000e-003	
2228	5.925000e-003	
2229	5.875000e-003	
2230	6.225000e-003	
2231	6.200000e-003	
2232	5.975000e-003	
2233	6.175000e-003	
2234	6.325000e-003	
2235	5.825000e-003	
2236	5.325000e-003	
2237	5.000000e-003	
2238	4.775000e-003	
2239	4.725000e-003	
2240	4.775000e-003	
2241	4.925000e-003	
2242	4.575000e-003	
2243	4.000000e-003	
2244	3.725000e-003	
2245	3.475000e-003	
2246	3.400000e-003	
2247	2.925000e-003	
2248	3.225000e-003	
2249	3.125000e-003	
2250	2.975000e-003	
2251	3.000000e-003	
2252	2.300000e-003	
2253	2.225000e-003	
2254	2.175000e-003	
2255	2.175000e-003	
2256	1.925000e-003	
2257	1.650000e-003	
2258	1.675000e-003	
2259	1.350000e-003	
2260	1.425000e-003	
2261	1.000000e-003	
2262	9.000000e-004	
2263	9.000000e-004	
2264	8.000000e-004	
2265	5.750000e-004	
2266	2.250000e-004	
2267	5.000000e-005	
2268	0	
2269	0	
2270	0	
2271	0	
2272	0	
2273	0	
2274	0	
2275	0	
2276	0	
2277	0	
2278	0	
2279	0	
2280	0	
2281	0	
2282	0	
2283	0	
2284	0	
2285	0	
2286	0	
2287	0	
2288	0	
2289	0	
2290	0	
2291	0	
2292	0	
2293	0	
2294	0	
2295	0	
2296	0	
2297	0	
2298	0	
2299	0	
2300	0	
2301	0	
2302	0	
2303	0	
2304	0	
2305	0	
2306	0	
2307	0	
2308	0	
2309	0	
2310	0	
2311	0	
2312	0	
2313	0	
2314	0	
2315	0	
2316	0	
2317	0	
2318	0	
2319	0	
2320	0	
2321	0	
2322	0	
2323	0	
2324	0	
2325	0	
2326	0	
2327	0	
2328	0	
2329	0	
2330	0	
2331	0	
2332	0	
2333	0	
2334	0	
2335	0	
2336	0	
2337	0	
2338	0	
2339	0	
2340	0	
2341	0	
2342	0	
2343	0	
2344	0	
2345	0	
2346	0	
2347	0	
2348	0	
2349	0	
2350	0	
2351	0	
2352	0	
2353	0	
2354	0	
2355	0	
2356	0	
2357	0	
2358	0	
2359	0	
2360	0	
2361	0	
2362	0	
2363	0	
2364	0	
2365	0	
2366	0	
2367	0	
2368	0	
2369	0	
2370	0	
2371	0	
2372	0	
2373	0	
2374	0	
2375	0	
2376	0	
2377	0	
2378	0	
2379	0	
2380	0	
2381	0	
2382	0	
2383	0	
2384	0	
2385	0	
2386	0	
2387	0	
2388	0	
2389	0	
2390	0	
2391	0	
2392	0	
2393	0	
2394	0	
2395	0	
2396	0	
2397	0	
2398	0	
2399	0	
2400	0	
2401	0	
2402	0	
2403	0	
2404	0	
2405	0	
2406	0	
2407	0	
2408	0	
2409	0	
2410	0	
2411	0	
2412	0	
2413	0	
2414	0	
2415	0	
2416	0	
2417	0	
2418	0	
2419	0	
2420	0	
2421	0	
2422	0	
2423	0	
2424	0	
2425	0	
2426	0	
2427	0	
2428	0	
2429	0	
2430	0	
2431	0	
2432	0	
2433	0	
2434	0	
2435	0	
2436	0	
2437	0	
2438	0	
2439	0	
2440	0	
2441	0	
2442	0	
2443	0	
2444	0	
2445	0	
2446	0	
2447	0	
2448	0	
2449	0	
2450	0	
2451	0	
2452	0	
2453	0	
2454	0	
2455	0	
2456	0	
2457	0	
2458	0	
2459	0	
2460	0	
2461	0	
2462	0	
2463	0	
2464	0	
2465	0	
2466	0	
2467	0	
2468	0	
2469	0	
2470	0	
2471	0	
2472	0	
2473	0	
2474	0	
2475	0	
2476	0	
2477	0	
2478	0	
2479	0	
2480	0	
2481	0	
2482	0	
2483	0	
2484	0	
2485	0	
2486	0	
2487	0	
2488	0	
2489	0	
2490	0	
2491	0	
2492	0	
2493	0	
2494	0	
2495	0	
2496	0	
2497	0	
2498	0	
2499	0	
2500	0	
2501	0	
2502	0	
2503	0	
2504	0	
2505	0	
2506	0	
2507	0	
2508	0	
2509	0	
2510	0	
2511	0	
2512	0	
2513	0	
2514	0	
2515	0	
2516	0	
2517	0	
2518	0	
2519	0	
2520	0	
2521	0	
2522	0	
2523	0	
2524	0	
2525	0	
2526	0	
2527	0	
2528	0	
2529	0	
2530	0	
2531	0	
2532	0	
2533	0	
2534	0	
2535	0	
2536	0	
2537	0	
2538	0	
2539	0	
2540	0	
2541	0	
2542	0	
2543	0	
2544	0	
2545	0	
2546	0	
2547	0	
2548	0	
2549	0	
2550	0	
2551	0	
2552	0	
2553	0	
2554	0	
2555	0	
2556	0	
2557	0	
2558	0	
2559	0	
2560	0	
2561	0	
2562	0	
2563	0	
2564	0	
2565	0	
2566	0	
2567	0	
2568	0	
2569	0	
2570	0	
2571	0	
2572	0	
2573	0	
2574	0	
2575	0	
2576	0	
2577	0	
2578	0	
2579	0	
2580	0	
2581	0	
2582	0	
2583	0	
2584	0	
2585	0	
2586	0	
2587	0	
2588	0	
2589	0	
2590	0	
2591	0	
2592	0	
2593	0	
2594	0	
2595	0	
2596	0	
2597	0	
2598	0	
2599	0	
2600	0	
2601	0	
2602	0	
2603	0	
2604	0	
2605	0	
2606	0	
2607	0	
2608	0	
2609	0	
2610	0	
2611	0	
2612	0	
2613	0	
2614	0	
2615	2.500000e-005	
2616	2.500000e-005	
2617	0	
2618	0	
2619	0	
2620	0	
2621	0	
2622	0	
2623	0	
2624	0	
2625	0	
2626	0	
2627	0	
2628	0	
2629	0	
2630	0	
2631	0	
2632	0	
2633	0	
2634	0	
2635	0	
2636	0	
2637	0	
2638	0	
2639	0	
2640	0	
2641	0	
2642	0	
2643	0	
2644	0	
2645	0	
2646	0	
2647	0	
2648	0	
2649	0	
2650	0	
2651	0	
2652	0	
2653	0	
2654	0	
2655	0	
2656	0	
2657	0	
2658	0	
2659	0	
2660	0	
2661	0	
2662	0	
2663	0	
2664	0	
2665	0	
2666	0	
2667	0	
2668	0	
2669	0	
2670	0	
2671	0	
2672	0	
2673	0	
2674	0	
2675	0	
2676	0	
2677	0	
2678	0	
2679	0	
2680	0	
2681	0	
2682	0	
2683	0	
2684	0	
2685	0	
2686	0	
2687	0	
2688	0	
2689	0	
2690	0	
2691	0	
2692	0	
2693	0	
2694	0	
2695	0	
2696	0	
2697	0	
2698	0	
2699	0	
2700	0	
2701	0	
2702	0	
2703	0	
2704	0	
2705	0	
2706	0	
2707	0	
2708	0	
2709	0	
2710	0	
2711	0	
2712	0	
2713	0	
2714	0	
2715	0	
2716	0	
2717	0	
2718	0	
2719	0	
2720	0	
2721	0	
2722	0	
2723	0	
2724	0	
2725	0	
2726	0	
2727	0	
2728	0	
2729	0	
2730	0	
2731	0	
2732	0	
2733	0	
2734	0	
2735	0	
2736	0	
2737	0	
2738	0	
2739	0	
2740	0	
2741	0	
2742	0	
2743	0	
2744	0	
2745	0	
2746	0	
2747	0	
2748	0	
2749	0	
2750	0	
2751	0	
2752	0	
2753	0	
2754	0	
2755	0	
2756	0	
2757	0	
2758	0	
2759	0	
2760	0	
2761	0	
2762	0	
2763	0	
2764	0	
2765	0	
2766	0	
2767	0	
2768	0	
2769	0	
2770	0	
2771	0	
2772	0	
2773	0	
2774	0	
2775	0	
2776	0	
2777	0	
2778	0	
2779	0	
2780	0	
2781	0	
2782	0	
2783	0	
2784	0	
2785	0	
2786	0	
2787	0	
2788	0	
2789	0	
2790	0	
2791	0	
2792	0	
2793	0	
2794	0	
2795	0	
2796	0	
2797	0	
2798	0	
2799	0	
2800	0	
2801	0	
2802	0	
2803	2.500000e-005	
2804	7.500000e-005	
2805	1.500000e-004	
2806	3.250000e-004	
2807	3.500000e-004	
2808	3.250000e-004	
2809	3.250000e-004	
2810	4.000000e-004	
2811	3.750000e-004	
2812	4.000000e-004	
2813	5.250000e-004	
2814	4.000000e-004	
2815	4.250000e-004	
2816	4.500000e-004	
2817	3.000000e-004	
2818	3.500000e-004	
2819	4.000000e-004	
2820	6.000000e-004	
2821	5.250000e-004	
2822	5.500000e-004	
2823	5.500000e-004	
2824	4.500000e-004	
2825	6.000000e-004	
2826	7.250000e-004	
2827	6.500000e-004	
2828	7.500000e-004	
2829	9.250000e-004	
2830	8.000000e-004	
2831	7.750000e-004	
2832	9.000000e-004	
2833	1.125000e-003	
2834	1.275000e-003	
2835	1.250000e-003	
2836	1.475000e-003	
2837	1.275000e-003	
2838	1.875000e-003	
2839	2.000000e-003	
2840	2.175000e-003	
2841	2.050000e-003	
2842	1.950000e-003	
2843	2.175000e-003	
2844	2.350000e-003	
2845	2.150000e-003	
2846	1.875000e-003	
2847	1.900000e-003	
2848	2.025000e-003	
2849	2.225000e-003	
2850	2.650000e-003	
2851	2.550000e-003	
2852	2.550000e-003	
2853	3.000000e-003	
2854	3.225000e-003	
2855	3.400000e-003	
2856	3.675000e-003	
2857	3.875000e-003	
2858	3.450000e-003	
2859	3.400000e-003	
2860	3.850000e-003	
2861	3.650000e-003	
2862	3.325000e-003	
2863	3.300000e-003	
2864	3.325000e-003	
2865	3.900000e-003	
2866	3.875000e-003	
2867	3.900000e-003	
2868	4.125000e-003	
2869	3.950000e-003	
2870	4.100000e-003	
2871	4.175000e-003	
2872	4.400000e-003	
2873	4.125000e-003	
2874	4.300000e-003	
2875	4.100000e-003	
2876	4.425000e-003	
2877	4.650000e-003	
2878	4.725000e-003	
2879	4.425000e-003	
2880	5.100000e-003	
2881	5.125000e-003	
2882	5.525000e-003	
2883	5.550000e-003	
2884	5.200000e-003	
2885	5.300000e-003	
2886	4.875000e-003	
2887	5.225000e-003	
2888	5.800000e-003	
2889	5.750000e-003	
2890	5.625000e-003	
2891	5.600000e-003	
2892	5.325000e-003	
2893	5.900000e-003	
2894	6.325000e-003	
2895	6.250000e-003	
2896	6.575000e-003	
2897	6.625000e-003	
2898	6.425000e-003	
2899	6.700000e-003	
2900	6.250000e-003	
2901	5.325000e-003	
2902	5.775000e-003	
2903	5.575000e-003	
2904	6.775000e-003	
2905	6.650000e-003	
2906	6.650000e-003	
2907	7.200000e-003	
2908	7.425000e-003	
2909	8.100000e-003	
2910	7.825000e-003	
2911	8.150000e-003	
2912	7.950000e-003	
2913	6.900000e-003	
2914	6.625000e-003	
2915	6.400000e-003	
2916	6.750000e-003	
2917	7.275000e-003	
2918	6.900000e-003	
2919	6.075000e-003	
2920	5.075000e-003	
2921	4.750000e-003	
2922	4.875000e-003	
2923	4.100000e-003	
2924	4.200000e-003	
2925	3.175000e-003	
2926	3.075000e-003	
2927	2.850000e-003	
2928	3.350000e-003	
2929	3.175000e-003	
2930	3.000000e-003	
2931	2.500000e-003	
2932	1.725000e-003	
2933	2.050000e-003	
2934	1.650000e-003	
2935	1.575000e-003	
2936	1.900000e-003	
2937	1.675000e-003	
2938	1.500000e-003	
2939	1.725000e-003	
2940	1.500000e-003	
2941	1.200000e-003	
2942	1.175000e-003	
2943	1.225000e-003	
2944	1.025000e-003	
2945	1.350000e-003	
2946	1.200000e-003	
2947	1.150000e-003	
2948	8.250000e-004	
2949	6.500000e-004	
2950	5.750000e-004	
2951	2.750000e-004	
2952	7.500000e-005	
2953	5.000000e-005	
2954	0	
2955	0	
2956	0	
2957	0	
2958	0	
2959	0	
2960	0	
2961	0	
2962	0	
2963	0	
2964	0	
2965	0	
2966	0	
2967	0	
2968	0	
2969	0	
2970	0	
2971	0	
2972	0	
2973	0	
2974	0	
2975	0	
2976	0	
2977	0	
2978	0	
2979	0	
2980	0	
2981	0	
2982	0	
2983	0	
2984	0	
2985	0	
2986	0	
2987	0	
2988	0	
2989	0	
2990	0	
2991	0	
2992	0	
2993	0	
2994	0	
2995	0	
2996	0	
2997	0	
2998	0	
2999	0	
3000	0	
3001	0	
