1	0	
2	0	
3	0	
4	0	
5	0	
6	0	
7	0	
8	0	
9	0	
10	0	
11	0	
12	0	
13	0	
14	0	
15	0	
16	0	
17	0	
18	0	
19	0	
20	0	
21	0	
22	0	
23	0	
24	0	
25	0	
26	2.500000e-005	
27	7.500000e-005	
28	1.250000e-004	
29	1.500000e-004	
30	1.500000e-004	
31	1.750000e-004	
32	2.000000e-004	
33	2.250000e-004	
34	3.000000e-004	
35	3.500000e-004	
36	3.500000e-004	
37	5.750000e-004	
38	5.750000e-004	
39	7.750000e-004	
40	8.500000e-004	
41	9.000000e-004	
42	9.250000e-004	
43	1.150000e-003	
44	1.000000e-003	
45	9.500000e-004	
46	8.750000e-004	
47	8.750000e-004	
48	1.100000e-003	
49	1.075000e-003	
50	1.150000e-003	
51	1.050000e-003	
52	1.425000e-003	
53	1.575000e-003	
54	1.525000e-003	
55	1.375000e-003	
56	1.325000e-003	
57	1.400000e-003	
58	1.500000e-003	
59	1.400000e-003	
60	1.775000e-003	
61	1.550000e-003	
62	1.575000e-003	
63	1.850000e-003	
64	1.900000e-003	
65	1.825000e-003	
66	2.125000e-003	
67	2.325000e-003	
68	2.250000e-003	
69	2.675000e-003	
70	2.750000e-003	
71	2.675000e-003	
72	3.225000e-003	
73	3.175000e-003	
74	3.250000e-003	
75	3.225000e-003	
76	3.325000e-003	
77	3.950000e-003	
78	3.650000e-003	
79	4.150000e-003	
80	4.525000e-003	
81	5.025000e-003	
82	5.225000e-003	
83	5.525000e-003	
84	4.800000e-003	
85	5.025000e-003	
86	5.550000e-003	
87	6.200000e-003	
88	5.800000e-003	
89	6.275000e-003	
90	6.950000e-003	
91	7.275000e-003	
92	7.475000e-003	
93	8.425000e-003	
94	8.350000e-003	
95	8.075000e-003	
96	8.825000e-003	
97	8.900000e-003	
98	9.100000e-003	
99	9.525000e-003	
100	9.000000e-003	
101	9.275000e-003	
102	9.025000e-003	
103	8.125000e-003	
104	8.000000e-003	
105	8.650000e-003	
106	8.500000e-003	
107	8.150000e-003	
108	7.450000e-003	
109	7.500000e-003	
110	7.925000e-003	
111	8.025000e-003	
112	8.300000e-003	
113	8.250000e-003	
114	7.175000e-003	
115	7.225000e-003	
116	7.500000e-003	
117	7.300000e-003	
118	8.100000e-003	
119	7.975000e-003	
120	8.150000e-003	
121	7.500000e-003	
122	7.600000e-003	
123	7.925000e-003	
124	7.775000e-003	
125	7.850000e-003	
126	7.425000e-003	
127	7.625000e-003	
128	7.450000e-003	
129	6.750000e-003	
130	6.800000e-003	
131	6.700000e-003	
132	6.125000e-003	
133	5.750000e-003	
134	5.250000e-003	
135	4.775000e-003	
136	4.275000e-003	
137	4.025000e-003	
138	3.950000e-003	
139	3.300000e-003	
140	2.675000e-003	
141	2.075000e-003	
142	1.400000e-003	
143	1.350000e-003	
144	9.750000e-004	
145	4.750000e-004	
146	7.500000e-005	
147	5.000000e-005	
148	2.500000e-005	
149	0	
150	0	
151	0	
152	0	
153	0	
154	0	
155	0	
156	0	
157	0	
158	0	
159	0	
160	0	
161	0	
162	0	
163	0	
164	0	
165	0	
166	0	
167	0	
168	0	
169	0	
170	0	
171	0	
172	0	
173	0	
174	0	
175	0	
176	0	
177	0	
178	0	
179	0	
180	0	
181	0	
182	0	
183	0	
184	0	
185	0	
186	0	
187	0	
188	0	
189	0	
190	0	
191	0	
192	0	
193	0	
194	0	
195	0	
196	0	
197	0	
198	0	
199	0	
200	0	
201	0	
202	0	
203	0	
204	0	
205	0	
206	0	
207	0	
208	0	
209	0	
210	0	
211	0	
212	0	
213	0	
214	0	
215	0	
216	0	
217	0	
218	0	
219	0	
220	0	
221	0	
222	0	
223	0	
224	0	
225	0	
226	0	
227	0	
228	0	
229	0	
230	0	
231	0	
232	0	
233	0	
234	0	
235	0	
236	0	
237	0	
238	0	
239	0	
240	0	
241	0	
242	0	
243	0	
244	0	
245	0	
246	0	
247	0	
248	0	
249	0	
250	0	
251	0	
252	0	
253	0	
254	0	
255	0	
256	0	
257	0	
258	0	
259	0	
260	0	
261	0	
262	0	
263	0	
264	0	
265	0	
266	0	
267	0	
268	0	
269	0	
270	0	
271	0	
272	0	
273	0	
274	0	
275	0	
276	0	
277	0	
278	0	
279	0	
280	0	
281	0	
282	0	
283	0	
284	0	
285	0	
286	0	
287	0	
288	0	
289	0	
290	0	
291	0	
292	0	
293	0	
294	0	
295	0	
296	0	
297	0	
298	0	
299	0	
300	0	
301	0	
302	0	
303	0	
304	0	
305	2.500000e-005	
306	0	
307	0	
308	0	
309	0	
310	0	
311	0	
312	0	
313	0	
314	0	
315	0	
316	0	
317	0	
318	0	
319	0	
320	0	
321	0	
322	0	
323	0	
324	0	
325	0	
326	0	
327	0	
328	0	
329	0	
330	0	
331	0	
332	0	
333	0	
334	0	
335	0	
336	0	
337	0	
338	0	
339	0	
340	0	
341	0	
342	0	
343	0	
344	0	
345	0	
346	0	
347	0	
348	0	
349	0	
350	0	
351	0	
352	0	
353	0	
354	0	
355	0	
356	0	
357	0	
358	0	
359	0	
360	0	
361	0	
362	0	
363	0	
364	0	
365	0	
366	0	
367	0	
368	0	
369	0	
370	0	
371	0	
372	0	
373	0	
374	0	
375	0	
376	0	
377	0	
378	0	
379	0	
380	0	
381	0	
382	0	
383	0	
384	0	
385	0	
386	0	
387	0	
388	0	
389	0	
390	0	
391	0	
392	0	
393	0	
394	0	
395	0	
396	0	
397	0	
398	0	
399	0	
400	0	
401	0	
402	0	
403	0	
404	0	
405	0	
406	0	
407	0	
408	0	
409	0	
410	0	
411	0	
412	0	
413	0	
414	0	
415	0	
416	0	
417	0	
418	0	
419	0	
420	0	
421	0	
422	0	
423	0	
424	0	
425	0	
426	0	
427	0	
428	0	
429	0	
430	0	
431	0	
432	0	
433	0	
434	0	
435	0	
436	0	
437	0	
438	0	
439	0	
440	0	
441	0	
442	0	
443	0	
444	0	
445	0	
446	2.500000e-005	
447	0	
448	0	
449	0	
450	0	
451	5.000000e-005	
452	2.250000e-004	
453	1.000000e-004	
454	1.750000e-004	
455	1.750000e-004	
456	1.250000e-004	
457	1.750000e-004	
458	1.000000e-004	
459	2.500000e-005	
460	5.000000e-005	
461	1.500000e-004	
462	2.250000e-004	
463	2.500000e-004	
464	7.500000e-005	
465	2.500000e-005	
466	2.500000e-005	
467	2.500000e-005	
468	2.500000e-005	
469	2.500000e-005	
470	2.500000e-005	
471	0	
472	0	
473	0	
474	0	
475	0	
476	0	
477	0	
478	0	
479	0	
480	0	
481	0	
482	0	
483	0	
484	0	
485	0	
486	0	
487	0	
488	0	
489	0	
490	0	
491	0	
492	0	
493	0	
494	0	
495	0	
496	0	
497	0	
498	0	
499	2.500000e-005	
500	2.500000e-005	
501	2.500000e-005	
502	0	
503	0	
504	0	
505	0	
506	0	
507	0	
508	0	
509	2.500000e-005	
510	1.250000e-004	
511	1.500000e-004	
512	2.000000e-004	
513	2.000000e-004	
514	2.000000e-004	
515	2.250000e-004	
516	2.250000e-004	
517	1.750000e-004	
518	2.250000e-004	
519	1.500000e-004	
520	1.250000e-004	
521	1.000000e-004	
522	1.500000e-004	
523	1.000000e-004	
524	1.250000e-004	
525	1.750000e-004	
526	7.500000e-005	
527	1.000000e-004	
528	7.500000e-005	
529	1.250000e-004	
530	1.500000e-004	
531	1.000000e-004	
532	5.000000e-005	
533	2.500000e-005	
534	5.000000e-005	
535	5.000000e-005	
536	2.500000e-005	
537	0	
538	0	
539	0	
540	0	
541	0	
542	0	
543	0	
544	0	
545	0	
546	0	
547	0	
548	0	
549	0	
550	0	
551	0	
552	0	
553	0	
554	0	
555	0	
556	0	
557	0	
558	0	
559	0	
560	0	
561	0	
562	0	
563	0	
564	0	
565	0	
566	0	
567	0	
568	0	
569	0	
570	0	
571	0	
572	0	
573	0	
574	0	
575	0	
576	0	
577	0	
578	0	
579	0	
580	0	
581	0	
582	0	
583	0	
584	0	
585	0	
586	0	
587	0	
588	0	
589	0	
590	0	
591	0	
592	0	
593	0	
594	0	
595	0	
596	0	
597	0	
598	0	
599	0	
600	0	
601	0	
602	0	
603	0	
604	2.500000e-005	
605	5.000000e-005	
606	7.500000e-005	
607	7.500000e-005	
608	2.500000e-005	
609	0	
610	0	
611	0	
612	0	
613	0	
614	0	
615	0	
616	0	
617	0	
618	0	
619	0	
620	0	
621	0	
622	0	
623	0	
624	0	
625	0	
626	0	
627	0	
628	0	
629	0	
630	0	
631	0	
632	0	
633	0	
634	0	
635	0	
636	0	
637	0	
638	0	
639	0	
640	0	
641	0	
642	0	
643	2.500000e-005	
644	7.500000e-005	
645	1.000000e-004	
646	7.500000e-005	
647	1.000000e-004	
648	2.500000e-005	
649	5.000000e-005	
650	1.000000e-004	
651	1.250000e-004	
652	1.500000e-004	
653	1.250000e-004	
654	1.500000e-004	
655	2.500000e-004	
656	3.000000e-004	
657	4.250000e-004	
658	3.000000e-004	
659	3.000000e-004	
660	4.000000e-004	
661	4.000000e-004	
662	3.250000e-004	
663	3.000000e-004	
664	3.000000e-004	
665	3.000000e-004	
666	2.000000e-004	
667	1.250000e-004	
668	2.000000e-004	
669	2.000000e-004	
670	2.000000e-004	
671	2.750000e-004	
672	1.250000e-004	
673	1.250000e-004	
674	1.500000e-004	
675	2.000000e-004	
676	2.750000e-004	
677	3.750000e-004	
678	5.000000e-004	
679	3.750000e-004	
680	3.500000e-004	
681	3.500000e-004	
682	4.500000e-004	
683	4.250000e-004	
684	3.250000e-004	
685	5.750000e-004	
686	4.250000e-004	
687	4.500000e-004	
688	4.500000e-004	
689	4.000000e-004	
690	4.750000e-004	
691	5.250000e-004	
692	7.000000e-004	
693	9.750000e-004	
694	9.500000e-004	
695	9.750000e-004	
696	1.100000e-003	
697	9.000000e-004	
698	1.200000e-003	
699	1.325000e-003	
700	1.150000e-003	
701	1.475000e-003	
702	1.425000e-003	
703	1.400000e-003	
704	1.400000e-003	
705	1.500000e-003	
706	1.325000e-003	
707	1.450000e-003	
708	1.500000e-003	
709	1.275000e-003	
710	1.200000e-003	
711	1.125000e-003	
712	1.575000e-003	
713	1.625000e-003	
714	1.475000e-003	
715	1.575000e-003	
716	1.825000e-003	
717	2.275000e-003	
718	2.400000e-003	
719	2.250000e-003	
720	2.225000e-003	
721	2.050000e-003	
722	2.475000e-003	
723	2.425000e-003	
724	2.175000e-003	
725	2.375000e-003	
726	2.150000e-003	
727	2.300000e-003	
728	2.450000e-003	
729	2.800000e-003	
730	2.800000e-003	
731	2.675000e-003	
732	2.650000e-003	
733	2.850000e-003	
734	2.800000e-003	
735	2.775000e-003	
736	2.725000e-003	
737	2.850000e-003	
738	3.175000e-003	
739	2.925000e-003	
740	3.200000e-003	
741	3.350000e-003	
742	3.300000e-003	
743	3.275000e-003	
744	2.875000e-003	
745	2.800000e-003	
746	2.700000e-003	
747	2.625000e-003	
748	3.050000e-003	
749	3.225000e-003	
750	3.450000e-003	
751	3.750000e-003	
752	4.425000e-003	
753	4.750000e-003	
754	4.550000e-003	
755	4.975000e-003	
756	4.900000e-003	
757	5.400000e-003	
758	5.700000e-003	
759	5.025000e-003	
760	5.325000e-003	
761	5.775000e-003	
762	6.475000e-003	
763	6.200000e-003	
764	5.925000e-003	
765	6.450000e-003	
766	6.575000e-003	
767	6.725000e-003	
768	5.950000e-003	
769	5.450000e-003	
770	4.825000e-003	
771	4.975000e-003	
772	4.625000e-003	
773	5.150000e-003	
774	5.375000e-003	
775	5.425000e-003	
776	5.525000e-003	
777	5.900000e-003	
778	5.525000e-003	
779	5.675000e-003	
780	6.050000e-003	
781	5.650000e-003	
782	5.775000e-003	
783	6.350000e-003	
784	6.375000e-003	
785	6.500000e-003	
786	6.500000e-003	
787	6.725000e-003	
788	6.350000e-003	
789	6.400000e-003	
790	6.300000e-003	
791	6.225000e-003	
792	6.000000e-003	
793	5.600000e-003	
794	5.300000e-003	
795	4.925000e-003	
796	4.100000e-003	
797	3.625000e-003	
798	3.825000e-003	
799	4.175000e-003	
800	4.300000e-003	
801	4.225000e-003	
802	3.700000e-003	
803	3.850000e-003	
804	3.525000e-003	
805	3.425000e-003	
806	3.225000e-003	
807	3.200000e-003	
808	2.275000e-003	
809	1.825000e-003	
810	1.725000e-003	
811	2.125000e-003	
812	2.050000e-003	
813	2.175000e-003	
814	1.625000e-003	
815	1.450000e-003	
816	1.650000e-003	
817	1.450000e-003	
818	1.275000e-003	
819	7.250000e-004	
820	5.000000e-004	
821	5.250000e-004	
822	5.750000e-004	
823	2.750000e-004	
824	1.500000e-004	
825	2.000000e-004	
826	7.500000e-005	
827	1.000000e-004	
828	5.000000e-005	
829	2.500000e-005	
830	0	
831	0	
832	0	
833	0	
834	0	
835	0	
836	0	
837	0	
838	0	
839	0	
840	0	
841	0	
842	0	
843	0	
844	0	
845	0	
846	0	
847	0	
848	0	
849	0	
850	0	
851	0	
852	0	
853	0	
854	0	
855	0	
856	0	
857	0	
858	0	
859	0	
860	0	
861	0	
862	0	
863	0	
864	0	
865	0	
866	0	
867	0	
868	0	
869	0	
870	0	
871	0	
872	0	
873	0	
874	0	
875	0	
876	0	
877	0	
878	0	
879	0	
880	0	
881	0	
882	0	
883	0	
884	0	
885	0	
886	0	
887	0	
888	0	
889	0	
890	0	
891	0	
892	0	
893	0	
894	0	
895	0	
896	0	
897	0	
898	0	
899	0	
900	0	
901	0	
902	0	
903	0	
904	0	
905	0	
906	0	
907	0	
908	0	
909	0	
910	0	
911	0	
912	0	
913	0	
914	0	
915	0	
916	0	
917	0	
918	0	
919	0	
920	0	
921	0	
922	0	
923	0	
924	0	
925	0	
926	0	
927	0	
928	0	
929	0	
930	0	
931	0	
932	0	
933	0	
934	0	
935	0	
936	0	
937	0	
938	0	
939	0	
940	0	
941	0	
942	0	
943	0	
944	0	
945	0	
946	0	
947	0	
948	0	
949	0	
950	0	
951	0	
952	0	
953	0	
954	0	
955	0	
956	0	
957	0	
958	0	
959	0	
960	0	
961	0	
962	0	
963	0	
964	0	
965	0	
966	0	
967	0	
968	0	
969	0	
970	0	
971	0	
972	0	
973	0	
974	0	
975	0	
976	0	
977	0	
978	0	
979	0	
980	0	
981	0	
982	0	
983	0	
984	0	
985	0	
986	0	
987	0	
988	0	
989	0	
990	0	
991	0	
992	0	
993	0	
994	0	
995	0	
996	0	
997	0	
998	0	
999	0	
1000	0	
1001	0	
1002	0	
1003	0	
1004	0	
1005	2.500000e-005	
1006	2.500000e-005	
1007	5.000000e-005	
1008	5.000000e-005	
1009	2.500000e-005	
1010	2.500000e-005	
1011	2.500000e-005	
1012	0	
1013	0	
1014	0	
1015	0	
1016	0	
1017	0	
1018	0	
1019	0	
1020	0	
1021	0	
1022	0	
1023	0	
1024	0	
1025	0	
1026	0	
1027	0	
1028	0	
1029	0	
1030	0	
1031	0	
1032	0	
1033	0	
1034	0	
1035	0	
1036	0	
1037	0	
1038	0	
1039	0	
1040	0	
1041	0	
1042	0	
1043	0	
1044	0	
1045	0	
1046	0	
1047	0	
1048	0	
1049	0	
1050	0	
1051	0	
1052	0	
1053	0	
1054	0	
1055	0	
1056	0	
1057	0	
1058	0	
1059	0	
1060	0	
1061	0	
1062	0	
1063	0	
1064	0	
1065	0	
1066	0	
1067	0	
1068	0	
1069	0	
1070	0	
1071	0	
1072	0	
1073	0	
1074	0	
1075	0	
1076	0	
1077	0	
1078	0	
1079	0	
1080	0	
1081	0	
1082	0	
1083	0	
1084	0	
1085	0	
1086	0	
1087	0	
1088	0	
1089	0	
1090	0	
1091	0	
1092	0	
1093	0	
1094	0	
1095	0	
1096	0	
1097	0	
1098	0	
1099	0	
1100	0	
1101	0	
1102	0	
1103	0	
1104	0	
1105	0	
1106	0	
1107	0	
1108	0	
1109	0	
1110	0	
1111	0	
1112	0	
1113	0	
1114	0	
1115	0	
1116	0	
1117	0	
1118	0	
1119	0	
1120	0	
1121	0	
1122	0	
1123	0	
1124	0	
1125	0	
1126	0	
1127	0	
1128	0	
1129	0	
1130	0	
1131	0	
1132	0	
1133	0	
1134	0	
1135	0	
1136	0	
1137	2.500000e-005	
1138	7.500000e-005	
1139	5.000000e-005	
1140	1.000000e-004	
1141	7.500000e-005	
1142	1.500000e-004	
1143	1.250000e-004	
1144	1.250000e-004	
1145	1.500000e-004	
1146	1.750000e-004	
1147	1.250000e-004	
1148	2.000000e-004	
1149	1.500000e-004	
1150	2.250000e-004	
1151	1.250000e-004	
1152	1.000000e-004	
1153	1.000000e-004	
1154	1.000000e-004	
1155	1.000000e-004	
1156	5.000000e-005	
1157	5.000000e-005	
1158	2.500000e-005	
1159	2.500000e-005	
1160	2.500000e-005	
1161	0	
1162	0	
1163	0	
1164	0	
1165	0	
1166	0	
1167	0	
1168	0	
1169	0	
1170	0	
1171	0	
1172	0	
1173	0	
1174	0	
1175	0	
1176	0	
1177	0	
1178	0	
1179	0	
1180	0	
1181	0	
1182	0	
1183	0	
1184	0	
1185	0	
1186	0	
1187	0	
1188	0	
1189	0	
1190	0	
1191	0	
1192	0	
1193	0	
1194	0	
1195	0	
1196	0	
1197	0	
1198	0	
1199	0	
1200	0	
1201	0	
1202	0	
1203	0	
1204	0	
1205	0	
1206	0	
1207	0	
1208	0	
1209	0	
1210	0	
1211	0	
1212	0	
1213	0	
1214	0	
1215	0	
1216	0	
1217	0	
1218	0	
1219	0	
1220	0	
1221	0	
1222	0	
1223	0	
1224	0	
1225	0	
1226	0	
1227	0	
1228	0	
1229	0	
1230	0	
1231	0	
1232	0	
1233	0	
1234	0	
1235	0	
1236	0	
1237	0	
1238	0	
1239	0	
1240	0	
1241	0	
1242	0	
1243	0	
1244	0	
1245	0	
1246	0	
1247	0	
1248	0	
1249	0	
1250	0	
1251	0	
1252	0	
1253	0	
1254	0	
1255	0	
1256	0	
1257	0	
1258	0	
1259	0	
1260	0	
1261	0	
1262	2.500000e-005	
1263	5.000000e-005	
1264	2.500000e-005	
1265	1.000000e-004	
1266	1.250000e-004	
1267	1.500000e-004	
1268	1.750000e-004	
1269	1.250000e-004	
1270	1.500000e-004	
1271	2.000000e-004	
1272	2.750000e-004	
1273	2.750000e-004	
1274	2.500000e-004	
1275	3.500000e-004	
1276	3.500000e-004	
1277	2.000000e-004	
1278	2.500000e-004	
1279	3.250000e-004	
1280	3.500000e-004	
1281	3.000000e-004	
1282	3.750000e-004	
1283	5.250000e-004	
1284	7.250000e-004	
1285	8.000000e-004	
1286	8.250000e-004	
1287	7.500000e-004	
1288	9.250000e-004	
1289	9.000000e-004	
1290	1.025000e-003	
1291	1.050000e-003	
1292	1.225000e-003	
1293	1.425000e-003	
1294	1.300000e-003	
1295	1.250000e-003	
1296	1.225000e-003	
1297	1.325000e-003	
1298	1.450000e-003	
1299	1.175000e-003	
1300	1.075000e-003	
1301	1.200000e-003	
1302	1.500000e-003	
1303	1.400000e-003	
1304	1.475000e-003	
1305	1.550000e-003	
1306	1.550000e-003	
1307	1.675000e-003	
1308	1.400000e-003	
1309	1.525000e-003	
1310	1.500000e-003	
1311	1.550000e-003	
1312	1.925000e-003	
1313	1.850000e-003	
1314	1.725000e-003	
1315	1.625000e-003	
1316	1.550000e-003	
1317	1.425000e-003	
1318	1.375000e-003	
1319	1.200000e-003	
1320	1.075000e-003	
1321	1.225000e-003	
1322	1.225000e-003	
1323	1.425000e-003	
1324	1.825000e-003	
1325	1.725000e-003	
1326	1.550000e-003	
1327	1.400000e-003	
1328	1.700000e-003	
1329	1.925000e-003	
1330	1.925000e-003	
1331	2.325000e-003	
1332	2.725000e-003	
1333	3.025000e-003	
1334	3.125000e-003	
1335	3.475000e-003	
1336	3.000000e-003	
1337	3.075000e-003	
1338	2.725000e-003	
1339	2.775000e-003	
1340	3.100000e-003	
1341	3.000000e-003	
1342	3.500000e-003	
1343	3.325000e-003	
1344	3.550000e-003	
1345	2.825000e-003	
1346	3.150000e-003	
1347	3.350000e-003	
1348	3.300000e-003	
1349	3.775000e-003	
1350	4.075000e-003	
1351	3.675000e-003	
1352	3.825000e-003	
1353	3.625000e-003	
1354	3.475000e-003	
1355	4.100000e-003	
1356	4.025000e-003	
1357	4.075000e-003	
1358	4.425000e-003	
1359	5.100000e-003	
1360	5.100000e-003	
1361	5.025000e-003	
1362	4.575000e-003	
1363	4.775000e-003	
1364	4.625000e-003	
1365	4.750000e-003	
1366	5.325000e-003	
1367	5.000000e-003	
1368	5.250000e-003	
1369	5.450000e-003	
1370	5.075000e-003	
1371	5.650000e-003	
1372	5.675000e-003	
1373	5.600000e-003	
1374	5.650000e-003	
1375	5.225000e-003	
1376	5.300000e-003	
1377	5.050000e-003	
1378	4.700000e-003	
1379	4.500000e-003	
1380	4.075000e-003	
1381	4.450000e-003	
1382	4.250000e-003	
1383	3.800000e-003	
1384	3.175000e-003	
1385	2.875000e-003	
1386	3.050000e-003	
1387	3.300000e-003	
1388	2.950000e-003	
1389	3.000000e-003	
1390	2.750000e-003	
1391	2.725000e-003	
1392	2.875000e-003	
1393	3.050000e-003	
1394	3.450000e-003	
1395	3.750000e-003	
1396	3.475000e-003	
1397	2.975000e-003	
1398	3.300000e-003	
1399	3.175000e-003	
1400	3.175000e-003	
1401	3.150000e-003	
1402	3.425000e-003	
1403	3.325000e-003	
1404	2.775000e-003	
1405	2.725000e-003	
1406	2.875000e-003	
1407	3.200000e-003	
1408	2.925000e-003	
1409	2.900000e-003	
1410	3.275000e-003	
1411	2.725000e-003	
1412	2.950000e-003	
1413	2.825000e-003	
1414	2.750000e-003	
1415	2.650000e-003	
1416	3.000000e-003	
1417	2.875000e-003	
1418	2.725000e-003	
1419	2.550000e-003	
1420	2.375000e-003	
1421	2.175000e-003	
1422	2.050000e-003	
1423	2.200000e-003	
1424	2.150000e-003	
1425	1.750000e-003	
1426	1.600000e-003	
1427	1.650000e-003	
1428	1.725000e-003	
1429	1.650000e-003	
1430	1.175000e-003	
1431	1.000000e-003	
1432	1.100000e-003	
1433	1.075000e-003	
1434	8.750000e-004	
1435	7.250000e-004	
1436	9.750000e-004	
1437	9.750000e-004	
1438	7.500000e-004	
1439	6.500000e-004	
1440	7.750000e-004	
1441	6.000000e-004	
1442	4.000000e-004	
1443	2.500000e-004	
1444	1.500000e-004	
1445	1.500000e-004	
1446	1.500000e-004	
1447	2.250000e-004	
1448	2.000000e-004	
1449	3.250000e-004	
1450	2.750000e-004	
1451	2.000000e-004	
1452	1.000000e-004	
1453	5.000000e-005	
1454	5.000000e-005	
1455	0	
1456	0	
1457	0	
1458	0	
1459	0	
1460	0	
1461	0	
1462	0	
1463	0	
1464	0	
1465	0	
1466	0	
1467	0	
1468	0	
1469	0	
1470	0	
1471	0	
1472	0	
1473	0	
1474	0	
1475	0	
1476	0	
1477	0	
1478	0	
1479	0	
1480	0	
1481	0	
1482	0	
1483	0	
1484	0	
1485	0	
1486	0	
1487	0	
1488	0	
1489	0	
1490	0	
1491	0	
1492	0	
1493	0	
1494	0	
1495	0	
1496	0	
1497	0	
1498	0	
1499	0	
1500	0	
1501	0	
1502	0	
1503	0	
1504	0	
1505	0	
1506	0	
1507	0	
1508	0	
1509	0	
1510	0	
1511	0	
1512	0	
1513	0	
1514	0	
1515	0	
1516	0	
1517	0	
1518	0	
1519	0	
1520	0	
1521	0	
1522	0	
1523	0	
1524	0	
1525	0	
1526	0	
1527	0	
1528	0	
1529	0	
1530	0	
1531	0	
1532	0	
1533	0	
1534	0	
1535	0	
1536	0	
1537	0	
1538	0	
1539	0	
1540	0	
1541	0	
1542	0	
1543	0	
1544	0	
1545	0	
1546	0	
1547	0	
1548	0	
1549	0	
1550	0	
1551	0	
1552	0	
1553	0	
1554	0	
1555	0	
1556	0	
1557	0	
1558	0	
1559	0	
1560	0	
1561	0	
1562	0	
1563	0	
1564	0	
1565	0	
1566	0	
1567	0	
1568	0	
1569	0	
1570	0	
1571	0	
1572	0	
1573	0	
1574	0	
1575	0	
1576	0	
1577	0	
1578	0	
1579	0	
1580	0	
1581	0	
1582	0	
1583	0	
1584	0	
1585	0	
1586	0	
1587	0	
1588	2.500000e-005	
1589	1.000000e-004	
1590	1.500000e-004	
1591	1.000000e-004	
1592	1.750000e-004	
1593	1.500000e-004	
1594	1.500000e-004	
1595	2.000000e-004	
1596	1.500000e-004	
1597	7.500000e-005	
1598	2.500000e-005	
1599	2.500000e-005	
1600	2.500000e-005	
1601	0	
1602	0	
1603	0	
1604	0	
1605	0	
1606	0	
1607	0	
1608	0	
1609	0	
1610	0	
1611	0	
1612	0	
1613	2.500000e-005	
1614	5.000000e-005	
1615	2.500000e-005	
1616	0	
1617	0	
1618	0	
1619	0	
1620	0	
1621	0	
1622	0	
1623	0	
1624	0	
1625	0	
1626	0	
1627	0	
1628	0	
1629	0	
1630	0	
1631	0	
1632	0	
1633	0	
1634	0	
1635	0	
1636	0	
1637	0	
1638	0	
1639	0	
1640	0	
1641	0	
1642	0	
1643	0	
1644	0	
1645	0	
1646	0	
1647	0	
1648	0	
1649	2.500000e-005	
1650	2.500000e-005	
1651	1.000000e-004	
1652	5.000000e-005	
1653	7.500000e-005	
1654	0	
1655	0	
1656	0	
1657	0	
1658	0	
1659	0	
1660	0	
1661	0	
1662	0	
1663	0	
1664	0	
1665	0	
1666	0	
1667	0	
1668	0	
1669	0	
1670	0	
1671	0	
1672	0	
1673	0	
1674	0	
1675	0	
1676	0	
1677	0	
1678	0	
1679	0	
1680	0	
1681	0	
1682	0	
1683	0	
1684	0	
1685	0	
1686	0	
1687	0	
1688	0	
1689	0	
1690	0	
1691	0	
1692	0	
1693	0	
1694	0	
1695	0	
1696	0	
1697	0	
1698	0	
1699	0	
1700	0	
1701	0	
1702	0	
1703	0	
1704	0	
1705	0	
1706	0	
1707	0	
1708	0	
1709	0	
1710	0	
1711	0	
1712	0	
1713	0	
1714	0	
1715	0	
1716	0	
1717	0	
1718	0	
1719	0	
1720	0	
1721	0	
1722	0	
1723	0	
1724	0	
1725	0	
1726	0	
1727	0	
1728	0	
1729	0	
1730	0	
1731	0	
1732	0	
1733	0	
1734	0	
1735	0	
1736	0	
1737	0	
1738	0	
1739	0	
1740	0	
1741	0	
1742	2.500000e-005	
1743	2.500000e-005	
1744	5.000000e-005	
1745	7.500000e-005	
1746	1.250000e-004	
1747	1.250000e-004	
1748	1.000000e-004	
1749	7.500000e-005	
1750	2.500000e-005	
1751	1.000000e-004	
1752	5.000000e-005	
1753	5.000000e-005	
1754	5.000000e-005	
1755	1.000000e-004	
1756	1.250000e-004	
1757	1.250000e-004	
1758	1.750000e-004	
1759	2.500000e-004	
1760	2.250000e-004	
1761	2.000000e-004	
1762	2.250000e-004	
1763	2.500000e-004	
1764	1.000000e-004	
1765	2.500000e-005	
1766	5.000000e-005	
1767	2.000000e-004	
1768	1.750000e-004	
1769	2.000000e-004	
1770	2.250000e-004	
1771	2.000000e-004	
1772	1.500000e-004	
1773	1.500000e-004	
1774	1.000000e-004	
1775	1.750000e-004	
1776	2.000000e-004	
1777	1.750000e-004	
1778	1.000000e-004	
1779	1.500000e-004	
1780	1.750000e-004	
1781	7.500000e-005	
1782	1.000000e-004	
1783	7.500000e-005	
1784	7.500000e-005	
1785	1.750000e-004	
1786	1.000000e-004	
1787	1.000000e-004	
1788	7.500000e-005	
1789	2.500000e-005	
1790	2.500000e-005	
1791	2.500000e-005	
1792	7.500000e-005	
1793	5.000000e-005	
1794	5.000000e-005	
1795	5.000000e-005	
1796	5.000000e-005	
1797	5.000000e-005	
1798	5.000000e-005	
1799	5.000000e-005	
1800	7.500000e-005	
1801	7.500000e-005	
1802	1.000000e-004	
1803	1.500000e-004	
1804	1.500000e-004	
1805	7.500000e-005	
1806	1.000000e-004	
1807	7.500000e-005	
1808	5.000000e-005	
1809	7.500000e-005	
1810	1.000000e-004	
1811	1.250000e-004	
1812	1.500000e-004	
1813	5.000000e-005	
1814	0	
1815	0	
1816	0	
1817	0	
1818	0	
1819	0	
1820	2.500000e-005	
1821	1.000000e-004	
1822	1.000000e-004	
1823	5.000000e-005	
1824	1.000000e-004	
1825	5.000000e-005	
1826	1.000000e-004	
1827	7.500000e-005	
1828	1.000000e-004	
1829	7.500000e-005	
1830	7.500000e-005	
1831	5.000000e-005	
1832	2.500000e-005	
1833	0	
1834	0	
1835	0	
1836	0	
1837	0	
1838	0	
1839	0	
1840	0	
1841	0	
1842	0	
1843	0	
1844	0	
1845	0	
1846	0	
1847	0	
1848	0	
1849	0	
1850	0	
1851	0	
1852	0	
1853	0	
1854	0	
1855	0	
1856	0	
1857	0	
1858	0	
1859	0	
1860	0	
1861	0	
1862	0	
1863	0	
1864	0	
1865	0	
1866	0	
1867	2.500000e-005	
1868	1.000000e-004	
1869	1.250000e-004	
1870	1.750000e-004	
1871	5.000000e-005	
1872	7.500000e-005	
1873	0	
1874	0	
1875	0	
1876	0	
1877	0	
1878	0	
1879	0	
1880	0	
1881	0	
1882	0	
1883	0	
1884	0	
1885	0	
1886	0	
1887	0	
1888	0	
1889	0	
1890	0	
1891	0	
1892	0	
1893	0	
1894	0	
1895	0	
1896	0	
1897	0	
1898	0	
1899	0	
1900	0	
1901	0	
1902	0	
1903	0	
1904	0	
1905	0	
1906	0	
1907	0	
1908	0	
1909	0	
1910	0	
1911	0	
1912	0	
1913	0	
1914	0	
1915	0	
1916	0	
1917	0	
1918	0	
1919	0	
1920	0	
1921	2.500000e-005	
1922	1.000000e-004	
1923	1.500000e-004	
1924	2.000000e-004	
1925	2.000000e-004	
1926	3.000000e-004	
1927	4.750000e-004	
1928	5.000000e-004	
1929	3.750000e-004	
1930	2.500000e-004	
1931	4.500000e-004	
1932	4.750000e-004	
1933	6.000000e-004	
1934	6.750000e-004	
1935	5.750000e-004	
1936	7.250000e-004	
1937	6.750000e-004	
1938	9.500000e-004	
1939	1.000000e-003	
1940	1.225000e-003	
1941	1.575000e-003	
1942	1.600000e-003	
1943	1.600000e-003	
1944	1.525000e-003	
1945	1.450000e-003	
1946	1.375000e-003	
1947	1.350000e-003	
1948	1.375000e-003	
1949	1.350000e-003	
1950	1.300000e-003	
1951	1.375000e-003	
1952	1.575000e-003	
1953	1.525000e-003	
1954	1.775000e-003	
1955	2.125000e-003	
1956	2.000000e-003	
1957	2.050000e-003	
1958	2.275000e-003	
1959	2.375000e-003	
1960	1.925000e-003	
1961	2.250000e-003	
1962	2.600000e-003	
1963	2.875000e-003	
1964	3.050000e-003	
1965	3.125000e-003	
1966	3.150000e-003	
1967	2.925000e-003	
1968	2.575000e-003	
1969	2.750000e-003	
1970	2.275000e-003	
1971	2.600000e-003	
1972	2.525000e-003	
1973	2.400000e-003	
1974	2.725000e-003	
1975	3.325000e-003	
1976	3.575000e-003	
1977	3.475000e-003	
1978	4.050000e-003	
1979	4.275000e-003	
1980	4.175000e-003	
1981	3.625000e-003	
1982	3.675000e-003	
1983	3.850000e-003	
1984	3.675000e-003	
1985	3.625000e-003	
1986	3.450000e-003	
1987	3.600000e-003	
1988	3.925000e-003	
1989	4.375000e-003	
1990	4.225000e-003	
1991	4.600000e-003	
1992	4.425000e-003	
1993	4.650000e-003	
1994	4.525000e-003	
1995	4.100000e-003	
1996	4.125000e-003	
1997	4.450000e-003	
1998	4.200000e-003	
1999	4.550000e-003	
2000	3.975000e-003	
2001	4.200000e-003	
2002	3.850000e-003	
2003	4.050000e-003	
2004	4.675000e-003	
2005	4.550000e-003	
2006	4.475000e-003	
2007	4.925000e-003	
2008	4.800000e-003	
2009	5.225000e-003	
2010	5.075000e-003	
2011	5.100000e-003	
2012	4.775000e-003	
2013	4.775000e-003	
2014	4.475000e-003	
2015	4.950000e-003	
2016	4.700000e-003	
2017	5.175000e-003	
2018	5.525000e-003	
2019	6.000000e-003	
2020	5.900000e-003	
2021	5.500000e-003	
2022	5.450000e-003	
2023	5.575000e-003	
2024	5.675000e-003	
2025	5.875000e-003	
2026	6.100000e-003	
2027	6.150000e-003	
2028	6.375000e-003	
2029	6.625000e-003	
2030	6.600000e-003	
2031	5.950000e-003	
2032	6.275000e-003	
2033	5.525000e-003	
2034	4.575000e-003	
2035	4.300000e-003	
2036	4.450000e-003	
2037	4.475000e-003	
2038	4.200000e-003	
2039	3.900000e-003	
2040	3.450000e-003	
2041	3.725000e-003	
2042	3.900000e-003	
2043	3.275000e-003	
2044	3.200000e-003	
2045	3.200000e-003	
2046	3.225000e-003	
2047	2.825000e-003	
2048	2.825000e-003	
2049	2.625000e-003	
2050	2.550000e-003	
2051	2.525000e-003	
2052	2.350000e-003	
2053	2.225000e-003	
2054	2.250000e-003	
2055	2.100000e-003	
2056	1.925000e-003	
2057	2.050000e-003	
2058	2.000000e-003	
2059	1.850000e-003	
2060	1.375000e-003	
2061	1.550000e-003	
2062	1.175000e-003	
2063	9.750000e-004	
2064	1.000000e-003	
2065	1.150000e-003	
2066	7.250000e-004	
2067	2.500000e-004	
2068	5.000000e-005	
2069	0	
2070	0	
2071	0	
2072	0	
2073	0	
2074	0	
2075	0	
2076	0	
2077	0	
2078	0	
2079	0	
2080	0	
2081	0	
2082	0	
2083	0	
2084	0	
2085	0	
2086	0	
2087	0	
2088	0	
2089	0	
2090	0	
2091	0	
2092	0	
2093	0	
2094	0	
2095	0	
2096	0	
2097	0	
2098	0	
2099	0	
2100	0	
2101	0	
2102	0	
2103	0	
2104	0	
2105	0	
2106	0	
2107	0	
2108	0	
2109	0	
2110	0	
2111	0	
2112	0	
2113	0	
2114	0	
2115	0	
2116	0	
2117	0	
2118	0	
2119	0	
2120	0	
2121	0	
2122	0	
2123	0	
2124	0	
2125	0	
2126	0	
2127	0	
2128	0	
2129	0	
2130	0	
2131	0	
2132	0	
2133	0	
2134	0	
2135	0	
2136	0	
2137	0	
2138	0	
2139	0	
2140	0	
2141	0	
2142	0	
2143	0	
2144	0	
2145	0	
2146	0	
2147	0	
2148	0	
2149	0	
2150	0	
2151	0	
2152	0	
2153	0	
2154	0	
2155	0	
2156	0	
2157	0	
2158	0	
2159	0	
2160	0	
2161	0	
2162	0	
2163	0	
2164	0	
2165	0	
2166	0	
2167	0	
2168	0	
2169	0	
2170	0	
2171	0	
2172	0	
2173	0	
2174	0	
2175	0	
2176	0	
2177	0	
2178	0	
2179	0	
2180	0	
2181	0	
2182	0	
2183	0	
2184	0	
2185	0	
2186	0	
2187	0	
2188	0	
2189	0	
2190	0	
2191	0	
2192	0	
2193	0	
2194	0	
2195	0	
2196	0	
2197	0	
2198	0	
2199	0	
2200	0	
2201	0	
2202	0	
2203	0	
2204	0	
2205	0	
2206	0	
2207	0	
2208	0	
2209	0	
2210	0	
2211	0	
2212	0	
2213	0	
2214	0	
2215	0	
2216	0	
2217	0	
2218	0	
2219	0	
2220	0	
2221	0	
2222	0	
2223	0	
2224	0	
2225	0	
2226	0	
2227	0	
2228	0	
2229	0	
2230	0	
2231	0	
2232	0	
2233	0	
2234	0	
2235	0	
2236	0	
2237	0	
2238	0	
2239	0	
2240	0	
2241	0	
2242	0	
2243	0	
2244	0	
2245	0	
2246	0	
2247	0	
2248	0	
2249	0	
2250	0	
2251	0	
2252	0	
2253	0	
2254	0	
2255	0	
2256	0	
2257	0	
2258	0	
2259	0	
2260	0	
2261	0	
2262	0	
2263	0	
2264	0	
2265	0	
2266	0	
2267	0	
2268	0	
2269	0	
2270	0	
2271	0	
2272	0	
2273	0	
2274	0	
2275	0	
2276	0	
2277	0	
2278	0	
2279	0	
2280	0	
2281	0	
2282	0	
2283	0	
2284	0	
2285	0	
2286	0	
2287	0	
2288	0	
2289	0	
2290	0	
2291	0	
2292	0	
2293	0	
2294	0	
2295	0	
2296	0	
2297	0	
2298	0	
2299	0	
2300	0	
2301	0	
2302	0	
2303	0	
2304	0	
2305	0	
2306	0	
2307	0	
2308	0	
2309	0	
2310	0	
2311	0	
2312	0	
2313	0	
2314	0	
2315	0	
2316	0	
2317	0	
2318	2.500000e-005	
2319	0	
2320	0	
2321	0	
2322	0	
2323	0	
2324	0	
2325	0	
2326	0	
2327	0	
2328	0	
2329	0	
2330	0	
2331	0	
2332	0	
2333	0	
2334	2.500000e-005	
2335	0	
2336	0	
2337	0	
2338	0	
2339	0	
2340	0	
2341	0	
2342	0	
2343	0	
2344	0	
2345	0	
2346	0	
2347	2.500000e-005	
2348	2.000000e-004	
2349	2.750000e-004	
2350	3.750000e-004	
2351	3.750000e-004	
2352	3.500000e-004	
2353	2.500000e-004	
2354	4.000000e-004	
2355	4.250000e-004	
2356	2.500000e-004	
2357	3.000000e-004	
2358	2.750000e-004	
2359	1.750000e-004	
2360	2.500000e-004	
2361	3.500000e-004	
2362	2.000000e-004	
2363	1.250000e-004	
2364	1.500000e-004	
2365	7.500000e-005	
2366	5.000000e-005	
2367	5.000000e-005	
2368	5.000000e-005	
2369	7.500000e-005	
2370	1.750000e-004	
2371	2.250000e-004	
2372	2.500000e-004	
2373	1.750000e-004	
2374	1.250000e-004	
2375	7.500000e-005	
2376	1.000000e-004	
2377	1.250000e-004	
2378	7.500000e-005	
2379	5.000000e-005	
2380	7.500000e-005	
2381	1.000000e-004	
2382	1.000000e-004	
2383	1.000000e-004	
2384	7.500000e-005	
2385	5.000000e-005	
2386	2.500000e-005	
2387	2.500000e-005	
2388	2.500000e-005	
2389	7.500000e-005	
2390	1.000000e-004	
2391	7.500000e-005	
2392	1.000000e-004	
2393	1.000000e-004	
2394	1.750000e-004	
2395	1.250000e-004	
2396	1.750000e-004	
2397	1.250000e-004	
2398	1.250000e-004	
2399	1.500000e-004	
2400	2.500000e-004	
2401	2.250000e-004	
2402	2.250000e-004	
2403	2.250000e-004	
2404	5.000000e-005	
2405	2.500000e-005	
2406	2.500000e-005	
2407	5.000000e-005	
2408	2.500000e-005	
2409	5.000000e-005	
2410	1.250000e-004	
2411	7.500000e-005	
2412	7.500000e-005	
2413	7.500000e-005	
2414	1.250000e-004	
2415	1.250000e-004	
2416	1.000000e-004	
2417	1.250000e-004	
2418	1.500000e-004	
2419	1.750000e-004	
2420	1.250000e-004	
2421	7.500000e-005	
2422	1.000000e-004	
2423	7.500000e-005	
2424	7.500000e-005	
2425	5.000000e-005	
2426	5.000000e-005	
2427	2.500000e-005	
2428	5.000000e-005	
2429	2.500000e-005	
2430	2.500000e-005	
2431	5.000000e-005	
2432	5.000000e-005	
2433	5.000000e-005	
2434	1.000000e-004	
2435	1.750000e-004	
2436	1.000000e-004	
2437	1.250000e-004	
2438	1.250000e-004	
2439	1.750000e-004	
2440	3.000000e-004	
2441	3.500000e-004	
2442	3.750000e-004	
2443	4.250000e-004	
2444	4.500000e-004	
2445	3.000000e-004	
2446	3.250000e-004	
2447	3.250000e-004	
2448	4.000000e-004	
2449	3.250000e-004	
2450	2.750000e-004	
2451	3.250000e-004	
2452	2.500000e-004	
2453	2.000000e-004	
2454	2.250000e-004	
2455	3.750000e-004	
2456	2.500000e-004	
2457	2.000000e-004	
2458	1.750000e-004	
2459	2.500000e-004	
2460	2.250000e-004	
2461	1.750000e-004	
2462	1.500000e-004	
2463	1.250000e-004	
2464	1.000000e-004	
2465	1.500000e-004	
2466	1.500000e-004	
2467	1.000000e-004	
2468	5.000000e-005	
2469	7.500000e-005	
2470	1.000000e-004	
2471	1.500000e-004	
2472	3.500000e-004	
2473	2.750000e-004	
2474	2.500000e-004	
2475	2.750000e-004	
2476	3.500000e-004	
2477	3.500000e-004	
2478	5.000000e-004	
2479	4.000000e-004	
2480	3.750000e-004	
2481	3.750000e-004	
2482	3.000000e-004	
2483	2.750000e-004	
2484	3.000000e-004	
2485	4.750000e-004	
2486	5.250000e-004	
2487	6.000000e-004	
2488	4.250000e-004	
2489	3.750000e-004	
2490	4.750000e-004	
2491	4.000000e-004	
2492	4.250000e-004	
2493	3.750000e-004	
2494	1.750000e-004	
2495	1.750000e-004	
2496	1.750000e-004	
2497	1.250000e-004	
2498	5.000000e-005	
2499	5.000000e-005	
2500	1.000000e-004	
2501	2.500000e-005	
2502	2.500000e-005	
2503	0	
2504	0	
2505	0	
2506	0	
2507	0	
2508	0	
2509	0	
2510	0	
2511	0	
2512	0	
2513	0	
2514	2.500000e-005	
2515	1.000000e-004	
2516	1.000000e-004	
2517	1.250000e-004	
2518	2.000000e-004	
2519	2.750000e-004	
2520	3.500000e-004	
2521	6.000000e-004	
2522	5.000000e-004	
2523	5.000000e-004	
2524	4.500000e-004	
2525	5.750000e-004	
2526	5.500000e-004	
2527	4.500000e-004	
2528	2.750000e-004	
2529	4.000000e-004	
2530	4.500000e-004	
2531	5.000000e-004	
2532	4.000000e-004	
2533	4.750000e-004	
2534	3.500000e-004	
2535	4.250000e-004	
2536	5.750000e-004	
2537	7.500000e-004	
2538	6.250000e-004	
2539	7.250000e-004	
2540	8.750000e-004	
2541	8.000000e-004	
2542	7.750000e-004	
2543	7.250000e-004	
2544	7.000000e-004	
2545	8.500000e-004	
2546	7.750000e-004	
2547	9.500000e-004	
2548	8.000000e-004	
2549	8.500000e-004	
2550	8.250000e-004	
2551	9.750000e-004	
2552	1.200000e-003	
2553	1.400000e-003	
2554	1.325000e-003	
2555	1.475000e-003	
2556	1.750000e-003	
2557	1.975000e-003	
2558	2.025000e-003	
2559	2.150000e-003	
2560	2.300000e-003	
2561	2.000000e-003	
2562	2.350000e-003	
2563	2.575000e-003	
2564	2.550000e-003	
2565	2.525000e-003	
2566	2.550000e-003	
2567	2.725000e-003	
2568	2.225000e-003	
2569	2.325000e-003	
2570	2.700000e-003	
2571	2.575000e-003	
2572	2.700000e-003	
2573	2.800000e-003	
2574	2.600000e-003	
2575	2.600000e-003	
2576	2.800000e-003	
2577	3.075000e-003	
2578	2.725000e-003	
2579	3.275000e-003	
2580	3.300000e-003	
2581	3.375000e-003	
2582	2.975000e-003	
2583	2.650000e-003	
2584	2.375000e-003	
2585	2.850000e-003	
2586	3.050000e-003	
2587	2.900000e-003	
2588	2.600000e-003	
2589	3.000000e-003	
2590	3.075000e-003	
2591	3.275000e-003	
2592	3.175000e-003	
2593	3.650000e-003	
2594	4.150000e-003	
2595	4.550000e-003	
2596	4.225000e-003	
2597	4.700000e-003	
2598	4.250000e-003	
2599	4.350000e-003	
2600	4.775000e-003	
2601	4.200000e-003	
2602	4.350000e-003	
2603	4.650000e-003	
2604	4.925000e-003	
2605	5.450000e-003	
2606	4.675000e-003	
2607	4.725000e-003	
2608	3.950000e-003	
2609	3.800000e-003	
2610	3.925000e-003	
2611	3.900000e-003	
2612	4.000000e-003	
2613	3.400000e-003	
2614	3.300000e-003	
2615	3.475000e-003	
2616	3.575000e-003	
2617	3.250000e-003	
2618	3.075000e-003	
2619	2.875000e-003	
2620	3.325000e-003	
2621	3.500000e-003	
2622	3.800000e-003	
2623	3.775000e-003	
2624	3.675000e-003	
2625	4.050000e-003	
2626	4.075000e-003	
2627	3.725000e-003	
2628	4.075000e-003	
2629	3.975000e-003	
2630	4.425000e-003	
2631	4.550000e-003	
2632	3.950000e-003	
2633	3.975000e-003	
2634	3.500000e-003	
2635	3.400000e-003	
2636	3.125000e-003	
2637	3.300000e-003	
2638	2.950000e-003	
2639	3.175000e-003	
2640	3.325000e-003	
2641	3.550000e-003	
2642	3.700000e-003	
2643	4.350000e-003	
2644	4.700000e-003	
2645	3.750000e-003	
2646	3.600000e-003	
2647	2.950000e-003	
2648	2.750000e-003	
2649	2.700000e-003	
2650	2.975000e-003	
2651	2.600000e-003	
2652	2.675000e-003	
2653	2.525000e-003	
2654	2.375000e-003	
2655	2.100000e-003	
2656	1.875000e-003	
2657	1.325000e-003	
2658	1.075000e-003	
2659	1.100000e-003	
2660	1.050000e-003	
2661	1.125000e-003	
2662	1.375000e-003	
2663	1.175000e-003	
2664	1.225000e-003	
2665	1.050000e-003	
2666	7.500000e-004	
2667	5.000000e-004	
2668	6.750000e-004	
2669	5.750000e-004	
2670	5.000000e-004	
2671	5.250000e-004	
2672	6.250000e-004	
2673	8.500000e-004	
2674	8.500000e-004	
2675	8.250000e-004	
2676	5.500000e-004	
2677	5.250000e-004	
2678	5.250000e-004	
2679	5.000000e-004	
2680	3.750000e-004	
2681	4.750000e-004	
2682	4.500000e-004	
2683	3.250000e-004	
2684	3.000000e-004	
2685	4.500000e-004	
2686	3.750000e-004	
2687	4.000000e-004	
2688	3.500000e-004	
2689	4.250000e-004	
2690	5.000000e-004	
2691	3.750000e-004	
2692	3.750000e-004	
2693	3.750000e-004	
2694	4.500000e-004	
2695	2.750000e-004	
2696	2.000000e-004	
2697	1.000000e-004	
2698	7.500000e-005	
2699	7.500000e-005	
2700	5.000000e-005	
2701	1.000000e-004	
2702	2.500000e-005	
2703	5.000000e-005	
2704	0	
2705	0	
2706	0	
2707	0	
2708	0	
2709	0	
2710	0	
2711	0	
2712	0	
2713	0	
2714	0	
2715	0	
2716	0	
2717	0	
2718	0	
2719	0	
2720	0	
2721	0	
2722	0	
2723	0	
2724	0	
2725	0	
2726	0	
2727	0	
2728	0	
2729	0	
2730	0	
2731	0	
2732	0	
2733	0	
2734	0	
2735	0	
2736	0	
2737	0	
2738	0	
2739	0	
2740	0	
2741	0	
2742	0	
2743	0	
2744	0	
2745	0	
2746	0	
2747	0	
2748	0	
2749	0	
2750	0	
2751	0	
2752	0	
2753	0	
2754	0	
2755	0	
2756	0	
2757	0	
2758	0	
2759	0	
2760	0	
2761	0	
2762	0	
2763	0	
2764	0	
2765	0	
2766	0	
2767	0	
2768	0	
2769	0	
2770	0	
2771	0	
2772	0	
2773	0	
2774	0	
2775	0	
2776	0	
2777	0	
2778	0	
2779	0	
2780	0	
2781	0	
2782	0	
2783	2.500000e-005	
2784	7.500000e-005	
2785	5.000000e-005	
2786	0	
2787	0	
2788	0	
2789	0	
2790	0	
2791	0	
2792	0	
2793	0	
2794	0	
2795	0	
2796	0	
2797	0	
2798	0	
2799	0	
2800	0	
2801	0	
2802	0	
2803	0	
2804	0	
2805	0	
2806	0	
2807	0	
2808	0	
2809	0	
2810	0	
2811	0	
2812	0	
2813	0	
2814	0	
2815	0	
2816	0	
2817	0	
2818	0	
2819	0	
2820	0	
2821	0	
2822	0	
2823	0	
2824	0	
2825	0	
2826	0	
2827	0	
2828	0	
2829	0	
2830	0	
2831	0	
2832	0	
2833	0	
2834	0	
2835	0	
2836	0	
2837	0	
2838	0	
2839	0	
2840	0	
2841	0	
2842	0	
2843	0	
2844	0	
2845	0	
2846	0	
2847	0	
2848	0	
2849	0	
2850	0	
2851	0	
2852	0	
2853	0	
2854	0	
2855	0	
2856	0	
2857	0	
2858	0	
2859	0	
2860	0	
2861	0	
2862	0	
2863	0	
2864	0	
2865	0	
2866	0	
2867	0	
2868	0	
2869	0	
2870	0	
2871	0	
2872	0	
2873	0	
2874	0	
2875	0	
2876	0	
2877	0	
2878	0	
2879	0	
2880	0	
2881	0	
2882	0	
2883	0	
2884	0	
2885	0	
2886	0	
2887	0	
2888	0	
2889	0	
2890	0	
2891	0	
2892	0	
2893	0	
2894	0	
2895	0	
2896	0	
2897	0	
2898	0	
2899	0	
2900	0	
2901	0	
2902	0	
2903	0	
2904	2.500000e-005	
2905	1.000000e-004	
2906	7.500000e-005	
2907	5.000000e-005	
2908	1.250000e-004	
2909	5.000000e-005	
2910	5.000000e-005	
2911	5.000000e-005	
2912	7.500000e-005	
2913	5.000000e-005	
2914	1.000000e-004	
2915	5.000000e-005	
2916	7.500000e-005	
2917	5.000000e-005	
2918	1.000000e-004	
2919	5.000000e-005	
2920	2.500000e-005	
2921	2.500000e-005	
2922	0	
2923	0	
2924	0	
2925	0	
2926	0	
2927	0	
2928	0	
2929	0	
2930	0	
2931	0	
2932	0	
2933	0	
2934	0	
2935	0	
2936	0	
2937	0	
2938	0	
2939	0	
2940	0	
2941	0	
2942	0	
2943	0	
2944	0	
2945	0	
2946	0	
2947	0	
2948	0	
2949	0	
2950	0	
2951	0	
2952	0	
2953	0	
2954	0	
2955	0	
2956	0	
2957	0	
2958	0	
2959	0	
2960	0	
2961	0	
2962	0	
2963	0	
2964	0	
2965	0	
2966	0	
2967	0	
2968	0	
2969	0	
2970	0	
2971	0	
2972	0	
2973	0	
2974	0	
2975	2.500000e-005	
2976	1.000000e-004	
2977	1.500000e-004	
2978	2.250000e-004	
2979	1.500000e-004	
2980	1.250000e-004	
2981	1.250000e-004	
2982	7.500000e-005	
2983	7.500000e-005	
2984	1.000000e-004	
2985	1.250000e-004	
2986	1.250000e-004	
2987	1.250000e-004	
2988	1.250000e-004	
2989	1.750000e-004	
2990	1.000000e-004	
2991	1.000000e-004	
2992	1.250000e-004	
2993	1.500000e-004	
2994	2.000000e-004	
2995	2.250000e-004	
2996	2.000000e-004	
2997	1.250000e-004	
2998	7.500000e-005	
2999	1.500000e-004	
3000	2.000000e-004	
3001	1.750000e-004	
