1	0	
2	0	
3	0	
4	0	
5	0	
6	0	
7	0	
8	0	
9	0	
10	0	
11	0	
12	0	
13	0	
14	0	
15	0	
16	0	
17	0	
18	0	
19	0	
20	0	
21	0	
22	0	
23	0	
24	0	
25	0	
26	0	
27	0	
28	0	
29	0	
30	0	
31	0	
32	0	
33	0	
34	0	
35	0	
36	0	
37	0	
38	0	
39	2.500000e-005	
40	7.500000e-005	
41	5.000000e-005	
42	7.500000e-005	
43	2.500000e-005	
44	0	
45	0	
46	0	
47	0	
48	0	
49	0	
50	0	
51	0	
52	0	
53	0	
54	0	
55	0	
56	0	
57	0	
58	0	
59	0	
60	0	
61	0	
62	0	
63	0	
64	0	
65	0	
66	0	
67	0	
68	0	
69	0	
70	0	
71	0	
72	0	
73	0	
74	0	
75	0	
76	0	
77	0	
78	0	
79	0	
80	0	
81	0	
82	0	
83	0	
84	0	
85	0	
86	0	
87	0	
88	0	
89	0	
90	0	
91	0	
92	0	
93	0	
94	0	
95	0	
96	0	
97	0	
98	0	
99	0	
100	0	
101	0	
102	0	
103	0	
104	0	
105	0	
106	0	
107	0	
108	0	
109	0	
110	0	
111	0	
112	0	
113	0	
114	0	
115	0	
116	0	
117	0	
118	0	
119	0	
120	0	
121	0	
122	0	
123	0	
124	0	
125	0	
126	0	
127	0	
128	0	
129	0	
130	0	
131	0	
132	0	
133	0	
134	0	
135	0	
136	0	
137	0	
138	0	
139	0	
140	0	
141	0	
142	0	
143	0	
144	0	
145	0	
146	0	
147	0	
148	0	
149	0	
150	0	
151	0	
152	0	
153	0	
154	0	
155	0	
156	0	
157	0	
158	0	
159	0	
160	0	
161	0	
162	0	
163	0	
164	0	
165	0	
166	0	
167	0	
168	0	
169	0	
170	0	
171	0	
172	0	
173	0	
174	0	
175	0	
176	0	
177	0	
178	0	
179	0	
180	0	
181	0	
182	0	
183	0	
184	0	
185	0	
186	0	
187	0	
188	0	
189	0	
190	0	
191	0	
192	0	
193	0	
194	0	
195	0	
196	0	
197	0	
198	0	
199	0	
200	0	
201	0	
202	0	
203	0	
204	0	
205	0	
206	0	
207	0	
208	0	
209	0	
210	0	
211	0	
212	0	
213	0	
214	0	
215	0	
216	0	
217	0	
218	0	
219	0	
220	0	
221	0	
222	0	
223	0	
224	2.500000e-005	
225	1.250000e-004	
226	2.000000e-004	
227	2.000000e-004	
228	1.750000e-004	
229	1.500000e-004	
230	2.500000e-004	
231	2.000000e-004	
232	1.750000e-004	
233	2.000000e-004	
234	1.750000e-004	
235	1.750000e-004	
236	7.500000e-005	
237	5.000000e-005	
238	7.500000e-005	
239	7.500000e-005	
240	7.500000e-005	
241	7.500000e-005	
242	5.000000e-005	
243	7.500000e-005	
244	1.000000e-004	
245	1.250000e-004	
246	2.250000e-004	
247	7.500000e-005	
248	2.000000e-004	
249	2.000000e-004	
250	2.500000e-004	
251	3.000000e-004	
252	3.250000e-004	
253	2.250000e-004	
254	1.750000e-004	
255	1.000000e-004	
256	1.750000e-004	
257	2.750000e-004	
258	1.750000e-004	
259	1.250000e-004	
260	1.500000e-004	
261	2.750000e-004	
262	3.250000e-004	
263	3.500000e-004	
264	3.500000e-004	
265	3.750000e-004	
266	3.750000e-004	
267	4.000000e-004	
268	5.000000e-004	
269	5.000000e-004	
270	3.000000e-004	
271	3.250000e-004	
272	3.500000e-004	
273	4.250000e-004	
274	6.250000e-004	
275	8.750000e-004	
276	8.750000e-004	
277	1.025000e-003	
278	9.000000e-004	
279	1.025000e-003	
280	1.225000e-003	
281	1.125000e-003	
282	1.100000e-003	
283	1.125000e-003	
284	1.075000e-003	
285	1.025000e-003	
286	1.250000e-003	
287	1.550000e-003	
288	1.675000e-003	
289	1.575000e-003	
290	2.075000e-003	
291	2.025000e-003	
292	1.925000e-003	
293	2.125000e-003	
294	1.875000e-003	
295	2.375000e-003	
296	2.325000e-003	
297	2.425000e-003	
298	2.725000e-003	
299	2.850000e-003	
300	3.200000e-003	
301	2.900000e-003	
302	2.700000e-003	
303	2.750000e-003	
304	3.375000e-003	
305	3.850000e-003	
306	4.000000e-003	
307	4.100000e-003	
308	3.850000e-003	
309	3.575000e-003	
310	3.725000e-003	
311	4.025000e-003	
312	3.825000e-003	
313	4.175000e-003	
314	4.025000e-003	
315	4.600000e-003	
316	4.575000e-003	
317	4.550000e-003	
318	4.525000e-003	
319	5.450000e-003	
320	5.275000e-003	
321	5.400000e-003	
322	5.075000e-003	
323	5.375000e-003	
324	5.500000e-003	
325	5.225000e-003	
326	5.500000e-003	
327	6.225000e-003	
328	6.400000e-003	
329	7.325000e-003	
330	6.725000e-003	
331	6.775000e-003	
332	7.300000e-003	
333	7.650000e-003	
334	8.000000e-003	
335	8.850000e-003	
336	8.450000e-003	
337	7.950000e-003	
338	8.400000e-003	
339	8.075000e-003	
340	7.875000e-003	
341	7.825000e-003	
342	8.225000e-003	
343	8.325000e-003	
344	8.275000e-003	
345	9.275000e-003	
346	9.425000e-003	
347	9.125000e-003	
348	9.175000e-003	
349	8.475000e-003	
350	8.400000e-003	
351	8.375000e-003	
352	7.425000e-003	
353	6.825000e-003	
354	7.100000e-003	
355	6.500000e-003	
356	6.575000e-003	
357	5.475000e-003	
358	5.025000e-003	
359	4.900000e-003	
360	4.600000e-003	
361	4.600000e-003	
362	4.150000e-003	
363	3.975000e-003	
364	3.525000e-003	
365	3.400000e-003	
366	3.100000e-003	
367	2.475000e-003	
368	2.125000e-003	
369	1.950000e-003	
370	1.925000e-003	
371	1.750000e-003	
372	1.225000e-003	
373	1.150000e-003	
374	1.275000e-003	
375	1.300000e-003	
376	1.250000e-003	
377	1.075000e-003	
378	6.750000e-004	
379	4.750000e-004	
380	1.750000e-004	
381	1.000000e-004	
382	1.750000e-004	
383	2.500000e-005	
384	5.000000e-005	
385	0	
386	0	
387	0	
388	0	
389	0	
390	0	
391	0	
392	0	
393	0	
394	0	
395	0	
396	0	
397	0	
398	0	
399	0	
400	0	
401	0	
402	0	
403	0	
404	0	
405	0	
406	0	
407	0	
408	0	
409	0	
410	0	
411	0	
412	0	
413	0	
414	0	
415	0	
416	0	
417	0	
418	0	
419	0	
420	0	
421	0	
422	0	
423	0	
424	0	
425	0	
426	0	
427	0	
428	0	
429	0	
430	0	
431	0	
432	0	
433	0	
434	0	
435	0	
436	0	
437	0	
438	0	
439	0	
440	0	
441	0	
442	0	
443	0	
444	0	
445	0	
446	0	
447	0	
448	0	
449	0	
450	0	
451	0	
452	0	
453	0	
454	0	
455	0	
456	0	
457	0	
458	0	
459	0	
460	0	
461	0	
462	0	
463	0	
464	0	
465	0	
466	0	
467	0	
468	0	
469	0	
470	0	
471	0	
472	0	
473	0	
474	0	
475	0	
476	0	
477	0	
478	0	
479	0	
480	0	
481	0	
482	0	
483	0	
484	0	
485	0	
486	0	
487	0	
488	0	
489	0	
490	0	
491	0	
492	0	
493	0	
494	0	
495	0	
496	0	
497	0	
498	0	
499	0	
500	0	
501	0	
502	0	
503	0	
504	0	
505	0	
506	0	
507	0	
508	0	
509	0	
510	0	
511	0	
512	0	
513	0	
514	0	
515	0	
516	0	
517	0	
518	0	
519	0	
520	0	
521	0	
522	0	
523	0	
524	0	
525	0	
526	0	
527	0	
528	0	
529	0	
530	0	
531	0	
532	0	
533	0	
534	0	
535	0	
536	0	
537	0	
538	0	
539	0	
540	0	
541	0	
542	0	
543	0	
544	0	
545	0	
546	0	
547	0	
548	0	
549	0	
550	0	
551	0	
552	0	
553	0	
554	0	
555	0	
556	0	
557	0	
558	0	
559	0	
560	0	
561	0	
562	0	
563	0	
564	0	
565	0	
566	0	
567	0	
568	0	
569	0	
570	0	
571	0	
572	0	
573	0	
574	0	
575	0	
576	0	
577	0	
578	0	
579	0	
580	0	
581	0	
582	0	
583	0	
584	0	
585	0	
586	0	
587	0	
588	0	
589	0	
590	0	
591	0	
592	0	
593	0	
594	0	
595	0	
596	0	
597	0	
598	0	
599	0	
600	0	
601	0	
602	0	
603	0	
604	0	
605	0	
606	0	
607	0	
608	2.500000e-005	
609	0	
610	0	
611	0	
612	0	
613	0	
614	0	
615	0	
616	0	
617	0	
618	0	
619	0	
620	0	
621	0	
622	0	
623	0	
624	0	
625	0	
626	0	
627	0	
628	0	
629	0	
630	0	
631	0	
632	0	
633	0	
634	0	
635	0	
636	0	
637	0	
638	0	
639	0	
640	0	
641	0	
642	0	
643	0	
644	0	
645	0	
646	0	
647	0	
648	0	
649	0	
650	0	
651	0	
652	0	
653	0	
654	0	
655	0	
656	0	
657	0	
658	0	
659	0	
660	0	
661	0	
662	0	
663	0	
664	0	
665	0	
666	0	
667	0	
668	0	
669	0	
670	0	
671	0	
672	0	
673	0	
674	0	
675	0	
676	0	
677	0	
678	0	
679	0	
680	0	
681	0	
682	0	
683	0	
684	0	
685	2.500000e-005	
686	1.000000e-004	
687	5.000000e-005	
688	7.500000e-005	
689	2.500000e-005	
690	5.000000e-005	
691	1.000000e-004	
692	5.000000e-005	
693	1.000000e-004	
694	1.000000e-004	
695	7.500000e-005	
696	5.000000e-005	
697	2.500000e-005	
698	2.500000e-005	
699	0	
700	0	
701	0	
702	0	
703	0	
704	0	
705	0	
706	0	
707	0	
708	0	
709	0	
710	0	
711	0	
712	0	
713	0	
714	0	
715	0	
716	0	
717	0	
718	0	
719	0	
720	0	
721	0	
722	0	
723	0	
724	0	
725	0	
726	0	
727	0	
728	0	
729	0	
730	0	
731	0	
732	0	
733	0	
734	0	
735	0	
736	0	
737	0	
738	0	
739	0	
740	0	
741	0	
742	0	
743	0	
744	2.500000e-005	
745	5.000000e-005	
746	7.500000e-005	
747	7.500000e-005	
748	1.250000e-004	
749	2.500000e-005	
750	2.500000e-005	
751	0	
752	0	
753	0	
754	0	
755	0	
756	0	
757	0	
758	0	
759	0	
760	0	
761	0	
762	0	
763	0	
764	0	
765	0	
766	0	
767	0	
768	0	
769	0	
770	0	
771	0	
772	0	
773	0	
774	0	
775	0	
776	0	
777	0	
778	0	
779	0	
780	0	
781	0	
782	0	
783	0	
784	0	
785	0	
786	0	
787	0	
788	0	
789	0	
790	0	
791	0	
792	0	
793	0	
794	0	
795	0	
796	0	
797	0	
798	0	
799	0	
800	0	
801	0	
802	0	
803	0	
804	0	
805	0	
806	0	
807	0	
808	0	
809	0	
810	0	
811	0	
812	0	
813	0	
814	0	
815	0	
816	0	
817	0	
818	0	
819	2.500000e-005	
820	5.000000e-005	
821	5.000000e-005	
822	1.000000e-004	
823	1.500000e-004	
824	2.000000e-004	
825	2.500000e-004	
826	4.000000e-004	
827	2.250000e-004	
828	2.500000e-004	
829	2.250000e-004	
830	2.000000e-004	
831	2.500000e-004	
832	2.000000e-004	
833	2.500000e-004	
834	3.000000e-004	
835	1.000000e-004	
836	1.250000e-004	
837	7.500000e-005	
838	1.250000e-004	
839	1.250000e-004	
840	1.000000e-004	
841	1.500000e-004	
842	1.750000e-004	
843	2.250000e-004	
844	3.000000e-004	
845	3.000000e-004	
846	4.000000e-004	
847	2.750000e-004	
848	2.000000e-004	
849	2.250000e-004	
850	3.250000e-004	
851	2.000000e-004	
852	2.750000e-004	
853	3.000000e-004	
854	3.750000e-004	
855	3.250000e-004	
856	4.000000e-004	
857	3.250000e-004	
858	3.750000e-004	
859	3.750000e-004	
860	5.000000e-004	
861	6.000000e-004	
862	7.250000e-004	
863	7.500000e-004	
864	7.250000e-004	
865	6.750000e-004	
866	7.250000e-004	
867	5.750000e-004	
868	6.750000e-004	
869	8.250000e-004	
870	8.250000e-004	
871	8.750000e-004	
872	9.000000e-004	
873	1.075000e-003	
874	1.225000e-003	
875	1.175000e-003	
876	1.300000e-003	
877	1.425000e-003	
878	1.275000e-003	
879	1.600000e-003	
880	1.775000e-003	
881	1.900000e-003	
882	1.875000e-003	
883	1.650000e-003	
884	1.650000e-003	
885	1.775000e-003	
886	2.050000e-003	
887	2.200000e-003	
888	2.575000e-003	
889	2.200000e-003	
890	2.225000e-003	
891	1.775000e-003	
892	1.775000e-003	
893	1.950000e-003	
894	2.125000e-003	
895	2.175000e-003	
896	2.800000e-003	
897	2.875000e-003	
898	3.200000e-003	
899	3.275000e-003	
900	3.400000e-003	
901	3.300000e-003	
902	3.525000e-003	
903	3.625000e-003	
904	3.400000e-003	
905	3.350000e-003	
906	3.875000e-003	
907	3.500000e-003	
908	3.725000e-003	
909	3.875000e-003	
910	4.050000e-003	
911	3.925000e-003	
912	4.400000e-003	
913	3.950000e-003	
914	3.875000e-003	
915	3.475000e-003	
916	3.225000e-003	
917	3.200000e-003	
918	3.400000e-003	
919	3.450000e-003	
920	4.050000e-003	
921	4.275000e-003	
922	3.725000e-003	
923	3.500000e-003	
924	3.500000e-003	
925	3.900000e-003	
926	4.075000e-003	
927	3.850000e-003	
928	4.150000e-003	
929	4.225000e-003	
930	4.450000e-003	
931	4.550000e-003	
932	4.525000e-003	
933	4.650000e-003	
934	4.675000e-003	
935	4.100000e-003	
936	3.850000e-003	
937	3.950000e-003	
938	4.175000e-003	
939	4.550000e-003	
940	4.525000e-003	
941	4.225000e-003	
942	4.050000e-003	
943	4.300000e-003	
944	4.375000e-003	
945	4.475000e-003	
946	4.300000e-003	
947	4.625000e-003	
948	4.725000e-003	
949	4.500000e-003	
950	4.525000e-003	
951	4.150000e-003	
952	4.725000e-003	
953	4.600000e-003	
954	5.350000e-003	
955	5.250000e-003	
956	5.375000e-003	
957	5.150000e-003	
958	5.400000e-003	
959	5.475000e-003	
960	5.550000e-003	
961	5.500000e-003	
962	5.300000e-003	
963	4.800000e-003	
964	4.550000e-003	
965	4.175000e-003	
966	4.075000e-003	
967	4.050000e-003	
968	3.625000e-003	
969	3.650000e-003	
970	3.925000e-003	
971	3.375000e-003	
972	3.725000e-003	
973	3.775000e-003	
974	3.275000e-003	
975	2.950000e-003	
976	3.200000e-003	
977	3.125000e-003	
978	3.250000e-003	
979	2.950000e-003	
980	2.575000e-003	
981	2.175000e-003	
982	2.450000e-003	
983	2.550000e-003	
984	2.575000e-003	
985	2.500000e-003	
986	2.475000e-003	
987	2.025000e-003	
988	1.600000e-003	
989	1.400000e-003	
990	1.350000e-003	
991	9.500000e-004	
992	7.750000e-004	
993	7.750000e-004	
994	6.750000e-004	
995	5.250000e-004	
996	4.500000e-004	
997	3.000000e-004	
998	2.750000e-004	
999	2.500000e-005	
1000	0	
1001	0	
1002	0	
1003	0	
1004	0	
1005	0	
1006	0	
1007	0	
1008	0	
1009	0	
1010	0	
1011	0	
1012	0	
1013	0	
1014	0	
1015	0	
1016	0	
1017	0	
1018	0	
1019	0	
1020	0	
1021	0	
1022	0	
1023	0	
1024	0	
1025	0	
1026	0	
1027	0	
1028	0	
1029	0	
1030	0	
1031	0	
1032	0	
1033	0	
1034	0	
1035	0	
1036	0	
1037	0	
1038	0	
1039	0	
1040	0	
1041	0	
1042	0	
1043	0	
1044	0	
1045	0	
1046	0	
1047	0	
1048	0	
1049	0	
1050	0	
1051	0	
1052	0	
1053	0	
1054	0	
1055	0	
1056	0	
1057	0	
1058	0	
1059	0	
1060	0	
1061	0	
1062	0	
1063	0	
1064	0	
1065	0	
1066	0	
1067	0	
1068	0	
1069	0	
1070	0	
1071	0	
1072	0	
1073	0	
1074	0	
1075	0	
1076	0	
1077	0	
1078	0	
1079	0	
1080	0	
1081	0	
1082	0	
1083	0	
1084	0	
1085	0	
1086	0	
1087	0	
1088	0	
1089	0	
1090	0	
1091	0	
1092	0	
1093	0	
1094	0	
1095	0	
1096	0	
1097	0	
1098	0	
1099	0	
1100	0	
1101	0	
1102	0	
1103	0	
1104	0	
1105	0	
1106	0	
1107	0	
1108	0	
1109	0	
1110	0	
1111	0	
1112	0	
1113	0	
1114	0	
1115	0	
1116	0	
1117	0	
1118	0	
1119	0	
1120	0	
1121	0	
1122	0	
1123	0	
1124	0	
1125	0	
1126	0	
1127	0	
1128	0	
1129	0	
1130	0	
1131	0	
1132	0	
1133	0	
1134	0	
1135	0	
1136	0	
1137	0	
1138	0	
1139	0	
1140	0	
1141	0	
1142	0	
1143	0	
1144	0	
1145	0	
1146	0	
1147	0	
1148	0	
1149	0	
1150	0	
1151	0	
1152	0	
1153	0	
1154	0	
1155	0	
1156	0	
1157	0	
1158	0	
1159	0	
1160	0	
1161	0	
1162	0	
1163	0	
1164	0	
1165	0	
1166	0	
1167	0	
1168	0	
1169	0	
1170	0	
1171	0	
1172	0	
1173	0	
1174	0	
1175	0	
1176	0	
1177	0	
1178	0	
1179	0	
1180	0	
1181	0	
1182	0	
1183	0	
1184	0	
1185	0	
1186	0	
1187	0	
1188	0	
1189	0	
1190	0	
1191	0	
1192	0	
1193	0	
1194	0	
1195	0	
1196	0	
1197	0	
1198	0	
1199	0	
1200	0	
1201	0	
1202	0	
1203	0	
1204	0	
1205	0	
1206	0	
1207	0	
1208	0	
1209	0	
1210	0	
1211	0	
1212	0	
1213	0	
1214	0	
1215	0	
1216	0	
1217	0	
1218	0	
1219	0	
1220	0	
1221	0	
1222	0	
1223	0	
1224	0	
1225	0	
1226	0	
1227	0	
1228	0	
1229	0	
1230	0	
1231	0	
1232	0	
1233	0	
1234	0	
1235	0	
1236	0	
1237	0	
1238	0	
1239	0	
1240	0	
1241	0	
1242	0	
1243	0	
1244	0	
1245	0	
1246	0	
1247	0	
1248	0	
1249	0	
1250	0	
1251	0	
1252	0	
1253	0	
1254	0	
1255	0	
1256	0	
1257	0	
1258	0	
1259	0	
1260	0	
1261	0	
1262	0	
1263	0	
1264	0	
1265	0	
1266	0	
1267	0	
1268	0	
1269	0	
1270	0	
1271	0	
1272	0	
1273	0	
1274	0	
1275	0	
1276	0	
1277	0	
1278	0	
1279	0	
1280	0	
1281	0	
1282	0	
1283	0	
1284	0	
1285	0	
1286	0	
1287	0	
1288	0	
1289	0	
1290	0	
1291	0	
1292	0	
1293	0	
1294	0	
1295	0	
1296	0	
1297	0	
1298	0	
1299	0	
1300	0	
1301	0	
1302	0	
1303	0	
1304	0	
1305	0	
1306	0	
1307	0	
1308	0	
1309	0	
1310	0	
1311	0	
1312	0	
1313	0	
1314	0	
1315	0	
1316	0	
1317	0	
1318	0	
1319	0	
1320	0	
1321	0	
1322	0	
1323	0	
1324	0	
1325	0	
1326	0	
1327	0	
1328	0	
1329	0	
1330	2.500000e-005	
1331	2.500000e-005	
1332	0	
1333	0	
1334	0	
1335	0	
1336	0	
1337	0	
1338	0	
1339	0	
1340	0	
1341	2.500000e-005	
1342	7.500000e-005	
1343	7.500000e-005	
1344	1.250000e-004	
1345	1.500000e-004	
1346	7.500000e-005	
1347	1.750000e-004	
1348	1.500000e-004	
1349	2.500000e-004	
1350	3.250000e-004	
1351	2.750000e-004	
1352	3.750000e-004	
1353	4.250000e-004	
1354	4.000000e-004	
1355	3.250000e-004	
1356	2.750000e-004	
1357	2.000000e-004	
1358	2.250000e-004	
1359	3.250000e-004	
1360	2.500000e-004	
1361	1.000000e-004	
1362	1.250000e-004	
1363	1.750000e-004	
1364	2.250000e-004	
1365	7.500000e-005	
1366	1.250000e-004	
1367	7.500000e-005	
1368	5.000000e-005	
1369	2.500000e-005	
1370	5.000000e-005	
1371	5.000000e-005	
1372	5.000000e-005	
1373	7.500000e-005	
1374	1.250000e-004	
1375	1.500000e-004	
1376	5.000000e-005	
1377	1.000000e-004	
1378	1.000000e-004	
1379	1.250000e-004	
1380	1.500000e-004	
1381	1.500000e-004	
1382	1.500000e-004	
1383	1.250000e-004	
1384	1.750000e-004	
1385	3.000000e-004	
1386	2.750000e-004	
1387	3.750000e-004	
1388	4.500000e-004	
1389	5.000000e-004	
1390	3.250000e-004	
1391	3.750000e-004	
1392	4.000000e-004	
1393	4.000000e-004	
1394	4.250000e-004	
1395	4.000000e-004	
1396	4.250000e-004	
1397	3.250000e-004	
1398	3.250000e-004	
1399	4.000000e-004	
1400	4.750000e-004	
1401	4.250000e-004	
1402	3.750000e-004	
1403	5.000000e-004	
1404	4.750000e-004	
1405	4.750000e-004	
1406	3.750000e-004	
1407	4.500000e-004	
1408	4.250000e-004	
1409	3.750000e-004	
1410	3.250000e-004	
1411	3.250000e-004	
1412	4.750000e-004	
1413	4.500000e-004	
1414	5.000000e-004	
1415	4.000000e-004	
1416	5.000000e-004	
1417	5.500000e-004	
1418	6.750000e-004	
1419	3.750000e-004	
1420	3.750000e-004	
1421	4.750000e-004	
1422	3.500000e-004	
1423	3.000000e-004	
1424	2.500000e-004	
1425	1.500000e-004	
1426	1.750000e-004	
1427	2.000000e-004	
1428	1.500000e-004	
1429	1.750000e-004	
1430	1.500000e-004	
1431	1.000000e-004	
1432	5.000000e-005	
1433	7.500000e-005	
1434	1.000000e-004	
1435	2.000000e-004	
1436	3.000000e-004	
1437	2.750000e-004	
1438	3.500000e-004	
1439	4.750000e-004	
1440	4.500000e-004	
1441	4.750000e-004	
1442	5.500000e-004	
1443	6.000000e-004	
1444	6.500000e-004	
1445	7.500000e-004	
1446	6.250000e-004	
1447	6.750000e-004	
1448	6.250000e-004	
1449	5.000000e-004	
1450	7.250000e-004	
1451	7.250000e-004	
1452	7.750000e-004	
1453	7.750000e-004	
1454	1.000000e-003	
1455	1.025000e-003	
1456	1.050000e-003	
1457	1.250000e-003	
1458	1.125000e-003	
1459	1.100000e-003	
1460	1.300000e-003	
1461	1.225000e-003	
1462	1.225000e-003	
1463	1.400000e-003	
1464	1.300000e-003	
1465	1.225000e-003	
1466	1.325000e-003	
1467	1.625000e-003	
1468	1.575000e-003	
1469	1.725000e-003	
1470	1.725000e-003	
1471	1.575000e-003	
1472	1.550000e-003	
1473	1.675000e-003	
1474	1.475000e-003	
1475	1.225000e-003	
1476	1.025000e-003	
1477	8.500000e-004	
1478	8.750000e-004	
1479	8.500000e-004	
1480	8.250000e-004	
1481	8.000000e-004	
1482	1.025000e-003	
1483	1.200000e-003	
1484	1.375000e-003	
1485	1.450000e-003	
1486	1.500000e-003	
1487	1.550000e-003	
1488	1.625000e-003	
1489	1.700000e-003	
1490	2.100000e-003	
1491	1.800000e-003	
1492	2.150000e-003	
1493	2.000000e-003	
1494	2.075000e-003	
1495	1.950000e-003	
1496	1.900000e-003	
1497	1.800000e-003	
1498	1.600000e-003	
1499	1.825000e-003	
1500	2.000000e-003	
1501	2.150000e-003	
1502	2.750000e-003	
1503	3.150000e-003	
1504	3.675000e-003	
1505	3.675000e-003	
1506	3.425000e-003	
1507	3.000000e-003	
1508	3.525000e-003	
1509	3.100000e-003	
1510	3.150000e-003	
1511	3.100000e-003	
1512	2.625000e-003	
1513	2.925000e-003	
1514	3.000000e-003	
1515	3.150000e-003	
1516	3.525000e-003	
1517	3.625000e-003	
1518	3.575000e-003	
1519	3.500000e-003	
1520	3.550000e-003	
1521	3.425000e-003	
1522	3.150000e-003	
1523	2.800000e-003	
1524	3.125000e-003	
1525	2.975000e-003	
1526	3.600000e-003	
1527	3.500000e-003	
1528	3.900000e-003	
1529	3.825000e-003	
1530	3.750000e-003	
1531	3.625000e-003	
1532	4.275000e-003	
1533	4.250000e-003	
1534	4.150000e-003	
1535	4.150000e-003	
1536	4.725000e-003	
1537	4.750000e-003	
1538	4.575000e-003	
1539	4.375000e-003	
1540	4.525000e-003	
1541	4.450000e-003	
1542	4.725000e-003	
1543	5.000000e-003	
1544	4.425000e-003	
1545	3.975000e-003	
1546	4.550000e-003	
1547	4.575000e-003	
1548	4.825000e-003	
1549	4.275000e-003	
1550	4.225000e-003	
1551	4.700000e-003	
1552	4.325000e-003	
1553	4.700000e-003	
1554	4.600000e-003	
1555	4.100000e-003	
1556	3.525000e-003	
1557	3.775000e-003	
1558	3.800000e-003	
1559	4.300000e-003	
1560	4.250000e-003	
1561	4.275000e-003	
1562	3.550000e-003	
1563	3.150000e-003	
1564	3.100000e-003	
1565	2.525000e-003	
1566	2.850000e-003	
1567	2.650000e-003	
1568	2.625000e-003	
1569	3.125000e-003	
1570	3.150000e-003	
1571	3.375000e-003	
1572	3.075000e-003	
1573	2.825000e-003	
1574	2.800000e-003	
1575	2.725000e-003	
1576	2.750000e-003	
1577	2.650000e-003	
1578	2.050000e-003	
1579	2.550000e-003	
1580	2.350000e-003	
1581	2.500000e-003	
1582	2.400000e-003	
1583	2.375000e-003	
1584	2.425000e-003	
1585	2.325000e-003	
1586	2.300000e-003	
1587	2.025000e-003	
1588	1.900000e-003	
1589	1.700000e-003	
1590	1.525000e-003	
1591	1.550000e-003	
1592	1.325000e-003	
1593	1.625000e-003	
1594	1.300000e-003	
1595	1.200000e-003	
1596	9.750000e-004	
1597	9.000000e-004	
1598	7.750000e-004	
1599	9.500000e-004	
1600	1.275000e-003	
1601	1.100000e-003	
1602	7.250000e-004	
1603	4.500000e-004	
1604	5.250000e-004	
1605	6.250000e-004	
1606	7.000000e-004	
1607	5.000000e-004	
1608	3.500000e-004	
1609	1.750000e-004	
1610	1.250000e-004	
1611	5.000000e-005	
1612	5.000000e-005	
1613	7.500000e-005	
1614	2.500000e-005	
1615	0	
1616	0	
1617	0	
1618	0	
1619	0	
1620	0	
1621	0	
1622	0	
1623	0	
1624	0	
1625	0	
1626	0	
1627	0	
1628	0	
1629	0	
1630	0	
1631	0	
1632	0	
1633	0	
1634	0	
1635	0	
1636	0	
1637	0	
1638	0	
1639	0	
1640	0	
1641	0	
1642	0	
1643	0	
1644	0	
1645	0	
1646	0	
1647	0	
1648	0	
1649	0	
1650	0	
1651	0	
1652	0	
1653	0	
1654	0	
1655	0	
1656	0	
1657	0	
1658	0	
1659	0	
1660	0	
1661	0	
1662	0	
1663	0	
1664	0	
1665	0	
1666	0	
1667	0	
1668	0	
1669	0	
1670	0	
1671	0	
1672	0	
1673	0	
1674	0	
1675	0	
1676	0	
1677	0	
1678	0	
1679	0	
1680	0	
1681	0	
1682	0	
1683	0	
1684	0	
1685	0	
1686	0	
1687	0	
1688	0	
1689	0	
1690	0	
1691	0	
1692	0	
1693	0	
1694	0	
1695	0	
1696	0	
1697	0	
1698	0	
1699	0	
1700	0	
1701	0	
1702	0	
1703	0	
1704	0	
1705	0	
1706	0	
1707	0	
1708	0	
1709	0	
1710	0	
1711	0	
1712	0	
1713	0	
1714	0	
1715	0	
1716	0	
1717	0	
1718	0	
1719	0	
1720	0	
1721	0	
1722	0	
1723	0	
1724	0	
1725	0	
1726	0	
1727	0	
1728	0	
1729	0	
1730	0	
1731	0	
1732	0	
1733	0	
1734	0	
1735	2.500000e-005	
1736	5.000000e-005	
1737	7.500000e-005	
1738	1.000000e-004	
1739	5.000000e-005	
1740	2.500000e-005	
1741	0	
1742	0	
1743	0	
1744	0	
1745	0	
1746	0	
1747	0	
1748	0	
1749	0	
1750	0	
1751	0	
1752	0	
1753	0	
1754	0	
1755	0	
1756	0	
1757	0	
1758	0	
1759	0	
1760	0	
1761	0	
1762	0	
1763	0	
1764	0	
1765	0	
1766	0	
1767	0	
1768	0	
1769	0	
1770	0	
1771	0	
1772	0	
1773	0	
1774	0	
1775	0	
1776	0	
1777	0	
1778	0	
1779	0	
1780	0	
1781	0	
1782	0	
1783	0	
1784	0	
1785	0	
1786	0	
1787	0	
1788	0	
1789	0	
1790	0	
1791	0	
1792	0	
1793	0	
1794	0	
1795	0	
1796	0	
1797	0	
1798	0	
1799	0	
1800	0	
1801	0	
1802	0	
1803	0	
1804	0	
1805	0	
1806	0	
1807	0	
1808	0	
1809	0	
1810	0	
1811	0	
1812	0	
1813	0	
1814	0	
1815	0	
1816	0	
1817	0	
1818	0	
1819	0	
1820	0	
1821	0	
1822	0	
1823	0	
1824	0	
1825	0	
1826	2.500000e-005	
1827	2.500000e-005	
1828	2.500000e-005	
1829	5.000000e-005	
1830	5.000000e-005	
1831	0	
1832	0	
1833	0	
1834	0	
1835	0	
1836	0	
1837	0	
1838	0	
1839	0	
1840	0	
1841	0	
1842	0	
1843	0	
1844	0	
1845	0	
1846	0	
1847	0	
1848	0	
1849	0	
1850	0	
1851	0	
1852	0	
1853	0	
1854	0	
1855	0	
1856	0	
1857	0	
1858	0	
1859	0	
1860	0	
1861	0	
1862	0	
1863	0	
1864	0	
1865	0	
1866	0	
1867	0	
1868	0	
1869	0	
1870	0	
1871	0	
1872	0	
1873	0	
1874	0	
1875	0	
1876	0	
1877	0	
1878	0	
1879	0	
1880	0	
1881	0	
1882	0	
1883	0	
1884	0	
1885	0	
1886	0	
1887	0	
1888	0	
1889	0	
1890	0	
1891	0	
1892	0	
1893	0	
1894	0	
1895	0	
1896	0	
1897	0	
1898	0	
1899	0	
1900	0	
1901	0	
1902	0	
1903	0	
1904	0	
1905	0	
1906	0	
1907	0	
1908	0	
1909	0	
1910	0	
1911	0	
1912	0	
1913	0	
1914	0	
1915	0	
1916	0	
1917	0	
1918	0	
1919	0	
1920	0	
1921	0	
1922	0	
1923	0	
1924	0	
1925	0	
1926	0	
1927	0	
1928	0	
1929	0	
1930	0	
1931	0	
1932	0	
1933	0	
1934	0	
1935	0	
1936	0	
1937	0	
1938	0	
1939	0	
1940	0	
1941	0	
1942	0	
1943	0	
1944	0	
1945	0	
1946	0	
1947	0	
1948	0	
1949	0	
1950	0	
1951	2.500000e-005	
1952	7.500000e-005	
1953	1.500000e-004	
1954	1.500000e-004	
1955	1.500000e-004	
1956	1.750000e-004	
1957	1.750000e-004	
1958	1.750000e-004	
1959	2.750000e-004	
1960	5.000000e-004	
1961	3.000000e-004	
1962	2.750000e-004	
1963	2.500000e-004	
1964	3.000000e-004	
1965	3.750000e-004	
1966	4.500000e-004	
1967	4.250000e-004	
1968	4.500000e-004	
1969	5.750000e-004	
1970	6.250000e-004	
1971	6.500000e-004	
1972	5.250000e-004	
1973	4.750000e-004	
1974	4.000000e-004	
1975	5.250000e-004	
1976	4.750000e-004	
1977	5.250000e-004	
1978	6.500000e-004	
1979	7.500000e-004	
1980	5.250000e-004	
1981	6.250000e-004	
1982	6.250000e-004	
1983	6.500000e-004	
1984	6.750000e-004	
1985	4.500000e-004	
1986	4.500000e-004	
1987	4.500000e-004	
1988	4.750000e-004	
1989	4.750000e-004	
1990	4.000000e-004	
1991	6.250000e-004	
1992	6.500000e-004	
1993	6.750000e-004	
1994	6.000000e-004	
1995	8.000000e-004	
1996	9.750000e-004	
1997	1.200000e-003	
1998	1.225000e-003	
1999	1.100000e-003	
2000	9.500000e-004	
2001	1.000000e-003	
2002	6.750000e-004	
2003	6.000000e-004	
2004	6.250000e-004	
2005	6.250000e-004	
2006	7.750000e-004	
2007	7.750000e-004	
2008	1.225000e-003	
2009	1.125000e-003	
2010	1.000000e-003	
2011	1.250000e-003	
2012	1.450000e-003	
2013	1.500000e-003	
2014	1.625000e-003	
2015	1.600000e-003	
2016	1.250000e-003	
2017	1.275000e-003	
2018	1.375000e-003	
2019	1.450000e-003	
2020	1.350000e-003	
2021	1.600000e-003	
2022	1.650000e-003	
2023	1.625000e-003	
2024	1.800000e-003	
2025	1.750000e-003	
2026	1.550000e-003	
2027	1.350000e-003	
2028	1.450000e-003	
2029	9.750000e-004	
2030	1.250000e-003	
2031	1.450000e-003	
2032	1.350000e-003	
2033	1.225000e-003	
2034	1.325000e-003	
2035	1.550000e-003	
2036	1.850000e-003	
2037	1.750000e-003	
2038	1.625000e-003	
2039	1.525000e-003	
2040	1.325000e-003	
2041	1.525000e-003	
2042	1.525000e-003	
2043	1.375000e-003	
2044	1.700000e-003	
2045	1.300000e-003	
2046	1.525000e-003	
2047	1.500000e-003	
2048	1.675000e-003	
2049	1.775000e-003	
2050	2.050000e-003	
2051	1.900000e-003	
2052	2.350000e-003	
2053	2.400000e-003	
2054	2.125000e-003	
2055	1.975000e-003	
2056	2.225000e-003	
2057	2.300000e-003	
2058	2.575000e-003	
2059	1.900000e-003	
2060	2.025000e-003	
2061	2.100000e-003	
2062	2.775000e-003	
2063	2.425000e-003	
2064	2.150000e-003	
2065	2.475000e-003	
2066	2.350000e-003	
2067	2.600000e-003	
2068	2.550000e-003	
2069	2.575000e-003	
2070	2.775000e-003	
2071	2.525000e-003	
2072	2.100000e-003	
2073	2.275000e-003	
2074	2.400000e-003	
2075	2.075000e-003	
2076	1.900000e-003	
2077	1.475000e-003	
2078	1.150000e-003	
2079	1.100000e-003	
2080	1.075000e-003	
2081	1.175000e-003	
2082	1.625000e-003	
2083	1.525000e-003	
2084	1.375000e-003	
2085	1.475000e-003	
2086	1.750000e-003	
2087	1.775000e-003	
2088	1.400000e-003	
2089	1.450000e-003	
2090	1.625000e-003	
2091	1.675000e-003	
2092	1.500000e-003	
2093	1.375000e-003	
2094	1.675000e-003	
2095	1.750000e-003	
2096	1.825000e-003	
2097	1.475000e-003	
2098	1.125000e-003	
2099	1.300000e-003	
2100	1.300000e-003	
2101	1.375000e-003	
2102	1.650000e-003	
2103	1.675000e-003	
2104	1.575000e-003	
2105	1.550000e-003	
2106	1.600000e-003	
2107	1.700000e-003	
2108	1.600000e-003	
2109	1.900000e-003	
2110	1.625000e-003	
2111	1.525000e-003	
2112	1.750000e-003	
2113	1.900000e-003	
2114	1.875000e-003	
2115	2.425000e-003	
2116	2.700000e-003	
2117	2.400000e-003	
2118	1.975000e-003	
2119	2.025000e-003	
2120	2.350000e-003	
2121	2.675000e-003	
2122	2.850000e-003	
2123	2.950000e-003	
2124	3.250000e-003	
2125	3.050000e-003	
2126	3.075000e-003	
2127	3.300000e-003	
2128	3.450000e-003	
2129	3.025000e-003	
2130	2.725000e-003	
2131	3.025000e-003	
2132	3.050000e-003	
2133	2.950000e-003	
2134	3.125000e-003	
2135	3.200000e-003	
2136	2.825000e-003	
2137	2.675000e-003	
2138	2.350000e-003	
2139	2.075000e-003	
2140	2.100000e-003	
2141	2.175000e-003	
2142	2.200000e-003	
2143	2.350000e-003	
2144	2.350000e-003	
2145	2.400000e-003	
2146	2.525000e-003	
2147	2.300000e-003	
2148	2.400000e-003	
2149	2.900000e-003	
2150	2.925000e-003	
2151	2.600000e-003	
2152	1.975000e-003	
2153	2.050000e-003	
2154	2.175000e-003	
2155	2.400000e-003	
2156	2.600000e-003	
2157	2.775000e-003	
2158	2.575000e-003	
2159	2.400000e-003	
2160	2.725000e-003	
2161	2.700000e-003	
2162	2.000000e-003	
2163	1.600000e-003	
2164	1.775000e-003	
2165	1.850000e-003	
2166	1.875000e-003	
2167	2.050000e-003	
2168	2.100000e-003	
2169	2.300000e-003	
2170	2.150000e-003	
2171	2.075000e-003	
2172	2.000000e-003	
2173	1.775000e-003	
2174	1.650000e-003	
2175	1.750000e-003	
2176	1.750000e-003	
2177	1.725000e-003	
2178	1.650000e-003	
2179	1.875000e-003	
2180	2.050000e-003	
2181	1.950000e-003	
2182	1.925000e-003	
2183	1.975000e-003	
2184	2.150000e-003	
2185	1.725000e-003	
2186	1.575000e-003	
2187	1.725000e-003	
2188	1.775000e-003	
2189	1.525000e-003	
2190	1.625000e-003	
2191	1.700000e-003	
2192	1.575000e-003	
2193	1.575000e-003	
2194	1.400000e-003	
2195	1.300000e-003	
2196	1.400000e-003	
2197	1.225000e-003	
2198	1.200000e-003	
2199	1.100000e-003	
2200	8.750000e-004	
2201	8.250000e-004	
2202	9.250000e-004	
2203	7.500000e-004	
2204	9.000000e-004	
2205	9.000000e-004	
2206	7.000000e-004	
2207	5.500000e-004	
2208	5.000000e-004	
2209	5.500000e-004	
2210	3.750000e-004	
2211	3.000000e-004	
2212	3.000000e-004	
2213	2.000000e-004	
2214	1.250000e-004	
2215	1.000000e-004	
2216	1.250000e-004	
2217	2.000000e-004	
2218	1.750000e-004	
2219	2.250000e-004	
2220	3.000000e-004	
2221	2.750000e-004	
2222	3.750000e-004	
2223	3.750000e-004	
2224	4.000000e-004	
2225	3.500000e-004	
2226	4.750000e-004	
2227	4.250000e-004	
2228	5.500000e-004	
2229	5.500000e-004	
2230	4.000000e-004	
2231	3.500000e-004	
2232	3.500000e-004	
2233	6.000000e-004	
2234	6.000000e-004	
2235	4.250000e-004	
2236	4.000000e-004	
2237	5.250000e-004	
2238	5.500000e-004	
2239	5.750000e-004	
2240	5.250000e-004	
2241	5.750000e-004	
2242	7.000000e-004	
2243	4.500000e-004	
2244	4.250000e-004	
2245	4.500000e-004	
2246	2.250000e-004	
2247	2.500000e-004	
2248	2.250000e-004	
2249	2.500000e-005	
2250	2.500000e-005	
2251	7.500000e-005	
2252	1.000000e-004	
2253	5.000000e-005	
2254	5.000000e-005	
2255	0	
2256	0	
2257	0	
2258	0	
2259	0	
2260	0	
2261	0	
2262	0	
2263	0	
2264	0	
2265	0	
2266	0	
2267	0	
2268	0	
2269	0	
2270	0	
2271	0	
2272	0	
2273	0	
2274	0	
2275	0	
2276	0	
2277	0	
2278	0	
2279	0	
2280	0	
2281	0	
2282	0	
2283	0	
2284	0	
2285	0	
2286	0	
2287	0	
2288	0	
2289	0	
2290	0	
2291	0	
2292	0	
2293	0	
2294	0	
2295	0	
2296	0	
2297	0	
2298	0	
2299	0	
2300	0	
2301	0	
2302	0	
2303	0	
2304	0	
2305	0	
2306	0	
2307	0	
2308	0	
2309	0	
2310	0	
2311	0	
2312	0	
2313	0	
2314	0	
2315	0	
2316	0	
2317	0	
2318	0	
2319	0	
2320	0	
2321	0	
2322	0	
2323	0	
2324	0	
2325	0	
2326	0	
2327	0	
2328	0	
2329	0	
2330	0	
2331	0	
2332	0	
2333	0	
2334	0	
2335	0	
2336	0	
2337	0	
2338	0	
2339	0	
2340	0	
2341	0	
2342	0	
2343	0	
2344	0	
2345	0	
2346	0	
2347	0	
2348	0	
2349	0	
2350	0	
2351	0	
2352	0	
2353	2.500000e-005	
2354	7.500000e-005	
2355	1.250000e-004	
2356	1.000000e-004	
2357	1.000000e-004	
2358	7.500000e-005	
2359	1.000000e-004	
2360	7.500000e-005	
2361	1.500000e-004	
2362	1.500000e-004	
2363	1.250000e-004	
2364	1.000000e-004	
2365	1.000000e-004	
2366	5.000000e-005	
2367	2.500000e-005	
2368	0	
2369	0	
2370	0	
2371	0	
2372	0	
2373	0	
2374	0	
2375	0	
2376	0	
2377	0	
2378	0	
2379	0	
2380	0	
2381	0	
2382	0	
2383	0	
2384	0	
2385	0	
2386	0	
2387	0	
2388	0	
2389	0	
2390	0	
2391	0	
2392	0	
2393	0	
2394	0	
2395	0	
2396	0	
2397	0	
2398	0	
2399	0	
2400	0	
2401	0	
2402	0	
2403	0	
2404	0	
2405	0	
2406	0	
2407	0	
2408	0	
2409	0	
2410	0	
2411	0	
2412	0	
2413	0	
2414	0	
2415	0	
2416	0	
2417	0	
2418	0	
2419	0	
2420	0	
2421	0	
2422	0	
2423	0	
2424	0	
2425	0	
2426	0	
2427	0	
2428	0	
2429	0	
2430	0	
2431	0	
2432	0	
2433	0	
2434	0	
2435	0	
2436	0	
2437	0	
2438	0	
2439	0	
2440	0	
2441	0	
2442	0	
2443	0	
2444	0	
2445	0	
2446	0	
2447	0	
2448	0	
2449	0	
2450	0	
2451	0	
2452	0	
2453	0	
2454	0	
2455	0	
2456	0	
2457	0	
2458	0	
2459	0	
2460	0	
2461	0	
2462	0	
2463	0	
2464	0	
2465	0	
2466	0	
2467	0	
2468	0	
2469	0	
2470	0	
2471	0	
2472	0	
2473	0	
2474	0	
2475	0	
2476	0	
2477	0	
2478	0	
2479	0	
2480	0	
2481	0	
2482	0	
2483	0	
2484	0	
2485	0	
2486	0	
2487	2.500000e-005	
2488	1.000000e-004	
2489	7.500000e-005	
2490	5.000000e-005	
2491	7.500000e-005	
2492	5.000000e-005	
2493	7.500000e-005	
2494	1.250000e-004	
2495	2.000000e-004	
2496	2.250000e-004	
2497	1.750000e-004	
2498	1.750000e-004	
2499	2.000000e-004	
2500	2.250000e-004	
2501	1.500000e-004	
2502	2.250000e-004	
2503	3.250000e-004	
2504	3.750000e-004	
2505	3.500000e-004	
2506	3.250000e-004	
2507	3.000000e-004	
2508	3.000000e-004	
2509	3.000000e-004	
2510	2.250000e-004	
2511	1.750000e-004	
2512	1.250000e-004	
2513	1.500000e-004	
2514	1.750000e-004	
2515	2.000000e-004	
2516	2.750000e-004	
2517	3.500000e-004	
2518	4.250000e-004	
2519	4.500000e-004	
2520	4.750000e-004	
2521	4.250000e-004	
2522	3.000000e-004	
2523	4.250000e-004	
2524	2.750000e-004	
2525	3.750000e-004	
2526	4.000000e-004	
2527	4.500000e-004	
2528	4.500000e-004	
2529	6.750000e-004	
2530	5.000000e-004	
2531	6.000000e-004	
2532	4.750000e-004	
2533	5.000000e-004	
2534	6.250000e-004	
2535	5.000000e-004	
2536	5.250000e-004	
2537	5.750000e-004	
2538	7.500000e-004	
2539	8.250000e-004	
2540	1.000000e-003	
2541	9.250000e-004	
2542	8.500000e-004	
2543	6.750000e-004	
2544	7.250000e-004	
2545	7.250000e-004	
2546	5.000000e-004	
2547	7.750000e-004	
2548	5.750000e-004	
2549	7.750000e-004	
2550	8.750000e-004	
2551	9.250000e-004	
2552	9.250000e-004	
2553	8.000000e-004	
2554	1.025000e-003	
2555	8.500000e-004	
2556	1.100000e-003	
2557	1.175000e-003	
2558	1.075000e-003	
2559	1.375000e-003	
2560	1.325000e-003	
2561	1.325000e-003	
2562	1.750000e-003	
2563	1.775000e-003	
2564	1.950000e-003	
2565	2.125000e-003	
2566	1.950000e-003	
2567	1.975000e-003	
2568	1.875000e-003	
2569	1.850000e-003	
2570	1.725000e-003	
2571	1.575000e-003	
2572	1.450000e-003	
2573	1.375000e-003	
2574	1.275000e-003	
2575	1.175000e-003	
2576	1.250000e-003	
2577	1.225000e-003	
2578	1.300000e-003	
2579	1.450000e-003	
2580	1.675000e-003	
2581	1.425000e-003	
2582	1.975000e-003	
2583	1.975000e-003	
2584	1.925000e-003	
2585	1.850000e-003	
2586	1.875000e-003	
2587	1.800000e-003	
2588	1.850000e-003	
2589	1.675000e-003	
2590	1.500000e-003	
2591	1.550000e-003	
2592	1.425000e-003	
2593	1.750000e-003	
2594	1.675000e-003	
2595	1.750000e-003	
2596	1.650000e-003	
2597	1.625000e-003	
2598	1.725000e-003	
2599	1.500000e-003	
2600	1.300000e-003	
2601	1.150000e-003	
2602	1.500000e-003	
2603	1.650000e-003	
2604	1.900000e-003	
2605	1.575000e-003	
2606	1.500000e-003	
2607	1.625000e-003	
2608	1.575000e-003	
2609	1.250000e-003	
2610	1.425000e-003	
2611	1.350000e-003	
2612	1.475000e-003	
2613	1.350000e-003	
2614	1.625000e-003	
2615	1.875000e-003	
2616	1.750000e-003	
2617	1.625000e-003	
2618	1.675000e-003	
2619	1.200000e-003	
2620	9.750000e-004	
2621	1.025000e-003	
2622	1.425000e-003	
2623	1.275000e-003	
2624	1.125000e-003	
2625	1.250000e-003	
2626	1.425000e-003	
2627	1.600000e-003	
2628	1.750000e-003	
2629	1.775000e-003	
2630	1.550000e-003	
2631	1.625000e-003	
2632	1.950000e-003	
2633	1.925000e-003	
2634	2.075000e-003	
2635	2.075000e-003	
2636	1.900000e-003	
2637	1.775000e-003	
2638	1.725000e-003	
2639	2.175000e-003	
2640	2.225000e-003	
2641	1.975000e-003	
2642	1.350000e-003	
2643	1.425000e-003	
2644	1.400000e-003	
2645	1.450000e-003	
2646	1.400000e-003	
2647	1.325000e-003	
2648	1.350000e-003	
2649	1.200000e-003	
2650	1.275000e-003	
2651	1.725000e-003	
2652	1.500000e-003	
2653	1.200000e-003	
2654	1.450000e-003	
2655	1.575000e-003	
2656	1.475000e-003	
2657	1.425000e-003	
2658	1.250000e-003	
2659	9.000000e-004	
2660	9.500000e-004	
2661	1.025000e-003	
2662	1.225000e-003	
2663	9.750000e-004	
2664	1.100000e-003	
2665	1.225000e-003	
2666	1.300000e-003	
2667	1.500000e-003	
2668	1.475000e-003	
2669	1.550000e-003	
2670	1.550000e-003	
2671	1.475000e-003	
2672	1.325000e-003	
2673	1.275000e-003	
2674	1.325000e-003	
2675	1.550000e-003	
2676	1.500000e-003	
2677	1.400000e-003	
2678	1.300000e-003	
2679	1.225000e-003	
2680	1.350000e-003	
2681	1.425000e-003	
2682	1.325000e-003	
2683	1.300000e-003	
2684	1.350000e-003	
2685	1.200000e-003	
2686	1.375000e-003	
2687	1.700000e-003	
2688	1.775000e-003	
2689	1.725000e-003	
2690	1.850000e-003	
2691	1.975000e-003	
2692	2.200000e-003	
2693	1.700000e-003	
2694	1.575000e-003	
2695	1.650000e-003	
2696	1.575000e-003	
2697	1.525000e-003	
2698	1.525000e-003	
2699	1.650000e-003	
2700	1.250000e-003	
2701	1.500000e-003	
2702	1.150000e-003	
2703	1.075000e-003	
2704	1.150000e-003	
2705	1.100000e-003	
2706	1.200000e-003	
2707	1.150000e-003	
2708	1.300000e-003	
2709	1.100000e-003	
2710	1.300000e-003	
2711	1.375000e-003	
2712	1.250000e-003	
2713	1.100000e-003	
2714	1.175000e-003	
2715	1.025000e-003	
2716	1.000000e-003	
2717	1.100000e-003	
2718	1.400000e-003	
2719	1.525000e-003	
2720	1.775000e-003	
2721	1.575000e-003	
2722	1.750000e-003	
2723	1.675000e-003	
2724	1.825000e-003	
2725	1.825000e-003	
2726	1.750000e-003	
2727	1.450000e-003	
2728	1.450000e-003	
2729	1.625000e-003	
2730	1.575000e-003	
2731	1.750000e-003	
2732	1.775000e-003	
2733	2.075000e-003	
2734	1.850000e-003	
2735	2.050000e-003	
2736	2.250000e-003	
2737	2.350000e-003	
2738	2.325000e-003	
2739	2.300000e-003	
2740	2.125000e-003	
2741	1.975000e-003	
2742	2.150000e-003	
2743	1.850000e-003	
2744	1.725000e-003	
2745	1.575000e-003	
2746	1.500000e-003	
2747	1.500000e-003	
2748	1.200000e-003	
2749	1.325000e-003	
2750	1.325000e-003	
2751	1.300000e-003	
2752	1.525000e-003	
2753	1.450000e-003	
2754	1.425000e-003	
2755	1.350000e-003	
2756	1.400000e-003	
2757	1.525000e-003	
2758	1.525000e-003	
2759	1.525000e-003	
2760	1.775000e-003	
2761	1.750000e-003	
2762	1.650000e-003	
2763	1.600000e-003	
2764	1.475000e-003	
2765	1.250000e-003	
2766	1.475000e-003	
2767	1.250000e-003	
2768	1.425000e-003	
2769	1.200000e-003	
2770	1.400000e-003	
2771	1.225000e-003	
2772	1.550000e-003	
2773	1.525000e-003	
2774	1.150000e-003	
2775	1.050000e-003	
2776	1.050000e-003	
2777	8.750000e-004	
2778	8.000000e-004	
2779	1.050000e-003	
2780	1.175000e-003	
2781	1.075000e-003	
2782	1.475000e-003	
2783	1.150000e-003	
2784	1.225000e-003	
2785	9.000000e-004	
2786	7.500000e-004	
2787	6.750000e-004	
2788	7.750000e-004	
2789	7.250000e-004	
2790	6.250000e-004	
2791	6.000000e-004	
2792	8.500000e-004	
2793	8.000000e-004	
2794	8.000000e-004	
2795	8.500000e-004	
2796	6.750000e-004	
2797	4.000000e-004	
2798	3.000000e-004	
2799	2.000000e-004	
2800	2.250000e-004	
2801	2.500000e-004	
2802	3.000000e-004	
2803	2.250000e-004	
2804	3.000000e-004	
2805	3.750000e-004	
2806	4.250000e-004	
2807	5.750000e-004	
2808	6.000000e-004	
2809	6.250000e-004	
2810	7.750000e-004	
2811	8.000000e-004	
2812	7.000000e-004	
2813	8.750000e-004	
2814	7.750000e-004	
2815	7.500000e-004	
2816	6.500000e-004	
2817	5.750000e-004	
2818	4.500000e-004	
2819	4.750000e-004	
2820	5.000000e-004	
2821	5.750000e-004	
2822	6.000000e-004	
2823	7.750000e-004	
2824	7.750000e-004	
2825	7.000000e-004	
2826	7.250000e-004	
2827	6.500000e-004	
2828	5.500000e-004	
2829	4.000000e-004	
2830	4.000000e-004	
2831	3.750000e-004	
2832	3.500000e-004	
2833	3.500000e-004	
2834	2.250000e-004	
2835	1.250000e-004	
2836	7.500000e-005	
2837	7.500000e-005	
2838	7.500000e-005	
2839	5.000000e-005	
2840	2.500000e-005	
2841	2.500000e-005	
2842	2.500000e-005	
2843	5.000000e-005	
2844	2.500000e-005	
2845	7.500000e-005	
2846	7.500000e-005	
2847	2.500000e-005	
2848	0	
2849	0	
2850	0	
2851	0	
2852	0	
2853	0	
2854	0	
2855	0	
2856	0	
2857	0	
2858	0	
2859	0	
2860	0	
2861	0	
2862	0	
2863	0	
2864	0	
2865	0	
2866	0	
2867	0	
2868	0	
2869	0	
2870	0	
2871	0	
2872	0	
2873	0	
2874	0	
2875	0	
2876	0	
2877	0	
2878	0	
2879	0	
2880	0	
2881	0	
2882	0	
2883	0	
2884	0	
2885	0	
2886	0	
2887	0	
2888	0	
2889	0	
2890	0	
2891	0	
2892	0	
2893	0	
2894	0	
2895	0	
2896	0	
2897	0	
2898	0	
2899	0	
2900	0	
2901	0	
2902	0	
2903	0	
2904	0	
2905	0	
2906	0	
2907	2.500000e-005	
2908	1.750000e-004	
2909	2.250000e-004	
2910	3.250000e-004	
2911	1.750000e-004	
2912	2.000000e-004	
2913	2.250000e-004	
2914	7.500000e-005	
2915	5.000000e-005	
2916	7.500000e-005	
2917	1.250000e-004	
2918	1.500000e-004	
2919	2.500000e-004	
2920	2.000000e-004	
2921	1.250000e-004	
2922	5.000000e-005	
2923	7.500000e-005	
2924	1.500000e-004	
2925	1.000000e-004	
2926	2.500000e-005	
2927	2.500000e-005	
2928	2.500000e-005	
2929	2.500000e-005	
2930	5.000000e-005	
2931	5.000000e-005	
2932	5.000000e-005	
2933	0	
2934	0	
2935	0	
2936	0	
2937	0	
2938	0	
2939	0	
2940	0	
2941	0	
2942	0	
2943	0	
2944	0	
2945	0	
2946	0	
2947	0	
2948	0	
2949	0	
2950	0	
2951	0	
2952	0	
2953	0	
2954	0	
2955	0	
2956	0	
2957	0	
2958	0	
2959	0	
2960	0	
2961	0	
2962	0	
2963	0	
2964	0	
2965	0	
2966	0	
2967	0	
2968	0	
2969	0	
2970	0	
2971	0	
2972	0	
2973	0	
2974	0	
2975	0	
2976	0	
2977	0	
2978	0	
2979	0	
2980	0	
2981	0	
2982	0	
2983	0	
2984	0	
2985	0	
2986	0	
2987	0	
2988	0	
2989	0	
2990	0	
2991	0	
2992	0	
2993	0	
2994	0	
2995	0	
2996	0	
2997	0	
2998	0	
2999	0	
3000	0	
3001	0	
