1	0	
2	0	
3	0	
4	0	
5	0	
6	0	
7	0	
8	0	
9	0	
10	0	
11	0	
12	0	
13	0	
14	0	
15	0	
16	0	
17	0	
18	0	
19	0	
20	0	
21	0	
22	0	
23	0	
24	0	
25	0	
26	0	
27	0	
28	0	
29	0	
30	0	
31	0	
32	0	
33	0	
34	0	
35	0	
36	0	
37	0	
38	0	
39	0	
40	0	
41	0	
42	0	
43	0	
44	0	
45	0	
46	0	
47	0	
48	0	
49	0	
50	0	
51	0	
52	0	
53	2.500000e-005	
54	7.500000e-005	
55	2.500000e-004	
56	4.000000e-004	
57	4.250000e-004	
58	5.500000e-004	
59	6.000000e-004	
60	9.250000e-004	
61	7.500000e-004	
62	8.500000e-004	
63	1.050000e-003	
64	1.375000e-003	
65	1.625000e-003	
66	1.625000e-003	
67	1.625000e-003	
68	1.450000e-003	
69	1.625000e-003	
70	1.850000e-003	
71	1.750000e-003	
72	2.150000e-003	
73	2.400000e-003	
74	2.600000e-003	
75	2.925000e-003	
76	3.325000e-003	
77	4.025000e-003	
78	3.650000e-003	
79	3.650000e-003	
80	4.400000e-003	
81	4.275000e-003	
82	4.650000e-003	
83	4.925000e-003	
84	5.250000e-003	
85	5.050000e-003	
86	5.500000e-003	
87	5.725000e-003	
88	5.600000e-003	
89	6.050000e-003	
90	6.575000e-003	
91	6.900000e-003	
92	7.375000e-003	
93	7.075000e-003	
94	7.400000e-003	
95	7.750000e-003	
96	7.575000e-003	
97	7.175000e-003	
98	7.200000e-003	
99	6.925000e-003	
100	6.775000e-003	
101	6.975000e-003	
102	6.825000e-003	
103	8.225000e-003	
104	8.075000e-003	
105	7.700000e-003	
106	8.025000e-003	
107	8.225000e-003	
108	8.800000e-003	
109	9.025000e-003	
110	8.900000e-003	
111	9.275000e-003	
112	1.002500e-002	
113	1.020000e-002	
114	1.017500e-002	
115	1.065000e-002	
116	1.092500e-002	
117	1.042500e-002	
118	1.027500e-002	
119	1.040000e-002	
120	1.010000e-002	
121	9.775000e-003	
122	1.050000e-002	
123	1.160000e-002	
124	1.127500e-002	
125	9.875000e-003	
126	9.700000e-003	
127	1.045000e-002	
128	1.122500e-002	
129	1.090000e-002	
130	1.010000e-002	
131	9.175000e-003	
132	8.500000e-003	
133	8.300000e-003	
134	8.250000e-003	
135	8.475000e-003	
136	8.250000e-003	
137	6.925000e-003	
138	6.500000e-003	
139	6.075000e-003	
140	6.350000e-003	
141	5.600000e-003	
142	5.275000e-003	
143	5.575000e-003	
144	5.100000e-003	
145	5.100000e-003	
146	5.225000e-003	
147	5.225000e-003	
148	4.925000e-003	
149	4.575000e-003	
150	4.250000e-003	
151	4.150000e-003	
152	4.075000e-003	
153	4.425000e-003	
154	3.600000e-003	
155	2.600000e-003	
156	2.150000e-003	
157	2.250000e-003	
158	2.100000e-003	
159	1.850000e-003	
160	1.925000e-003	
161	1.925000e-003	
162	2.075000e-003	
163	1.475000e-003	
164	1.325000e-003	
165	1.125000e-003	
166	9.000000e-004	
167	9.500000e-004	
168	5.500000e-004	
169	2.500000e-004	
170	5.000000e-005	
171	0	
172	0	
173	0	
174	0	
175	0	
176	0	
177	0	
178	0	
179	0	
180	0	
181	0	
182	0	
183	0	
184	0	
185	0	
186	0	
187	0	
188	0	
189	0	
190	0	
191	0	
192	0	
193	0	
194	0	
195	0	
196	0	
197	0	
198	0	
199	0	
200	0	
201	0	
202	0	
203	0	
204	0	
205	0	
206	0	
207	0	
208	0	
209	0	
210	0	
211	0	
212	0	
213	0	
214	0	
215	0	
216	0	
217	0	
218	0	
219	0	
220	0	
221	0	
222	0	
223	0	
224	0	
225	0	
226	0	
227	0	
228	0	
229	0	
230	0	
231	0	
232	0	
233	0	
234	0	
235	0	
236	0	
237	0	
238	0	
239	0	
240	0	
241	0	
242	0	
243	0	
244	0	
245	0	
246	0	
247	0	
248	0	
249	0	
250	0	
251	0	
252	0	
253	0	
254	0	
255	0	
256	0	
257	0	
258	0	
259	0	
260	0	
261	0	
262	0	
263	0	
264	0	
265	0	
266	0	
267	0	
268	0	
269	0	
270	0	
271	0	
272	0	
273	0	
274	0	
275	0	
276	0	
277	0	
278	0	
279	0	
280	0	
281	0	
282	2.500000e-005	
283	2.500000e-005	
284	0	
285	0	
286	0	
287	0	
288	0	
289	0	
290	0	
291	0	
292	0	
293	0	
294	0	
295	0	
296	0	
297	0	
298	0	
299	0	
300	0	
301	0	
302	0	
303	0	
304	0	
305	0	
306	0	
307	0	
308	0	
309	0	
310	0	
311	0	
312	0	
313	0	
314	0	
315	0	
316	0	
317	0	
318	0	
319	0	
320	0	
321	0	
322	0	
323	0	
324	0	
325	0	
326	0	
327	0	
328	0	
329	2.500000e-005	
330	5.000000e-005	
331	2.500000e-005	
332	5.000000e-005	
333	2.500000e-005	
334	0	
335	0	
336	0	
337	0	
338	0	
339	0	
340	0	
341	0	
342	0	
343	0	
344	2.500000e-005	
345	7.500000e-005	
346	5.000000e-005	
347	2.500000e-005	
348	0	
349	0	
350	0	
351	0	
352	0	
353	0	
354	0	
355	0	
356	0	
357	0	
358	0	
359	0	
360	0	
361	0	
362	0	
363	0	
364	0	
365	0	
366	0	
367	0	
368	0	
369	0	
370	0	
371	0	
372	0	
373	0	
374	0	
375	0	
376	0	
377	2.500000e-005	
378	1.000000e-004	
379	7.500000e-005	
380	2.500000e-005	
381	0	
382	0	
383	0	
384	0	
385	0	
386	0	
387	0	
388	0	
389	0	
390	0	
391	0	
392	0	
393	0	
394	0	
395	0	
396	0	
397	0	
398	0	
399	0	
400	2.500000e-005	
401	7.500000e-005	
402	1.000000e-004	
403	5.000000e-005	
404	1.000000e-004	
405	7.500000e-005	
406	0	
407	0	
408	0	
409	0	
410	0	
411	0	
412	0	
413	0	
414	0	
415	0	
416	0	
417	0	
418	0	
419	0	
420	0	
421	0	
422	0	
423	0	
424	0	
425	0	
426	0	
427	0	
428	0	
429	0	
430	0	
431	0	
432	0	
433	0	
434	0	
435	0	
436	0	
437	0	
438	0	
439	0	
440	0	
441	0	
442	0	
443	0	
444	0	
445	0	
446	0	
447	0	
448	0	
449	0	
450	0	
451	0	
452	0	
453	0	
454	0	
455	0	
456	0	
457	0	
458	0	
459	0	
460	0	
461	0	
462	0	
463	0	
464	0	
465	0	
466	0	
467	0	
468	0	
469	0	
470	0	
471	0	
472	0	
473	0	
474	0	
475	0	
476	0	
477	0	
478	0	
479	0	
480	0	
481	0	
482	0	
483	0	
484	0	
485	0	
486	0	
487	0	
488	0	
489	0	
490	0	
491	0	
492	0	
493	0	
494	0	
495	0	
496	0	
497	0	
498	0	
499	0	
500	0	
501	0	
502	0	
503	0	
504	0	
505	0	
506	0	
507	0	
508	0	
509	0	
510	0	
511	0	
512	0	
513	0	
514	0	
515	0	
516	0	
517	0	
518	0	
519	0	
520	0	
521	0	
522	0	
523	0	
524	0	
525	0	
526	0	
527	0	
528	0	
529	0	
530	0	
531	0	
532	0	
533	0	
534	0	
535	0	
536	0	
537	0	
538	0	
539	0	
540	0	
541	0	
542	0	
543	0	
544	0	
545	0	
546	0	
547	0	
548	0	
549	0	
550	0	
551	0	
552	0	
553	0	
554	0	
555	0	
556	0	
557	0	
558	0	
559	0	
560	0	
561	0	
562	0	
563	0	
564	0	
565	0	
566	0	
567	0	
568	0	
569	0	
570	0	
571	0	
572	0	
573	0	
574	0	
575	0	
576	0	
577	0	
578	0	
579	0	
580	0	
581	0	
582	0	
583	0	
584	0	
585	0	
586	0	
587	0	
588	0	
589	0	
590	0	
591	0	
592	0	
593	0	
594	0	
595	0	
596	0	
597	0	
598	0	
599	0	
600	0	
601	0	
602	0	
603	0	
604	0	
605	0	
606	0	
607	0	
608	0	
609	0	
610	0	
611	0	
612	0	
613	0	
614	0	
615	0	
616	0	
617	0	
618	0	
619	0	
620	0	
621	0	
622	0	
623	0	
624	0	
625	0	
626	0	
627	0	
628	0	
629	0	
630	0	
631	0	
632	0	
633	0	
634	0	
635	0	
636	0	
637	0	
638	0	
639	0	
640	0	
641	0	
642	0	
643	0	
644	0	
645	0	
646	0	
647	0	
648	0	
649	0	
650	0	
651	0	
652	0	
653	0	
654	0	
655	0	
656	0	
657	0	
658	0	
659	0	
660	0	
661	0	
662	0	
663	0	
664	0	
665	0	
666	0	
667	2.500000e-005	
668	1.500000e-004	
669	1.750000e-004	
670	2.500000e-004	
671	3.250000e-004	
672	5.000000e-004	
673	6.750000e-004	
674	5.750000e-004	
675	5.750000e-004	
676	7.250000e-004	
677	7.000000e-004	
678	7.750000e-004	
679	8.000000e-004	
680	9.750000e-004	
681	1.150000e-003	
682	1.025000e-003	
683	1.000000e-003	
684	1.125000e-003	
685	1.100000e-003	
686	1.125000e-003	
687	1.350000e-003	
688	1.525000e-003	
689	1.600000e-003	
690	1.750000e-003	
691	1.650000e-003	
692	1.325000e-003	
693	1.625000e-003	
694	1.475000e-003	
695	1.400000e-003	
696	1.475000e-003	
697	1.450000e-003	
698	1.950000e-003	
699	1.975000e-003	
700	2.250000e-003	
701	2.175000e-003	
702	2.300000e-003	
703	2.300000e-003	
704	2.275000e-003	
705	2.550000e-003	
706	2.475000e-003	
707	2.125000e-003	
708	2.050000e-003	
709	2.150000e-003	
710	2.625000e-003	
711	2.600000e-003	
712	2.900000e-003	
713	2.200000e-003	
714	2.325000e-003	
715	2.350000e-003	
716	2.325000e-003	
717	2.150000e-003	
718	2.175000e-003	
719	1.975000e-003	
720	2.650000e-003	
721	2.775000e-003	
722	2.825000e-003	
723	2.925000e-003	
724	2.825000e-003	
725	2.900000e-003	
726	3.200000e-003	
727	3.300000e-003	
728	3.100000e-003	
729	3.200000e-003	
730	3.400000e-003	
731	3.450000e-003	
732	3.675000e-003	
733	3.275000e-003	
734	3.375000e-003	
735	3.850000e-003	
736	3.925000e-003	
737	4.450000e-003	
738	5.300000e-003	
739	4.900000e-003	
740	5.200000e-003	
741	4.725000e-003	
742	4.950000e-003	
743	5.275000e-003	
744	5.475000e-003	
745	6.075000e-003	
746	5.775000e-003	
747	5.900000e-003	
748	6.075000e-003	
749	5.950000e-003	
750	6.350000e-003	
751	5.850000e-003	
752	6.125000e-003	
753	6.375000e-003	
754	6.125000e-003	
755	6.075000e-003	
756	6.025000e-003	
757	6.125000e-003	
758	6.700000e-003	
759	6.025000e-003	
760	5.850000e-003	
761	6.525000e-003	
762	6.125000e-003	
763	6.000000e-003	
764	5.625000e-003	
765	5.500000e-003	
766	5.150000e-003	
767	5.750000e-003	
768	6.025000e-003	
769	5.675000e-003	
770	5.650000e-003	
771	5.350000e-003	
772	4.800000e-003	
773	4.800000e-003	
774	4.450000e-003	
775	4.550000e-003	
776	4.050000e-003	
777	4.125000e-003	
778	3.925000e-003	
779	4.000000e-003	
780	3.725000e-003	
781	3.050000e-003	
782	3.125000e-003	
783	3.200000e-003	
784	2.800000e-003	
785	2.675000e-003	
786	2.450000e-003	
787	2.300000e-003	
788	2.100000e-003	
789	1.850000e-003	
790	1.900000e-003	
791	1.600000e-003	
792	1.700000e-003	
793	1.625000e-003	
794	1.625000e-003	
795	1.725000e-003	
796	1.825000e-003	
797	1.950000e-003	
798	1.975000e-003	
799	2.100000e-003	
800	2.025000e-003	
801	2.175000e-003	
802	2.350000e-003	
803	1.975000e-003	
804	2.050000e-003	
805	2.150000e-003	
806	2.350000e-003	
807	1.700000e-003	
808	1.450000e-003	
809	1.150000e-003	
810	8.500000e-004	
811	5.250000e-004	
812	3.500000e-004	
813	3.250000e-004	
814	3.250000e-004	
815	2.000000e-004	
816	2.000000e-004	
817	2.250000e-004	
818	7.500000e-005	
819	2.500000e-005	
820	0	
821	0	
822	0	
823	0	
824	0	
825	0	
826	0	
827	0	
828	0	
829	0	
830	0	
831	0	
832	0	
833	0	
834	0	
835	0	
836	0	
837	0	
838	0	
839	0	
840	0	
841	0	
842	0	
843	0	
844	0	
845	0	
846	0	
847	0	
848	0	
849	0	
850	0	
851	0	
852	0	
853	0	
854	0	
855	0	
856	0	
857	0	
858	0	
859	0	
860	0	
861	0	
862	0	
863	0	
864	0	
865	0	
866	0	
867	0	
868	0	
869	0	
870	0	
871	0	
872	0	
873	0	
874	0	
875	0	
876	0	
877	0	
878	0	
879	0	
880	0	
881	0	
882	0	
883	0	
884	0	
885	0	
886	0	
887	0	
888	0	
889	0	
890	0	
891	0	
892	0	
893	0	
894	0	
895	0	
896	0	
897	0	
898	0	
899	0	
900	0	
901	0	
902	0	
903	0	
904	0	
905	0	
906	0	
907	0	
908	0	
909	0	
910	0	
911	0	
912	0	
913	0	
914	0	
915	0	
916	0	
917	0	
918	0	
919	0	
920	0	
921	0	
922	0	
923	0	
924	0	
925	0	
926	0	
927	0	
928	0	
929	0	
930	0	
931	0	
932	0	
933	0	
934	0	
935	0	
936	0	
937	0	
938	0	
939	0	
940	0	
941	0	
942	0	
943	0	
944	0	
945	0	
946	0	
947	0	
948	0	
949	0	
950	0	
951	0	
952	0	
953	0	
954	0	
955	0	
956	0	
957	0	
958	0	
959	0	
960	0	
961	0	
962	0	
963	0	
964	0	
965	0	
966	0	
967	0	
968	0	
969	0	
970	0	
971	0	
972	0	
973	0	
974	0	
975	0	
976	0	
977	0	
978	0	
979	0	
980	0	
981	0	
982	0	
983	0	
984	0	
985	0	
986	0	
987	0	
988	0	
989	0	
990	0	
991	0	
992	0	
993	0	
994	0	
995	0	
996	0	
997	0	
998	0	
999	0	
1000	0	
1001	0	
1002	0	
1003	2.500000e-005	
1004	0	
1005	0	
1006	0	
1007	0	
1008	0	
1009	0	
1010	0	
1011	0	
1012	0	
1013	0	
1014	0	
1015	0	
1016	0	
1017	0	
1018	0	
1019	0	
1020	0	
1021	0	
1022	0	
1023	0	
1024	0	
1025	0	
1026	0	
1027	0	
1028	0	
1029	0	
1030	0	
1031	0	
1032	0	
1033	0	
1034	0	
1035	0	
1036	0	
1037	0	
1038	0	
1039	0	
1040	0	
1041	0	
1042	0	
1043	0	
1044	0	
1045	0	
1046	0	
1047	0	
1048	0	
1049	0	
1050	0	
1051	0	
1052	0	
1053	0	
1054	0	
1055	0	
1056	0	
1057	0	
1058	0	
1059	0	
1060	0	
1061	0	
1062	0	
1063	0	
1064	0	
1065	0	
1066	0	
1067	0	
1068	0	
1069	0	
1070	0	
1071	0	
1072	0	
1073	0	
1074	0	
1075	0	
1076	0	
1077	0	
1078	0	
1079	0	
1080	2.500000e-005	
1081	5.000000e-005	
1082	5.000000e-005	
1083	2.500000e-005	
1084	2.500000e-005	
1085	7.500000e-005	
1086	2.500000e-005	
1087	0	
1088	0	
1089	0	
1090	0	
1091	0	
1092	0	
1093	0	
1094	0	
1095	0	
1096	0	
1097	0	
1098	0	
1099	0	
1100	0	
1101	0	
1102	0	
1103	0	
1104	0	
1105	0	
1106	0	
1107	0	
1108	0	
1109	0	
1110	0	
1111	0	
1112	0	
1113	0	
1114	0	
1115	0	
1116	0	
1117	0	
1118	0	
1119	0	
1120	0	
1121	0	
1122	0	
1123	0	
1124	0	
1125	0	
1126	0	
1127	0	
1128	0	
1129	0	
1130	0	
1131	0	
1132	0	
1133	0	
1134	0	
1135	0	
1136	0	
1137	0	
1138	0	
1139	0	
1140	0	
1141	0	
1142	0	
1143	0	
1144	0	
1145	0	
1146	0	
1147	0	
1148	0	
1149	0	
1150	0	
1151	0	
1152	0	
1153	0	
1154	0	
1155	0	
1156	0	
1157	0	
1158	0	
1159	0	
1160	0	
1161	0	
1162	0	
1163	0	
1164	0	
1165	0	
1166	0	
1167	0	
1168	0	
1169	0	
1170	0	
1171	0	
1172	0	
1173	0	
1174	0	
1175	0	
1176	0	
1177	0	
1178	0	
1179	0	
1180	0	
1181	0	
1182	0	
1183	0	
1184	0	
1185	0	
1186	0	
1187	0	
1188	0	
1189	0	
1190	0	
1191	0	
1192	0	
1193	0	
1194	0	
1195	0	
1196	0	
1197	0	
1198	0	
1199	0	
1200	0	
1201	0	
1202	0	
1203	0	
1204	0	
1205	0	
1206	0	
1207	0	
1208	0	
1209	0	
1210	0	
1211	0	
1212	0	
1213	0	
1214	0	
1215	0	
1216	0	
1217	0	
1218	0	
1219	0	
1220	0	
1221	0	
1222	0	
1223	0	
1224	0	
1225	0	
1226	0	
1227	0	
1228	0	
1229	0	
1230	0	
1231	0	
1232	0	
1233	0	
1234	0	
1235	0	
1236	0	
1237	0	
1238	0	
1239	0	
1240	0	
1241	0	
1242	0	
1243	0	
1244	0	
1245	0	
1246	0	
1247	0	
1248	0	
1249	0	
1250	0	
1251	0	
1252	0	
1253	0	
1254	0	
1255	0	
1256	0	
1257	0	
1258	0	
1259	0	
1260	2.500000e-005	
1261	5.000000e-005	
1262	5.000000e-005	
1263	7.500000e-005	
1264	2.500000e-005	
1265	2.500000e-005	
1266	2.500000e-005	
1267	1.250000e-004	
1268	1.750000e-004	
1269	1.500000e-004	
1270	2.250000e-004	
1271	2.750000e-004	
1272	3.250000e-004	
1273	3.000000e-004	
1274	2.500000e-004	
1275	3.750000e-004	
1276	2.500000e-004	
1277	2.000000e-004	
1278	1.750000e-004	
1279	2.000000e-004	
1280	2.250000e-004	
1281	2.250000e-004	
1282	3.000000e-004	
1283	2.000000e-004	
1284	3.500000e-004	
1285	4.500000e-004	
1286	5.000000e-004	
1287	6.750000e-004	
1288	5.250000e-004	
1289	5.750000e-004	
1290	5.000000e-004	
1291	6.000000e-004	
1292	5.500000e-004	
1293	7.250000e-004	
1294	7.000000e-004	
1295	6.750000e-004	
1296	5.750000e-004	
1297	8.000000e-004	
1298	7.500000e-004	
1299	4.750000e-004	
1300	7.750000e-004	
1301	8.250000e-004	
1302	5.750000e-004	
1303	5.250000e-004	
1304	6.500000e-004	
1305	7.250000e-004	
1306	9.000000e-004	
1307	8.000000e-004	
1308	1.050000e-003	
1309	9.500000e-004	
1310	8.250000e-004	
1311	9.250000e-004	
1312	1.075000e-003	
1313	1.125000e-003	
1314	1.125000e-003	
1315	1.025000e-003	
1316	1.025000e-003	
1317	9.500000e-004	
1318	1.000000e-003	
1319	1.125000e-003	
1320	1.375000e-003	
1321	1.175000e-003	
1322	1.400000e-003	
1323	1.500000e-003	
1324	1.375000e-003	
1325	1.225000e-003	
1326	1.200000e-003	
1327	1.100000e-003	
1328	1.125000e-003	
1329	1.300000e-003	
1330	1.500000e-003	
1331	1.625000e-003	
1332	1.575000e-003	
1333	1.875000e-003	
1334	2.000000e-003	
1335	2.150000e-003	
1336	2.500000e-003	
1337	2.475000e-003	
1338	2.450000e-003	
1339	2.500000e-003	
1340	2.475000e-003	
1341	2.250000e-003	
1342	2.550000e-003	
1343	2.425000e-003	
1344	2.550000e-003	
1345	2.300000e-003	
1346	2.450000e-003	
1347	2.450000e-003	
1348	2.475000e-003	
1349	2.850000e-003	
1350	2.525000e-003	
1351	2.825000e-003	
1352	2.550000e-003	
1353	2.800000e-003	
1354	3.225000e-003	
1355	3.225000e-003	
1356	3.025000e-003	
1357	3.575000e-003	
1358	3.625000e-003	
1359	4.000000e-003	
1360	3.975000e-003	
1361	3.900000e-003	
1362	4.200000e-003	
1363	3.975000e-003	
1364	4.050000e-003	
1365	4.475000e-003	
1366	3.950000e-003	
1367	4.425000e-003	
1368	4.475000e-003	
1369	4.400000e-003	
1370	4.400000e-003	
1371	4.675000e-003	
1372	5.375000e-003	
1373	5.525000e-003	
1374	5.925000e-003	
1375	6.475000e-003	
1376	6.425000e-003	
1377	6.375000e-003	
1378	5.825000e-003	
1379	5.450000e-003	
1380	5.875000e-003	
1381	5.525000e-003	
1382	5.550000e-003	
1383	5.500000e-003	
1384	5.450000e-003	
1385	5.225000e-003	
1386	4.875000e-003	
1387	5.275000e-003	
1388	4.825000e-003	
1389	4.875000e-003	
1390	5.475000e-003	
1391	5.600000e-003	
1392	5.875000e-003	
1393	6.025000e-003	
1394	5.675000e-003	
1395	5.625000e-003	
1396	5.625000e-003	
1397	5.100000e-003	
1398	5.400000e-003	
1399	5.750000e-003	
1400	4.975000e-003	
1401	5.250000e-003	
1402	5.475000e-003	
1403	5.450000e-003	
1404	5.475000e-003	
1405	5.725000e-003	
1406	5.675000e-003	
1407	5.600000e-003	
1408	5.025000e-003	
1409	5.125000e-003	
1410	5.525000e-003	
1411	4.900000e-003	
1412	4.550000e-003	
1413	5.075000e-003	
1414	4.525000e-003	
1415	4.075000e-003	
1416	3.975000e-003	
1417	4.175000e-003	
1418	4.000000e-003	
1419	4.175000e-003	
1420	4.300000e-003	
1421	3.450000e-003	
1422	2.775000e-003	
1423	2.025000e-003	
1424	1.675000e-003	
1425	1.325000e-003	
1426	1.250000e-003	
1427	1.100000e-003	
1428	6.750000e-004	
1429	4.750000e-004	
1430	6.000000e-004	
1431	4.500000e-004	
1432	3.250000e-004	
1433	2.250000e-004	
1434	3.000000e-004	
1435	3.500000e-004	
1436	7.500000e-005	
1437	7.500000e-005	
1438	7.500000e-005	
1439	2.500000e-005	
1440	2.500000e-005	
1441	0	
1442	0	
1443	0	
1444	0	
1445	0	
1446	0	
1447	0	
1448	0	
1449	0	
1450	0	
1451	0	
1452	0	
1453	0	
1454	0	
1455	0	
1456	0	
1457	0	
1458	0	
1459	0	
1460	0	
1461	0	
1462	0	
1463	0	
1464	0	
1465	0	
1466	0	
1467	0	
1468	0	
1469	0	
1470	0	
1471	0	
1472	0	
1473	0	
1474	0	
1475	0	
1476	0	
1477	0	
1478	0	
1479	0	
1480	0	
1481	0	
1482	0	
1483	0	
1484	0	
1485	0	
1486	0	
1487	0	
1488	0	
1489	0	
1490	0	
1491	0	
1492	0	
1493	0	
1494	0	
1495	0	
1496	0	
1497	0	
1498	0	
1499	0	
1500	0	
1501	0	
1502	0	
1503	0	
1504	0	
1505	0	
1506	0	
1507	0	
1508	0	
1509	0	
1510	0	
1511	0	
1512	0	
1513	0	
1514	0	
1515	0	
1516	0	
1517	0	
1518	0	
1519	0	
1520	0	
1521	0	
1522	0	
1523	0	
1524	0	
1525	0	
1526	0	
1527	0	
1528	0	
1529	0	
1530	0	
1531	0	
1532	0	
1533	0	
1534	0	
1535	0	
1536	0	
1537	0	
1538	0	
1539	0	
1540	0	
1541	0	
1542	0	
1543	0	
1544	0	
1545	0	
1546	0	
1547	0	
1548	0	
1549	0	
1550	0	
1551	0	
1552	0	
1553	0	
1554	0	
1555	0	
1556	0	
1557	0	
1558	0	
1559	0	
1560	0	
1561	2.500000e-005	
1562	5.000000e-005	
1563	5.000000e-005	
1564	0	
1565	0	
1566	0	
1567	0	
1568	0	
1569	0	
1570	0	
1571	0	
1572	0	
1573	0	
1574	0	
1575	0	
1576	0	
1577	0	
1578	0	
1579	0	
1580	0	
1581	0	
1582	0	
1583	0	
1584	0	
1585	0	
1586	0	
1587	0	
1588	0	
1589	0	
1590	0	
1591	0	
1592	0	
1593	0	
1594	0	
1595	0	
1596	0	
1597	0	
1598	0	
1599	0	
1600	0	
1601	0	
1602	0	
1603	0	
1604	0	
1605	0	
1606	0	
1607	0	
1608	0	
1609	0	
1610	0	
1611	0	
1612	0	
1613	0	
1614	0	
1615	0	
1616	0	
1617	0	
1618	0	
1619	0	
1620	0	
1621	0	
1622	0	
1623	0	
1624	0	
1625	0	
1626	0	
1627	0	
1628	0	
1629	0	
1630	0	
1631	0	
1632	0	
1633	0	
1634	0	
1635	0	
1636	0	
1637	0	
1638	0	
1639	0	
1640	0	
1641	0	
1642	0	
1643	0	
1644	0	
1645	0	
1646	0	
1647	0	
1648	0	
1649	0	
1650	0	
1651	0	
1652	0	
1653	2.500000e-005	
1654	1.000000e-004	
1655	7.500000e-005	
1656	7.500000e-005	
1657	0	
1658	0	
1659	0	
1660	0	
1661	0	
1662	0	
1663	0	
1664	0	
1665	0	
1666	0	
1667	0	
1668	0	
1669	0	
1670	0	
1671	0	
1672	0	
1673	0	
1674	0	
1675	0	
1676	0	
1677	0	
1678	0	
1679	0	
1680	0	
1681	0	
1682	0	
1683	0	
1684	0	
1685	0	
1686	0	
1687	0	
1688	0	
1689	0	
1690	0	
1691	0	
1692	0	
1693	0	
1694	0	
1695	0	
1696	0	
1697	0	
1698	0	
1699	0	
1700	0	
1701	0	
1702	0	
1703	0	
1704	0	
1705	0	
1706	0	
1707	0	
1708	0	
1709	0	
1710	0	
1711	0	
1712	0	
1713	0	
1714	0	
1715	0	
1716	0	
1717	0	
1718	0	
1719	0	
1720	0	
1721	0	
1722	0	
1723	0	
1724	0	
1725	0	
1726	0	
1727	0	
1728	0	
1729	0	
1730	0	
1731	0	
1732	0	
1733	0	
1734	0	
1735	0	
1736	0	
1737	0	
1738	0	
1739	0	
1740	0	
1741	0	
1742	2.500000e-005	
1743	7.500000e-005	
1744	1.000000e-004	
1745	5.000000e-005	
1746	7.500000e-005	
1747	1.000000e-004	
1748	5.000000e-005	
1749	2.500000e-005	
1750	7.500000e-005	
1751	7.500000e-005	
1752	7.500000e-005	
1753	7.500000e-005	
1754	7.500000e-005	
1755	5.000000e-005	
1756	2.500000e-005	
1757	5.000000e-005	
1758	2.500000e-005	
1759	5.000000e-005	
1760	7.500000e-005	
1761	0	
1762	0	
1763	0	
1764	0	
1765	0	
1766	0	
1767	0	
1768	0	
1769	0	
1770	0	
1771	0	
1772	0	
1773	0	
1774	0	
1775	0	
1776	0	
1777	0	
1778	0	
1779	0	
1780	0	
1781	0	
1782	0	
1783	0	
1784	0	
1785	0	
1786	0	
1787	0	
1788	0	
1789	0	
1790	0	
1791	0	
1792	0	
1793	0	
1794	0	
1795	0	
1796	0	
1797	0	
1798	0	
1799	0	
1800	0	
1801	0	
1802	0	
1803	0	
1804	0	
1805	0	
1806	0	
1807	0	
1808	2.500000e-005	
1809	1.250000e-004	
1810	1.250000e-004	
1811	1.500000e-004	
1812	2.000000e-004	
1813	1.500000e-004	
1814	1.250000e-004	
1815	1.750000e-004	
1816	1.500000e-004	
1817	1.750000e-004	
1818	2.500000e-004	
1819	1.750000e-004	
1820	7.500000e-005	
1821	1.250000e-004	
1822	1.250000e-004	
1823	1.250000e-004	
1824	7.500000e-005	
1825	7.500000e-005	
1826	1.500000e-004	
1827	1.250000e-004	
1828	1.000000e-004	
1829	1.000000e-004	
1830	1.500000e-004	
1831	1.500000e-004	
1832	1.750000e-004	
1833	2.250000e-004	
1834	2.750000e-004	
1835	2.000000e-004	
1836	1.500000e-004	
1837	1.250000e-004	
1838	1.750000e-004	
1839	2.000000e-004	
1840	2.000000e-004	
1841	1.750000e-004	
1842	2.000000e-004	
1843	3.000000e-004	
1844	1.750000e-004	
1845	1.750000e-004	
1846	2.250000e-004	
1847	2.500000e-004	
1848	2.250000e-004	
1849	3.000000e-004	
1850	4.000000e-004	
1851	6.000000e-004	
1852	5.250000e-004	
1853	5.000000e-004	
1854	6.000000e-004	
1855	6.750000e-004	
1856	6.250000e-004	
1857	5.750000e-004	
1858	6.750000e-004	
1859	7.750000e-004	
1860	6.000000e-004	
1861	3.500000e-004	
1862	6.000000e-004	
1863	6.500000e-004	
1864	6.250000e-004	
1865	5.250000e-004	
1866	5.250000e-004	
1867	4.750000e-004	
1868	6.250000e-004	
1869	7.000000e-004	
1870	7.000000e-004	
1871	7.250000e-004	
1872	9.000000e-004	
1873	1.050000e-003	
1874	1.200000e-003	
1875	1.225000e-003	
1876	1.550000e-003	
1877	1.475000e-003	
1878	1.125000e-003	
1879	1.025000e-003	
1880	1.175000e-003	
1881	1.000000e-003	
1882	1.075000e-003	
1883	8.750000e-004	
1884	1.025000e-003	
1885	1.050000e-003	
1886	1.175000e-003	
1887	1.025000e-003	
1888	9.250000e-004	
1889	1.000000e-003	
1890	1.025000e-003	
1891	1.075000e-003	
1892	1.075000e-003	
1893	9.500000e-004	
1894	1.025000e-003	
1895	1.050000e-003	
1896	1.000000e-003	
1897	1.175000e-003	
1898	1.125000e-003	
1899	1.225000e-003	
1900	1.225000e-003	
1901	1.175000e-003	
1902	1.175000e-003	
1903	1.175000e-003	
1904	9.000000e-004	
1905	8.500000e-004	
1906	1.150000e-003	
1907	1.075000e-003	
1908	1.250000e-003	
1909	1.350000e-003	
1910	1.125000e-003	
1911	1.300000e-003	
1912	1.200000e-003	
1913	1.150000e-003	
1914	1.225000e-003	
1915	1.175000e-003	
1916	1.225000e-003	
1917	1.225000e-003	
1918	1.200000e-003	
1919	1.775000e-003	
1920	1.725000e-003	
1921	1.750000e-003	
1922	1.800000e-003	
1923	2.175000e-003	
1924	2.500000e-003	
1925	2.325000e-003	
1926	2.025000e-003	
1927	1.850000e-003	
1928	2.075000e-003	
1929	2.375000e-003	
1930	2.600000e-003	
1931	2.575000e-003	
1932	2.000000e-003	
1933	1.950000e-003	
1934	1.900000e-003	
1935	1.875000e-003	
1936	1.900000e-003	
1937	1.725000e-003	
1938	1.675000e-003	
1939	1.800000e-003	
1940	2.025000e-003	
1941	2.025000e-003	
1942	2.425000e-003	
1943	2.700000e-003	
1944	2.200000e-003	
1945	2.050000e-003	
1946	2.525000e-003	
1947	2.600000e-003	
1948	2.775000e-003	
1949	2.700000e-003	
1950	2.850000e-003	
1951	3.000000e-003	
1952	2.900000e-003	
1953	2.900000e-003	
1954	2.800000e-003	
1955	2.800000e-003	
1956	3.025000e-003	
1957	3.225000e-003	
1958	2.725000e-003	
1959	3.300000e-003	
1960	3.250000e-003	
1961	3.000000e-003	
1962	3.200000e-003	
1963	3.100000e-003	
1964	2.950000e-003	
1965	3.450000e-003	
1966	3.350000e-003	
1967	3.125000e-003	
1968	3.875000e-003	
1969	3.425000e-003	
1970	3.350000e-003	
1971	3.825000e-003	
1972	3.250000e-003	
1973	3.475000e-003	
1974	3.600000e-003	
1975	3.475000e-003	
1976	3.350000e-003	
1977	2.700000e-003	
1978	2.850000e-003	
1979	3.000000e-003	
1980	3.250000e-003	
1981	3.175000e-003	
1982	3.075000e-003	
1983	3.050000e-003	
1984	3.150000e-003	
1985	3.200000e-003	
1986	3.300000e-003	
1987	3.575000e-003	
1988	3.475000e-003	
1989	3.575000e-003	
1990	3.400000e-003	
1991	3.450000e-003	
1992	3.675000e-003	
1993	3.825000e-003	
1994	4.100000e-003	
1995	4.000000e-003	
1996	4.025000e-003	
1997	3.900000e-003	
1998	4.325000e-003	
1999	4.125000e-003	
2000	3.850000e-003	
2001	3.950000e-003	
2002	4.550000e-003	
2003	3.950000e-003	
2004	4.325000e-003	
2005	3.700000e-003	
2006	4.575000e-003	
2007	5.225000e-003	
2008	5.350000e-003	
2009	4.975000e-003	
2010	5.100000e-003	
2011	5.225000e-003	
2012	4.500000e-003	
2013	4.725000e-003	
2014	4.125000e-003	
2015	3.875000e-003	
2016	3.800000e-003	
2017	3.675000e-003	
2018	3.725000e-003	
2019	3.575000e-003	
2020	3.100000e-003	
2021	2.875000e-003	
2022	2.700000e-003	
2023	2.600000e-003	
2024	2.550000e-003	
2025	1.975000e-003	
2026	2.000000e-003	
2027	1.825000e-003	
2028	1.550000e-003	
2029	1.025000e-003	
2030	8.500000e-004	
2031	9.250000e-004	
2032	1.200000e-003	
2033	9.750000e-004	
2034	7.500000e-004	
2035	6.000000e-004	
2036	3.750000e-004	
2037	4.500000e-004	
2038	5.250000e-004	
2039	8.250000e-004	
2040	7.750000e-004	
2041	8.250000e-004	
2042	6.250000e-004	
2043	5.250000e-004	
2044	2.500000e-004	
2045	2.750000e-004	
2046	2.500000e-004	
2047	1.000000e-004	
2048	1.000000e-004	
2049	2.500000e-005	
2050	2.500000e-005	
2051	0	
2052	0	
2053	0	
2054	0	
2055	0	
2056	0	
2057	0	
2058	0	
2059	0	
2060	0	
2061	0	
2062	0	
2063	0	
2064	0	
2065	0	
2066	0	
2067	0	
2068	0	
2069	0	
2070	0	
2071	0	
2072	0	
2073	0	
2074	0	
2075	0	
2076	0	
2077	0	
2078	0	
2079	0	
2080	0	
2081	0	
2082	0	
2083	0	
2084	0	
2085	0	
2086	0	
2087	0	
2088	0	
2089	0	
2090	0	
2091	0	
2092	0	
2093	0	
2094	0	
2095	0	
2096	0	
2097	0	
2098	0	
2099	0	
2100	0	
2101	0	
2102	0	
2103	0	
2104	0	
2105	0	
2106	0	
2107	0	
2108	0	
2109	0	
2110	0	
2111	0	
2112	0	
2113	0	
2114	0	
2115	0	
2116	0	
2117	0	
2118	0	
2119	0	
2120	0	
2121	0	
2122	0	
2123	0	
2124	0	
2125	0	
2126	0	
2127	0	
2128	0	
2129	0	
2130	0	
2131	0	
2132	0	
2133	0	
2134	0	
2135	0	
2136	0	
2137	0	
2138	0	
2139	0	
2140	0	
2141	0	
2142	0	
2143	0	
2144	0	
2145	0	
2146	0	
2147	0	
2148	0	
2149	0	
2150	0	
2151	0	
2152	0	
2153	0	
2154	0	
2155	0	
2156	0	
2157	0	
2158	0	
2159	0	
2160	0	
2161	0	
2162	0	
2163	0	
2164	0	
2165	0	
2166	0	
2167	0	
2168	0	
2169	0	
2170	0	
2171	0	
2172	0	
2173	0	
2174	0	
2175	0	
2176	0	
2177	0	
2178	0	
2179	0	
2180	0	
2181	0	
2182	0	
2183	0	
2184	0	
2185	0	
2186	0	
2187	0	
2188	0	
2189	0	
2190	0	
2191	0	
2192	0	
2193	0	
2194	0	
2195	0	
2196	0	
2197	0	
2198	0	
2199	0	
2200	0	
2201	0	
2202	0	
2203	0	
2204	0	
2205	0	
2206	0	
2207	0	
2208	0	
2209	0	
2210	0	
2211	0	
2212	0	
2213	0	
2214	0	
2215	0	
2216	0	
2217	0	
2218	0	
2219	0	
2220	0	
2221	0	
2222	0	
2223	0	
2224	0	
2225	0	
2226	0	
2227	0	
2228	0	
2229	0	
2230	0	
2231	0	
2232	0	
2233	0	
2234	0	
2235	0	
2236	0	
2237	0	
2238	0	
2239	0	
2240	0	
2241	2.500000e-005	
2242	1.000000e-004	
2243	5.000000e-005	
2244	7.500000e-005	
2245	5.000000e-005	
2246	5.000000e-005	
2247	2.500000e-005	
2248	0	
2249	0	
2250	0	
2251	0	
2252	0	
2253	0	
2254	0	
2255	0	
2256	0	
2257	0	
2258	0	
2259	0	
2260	0	
2261	0	
2262	0	
2263	0	
2264	0	
2265	0	
2266	0	
2267	0	
2268	0	
2269	0	
2270	0	
2271	0	
2272	0	
2273	0	
2274	0	
2275	0	
2276	0	
2277	0	
2278	0	
2279	0	
2280	0	
2281	0	
2282	0	
2283	0	
2284	0	
2285	0	
2286	0	
2287	0	
2288	0	
2289	0	
2290	0	
2291	0	
2292	0	
2293	0	
2294	0	
2295	0	
2296	0	
2297	0	
2298	0	
2299	0	
2300	0	
2301	0	
2302	0	
2303	0	
2304	0	
2305	0	
2306	0	
2307	0	
2308	0	
2309	0	
2310	0	
2311	0	
2312	0	
2313	2.500000e-005	
2314	0	
2315	0	
2316	0	
2317	0	
2318	0	
2319	0	
2320	0	
2321	0	
2322	0	
2323	0	
2324	0	
2325	0	
2326	0	
2327	0	
2328	0	
2329	0	
2330	0	
2331	0	
2332	0	
2333	0	
2334	0	
2335	0	
2336	0	
2337	0	
2338	0	
2339	0	
2340	0	
2341	0	
2342	0	
2343	0	
2344	0	
2345	0	
2346	0	
2347	0	
2348	0	
2349	0	
2350	0	
2351	0	
2352	0	
2353	0	
2354	0	
2355	0	
2356	0	
2357	0	
2358	0	
2359	0	
2360	0	
2361	0	
2362	0	
2363	0	
2364	0	
2365	0	
2366	0	
2367	0	
2368	0	
2369	0	
2370	0	
2371	0	
2372	0	
2373	0	
2374	0	
2375	0	
2376	0	
2377	0	
2378	0	
2379	0	
2380	0	
2381	0	
2382	0	
2383	0	
2384	0	
2385	0	
2386	0	
2387	0	
2388	0	
2389	0	
2390	0	
2391	0	
2392	0	
2393	0	
2394	0	
2395	0	
2396	0	
2397	0	
2398	0	
2399	0	
2400	0	
2401	0	
2402	0	
2403	0	
2404	0	
2405	0	
2406	0	
2407	0	
2408	0	
2409	0	
2410	0	
2411	0	
2412	0	
2413	0	
2414	0	
2415	0	
2416	0	
2417	0	
2418	0	
2419	0	
2420	0	
2421	0	
2422	2.500000e-005	
2423	5.000000e-005	
2424	0	
2425	0	
2426	0	
2427	0	
2428	0	
2429	0	
2430	0	
2431	0	
2432	0	
2433	0	
2434	0	
2435	0	
2436	0	
2437	0	
2438	0	
2439	0	
2440	0	
2441	0	
2442	0	
2443	0	
2444	0	
2445	0	
2446	0	
2447	0	
2448	0	
2449	0	
2450	0	
2451	2.500000e-005	
2452	7.500000e-005	
2453	7.500000e-005	
2454	1.500000e-004	
2455	2.250000e-004	
2456	2.500000e-004	
2457	1.500000e-004	
2458	1.750000e-004	
2459	1.250000e-004	
2460	1.000000e-004	
2461	1.500000e-004	
2462	1.250000e-004	
2463	1.000000e-004	
2464	1.000000e-004	
2465	1.750000e-004	
2466	1.250000e-004	
2467	7.500000e-005	
2468	1.000000e-004	
2469	1.000000e-004	
2470	1.250000e-004	
2471	1.000000e-004	
2472	1.750000e-004	
2473	1.250000e-004	
2474	1.750000e-004	
2475	3.000000e-004	
2476	3.750000e-004	
2477	4.000000e-004	
2478	2.750000e-004	
2479	2.500000e-004	
2480	2.750000e-004	
2481	3.500000e-004	
2482	2.750000e-004	
2483	2.750000e-004	
2484	3.250000e-004	
2485	3.500000e-004	
2486	2.250000e-004	
2487	3.750000e-004	
2488	4.750000e-004	
2489	4.250000e-004	
2490	5.500000e-004	
2491	6.500000e-004	
2492	6.250000e-004	
2493	5.500000e-004	
2494	5.250000e-004	
2495	6.750000e-004	
2496	6.500000e-004	
2497	6.250000e-004	
2498	7.000000e-004	
2499	8.500000e-004	
2500	1.025000e-003	
2501	9.000000e-004	
2502	9.000000e-004	
2503	1.075000e-003	
2504	8.500000e-004	
2505	1.175000e-003	
2506	1.300000e-003	
2507	1.225000e-003	
2508	1.500000e-003	
2509	1.600000e-003	
2510	1.625000e-003	
2511	1.850000e-003	
2512	1.800000e-003	
2513	1.800000e-003	
2514	2.175000e-003	
2515	2.025000e-003	
2516	2.100000e-003	
2517	2.075000e-003	
2518	2.300000e-003	
2519	2.400000e-003	
2520	2.450000e-003	
2521	2.625000e-003	
2522	2.950000e-003	
2523	2.875000e-003	
2524	3.075000e-003	
2525	2.800000e-003	
2526	3.100000e-003	
2527	3.350000e-003	
2528	3.225000e-003	
2529	3.150000e-003	
2530	3.100000e-003	
2531	3.175000e-003	
2532	3.675000e-003	
2533	3.275000e-003	
2534	3.375000e-003	
2535	3.200000e-003	
2536	2.925000e-003	
2537	3.550000e-003	
2538	3.825000e-003	
2539	4.425000e-003	
2540	4.550000e-003	
2541	4.900000e-003	
2542	4.325000e-003	
2543	4.525000e-003	
2544	4.750000e-003	
2545	4.550000e-003	
2546	4.325000e-003	
2547	4.075000e-003	
2548	4.650000e-003	
2549	4.600000e-003	
2550	4.500000e-003	
2551	4.150000e-003	
2552	4.275000e-003	
2553	4.650000e-003	
2554	4.525000e-003	
2555	4.675000e-003	
2556	4.700000e-003	
2557	4.475000e-003	
2558	4.400000e-003	
2559	5.000000e-003	
2560	5.375000e-003	
2561	5.900000e-003	
2562	5.725000e-003	
2563	5.375000e-003	
2564	5.725000e-003	
2565	5.975000e-003	
2566	6.325000e-003	
2567	6.100000e-003	
2568	6.325000e-003	
2569	6.150000e-003	
2570	5.700000e-003	
2571	5.425000e-003	
2572	5.675000e-003	
2573	5.400000e-003	
2574	5.750000e-003	
2575	5.650000e-003	
2576	5.925000e-003	
2577	5.750000e-003	
2578	4.925000e-003	
2579	5.250000e-003	
2580	5.225000e-003	
2581	4.325000e-003	
2582	4.200000e-003	
2583	3.750000e-003	
2584	4.075000e-003	
2585	4.450000e-003	
2586	5.000000e-003	
2587	4.475000e-003	
2588	4.300000e-003	
2589	4.000000e-003	
2590	4.350000e-003	
2591	4.200000e-003	
2592	4.575000e-003	
2593	4.650000e-003	
2594	4.150000e-003	
2595	4.225000e-003	
2596	4.350000e-003	
2597	3.975000e-003	
2598	3.850000e-003	
2599	3.850000e-003	
2600	3.750000e-003	
2601	3.175000e-003	
2602	3.375000e-003	
2603	3.175000e-003	
2604	2.325000e-003	
2605	1.950000e-003	
2606	1.525000e-003	
2607	1.550000e-003	
2608	1.600000e-003	
2609	1.275000e-003	
2610	1.225000e-003	
2611	1.075000e-003	
2612	8.000000e-004	
2613	5.000000e-004	
2614	4.500000e-004	
2615	5.250000e-004	
2616	4.000000e-004	
2617	4.250000e-004	
2618	2.250000e-004	
2619	1.250000e-004	
2620	1.250000e-004	
2621	2.500000e-004	
2622	3.250000e-004	
2623	2.750000e-004	
2624	1.500000e-004	
2625	2.250000e-004	
2626	2.500000e-004	
2627	1.750000e-004	
2628	1.500000e-004	
2629	2.500000e-005	
2630	0	
2631	0	
2632	0	
2633	0	
2634	0	
2635	0	
2636	0	
2637	0	
2638	0	
2639	0	
2640	0	
2641	0	
2642	0	
2643	0	
2644	0	
2645	0	
2646	0	
2647	0	
2648	0	
2649	0	
2650	0	
2651	0	
2652	0	
2653	0	
2654	0	
2655	0	
2656	0	
2657	0	
2658	0	
2659	0	
2660	0	
2661	0	
2662	0	
2663	0	
2664	0	
2665	0	
2666	0	
2667	0	
2668	0	
2669	0	
2670	0	
2671	0	
2672	0	
2673	0	
2674	0	
2675	0	
2676	0	
2677	0	
2678	0	
2679	0	
2680	0	
2681	0	
2682	0	
2683	0	
2684	0	
2685	0	
2686	0	
2687	0	
2688	0	
2689	0	
2690	0	
2691	0	
2692	0	
2693	0	
2694	0	
2695	0	
2696	0	
2697	0	
2698	0	
2699	0	
2700	0	
2701	0	
2702	0	
2703	0	
2704	0	
2705	0	
2706	0	
2707	0	
2708	0	
2709	0	
2710	0	
2711	0	
2712	0	
2713	0	
2714	0	
2715	0	
2716	0	
2717	0	
2718	0	
2719	0	
2720	0	
2721	0	
2722	0	
2723	0	
2724	0	
2725	2.500000e-005	
2726	0	
2727	0	
2728	0	
2729	0	
2730	0	
2731	0	
2732	0	
2733	0	
2734	0	
2735	0	
2736	0	
2737	0	
2738	0	
2739	0	
2740	0	
2741	0	
2742	0	
2743	0	
2744	0	
2745	0	
2746	0	
2747	0	
2748	0	
2749	0	
2750	0	
2751	0	
2752	0	
2753	0	
2754	0	
2755	0	
2756	0	
2757	0	
2758	0	
2759	0	
2760	0	
2761	0	
2762	0	
2763	0	
2764	0	
2765	0	
2766	0	
2767	0	
2768	0	
2769	0	
2770	0	
2771	0	
2772	0	
2773	0	
2774	0	
2775	0	
2776	0	
2777	0	
2778	2.500000e-005	
2779	0	
2780	0	
2781	2.500000e-005	
2782	5.000000e-005	
2783	2.500000e-005	
2784	0	
2785	0	
2786	0	
2787	0	
2788	0	
2789	0	
2790	0	
2791	0	
2792	0	
2793	0	
2794	0	
2795	0	
2796	0	
2797	0	
2798	0	
2799	0	
2800	0	
2801	0	
2802	0	
2803	0	
2804	0	
2805	0	
2806	0	
2807	0	
2808	0	
2809	0	
2810	0	
2811	0	
2812	0	
2813	0	
2814	0	
2815	0	
2816	0	
2817	0	
2818	0	
2819	0	
2820	0	
2821	0	
2822	0	
2823	0	
2824	0	
2825	0	
2826	0	
2827	0	
2828	0	
2829	0	
2830	0	
2831	0	
2832	0	
2833	0	
2834	0	
2835	0	
2836	0	
2837	0	
2838	0	
2839	0	
2840	0	
2841	0	
2842	0	
2843	0	
2844	0	
2845	0	
2846	0	
2847	0	
2848	0	
2849	0	
2850	0	
2851	0	
2852	0	
2853	0	
2854	0	
2855	0	
2856	0	
2857	0	
2858	0	
2859	0	
2860	0	
2861	0	
2862	0	
2863	0	
2864	0	
2865	0	
2866	0	
2867	0	
2868	0	
2869	0	
2870	0	
2871	0	
2872	0	
2873	0	
2874	0	
2875	0	
2876	0	
2877	0	
2878	0	
2879	0	
2880	0	
2881	0	
2882	0	
2883	0	
2884	0	
2885	0	
2886	0	
2887	0	
2888	0	
2889	0	
2890	0	
2891	0	
2892	0	
2893	0	
2894	0	
2895	0	
2896	0	
2897	0	
2898	0	
2899	0	
2900	0	
2901	0	
2902	0	
2903	0	
2904	0	
2905	0	
2906	0	
2907	2.500000e-005	
2908	7.500000e-005	
2909	5.000000e-005	
2910	7.500000e-005	
2911	1.500000e-004	
2912	1.250000e-004	
2913	1.500000e-004	
2914	1.500000e-004	
2915	2.000000e-004	
2916	1.000000e-004	
2917	2.500000e-005	
2918	2.500000e-005	
2919	2.500000e-005	
2920	0	
2921	0	
2922	0	
2923	0	
2924	0	
2925	0	
2926	0	
2927	0	
2928	0	
2929	0	
2930	0	
2931	0	
2932	0	
2933	0	
2934	0	
2935	0	
2936	0	
2937	0	
2938	0	
2939	0	
2940	0	
2941	0	
2942	0	
2943	0	
2944	0	
2945	0	
2946	0	
2947	2.500000e-005	
2948	2.500000e-005	
2949	5.000000e-005	
2950	5.000000e-005	
2951	1.000000e-004	
2952	7.500000e-005	
2953	1.000000e-004	
2954	7.500000e-005	
2955	5.000000e-005	
2956	1.250000e-004	
2957	5.000000e-005	
2958	5.000000e-005	
2959	7.500000e-005	
2960	1.250000e-004	
2961	1.500000e-004	
2962	1.250000e-004	
2963	7.500000e-005	
2964	2.500000e-005	
2965	7.500000e-005	
2966	7.500000e-005	
2967	7.500000e-005	
2968	1.250000e-004	
2969	5.000000e-005	
2970	2.500000e-005	
2971	2.500000e-005	
2972	5.000000e-005	
2973	2.500000e-005	
2974	2.500000e-005	
2975	5.000000e-005	
2976	5.000000e-005	
2977	7.500000e-005	
2978	1.000000e-004	
2979	0	
2980	0	
2981	0	
2982	0	
2983	0	
2984	0	
2985	0	
2986	0	
2987	0	
2988	0	
2989	0	
2990	0	
2991	0	
2992	0	
2993	2.500000e-005	
2994	7.500000e-005	
2995	7.500000e-005	
2996	1.000000e-004	
2997	1.250000e-004	
2998	7.500000e-005	
2999	7.500000e-005	
3000	7.500000e-005	
3001	1.250000e-004	
