1	0	
2	0	
3	0	
4	0	
5	0	
6	0	
7	0	
8	0	
9	0	
10	0	
11	0	
12	0	
13	0	
14	0	
15	0	
16	0	
17	0	
18	0	
19	0	
20	0	
21	0	
22	0	
23	0	
24	0	
25	0	
26	0	
27	0	
28	0	
29	0	
30	0	
31	0	
32	0	
33	0	
34	0	
35	0	
36	0	
37	0	
38	0	
39	0	
40	0	
41	0	
42	0	
43	0	
44	0	
45	0	
46	2.500000e-005	
47	5.000000e-005	
48	1.000000e-004	
49	7.500000e-005	
50	7.500000e-005	
51	5.000000e-005	
52	1.000000e-004	
53	1.000000e-004	
54	1.500000e-004	
55	2.250000e-004	
56	1.500000e-004	
57	1.500000e-004	
58	1.750000e-004	
59	2.250000e-004	
60	2.500000e-004	
61	4.000000e-004	
62	3.500000e-004	
63	2.750000e-004	
64	4.500000e-004	
65	7.000000e-004	
66	8.000000e-004	
67	5.750000e-004	
68	5.750000e-004	
69	7.000000e-004	
70	8.000000e-004	
71	7.250000e-004	
72	6.250000e-004	
73	5.250000e-004	
74	5.250000e-004	
75	5.500000e-004	
76	8.750000e-004	
77	8.000000e-004	
78	7.250000e-004	
79	8.750000e-004	
80	9.000000e-004	
81	8.000000e-004	
82	8.750000e-004	
83	7.750000e-004	
84	8.500000e-004	
85	9.750000e-004	
86	8.750000e-004	
87	1.100000e-003	
88	1.200000e-003	
89	1.200000e-003	
90	1.300000e-003	
91	1.200000e-003	
92	1.125000e-003	
93	1.475000e-003	
94	1.250000e-003	
95	1.175000e-003	
96	1.100000e-003	
97	1.225000e-003	
98	1.475000e-003	
99	1.375000e-003	
100	1.550000e-003	
101	1.575000e-003	
102	1.225000e-003	
103	1.425000e-003	
104	1.425000e-003	
105	1.625000e-003	
106	1.575000e-003	
107	1.900000e-003	
108	1.850000e-003	
109	2.175000e-003	
110	2.275000e-003	
111	2.250000e-003	
112	2.350000e-003	
113	2.200000e-003	
114	1.925000e-003	
115	2.050000e-003	
116	2.175000e-003	
117	2.675000e-003	
118	2.100000e-003	
119	1.875000e-003	
120	2.000000e-003	
121	2.250000e-003	
122	2.550000e-003	
123	2.575000e-003	
124	2.000000e-003	
125	2.475000e-003	
126	2.300000e-003	
127	2.225000e-003	
128	2.400000e-003	
129	2.750000e-003	
130	3.200000e-003	
131	3.200000e-003	
132	2.825000e-003	
133	3.250000e-003	
134	3.300000e-003	
135	3.250000e-003	
136	3.425000e-003	
137	3.575000e-003	
138	3.300000e-003	
139	3.600000e-003	
140	4.200000e-003	
141	3.875000e-003	
142	4.125000e-003	
143	4.275000e-003	
144	3.900000e-003	
145	3.825000e-003	
146	4.000000e-003	
147	4.100000e-003	
148	4.150000e-003	
149	4.075000e-003	
150	3.425000e-003	
151	3.550000e-003	
152	4.125000e-003	
153	3.725000e-003	
154	4.100000e-003	
155	4.250000e-003	
156	4.025000e-003	
157	4.175000e-003	
158	4.000000e-003	
159	4.175000e-003	
160	4.725000e-003	
161	3.975000e-003	
162	4.350000e-003	
163	5.200000e-003	
164	4.750000e-003	
165	5.200000e-003	
166	5.250000e-003	
167	4.800000e-003	
168	4.575000e-003	
169	4.875000e-003	
170	5.200000e-003	
171	5.175000e-003	
172	4.925000e-003	
173	4.675000e-003	
174	4.325000e-003	
175	4.250000e-003	
176	3.700000e-003	
177	4.450000e-003	
178	5.325000e-003	
179	4.775000e-003	
180	4.575000e-003	
181	4.100000e-003	
182	4.000000e-003	
183	4.025000e-003	
184	4.075000e-003	
185	3.725000e-003	
186	3.425000e-003	
187	3.650000e-003	
188	3.675000e-003	
189	3.625000e-003	
190	3.825000e-003	
191	4.150000e-003	
192	3.925000e-003	
193	3.375000e-003	
194	3.175000e-003	
195	2.450000e-003	
196	2.275000e-003	
197	2.075000e-003	
198	2.000000e-003	
199	2.100000e-003	
200	2.050000e-003	
201	2.150000e-003	
202	2.000000e-003	
203	1.750000e-003	
204	1.450000e-003	
205	1.550000e-003	
206	1.300000e-003	
207	1.350000e-003	
208	1.200000e-003	
209	1.375000e-003	
210	1.325000e-003	
211	1.525000e-003	
212	1.625000e-003	
213	1.725000e-003	
214	1.725000e-003	
215	1.925000e-003	
216	1.800000e-003	
217	1.800000e-003	
218	1.325000e-003	
219	1.225000e-003	
220	9.000000e-004	
221	1.025000e-003	
222	9.000000e-004	
223	8.250000e-004	
224	7.750000e-004	
225	4.750000e-004	
226	5.500000e-004	
227	4.750000e-004	
228	4.000000e-004	
229	4.750000e-004	
230	4.500000e-004	
231	3.000000e-004	
232	2.500000e-004	
233	2.750000e-004	
234	4.250000e-004	
235	3.250000e-004	
236	3.500000e-004	
237	2.250000e-004	
238	2.250000e-004	
239	2.500000e-004	
240	3.000000e-004	
241	2.250000e-004	
242	1.000000e-004	
243	1.000000e-004	
244	2.250000e-004	
245	1.500000e-004	
246	1.500000e-004	
247	7.500000e-005	
248	0	
249	0	
250	0	
251	0	
252	0	
253	0	
254	0	
255	0	
256	0	
257	0	
258	2.500000e-005	
259	0	
260	0	
261	0	
262	0	
263	0	
264	0	
265	0	
266	0	
267	0	
268	0	
269	0	
270	0	
271	0	
272	0	
273	0	
274	0	
275	0	
276	0	
277	0	
278	0	
279	0	
280	0	
281	0	
282	0	
283	0	
284	0	
285	0	
286	0	
287	0	
288	0	
289	0	
290	0	
291	0	
292	0	
293	0	
294	0	
295	0	
296	0	
297	0	
298	0	
299	0	
300	0	
301	0	
302	0	
303	0	
304	0	
305	0	
306	0	
307	0	
308	0	
309	0	
310	0	
311	0	
312	0	
313	0	
314	0	
315	0	
316	0	
317	0	
318	0	
319	0	
320	0	
321	0	
322	0	
323	0	
324	0	
325	0	
326	0	
327	0	
328	0	
329	0	
330	0	
331	0	
332	0	
333	0	
334	0	
335	0	
336	0	
337	0	
338	0	
339	0	
340	0	
341	0	
342	0	
343	0	
344	0	
345	0	
346	0	
347	0	
348	0	
349	0	
350	0	
351	0	
352	0	
353	0	
354	0	
355	0	
356	0	
357	0	
358	0	
359	0	
360	0	
361	0	
362	0	
363	0	
364	0	
365	0	
366	0	
367	0	
368	0	
369	0	
370	0	
371	0	
372	0	
373	0	
374	0	
375	0	
376	0	
377	0	
378	0	
379	0	
380	0	
381	0	
382	0	
383	0	
384	0	
385	0	
386	0	
387	0	
388	0	
389	0	
390	0	
391	0	
392	0	
393	0	
394	0	
395	0	
396	0	
397	2.500000e-005	
398	7.500000e-005	
399	1.500000e-004	
400	1.500000e-004	
401	2.000000e-004	
402	1.500000e-004	
403	1.750000e-004	
404	2.750000e-004	
405	2.000000e-004	
406	2.250000e-004	
407	1.250000e-004	
408	1.750000e-004	
409	1.000000e-004	
410	7.500000e-005	
411	2.500000e-005	
412	2.500000e-005	
413	0	
414	0	
415	0	
416	0	
417	0	
418	0	
419	0	
420	0	
421	0	
422	0	
423	0	
424	0	
425	0	
426	0	
427	0	
428	0	
429	0	
430	0	
431	0	
432	0	
433	0	
434	0	
435	0	
436	0	
437	0	
438	0	
439	0	
440	0	
441	0	
442	0	
443	0	
444	0	
445	0	
446	0	
447	0	
448	0	
449	0	
450	0	
451	0	
452	0	
453	0	
454	0	
455	0	
456	0	
457	0	
458	0	
459	0	
460	0	
461	0	
462	0	
463	0	
464	0	
465	0	
466	0	
467	0	
468	0	
469	0	
470	0	
471	0	
472	0	
473	0	
474	0	
475	0	
476	0	
477	0	
478	0	
479	0	
480	0	
481	0	
482	0	
483	0	
484	0	
485	0	
486	0	
487	0	
488	0	
489	0	
490	0	
491	0	
492	0	
493	0	
494	0	
495	0	
496	0	
497	0	
498	0	
499	0	
500	0	
501	0	
502	0	
503	0	
504	0	
505	0	
506	0	
507	0	
508	0	
509	0	
510	0	
511	0	
512	0	
513	0	
514	0	
515	0	
516	0	
517	0	
518	0	
519	0	
520	0	
521	0	
522	0	
523	0	
524	0	
525	0	
526	0	
527	0	
528	0	
529	0	
530	0	
531	0	
532	0	
533	0	
534	0	
535	0	
536	0	
537	0	
538	0	
539	0	
540	0	
541	0	
542	0	
543	0	
544	0	
545	0	
546	0	
547	0	
548	0	
549	0	
550	0	
551	0	
552	0	
553	0	
554	0	
555	0	
556	0	
557	0	
558	0	
559	0	
560	0	
561	0	
562	0	
563	0	
564	0	
565	0	
566	0	
567	0	
568	0	
569	0	
570	0	
571	0	
572	0	
573	0	
574	0	
575	0	
576	0	
577	0	
578	0	
579	0	
580	0	
581	0	
582	0	
583	0	
584	0	
585	0	
586	0	
587	0	
588	0	
589	0	
590	0	
591	0	
592	0	
593	0	
594	0	
595	0	
596	0	
597	0	
598	0	
599	0	
600	0	
601	0	
602	0	
603	0	
604	0	
605	0	
606	0	
607	0	
608	0	
609	0	
610	0	
611	0	
612	0	
613	0	
614	0	
615	0	
616	0	
617	0	
618	0	
619	0	
620	0	
621	0	
622	0	
623	0	
624	0	
625	0	
626	0	
627	0	
628	0	
629	0	
630	0	
631	0	
632	0	
633	0	
634	0	
635	0	
636	0	
637	0	
638	0	
639	0	
640	0	
641	0	
642	0	
643	0	
644	2.500000e-005	
645	1.500000e-004	
646	2.750000e-004	
647	2.750000e-004	
648	2.250000e-004	
649	2.500000e-004	
650	3.500000e-004	
651	3.750000e-004	
652	5.250000e-004	
653	5.250000e-004	
654	4.000000e-004	
655	4.250000e-004	
656	4.500000e-004	
657	3.250000e-004	
658	4.750000e-004	
659	4.500000e-004	
660	5.250000e-004	
661	4.500000e-004	
662	6.000000e-004	
663	6.250000e-004	
664	6.500000e-004	
665	5.250000e-004	
666	6.250000e-004	
667	4.500000e-004	
668	6.750000e-004	
669	8.750000e-004	
670	6.500000e-004	
671	5.750000e-004	
672	8.000000e-004	
673	6.250000e-004	
674	7.000000e-004	
675	7.500000e-004	
676	8.000000e-004	
677	9.500000e-004	
678	8.250000e-004	
679	8.500000e-004	
680	8.750000e-004	
681	1.150000e-003	
682	1.300000e-003	
683	1.425000e-003	
684	1.550000e-003	
685	2.000000e-003	
686	2.025000e-003	
687	1.825000e-003	
688	1.775000e-003	
689	1.800000e-003	
690	1.975000e-003	
691	2.175000e-003	
692	2.000000e-003	
693	2.100000e-003	
694	2.350000e-003	
695	2.250000e-003	
696	2.150000e-003	
697	2.400000e-003	
698	2.400000e-003	
699	2.525000e-003	
700	2.575000e-003	
701	2.500000e-003	
702	2.400000e-003	
703	2.325000e-003	
704	2.300000e-003	
705	2.250000e-003	
706	2.225000e-003	
707	1.975000e-003	
708	1.825000e-003	
709	1.700000e-003	
710	1.850000e-003	
711	2.375000e-003	
712	2.400000e-003	
713	2.225000e-003	
714	3.025000e-003	
715	2.800000e-003	
716	2.900000e-003	
717	3.150000e-003	
718	3.025000e-003	
719	3.375000e-003	
720	4.100000e-003	
721	4.050000e-003	
722	4.125000e-003	
723	3.700000e-003	
724	3.350000e-003	
725	3.925000e-003	
726	4.300000e-003	
727	4.925000e-003	
728	4.525000e-003	
729	5.075000e-003	
730	5.150000e-003	
731	5.050000e-003	
732	4.850000e-003	
733	5.375000e-003	
734	4.800000e-003	
735	5.325000e-003	
736	5.300000e-003	
737	5.175000e-003	
738	5.850000e-003	
739	6.025000e-003	
740	5.675000e-003	
741	5.750000e-003	
742	6.250000e-003	
743	5.700000e-003	
744	6.100000e-003	
745	5.475000e-003	
746	5.750000e-003	
747	5.150000e-003	
748	4.600000e-003	
749	4.875000e-003	
750	5.300000e-003	
751	5.100000e-003	
752	4.825000e-003	
753	4.925000e-003	
754	4.875000e-003	
755	5.175000e-003	
756	4.625000e-003	
757	4.425000e-003	
758	3.975000e-003	
759	4.050000e-003	
760	4.050000e-003	
761	3.950000e-003	
762	4.275000e-003	
763	4.500000e-003	
764	3.825000e-003	
765	3.725000e-003	
766	3.850000e-003	
767	4.375000e-003	
768	4.500000e-003	
769	4.350000e-003	
770	3.650000e-003	
771	3.875000e-003	
772	3.825000e-003	
773	3.925000e-003	
774	3.325000e-003	
775	3.175000e-003	
776	3.275000e-003	
777	3.050000e-003	
778	3.025000e-003	
779	3.325000e-003	
780	3.875000e-003	
781	3.600000e-003	
782	3.250000e-003	
783	3.125000e-003	
784	3.325000e-003	
785	3.150000e-003	
786	2.925000e-003	
787	2.725000e-003	
788	2.650000e-003	
789	2.200000e-003	
790	1.550000e-003	
791	1.500000e-003	
792	1.250000e-003	
793	9.750000e-004	
794	8.000000e-004	
795	8.500000e-004	
796	8.000000e-004	
797	7.500000e-004	
798	8.250000e-004	
799	9.250000e-004	
800	9.250000e-004	
801	7.750000e-004	
802	6.250000e-004	
803	4.250000e-004	
804	4.500000e-004	
805	2.500000e-004	
806	1.500000e-004	
807	1.750000e-004	
808	2.000000e-004	
809	5.000000e-005	
810	5.000000e-005	
811	2.500000e-005	
812	2.500000e-005	
813	0	
814	0	
815	0	
816	0	
817	0	
818	0	
819	0	
820	0	
821	0	
822	0	
823	0	
824	0	
825	0	
826	0	
827	0	
828	0	
829	0	
830	0	
831	0	
832	0	
833	0	
834	0	
835	0	
836	0	
837	0	
838	0	
839	0	
840	0	
841	0	
842	0	
843	0	
844	0	
845	0	
846	0	
847	0	
848	0	
849	0	
850	0	
851	0	
852	0	
853	0	
854	0	
855	0	
856	0	
857	0	
858	0	
859	0	
860	0	
861	0	
862	0	
863	0	
864	0	
865	0	
866	0	
867	0	
868	0	
869	0	
870	0	
871	0	
872	0	
873	0	
874	0	
875	0	
876	0	
877	0	
878	0	
879	0	
880	0	
881	0	
882	0	
883	0	
884	0	
885	0	
886	0	
887	0	
888	0	
889	0	
890	0	
891	0	
892	0	
893	0	
894	0	
895	0	
896	0	
897	0	
898	0	
899	0	
900	0	
901	0	
902	0	
903	0	
904	0	
905	0	
906	0	
907	0	
908	0	
909	0	
910	0	
911	0	
912	0	
913	0	
914	0	
915	0	
916	0	
917	0	
918	0	
919	0	
920	0	
921	0	
922	0	
923	0	
924	0	
925	0	
926	0	
927	0	
928	0	
929	0	
930	0	
931	0	
932	0	
933	0	
934	0	
935	0	
936	0	
937	0	
938	0	
939	0	
940	0	
941	0	
942	0	
943	0	
944	0	
945	0	
946	0	
947	0	
948	0	
949	0	
950	0	
951	0	
952	0	
953	0	
954	0	
955	0	
956	0	
957	0	
958	0	
959	0	
960	0	
961	0	
962	0	
963	2.500000e-005	
964	5.000000e-005	
965	2.500000e-005	
966	0	
967	0	
968	0	
969	0	
970	0	
971	0	
972	0	
973	0	
974	0	
975	0	
976	0	
977	2.500000e-005	
978	2.500000e-005	
979	5.000000e-005	
980	2.500000e-005	
981	5.000000e-005	
982	2.500000e-005	
983	2.500000e-005	
984	0	
985	0	
986	0	
987	0	
988	0	
989	0	
990	0	
991	0	
992	0	
993	0	
994	0	
995	0	
996	0	
997	0	
998	0	
999	0	
1000	0	
1001	0	
1002	0	
1003	0	
1004	0	
1005	0	
1006	0	
1007	0	
1008	0	
1009	0	
1010	0	
1011	0	
1012	0	
1013	0	
1014	0	
1015	0	
1016	0	
1017	0	
1018	0	
1019	0	
1020	0	
1021	0	
1022	0	
1023	0	
1024	0	
1025	0	
1026	0	
1027	0	
1028	0	
1029	0	
1030	0	
1031	0	
1032	0	
1033	0	
1034	0	
1035	0	
1036	0	
1037	0	
1038	0	
1039	0	
1040	0	
1041	0	
1042	0	
1043	0	
1044	0	
1045	0	
1046	0	
1047	0	
1048	0	
1049	0	
1050	0	
1051	0	
1052	0	
1053	0	
1054	0	
1055	0	
1056	0	
1057	0	
1058	0	
1059	0	
1060	0	
1061	0	
1062	0	
1063	0	
1064	0	
1065	0	
1066	0	
1067	0	
1068	0	
1069	0	
1070	0	
1071	0	
1072	0	
1073	0	
1074	0	
1075	0	
1076	0	
1077	0	
1078	0	
1079	0	
1080	0	
1081	0	
1082	0	
1083	0	
1084	0	
1085	0	
1086	0	
1087	0	
1088	0	
1089	0	
1090	0	
1091	0	
1092	0	
1093	0	
1094	0	
1095	0	
1096	0	
1097	0	
1098	0	
1099	0	
1100	0	
1101	0	
1102	0	
1103	0	
1104	0	
1105	0	
1106	0	
1107	0	
1108	0	
1109	0	
1110	0	
1111	0	
1112	0	
1113	0	
1114	0	
1115	0	
1116	0	
1117	0	
1118	0	
1119	0	
1120	0	
1121	0	
1122	0	
1123	0	
1124	0	
1125	0	
1126	0	
1127	0	
1128	0	
1129	0	
1130	0	
1131	0	
1132	0	
1133	0	
1134	0	
1135	0	
1136	0	
1137	0	
1138	0	
1139	0	
1140	0	
1141	0	
1142	0	
1143	0	
1144	0	
1145	0	
1146	0	
1147	0	
1148	0	
1149	0	
1150	0	
1151	0	
1152	0	
1153	2.500000e-005	
1154	1.000000e-004	
1155	1.750000e-004	
1156	1.500000e-004	
1157	1.750000e-004	
1158	1.750000e-004	
1159	2.750000e-004	
1160	2.500000e-004	
1161	2.500000e-004	
1162	2.500000e-004	
1163	3.000000e-004	
1164	2.500000e-004	
1165	2.000000e-004	
1166	3.500000e-004	
1167	2.750000e-004	
1168	3.500000e-004	
1169	4.750000e-004	
1170	3.250000e-004	
1171	2.250000e-004	
1172	3.000000e-004	
1173	2.000000e-004	
1174	2.000000e-004	
1175	1.500000e-004	
1176	1.750000e-004	
1177	1.500000e-004	
1178	5.000000e-005	
1179	5.000000e-005	
1180	1.000000e-004	
1181	5.000000e-005	
1182	2.500000e-005	
1183	2.500000e-005	
1184	2.500000e-005	
1185	7.500000e-005	
1186	5.000000e-005	
1187	0	
1188	0	
1189	0	
1190	0	
1191	0	
1192	0	
1193	0	
1194	0	
1195	0	
1196	0	
1197	0	
1198	0	
1199	0	
1200	0	
1201	0	
1202	0	
1203	0	
1204	0	
1205	0	
1206	0	
1207	0	
1208	0	
1209	0	
1210	0	
1211	0	
1212	0	
1213	0	
1214	0	
1215	0	
1216	0	
1217	0	
1218	0	
1219	0	
1220	0	
1221	0	
1222	0	
1223	0	
1224	0	
1225	0	
1226	0	
1227	0	
1228	0	
1229	0	
1230	0	
1231	0	
1232	0	
1233	0	
1234	0	
1235	0	
1236	0	
1237	0	
1238	0	
1239	0	
1240	0	
1241	0	
1242	2.500000e-005	
1243	7.500000e-005	
1244	1.500000e-004	
1245	2.000000e-004	
1246	1.000000e-004	
1247	1.000000e-004	
1248	5.000000e-005	
1249	7.500000e-005	
1250	1.000000e-004	
1251	5.000000e-005	
1252	1.000000e-004	
1253	1.500000e-004	
1254	1.000000e-004	
1255	2.500000e-005	
1256	2.500000e-005	
1257	2.500000e-005	
1258	0	
1259	2.500000e-005	
1260	0	
1261	0	
1262	0	
1263	0	
1264	0	
1265	0	
1266	0	
1267	0	
1268	0	
1269	0	
1270	0	
1271	0	
1272	0	
1273	0	
1274	0	
1275	0	
1276	0	
1277	0	
1278	0	
1279	0	
1280	0	
1281	0	
1282	0	
1283	0	
1284	0	
1285	0	
1286	0	
1287	0	
1288	0	
1289	0	
1290	0	
1291	0	
1292	0	
1293	0	
1294	0	
1295	0	
1296	0	
1297	0	
1298	0	
1299	0	
1300	0	
1301	0	
1302	0	
1303	0	
1304	0	
1305	0	
1306	0	
1307	0	
1308	0	
1309	0	
1310	0	
1311	0	
1312	0	
1313	0	
1314	0	
1315	0	
1316	0	
1317	0	
1318	0	
1319	0	
1320	0	
1321	0	
1322	0	
1323	0	
1324	0	
1325	0	
1326	0	
1327	0	
1328	0	
1329	0	
1330	0	
1331	0	
1332	0	
1333	0	
1334	0	
1335	0	
1336	0	
1337	0	
1338	0	
1339	0	
1340	0	
1341	0	
1342	0	
1343	0	
1344	0	
1345	0	
1346	0	
1347	0	
1348	0	
1349	0	
1350	0	
1351	0	
1352	0	
1353	0	
1354	0	
1355	0	
1356	0	
1357	0	
1358	0	
1359	0	
1360	0	
1361	0	
1362	0	
1363	0	
1364	0	
1365	0	
1366	0	
1367	0	
1368	0	
1369	0	
1370	0	
1371	0	
1372	0	
1373	0	
1374	0	
1375	0	
1376	0	
1377	0	
1378	0	
1379	0	
1380	0	
1381	0	
1382	0	
1383	0	
1384	0	
1385	0	
1386	0	
1387	2.500000e-005	
1388	1.250000e-004	
1389	1.500000e-004	
1390	2.750000e-004	
1391	2.750000e-004	
1392	4.500000e-004	
1393	4.250000e-004	
1394	6.250000e-004	
1395	5.750000e-004	
1396	5.500000e-004	
1397	5.750000e-004	
1398	7.750000e-004	
1399	7.250000e-004	
1400	9.250000e-004	
1401	1.225000e-003	
1402	1.050000e-003	
1403	8.000000e-004	
1404	8.000000e-004	
1405	6.750000e-004	
1406	5.500000e-004	
1407	7.000000e-004	
1408	9.000000e-004	
1409	1.025000e-003	
1410	1.350000e-003	
1411	1.725000e-003	
1412	1.450000e-003	
1413	1.625000e-003	
1414	1.700000e-003	
1415	2.125000e-003	
1416	2.425000e-003	
1417	2.525000e-003	
1418	2.350000e-003	
1419	2.350000e-003	
1420	2.650000e-003	
1421	2.425000e-003	
1422	2.575000e-003	
1423	2.775000e-003	
1424	2.750000e-003	
1425	2.850000e-003	
1426	3.150000e-003	
1427	2.825000e-003	
1428	2.900000e-003	
1429	3.525000e-003	
1430	4.100000e-003	
1431	3.825000e-003	
1432	3.950000e-003	
1433	3.975000e-003	
1434	4.100000e-003	
1435	3.850000e-003	
1436	3.775000e-003	
1437	4.275000e-003	
1438	4.475000e-003	
1439	4.625000e-003	
1440	4.950000e-003	
1441	4.850000e-003	
1442	5.175000e-003	
1443	5.125000e-003	
1444	5.650000e-003	
1445	6.475000e-003	
1446	5.975000e-003	
1447	6.625000e-003	
1448	6.850000e-003	
1449	6.575000e-003	
1450	6.875000e-003	
1451	8.000000e-003	
1452	7.900000e-003	
1453	7.975000e-003	
1454	8.600000e-003	
1455	8.725000e-003	
1456	8.875000e-003	
1457	8.525000e-003	
1458	8.475000e-003	
1459	8.300000e-003	
1460	7.350000e-003	
1461	6.925000e-003	
1462	6.750000e-003	
1463	6.950000e-003	
1464	7.600000e-003	
1465	7.600000e-003	
1466	8.425000e-003	
1467	9.600000e-003	
1468	9.950000e-003	
1469	9.450000e-003	
1470	8.725000e-003	
1471	8.550000e-003	
1472	8.600000e-003	
1473	9.700000e-003	
1474	9.775000e-003	
1475	9.000000e-003	
1476	8.525000e-003	
1477	8.400000e-003	
1478	7.700000e-003	
1479	7.825000e-003	
1480	7.600000e-003	
1481	7.375000e-003	
1482	6.600000e-003	
1483	6.350000e-003	
1484	5.525000e-003	
1485	4.850000e-003	
1486	4.975000e-003	
1487	4.450000e-003	
1488	4.800000e-003	
1489	4.300000e-003	
1490	4.650000e-003	
1491	4.775000e-003	
1492	3.975000e-003	
1493	3.550000e-003	
1494	3.375000e-003	
1495	2.700000e-003	
1496	1.700000e-003	
1497	1.675000e-003	
1498	1.825000e-003	
1499	1.525000e-003	
1500	1.375000e-003	
1501	1.075000e-003	
1502	1.050000e-003	
1503	5.750000e-004	
1504	3.000000e-004	
1505	0	
1506	0	
1507	0	
1508	0	
1509	0	
1510	0	
1511	0	
1512	0	
1513	0	
1514	0	
1515	0	
1516	0	
1517	0	
1518	0	
1519	0	
1520	0	
1521	0	
1522	0	
1523	0	
1524	0	
1525	0	
1526	0	
1527	0	
1528	0	
1529	0	
1530	0	
1531	0	
1532	0	
1533	0	
1534	0	
1535	0	
1536	0	
1537	0	
1538	0	
1539	0	
1540	0	
1541	0	
1542	0	
1543	0	
1544	0	
1545	0	
1546	0	
1547	0	
1548	0	
1549	0	
1550	0	
1551	0	
1552	0	
1553	0	
1554	0	
1555	0	
1556	0	
1557	0	
1558	0	
1559	0	
1560	0	
1561	0	
1562	0	
1563	0	
1564	0	
1565	0	
1566	0	
1567	0	
1568	0	
1569	0	
1570	0	
1571	0	
1572	0	
1573	0	
1574	0	
1575	0	
1576	0	
1577	0	
1578	0	
1579	0	
1580	0	
1581	0	
1582	0	
1583	0	
1584	0	
1585	0	
1586	0	
1587	0	
1588	0	
1589	0	
1590	0	
1591	0	
1592	0	
1593	0	
1594	0	
1595	0	
1596	0	
1597	0	
1598	0	
1599	0	
1600	0	
1601	0	
1602	0	
1603	0	
1604	0	
1605	0	
1606	0	
1607	0	
1608	0	
1609	0	
1610	0	
1611	0	
1612	0	
1613	0	
1614	0	
1615	2.500000e-005	
1616	0	
1617	0	
1618	0	
1619	0	
1620	0	
1621	0	
1622	0	
1623	0	
1624	0	
1625	0	
1626	0	
1627	0	
1628	0	
1629	0	
1630	0	
1631	0	
1632	0	
1633	0	
1634	0	
1635	0	
1636	0	
1637	0	
1638	0	
1639	0	
1640	0	
1641	0	
1642	0	
1643	0	
1644	0	
1645	0	
1646	0	
1647	0	
1648	0	
1649	0	
1650	0	
1651	0	
1652	0	
1653	0	
1654	0	
1655	0	
1656	0	
1657	0	
1658	0	
1659	0	
1660	0	
1661	0	
1662	0	
1663	0	
1664	0	
1665	0	
1666	0	
1667	0	
1668	0	
1669	0	
1670	0	
1671	0	
1672	0	
1673	0	
1674	0	
1675	0	
1676	0	
1677	0	
1678	0	
1679	0	
1680	0	
1681	0	
1682	0	
1683	0	
1684	0	
1685	0	
1686	0	
1687	0	
1688	0	
1689	0	
1690	0	
1691	0	
1692	0	
1693	0	
1694	0	
1695	0	
1696	0	
1697	0	
1698	0	
1699	0	
1700	0	
1701	0	
1702	0	
1703	0	
1704	0	
1705	0	
1706	0	
1707	0	
1708	0	
1709	0	
1710	0	
1711	0	
1712	0	
1713	0	
1714	0	
1715	0	
1716	0	
1717	0	
1718	0	
1719	0	
1720	0	
1721	0	
1722	0	
1723	0	
1724	0	
1725	0	
1726	0	
1727	0	
1728	0	
1729	0	
1730	0	
1731	0	
1732	0	
1733	0	
1734	0	
1735	0	
1736	0	
1737	0	
1738	0	
1739	0	
1740	0	
1741	0	
1742	0	
1743	0	
1744	0	
1745	0	
1746	0	
1747	0	
1748	0	
1749	0	
1750	0	
1751	0	
1752	0	
1753	0	
1754	0	
1755	0	
1756	0	
1757	2.500000e-005	
1758	5.000000e-005	
1759	2.500000e-005	
1760	0	
1761	0	
1762	0	
1763	0	
1764	0	
1765	0	
1766	0	
1767	0	
1768	0	
1769	0	
1770	0	
1771	0	
1772	0	
1773	0	
1774	0	
1775	0	
1776	0	
1777	0	
1778	0	
1779	0	
1780	0	
1781	0	
1782	0	
1783	0	
1784	0	
1785	0	
1786	0	
1787	0	
1788	0	
1789	0	
1790	0	
1791	0	
1792	0	
1793	0	
1794	0	
1795	0	
1796	0	
1797	0	
1798	0	
1799	0	
1800	0	
1801	0	
1802	0	
1803	0	
1804	0	
1805	0	
1806	0	
1807	0	
1808	0	
1809	0	
1810	0	
1811	0	
1812	0	
1813	0	
1814	0	
1815	0	
1816	0	
1817	0	
1818	0	
1819	0	
1820	0	
1821	0	
1822	0	
1823	0	
1824	0	
1825	0	
1826	0	
1827	0	
1828	0	
1829	0	
1830	0	
1831	0	
1832	0	
1833	0	
1834	0	
1835	0	
1836	0	
1837	0	
1838	0	
1839	0	
1840	0	
1841	0	
1842	0	
1843	0	
1844	0	
1845	0	
1846	0	
1847	0	
1848	0	
1849	0	
1850	0	
1851	0	
1852	0	
1853	0	
1854	0	
1855	0	
1856	0	
1857	0	
1858	0	
1859	0	
1860	0	
1861	0	
1862	0	
1863	0	
1864	0	
1865	0	
1866	0	
1867	0	
1868	0	
1869	0	
1870	0	
1871	0	
1872	0	
1873	0	
1874	0	
1875	0	
1876	0	
1877	0	
1878	0	
1879	0	
1880	0	
1881	0	
1882	0	
1883	0	
1884	0	
1885	0	
1886	0	
1887	0	
1888	0	
1889	0	
1890	0	
1891	0	
1892	0	
1893	0	
1894	0	
1895	0	
1896	0	
1897	0	
1898	0	
1899	0	
1900	0	
1901	0	
1902	0	
1903	0	
1904	0	
1905	0	
1906	0	
1907	0	
1908	0	
1909	0	
1910	0	
1911	0	
1912	0	
1913	0	
1914	0	
1915	0	
1916	0	
1917	0	
1918	0	
1919	0	
1920	0	
1921	0	
1922	0	
1923	0	
1924	0	
1925	0	
1926	0	
1927	0	
1928	0	
1929	0	
1930	0	
1931	0	
1932	0	
1933	0	
1934	0	
1935	0	
1936	0	
1937	0	
1938	0	
1939	0	
1940	0	
1941	0	
1942	0	
1943	0	
1944	0	
1945	0	
1946	0	
1947	0	
1948	0	
1949	0	
1950	0	
1951	0	
1952	0	
1953	0	
1954	0	
1955	0	
1956	0	
1957	0	
1958	0	
1959	0	
1960	0	
1961	0	
1962	0	
1963	0	
1964	0	
1965	0	
1966	0	
1967	0	
1968	0	
1969	0	
1970	0	
1971	0	
1972	2.500000e-005	
1973	7.500000e-005	
1974	1.250000e-004	
1975	2.500000e-005	
1976	2.500000e-005	
1977	2.500000e-005	
1978	5.000000e-005	
1979	2.500000e-005	
1980	2.500000e-005	
1981	2.500000e-005	
1982	7.500000e-005	
1983	7.500000e-005	
1984	2.500000e-005	
1985	5.000000e-005	
1986	1.500000e-004	
1987	2.000000e-004	
1988	1.250000e-004	
1989	1.250000e-004	
1990	1.750000e-004	
1991	2.500000e-004	
1992	2.500000e-004	
1993	2.750000e-004	
1994	3.500000e-004	
1995	3.500000e-004	
1996	2.250000e-004	
1997	2.500000e-004	
1998	3.500000e-004	
1999	4.000000e-004	
2000	3.000000e-004	
2001	1.500000e-004	
2002	1.250000e-004	
2003	1.750000e-004	
2004	1.500000e-004	
2005	2.000000e-004	
2006	2.000000e-004	
2007	1.750000e-004	
2008	1.250000e-004	
2009	2.500000e-005	
2010	7.500000e-005	
2011	1.000000e-004	
2012	1.000000e-004	
2013	1.750000e-004	
2014	1.500000e-004	
2015	7.500000e-005	
2016	0	
2017	0	
2018	0	
2019	0	
2020	2.500000e-005	
2021	7.500000e-005	
2022	7.500000e-005	
2023	1.000000e-004	
2024	1.750000e-004	
2025	1.000000e-004	
2026	1.500000e-004	
2027	1.000000e-004	
2028	1.250000e-004	
2029	2.500000e-005	
2030	2.500000e-005	
2031	2.500000e-005	
2032	5.000000e-005	
2033	7.500000e-005	
2034	5.000000e-005	
2035	1.250000e-004	
2036	1.000000e-004	
2037	1.000000e-004	
2038	1.500000e-004	
2039	1.250000e-004	
2040	7.500000e-005	
2041	5.000000e-005	
2042	7.500000e-005	
2043	1.500000e-004	
2044	1.000000e-004	
2045	1.750000e-004	
2046	7.500000e-005	
2047	5.000000e-005	
2048	7.500000e-005	
2049	1.000000e-004	
2050	1.750000e-004	
2051	2.000000e-004	
2052	2.250000e-004	
2053	2.750000e-004	
2054	1.750000e-004	
2055	2.000000e-004	
2056	3.500000e-004	
2057	4.000000e-004	
2058	3.000000e-004	
2059	3.500000e-004	
2060	3.000000e-004	
2061	5.750000e-004	
2062	5.500000e-004	
2063	6.000000e-004	
2064	5.750000e-004	
2065	5.500000e-004	
2066	6.750000e-004	
2067	7.750000e-004	
2068	7.750000e-004	
2069	7.500000e-004	
2070	1.000000e-003	
2071	1.000000e-003	
2072	1.225000e-003	
2073	1.125000e-003	
2074	1.125000e-003	
2075	1.375000e-003	
2076	1.100000e-003	
2077	9.500000e-004	
2078	8.750000e-004	
2079	9.500000e-004	
2080	1.025000e-003	
2081	1.075000e-003	
2082	1.550000e-003	
2083	1.750000e-003	
2084	1.750000e-003	
2085	1.825000e-003	
2086	1.725000e-003	
2087	1.575000e-003	
2088	1.700000e-003	
2089	1.850000e-003	
2090	1.825000e-003	
2091	1.850000e-003	
2092	2.125000e-003	
2093	2.975000e-003	
2094	2.775000e-003	
2095	2.925000e-003	
2096	3.125000e-003	
2097	3.275000e-003	
2098	3.250000e-003	
2099	3.600000e-003	
2100	3.400000e-003	
2101	4.025000e-003	
2102	4.200000e-003	
2103	4.450000e-003	
2104	4.700000e-003	
2105	4.875000e-003	
2106	4.275000e-003	
2107	4.350000e-003	
2108	4.600000e-003	
2109	4.575000e-003	
2110	5.000000e-003	
2111	4.550000e-003	
2112	4.525000e-003	
2113	4.575000e-003	
2114	4.475000e-003	
2115	5.250000e-003	
2116	5.500000e-003	
2117	5.550000e-003	
2118	5.325000e-003	
2119	5.525000e-003	
2120	5.975000e-003	
2121	5.800000e-003	
2122	5.975000e-003	
2123	5.750000e-003	
2124	5.875000e-003	
2125	5.725000e-003	
2126	5.775000e-003	
2127	5.575000e-003	
2128	5.300000e-003	
2129	5.625000e-003	
2130	5.325000e-003	
2131	5.625000e-003	
2132	6.175000e-003	
2133	6.675000e-003	
2134	6.925000e-003	
2135	7.000000e-003	
2136	6.550000e-003	
2137	6.925000e-003	
2138	7.750000e-003	
2139	7.800000e-003	
2140	7.775000e-003	
2141	7.625000e-003	
2142	7.075000e-003	
2143	6.750000e-003	
2144	6.900000e-003	
2145	7.700000e-003	
2146	7.250000e-003	
2147	7.525000e-003	
2148	7.550000e-003	
2149	6.550000e-003	
2150	6.750000e-003	
2151	6.600000e-003	
2152	6.225000e-003	
2153	5.800000e-003	
2154	5.400000e-003	
2155	5.150000e-003	
2156	5.125000e-003	
2157	4.700000e-003	
2158	3.950000e-003	
2159	3.725000e-003	
2160	4.250000e-003	
2161	3.750000e-003	
2162	3.850000e-003	
2163	3.175000e-003	
2164	3.225000e-003	
2165	3.400000e-003	
2166	3.150000e-003	
2167	3.400000e-003	
2168	3.300000e-003	
2169	2.900000e-003	
2170	2.625000e-003	
2171	2.600000e-003	
2172	2.950000e-003	
2173	2.775000e-003	
2174	1.850000e-003	
2175	1.775000e-003	
2176	1.575000e-003	
2177	1.250000e-003	
2178	9.750000e-004	
2179	7.000000e-004	
2180	5.000000e-004	
2181	2.750000e-004	
2182	2.250000e-004	
2183	1.750000e-004	
2184	1.750000e-004	
2185	5.000000e-005	
2186	0	
2187	0	
2188	0	
2189	0	
2190	0	
2191	0	
2192	0	
2193	0	
2194	0	
2195	0	
2196	0	
2197	0	
2198	0	
2199	0	
2200	0	
2201	0	
2202	0	
2203	0	
2204	0	
2205	0	
2206	0	
2207	0	
2208	0	
2209	0	
2210	0	
2211	0	
2212	0	
2213	0	
2214	0	
2215	0	
2216	0	
2217	0	
2218	0	
2219	0	
2220	0	
2221	0	
2222	0	
2223	0	
2224	0	
2225	0	
2226	0	
2227	0	
2228	0	
2229	0	
2230	0	
2231	0	
2232	0	
2233	0	
2234	0	
2235	0	
2236	0	
2237	0	
2238	0	
2239	0	
2240	0	
2241	0	
2242	0	
2243	0	
2244	0	
2245	0	
2246	0	
2247	0	
2248	0	
2249	0	
2250	0	
2251	0	
2252	0	
2253	0	
2254	0	
2255	0	
2256	0	
2257	0	
2258	0	
2259	0	
2260	0	
2261	0	
2262	0	
2263	0	
2264	0	
2265	0	
2266	0	
2267	0	
2268	0	
2269	0	
2270	0	
2271	0	
2272	0	
2273	0	
2274	0	
2275	0	
2276	0	
2277	0	
2278	0	
2279	0	
2280	0	
2281	0	
2282	0	
2283	0	
2284	0	
2285	0	
2286	0	
2287	0	
2288	0	
2289	0	
2290	0	
2291	0	
2292	0	
2293	0	
2294	0	
2295	0	
2296	0	
2297	0	
2298	0	
2299	0	
2300	0	
2301	0	
2302	0	
2303	0	
2304	0	
2305	0	
2306	0	
2307	0	
2308	0	
2309	0	
2310	0	
2311	0	
2312	0	
2313	0	
2314	0	
2315	0	
2316	0	
2317	0	
2318	0	
2319	0	
2320	0	
2321	0	
2322	0	
2323	0	
2324	0	
2325	0	
2326	0	
2327	0	
2328	2.500000e-005	
2329	7.500000e-005	
2330	2.500000e-005	
2331	0	
2332	0	
2333	0	
2334	2.500000e-005	
2335	5.000000e-005	
2336	5.000000e-005	
2337	1.750000e-004	
2338	1.250000e-004	
2339	1.000000e-004	
2340	1.000000e-004	
2341	1.000000e-004	
2342	1.000000e-004	
2343	1.250000e-004	
2344	2.500000e-004	
2345	2.000000e-004	
2346	2.250000e-004	
2347	1.500000e-004	
2348	1.750000e-004	
2349	2.500000e-004	
2350	2.500000e-004	
2351	3.000000e-004	
2352	2.500000e-004	
2353	2.000000e-004	
2354	1.750000e-004	
2355	1.500000e-004	
2356	1.000000e-004	
2357	1.250000e-004	
2358	1.250000e-004	
2359	1.250000e-004	
2360	5.000000e-005	
2361	0	
2362	0	
2363	0	
2364	0	
2365	0	
2366	0	
2367	0	
2368	0	
2369	0	
2370	0	
2371	0	
2372	0	
2373	0	
2374	0	
2375	0	
2376	0	
2377	0	
2378	0	
2379	0	
2380	0	
2381	0	
2382	0	
2383	0	
2384	0	
2385	0	
2386	0	
2387	0	
2388	0	
2389	0	
2390	0	
2391	0	
2392	0	
2393	0	
2394	0	
2395	0	
2396	0	
2397	0	
2398	0	
2399	0	
2400	0	
2401	0	
2402	0	
2403	0	
2404	0	
2405	0	
2406	0	
2407	0	
2408	0	
2409	0	
2410	0	
2411	0	
2412	0	
2413	0	
2414	0	
2415	0	
2416	0	
2417	0	
2418	0	
2419	0	
2420	0	
2421	0	
2422	0	
2423	0	
2424	0	
2425	0	
2426	0	
2427	0	
2428	0	
2429	0	
2430	0	
2431	0	
2432	0	
2433	0	
2434	0	
2435	0	
2436	0	
2437	0	
2438	0	
2439	0	
2440	0	
2441	0	
2442	0	
2443	0	
2444	0	
2445	0	
2446	0	
2447	0	
2448	0	
2449	0	
2450	0	
2451	0	
2452	0	
2453	0	
2454	0	
2455	0	
2456	0	
2457	0	
2458	0	
2459	0	
2460	0	
2461	0	
2462	0	
2463	0	
2464	0	
2465	0	
2466	0	
2467	0	
2468	0	
2469	0	
2470	0	
2471	0	
2472	0	
2473	0	
2474	0	
2475	0	
2476	0	
2477	0	
2478	0	
2479	0	
2480	0	
2481	0	
2482	0	
2483	0	
2484	0	
2485	0	
2486	0	
2487	0	
2488	0	
2489	0	
2490	0	
2491	0	
2492	0	
2493	0	
2494	0	
2495	0	
2496	0	
2497	0	
2498	0	
2499	0	
2500	0	
2501	0	
2502	0	
2503	0	
2504	0	
2505	0	
2506	0	
2507	0	
2508	0	
2509	2.500000e-005	
2510	5.000000e-005	
2511	7.500000e-005	
2512	2.500000e-005	
2513	2.500000e-005	
2514	0	
2515	0	
2516	2.500000e-005	
2517	2.500000e-005	
2518	2.500000e-005	
2519	0	
2520	0	
2521	0	
2522	0	
2523	0	
2524	0	
2525	0	
2526	0	
2527	0	
2528	2.500000e-005	
2529	7.500000e-005	
2530	2.500000e-005	
2531	2.500000e-005	
2532	5.000000e-005	
2533	0	
2534	0	
2535	0	
2536	0	
2537	0	
2538	0	
2539	0	
2540	0	
2541	0	
2542	0	
2543	0	
2544	0	
2545	0	
2546	0	
2547	0	
2548	0	
2549	0	
2550	0	
2551	0	
2552	0	
2553	0	
2554	0	
2555	0	
2556	0	
2557	0	
2558	0	
2559	0	
2560	0	
2561	0	
2562	0	
2563	0	
2564	0	
2565	0	
2566	0	
2567	0	
2568	0	
2569	0	
2570	0	
2571	0	
2572	0	
2573	0	
2574	0	
2575	0	
2576	0	
2577	0	
2578	0	
2579	0	
2580	0	
2581	0	
2582	0	
2583	0	
2584	0	
2585	0	
2586	0	
2587	0	
2588	0	
2589	0	
2590	0	
2591	0	
2592	0	
2593	0	
2594	0	
2595	0	
2596	0	
2597	0	
2598	0	
2599	0	
2600	0	
2601	0	
2602	0	
2603	0	
2604	0	
2605	0	
2606	0	
2607	0	
2608	0	
2609	0	
2610	0	
2611	0	
2612	0	
2613	2.500000e-005	
2614	5.000000e-005	
2615	2.500000e-005	
2616	7.500000e-005	
2617	5.000000e-005	
2618	5.000000e-005	
2619	5.000000e-005	
2620	1.000000e-004	
2621	2.500000e-005	
2622	2.500000e-005	
2623	0	
2624	0	
2625	0	
2626	0	
2627	0	
2628	0	
2629	0	
2630	0	
2631	0	
2632	0	
2633	0	
2634	0	
2635	0	
2636	0	
2637	0	
2638	0	
2639	0	
2640	0	
2641	0	
2642	0	
2643	0	
2644	0	
2645	0	
2646	0	
2647	0	
2648	0	
2649	0	
2650	0	
2651	0	
2652	0	
2653	0	
2654	0	
2655	0	
2656	0	
2657	0	
2658	0	
2659	0	
2660	0	
2661	0	
2662	0	
2663	0	
2664	0	
2665	0	
2666	0	
2667	0	
2668	0	
2669	0	
2670	0	
2671	0	
2672	0	
2673	0	
2674	0	
2675	0	
2676	0	
2677	0	
2678	0	
2679	0	
2680	0	
2681	0	
2682	0	
2683	0	
2684	0	
2685	0	
2686	0	
2687	0	
2688	0	
2689	0	
2690	0	
2691	0	
2692	0	
2693	0	
2694	0	
2695	0	
2696	0	
2697	0	
2698	0	
2699	0	
2700	0	
2701	0	
2702	0	
2703	0	
2704	0	
2705	0	
2706	0	
2707	0	
2708	0	
2709	0	
2710	0	
2711	0	
2712	0	
2713	0	
2714	0	
2715	0	
2716	0	
2717	0	
2718	0	
2719	0	
2720	0	
2721	0	
2722	0	
2723	0	
2724	0	
2725	0	
2726	0	
2727	0	
2728	0	
2729	0	
2730	0	
2731	0	
2732	0	
2733	0	
2734	0	
2735	0	
2736	0	
2737	0	
2738	0	
2739	0	
2740	0	
2741	0	
2742	0	
2743	0	
2744	0	
2745	0	
2746	0	
2747	2.500000e-005	
2748	7.500000e-005	
2749	1.250000e-004	
2750	1.250000e-004	
2751	1.250000e-004	
2752	1.500000e-004	
2753	1.500000e-004	
2754	2.000000e-004	
2755	2.250000e-004	
2756	2.750000e-004	
2757	2.750000e-004	
2758	2.500000e-004	
2759	3.250000e-004	
2760	4.000000e-004	
2761	7.250000e-004	
2762	6.000000e-004	
2763	8.250000e-004	
2764	7.750000e-004	
2765	7.000000e-004	
2766	8.500000e-004	
2767	9.250000e-004	
2768	1.100000e-003	
2769	1.250000e-003	
2770	1.325000e-003	
2771	1.125000e-003	
2772	1.100000e-003	
2773	1.525000e-003	
2774	1.625000e-003	
2775	1.500000e-003	
2776	1.125000e-003	
2777	1.325000e-003	
2778	1.350000e-003	
2779	1.475000e-003	
2780	1.825000e-003	
2781	1.875000e-003	
2782	1.750000e-003	
2783	1.600000e-003	
2784	1.525000e-003	
2785	1.575000e-003	
2786	1.700000e-003	
2787	1.750000e-003	
2788	1.925000e-003	
2789	2.275000e-003	
2790	2.350000e-003	
2791	1.975000e-003	
2792	2.350000e-003	
2793	2.250000e-003	
2794	2.650000e-003	
2795	3.050000e-003	
2796	2.750000e-003	
2797	2.950000e-003	
2798	3.025000e-003	
2799	2.750000e-003	
2800	2.800000e-003	
2801	2.750000e-003	
2802	3.000000e-003	
2803	2.975000e-003	
2804	3.400000e-003	
2805	3.350000e-003	
2806	3.450000e-003	
2807	3.375000e-003	
2808	3.625000e-003	
2809	4.000000e-003	
2810	4.350000e-003	
2811	4.775000e-003	
2812	4.850000e-003	
2813	4.950000e-003	
2814	5.150000e-003	
2815	4.675000e-003	
2816	5.275000e-003	
2817	5.525000e-003	
2818	4.800000e-003	
2819	4.725000e-003	
2820	4.400000e-003	
2821	4.400000e-003	
2822	4.825000e-003	
2823	5.050000e-003	
2824	4.500000e-003	
2825	4.200000e-003	
2826	4.525000e-003	
2827	4.625000e-003	
2828	5.150000e-003	
2829	5.100000e-003	
2830	4.900000e-003	
2831	4.650000e-003	
2832	5.225000e-003	
2833	5.475000e-003	
2834	5.500000e-003	
2835	6.075000e-003	
2836	6.525000e-003	
2837	6.500000e-003	
2838	6.425000e-003	
2839	6.850000e-003	
2840	7.625000e-003	
2841	8.175000e-003	
2842	7.900000e-003	
2843	7.750000e-003	
2844	7.600000e-003	
2845	7.350000e-003	
2846	7.125000e-003	
2847	6.600000e-003	
2848	7.075000e-003	
2849	6.975000e-003	
2850	7.200000e-003	
2851	6.725000e-003	
2852	7.475000e-003	
2853	7.800000e-003	
2854	8.275000e-003	
2855	7.925000e-003	
2856	7.375000e-003	
2857	7.175000e-003	
2858	7.300000e-003	
2859	6.875000e-003	
2860	6.500000e-003	
2861	6.600000e-003	
2862	5.900000e-003	
2863	5.650000e-003	
2864	5.750000e-003	
2865	6.150000e-003	
2866	5.075000e-003	
2867	4.400000e-003	
2868	3.700000e-003	
2869	3.475000e-003	
2870	3.250000e-003	
2871	2.750000e-003	
2872	2.450000e-003	
2873	2.250000e-003	
2874	1.800000e-003	
2875	2.000000e-003	
2876	2.025000e-003	
2877	2.400000e-003	
2878	1.900000e-003	
2879	1.550000e-003	
2880	1.575000e-003	
2881	1.400000e-003	
2882	1.250000e-003	
2883	9.750000e-004	
2884	7.500000e-004	
2885	7.500000e-004	
2886	5.500000e-004	
2887	1.750000e-004	
2888	1.000000e-004	
2889	7.500000e-005	
2890	2.500000e-005	
2891	2.500000e-005	
2892	2.500000e-005	
2893	0	
2894	0	
2895	0	
2896	0	
2897	0	
2898	0	
2899	0	
2900	0	
2901	0	
2902	0	
2903	0	
2904	0	
2905	0	
2906	0	
2907	0	
2908	0	
2909	0	
2910	0	
2911	0	
2912	0	
2913	0	
2914	0	
2915	0	
2916	0	
2917	0	
2918	0	
2919	0	
2920	0	
2921	0	
2922	0	
2923	0	
2924	0	
2925	0	
2926	0	
2927	0	
2928	0	
2929	0	
2930	0	
2931	0	
2932	0	
2933	0	
2934	0	
2935	0	
2936	0	
2937	0	
2938	0	
2939	0	
2940	0	
2941	0	
2942	0	
2943	2.500000e-005	
2944	2.500000e-005	
2945	0	
2946	0	
2947	0	
2948	0	
2949	0	
2950	0	
2951	0	
2952	0	
2953	0	
2954	0	
2955	0	
2956	0	
2957	0	
2958	0	
2959	0	
2960	0	
2961	0	
2962	0	
2963	0	
2964	0	
2965	0	
2966	0	
2967	0	
2968	0	
2969	0	
2970	0	
2971	0	
2972	0	
2973	0	
2974	0	
2975	0	
2976	0	
2977	0	
2978	0	
2979	0	
2980	0	
2981	0	
2982	0	
2983	0	
2984	0	
2985	0	
2986	0	
2987	0	
2988	0	
2989	0	
2990	0	
2991	0	
2992	0	
2993	0	
2994	0	
2995	0	
2996	0	
2997	0	
2998	0	
2999	0	
3000	0	
3001	0	
