1	4.967480e-001	4.952680e-001	0	
2	4.962720e-001	4.957440e-001	0	
3	4.958000e-001	4.962120e-001	4.000000e-006	
4	4.952480e-001	4.967560e-001	1.200000e-005	
5	4.947560e-001	4.972440e-001	1.600000e-005	
6	4.942640e-001	4.977200e-001	3.200000e-005	
7	4.937040e-001	4.982760e-001	3.600000e-005	
8	4.932840e-001	4.986920e-001	4.000000e-005	
9	4.927440e-001	4.992160e-001	5.600000e-005	
10	4.924000e-001	4.995400e-001	7.600000e-005	
11	4.919560e-001	4.999960e-001	6.400000e-005	
12	4.914800e-001	5.004680e-001	6.800000e-005	
13	4.911360e-001	5.008000e-001	8.000000e-005	
14	4.907040e-001	5.012400e-001	7.200000e-005	
15	4.903040e-001	5.015960e-001	1.160000e-004	
16	4.899440e-001	5.019520e-001	1.200000e-004	
17	4.895240e-001	5.023240e-001	1.680000e-004	
18	4.891040e-001	5.027480e-001	1.640000e-004	
19	4.887800e-001	5.031000e-001	1.360000e-004	
20	4.884720e-001	5.034040e-001	1.400000e-004	
21	4.880760e-001	5.038040e-001	1.360000e-004	
22	4.876920e-001	5.041760e-001	1.480000e-004	
23	4.874120e-001	5.044400e-001	1.640000e-004	
24	4.870960e-001	5.047240e-001	1.960000e-004	
25	4.867960e-001	5.050040e-001	2.160000e-004	
26	4.865600e-001	5.052840e-001	1.720000e-004	
27	4.862320e-001	5.055800e-001	2.040000e-004	
28	4.859640e-001	5.057920e-001	2.600000e-004	
29	4.857480e-001	5.059440e-001	3.240000e-004	
30	4.856000e-001	5.060880e-001	3.280000e-004	
31	4.853160e-001	5.063400e-001	3.600000e-004	
32	4.851680e-001	5.064720e-001	3.760000e-004	
33	4.851240e-001	5.065560e-001	3.360000e-004	
34	4.849520e-001	5.067160e-001	3.480000e-004	
35	4.848520e-001	5.068200e-001	3.440000e-004	
36	4.847480e-001	5.069040e-001	3.640000e-004	
37	4.846040e-001	5.070640e-001	3.480000e-004	
38	4.844280e-001	5.072400e-001	3.480000e-004	
39	4.843080e-001	5.073600e-001	3.480000e-004	
40	4.841640e-001	5.074880e-001	3.640000e-004	
41	4.840360e-001	5.075840e-001	3.960000e-004	
42	4.839400e-001	5.076240e-001	4.520000e-004	
43	4.839120e-001	5.075040e-001	6.000000e-004	
44	4.839840e-001	5.073880e-001	6.440000e-004	
45	4.841840e-001	5.071600e-001	6.720000e-004	
46	4.843480e-001	5.068400e-001	8.280000e-004	
47	4.847160e-001	5.063680e-001	9.320000e-004	
48	4.851720e-001	5.058160e-001	1.028000e-003	
49	4.857680e-001	5.051520e-001	1.096000e-003	
50	4.864440e-001	5.044520e-001	1.120000e-003	
51	4.870120e-001	5.036920e-001	1.312000e-003	
52	4.877640e-001	5.028360e-001	1.416000e-003	
53	4.886600e-001	5.018760e-001	1.480000e-003	
54	4.896560e-001	5.007600e-001	1.600000e-003	
55	4.907680e-001	4.996200e-001	1.628000e-003	
56	4.919720e-001	4.982560e-001	1.788000e-003	
57	4.932800e-001	4.967880e-001	1.948000e-003	
58	4.947600e-001	4.953120e-001	1.944000e-003	
59	4.962720e-001	4.936280e-001	2.116000e-003	
60	4.979040e-001	4.920000e-001	2.112000e-003	
61	4.994400e-001	4.904960e-001	2.080000e-003	
62	5.009720e-001	4.888600e-001	2.184000e-003	
63	5.026160e-001	4.870600e-001	2.340000e-003	
64	5.044840e-001	4.851640e-001	2.368000e-003	
65	5.063240e-001	4.832960e-001	2.396000e-003	
66	5.082720e-001	4.811640e-001	2.580000e-003	
67	5.103160e-001	4.791560e-001	2.544000e-003	
68	5.123600e-001	4.771000e-001	2.556000e-003	
69	5.144480e-001	4.749760e-001	2.592000e-003	
70	5.165000e-001	4.727080e-001	2.808000e-003	
71	5.188160e-001	4.702600e-001	2.940000e-003	
72	5.212000e-001	4.678160e-001	3.000000e-003	
73	5.237320e-001	4.650880e-001	3.196000e-003	
74	5.264160e-001	4.621800e-001	3.420000e-003	
75	5.293680e-001	4.591240e-001	3.524000e-003	
76	5.323280e-001	4.558320e-001	3.856000e-003	
77	5.356840e-001	4.523960e-001	3.936000e-003	
78	5.390640e-001	4.488680e-001	4.084000e-003	
79	5.426600e-001	4.453080e-001	4.048000e-003	
80	5.461400e-001	4.417240e-001	4.152000e-003	
81	5.497160e-001	4.381280e-001	4.172000e-003	
82	5.533560e-001	4.343400e-001	4.320000e-003	
83	5.571880e-001	4.303080e-001	4.520000e-003	
84	5.611320e-001	4.261960e-001	4.688000e-003	
85	5.653000e-001	4.219120e-001	4.804000e-003	
86	5.696040e-001	4.173520e-001	5.060000e-003	
87	5.741000e-001	4.129320e-001	4.984000e-003	
88	5.784640e-001	4.085680e-001	4.984000e-003	
89	5.829000e-001	4.040640e-001	5.052000e-003	
90	5.872760e-001	3.996320e-001	5.108000e-003	
91	5.917920e-001	3.951680e-001	5.056000e-003	
92	5.962560e-001	3.909040e-001	4.856000e-003	
93	6.004520e-001	3.868160e-001	4.748000e-003	
94	6.046400e-001	3.825320e-001	4.844000e-003	
95	6.087960e-001	3.784760e-001	4.744000e-003	
96	6.128440e-001	3.744280e-001	4.744000e-003	
97	6.169760e-001	3.702680e-001	4.772000e-003	
98	6.210440e-001	3.661280e-001	4.844000e-003	
99	6.253040e-001	3.618640e-001	4.848000e-003	
100	6.294920e-001	3.577400e-001	4.784000e-003	
101	6.335920e-001	3.535480e-001	4.876000e-003	
102	6.378760e-001	3.490320e-001	5.108000e-003	
103	6.423160e-001	3.442520e-001	5.448000e-003	
104	6.471000e-001	3.396680e-001	5.248000e-003	
105	6.517040e-001	3.350000e-001	5.312000e-003	
106	6.563920e-001	3.304520e-001	5.172000e-003	
107	6.608920e-001	3.260720e-001	5.052000e-003	
108	6.652760e-001	3.215640e-001	5.176000e-003	
109	6.698120e-001	3.173480e-001	4.856000e-003	
110	6.740360e-001	3.132640e-001	4.716000e-003	
111	6.780400e-001	3.093720e-001	4.604000e-003	
112	6.819080e-001	3.053560e-001	4.752000e-003	
113	6.860400e-001	3.010360e-001	4.940000e-003	
114	6.903320e-001	2.966160e-001	5.068000e-003	
115	6.947040e-001	2.924480e-001	4.864000e-003	
116	6.989440e-001	2.880960e-001	4.976000e-003	
117	7.032040e-001	2.838360e-001	4.976000e-003	
118	7.075160e-001	2.796640e-001	4.836000e-003	
119	7.116200e-001	2.756760e-001	4.720000e-003	
120	7.156560e-001	2.714000e-001	4.960000e-003	
121	7.198600e-001	2.671640e-001	4.992000e-003	
122	7.241760e-001	2.630200e-001	4.820000e-003	
123	7.282320e-001	2.591320e-001	4.652000e-003	
124	7.321280e-001	2.552280e-001	4.660000e-003	
125	7.361600e-001	2.510680e-001	4.788000e-003	
126	7.401960e-001	2.469560e-001	4.864000e-003	
127	7.443920e-001	2.425080e-001	5.116000e-003	
128	7.487800e-001	2.382400e-001	4.996000e-003	
129	7.530800e-001	2.339760e-001	4.960000e-003	
130	7.572400e-001	2.299560e-001	4.820000e-003	
131	7.613040e-001	2.258360e-001	4.876000e-003	
132	7.654280e-001	2.219760e-001	4.612000e-003	
133	7.693200e-001	2.180520e-001	4.644000e-003	
134	7.730880e-001	2.146040e-001	4.324000e-003	
135	7.766520e-001	2.111520e-001	4.212000e-003	
136	7.800560e-001	2.076480e-001	4.312000e-003	
137	7.836040e-001	2.041760e-001	4.236000e-003	
138	7.871640e-001	2.007160e-001	4.136000e-003	
139	7.905880e-001	1.974120e-001	4.016000e-003	
140	7.937880e-001	1.941040e-001	4.124000e-003	
141	7.971040e-001	1.905520e-001	4.360000e-003	
142	8.006000e-001	1.875280e-001	3.888000e-003	
143	8.036640e-001	1.847000e-001	3.652000e-003	
144	8.065280e-001	1.818120e-001	3.676000e-003	
145	8.093480e-001	1.791440e-001	3.524000e-003	
146	8.121040e-001	1.763760e-001	3.536000e-003	
147	8.148920e-001	1.734480e-001	3.676000e-003	
148	8.177120e-001	1.705760e-001	3.728000e-003	
149	8.207080e-001	1.678040e-001	3.504000e-003	
150	8.234120e-001	1.651600e-001	3.444000e-003	
151	8.259760e-001	1.627200e-001	3.320000e-003	
152	8.284600e-001	1.603960e-001	3.160000e-003	
153	8.307480e-001	1.579160e-001	3.352000e-003	
154	8.332440e-001	1.553720e-001	3.400000e-003	
155	8.357240e-001	1.529520e-001	3.340000e-003	
156	8.380920e-001	1.508520e-001	3.072000e-003	
157	8.402600e-001	1.487240e-001	3.032000e-003	
158	8.424440e-001	1.463480e-001	3.224000e-003	
159	8.448760e-001	1.438880e-001	3.252000e-003	
160	8.472640e-001	1.415960e-001	3.156000e-003	
161	8.495000e-001	1.394400e-001	3.076000e-003	
162	8.517240e-001	1.373120e-001	2.980000e-003	
163	8.538560e-001	1.352360e-001	2.924000e-003	
164	8.559880e-001	1.328960e-001	3.132000e-003	
165	8.582440e-001	1.306480e-001	3.124000e-003	
166	8.605920e-001	1.284520e-001	2.972000e-003	
167	8.626560e-001	1.265800e-001	2.780000e-003	
168	8.646840e-001	1.245120e-001	2.820000e-003	
169	8.665960e-001	1.228360e-001	2.584000e-003	
170	8.682760e-001	1.210280e-001	2.712000e-003	
171	8.701440e-001	1.193160e-001	2.556000e-003	
172	8.717840e-001	1.176520e-001	2.580000e-003	
173	8.735160e-001	1.158880e-001	2.612000e-003	
174	8.752600e-001	1.145360e-001	2.220000e-003	
175	8.765880e-001	1.131640e-001	2.264000e-003	
176	8.779960e-001	1.118320e-001	2.188000e-003	
177	8.792720e-001	1.107000e-001	2.044000e-003	
178	8.803240e-001	1.097680e-001	1.924000e-003	
179	8.813840e-001	1.087400e-001	1.892000e-003	
180	8.822880e-001	1.078080e-001	1.920000e-003	
181	8.832760e-001	1.067880e-001	1.952000e-003	
182	8.843960e-001	1.056840e-001	1.936000e-003	
183	8.855200e-001	1.045920e-001	1.904000e-003	
184	8.867440e-001	1.034000e-001	1.872000e-003	
185	8.877160e-001	1.025480e-001	1.752000e-003	
186	8.885520e-001	1.017960e-001	1.668000e-003	
187	8.892760e-001	1.011400e-001	1.600000e-003	
188	8.899040e-001	1.005360e-001	1.576000e-003	
189	8.905760e-001	9.984800e-002	1.592000e-003	
190	8.912560e-001	9.923600e-002	1.524000e-003	
191	8.918240e-001	9.869200e-002	1.500000e-003	
192	8.923360e-001	9.825600e-002	1.424000e-003	
193	8.928680e-001	9.781600e-002	1.332000e-003	
194	8.932640e-001	9.737600e-002	1.376000e-003	
195	8.938080e-001	9.700400e-002	1.204000e-003	
196	8.941000e-001	9.669600e-002	1.220000e-003	
197	8.944520e-001	9.638000e-002	1.184000e-003	
198	8.947520e-001	9.616400e-002	1.100000e-003	
199	8.949480e-001	9.598000e-002	1.088000e-003	
200	8.950520e-001	9.594800e-002	1.016000e-003	
201	8.951600e-001	9.582800e-002	1.028000e-003	
202	8.952360e-001	9.588800e-002	8.920000e-004	
203	8.951840e-001	9.590400e-002	9.280000e-004	
204	8.953160e-001	9.584000e-002	8.600000e-004	
205	8.952680e-001	9.596800e-002	7.800000e-004	
206	8.951960e-001	9.606400e-002	7.560000e-004	
207	8.949960e-001	9.624000e-002	7.800000e-004	
208	8.948560e-001	9.643600e-002	7.240000e-004	
209	8.946480e-001	9.657600e-002	7.920000e-004	
210	8.945520e-001	9.676800e-002	6.960000e-004	
211	8.943680e-001	9.702800e-002	6.200000e-004	
212	8.941440e-001	9.727200e-002	6.000000e-004	
213	8.936760e-001	9.773600e-002	6.040000e-004	
214	8.934680e-001	9.793200e-002	6.160000e-004	
215	8.930960e-001	9.837200e-002	5.480000e-004	
216	8.928280e-001	9.865600e-002	5.320000e-004	
217	8.924640e-001	9.907200e-002	4.800000e-004	
218	8.921040e-001	9.944000e-002	4.720000e-004	
219	8.917200e-001	9.981600e-002	4.800000e-004	
220	8.912640e-001	1.003680e-001	3.840000e-004	
221	8.907800e-001	1.008600e-001	3.760000e-004	
222	8.903040e-001	1.013400e-001	3.720000e-004	
223	8.898000e-001	1.018120e-001	4.040000e-004	
224	8.893120e-001	1.023320e-001	3.720000e-004	
225	8.887640e-001	1.029760e-001	2.760000e-004	
226	8.881040e-001	1.035720e-001	3.400000e-004	
227	8.875280e-001	1.042440e-001	2.440000e-004	
228	8.868520e-001	1.049520e-001	2.120000e-004	
229	8.861520e-001	1.056720e-001	1.920000e-004	
230	8.854360e-001	1.063600e-001	2.200000e-004	
231	8.848120e-001	1.070600e-001	1.440000e-004	
232	8.840520e-001	1.078200e-001	1.440000e-004	
233	8.832760e-001	1.086720e-001	6.800000e-005	
234	8.824200e-001	1.095640e-001	3.200000e-005	
235	8.815520e-001	1.104480e-001	1.600000e-005	
236	8.806440e-001	1.113680e-001	4.000000e-006	
237	8.797400e-001	1.122760e-001	0	
238	8.788840e-001	1.131320e-001	0	
239	8.779560e-001	1.140600e-001	0	
240	8.771040e-001	1.149120e-001	0	
241	8.761960e-001	1.158200e-001	0	
242	8.753600e-001	1.166560e-001	0	
243	8.743960e-001	1.176200e-001	0	
244	8.735000e-001	1.185160e-001	0	
245	8.725440e-001	1.194720e-001	0	
246	8.716840e-001	1.203320e-001	0	
247	8.708560e-001	1.211600e-001	0	
248	8.699120e-001	1.221040e-001	0	
249	8.690160e-001	1.230000e-001	0	
250	8.682000e-001	1.238160e-001	0	
251	8.673680e-001	1.246480e-001	0	
252	8.663800e-001	1.256360e-001	0	
253	8.654640e-001	1.265520e-001	0	
254	8.645840e-001	1.274320e-001	0	
255	8.635920e-001	1.284200e-001	4.000000e-006	
256	8.626480e-001	1.293680e-001	0	
257	8.616760e-001	1.303400e-001	0	
258	8.608000e-001	1.312160e-001	0	
259	8.599800e-001	1.320320e-001	4.000000e-006	
260	8.591000e-001	1.329120e-001	4.000000e-006	
261	8.582600e-001	1.337560e-001	0	
262	8.573400e-001	1.346760e-001	0	
263	8.564760e-001	1.355400e-001	0	
264	8.555680e-001	1.364480e-001	0	
265	8.548160e-001	1.372000e-001	0	
266	8.539960e-001	1.380200e-001	0	
267	8.531320e-001	1.388840e-001	0	
268	8.522720e-001	1.397440e-001	0	
269	8.513920e-001	1.406240e-001	0	
270	8.505440e-001	1.414720e-001	0	
271	8.496680e-001	1.423480e-001	0	
272	8.487840e-001	1.432320e-001	0	
273	8.479440e-001	1.440720e-001	0	
274	8.471440e-001	1.448720e-001	0	
275	8.463400e-001	1.456760e-001	0	
276	8.454840e-001	1.465320e-001	0	
277	8.446240e-001	1.473920e-001	0	
278	8.436800e-001	1.483360e-001	0	
279	8.428200e-001	1.491960e-001	0	
280	8.420480e-001	1.499680e-001	0	
281	8.411560e-001	1.508600e-001	0	
282	8.403280e-001	1.516880e-001	0	
283	8.395400e-001	1.524760e-001	0	
284	8.386720e-001	1.533440e-001	0	
285	8.377040e-001	1.543080e-001	4.000000e-006	
286	8.368840e-001	1.551240e-001	8.000000e-006	
287	8.361440e-001	1.558680e-001	4.000000e-006	
288	8.353760e-001	1.566320e-001	8.000000e-006	
289	8.346440e-001	1.573680e-001	4.000000e-006	
290	8.337560e-001	1.582600e-001	0	
291	8.328280e-001	1.591880e-001	0	
292	8.319920e-001	1.600240e-001	0	
293	8.311920e-001	1.608200e-001	4.000000e-006	
294	8.303520e-001	1.616600e-001	4.000000e-006	
295	8.294680e-001	1.625480e-001	0	
296	8.287240e-001	1.632880e-001	4.000000e-006	
297	8.279440e-001	1.640680e-001	4.000000e-006	
298	8.270200e-001	1.649960e-001	0	
299	8.261840e-001	1.658320e-001	0	
300	8.254040e-001	1.666120e-001	0	
301	8.246040e-001	1.674120e-001	0	
302	8.239280e-001	1.680880e-001	0	
303	8.231320e-001	1.688840e-001	0	
304	8.222680e-001	1.697480e-001	0	
305	8.215520e-001	1.704640e-001	0	
306	8.207200e-001	1.712920e-001	4.000000e-006	
307	8.199880e-001	1.720160e-001	1.200000e-005	
308	8.191320e-001	1.728680e-001	1.600000e-005	
309	8.182960e-001	1.737040e-001	1.600000e-005	
310	8.174800e-001	1.745200e-001	1.600000e-005	
311	8.166080e-001	1.754000e-001	8.000000e-006	
312	8.157920e-001	1.762200e-001	4.000000e-006	
313	8.150440e-001	1.769680e-001	4.000000e-006	
314	8.142920e-001	1.777240e-001	0	
315	8.134800e-001	1.785360e-001	0	
316	8.126360e-001	1.793800e-001	0	
317	8.117560e-001	1.802600e-001	0	
318	8.110720e-001	1.809440e-001	0	
319	8.101640e-001	1.818520e-001	0	
320	8.094160e-001	1.826000e-001	0	
321	8.086960e-001	1.833200e-001	0	
322	8.079480e-001	1.840680e-001	0	
323	8.070640e-001	1.849520e-001	0	
324	8.062440e-001	1.857720e-001	0	
325	8.054400e-001	1.865760e-001	0	
326	8.045880e-001	1.874280e-001	0	
327	8.037000e-001	1.883160e-001	0	
328	8.029160e-001	1.891000e-001	0	
329	8.020960e-001	1.899200e-001	0	
330	8.012600e-001	1.907560e-001	0	
331	8.004560e-001	1.915600e-001	0	
332	7.996440e-001	1.923720e-001	0	
333	7.988440e-001	1.931720e-001	0	
334	7.980680e-001	1.939480e-001	0	
335	7.973280e-001	1.946880e-001	0	
336	7.965520e-001	1.954640e-001	0	
337	7.957360e-001	1.962800e-001	0	
338	7.949320e-001	1.970840e-001	0	
339	7.942360e-001	1.977800e-001	0	
340	7.934680e-001	1.985480e-001	0	
341	7.927160e-001	1.993000e-001	0	
342	7.919440e-001	2.000720e-001	0	
343	7.911720e-001	2.008440e-001	0	
344	7.903320e-001	2.016840e-001	0	
345	7.895320e-001	2.024840e-001	0	
346	7.886960e-001	2.033200e-001	0	
347	7.879360e-001	2.040800e-001	0	
348	7.871520e-001	2.048640e-001	0	
349	7.863520e-001	2.056640e-001	0	
350	7.856160e-001	2.064000e-001	0	
351	7.848040e-001	2.072120e-001	0	
352	7.839440e-001	2.080720e-001	0	
353	7.830840e-001	2.089320e-001	0	
354	7.822840e-001	2.097320e-001	0	
355	7.815120e-001	2.105040e-001	0	
356	7.807040e-001	2.113120e-001	0	
357	7.798960e-001	2.121200e-001	0	
358	7.791280e-001	2.128880e-001	0	
359	7.782920e-001	2.137240e-001	0	
360	7.774680e-001	2.145480e-001	0	
361	7.766760e-001	2.153400e-001	0	
362	7.758240e-001	2.161920e-001	0	
363	7.750640e-001	2.169520e-001	0	
364	7.741720e-001	2.178440e-001	0	
365	7.733320e-001	2.186840e-001	0	
366	7.725600e-001	2.194560e-001	0	
367	7.718400e-001	2.201760e-001	0	
368	7.710960e-001	2.209200e-001	0	
369	7.703880e-001	2.216280e-001	0	
370	7.695800e-001	2.224360e-001	0	
371	7.687960e-001	2.232200e-001	0	
372	7.681280e-001	2.238880e-001	0	
373	7.673560e-001	2.246600e-001	0	
374	7.666560e-001	2.253600e-001	0	
375	7.658240e-001	2.261920e-001	0	
376	7.650200e-001	2.269920e-001	4.000000e-006	
377	7.642760e-001	2.277360e-001	4.000000e-006	
378	7.635280e-001	2.284840e-001	4.000000e-006	
379	7.627640e-001	2.292480e-001	4.000000e-006	
380	7.621080e-001	2.299080e-001	0	
381	7.613160e-001	2.307000e-001	0	
382	7.606520e-001	2.313640e-001	0	
383	7.599480e-001	2.320680e-001	0	
384	7.591280e-001	2.328880e-001	0	
385	7.584000e-001	2.336160e-001	0	
386	7.576080e-001	2.344080e-001	0	
387	7.568640e-001	2.351520e-001	0	
388	7.561160e-001	2.359000e-001	0	
389	7.552880e-001	2.367280e-001	0	
390	7.545640e-001	2.374520e-001	0	
391	7.538120e-001	2.382040e-001	0	
392	7.530520e-001	2.389640e-001	0	
393	7.522280e-001	2.397880e-001	0	
394	7.514960e-001	2.405200e-001	0	
395	7.508000e-001	2.412160e-001	0	
396	7.500200e-001	2.419880e-001	8.000000e-006	
397	7.492160e-001	2.427800e-001	2.000000e-005	
398	7.485440e-001	2.434480e-001	2.400000e-005	
399	7.478080e-001	2.441840e-001	2.400000e-005	
400	7.471280e-001	2.448560e-001	3.200000e-005	
401	7.464840e-001	2.455000e-001	3.200000e-005	
402	7.457800e-001	2.462080e-001	2.800000e-005	
403	7.450520e-001	2.469400e-001	2.400000e-005	
404	7.444040e-001	2.475840e-001	2.800000e-005	
405	7.437080e-001	2.482920e-001	1.600000e-005	
406	7.429080e-001	2.490840e-001	2.400000e-005	
407	7.421200e-001	2.498800e-001	1.600000e-005	
408	7.414240e-001	2.505880e-001	4.000000e-006	
409	7.406120e-001	2.514000e-001	4.000000e-006	
410	7.398720e-001	2.521360e-001	8.000000e-006	
411	7.391560e-001	2.528560e-001	4.000000e-006	
412	7.383400e-001	2.536720e-001	4.000000e-006	
413	7.377080e-001	2.543080e-001	0	
414	7.369480e-001	2.550680e-001	0	
415	7.361960e-001	2.558200e-001	0	
416	7.354160e-001	2.566000e-001	0	
417	7.348240e-001	2.571920e-001	0	
418	7.340400e-001	2.579760e-001	0	
419	7.333800e-001	2.586360e-001	0	
420	7.326920e-001	2.593240e-001	0	
421	7.318320e-001	2.601840e-001	0	
422	7.311360e-001	2.608800e-001	0	
423	7.305440e-001	2.614720e-001	0	
424	7.297800e-001	2.622360e-001	0	
425	7.290000e-001	2.630160e-001	0	
426	7.281600e-001	2.638560e-001	0	
427	7.274920e-001	2.645240e-001	0	
428	7.267400e-001	2.652760e-001	0	
429	7.260000e-001	2.660160e-001	0	
430	7.253240e-001	2.666920e-001	0	
431	7.245840e-001	2.674320e-001	0	
432	7.238480e-001	2.681680e-001	0	
433	7.232040e-001	2.688120e-001	0	
434	7.224720e-001	2.695440e-001	0	
435	7.217200e-001	2.702960e-001	0	
436	7.209760e-001	2.710400e-001	0	
437	7.202160e-001	2.718000e-001	0	
438	7.195440e-001	2.724720e-001	0	
439	7.188400e-001	2.731760e-001	0	
440	7.181440e-001	2.738720e-001	0	
441	7.174040e-001	2.746120e-001	0	
442	7.167120e-001	2.753000e-001	4.000000e-006	
443	7.160320e-001	2.759720e-001	1.200000e-005	
444	7.153000e-001	2.767080e-001	8.000000e-006	
445	7.146080e-001	2.774040e-001	4.000000e-006	
446	7.139200e-001	2.780920e-001	4.000000e-006	
447	7.132760e-001	2.787400e-001	0	
448	7.125280e-001	2.794880e-001	0	
449	7.118880e-001	2.801280e-001	0	
450	7.111360e-001	2.808800e-001	0	
451	7.103640e-001	2.816520e-001	0	
452	7.096360e-001	2.823800e-001	0	
453	7.088480e-001	2.831680e-001	0	
454	7.081680e-001	2.838480e-001	0	
455	7.074080e-001	2.846080e-001	0	
456	7.067720e-001	2.852440e-001	0	
457	7.060600e-001	2.859560e-001	0	
458	7.053840e-001	2.866320e-001	0	
459	7.047320e-001	2.872840e-001	0	
460	7.040280e-001	2.879880e-001	0	
461	7.033720e-001	2.886440e-001	0	
462	7.026280e-001	2.893880e-001	0	
463	7.018200e-001	2.901960e-001	0	
464	7.010240e-001	2.909920e-001	0	
465	7.003480e-001	2.916680e-001	0	
466	6.997000e-001	2.923120e-001	4.000000e-006	
467	6.990440e-001	2.929560e-001	1.600000e-005	
468	6.982600e-001	2.937360e-001	2.000000e-005	
469	6.976040e-001	2.944040e-001	8.000000e-006	
470	6.968800e-001	2.951280e-001	8.000000e-006	
471	6.962040e-001	2.958040e-001	8.000000e-006	
472	6.954480e-001	2.965640e-001	4.000000e-006	
473	6.948320e-001	2.971800e-001	4.000000e-006	
474	6.940960e-001	2.979120e-001	8.000000e-006	
475	6.934640e-001	2.985480e-001	4.000000e-006	
476	6.928400e-001	2.991720e-001	4.000000e-006	
477	6.922400e-001	2.997680e-001	8.000000e-006	
478	6.916200e-001	3.003920e-001	4.000000e-006	
479	6.909640e-001	3.010480e-001	4.000000e-006	
480	6.903240e-001	3.016840e-001	8.000000e-006	
481	6.895960e-001	3.023960e-001	2.400000e-005	
482	6.889360e-001	3.030640e-001	1.600000e-005	
483	6.883080e-001	3.036840e-001	2.400000e-005	
484	6.877080e-001	3.042840e-001	2.400000e-005	
485	6.870800e-001	3.049080e-001	2.800000e-005	
486	6.864240e-001	3.055600e-001	3.200000e-005	
487	6.857960e-001	3.061880e-001	3.200000e-005	
488	6.851720e-001	3.068080e-001	3.600000e-005	
489	6.845520e-001	3.074360e-001	2.800000e-005	
490	6.839120e-001	3.080720e-001	3.200000e-005	
491	6.832760e-001	3.087000e-001	4.000000e-005	
492	6.826720e-001	3.093080e-001	3.600000e-005	
493	6.820960e-001	3.098680e-001	5.200000e-005	
494	6.815040e-001	3.104520e-001	6.000000e-005	
495	6.808680e-001	3.110960e-001	5.200000e-005	
496	6.803000e-001	3.116560e-001	6.000000e-005	
497	6.796880e-001	3.122640e-001	6.400000e-005	
498	6.789840e-001	3.129840e-001	4.800000e-005	
499	6.783720e-001	3.136120e-001	3.200000e-005	
500	6.777320e-001	3.142440e-001	4.000000e-005	
501	6.772200e-001	3.147400e-001	5.600000e-005	
502	6.765240e-001	3.154280e-001	6.400000e-005	
503	6.759200e-001	3.160160e-001	8.000000e-005	
504	6.754000e-001	3.165280e-001	8.800000e-005	
505	6.748560e-001	3.170960e-001	6.400000e-005	
506	6.742160e-001	3.177280e-001	7.200000e-005	
507	6.736000e-001	3.183480e-001	6.800000e-005	
508	6.730760e-001	3.188840e-001	5.600000e-005	
509	6.724560e-001	3.195040e-001	5.600000e-005	
510	6.717920e-001	3.201840e-001	4.000000e-005	
511	6.711160e-001	3.208520e-001	4.800000e-005	
512	6.704920e-001	3.214480e-001	7.600000e-005	
513	6.698640e-001	3.220640e-001	8.800000e-005	
514	6.691840e-001	3.227640e-001	6.800000e-005	
515	6.685200e-001	3.234240e-001	7.200000e-005	
516	6.679840e-001	3.239680e-001	6.400000e-005	
517	6.674680e-001	3.245000e-001	4.800000e-005	
518	6.668800e-001	3.250920e-001	4.400000e-005	
519	6.661840e-001	3.257960e-001	3.600000e-005	
520	6.655880e-001	3.264040e-001	2.400000e-005	
521	6.649240e-001	3.270560e-001	3.600000e-005	
522	6.643000e-001	3.276520e-001	6.400000e-005	
523	6.636440e-001	3.282920e-001	8.000000e-005	
524	6.630160e-001	3.289320e-001	6.800000e-005	
525	6.623800e-001	3.295840e-001	5.200000e-005	
526	6.618040e-001	3.301720e-001	4.000000e-005	
527	6.610920e-001	3.308840e-001	4.000000e-005	
528	6.604560e-001	3.315200e-001	4.000000e-005	
529	6.598840e-001	3.320880e-001	4.400000e-005	
530	6.592200e-001	3.327520e-001	4.400000e-005	
531	6.585520e-001	3.334120e-001	5.200000e-005	
532	6.579680e-001	3.339720e-001	7.600000e-005	
533	6.573120e-001	3.346240e-001	8.000000e-005	
534	6.567160e-001	3.352200e-001	8.000000e-005	
535	6.561520e-001	3.357680e-001	9.600000e-005	
536	6.555160e-001	3.364080e-001	9.200000e-005	
537	6.550120e-001	3.369200e-001	8.400000e-005	
538	6.545120e-001	3.374040e-001	1.000000e-004	
539	6.539480e-001	3.379760e-001	9.200000e-005	
540	6.533640e-001	3.385600e-001	9.200000e-005	
541	6.527440e-001	3.391760e-001	9.600000e-005	
542	6.521040e-001	3.398560e-001	5.600000e-005	
543	6.515600e-001	3.404000e-001	5.600000e-005	
544	6.510080e-001	3.409440e-001	6.400000e-005	
545	6.504200e-001	3.415400e-001	5.600000e-005	
546	6.497600e-001	3.421720e-001	8.400000e-005	
547	6.492200e-001	3.427000e-001	9.600000e-005	
548	6.486000e-001	3.433160e-001	1.000000e-004	
549	6.481080e-001	3.437960e-001	1.120000e-004	
550	6.475640e-001	3.443040e-001	1.480000e-004	
551	6.471200e-001	3.447600e-001	1.360000e-004	
552	6.467080e-001	3.451560e-001	1.520000e-004	
553	6.462720e-001	3.455920e-001	1.520000e-004	
554	6.458280e-001	3.460280e-001	1.600000e-004	
555	6.453040e-001	3.465640e-001	1.480000e-004	
556	6.447760e-001	3.470640e-001	1.760000e-004	
557	6.444080e-001	3.474160e-001	1.920000e-004	
558	6.438880e-001	3.479520e-001	1.760000e-004	
559	6.433960e-001	3.484160e-001	2.040000e-004	
560	6.429800e-001	3.488280e-001	2.080000e-004	
561	6.424960e-001	3.493440e-001	1.760000e-004	
562	6.420560e-001	3.497960e-001	1.640000e-004	
563	6.415280e-001	3.503240e-001	1.640000e-004	
564	6.410000e-001	3.508240e-001	1.920000e-004	
565	6.406440e-001	3.511640e-001	2.080000e-004	
566	6.402360e-001	3.515120e-001	2.680000e-004	
567	6.397800e-001	3.520040e-001	2.320000e-004	
568	6.394240e-001	3.523760e-001	2.160000e-004	
569	6.390440e-001	3.527680e-001	2.040000e-004	
570	6.385720e-001	3.532520e-001	1.920000e-004	
571	6.381200e-001	3.537160e-001	1.800000e-004	
572	6.376360e-001	3.541880e-001	1.920000e-004	
573	6.372200e-001	3.545880e-001	2.080000e-004	
574	6.367320e-001	3.550640e-001	2.200000e-004	
575	6.363040e-001	3.554560e-001	2.560000e-004	
576	6.359720e-001	3.557840e-001	2.600000e-004	
577	6.355800e-001	3.561240e-001	3.120000e-004	
578	6.352040e-001	3.564360e-001	3.760000e-004	
579	6.348800e-001	3.567920e-001	3.440000e-004	
580	6.345520e-001	3.571680e-001	2.960000e-004	
581	6.342000e-001	3.574840e-001	3.320000e-004	
582	6.339760e-001	3.576560e-001	3.840000e-004	
583	6.338120e-001	3.578480e-001	3.560000e-004	
584	6.335480e-001	3.581520e-001	3.160000e-004	
585	6.332200e-001	3.585080e-001	2.880000e-004	
586	6.328600e-001	3.589240e-001	2.320000e-004	
587	6.324360e-001	3.593320e-001	2.480000e-004	
588	6.319680e-001	3.597680e-001	2.800000e-004	
589	6.315880e-001	3.601320e-001	2.960000e-004	
590	6.312600e-001	3.604840e-001	2.720000e-004	
591	6.308400e-001	3.608880e-001	2.880000e-004	
592	6.305800e-001	3.611640e-001	2.720000e-004	
593	6.301920e-001	3.615040e-001	3.200000e-004	
594	6.298640e-001	3.618560e-001	2.960000e-004	
595	6.295680e-001	3.621200e-001	3.280000e-004	
596	6.292280e-001	3.624120e-001	3.760000e-004	
597	6.289240e-001	3.627360e-001	3.560000e-004	
598	6.286960e-001	3.629800e-001	3.400000e-004	
599	6.284000e-001	3.632480e-001	3.680000e-004	
600	6.281240e-001	3.635040e-001	3.880000e-004	
601	6.278800e-001	3.636880e-001	4.480000e-004	
602	6.276280e-001	3.639640e-001	4.240000e-004	
603	6.274760e-001	3.640840e-001	4.560000e-004	
604	6.272960e-001	3.642640e-001	4.560000e-004	
605	6.271040e-001	3.644120e-001	5.000000e-004	
606	6.269520e-001	3.646320e-001	4.320000e-004	
607	6.267240e-001	3.647720e-001	5.200000e-004	
608	6.266640e-001	3.648280e-001	5.240000e-004	
609	6.265520e-001	3.649680e-001	4.960000e-004	
610	6.263960e-001	3.651560e-001	4.640000e-004	
611	6.262880e-001	3.652480e-001	4.800000e-004	
612	6.262240e-001	3.652960e-001	4.960000e-004	
613	6.260960e-001	3.654360e-001	4.840000e-004	
614	6.259360e-001	3.656200e-001	4.600000e-004	
615	6.257600e-001	3.658000e-001	4.560000e-004	
616	6.255480e-001	3.660080e-001	4.600000e-004	
617	6.252040e-001	3.663560e-001	4.560000e-004	
618	6.249800e-001	3.665560e-001	4.800000e-004	
619	6.248480e-001	3.667000e-001	4.680000e-004	
620	6.246800e-001	3.668560e-001	4.800000e-004	
621	6.245920e-001	3.669360e-001	4.880000e-004	
622	6.244360e-001	3.671400e-001	4.400000e-004	
623	6.242600e-001	3.672680e-001	4.880000e-004	
624	6.241920e-001	3.673480e-001	4.760000e-004	
625	6.239760e-001	3.675640e-001	4.760000e-004	
626	6.237160e-001	3.678400e-001	4.600000e-004	
627	6.234920e-001	3.681560e-001	3.680000e-004	
628	6.232880e-001	3.684000e-001	3.280000e-004	
629	6.229760e-001	3.687000e-001	3.400000e-004	
630	6.226840e-001	3.689000e-001	4.320000e-004	
631	6.224960e-001	3.690200e-001	5.000000e-004	
632	6.223280e-001	3.692080e-001	4.800000e-004	
633	6.222320e-001	3.692440e-001	5.400000e-004	
634	6.221040e-001	3.693920e-001	5.200000e-004	
635	6.220440e-001	3.693720e-001	6.000000e-004	
636	6.218800e-001	3.695120e-001	6.240000e-004	
637	6.218280e-001	3.694880e-001	7.000000e-004	
638	6.218800e-001	3.694800e-001	6.560000e-004	
639	6.219280e-001	3.694480e-001	6.400000e-004	
640	6.219720e-001	3.694040e-001	6.400000e-004	
641	6.220160e-001	3.693200e-001	6.800000e-004	
642	6.221000e-001	3.692040e-001	7.120000e-004	
643	6.221200e-001	3.691480e-001	7.480000e-004	
644	6.222800e-001	3.689840e-001	7.520000e-004	
645	6.223440e-001	3.688760e-001	7.960000e-004	
646	6.225840e-001	3.685200e-001	9.120000e-004	
647	6.228160e-001	3.682120e-001	9.880000e-004	
648	6.231880e-001	3.679240e-001	9.040000e-004	
649	6.235280e-001	3.675080e-001	9.800000e-004	
650	6.239280e-001	3.671080e-001	9.800000e-004	
651	6.243000e-001	3.666840e-001	1.032000e-003	
652	6.246840e-001	3.662400e-001	1.092000e-003	
653	6.251160e-001	3.657320e-001	1.168000e-003	
654	6.256720e-001	3.650120e-001	1.332000e-003	
655	6.263640e-001	3.642560e-001	1.396000e-003	
656	6.271200e-001	3.634520e-001	1.444000e-003	
657	6.278960e-001	3.627360e-001	1.384000e-003	
658	6.287120e-001	3.617840e-001	1.520000e-003	
659	6.295920e-001	3.607240e-001	1.700000e-003	
660	6.307560e-001	3.596400e-001	1.620000e-003	
661	6.317640e-001	3.585400e-001	1.712000e-003	
662	6.328080e-001	3.574960e-001	1.712000e-003	
663	6.338600e-001	3.565280e-001	1.628000e-003	
664	6.347760e-001	3.554880e-001	1.752000e-003	
665	6.359040e-001	3.543720e-001	1.740000e-003	
666	6.370280e-001	3.531440e-001	1.844000e-003	
667	6.383040e-001	3.517600e-001	1.952000e-003	
668	6.395880e-001	3.505000e-001	1.928000e-003	
669	6.408400e-001	3.493240e-001	1.852000e-003	
670	6.420200e-001	3.480640e-001	1.932000e-003	
671	6.433000e-001	3.467200e-001	1.996000e-003	
672	6.447200e-001	3.453280e-001	1.968000e-003	
673	6.460360e-001	3.439880e-001	1.992000e-003	
674	6.474160e-001	3.425680e-001	2.032000e-003	
675	6.488520e-001	3.412040e-001	1.960000e-003	
676	6.501920e-001	3.400200e-001	1.804000e-003	
677	6.513680e-001	3.388480e-001	1.800000e-003	
678	6.524520e-001	3.377480e-001	1.816000e-003	
679	6.535640e-001	3.366200e-001	1.832000e-003	
680	6.547880e-001	3.354920e-001	1.736000e-003	
681	6.558760e-001	3.342920e-001	1.848000e-003	
682	6.570280e-001	3.331120e-001	1.876000e-003	
683	6.584160e-001	3.315440e-001	2.056000e-003	
684	6.598360e-001	3.301440e-001	2.036000e-003	
685	6.611760e-001	3.287440e-001	2.096000e-003	
686	6.626560e-001	3.271440e-001	2.216000e-003	
687	6.642120e-001	3.254800e-001	2.324000e-003	
688	6.658440e-001	3.238920e-001	2.280000e-003	
689	6.674320e-001	3.222840e-001	2.300000e-003	
690	6.690480e-001	3.206320e-001	2.336000e-003	
691	6.707720e-001	3.188400e-001	2.404000e-003	
692	6.724720e-001	3.171800e-001	2.364000e-003	
693	6.741840e-001	3.154480e-001	2.384000e-003	
694	6.759840e-001	3.137080e-001	2.324000e-003	
695	6.776120e-001	3.119800e-001	2.424000e-003	
696	6.793480e-001	3.100600e-001	2.608000e-003	
697	6.813160e-001	3.080200e-001	2.680000e-003	
698	6.832520e-001	3.059520e-001	2.812000e-003	
699	6.853960e-001	3.039000e-001	2.720000e-003	
700	6.874680e-001	3.019160e-001	2.632000e-003	
701	6.893600e-001	2.999960e-001	2.660000e-003	
702	6.913000e-001	2.979560e-001	2.760000e-003	
703	6.933480e-001	2.957880e-001	2.880000e-003	
704	6.955560e-001	2.936280e-001	2.832000e-003	
705	6.977680e-001	2.913960e-001	2.852000e-003	
706	6.999400e-001	2.891800e-001	2.896000e-003	
707	7.021640e-001	2.869600e-001	2.892000e-003	
708	7.043720e-001	2.847800e-001	2.864000e-003	
709	7.065960e-001	2.825800e-001	2.840000e-003	
710	7.087720e-001	2.806600e-001	2.584000e-003	
711	7.107360e-001	2.784640e-001	2.816000e-003	
712	7.127680e-001	2.763320e-001	2.916000e-003	
713	7.149480e-001	2.741600e-001	2.908000e-003	
714	7.171680e-001	2.719760e-001	2.872000e-003	
715	7.193400e-001	2.701120e-001	2.564000e-003	
716	7.212280e-001	2.684440e-001	2.344000e-003	
717	7.229240e-001	2.668440e-001	2.248000e-003	
718	7.243400e-001	2.653920e-001	2.284000e-003	
719	7.259200e-001	2.636800e-001	2.416000e-003	
720	7.275520e-001	2.621760e-001	2.288000e-003	
721	7.290960e-001	2.606280e-001	2.292000e-003	
722	7.305440e-001	2.591840e-001	2.288000e-003	
723	7.321240e-001	2.574200e-001	2.472000e-003	
724	7.338560e-001	2.558560e-001	2.304000e-003	
725	7.354680e-001	2.542320e-001	2.316000e-003	
726	7.370680e-001	2.525240e-001	2.424000e-003	
727	7.387400e-001	2.508040e-001	2.472000e-003	
728	7.405480e-001	2.490840e-001	2.384000e-003	
729	7.422600e-001	2.473360e-001	2.420000e-003	
730	7.440000e-001	2.456360e-001	2.380000e-003	
731	7.456960e-001	2.438640e-001	2.456000e-003	
732	7.474640e-001	2.419000e-001	2.652000e-003	
733	7.493440e-001	2.401240e-001	2.548000e-003	
734	7.511680e-001	2.383920e-001	2.456000e-003	
735	7.528400e-001	2.368320e-001	2.344000e-003	
736	7.545320e-001	2.352320e-001	2.252000e-003	
737	7.560120e-001	2.338000e-001	2.204000e-003	
738	7.575280e-001	2.321040e-001	2.384000e-003	
739	7.591400e-001	2.304160e-001	2.460000e-003	
740	7.609000e-001	2.287240e-001	2.392000e-003	
741	7.624480e-001	2.272040e-001	2.364000e-003	
742	7.639760e-001	2.255280e-001	2.512000e-003	
743	7.656600e-001	2.237560e-001	2.600000e-003	
744	7.676080e-001	2.218760e-001	2.532000e-003	
745	7.693480e-001	2.200640e-001	2.604000e-003	
746	7.711960e-001	2.182080e-001	2.612000e-003	
747	7.731320e-001	2.162680e-001	2.616000e-003	
748	7.749600e-001	2.143520e-001	2.704000e-003	
749	7.769080e-001	2.121880e-001	2.920000e-003	
750	7.791040e-001	2.101080e-001	2.804000e-003	
751	7.811440e-001	2.081320e-001	2.740000e-003	
752	7.830080e-001	2.061640e-001	2.844000e-003	
753	7.850440e-001	2.041720e-001	2.800000e-003	
754	7.870800e-001	2.021720e-001	2.764000e-003	
755	7.890840e-001	2.000840e-001	2.848000e-003	
756	7.911560e-001	1.980880e-001	2.772000e-003	
757	7.931040e-001	1.962840e-001	2.628000e-003	
758	7.949960e-001	1.943320e-001	2.688000e-003	
759	7.969000e-001	1.923440e-001	2.772000e-003	
760	7.988040e-001	1.902920e-001	2.920000e-003	
761	8.009880e-001	1.881960e-001	2.832000e-003	
762	8.029640e-001	1.861960e-001	2.856000e-003	
763	8.050000e-001	1.843720e-001	2.644000e-003	
764	8.068800e-001	1.825480e-001	2.588000e-003	
765	8.087240e-001	1.810160e-001	2.276000e-003	
766	8.101960e-001	1.795680e-001	2.252000e-003	
767	8.116240e-001	1.781360e-001	2.256000e-003	
768	8.131000e-001	1.766320e-001	2.284000e-003	
769	8.145120e-001	1.751160e-001	2.388000e-003	
770	8.162000e-001	1.735280e-001	2.288000e-003	
771	8.176920e-001	1.719480e-001	2.376000e-003	
772	8.192360e-001	1.703520e-001	2.428000e-003	
773	8.208080e-001	1.687560e-001	2.452000e-003	
774	8.224920e-001	1.671720e-001	2.352000e-003	
775	8.238920e-001	1.658200e-001	2.304000e-003	
776	8.254480e-001	1.641720e-001	2.396000e-003	
777	8.270200e-001	1.628000e-001	2.196000e-003	
778	8.283720e-001	1.614400e-001	2.204000e-003	
779	8.297720e-001	1.600840e-001	2.160000e-003	
780	8.310880e-001	1.586960e-001	2.232000e-003	
781	8.325280e-001	1.572520e-001	2.236000e-003	
782	8.338440e-001	1.558600e-001	2.312000e-003	
783	8.352680e-001	1.544960e-001	2.252000e-003	
784	8.366400e-001	1.532480e-001	2.128000e-003	
785	8.379440e-001	1.519480e-001	2.124000e-003	
786	8.392200e-001	1.507160e-001	2.080000e-003	
787	8.404960e-001	1.495560e-001	1.964000e-003	
788	8.416040e-001	1.485600e-001	1.852000e-003	
789	8.426240e-001	1.476200e-001	1.772000e-003	
790	8.435040e-001	1.467080e-001	1.804000e-003	
791	8.443520e-001	1.459120e-001	1.752000e-003	
792	8.452120e-001	1.449440e-001	1.860000e-003	
793	8.462400e-001	1.439440e-001	1.832000e-003	
794	8.471320e-001	1.431840e-001	1.700000e-003	
795	8.479840e-001	1.423560e-001	1.676000e-003	
796	8.488200e-001	1.414760e-001	1.720000e-003	
797	8.496640e-001	1.408040e-001	1.548000e-003	
798	8.503160e-001	1.401600e-001	1.540000e-003	
799	8.509080e-001	1.397400e-001	1.368000e-003	
800	8.514480e-001	1.391680e-001	1.400000e-003	
801	8.519560e-001	1.387360e-001	1.324000e-003	
802	8.524960e-001	1.382520e-001	1.268000e-003	
803	8.529920e-001	1.376600e-001	1.364000e-003	
804	8.535560e-001	1.372440e-001	1.216000e-003	
805	8.539520e-001	1.368760e-001	1.188000e-003	
806	8.541880e-001	1.366840e-001	1.144000e-003	
807	8.545320e-001	1.363120e-001	1.172000e-003	
808	8.549160e-001	1.360160e-001	1.084000e-003	
809	8.551760e-001	1.358320e-001	1.008000e-003	
810	8.553400e-001	1.357480e-001	9.280000e-004	
811	8.554720e-001	1.356400e-001	9.040000e-004	
812	8.555720e-001	1.355760e-001	8.680000e-004	
813	8.555880e-001	1.356440e-001	7.840000e-004	
814	8.555680e-001	1.356400e-001	8.080000e-004	
815	8.554320e-001	1.357960e-001	7.880000e-004	
816	8.553360e-001	1.359680e-001	7.120000e-004	
817	8.551440e-001	1.360280e-001	8.440000e-004	
818	8.551200e-001	1.361160e-001	7.800000e-004	
819	8.550800e-001	1.360720e-001	8.640000e-004	
820	8.551600e-001	1.359640e-001	8.920000e-004	
821	8.552120e-001	1.359680e-001	8.360000e-004	
822	8.551880e-001	1.360320e-001	7.960000e-004	
823	8.551040e-001	1.360840e-001	8.280000e-004	
824	8.551000e-001	1.361160e-001	8.000000e-004	
825	8.550240e-001	1.361720e-001	8.200000e-004	
826	8.548880e-001	1.363200e-001	8.080000e-004	
827	8.548560e-001	1.363160e-001	8.440000e-004	
828	8.548600e-001	1.363840e-001	7.720000e-004	
829	8.547000e-001	1.365800e-001	7.360000e-004	
830	8.545840e-001	1.367560e-001	6.760000e-004	
831	8.543920e-001	1.370040e-001	6.200000e-004	
832	8.542240e-001	1.371720e-001	6.200000e-004	
833	8.540120e-001	1.374080e-001	5.960000e-004	
834	8.537080e-001	1.376600e-001	6.480000e-004	
835	8.534480e-001	1.380000e-001	5.680000e-004	
836	8.531600e-001	1.383760e-001	4.800000e-004	
837	8.527680e-001	1.387480e-001	5.000000e-004	
838	8.524320e-001	1.390640e-001	5.200000e-004	
839	8.520200e-001	1.394160e-001	5.800000e-004	
840	8.518040e-001	1.396960e-001	5.160000e-004	
841	8.514960e-001	1.400520e-001	4.680000e-004	
842	8.511040e-001	1.404960e-001	4.160000e-004	
843	8.506080e-001	1.409800e-001	4.280000e-004	
844	8.502280e-001	1.413680e-001	4.200000e-004	
845	8.497960e-001	1.417240e-001	4.960000e-004	
846	8.495400e-001	1.419480e-001	5.280000e-004	
847	8.492320e-001	1.422720e-001	5.120000e-004	
848	8.488120e-001	1.427760e-001	4.280000e-004	
849	8.484720e-001	1.431880e-001	3.560000e-004	
850	8.479960e-001	1.437160e-001	3.040000e-004	
851	8.474920e-001	1.441600e-001	3.640000e-004	
852	8.470520e-001	1.446640e-001	3.000000e-004	
853	8.464600e-001	1.452120e-001	3.440000e-004	
854	8.459440e-001	1.457880e-001	2.840000e-004	
855	8.453320e-001	1.463720e-001	3.120000e-004	
856	8.447120e-001	1.469800e-001	3.240000e-004	
857	8.442360e-001	1.474680e-001	3.120000e-004	
858	8.436360e-001	1.480560e-001	3.240000e-004	
859	8.431280e-001	1.485240e-001	3.640000e-004	
860	8.425640e-001	1.491480e-001	3.040000e-004	
861	8.421240e-001	1.495920e-001	3.000000e-004	
862	8.416160e-001	1.501480e-001	2.520000e-004	
863	8.410120e-001	1.507840e-001	2.200000e-004	
864	8.403560e-001	1.514520e-001	2.080000e-004	
865	8.397480e-001	1.520160e-001	2.520000e-004	
866	8.392080e-001	1.524480e-001	3.600000e-004	
867	8.386840e-001	1.530160e-001	3.160000e-004	
868	8.381240e-001	1.535560e-001	3.360000e-004	
869	8.375480e-001	1.541040e-001	3.640000e-004	
870	8.370000e-001	1.547160e-001	3.000000e-004	
871	8.364600e-001	1.553080e-001	2.480000e-004	
872	8.358320e-001	1.559280e-001	2.560000e-004	
873	8.352960e-001	1.564840e-001	2.360000e-004	
874	8.347440e-001	1.570640e-001	2.080000e-004	
875	8.341400e-001	1.577160e-001	1.600000e-004	
876	8.334480e-001	1.583960e-001	1.720000e-004	
877	8.328000e-001	1.590320e-001	1.840000e-004	
878	8.321040e-001	1.597880e-001	1.240000e-004	
879	8.313040e-001	1.605480e-001	1.640000e-004	
880	8.306200e-001	1.612320e-001	1.640000e-004	
881	8.298680e-001	1.620320e-001	1.160000e-004	
882	8.291520e-001	1.627760e-001	8.800000e-005	
883	8.284080e-001	1.635320e-001	7.600000e-005	
884	8.276720e-001	1.642800e-001	6.400000e-005	
885	8.269000e-001	1.650440e-001	7.200000e-005	
886	8.262000e-001	1.657600e-001	5.600000e-005	
887	8.253840e-001	1.666160e-001	1.600000e-005	
888	8.245080e-001	1.674960e-001	1.200000e-005	
889	8.236320e-001	1.683680e-001	1.600000e-005	
890	8.228560e-001	1.691520e-001	8.000000e-006	
891	8.221520e-001	1.698560e-001	8.000000e-006	
892	8.213840e-001	1.706280e-001	4.000000e-006	
893	8.205280e-001	1.714800e-001	8.000000e-006	
894	8.197520e-001	1.722560e-001	8.000000e-006	
895	8.189960e-001	1.730160e-001	4.000000e-006	
896	8.181360e-001	1.738760e-001	4.000000e-006	
897	8.173120e-001	1.747000e-001	4.000000e-006	
898	8.164800e-001	1.755360e-001	0	
899	8.156360e-001	1.763800e-001	0	
900	8.147720e-001	1.772440e-001	0	
901	8.139120e-001	1.781040e-001	0	
902	8.131640e-001	1.788520e-001	0	
903	8.123960e-001	1.796200e-001	0	
904	8.115400e-001	1.804760e-001	0	
905	8.106840e-001	1.813320e-001	0	
906	8.098640e-001	1.821520e-001	0	
907	8.090440e-001	1.829720e-001	0	
908	8.083040e-001	1.837120e-001	0	
909	8.075600e-001	1.844520e-001	4.000000e-006	
910	8.067720e-001	1.852280e-001	1.600000e-005	
911	8.059440e-001	1.860560e-001	1.600000e-005	
912	8.052240e-001	1.867600e-001	3.200000e-005	
913	8.045160e-001	1.874680e-001	3.200000e-005	
914	8.037760e-001	1.882080e-001	3.200000e-005	
915	8.029880e-001	1.890200e-001	8.000000e-006	
916	8.021760e-001	1.898320e-001	8.000000e-006	
917	8.013280e-001	1.906880e-001	0	
918	8.006040e-001	1.914120e-001	0	
919	7.998520e-001	1.921640e-001	0	
920	7.990720e-001	1.929440e-001	0	
921	7.981760e-001	1.938400e-001	0	
922	7.973880e-001	1.946280e-001	0	
923	7.966040e-001	1.954080e-001	4.000000e-006	
924	7.957960e-001	1.962080e-001	1.200000e-005	
925	7.950960e-001	1.969200e-001	0	
926	7.943160e-001	1.977000e-001	0	
927	7.934600e-001	1.985560e-001	0	
928	7.927400e-001	1.992760e-001	0	
929	7.919240e-001	2.000920e-001	0	
930	7.911480e-001	2.008680e-001	0	
931	7.903200e-001	2.016960e-001	0	
932	7.895880e-001	2.024280e-001	0	
933	7.887280e-001	2.032880e-001	0	
934	7.880240e-001	2.039920e-001	0	
935	7.872520e-001	2.047640e-001	0	
936	7.865320e-001	2.054840e-001	0	
937	7.856720e-001	2.063440e-001	0	
938	7.848400e-001	2.071760e-001	0	
939	7.840400e-001	2.079760e-001	0	
940	7.832280e-001	2.087880e-001	0	
941	7.823760e-001	2.096400e-001	0	
942	7.816120e-001	2.104040e-001	0	
943	7.808600e-001	2.111560e-001	0	
944	7.801520e-001	2.118640e-001	0	
945	7.793080e-001	2.127080e-001	0	
946	7.784760e-001	2.135400e-001	0	
947	7.776480e-001	2.143680e-001	0	
948	7.768240e-001	2.151920e-001	0	
949	7.759840e-001	2.160320e-001	0	
950	7.752240e-001	2.167920e-001	0	
951	7.745120e-001	2.175040e-001	0	
952	7.737360e-001	2.182800e-001	0	
953	7.729560e-001	2.190600e-001	0	
954	7.721960e-001	2.198200e-001	0	
955	7.713760e-001	2.206400e-001	0	
956	7.705840e-001	2.214320e-001	0	
957	7.698480e-001	2.221680e-001	0	
958	7.690720e-001	2.229400e-001	4.000000e-006	
959	7.683080e-001	2.237080e-001	0	
960	7.675960e-001	2.244200e-001	0	
961	7.668560e-001	2.251560e-001	4.000000e-006	
962	7.661240e-001	2.258920e-001	0	
963	7.653680e-001	2.266480e-001	0	
964	7.645640e-001	2.274520e-001	0	
965	7.638000e-001	2.282160e-001	0	
966	7.629520e-001	2.290640e-001	0	
967	7.621320e-001	2.298840e-001	0	
968	7.613080e-001	2.307080e-001	0	
969	7.606720e-001	2.313440e-001	0	
970	7.599280e-001	2.320880e-001	0	
971	7.592080e-001	2.328080e-001	0	
972	7.583400e-001	2.336760e-001	0	
973	7.575640e-001	2.344520e-001	0	
974	7.567680e-001	2.352480e-001	0	
975	7.560400e-001	2.359760e-001	0	
976	7.552200e-001	2.367960e-001	0	
977	7.545200e-001	2.374960e-001	0	
978	7.536840e-001	2.383320e-001	0	
979	7.529680e-001	2.390480e-001	0	
980	7.522840e-001	2.397320e-001	0	
981	7.515160e-001	2.405000e-001	0	
982	7.507360e-001	2.412800e-001	0	
983	7.499440e-001	2.420720e-001	0	
984	7.492200e-001	2.427960e-001	0	
985	7.485320e-001	2.434840e-001	0	
986	7.478080e-001	2.442080e-001	0	
987	7.470280e-001	2.449880e-001	0	
988	7.463000e-001	2.457160e-001	0	
989	7.456080e-001	2.464080e-001	0	
990	7.448360e-001	2.471760e-001	4.000000e-006	
991	7.441680e-001	2.478440e-001	4.000000e-006	
992	7.433960e-001	2.486120e-001	8.000000e-006	
993	7.426520e-001	2.493560e-001	8.000000e-006	
994	7.419320e-001	2.500680e-001	1.600000e-005	
995	7.412360e-001	2.507600e-001	2.000000e-005	
996	7.405000e-001	2.515000e-001	1.600000e-005	
997	7.397160e-001	2.522920e-001	8.000000e-006	
998	7.390480e-001	2.529600e-001	8.000000e-006	
999	7.383160e-001	2.536920e-001	8.000000e-006	
1000	7.376080e-001	2.543960e-001	1.200000e-005	
1001	7.368960e-001	2.551120e-001	8.000000e-006	
1002	7.361360e-001	2.558760e-001	4.000000e-006	
1003	7.353240e-001	2.566920e-001	0	
1004	7.345400e-001	2.574760e-001	0	
1005	7.338760e-001	2.581400e-001	0	
1006	7.331560e-001	2.588600e-001	0	
1007	7.324080e-001	2.596080e-001	0	
1008	7.317560e-001	2.602600e-001	0	
1009	7.310000e-001	2.610160e-001	0	
1010	7.302600e-001	2.617560e-001	0	
1011	7.294720e-001	2.625440e-001	0	
1012	7.287520e-001	2.632640e-001	0	
1013	7.280840e-001	2.639320e-001	0	
1014	7.273280e-001	2.646880e-001	0	
1015	7.265880e-001	2.654280e-001	0	
1016	7.259040e-001	2.661120e-001	0	
1017	7.251520e-001	2.668640e-001	0	
1018	7.244600e-001	2.675560e-001	0	
1019	7.237280e-001	2.682880e-001	0	
1020	7.230440e-001	2.689720e-001	0	
1021	7.223120e-001	2.697040e-001	0	
1022	7.216960e-001	2.703200e-001	0	
1023	7.209520e-001	2.710640e-001	0	
1024	7.202360e-001	2.717800e-001	0	
1025	7.194960e-001	2.725200e-001	0	
1026	7.188240e-001	2.731920e-001	0	
1027	7.180880e-001	2.739280e-001	0	
1028	7.172600e-001	2.747560e-001	0	
1029	7.164720e-001	2.755440e-001	0	
1030	7.156760e-001	2.763400e-001	0	
1031	7.150240e-001	2.769920e-001	0	
1032	7.143920e-001	2.776240e-001	0	
1033	7.137360e-001	2.782800e-001	0	
1034	7.129800e-001	2.790360e-001	0	
1035	7.121840e-001	2.798320e-001	0	
1036	7.114360e-001	2.805800e-001	0	
1037	7.108040e-001	2.812120e-001	0	
1038	7.100800e-001	2.819320e-001	4.000000e-006	
1039	7.094160e-001	2.825840e-001	1.600000e-005	
1040	7.087120e-001	2.832760e-001	2.800000e-005	
1041	7.080520e-001	2.839440e-001	2.000000e-005	
1042	7.073920e-001	2.846000e-001	2.400000e-005	
1043	7.066840e-001	2.853080e-001	2.400000e-005	
1044	7.060480e-001	2.859400e-001	2.800000e-005	
1045	7.054360e-001	2.865320e-001	4.800000e-005	
1046	7.047360e-001	2.872240e-001	5.600000e-005	
1047	7.041160e-001	2.878520e-001	4.800000e-005	
1048	7.034480e-001	2.885080e-001	6.000000e-005	
1049	7.028440e-001	2.891160e-001	5.600000e-005	
1050	7.022080e-001	2.897560e-001	5.200000e-005	
1051	7.015840e-001	2.903840e-001	4.800000e-005	
1052	7.009360e-001	2.910400e-001	4.000000e-005	
1053	7.003200e-001	2.916520e-001	4.400000e-005	
1054	6.996600e-001	2.923240e-001	3.200000e-005	
1055	6.990400e-001	2.929520e-001	2.400000e-005	
1056	6.983600e-001	2.936440e-001	1.200000e-005	
1057	6.976960e-001	2.943160e-001	4.000000e-006	
1058	6.970120e-001	2.950000e-001	4.000000e-006	
1059	6.962480e-001	2.957600e-001	8.000000e-006	
1060	6.956280e-001	2.963760e-001	1.200000e-005	
1061	6.950160e-001	2.969840e-001	1.600000e-005	
1062	6.943120e-001	2.976800e-001	2.400000e-005	
1063	6.937160e-001	2.982720e-001	2.800000e-005	
1064	6.930280e-001	2.989760e-001	1.200000e-005	
1065	6.923440e-001	2.996520e-001	2.000000e-005	
1066	6.917360e-001	3.002760e-001	4.000000e-006	
1067	6.910720e-001	3.009400e-001	4.000000e-006	
1068	6.903560e-001	3.016560e-001	4.000000e-006	
1069	6.896640e-001	3.023520e-001	0	
1070	6.890000e-001	3.030160e-001	0	
1071	6.883600e-001	3.036560e-001	0	
1072	6.876520e-001	3.043640e-001	0	
1073	6.870080e-001	3.050080e-001	0	
1074	6.862160e-001	3.058000e-001	0	
1075	6.855440e-001	3.064720e-001	0	
1076	6.850080e-001	3.070080e-001	0	
1077	6.843480e-001	3.076680e-001	0	
1078	6.836880e-001	3.083280e-001	0	
1079	6.830920e-001	3.089240e-001	0	
1080	6.824720e-001	3.095440e-001	0	
1081	6.817840e-001	3.102320e-001	0	
1082	6.811000e-001	3.109160e-001	0	
1083	6.804240e-001	3.115920e-001	0	
1084	6.797960e-001	3.122200e-001	0	
1085	6.791520e-001	3.128640e-001	0	
1086	6.784840e-001	3.135320e-001	0	
1087	6.777960e-001	3.142160e-001	4.000000e-006	
1088	6.770200e-001	3.149880e-001	8.000000e-006	
1089	6.764240e-001	3.155880e-001	4.000000e-006	
1090	6.757880e-001	3.162280e-001	0	
1091	6.750040e-001	3.170120e-001	0	
1092	6.743240e-001	3.176920e-001	0	
1093	6.736560e-001	3.183600e-001	0	
1094	6.729800e-001	3.190360e-001	0	
1095	6.723400e-001	3.196760e-001	0	
1096	6.716440e-001	3.203720e-001	0	
1097	6.709560e-001	3.210600e-001	0	
1098	6.703080e-001	3.217080e-001	0	
1099	6.696240e-001	3.223920e-001	0	
1100	6.689040e-001	3.231120e-001	0	
1101	6.682440e-001	3.237720e-001	0	
1102	6.675760e-001	3.244400e-001	0	
1103	6.669840e-001	3.250320e-001	0	
1104	6.662640e-001	3.257520e-001	0	
1105	6.655480e-001	3.264680e-001	0	
1106	6.649160e-001	3.271000e-001	0	
1107	6.643400e-001	3.276760e-001	0	
1108	6.636320e-001	3.283840e-001	0	
1109	6.629840e-001	3.290320e-001	0	
1110	6.622640e-001	3.297520e-001	0	
1111	6.615760e-001	3.304360e-001	4.000000e-006	
1112	6.609640e-001	3.310400e-001	1.200000e-005	
1113	6.603920e-001	3.316160e-001	8.000000e-006	
1114	6.597280e-001	3.322720e-001	1.600000e-005	
1115	6.590600e-001	3.329240e-001	3.200000e-005	
1116	6.584520e-001	3.335280e-001	3.600000e-005	
1117	6.579480e-001	3.340400e-001	2.800000e-005	
1118	6.572400e-001	3.347280e-001	4.800000e-005	
1119	6.565320e-001	3.354280e-001	5.600000e-005	
1120	6.559040e-001	3.360400e-001	7.200000e-005	
1121	6.552640e-001	3.366680e-001	8.400000e-005	
1122	6.546840e-001	3.372520e-001	8.000000e-005	
1123	6.540600e-001	3.378800e-001	7.600000e-005	
1124	6.535040e-001	3.384320e-001	8.000000e-005	
1125	6.529600e-001	3.389560e-001	1.000000e-004	
1126	6.523240e-001	3.395960e-001	9.600000e-005	
1127	6.516960e-001	3.402080e-001	1.120000e-004	
1128	6.511520e-001	3.407560e-001	1.080000e-004	
1129	6.505800e-001	3.413320e-001	1.040000e-004	
1130	6.499880e-001	3.419400e-001	8.800000e-005	
1131	6.495600e-001	3.423480e-001	1.080000e-004	
1132	6.490480e-001	3.428480e-001	1.200000e-004	
1133	6.485560e-001	3.433120e-001	1.480000e-004	
1134	6.480360e-001	3.438080e-001	1.720000e-004	
1135	6.475440e-001	3.442760e-001	1.960000e-004	
1136	6.470520e-001	3.448080e-001	1.560000e-004	
1137	6.465440e-001	3.453000e-001	1.720000e-004	
1138	6.460840e-001	3.457200e-001	2.120000e-004	
1139	6.456840e-001	3.461440e-001	1.880000e-004	
1140	6.452560e-001	3.465760e-001	1.840000e-004	
1141	6.448240e-001	3.469680e-001	2.240000e-004	
1142	6.444760e-001	3.473320e-001	2.080000e-004	
1143	6.439840e-001	3.478000e-001	2.320000e-004	
1144	6.435120e-001	3.482800e-001	2.240000e-004	
1145	6.430240e-001	3.487920e-001	2.000000e-004	
1146	6.425600e-001	3.492480e-001	2.080000e-004	
1147	6.420200e-001	3.497760e-001	2.200000e-004	
1148	6.416640e-001	3.501400e-001	2.120000e-004	
1149	6.411600e-001	3.506800e-001	1.760000e-004	
1150	6.407360e-001	3.511080e-001	1.720000e-004	
1151	6.401840e-001	3.516760e-001	1.560000e-004	
1152	6.396600e-001	3.521920e-001	1.640000e-004	
1153	6.391960e-001	3.526400e-001	1.800000e-004	
1154	6.386840e-001	3.531800e-001	1.520000e-004	
1155	6.381200e-001	3.537240e-001	1.720000e-004	
1156	6.376760e-001	3.541640e-001	1.760000e-004	
1157	6.371680e-001	3.546920e-001	1.560000e-004	
1158	6.366440e-001	3.552280e-001	1.440000e-004	
1159	6.361640e-001	3.556880e-001	1.640000e-004	
1160	6.356560e-001	3.562000e-001	1.600000e-004	
1161	6.351920e-001	3.566560e-001	1.680000e-004	
1162	6.346400e-001	3.572320e-001	1.440000e-004	
1163	6.341560e-001	3.577160e-001	1.440000e-004	
1164	6.336720e-001	3.581880e-001	1.560000e-004	
1165	6.331200e-001	3.587640e-001	1.320000e-004	
1166	6.327120e-001	3.591960e-001	1.080000e-004	
1167	6.321240e-001	3.598000e-001	9.200000e-005	
1168	6.315640e-001	3.603640e-001	8.800000e-005	
1169	6.310280e-001	3.608720e-001	1.160000e-004	
1170	6.305080e-001	3.613640e-001	1.440000e-004	
1171	6.299440e-001	3.619200e-001	1.520000e-004	
1172	6.294240e-001	3.624520e-001	1.400000e-004	
1173	6.289480e-001	3.629200e-001	1.480000e-004	
1174	6.284920e-001	3.633720e-001	1.520000e-004	
1175	6.279440e-001	3.638920e-001	1.800000e-004	
1176	6.274640e-001	3.643920e-001	1.600000e-004	
1177	6.268840e-001	3.649840e-001	1.480000e-004	
1178	6.264160e-001	3.654480e-001	1.520000e-004	
1179	6.260000e-001	3.658760e-001	1.400000e-004	
1180	6.255240e-001	3.663840e-001	1.080000e-004	
1181	6.249480e-001	3.669840e-001	8.400000e-005	
1182	6.243600e-001	3.675480e-001	1.080000e-004	
1183	6.238760e-001	3.680120e-001	1.280000e-004	
1184	6.234440e-001	3.684160e-001	1.560000e-004	
1185	6.230080e-001	3.688320e-001	1.760000e-004	
1186	6.226160e-001	3.692480e-001	1.520000e-004	
1187	6.221760e-001	3.696760e-001	1.640000e-004	
1188	6.217400e-001	3.701120e-001	1.640000e-004	
1189	6.213480e-001	3.704800e-001	1.880000e-004	
1190	6.208240e-001	3.710040e-001	1.880000e-004	
1191	6.203920e-001	3.714440e-001	1.800000e-004	
1192	6.199680e-001	3.718280e-001	2.200000e-004	
1193	6.196440e-001	3.721520e-001	2.200000e-004	
1194	6.192440e-001	3.725960e-001	1.760000e-004	
1195	6.188680e-001	3.729360e-001	2.120000e-004	
1196	6.183800e-001	3.734080e-001	2.280000e-004	
1197	6.180160e-001	3.737480e-001	2.520000e-004	
1198	6.176800e-001	3.741200e-001	2.160000e-004	
1199	6.172080e-001	3.746040e-001	2.040000e-004	
1200	6.166960e-001	3.751000e-001	2.200000e-004	
1201	6.162920e-001	3.754520e-001	2.720000e-004	
1202	6.158880e-001	3.758960e-001	2.320000e-004	
1203	6.154320e-001	3.763280e-001	2.560000e-004	
1204	6.151240e-001	3.766240e-001	2.680000e-004	
1205	6.147840e-001	3.770000e-001	2.320000e-004	
1206	6.144880e-001	3.772960e-001	2.320000e-004	
1207	6.141200e-001	3.776000e-001	2.960000e-004	
1208	6.137760e-001	3.779480e-001	2.920000e-004	
1209	6.134920e-001	3.782440e-001	2.800000e-004	
1210	6.131000e-001	3.785960e-001	3.200000e-004	
1211	6.127160e-001	3.790000e-001	3.000000e-004	
1212	6.123720e-001	3.793400e-001	3.040000e-004	
1213	6.120840e-001	3.796120e-001	3.200000e-004	
1214	6.118040e-001	3.798600e-001	3.520000e-004	
1215	6.115520e-001	3.800840e-001	3.800000e-004	
1216	6.113200e-001	3.803080e-001	3.880000e-004	
1217	6.111560e-001	3.804520e-001	4.080000e-004	
1218	6.109800e-001	3.806040e-001	4.320000e-004	
1219	6.107200e-001	3.808760e-001	4.200000e-004	
1220	6.104600e-001	3.811720e-001	3.840000e-004	
1221	6.102280e-001	3.814160e-001	3.720000e-004	
1222	6.100040e-001	3.816520e-001	3.600000e-004	
1223	6.097680e-001	3.818880e-001	3.600000e-004	
1224	6.095320e-001	3.820880e-001	3.960000e-004	
1225	6.092480e-001	3.822720e-001	4.960000e-004	
1226	6.091800e-001	3.823600e-001	4.760000e-004	
1227	6.090600e-001	3.824640e-001	4.920000e-004	
1228	6.089080e-001	3.825720e-001	5.360000e-004	
1229	6.087320e-001	3.827440e-001	5.400000e-004	
1230	6.087280e-001	3.826360e-001	6.520000e-004	
1231	6.088240e-001	3.826040e-001	5.880000e-004	
1232	6.087960e-001	3.825600e-001	6.600000e-004	
1233	6.088800e-001	3.824320e-001	7.040000e-004	
1234	6.089560e-001	3.823960e-001	6.640000e-004	
1235	6.089880e-001	3.822880e-001	7.400000e-004	
1236	6.090640e-001	3.822440e-001	7.080000e-004	
1237	6.092360e-001	3.820760e-001	7.040000e-004	
1238	6.093440e-001	3.820200e-001	6.520000e-004	
1239	6.094400e-001	3.818080e-001	7.680000e-004	
1240	6.096080e-001	3.815760e-001	8.320000e-004	
1241	6.098760e-001	3.813200e-001	8.200000e-004	
1242	6.100080e-001	3.810800e-001	9.280000e-004	
1243	6.103120e-001	3.807960e-001	9.080000e-004	
1244	6.105960e-001	3.804880e-001	9.320000e-004	
1245	6.109680e-001	3.800240e-001	1.024000e-003	
1246	6.113240e-001	3.796280e-001	1.064000e-003	
1247	6.118440e-001	3.791080e-001	1.064000e-003	
1248	6.121800e-001	3.788240e-001	1.012000e-003	
1249	6.126040e-001	3.783160e-001	1.096000e-003	
1250	6.131320e-001	3.778040e-001	1.080000e-003	
1251	6.136520e-001	3.772160e-001	1.148000e-003	
1252	6.142440e-001	3.766040e-001	1.168000e-003	
1253	6.148640e-001	3.758440e-001	1.308000e-003	
1254	6.155560e-001	3.751600e-001	1.300000e-003	
1255	6.162760e-001	3.744840e-001	1.256000e-003	
1256	6.169200e-001	3.737960e-001	1.300000e-003	
1257	6.176480e-001	3.730360e-001	1.332000e-003	
1258	6.184240e-001	3.721120e-001	1.480000e-003	
1259	6.192840e-001	3.712320e-001	1.500000e-003	
1260	6.201920e-001	3.703800e-001	1.444000e-003	
1261	6.210560e-001	3.693840e-001	1.576000e-003	
1262	6.220800e-001	3.682040e-001	1.732000e-003	
1263	6.231920e-001	3.671480e-001	1.676000e-003	
1264	6.242440e-001	3.659560e-001	1.816000e-003	
1265	6.254520e-001	3.646040e-001	1.960000e-003	
1266	6.267720e-001	3.632480e-001	1.996000e-003	
1267	6.282240e-001	3.616680e-001	2.124000e-003	
1268	6.297520e-001	3.600840e-001	2.180000e-003	
1269	6.313440e-001	3.586040e-001	2.068000e-003	
1270	6.328400e-001	3.569200e-001	2.256000e-003	
1271	6.343320e-001	3.552200e-001	2.464000e-003	
1272	6.361720e-001	3.534240e-001	2.420000e-003	
1273	6.378600e-001	3.516160e-001	2.540000e-003	
1274	6.398320e-001	3.496520e-001	2.532000e-003	
1275	6.418240e-001	3.477040e-001	2.488000e-003	
1276	6.436880e-001	3.456760e-001	2.652000e-003	
1277	6.456680e-001	3.435880e-001	2.760000e-003	
1278	6.478120e-001	3.414080e-001	2.796000e-003	
1279	6.500120e-001	3.391480e-001	2.856000e-003	
1280	6.522280e-001	3.370240e-001	2.764000e-003	
1281	6.543200e-001	3.349320e-001	2.764000e-003	
1282	6.564240e-001	3.326560e-001	2.936000e-003	
1283	6.587520e-001	3.302120e-001	3.052000e-003	
1284	6.611520e-001	3.279080e-001	2.956000e-003	
1285	6.635040e-001	3.255480e-001	2.964000e-003	
1286	6.657920e-001	3.234600e-001	2.764000e-003	
1287	6.679000e-001	3.212360e-001	2.880000e-003	
1288	6.700560e-001	3.192400e-001	2.720000e-003	
1289	6.721120e-001	3.172360e-001	2.668000e-003	
1290	6.740840e-001	3.152720e-001	2.660000e-003	
1291	6.762040e-001	3.130640e-001	2.748000e-003	
1292	6.782600e-001	3.109200e-001	2.836000e-003	
1293	6.803960e-001	3.089120e-001	2.708000e-003	
1294	6.824680e-001	3.068160e-001	2.732000e-003	
1295	6.845120e-001	3.045960e-001	2.908000e-003	
1296	6.867520e-001	3.024760e-001	2.788000e-003	
1297	6.887800e-001	3.004120e-001	2.824000e-003	
1298	6.909440e-001	2.981680e-001	2.904000e-003	
1299	6.931840e-001	2.960280e-001	2.804000e-003	
1300	6.953280e-001	2.940440e-001	2.644000e-003	
1301	6.973120e-001	2.919400e-001	2.764000e-003	
1302	6.994600e-001	2.899080e-001	2.648000e-003	
1303	7.013240e-001	2.880960e-001	2.596000e-003	
1304	7.032840e-001	2.860640e-001	2.668000e-003	
1305	7.051760e-001	2.841320e-001	2.708000e-003	
1306	7.072240e-001	2.821600e-001	2.632000e-003	
1307	7.091400e-001	2.804720e-001	2.404000e-003	
1308	7.108400e-001	2.788600e-001	2.316000e-003	
1309	7.125280e-001	2.772240e-001	2.264000e-003	
1310	7.140800e-001	2.756360e-001	2.300000e-003	
1311	7.157320e-001	2.739840e-001	2.300000e-003	
1312	7.173600e-001	2.724160e-001	2.240000e-003	
1313	7.188720e-001	2.707040e-001	2.440000e-003	
1314	7.204560e-001	2.692160e-001	2.344000e-003	
1315	7.220640e-001	2.674320e-001	2.520000e-003	
1316	7.238840e-001	2.658080e-001	2.324000e-003	
1317	7.254600e-001	2.641720e-001	2.384000e-003	
1318	7.270560e-001	2.626560e-001	2.304000e-003	
1319	7.286960e-001	2.608880e-001	2.432000e-003	
1320	7.303400e-001	2.593400e-001	2.336000e-003	
1321	7.319120e-001	2.576760e-001	2.428000e-003	
1322	7.335880e-001	2.558760e-001	2.552000e-003	
1323	7.353680e-001	2.540560e-001	2.592000e-003	
1324	7.371720e-001	2.521720e-001	2.672000e-003	
1325	7.391200e-001	2.502920e-001	2.604000e-003	
1326	7.409800e-001	2.485520e-001	2.484000e-003	
1327	7.427200e-001	2.469240e-001	2.372000e-003	
1328	7.443160e-001	2.452840e-001	2.416000e-003	
1329	7.460160e-001	2.435200e-001	2.480000e-003	
1330	7.478600e-001	2.417800e-001	2.376000e-003	
1331	7.496080e-001	2.402800e-001	2.128000e-003	
1332	7.510320e-001	2.388280e-001	2.156000e-003	
1333	7.525240e-001	2.373240e-001	2.168000e-003	
1334	7.539440e-001	2.358440e-001	2.228000e-003	
1335	7.554080e-001	2.344200e-001	2.188000e-003	
1336	7.568640e-001	2.328360e-001	2.316000e-003	
1337	7.584320e-001	2.311920e-001	2.392000e-003	
1338	7.600000e-001	2.295160e-001	2.500000e-003	
1339	7.617000e-001	2.277960e-001	2.520000e-003	
1340	7.634600e-001	2.259880e-001	2.568000e-003	
1341	7.652760e-001	2.241320e-001	2.608000e-003	
1342	7.670840e-001	2.222800e-001	2.652000e-003	
1343	7.689480e-001	2.204280e-001	2.640000e-003	
1344	7.708760e-001	2.185000e-001	2.640000e-003	
1345	7.726720e-001	2.167480e-001	2.596000e-003	
1346	7.744200e-001	2.148880e-001	2.708000e-003	
1347	7.764160e-001	2.130720e-001	2.528000e-003	
1348	7.782000e-001	2.111520e-001	2.664000e-003	
1349	7.799560e-001	2.094120e-001	2.648000e-003	
1350	7.817960e-001	2.073840e-001	2.836000e-003	
1351	7.838160e-001	2.054720e-001	2.728000e-003	
1352	7.857200e-001	2.034960e-001	2.800000e-003	
1353	7.876680e-001	2.016040e-001	2.744000e-003	
1354	7.896520e-001	1.997080e-001	2.656000e-003	
1355	7.916400e-001	1.977600e-001	2.616000e-003	
1356	7.934920e-001	1.956520e-001	2.872000e-003	
1357	7.956040e-001	1.937720e-001	2.640000e-003	
1358	7.974680e-001	1.919120e-001	2.636000e-003	
1359	7.993560e-001	1.899720e-001	2.688000e-003	
1360	8.012720e-001	1.879080e-001	2.836000e-003	
1361	8.032680e-001	1.859960e-001	2.752000e-003	
1362	8.052080e-001	1.840240e-001	2.784000e-003	
1363	8.071800e-001	1.819520e-001	2.884000e-003	
1364	8.092400e-001	1.798960e-001	2.880000e-003	
1365	8.113240e-001	1.780920e-001	2.600000e-003	
1366	8.131280e-001	1.763640e-001	2.524000e-003	
1367	8.147080e-001	1.747320e-001	2.576000e-003	
1368	8.165120e-001	1.728200e-001	2.684000e-003	
1369	8.184120e-001	1.708480e-001	2.756000e-003	
1370	8.203000e-001	1.689200e-001	2.796000e-003	
1371	8.221960e-001	1.669880e-001	2.832000e-003	
1372	8.241840e-001	1.650160e-001	2.816000e-003	
1373	8.261080e-001	1.632160e-001	2.692000e-003	
1374	8.279960e-001	1.613520e-001	2.668000e-003	
1375	8.297480e-001	1.596080e-001	2.660000e-003	
1376	8.316600e-001	1.577760e-001	2.580000e-003	
1377	8.334120e-001	1.562560e-001	2.348000e-003	
1378	8.349000e-001	1.548400e-001	2.276000e-003	
1379	8.362840e-001	1.533640e-001	2.368000e-003	
1380	8.377840e-001	1.517480e-001	2.484000e-003	
1381	8.394160e-001	1.502160e-001	2.384000e-003	
1382	8.409560e-001	1.487080e-001	2.352000e-003	
1383	8.423600e-001	1.474680e-001	2.188000e-003	
1384	8.436160e-001	1.461280e-001	2.272000e-003	
1385	8.450240e-001	1.447040e-001	2.288000e-003	
1386	8.464480e-001	1.432280e-001	2.340000e-003	
1387	8.478960e-001	1.418520e-001	2.268000e-003	
1388	8.492200e-001	1.405720e-001	2.224000e-003	
1389	8.506240e-001	1.392840e-001	2.108000e-003	
1390	8.519000e-001	1.381520e-001	1.964000e-003	
1391	8.529880e-001	1.371240e-001	1.904000e-003	
1392	8.539760e-001	1.361880e-001	1.852000e-003	
1393	8.551040e-001	1.350920e-001	1.820000e-003	
1394	8.560520e-001	1.341840e-001	1.780000e-003	
1395	8.569160e-001	1.333000e-001	1.800000e-003	
1396	8.577800e-001	1.323720e-001	1.864000e-003	
1397	8.587880e-001	1.313520e-001	1.876000e-003	
1398	8.598000e-001	1.303040e-001	1.912000e-003	
1399	8.608000e-001	1.294720e-001	1.744000e-003	
1400	8.617240e-001	1.284760e-001	1.816000e-003	
1401	8.627560e-001	1.275040e-001	1.756000e-003	
1402	8.635080e-001	1.267920e-001	1.716000e-003	
1403	8.643440e-001	1.261320e-001	1.540000e-003	
1404	8.650520e-001	1.255440e-001	1.420000e-003	
1405	8.655840e-001	1.251600e-001	1.272000e-003	
1406	8.661040e-001	1.245480e-001	1.364000e-003	
1407	8.666000e-001	1.241760e-001	1.240000e-003	
1408	8.670400e-001	1.238720e-001	1.104000e-003	
1409	8.673440e-001	1.235720e-001	1.100000e-003	
1410	8.676080e-001	1.232960e-001	1.112000e-003	
1411	8.679200e-001	1.230040e-001	1.092000e-003	
1412	8.680800e-001	1.230280e-001	9.080000e-004	
1413	8.680840e-001	1.229960e-001	9.360000e-004	
1414	8.680960e-001	1.230120e-001	9.080000e-004	
1415	8.680800e-001	1.230120e-001	9.240000e-004	
1416	8.679960e-001	1.231520e-001	8.680000e-004	
1417	8.680040e-001	1.231920e-001	8.200000e-004	
1418	8.678480e-001	1.233440e-001	8.240000e-004	
1419	8.677760e-001	1.233920e-001	8.480000e-004	
1420	8.678280e-001	1.234120e-001	7.760000e-004	
1421	8.676920e-001	1.236000e-001	7.240000e-004	
1422	8.675280e-001	1.237680e-001	7.200000e-004	
1423	8.673280e-001	1.240640e-001	6.240000e-004	
1424	8.671160e-001	1.242840e-001	6.160000e-004	
1425	8.669000e-001	1.245920e-001	5.240000e-004	
1426	8.664960e-001	1.251160e-001	4.040000e-004	
1427	8.660720e-001	1.255880e-001	3.560000e-004	
1428	8.655520e-001	1.261840e-001	2.800000e-004	
1429	8.649880e-001	1.267720e-001	2.560000e-004	
1430	8.643920e-001	1.274160e-001	2.080000e-004	
1431	8.637960e-001	1.279840e-001	2.360000e-004	
1432	8.631640e-001	1.286360e-001	2.160000e-004	
1433	8.624600e-001	1.293360e-001	2.200000e-004	
1434	8.617800e-001	1.300600e-001	1.760000e-004	
1435	8.610920e-001	1.307360e-001	1.880000e-004	
1436	8.604600e-001	1.313840e-001	1.720000e-004	
1437	8.597160e-001	1.321440e-001	1.560000e-004	
1438	8.590600e-001	1.327840e-001	1.720000e-004	
1439	8.584000e-001	1.334840e-001	1.320000e-004	
1440	8.575760e-001	1.343280e-001	1.120000e-004	
1441	8.569160e-001	1.350200e-001	8.000000e-005	
1442	8.560520e-001	1.358800e-001	8.400000e-005	
1443	8.552440e-001	1.367000e-001	7.200000e-005	
1444	8.544760e-001	1.374680e-001	7.200000e-005	
1445	8.536720e-001	1.382840e-001	6.000000e-005	
1446	8.527920e-001	1.391720e-001	5.200000e-005	
1447	8.520200e-001	1.399360e-001	6.000000e-005	
1448	8.511640e-001	1.407920e-001	6.000000e-005	
1449	8.504640e-001	1.414640e-001	8.800000e-005	
1450	8.498320e-001	1.421040e-001	8.000000e-005	
1451	8.490280e-001	1.429000e-001	8.800000e-005	
1452	8.482800e-001	1.436720e-001	6.400000e-005	
1453	8.474680e-001	1.445080e-001	4.000000e-005	
1454	8.467280e-001	1.452440e-001	4.400000e-005	
1455	8.458480e-001	1.461440e-001	2.400000e-005	
1456	8.450240e-001	1.469600e-001	3.200000e-005	
1457	8.442120e-001	1.477600e-001	4.400000e-005	
1458	8.433040e-001	1.486920e-001	2.000000e-005	
1459	8.424360e-001	1.495560e-001	2.400000e-005	
1460	8.415000e-001	1.505000e-001	1.600000e-005	
1461	8.406760e-001	1.513240e-001	1.600000e-005	
1462	8.398440e-001	1.521520e-001	2.000000e-005	
1463	8.390320e-001	1.529600e-001	2.400000e-005	
1464	8.383320e-001	1.536600e-001	2.400000e-005	
1465	8.375440e-001	1.544560e-001	1.600000e-005	
1466	8.366880e-001	1.553040e-001	2.400000e-005	
1467	8.359520e-001	1.560440e-001	2.000000e-005	
1468	8.351360e-001	1.568680e-001	1.200000e-005	
1469	8.343920e-001	1.576160e-001	8.000000e-006	
1470	8.335800e-001	1.584240e-001	1.200000e-005	
1471	8.328040e-001	1.591960e-001	1.600000e-005	
1472	8.319560e-001	1.600560e-001	4.000000e-006	
1473	8.310560e-001	1.609560e-001	4.000000e-006	
1474	8.303080e-001	1.617080e-001	0	
1475	8.295000e-001	1.625160e-001	0	
1476	8.286800e-001	1.633360e-001	0	
1477	8.279040e-001	1.641120e-001	0	
1478	8.270080e-001	1.650080e-001	0	
1479	8.261880e-001	1.658280e-001	0	
1480	8.253320e-001	1.666800e-001	4.000000e-006	
1481	8.244960e-001	1.675160e-001	4.000000e-006	
1482	8.236480e-001	1.683600e-001	8.000000e-006	
1483	8.227880e-001	1.692240e-001	4.000000e-006	
1484	8.219400e-001	1.700760e-001	0	
1485	8.211560e-001	1.708600e-001	0	
1486	8.203320e-001	1.716840e-001	0	
1487	8.194600e-001	1.725560e-001	0	
1488	8.185360e-001	1.734760e-001	4.000000e-006	
1489	8.177720e-001	1.742360e-001	8.000000e-006	
1490	8.170200e-001	1.749920e-001	4.000000e-006	
1491	8.161760e-001	1.758400e-001	0	
1492	8.153920e-001	1.766240e-001	0	
1493	8.146040e-001	1.774120e-001	0	
1494	8.138400e-001	1.781760e-001	0	
1495	8.130440e-001	1.789720e-001	0	
1496	8.121440e-001	1.798720e-001	0	
1497	8.113200e-001	1.806960e-001	0	
1498	8.104600e-001	1.815560e-001	0	
1499	8.095960e-001	1.824200e-001	0	
1500	8.088240e-001	1.831920e-001	0	
1501	8.080880e-001	1.839280e-001	0	
1502	8.071760e-001	1.848400e-001	0	
1503	8.063480e-001	1.856680e-001	0	
1504	8.055880e-001	1.864280e-001	0	
1505	8.047040e-001	1.873120e-001	0	
1506	8.039440e-001	1.880720e-001	0	
1507	8.031240e-001	1.888920e-001	0	
1508	8.022600e-001	1.897560e-001	0	
1509	8.013640e-001	1.906520e-001	0	
1510	8.006680e-001	1.913480e-001	0	
1511	7.998080e-001	1.922080e-001	0	
1512	7.990480e-001	1.929680e-001	0	
1513	7.982560e-001	1.937600e-001	0	
1514	7.975040e-001	1.945120e-001	0	
1515	7.967160e-001	1.953000e-001	0	
1516	7.959520e-001	1.960640e-001	0	
1517	7.951840e-001	1.968320e-001	0	
1518	7.944000e-001	1.976160e-001	0	
1519	7.935280e-001	1.984840e-001	4.000000e-006	
1520	7.927880e-001	1.992240e-001	4.000000e-006	
1521	7.920080e-001	2.000080e-001	0	
1522	7.912440e-001	2.007720e-001	0	
1523	7.904920e-001	2.015240e-001	0	
1524	7.896680e-001	2.023480e-001	0	
1525	7.889560e-001	2.030600e-001	0	
1526	7.881800e-001	2.038360e-001	0	
1527	7.873680e-001	2.046480e-001	0	
1528	7.865320e-001	2.054840e-001	0	
1529	7.856840e-001	2.063320e-001	0	
1530	7.850000e-001	2.070160e-001	0	
1531	7.842440e-001	2.077720e-001	0	
1532	7.834320e-001	2.085840e-001	0	
1533	7.827360e-001	2.092800e-001	0	
1534	7.817320e-001	2.102840e-001	0	
1535	7.809120e-001	2.111040e-001	0	
1536	7.802120e-001	2.118040e-001	0	
1537	7.794440e-001	2.125720e-001	0	
1538	7.787680e-001	2.132480e-001	0	
1539	7.779000e-001	2.141160e-001	0	
1540	7.771680e-001	2.148480e-001	0	
1541	7.763440e-001	2.156680e-001	4.000000e-006	
1542	7.755560e-001	2.164520e-001	8.000000e-006	
1543	7.746160e-001	2.173920e-001	8.000000e-006	
1544	7.738480e-001	2.181640e-001	4.000000e-006	
1545	7.731080e-001	2.189080e-001	0	
1546	7.723000e-001	2.197160e-001	0	
1547	7.715200e-001	2.204960e-001	0	
1548	7.707840e-001	2.212320e-001	0	
1549	7.699880e-001	2.220280e-001	0	
1550	7.693240e-001	2.226920e-001	0	
1551	7.685440e-001	2.234720e-001	0	
1552	7.676640e-001	2.243520e-001	0	
1553	7.669280e-001	2.250880e-001	0	
1554	7.661600e-001	2.258560e-001	0	
1555	7.653240e-001	2.266880e-001	4.000000e-006	
1556	7.645120e-001	2.275040e-001	0	
1557	7.637600e-001	2.282560e-001	0	
1558	7.630160e-001	2.290000e-001	0	
1559	7.622600e-001	2.297560e-001	0	
1560	7.615640e-001	2.304520e-001	0	
1561	7.608040e-001	2.312120e-001	0	
1562	7.599320e-001	2.320840e-001	0	
1563	7.591640e-001	2.328520e-001	0	
1564	7.583040e-001	2.337120e-001	0	
1565	7.575040e-001	2.345120e-001	0	
1566	7.566840e-001	2.353320e-001	0	
1567	7.560040e-001	2.360120e-001	0	
1568	7.552880e-001	2.367280e-001	0	
1569	7.545880e-001	2.374280e-001	0	
1570	7.537440e-001	2.382720e-001	0	
1571	7.530000e-001	2.390160e-001	0	
1572	7.521760e-001	2.398400e-001	0	
1573	7.514280e-001	2.405880e-001	0	
1574	7.506640e-001	2.413520e-001	0	
1575	7.499240e-001	2.420920e-001	0	
1576	7.492000e-001	2.428160e-001	0	
1577	7.485120e-001	2.435040e-001	0	
1578	7.477520e-001	2.442640e-001	0	
1579	7.469760e-001	2.450400e-001	0	
1580	7.462640e-001	2.457520e-001	0	
1581	7.455360e-001	2.464800e-001	0	
1582	7.448400e-001	2.471760e-001	0	
1583	7.441240e-001	2.478920e-001	0	
1584	7.434440e-001	2.485720e-001	0	
1585	7.426640e-001	2.493520e-001	0	
1586	7.419400e-001	2.500760e-001	0	
1587	7.411480e-001	2.508680e-001	0	
1588	7.404040e-001	2.516120e-001	0	
1589	7.397040e-001	2.523120e-001	0	
1590	7.390320e-001	2.529840e-001	0	
1591	7.382560e-001	2.537560e-001	4.000000e-006	
1592	7.375400e-001	2.544680e-001	8.000000e-006	
1593	7.368520e-001	2.551640e-001	0	
1594	7.361800e-001	2.558360e-001	0	
1595	7.355360e-001	2.564800e-001	0	
1596	7.348280e-001	2.571880e-001	0	
1597	7.341640e-001	2.578520e-001	0	
1598	7.334520e-001	2.585640e-001	0	
1599	7.326880e-001	2.593280e-001	0	
1600	7.319960e-001	2.600200e-001	0	
1601	7.313160e-001	2.607000e-001	0	
1602	7.306520e-001	2.613640e-001	0	
1603	7.299840e-001	2.620320e-001	0	
1604	7.293080e-001	2.627040e-001	4.000000e-006	
1605	7.285720e-001	2.634440e-001	0	
1606	7.278560e-001	2.641600e-001	0	
1607	7.271080e-001	2.649080e-001	0	
1608	7.263080e-001	2.657080e-001	0	
1609	7.255280e-001	2.664880e-001	0	
1610	7.248120e-001	2.672040e-001	0	
1611	7.240520e-001	2.679640e-001	0	
1612	7.233200e-001	2.686960e-001	0	
1613	7.225840e-001	2.694320e-001	0	
1614	7.219280e-001	2.700840e-001	4.000000e-006	
1615	7.212440e-001	2.707640e-001	8.000000e-006	
1616	7.205200e-001	2.714880e-001	8.000000e-006	
1617	7.198800e-001	2.721280e-001	8.000000e-006	
1618	7.191560e-001	2.728440e-001	1.600000e-005	
1619	7.184480e-001	2.735560e-001	1.200000e-005	
1620	7.178000e-001	2.742000e-001	1.600000e-005	
1621	7.170360e-001	2.749680e-001	1.200000e-005	
1622	7.163720e-001	2.756400e-001	4.000000e-006	
1623	7.156720e-001	2.763440e-001	0	
1624	7.149760e-001	2.770400e-001	0	
1625	7.142360e-001	2.777760e-001	4.000000e-006	
1626	7.136040e-001	2.784040e-001	8.000000e-006	
1627	7.129360e-001	2.790600e-001	2.000000e-005	
1628	7.123400e-001	2.796600e-001	1.600000e-005	
1629	7.116640e-001	2.803360e-001	1.600000e-005	
1630	7.109640e-001	2.810440e-001	8.000000e-006	
1631	7.102800e-001	2.817200e-001	1.600000e-005	
1632	7.095520e-001	2.824480e-001	1.600000e-005	
1633	7.088520e-001	2.831320e-001	3.200000e-005	
1634	7.081280e-001	2.838680e-001	2.000000e-005	
1635	7.074120e-001	2.845760e-001	2.800000e-005	
1636	7.067440e-001	2.852400e-001	3.200000e-005	
1637	7.061640e-001	2.858320e-001	2.000000e-005	
1638	7.055280e-001	2.864680e-001	2.000000e-005	
1639	7.048720e-001	2.871200e-001	2.400000e-005	
1640	7.041800e-001	2.878120e-001	2.400000e-005	
1641	7.035160e-001	2.884680e-001	3.200000e-005	
1642	7.028000e-001	2.891760e-001	4.000000e-005	
1643	7.022360e-001	2.897600e-001	2.000000e-005	
1644	7.015880e-001	2.904240e-001	4.000000e-006	
1645	7.008760e-001	2.911240e-001	1.600000e-005	
1646	7.000760e-001	2.919280e-001	1.200000e-005	
1647	6.993120e-001	2.926960e-001	8.000000e-006	
1648	6.985720e-001	2.934360e-001	8.000000e-006	
1649	6.977960e-001	2.942120e-001	8.000000e-006	
1650	6.971680e-001	2.948440e-001	4.000000e-006	
1651	6.964760e-001	2.955400e-001	0	
1652	6.957240e-001	2.962920e-001	0	
1653	6.950280e-001	2.969880e-001	0	
1654	6.943120e-001	2.977040e-001	0	
1655	6.935800e-001	2.984360e-001	0	
1656	6.928760e-001	2.991400e-001	0	
1657	6.921520e-001	2.998640e-001	0	
1658	6.914880e-001	3.005280e-001	0	
1659	6.907720e-001	3.012440e-001	0	
1660	6.901280e-001	3.018880e-001	0	
1661	6.894320e-001	3.025840e-001	0	
1662	6.887640e-001	3.032520e-001	0	
1663	6.880520e-001	3.039640e-001	0	
1664	6.874080e-001	3.046080e-001	0	
1665	6.867920e-001	3.052240e-001	0	
1666	6.859880e-001	3.060280e-001	0	
1667	6.852680e-001	3.067480e-001	0	
1668	6.845200e-001	3.074960e-001	0	
1669	6.837720e-001	3.082440e-001	0	
1670	6.830280e-001	3.089880e-001	0	
1671	6.823200e-001	3.096960e-001	0	
1672	6.816760e-001	3.103400e-001	0	
1673	6.809040e-001	3.111120e-001	0	
1674	6.801840e-001	3.118320e-001	0	
1675	6.794760e-001	3.125400e-001	0	
1676	6.787720e-001	3.132440e-001	0	
1677	6.780360e-001	3.139800e-001	0	
1678	6.773320e-001	3.146840e-001	0	
1679	6.766560e-001	3.153600e-001	0	
1680	6.758760e-001	3.161400e-001	0	
1681	6.752280e-001	3.167880e-001	0	
1682	6.745640e-001	3.174520e-001	0	
1683	6.738160e-001	3.182000e-001	0	
1684	6.730720e-001	3.189440e-001	0	
1685	6.724240e-001	3.195920e-001	0	
1686	6.717320e-001	3.202840e-001	0	
1687	6.711720e-001	3.208440e-001	0	
1688	6.704920e-001	3.215240e-001	0	
1689	6.697560e-001	3.222600e-001	0	
1690	6.691120e-001	3.229040e-001	0	
1691	6.684480e-001	3.235680e-001	0	
1692	6.678200e-001	3.241960e-001	0	
1693	6.672560e-001	3.247600e-001	0	
1694	6.665720e-001	3.254440e-001	0	
1695	6.659360e-001	3.260800e-001	0	
1696	6.653200e-001	3.266960e-001	0	
1697	6.646880e-001	3.273280e-001	0	
1698	6.641440e-001	3.278720e-001	0	
1699	6.634880e-001	3.285280e-001	0	
1700	6.628000e-001	3.292160e-001	0	
1701	6.621280e-001	3.298880e-001	0	
1702	6.614160e-001	3.306000e-001	0	
1703	6.607560e-001	3.312600e-001	0	
1704	6.601120e-001	3.319040e-001	0	
1705	6.594360e-001	3.325800e-001	0	
1706	6.587800e-001	3.332360e-001	0	
1707	6.580840e-001	3.339320e-001	0	
1708	6.574120e-001	3.346040e-001	0	
1709	6.567320e-001	3.352840e-001	0	
1710	6.560360e-001	3.359800e-001	0	
1711	6.553760e-001	3.366400e-001	0	
1712	6.547680e-001	3.372480e-001	0	
1713	6.541000e-001	3.379160e-001	0	
1714	6.534520e-001	3.385640e-001	0	
1715	6.528120e-001	3.392040e-001	0	
1716	6.521920e-001	3.398240e-001	0	
1717	6.514520e-001	3.405640e-001	0	
1718	6.508280e-001	3.411880e-001	0	
1719	6.501360e-001	3.418800e-001	0	
1720	6.494480e-001	3.425680e-001	0	
1721	6.488160e-001	3.432000e-001	0	
1722	6.482000e-001	3.438160e-001	0	
1723	6.474520e-001	3.445640e-001	0	
1724	6.467880e-001	3.452280e-001	0	
1725	6.461440e-001	3.458720e-001	0	
1726	6.455560e-001	3.464600e-001	0	
1727	6.448360e-001	3.471800e-001	0	
1728	6.441760e-001	3.478360e-001	4.000000e-006	
1729	6.435480e-001	3.484520e-001	1.600000e-005	
1730	6.429320e-001	3.490600e-001	2.400000e-005	
1731	6.422880e-001	3.497040e-001	2.400000e-005	
1732	6.416680e-001	3.503200e-001	2.800000e-005	
1733	6.410840e-001	3.508880e-001	4.400000e-005	
1734	6.404600e-001	3.514960e-001	6.000000e-005	
1735	6.398200e-001	3.521280e-001	6.800000e-005	
1736	6.392240e-001	3.527440e-001	4.800000e-005	
1737	6.386440e-001	3.533360e-001	3.600000e-005	
1738	6.379880e-001	3.539920e-001	3.600000e-005	
1739	6.374040e-001	3.545440e-001	6.800000e-005	
1740	6.368400e-001	3.551040e-001	7.200000e-005	
1741	6.362240e-001	3.557240e-001	6.800000e-005	
1742	6.356880e-001	3.562280e-001	1.000000e-004	
1743	6.351880e-001	3.567400e-001	8.800000e-005	
1744	6.346040e-001	3.573160e-001	9.600000e-005	
1745	6.339640e-001	3.579760e-001	7.600000e-005	
1746	6.334600e-001	3.584560e-001	1.000000e-004	
1747	6.329520e-001	3.589640e-001	1.000000e-004	
1748	6.324160e-001	3.595080e-001	9.200000e-005	
1749	6.318280e-001	3.600760e-001	1.120000e-004	
1750	6.313960e-001	3.605200e-001	1.000000e-004	
1751	6.308640e-001	3.610360e-001	1.160000e-004	
1752	6.303200e-001	3.615800e-001	1.160000e-004	
1753	6.296360e-001	3.622920e-001	8.800000e-005	
1754	6.290760e-001	3.628400e-001	1.000000e-004	
1755	6.285960e-001	3.633440e-001	7.600000e-005	
1756	6.280200e-001	3.638920e-001	1.040000e-004	
1757	6.274840e-001	3.644560e-001	7.600000e-005	
1758	6.269640e-001	3.649640e-001	8.800000e-005	
1759	6.265080e-001	3.654280e-001	8.000000e-005	
1760	6.258920e-001	3.660400e-001	8.400000e-005	
1761	6.253120e-001	3.666000e-001	1.040000e-004	
1762	6.247720e-001	3.671560e-001	8.800000e-005	
1763	6.242840e-001	3.675960e-001	1.360000e-004	
1764	6.237800e-001	3.681320e-001	1.040000e-004	
1765	6.233600e-001	3.685320e-001	1.240000e-004	
1766	6.228960e-001	3.689960e-001	1.240000e-004	
1767	6.224600e-001	3.694840e-001	7.200000e-005	
1768	6.218560e-001	3.700960e-001	6.400000e-005	
1769	6.213040e-001	3.706440e-001	6.800000e-005	
1770	6.206240e-001	3.713080e-001	8.400000e-005	
1771	6.201320e-001	3.718040e-001	8.000000e-005	
1772	6.196360e-001	3.722960e-001	8.400000e-005	
1773	6.190920e-001	3.728400e-001	8.400000e-005	
1774	6.185920e-001	3.733320e-001	9.200000e-005	
1775	6.181160e-001	3.738360e-001	6.400000e-005	
1776	6.175240e-001	3.744320e-001	6.000000e-005	
1777	6.169160e-001	3.750600e-001	4.000000e-005	
1778	6.163720e-001	3.756040e-001	4.000000e-005	
1779	6.157800e-001	3.761920e-001	4.400000e-005	
1780	6.152360e-001	3.767320e-001	4.800000e-005	
1781	6.145920e-001	3.773800e-001	4.400000e-005	
1782	6.139440e-001	3.780400e-001	3.200000e-005	
1783	6.133400e-001	3.786320e-001	4.400000e-005	
1784	6.128200e-001	3.791640e-001	3.200000e-005	
1785	6.121320e-001	3.798480e-001	3.600000e-005	
1786	6.115000e-001	3.804920e-001	2.400000e-005	
1787	6.108840e-001	3.810920e-001	4.000000e-005	
1788	6.103680e-001	3.815960e-001	5.200000e-005	
1789	6.096720e-001	3.822840e-001	6.000000e-005	
1790	6.091600e-001	3.828040e-001	5.200000e-005	
1791	6.086360e-001	3.833280e-001	5.200000e-005	
1792	6.081040e-001	3.838840e-001	2.800000e-005	
1793	6.074880e-001	3.844960e-001	3.200000e-005	
1794	6.069720e-001	3.850040e-001	4.000000e-005	
1795	6.063880e-001	3.855880e-001	4.000000e-005	
1796	6.058760e-001	3.860960e-001	4.400000e-005	
1797	6.052960e-001	3.866800e-001	4.000000e-005	
1798	6.047360e-001	3.872160e-001	6.400000e-005	
1799	6.042080e-001	3.877480e-001	6.000000e-005	
1800	6.036720e-001	3.882880e-001	5.600000e-005	
1801	6.031120e-001	3.888320e-001	7.200000e-005	
1802	6.025320e-001	3.894120e-001	7.200000e-005	
1803	6.020120e-001	3.899200e-001	8.400000e-005	
1804	6.014840e-001	3.904360e-001	9.600000e-005	
1805	6.010280e-001	3.908440e-001	1.440000e-004	
1806	6.005880e-001	3.912760e-001	1.520000e-004	
1807	6.002520e-001	3.915800e-001	1.840000e-004	
1808	5.999040e-001	3.919000e-001	2.120000e-004	
1809	5.994320e-001	3.924000e-001	1.840000e-004	
1810	5.990800e-001	3.927080e-001	2.280000e-004	
1811	5.986560e-001	3.931120e-001	2.480000e-004	
1812	5.982480e-001	3.935240e-001	2.440000e-004	
1813	5.979160e-001	3.938560e-001	2.440000e-004	
1814	5.975240e-001	3.942400e-001	2.520000e-004	
1815	5.971480e-001	3.945920e-001	2.760000e-004	
1816	5.968920e-001	3.948480e-001	2.760000e-004	
1817	5.966080e-001	3.951720e-001	2.360000e-004	
1818	5.962640e-001	3.955000e-001	2.520000e-004	
1819	5.959360e-001	3.958240e-001	2.560000e-004	
1820	5.956760e-001	3.960040e-001	3.360000e-004	
1821	5.954280e-001	3.962720e-001	3.160000e-004	
1822	5.950920e-001	3.965680e-001	3.560000e-004	
1823	5.948240e-001	3.968120e-001	3.800000e-004	
1824	5.947120e-001	3.968680e-001	4.360000e-004	
1825	5.945520e-001	3.970000e-001	4.640000e-004	
1826	5.944800e-001	3.970360e-001	5.000000e-004	
1827	5.944120e-001	3.971480e-001	4.560000e-004	
1828	5.941880e-001	3.973640e-001	4.640000e-004	
1829	5.940320e-001	3.974520e-001	5.320000e-004	
1830	5.939200e-001	3.975600e-001	5.360000e-004	
1831	5.939280e-001	3.975760e-001	5.120000e-004	
1832	5.938560e-001	3.976360e-001	5.240000e-004	
1833	5.938040e-001	3.976720e-001	5.400000e-004	
1834	5.936400e-001	3.977520e-001	6.240000e-004	
1835	5.936800e-001	3.977360e-001	6.000000e-004	
1836	5.937040e-001	3.976080e-001	7.040000e-004	
1837	5.937280e-001	3.975480e-001	7.400000e-004	
1838	5.938240e-001	3.974480e-001	7.440000e-004	
1839	5.939560e-001	3.972160e-001	8.440000e-004	
1840	5.941840e-001	3.970160e-001	8.160000e-004	
1841	5.943920e-001	3.968480e-001	7.760000e-004	
1842	5.946280e-001	3.965720e-001	8.160000e-004	
1843	5.949040e-001	3.963160e-001	7.960000e-004	
1844	5.951920e-001	3.959680e-001	8.560000e-004	
1845	5.955480e-001	3.956000e-001	8.680000e-004	
1846	5.957640e-001	3.953240e-001	9.280000e-004	
1847	5.961040e-001	3.949240e-001	9.880000e-004	
1848	5.964080e-001	3.945200e-001	1.088000e-003	
1849	5.969440e-001	3.940440e-001	1.028000e-003	
1850	5.974120e-001	3.935240e-001	1.080000e-003	
1851	5.978840e-001	3.929720e-001	1.160000e-003	
1852	5.984440e-001	3.924520e-001	1.120000e-003	
1853	5.989880e-001	3.918680e-001	1.160000e-003	
1854	5.996240e-001	3.912000e-001	1.192000e-003	
1855	6.002240e-001	3.904280e-001	1.364000e-003	
1856	6.010040e-001	3.896200e-001	1.392000e-003	
1857	6.018280e-001	3.888440e-001	1.344000e-003	
1858	6.024680e-001	3.881640e-001	1.384000e-003	
1859	6.032800e-001	3.873200e-001	1.416000e-003	
1860	6.040640e-001	3.864520e-001	1.500000e-003	
1861	6.049720e-001	3.855080e-001	1.536000e-003	
1862	6.059360e-001	3.845800e-001	1.500000e-003	
1863	6.068520e-001	3.835920e-001	1.572000e-003	
1864	6.078400e-001	3.825600e-001	1.616000e-003	
1865	6.088960e-001	3.814240e-001	1.696000e-003	
1866	6.099600e-001	3.803120e-001	1.744000e-003	
1867	6.111800e-001	3.791880e-001	1.648000e-003	
1868	6.121320e-001	3.782960e-001	1.588000e-003	
1869	6.130040e-001	3.773960e-001	1.616000e-003	
1870	6.140480e-001	3.763400e-001	1.628000e-003	
1871	6.150120e-001	3.753800e-001	1.624000e-003	
1872	6.160160e-001	3.743000e-001	1.700000e-003	
1873	6.170800e-001	3.732240e-001	1.712000e-003	
1874	6.182040e-001	3.721240e-001	1.688000e-003	
1875	6.192640e-001	3.710760e-001	1.676000e-003	
1876	6.203680e-001	3.698200e-001	1.828000e-003	
1877	6.215760e-001	3.685120e-001	1.928000e-003	
1878	6.228640e-001	3.669800e-001	2.172000e-003	
1879	6.243960e-001	3.653560e-001	2.264000e-003	
1880	6.261080e-001	3.636440e-001	2.264000e-003	
1881	6.277720e-001	3.620120e-001	2.232000e-003	
1882	6.294080e-001	3.603720e-001	2.236000e-003	
1883	6.310520e-001	3.586560e-001	2.308000e-003	
1884	6.327400e-001	3.567880e-001	2.488000e-003	
1885	6.345920e-001	3.548040e-001	2.620000e-003	
1886	6.366080e-001	3.527120e-001	2.696000e-003	
1887	6.386600e-001	3.507080e-001	2.648000e-003	
1888	6.405480e-001	3.488200e-001	2.648000e-003	
1889	6.425880e-001	3.467480e-001	2.680000e-003	
1890	6.446600e-001	3.446960e-001	2.660000e-003	
1891	6.467600e-001	3.423680e-001	2.888000e-003	
1892	6.490360e-001	3.397880e-001	3.192000e-003	
1893	6.515840e-001	3.370440e-001	3.388000e-003	
1894	6.542880e-001	3.343080e-001	3.420000e-003	
1895	6.570400e-001	3.314320e-001	3.544000e-003	
1896	6.599320e-001	3.283520e-001	3.732000e-003	
1897	6.629640e-001	3.253240e-001	3.728000e-003	
1898	6.660360e-001	3.221720e-001	3.808000e-003	
1899	6.692600e-001	3.188000e-001	3.956000e-003	
1900	6.725600e-001	3.155720e-001	3.884000e-003	
1901	6.759080e-001	3.121200e-001	3.988000e-003	
1902	6.792520e-001	3.086560e-001	4.108000e-003	
1903	6.826400e-001	3.052800e-001	4.096000e-003	
1904	6.860360e-001	3.018480e-001	4.132000e-003	
1905	6.895320e-001	2.983000e-001	4.184000e-003	
1906	6.929760e-001	2.949000e-001	4.140000e-003	
1907	6.964920e-001	2.912800e-001	4.244000e-003	
1908	7.000400e-001	2.876000e-001	4.376000e-003	
1909	7.037320e-001	2.839520e-001	4.332000e-003	
1910	7.073360e-001	2.806000e-001	4.080000e-003	
1911	7.107440e-001	2.770520e-001	4.220000e-003	
1912	7.142240e-001	2.733000e-001	4.492000e-003	
1913	7.180520e-001	2.695600e-001	4.404000e-003	
1914	7.216760e-001	2.656800e-001	4.660000e-003	
1915	7.256400e-001	2.618760e-001	4.500000e-003	
1916	7.293960e-001	2.580600e-001	4.560000e-003	
1917	7.332360e-001	2.544560e-001	4.324000e-003	
1918	7.368760e-001	2.506200e-001	4.520000e-003	
1919	7.407320e-001	2.471840e-001	4.100000e-003	
1920	7.441320e-001	2.438120e-001	4.072000e-003	
1921	7.475360e-001	2.404360e-001	4.044000e-003	
1922	7.508400e-001	2.370520e-001	4.124000e-003	
1923	7.542800e-001	2.334760e-001	4.260000e-003	
1924	7.577080e-001	2.300160e-001	4.292000e-003	
1925	7.612280e-001	2.267000e-001	4.088000e-003	
1926	7.644640e-001	2.233720e-001	4.180000e-003	
1927	7.677280e-001	2.201400e-001	4.148000e-003	
1928	7.712120e-001	2.169120e-001	3.892000e-003	
1929	7.743440e-001	2.138000e-001	3.872000e-003	
1930	7.774360e-001	2.108600e-001	3.720000e-003	
1931	7.803880e-001	2.081680e-001	3.460000e-003	
1932	7.830120e-001	2.057160e-001	3.288000e-003	
1933	7.855040e-001	2.031040e-001	3.408000e-003	
1934	7.880080e-001	2.005320e-001	3.476000e-003	
1935	7.907520e-001	1.977040e-001	3.560000e-003	
1936	7.935840e-001	1.949160e-001	3.516000e-003	
1937	7.963240e-001	1.920480e-001	3.644000e-003	
1938	7.991360e-001	1.892840e-001	3.596000e-003	
1939	8.020360e-001	1.865880e-001	3.392000e-003	
1940	8.046680e-001	1.839240e-001	3.424000e-003	
1941	8.072880e-001	1.813360e-001	3.392000e-003	
1942	8.098720e-001	1.787480e-001	3.396000e-003	
1943	8.124280e-001	1.761760e-001	3.412000e-003	
1944	8.150160e-001	1.735960e-001	3.404000e-003	
1945	8.176600e-001	1.709520e-001	3.404000e-003	
1946	8.202960e-001	1.685080e-001	3.212000e-003	
1947	8.227520e-001	1.662200e-001	3.044000e-003	
1948	8.249880e-001	1.639280e-001	3.100000e-003	
1949	8.273480e-001	1.616000e-001	3.068000e-003	
1950	8.296160e-001	1.591160e-001	3.284000e-003	
1951	8.320320e-001	1.566240e-001	3.360000e-003	
1952	8.345560e-001	1.541920e-001	3.268000e-003	
1953	8.370400e-001	1.519360e-001	3.040000e-003	
1954	8.392960e-001	1.499240e-001	2.796000e-003	
1955	8.412320e-001	1.479800e-001	2.804000e-003	
1956	8.432480e-001	1.457400e-001	3.028000e-003	
1957	8.453800e-001	1.436160e-001	3.020000e-003	
1958	8.475560e-001	1.416040e-001	2.856000e-003	
1959	8.496160e-001	1.396040e-001	2.796000e-003	
1960	8.515720e-001	1.376680e-001	2.776000e-003	
1961	8.535160e-001	1.357240e-001	2.776000e-003	
1962	8.553120e-001	1.339200e-001	2.784000e-003	
1963	8.572840e-001	1.321240e-001	2.608000e-003	
1964	8.590040e-001	1.303680e-001	2.644000e-003	
1965	8.607480e-001	1.287280e-001	2.540000e-003	
1966	8.625400e-001	1.269720e-001	2.504000e-003	
1967	8.640560e-001	1.255640e-001	2.396000e-003	
1968	8.654880e-001	1.241480e-001	2.380000e-003	
1969	8.669240e-001	1.227000e-001	2.392000e-003	
1970	8.684520e-001	1.212360e-001	2.328000e-003	
1971	8.698440e-001	1.198680e-001	2.304000e-003	
1972	8.712840e-001	1.185520e-001	2.180000e-003	
1973	8.726040e-001	1.171960e-001	2.216000e-003	
1974	8.739040e-001	1.160000e-001	2.112000e-003	
1975	8.751600e-001	1.147440e-001	2.112000e-003	
1976	8.764440e-001	1.136400e-001	1.932000e-003	
1977	8.774080e-001	1.128640e-001	1.744000e-003	
1978	8.782440e-001	1.119520e-001	1.820000e-003	
1979	8.791600e-001	1.110480e-001	1.808000e-003	
1980	8.800040e-001	1.101960e-001	1.816000e-003	
1981	8.808800e-001	1.095200e-001	1.616000e-003	
1982	8.816440e-001	1.088440e-001	1.528000e-003	
1983	8.823120e-001	1.081800e-001	1.524000e-003	
1984	8.828400e-001	1.075760e-001	1.600000e-003	
1985	8.834960e-001	1.071320e-001	1.388000e-003	
1986	8.840400e-001	1.065760e-001	1.400000e-003	
1987	8.845640e-001	1.060640e-001	1.388000e-003	
1988	8.851160e-001	1.055480e-001	1.352000e-003	
1989	8.854640e-001	1.053200e-001	1.232000e-003	
1990	8.856480e-001	1.051120e-001	1.256000e-003	
1991	8.859360e-001	1.050120e-001	1.068000e-003	
1992	8.862160e-001	1.047600e-001	1.040000e-003	
1993	8.863720e-001	1.045760e-001	1.068000e-003	
1994	8.865960e-001	1.045000e-001	9.200000e-004	
1995	8.867160e-001	1.043920e-001	9.080000e-004	
1996	8.867120e-001	1.044840e-001	8.200000e-004	
1997	8.867280e-001	1.044120e-001	8.760000e-004	
1998	8.867120e-001	1.044960e-001	8.080000e-004	
1999	8.866440e-001	1.045560e-001	8.160000e-004	
2000	8.865800e-001	1.047800e-001	6.560000e-004	
2001	8.863360e-001	1.050760e-001	6.040000e-004	
