1	4.956400e-001	4.963760e-001	0	
2	4.905880e-001	5.013720e-001	5.600000e-005	
3	4.855120e-001	5.062240e-001	2.800000e-004	
4	4.810720e-001	5.103280e-001	6.160000e-004	
5	4.768720e-001	5.140800e-001	1.064000e-003	
6	4.730520e-001	5.174080e-001	1.556000e-003	
7	4.697880e-001	5.200360e-001	2.192000e-003	
8	4.672920e-001	5.217200e-001	3.004000e-003	
9	4.658160e-001	5.221720e-001	4.028000e-003	
10	4.650720e-001	5.217120e-001	5.232000e-003	
11	4.655520e-001	5.196520e-001	6.812000e-003	
12	4.674920e-001	5.163160e-001	8.208000e-003	
13	4.711160e-001	5.110440e-001	9.856000e-003	
14	4.761560e-001	5.043320e-001	1.152800e-002	
15	4.829120e-001	4.958480e-001	1.325600e-002	
16	4.915360e-001	4.850560e-001	1.542400e-002	
17	5.019720e-001	4.725680e-001	1.747600e-002	
18	5.143520e-001	4.581120e-001	1.955200e-002	
19	5.287400e-001	4.417120e-001	2.156400e-002	
20	5.450760e-001	4.240600e-001	2.288000e-002	
21	5.624560e-001	4.049960e-001	2.456400e-002	
22	5.813720e-001	3.849560e-001	2.568800e-002	
23	6.012720e-001	3.637600e-001	2.698400e-002	
24	6.222520e-001	3.412440e-001	2.852000e-002	
25	6.446920e-001	3.180360e-001	2.928800e-002	
26	6.674520e-001	2.954640e-001	2.910000e-002	
27	6.897680e-001	2.723000e-001	2.994800e-002	
28	7.127520e-001	2.498600e-001	2.940400e-002	
29	7.347960e-001	2.295640e-001	2.765600e-002	
30	7.551040e-001	2.106560e-001	2.625600e-002	
31	7.736760e-001	1.937400e-001	2.460000e-002	
32	7.908080e-001	1.795320e-001	2.167600e-002	
33	8.046160e-001	1.689360e-001	1.846400e-002	
34	8.150360e-001	1.599000e-001	1.708000e-002	
35	8.243880e-001	1.522800e-001	1.534800e-002	
36	8.311120e-001	1.476040e-001	1.330000e-002	
37	8.359200e-001	1.448040e-001	1.129200e-002	
38	8.391760e-001	1.432120e-001	9.628000e-003	
39	8.401160e-001	1.442360e-001	7.664000e-003	
40	8.394360e-001	1.461960e-001	6.384000e-003	
41	8.376160e-001	1.492040e-001	5.196000e-003	
42	8.345280e-001	1.533600e-001	4.128000e-003	
43	8.304080e-001	1.583880e-001	3.220000e-003	
44	8.249480e-001	1.646320e-001	2.436000e-003	
45	8.190560e-001	1.710520e-001	1.908000e-003	
46	8.127640e-001	1.777560e-001	1.496000e-003	
47	8.060240e-001	1.847680e-001	1.224000e-003	
48	7.986160e-001	1.924360e-001	9.640000e-004	
49	7.914960e-001	1.996680e-001	8.520000e-004	
50	7.845040e-001	2.068960e-001	6.160000e-004	
51	7.773520e-001	2.141400e-001	5.240000e-004	
52	7.701520e-001	2.214640e-001	4.000000e-004	
53	7.629680e-001	2.287000e-001	3.480000e-004	
54	7.555560e-001	2.361080e-001	3.520000e-004	
55	7.483920e-001	2.432480e-001	3.760000e-004	
56	7.413280e-001	2.502560e-001	4.320000e-004	
57	7.345200e-001	2.570600e-001	4.360000e-004	
58	7.273640e-001	2.642280e-001	4.240000e-004	
59	7.206120e-001	2.709480e-001	4.560000e-004	
60	7.139880e-001	2.775520e-001	4.760000e-004	
61	7.074200e-001	2.839920e-001	6.040000e-004	
62	7.010000e-001	2.903280e-001	6.880000e-004	
63	6.946840e-001	2.965840e-001	7.480000e-004	
64	6.886000e-001	3.024800e-001	9.360000e-004	
65	6.825920e-001	3.083040e-001	1.120000e-003	
66	6.769120e-001	3.138920e-001	1.212000e-003	
67	6.714960e-001	3.191400e-001	1.380000e-003	
68	6.661680e-001	3.243800e-001	1.468000e-003	
69	6.608000e-001	3.296920e-001	1.524000e-003	
70	6.554640e-001	3.349360e-001	1.616000e-003	
71	6.505800e-001	3.395640e-001	1.872000e-003	
72	6.461480e-001	3.438280e-001	2.040000e-003	
73	6.414560e-001	3.484360e-001	2.124000e-003	
74	6.370880e-001	3.526560e-001	2.272000e-003	
75	6.326560e-001	3.568080e-001	2.552000e-003	
76	6.289360e-001	3.600560e-001	3.024000e-003	
77	6.258920e-001	3.628680e-001	3.256000e-003	
78	6.227560e-001	3.658080e-001	3.452000e-003	
79	6.199440e-001	3.682920e-001	3.780000e-003	
80	6.175800e-001	3.701960e-001	4.240000e-003	
81	6.157320e-001	3.715800e-001	4.704000e-003	
82	6.143800e-001	3.725800e-001	5.056000e-003	
83	6.130920e-001	3.733720e-001	5.552000e-003	
84	6.126360e-001	3.730400e-001	6.340000e-003	
85	6.128720e-001	3.723480e-001	6.796000e-003	
86	6.137480e-001	3.706680e-001	7.600000e-003	
87	6.150920e-001	3.685840e-001	8.340000e-003	
88	6.172680e-001	3.655600e-001	9.188000e-003	
89	6.203240e-001	3.615280e-001	1.016400e-002	
90	6.244000e-001	3.565400e-001	1.107600e-002	
91	6.292480e-001	3.507440e-001	1.202400e-002	
92	6.350160e-001	3.443200e-001	1.268000e-002	
93	6.413240e-001	3.371320e-001	1.356000e-002	
94	6.483000e-001	3.296000e-001	1.411600e-002	
95	6.560360e-001	3.214920e-001	1.448800e-002	
96	6.638280e-001	3.130080e-001	1.518000e-002	
97	6.723560e-001	3.039640e-001	1.569600e-002	
98	6.812480e-001	2.944480e-001	1.632000e-002	
99	6.907320e-001	2.848800e-001	1.640400e-002	
100	7.002960e-001	2.753680e-001	1.635200e-002	
101	7.098800e-001	2.654000e-001	1.673600e-002	
102	7.194800e-001	2.555680e-001	1.696800e-002	
103	7.294320e-001	2.454640e-001	1.712000e-002	
104	7.393880e-001	2.358640e-001	1.676400e-002	
105	7.488960e-001	2.267680e-001	1.635200e-002	
106	7.574960e-001	2.188640e-001	1.565600e-002	
107	7.655640e-001	2.115240e-001	1.492800e-002	
108	7.728280e-001	2.051560e-001	1.403200e-002	
109	7.793000e-001	1.992600e-001	1.345600e-002	
110	7.846800e-001	1.947480e-001	1.258800e-002	
111	7.892600e-001	1.907080e-001	1.204800e-002	
112	7.931880e-001	1.874080e-001	1.142000e-002	
113	7.968680e-001	1.846080e-001	1.054000e-002	
114	7.994040e-001	1.827240e-001	9.888000e-003	
115	8.011480e-001	1.815880e-001	9.280000e-003	
116	8.024600e-001	1.810480e-001	8.508000e-003	
117	8.027960e-001	1.815680e-001	7.652000e-003	
118	8.021960e-001	1.829760e-001	6.844000e-003	
119	8.010680e-001	1.850080e-001	5.940000e-003	
120	7.989160e-001	1.879320e-001	5.168000e-003	
121	7.960880e-001	1.914880e-001	4.440000e-003	
122	7.926080e-001	1.955440e-001	3.864000e-003	
123	7.887960e-001	2.000720e-001	3.148000e-003	
124	7.838960e-001	2.054240e-001	2.696000e-003	
125	7.786120e-001	2.110480e-001	2.356000e-003	
126	7.732880e-001	2.165640e-001	2.164000e-003	
127	7.678880e-001	2.221640e-001	1.964000e-003	
128	7.623440e-001	2.281520e-001	1.520000e-003	
129	7.563200e-001	2.343120e-001	1.384000e-003	
130	7.501480e-001	2.406360e-001	1.232000e-003	
131	7.437840e-001	2.469920e-001	1.240000e-003	
132	7.376960e-001	2.531720e-001	1.148000e-003	
133	7.314640e-001	2.595000e-001	1.052000e-003	
134	7.254160e-001	2.655320e-001	1.068000e-003	
135	7.193360e-001	2.715960e-001	1.084000e-003	
136	7.133720e-001	2.774000e-001	1.244000e-003	
137	7.072200e-001	2.834800e-001	1.316000e-003	
138	7.014600e-001	2.891120e-001	1.444000e-003	
139	6.960080e-001	2.944400e-001	1.568000e-003	
140	6.903400e-001	2.999320e-001	1.744000e-003	
141	6.851240e-001	3.049720e-001	1.920000e-003	
142	6.801360e-001	3.098600e-001	2.020000e-003	
143	6.751600e-001	3.146520e-001	2.204000e-003	
144	6.704360e-001	3.191680e-001	2.412000e-003	
145	6.661920e-001	3.231600e-001	2.664000e-003	
146	6.621960e-001	3.268880e-001	2.932000e-003	
147	6.585640e-001	3.303640e-001	3.088000e-003	
148	6.553240e-001	3.333240e-001	3.368000e-003	
149	6.520680e-001	3.363520e-001	3.596000e-003	
150	6.491720e-001	3.388400e-001	4.004000e-003	
151	6.468240e-001	3.408480e-001	4.344000e-003	
152	6.450840e-001	3.421920e-001	4.740000e-003	
153	6.432640e-001	3.437080e-001	5.044000e-003	
154	6.418400e-001	3.447160e-001	5.460000e-003	
155	6.406320e-001	3.455840e-001	5.800000e-003	
156	6.399520e-001	3.458960e-001	6.168000e-003	
157	6.395440e-001	3.458000e-001	6.672000e-003	
158	6.397520e-001	3.451640e-001	7.100000e-003	
159	6.403280e-001	3.440120e-001	7.676000e-003	
160	6.417520e-001	3.419680e-001	8.296000e-003	
161	6.435120e-001	3.395880e-001	8.916000e-003	
162	6.460680e-001	3.363800e-001	9.568000e-003	
163	6.490480e-001	3.327960e-001	1.017200e-002	
164	6.531360e-001	3.282800e-001	1.060000e-002	
165	6.571320e-001	3.241440e-001	1.074000e-002	
166	6.613680e-001	3.192120e-001	1.143600e-002	
167	6.663200e-001	3.136760e-001	1.202000e-002	
168	6.716280e-001	3.077200e-001	1.266800e-002	
169	6.776960e-001	3.013320e-001	1.298800e-002	
170	6.835040e-001	2.952320e-001	1.328000e-002	
171	6.899040e-001	2.885000e-001	1.361200e-002	
172	6.965400e-001	2.814160e-001	1.406000e-002	
173	7.037720e-001	2.738480e-001	1.439600e-002	
174	7.110480e-001	2.667920e-001	1.417600e-002	
175	7.183280e-001	2.591440e-001	1.454400e-002	
176	7.258440e-001	2.516800e-001	1.449200e-002	
177	7.333040e-001	2.445080e-001	1.420400e-002	
178	7.401200e-001	2.378560e-001	1.404000e-002	
179	7.465800e-001	2.313200e-001	1.411600e-002	
180	7.532080e-001	2.247800e-001	1.402800e-002	
181	7.595120e-001	2.191240e-001	1.338000e-002	
182	7.652680e-001	2.133040e-001	1.344400e-002	
183	7.714600e-001	2.072400e-001	1.331600e-002	
184	7.770560e-001	2.017840e-001	1.317600e-002	
185	7.826800e-001	1.969880e-001	1.234800e-002	
186	7.869960e-001	1.937120e-001	1.130800e-002	
187	7.904960e-001	1.911360e-001	1.038400e-002	
188	7.932440e-001	1.890280e-001	9.744000e-003	
189	7.949840e-001	1.880160e-001	9.016000e-003	
190	7.962240e-001	1.874200e-001	8.372000e-003	
191	7.968640e-001	1.875960e-001	7.556000e-003	
192	7.965640e-001	1.888520e-001	6.600000e-003	
193	7.954000e-001	1.907480e-001	5.868000e-003	
194	7.933880e-001	1.934200e-001	5.208000e-003	
195	7.906800e-001	1.968880e-001	4.448000e-003	
196	7.871160e-001	2.011160e-001	3.784000e-003	
197	7.831960e-001	2.056040e-001	3.216000e-003	
198	7.788320e-001	2.101880e-001	2.996000e-003	
199	7.738160e-001	2.153360e-001	2.864000e-003	
200	7.691280e-001	2.201200e-001	2.768000e-003	
201	7.641920e-001	2.254360e-001	2.388000e-003	
202	7.588840e-001	2.309120e-001	2.220000e-003	
203	7.534160e-001	2.364960e-001	2.104000e-003	
204	7.478680e-001	2.421000e-001	2.048000e-003	
205	7.420200e-001	2.480360e-001	1.960000e-003	
206	7.366480e-001	2.533840e-001	1.984000e-003	
207	7.312880e-001	2.588720e-001	1.856000e-003	
208	7.258960e-001	2.644080e-001	1.712000e-003	
209	7.205000e-001	2.698680e-001	1.648000e-003	
210	7.148400e-001	2.753400e-001	1.836000e-003	
211	7.094800e-001	2.805280e-001	2.008000e-003	
212	7.044440e-001	2.856120e-001	1.960000e-003	
213	6.994200e-001	2.905760e-001	2.020000e-003	
214	6.946920e-001	2.950600e-001	2.264000e-003	
215	6.896520e-001	2.998960e-001	2.468000e-003	
216	6.851800e-001	3.043360e-001	2.500000e-003	
217	6.808400e-001	3.086480e-001	2.528000e-003	
218	6.764760e-001	3.128760e-001	2.664000e-003	
219	6.723760e-001	3.168120e-001	2.828000e-003	
220	6.682880e-001	3.209000e-001	2.828000e-003	
221	6.643080e-001	3.245080e-001	3.200000e-003	
222	6.609200e-001	3.276760e-001	3.420000e-003	
223	6.577640e-001	3.307440e-001	3.508000e-003	
224	6.547240e-001	3.337280e-001	3.564000e-003	
225	6.516320e-001	3.366000e-001	3.784000e-003	
226	6.489720e-001	3.391480e-001	3.896000e-003	
227	6.461720e-001	3.415800e-001	4.264000e-003	
228	6.438920e-001	3.433920e-001	4.732000e-003	
229	6.419080e-001	3.449000e-001	5.208000e-003	
230	6.407800e-001	3.458040e-001	5.432000e-003	
231	6.397560e-001	3.463920e-001	5.868000e-003	
232	6.391520e-001	3.467640e-001	6.100000e-003	
233	6.387360e-001	3.465560e-001	6.724000e-003	
234	6.389520e-001	3.457840e-001	7.280000e-003	
235	6.399560e-001	3.439520e-001	8.108000e-003	
236	6.415040e-001	3.419640e-001	8.548000e-003	
237	6.438440e-001	3.391440e-001	9.028000e-003	
238	6.464920e-001	3.360680e-001	9.456000e-003	
239	6.495160e-001	3.322560e-001	1.024400e-002	
240	6.534120e-001	3.279280e-001	1.067600e-002	
241	6.580400e-001	3.227880e-001	1.118800e-002	
242	6.626480e-001	3.172040e-001	1.216400e-002	
243	6.684440e-001	3.108080e-001	1.276400e-002	
244	6.743200e-001	3.044960e-001	1.320000e-002	
245	6.807440e-001	2.974880e-001	1.378400e-002	
246	6.881560e-001	2.900000e-001	1.386000e-002	
247	6.951440e-001	2.825720e-001	1.430000e-002	
248	7.024720e-001	2.751760e-001	1.436800e-002	
249	7.096240e-001	2.678360e-001	1.455600e-002	
250	7.173000e-001	2.598720e-001	1.484400e-002	
251	7.247680e-001	2.523360e-001	1.491200e-002	
252	7.323720e-001	2.445080e-001	1.513600e-002	
253	7.402760e-001	2.369520e-001	1.478800e-002	
254	7.476200e-001	2.301920e-001	1.420400e-002	
255	7.545120e-001	2.236080e-001	1.389600e-002	
256	7.607920e-001	2.176760e-001	1.354800e-002	
257	7.665880e-001	2.122120e-001	1.321600e-002	
258	7.718720e-001	2.076760e-001	1.246800e-002	
259	7.768360e-001	2.030600e-001	1.212000e-002	
260	7.811800e-001	1.995080e-001	1.132800e-002	
261	7.844880e-001	1.971240e-001	1.040400e-002	
262	7.869240e-001	1.956840e-001	9.408000e-003	
263	7.883960e-001	1.949760e-001	8.644000e-003	
264	7.891560e-001	1.949840e-001	7.876000e-003	
265	7.892040e-001	1.956360e-001	7.176000e-003	
266	7.884160e-001	1.971320e-001	6.468000e-003	
267	7.870280e-001	1.989360e-001	6.052000e-003	
268	7.854000e-001	2.008360e-001	5.780000e-003	
269	7.835480e-001	2.030160e-001	5.452000e-003	
270	7.813720e-001	2.055280e-001	5.116000e-003	
271	7.787560e-001	2.086280e-001	4.632000e-003	
272	7.756640e-001	2.120240e-001	4.328000e-003	
273	7.722560e-001	2.156880e-001	4.072000e-003	
274	7.686600e-001	2.197040e-001	3.652000e-003	
275	7.647640e-001	2.240840e-001	3.168000e-003	
276	7.599400e-001	2.290280e-001	3.048000e-003	
277	7.553000e-001	2.338880e-001	2.828000e-003	
278	7.505800e-001	2.387520e-001	2.684000e-003	
279	7.456840e-001	2.436720e-001	2.660000e-003	
280	7.410320e-001	2.484080e-001	2.576000e-003	
281	7.364680e-001	2.530600e-001	2.488000e-003	
282	7.316240e-001	2.578840e-001	2.508000e-003	
283	7.263760e-001	2.630960e-001	2.544000e-003	
284	7.215800e-001	2.678440e-001	2.592000e-003	
285	7.169320e-001	2.724320e-001	2.652000e-003	
286	7.124200e-001	2.767280e-001	2.868000e-003	
287	7.082400e-001	2.807240e-001	3.052000e-003	
288	7.042120e-001	2.846160e-001	3.188000e-003	
289	7.003000e-001	2.882760e-001	3.440000e-003	
290	6.968080e-001	2.915800e-001	3.628000e-003	
291	6.933920e-001	2.950520e-001	3.572000e-003	
292	6.898280e-001	2.986440e-001	3.544000e-003	
293	6.865360e-001	3.018440e-001	3.636000e-003	
294	6.831400e-001	3.051560e-001	3.720000e-003	
295	6.797440e-001	3.081120e-001	4.160000e-003	
296	6.767400e-001	3.107280e-001	4.548000e-003	
297	6.746240e-001	3.127480e-001	4.644000e-003	
298	6.727400e-001	3.144240e-001	4.852000e-003	
299	6.706520e-001	3.162360e-001	5.128000e-003	
300	6.694680e-001	3.172200e-001	5.328000e-003	
301	6.680560e-001	3.182400e-001	5.720000e-003	
302	6.669280e-001	3.192400e-001	5.848000e-003	
303	6.660480e-001	3.202640e-001	5.704000e-003	
304	6.650040e-001	3.211720e-001	5.840000e-003	
305	6.645320e-001	3.211200e-001	6.364000e-003	
306	6.644960e-001	3.208840e-001	6.636000e-003	
307	6.646120e-001	3.202600e-001	7.144000e-003	
308	6.650720e-001	3.193520e-001	7.592000e-003	
309	6.662040e-001	3.176360e-001	8.176000e-003	
310	6.676720e-001	3.158440e-001	8.500000e-003	
311	6.693240e-001	3.135640e-001	9.128000e-003	
312	6.717680e-001	3.108440e-001	9.404000e-003	
313	6.745280e-001	3.075360e-001	9.952000e-003	
314	6.774960e-001	3.044200e-001	1.010000e-002	
315	6.806080e-001	3.010320e-001	1.037600e-002	
316	6.841800e-001	2.971000e-001	1.073600e-002	
317	6.878680e-001	2.926880e-001	1.146000e-002	
318	6.924720e-001	2.875320e-001	1.201200e-002	
319	6.977200e-001	2.822320e-001	1.206400e-002	
320	7.032840e-001	2.768320e-001	1.190000e-002	
321	7.080040e-001	2.717760e-001	1.223600e-002	
322	7.132240e-001	2.661360e-001	1.265600e-002	
323	7.187400e-001	2.604320e-001	1.284400e-002	
324	7.245040e-001	2.546640e-001	1.284800e-002	
325	7.298760e-001	2.496080e-001	1.253200e-002	
326	7.353760e-001	2.443960e-001	1.224400e-002	
327	7.406600e-001	2.396480e-001	1.170800e-002	
328	7.449280e-001	2.354760e-001	1.161200e-002	
329	7.488800e-001	2.313240e-001	1.181200e-002	
330	7.530320e-001	2.276600e-001	1.132400e-002	
331	7.568160e-001	2.244280e-001	1.077200e-002	
332	7.600480e-001	2.216240e-001	1.034400e-002	
333	7.626360e-001	2.195560e-001	9.824000e-003	
334	7.648160e-001	2.178040e-001	9.396000e-003	
335	7.663560e-001	2.166360e-001	9.024000e-003	
336	7.677760e-001	2.157600e-001	8.480000e-003	
337	7.683400e-001	2.154800e-001	8.196000e-003	
338	7.689800e-001	2.150320e-001	8.004000e-003	
339	7.693520e-001	2.150520e-001	7.612000e-003	
340	7.692560e-001	2.155320e-001	7.228000e-003	
341	7.687240e-001	2.164760e-001	6.816000e-003	
342	7.680560e-001	2.175320e-001	6.428000e-003	
343	7.668480e-001	2.191280e-001	6.040000e-003	
344	7.653600e-001	2.209240e-001	5.732000e-003	
345	7.635960e-001	2.229800e-001	5.440000e-003	
346	7.614880e-001	2.249800e-001	5.548000e-003	
347	7.597240e-001	2.270280e-001	5.264000e-003	
348	7.573440e-001	2.298040e-001	4.868000e-003	
349	7.545760e-001	2.329560e-001	4.484000e-003	
350	7.512920e-001	2.366640e-001	4.060000e-003	
351	7.477840e-001	2.402840e-001	3.948000e-003	
352	7.440520e-001	2.441520e-001	3.812000e-003	
353	7.403320e-001	2.478480e-001	3.836000e-003	
354	7.367320e-001	2.516280e-001	3.656000e-003	
355	7.331640e-001	2.555120e-001	3.340000e-003	
356	7.293920e-001	2.595240e-001	3.100000e-003	
357	7.255240e-001	2.634520e-001	3.040000e-003	
358	7.215840e-001	2.672560e-001	3.176000e-003	
359	7.174760e-001	2.713320e-001	3.208000e-003	
360	7.137160e-001	2.750960e-001	3.204000e-003	
361	7.099520e-001	2.790080e-001	3.056000e-003	
362	7.059440e-001	2.828400e-001	3.232000e-003	
363	7.018320e-001	2.867640e-001	3.420000e-003	
364	6.983360e-001	2.900760e-001	3.604000e-003	
365	6.948360e-001	2.934320e-001	3.748000e-003	
366	6.916200e-001	2.964400e-001	3.956000e-003	
367	6.887920e-001	2.990520e-001	4.172000e-003	
368	6.860840e-001	3.016800e-001	4.252000e-003	
369	6.837280e-001	3.040040e-001	4.284000e-003	
370	6.812480e-001	3.062600e-001	4.508000e-003	
371	6.790120e-001	3.081160e-001	4.888000e-003	
372	6.770960e-001	3.098440e-001	5.076000e-003	
373	6.754520e-001	3.112360e-001	5.328000e-003	
374	6.742760e-001	3.119600e-001	5.780000e-003	
375	6.734360e-001	3.126680e-001	5.912000e-003	
376	6.725080e-001	3.136440e-001	5.864000e-003	
377	6.715920e-001	3.140280e-001	6.396000e-003	
378	6.716080e-001	3.136280e-001	6.780000e-003	
379	6.716000e-001	3.137200e-001	6.696000e-003	
380	6.716520e-001	3.133240e-001	7.040000e-003	
381	6.718320e-001	3.129160e-001	7.268000e-003	
382	6.722480e-001	3.122160e-001	7.552000e-003	
383	6.730400e-001	3.111440e-001	7.832000e-003	
384	6.742040e-001	3.097360e-001	8.076000e-003	
385	6.756240e-001	3.080320e-001	8.360000e-003	
386	6.770880e-001	3.060880e-001	8.840000e-003	
387	6.792320e-001	3.036800e-001	9.104000e-003	
388	6.817400e-001	3.007800e-001	9.496000e-003	
389	6.845880e-001	2.979920e-001	9.436000e-003	
390	6.871520e-001	2.949360e-001	9.928000e-003	
391	6.904240e-001	2.913760e-001	1.021600e-002	
392	6.937040e-001	2.877840e-001	1.052800e-002	
393	6.973520e-001	2.838800e-001	1.078400e-002	
394	7.011160e-001	2.796600e-001	1.124000e-002	
395	7.050880e-001	2.757360e-001	1.119200e-002	
396	7.094920e-001	2.708920e-001	1.163200e-002	
397	7.140400e-001	2.662360e-001	1.174000e-002	
398	7.187480e-001	2.619960e-001	1.127200e-002	
399	7.227920e-001	2.578720e-001	1.135200e-002	
400	7.270800e-001	2.533400e-001	1.159600e-002	
401	7.314280e-001	2.490720e-001	1.151600e-002	
402	7.356160e-001	2.454480e-001	1.095200e-002	
403	7.389840e-001	2.423960e-001	1.063600e-002	
404	7.423080e-001	2.388280e-001	1.088000e-002	
405	7.460920e-001	2.347680e-001	1.115600e-002	
406	7.500600e-001	2.308240e-001	1.113200e-002	
407	7.534560e-001	2.282200e-001	1.034000e-002	
408	7.564400e-001	2.253960e-001	1.018000e-002	
409	7.588200e-001	2.230360e-001	1.016000e-002	
410	7.613480e-001	2.212240e-001	9.444000e-003	
411	7.630680e-001	2.197440e-001	9.204000e-003	
412	7.643600e-001	2.190560e-001	8.600000e-003	
413	7.654800e-001	2.185920e-001	7.944000e-003	
414	7.657640e-001	2.186280e-001	7.624000e-003	
415	7.657480e-001	2.188400e-001	7.428000e-003	
416	7.653760e-001	2.197320e-001	6.908000e-003	
417	7.645360e-001	2.209720e-001	6.508000e-003	
418	7.633600e-001	2.225640e-001	6.092000e-003	
419	7.621040e-001	2.240080e-001	5.904000e-003	
420	7.607080e-001	2.256400e-001	5.668000e-003	
421	7.589040e-001	2.278280e-001	5.284000e-003	
422	7.566960e-001	2.300840e-001	5.236000e-003	
423	7.542200e-001	2.329120e-001	4.884000e-003	
424	7.517640e-001	2.355440e-001	4.708000e-003	
425	7.486720e-001	2.388240e-001	4.520000e-003	
426	7.454480e-001	2.423760e-001	4.192000e-003	
427	7.420400e-001	2.457080e-001	4.268000e-003	
428	7.389880e-001	2.487520e-001	4.276000e-003	
429	7.353560e-001	2.525280e-001	4.132000e-003	
430	7.322880e-001	2.555520e-001	4.176000e-003	
431	7.291560e-001	2.589160e-001	3.944000e-003	
432	7.257640e-001	2.624320e-001	3.820000e-003	
433	7.226240e-001	2.653320e-001	4.060000e-003	
434	7.198280e-001	2.681600e-001	4.028000e-003	
435	7.167600e-001	2.710680e-001	4.188000e-003	
436	7.135360e-001	2.742040e-001	4.276000e-003	
437	7.105960e-001	2.771560e-001	4.264000e-003	
438	7.077440e-001	2.800560e-001	4.216000e-003	
439	7.049560e-001	2.826360e-001	4.424000e-003	
440	7.025440e-001	2.845360e-001	4.936000e-003	
441	7.006160e-001	2.866160e-001	4.784000e-003	
442	6.982640e-001	2.889320e-001	4.820000e-003	
443	6.963880e-001	2.907880e-001	4.840000e-003	
444	6.941880e-001	2.928160e-001	5.012000e-003	
445	6.923360e-001	2.947800e-001	4.900000e-003	
446	6.902920e-001	2.966840e-001	5.040000e-003	
447	6.881840e-001	2.984320e-001	5.400000e-003	
448	6.864800e-001	2.996720e-001	5.864000e-003	
449	6.853880e-001	3.001480e-001	6.480000e-003	
450	6.850880e-001	2.997680e-001	7.160000e-003	
451	6.855040e-001	2.989280e-001	7.584000e-003	
452	6.861440e-001	2.981120e-001	7.760000e-003	
453	6.870360e-001	2.972240e-001	7.756000e-003	
454	6.882000e-001	2.958760e-001	7.940000e-003	
455	6.892680e-001	2.945840e-001	8.164000e-003	
456	6.908040e-001	2.931520e-001	8.060000e-003	
457	6.917520e-001	2.921880e-001	8.076000e-003	
458	6.927040e-001	2.912600e-001	8.052000e-003	
459	6.935440e-001	2.902360e-001	8.236000e-003	
460	6.950000e-001	2.883240e-001	8.692000e-003	
461	6.967400e-001	2.867000e-001	8.576000e-003	
462	6.983440e-001	2.846920e-001	8.980000e-003	
463	7.004800e-001	2.822640e-001	9.272000e-003	
464	7.025160e-001	2.799640e-001	9.536000e-003	
465	7.051640e-001	2.768520e-001	1.000000e-002	
466	7.081320e-001	2.738040e-001	1.008000e-002	
467	7.108760e-001	2.710680e-001	1.007200e-002	
468	7.139480e-001	2.678680e-001	1.020000e-002	
469	7.169560e-001	2.645280e-001	1.053200e-002	
470	7.204720e-001	2.608720e-001	1.067200e-002	
471	7.240760e-001	2.570040e-001	1.093600e-002	
472	7.279160e-001	2.534960e-001	1.060400e-002	
473	7.314320e-001	2.503040e-001	1.028000e-002	
474	7.344360e-001	2.474280e-001	1.015200e-002	
475	7.371680e-001	2.449800e-001	9.868000e-003	
476	7.392080e-001	2.428960e-001	9.912000e-003	
477	7.417480e-001	2.407680e-001	9.500000e-003	
478	7.436080e-001	2.392520e-001	9.156000e-003	
479	7.450280e-001	2.379040e-001	9.084000e-003	
480	7.462800e-001	2.369880e-001	8.748000e-003	
481	7.476440e-001	2.359240e-001	8.448000e-003	
482	7.487880e-001	2.350720e-001	8.156000e-003	
483	7.495400e-001	2.344800e-001	7.996000e-003	
484	7.499280e-001	2.341400e-001	7.948000e-003	
485	7.502440e-001	2.340960e-001	7.676000e-003	
486	7.505280e-001	2.339720e-001	7.516000e-003	
487	7.506720e-001	2.342480e-001	7.096000e-003	
488	7.502520e-001	2.347280e-001	7.036000e-003	
489	7.495400e-001	2.356120e-001	6.864000e-003	
490	7.489520e-001	2.365840e-001	6.480000e-003	
491	7.478360e-001	2.378360e-001	6.344000e-003	
492	7.467760e-001	2.389560e-001	6.284000e-003	
493	7.457240e-001	2.401600e-001	6.132000e-003	
494	7.444160e-001	2.414000e-001	6.200000e-003	
495	7.431840e-001	2.426480e-001	6.184000e-003	
496	7.419360e-001	2.442800e-001	5.800000e-003	
497	7.398720e-001	2.468240e-001	5.320000e-003	
498	7.378280e-001	2.488760e-001	5.312000e-003	
499	7.358560e-001	2.511200e-001	5.040000e-003	
500	7.335040e-001	2.535000e-001	5.012000e-003	
501	7.311400e-001	2.556120e-001	5.264000e-003	
502	7.290800e-001	2.577760e-001	5.160000e-003	
503	7.269520e-001	2.601000e-001	4.964000e-003	
504	7.245720e-001	2.624120e-001	5.032000e-003	
505	7.225160e-001	2.643280e-001	5.172000e-003	
506	7.203280e-001	2.665000e-001	5.188000e-003	
507	7.184080e-001	2.683360e-001	5.272000e-003	
508	7.164840e-001	2.704240e-001	5.108000e-003	
509	7.146040e-001	2.720680e-001	5.344000e-003	
510	7.129920e-001	2.737360e-001	5.288000e-003	
511	7.114280e-001	2.750920e-001	5.496000e-003	
512	7.099360e-001	2.766560e-001	5.424000e-003	
513	7.080960e-001	2.786160e-001	5.304000e-003	
514	7.063120e-001	2.802280e-001	5.476000e-003	
515	7.046520e-001	2.818240e-001	5.540000e-003	
516	7.029320e-001	2.836080e-001	5.476000e-003	
517	7.015480e-001	2.846720e-001	5.796000e-003	
518	7.003840e-001	2.858800e-001	5.752000e-003	
519	6.991040e-001	2.869280e-001	5.984000e-003	
520	6.981520e-001	2.877760e-001	6.088000e-003	
521	6.971520e-001	2.885320e-001	6.332000e-003	
522	6.968000e-001	2.887800e-001	6.436000e-003	
523	6.959040e-001	2.893480e-001	6.764000e-003	
524	6.956760e-001	2.897600e-001	6.580000e-003	
525	6.954440e-001	2.897640e-001	6.808000e-003	
526	6.954040e-001	2.893920e-001	7.220000e-003	
527	6.955560e-001	2.892480e-001	7.212000e-003	
528	6.961960e-001	2.881520e-001	7.668000e-003	
529	6.967640e-001	2.875120e-001	7.740000e-003	
530	6.974240e-001	2.867960e-001	7.796000e-003	
531	6.982480e-001	2.858080e-001	7.960000e-003	
532	6.992600e-001	2.845720e-001	8.184000e-003	
533	7.004480e-001	2.830440e-001	8.524000e-003	
534	7.018680e-001	2.813720e-001	8.776000e-003	
535	7.033920e-001	2.794440e-001	9.180000e-003	
536	7.055600e-001	2.774920e-001	8.964000e-003	
537	7.076200e-001	2.754560e-001	8.940000e-003	
538	7.093120e-001	2.737320e-001	8.972000e-003	
539	7.114480e-001	2.713880e-001	9.180000e-003	
540	7.134520e-001	2.691880e-001	9.376000e-003	
541	7.154520e-001	2.669800e-001	9.584000e-003	
542	7.177000e-001	2.647080e-001	9.608000e-003	
543	7.200480e-001	2.623520e-001	9.616000e-003	
544	7.221800e-001	2.602520e-001	9.584000e-003	
545	7.247000e-001	2.577480e-001	9.568000e-003	
546	7.267000e-001	2.558360e-001	9.480000e-003	
547	7.286080e-001	2.538680e-001	9.540000e-003	
548	7.306080e-001	2.516040e-001	9.804000e-003	
549	7.331680e-001	2.492520e-001	9.596000e-003	
550	7.357520e-001	2.470000e-001	9.264000e-003	
551	7.373080e-001	2.452680e-001	9.440000e-003	
552	7.393400e-001	2.436840e-001	8.992000e-003	
553	7.412800e-001	2.420360e-001	8.700000e-003	
554	7.423920e-001	2.410080e-001	8.616000e-003	
555	7.435400e-001	2.399960e-001	8.480000e-003	
556	7.444600e-001	2.394600e-001	8.096000e-003	
557	7.451200e-001	2.392800e-001	7.616000e-003	
558	7.450400e-001	2.393840e-001	7.592000e-003	
559	7.452920e-001	2.392240e-001	7.500000e-003	
560	7.453480e-001	2.393880e-001	7.280000e-003	
561	7.451520e-001	2.398880e-001	6.976000e-003	
562	7.449640e-001	2.406160e-001	6.436000e-003	
563	7.440440e-001	2.417600e-001	6.212000e-003	
564	7.428280e-001	2.430600e-001	6.128000e-003	
565	7.412880e-001	2.446120e-001	6.116000e-003	
566	7.400760e-001	2.456480e-001	6.292000e-003	
567	7.387840e-001	2.471200e-001	6.112000e-003	
568	7.375960e-001	2.483680e-001	6.052000e-003	
569	7.364120e-001	2.496720e-001	5.932000e-003	
570	7.351360e-001	2.509840e-001	5.896000e-003	
571	7.339920e-001	2.521000e-001	5.924000e-003	
572	7.324440e-001	2.538800e-001	5.692000e-003	
573	7.307480e-001	2.556120e-001	5.656000e-003	
574	7.293440e-001	2.573080e-001	5.364000e-003	
575	7.273000e-001	2.595800e-001	5.136000e-003	
576	7.252320e-001	2.614480e-001	5.336000e-003	
577	7.231080e-001	2.635760e-001	5.332000e-003	
578	7.212880e-001	2.657000e-001	5.028000e-003	
579	7.189960e-001	2.680800e-001	4.940000e-003	
580	7.166880e-001	2.703000e-001	5.028000e-003	
581	7.145040e-001	2.727480e-001	4.764000e-003	
582	7.124400e-001	2.747240e-001	4.852000e-003	
583	7.104320e-001	2.765920e-001	4.992000e-003	
584	7.084640e-001	2.786320e-001	4.920000e-003	
585	7.065480e-001	2.804440e-001	5.024000e-003	
586	7.042760e-001	2.825600e-001	5.180000e-003	
587	7.022240e-001	2.844080e-001	5.384000e-003	
588	7.004960e-001	2.860440e-001	5.476000e-003	
589	6.992040e-001	2.869280e-001	5.884000e-003	
590	6.980720e-001	2.877560e-001	6.188000e-003	
591	6.973560e-001	2.884440e-001	6.216000e-003	
592	6.964680e-001	2.892720e-001	6.276000e-003	
593	6.959040e-001	2.896280e-001	6.484000e-003	
594	6.955280e-001	2.898840e-001	6.604000e-003	
595	6.951440e-001	2.900840e-001	6.788000e-003	
596	6.950800e-001	2.898160e-001	7.120000e-003	
597	6.952640e-001	2.896080e-001	7.144000e-003	
598	6.955360e-001	2.889320e-001	7.548000e-003	
599	6.959360e-001	2.884840e-001	7.596000e-003	
600	6.962240e-001	2.880680e-001	7.724000e-003	
601	6.968240e-001	2.871440e-001	8.048000e-003	
602	6.977400e-001	2.860920e-001	8.184000e-003	
603	6.987640e-001	2.851040e-001	8.148000e-003	
604	6.999360e-001	2.836160e-001	8.464000e-003	
605	7.014080e-001	2.817280e-001	8.880000e-003	
606	7.030080e-001	2.802920e-001	8.716000e-003	
607	7.046880e-001	2.784680e-001	8.860000e-003	
608	7.063120e-001	2.768400e-001	8.864000e-003	
609	7.081520e-001	2.747680e-001	9.096000e-003	
610	7.101200e-001	2.723160e-001	9.580000e-003	
611	7.127360e-001	2.698840e-001	9.396000e-003	
612	7.152280e-001	2.675240e-001	9.264000e-003	
613	7.174920e-001	2.651800e-001	9.344000e-003	
614	7.195680e-001	2.630880e-001	9.360000e-003	
615	7.220320e-001	2.606040e-001	9.380000e-003	
616	7.242040e-001	2.585200e-001	9.292000e-003	
617	7.263520e-001	2.564080e-001	9.256000e-003	
618	7.282800e-001	2.546240e-001	9.112000e-003	
619	7.298160e-001	2.531560e-001	9.044000e-003	
620	7.314800e-001	2.514520e-001	9.084000e-003	
621	7.334040e-001	2.496920e-001	8.920000e-003	
622	7.348760e-001	2.479800e-001	9.160000e-003	
623	7.365920e-001	2.467720e-001	8.652000e-003	
624	7.377360e-001	2.458680e-001	8.412000e-003	
625	7.389320e-001	2.448520e-001	8.232000e-003	
626	7.400080e-001	2.442600e-001	7.748000e-003	
627	7.402000e-001	2.442440e-001	7.572000e-003	
628	7.403760e-001	2.442080e-001	7.432000e-003	
629	7.403400e-001	2.441400e-001	7.536000e-003	
630	7.405440e-001	2.440960e-001	7.376000e-003	
631	7.402720e-001	2.444400e-001	7.304000e-003	
632	7.401840e-001	2.445040e-001	7.328000e-003	
633	7.402160e-001	2.446000e-001	7.200000e-003	
634	7.400800e-001	2.449680e-001	6.968000e-003	
635	7.395840e-001	2.456320e-001	6.800000e-003	
636	7.390320e-001	2.463880e-001	6.596000e-003	
637	7.381000e-001	2.474720e-001	6.444000e-003	
638	7.369680e-001	2.488120e-001	6.236000e-003	
639	7.358280e-001	2.501480e-001	6.040000e-003	
640	7.346360e-001	2.517080e-001	5.672000e-003	
641	7.329600e-001	2.533600e-001	5.696000e-003	
642	7.316000e-001	2.547560e-001	5.660000e-003	
643	7.300200e-001	2.564400e-001	5.556000e-003	
644	7.283840e-001	2.580600e-001	5.572000e-003	
645	7.266360e-001	2.597360e-001	5.644000e-003	
646	7.249360e-001	2.613200e-001	5.760000e-003	
647	7.234560e-001	2.626280e-001	5.932000e-003	
648	7.224440e-001	2.639240e-001	5.648000e-003	
649	7.209600e-001	2.654520e-001	5.604000e-003	
650	7.197520e-001	2.668120e-001	5.452000e-003	
651	7.179480e-001	2.685320e-001	5.536000e-003	
652	7.162520e-001	2.704720e-001	5.292000e-003	
653	7.143440e-001	2.723120e-001	5.360000e-003	
654	7.125200e-001	2.741920e-001	5.304000e-003	
655	7.105720e-001	2.763440e-001	5.100000e-003	
656	7.085880e-001	2.781600e-001	5.268000e-003	
657	7.071080e-001	2.798800e-001	5.028000e-003	
658	7.050320e-001	2.817320e-001	5.252000e-003	
659	7.031840e-001	2.833120e-001	5.520000e-003	
660	7.019560e-001	2.842960e-001	5.764000e-003	
661	7.008640e-001	2.852120e-001	5.940000e-003	
662	6.998800e-001	2.858720e-001	6.264000e-003	
663	6.990280e-001	2.865480e-001	6.440000e-003	
664	6.984280e-001	2.871040e-001	6.484000e-003	
665	6.981320e-001	2.870520e-001	6.832000e-003	
666	6.979960e-001	2.872560e-001	6.764000e-003	
667	6.980120e-001	2.868040e-001	7.200000e-003	
668	6.980840e-001	2.867080e-001	7.224000e-003	
669	6.983320e-001	2.861560e-001	7.528000e-003	
670	6.989520e-001	2.850120e-001	8.052000e-003	
671	7.000280e-001	2.839360e-001	8.052000e-003	
672	7.009480e-001	2.829840e-001	8.084000e-003	
673	7.022480e-001	2.815480e-001	8.220000e-003	
674	7.035160e-001	2.803720e-001	8.128000e-003	
675	7.047800e-001	2.790200e-001	8.216000e-003	
676	7.055960e-001	2.782600e-001	8.160000e-003	
677	7.065920e-001	2.771400e-001	8.284000e-003	
678	7.078320e-001	2.759120e-001	8.272000e-003	
679	7.090000e-001	2.748480e-001	8.168000e-003	
680	7.102000e-001	2.731400e-001	8.676000e-003	
681	7.116400e-001	2.714480e-001	8.928000e-003	
682	7.134840e-001	2.698760e-001	8.656000e-003	
683	7.149400e-001	2.684400e-001	8.636000e-003	
684	7.165920e-001	2.665320e-001	8.892000e-003	
685	7.181440e-001	2.654080e-001	8.464000e-003	
686	7.192080e-001	2.642000e-001	8.608000e-003	
687	7.205720e-001	2.626640e-001	8.780000e-003	
688	7.218400e-001	2.615480e-001	8.628000e-003	
689	7.230960e-001	2.605920e-001	8.328000e-003	
690	7.242280e-001	2.593920e-001	8.396000e-003	
691	7.254080e-001	2.580360e-001	8.572000e-003	
692	7.266840e-001	2.566440e-001	8.688000e-003	
693	7.280960e-001	2.552880e-001	8.632000e-003	
694	7.292640e-001	2.540400e-001	8.712000e-003	
695	7.305640e-001	2.528760e-001	8.576000e-003	
696	7.319160e-001	2.515040e-001	8.596000e-003	
697	7.331600e-001	2.504320e-001	8.424000e-003	
698	7.342240e-001	2.493360e-001	8.456000e-003	
699	7.353000e-001	2.481840e-001	8.532000e-003	
700	7.362800e-001	2.474120e-001	8.324000e-003	
701	7.373200e-001	2.466560e-001	8.040000e-003	
702	7.378760e-001	2.461440e-001	7.996000e-003	
703	7.387400e-001	2.452160e-001	8.060000e-003	
704	7.392680e-001	2.449080e-001	7.840000e-003	
705	7.399440e-001	2.445720e-001	7.500000e-003	
706	7.399120e-001	2.449440e-001	7.160000e-003	
707	7.395800e-001	2.455040e-001	6.932000e-003	
708	7.393400e-001	2.458040e-001	6.872000e-003	
709	7.388800e-001	2.465720e-001	6.564000e-003	
710	7.381000e-001	2.473800e-001	6.536000e-003	
711	7.370840e-001	2.482080e-001	6.724000e-003	
712	7.363280e-001	2.489960e-001	6.692000e-003	
713	7.359040e-001	2.493960e-001	6.716000e-003	
714	7.352680e-001	2.502920e-001	6.456000e-003	
715	7.344600e-001	2.510800e-001	6.476000e-003	
716	7.339960e-001	2.518240e-001	6.196000e-003	
717	7.327840e-001	2.531680e-001	6.064000e-003	
718	7.315920e-001	2.543720e-001	6.052000e-003	
719	7.302200e-001	2.559320e-001	5.864000e-003	
720	7.288200e-001	2.575320e-001	5.664000e-003	
721	7.272960e-001	2.590360e-001	5.684000e-003	
722	7.256120e-001	2.609840e-001	5.420000e-003	
723	7.236040e-001	2.630200e-001	5.392000e-003	
724	7.219000e-001	2.647280e-001	5.388000e-003	
725	7.201920e-001	2.665040e-001	5.320000e-003	
726	7.181000e-001	2.686360e-001	5.280000e-003	
727	7.160760e-001	2.706320e-001	5.308000e-003	
728	7.142440e-001	2.725200e-001	5.252000e-003	
729	7.122240e-001	2.747040e-001	5.088000e-003	
730	7.103840e-001	2.766280e-001	5.004000e-003	
731	7.083400e-001	2.784800e-001	5.196000e-003	
732	7.068280e-001	2.798520e-001	5.336000e-003	
733	7.048960e-001	2.816560e-001	5.464000e-003	
734	7.033800e-001	2.831280e-001	5.508000e-003	
735	7.020800e-001	2.840880e-001	5.848000e-003	
736	7.010560e-001	2.851040e-001	5.856000e-003	
737	6.998640e-001	2.862200e-001	5.932000e-003	
738	6.989720e-001	2.871480e-001	5.896000e-003	
739	6.981320e-001	2.879040e-001	5.980000e-003	
740	6.970600e-001	2.888880e-001	6.068000e-003	
741	6.963280e-001	2.893640e-001	6.324000e-003	
742	6.956840e-001	2.895920e-001	6.740000e-003	
743	6.955840e-001	2.892840e-001	7.148000e-003	
744	6.956880e-001	2.888920e-001	7.436000e-003	
745	6.959400e-001	2.883080e-001	7.768000e-003	
746	6.968840e-001	2.868160e-001	8.316000e-003	
747	6.982840e-001	2.851400e-001	8.592000e-003	
748	6.999400e-001	2.831560e-001	8.920000e-003	
749	7.020400e-001	2.806400e-001	9.336000e-003	
750	7.042000e-001	2.786720e-001	9.144000e-003	
751	7.061840e-001	2.768240e-001	9.008000e-003	
752	7.083680e-001	2.745120e-001	9.136000e-003	
753	7.105120e-001	2.723600e-001	9.144000e-003	
754	7.127040e-001	2.703440e-001	8.968000e-003	
755	7.146120e-001	2.683760e-001	9.028000e-003	
756	7.167240e-001	2.664920e-001	8.800000e-003	
757	7.188760e-001	2.642600e-001	8.880000e-003	
758	7.204760e-001	2.628440e-001	8.696000e-003	
759	7.218400e-001	2.614120e-001	8.764000e-003	
760	7.235120e-001	2.599400e-001	8.564000e-003	
761	7.250320e-001	2.585960e-001	8.388000e-003	
762	7.263080e-001	2.573680e-001	8.340000e-003	
763	7.272800e-001	2.563400e-001	8.396000e-003	
764	7.284520e-001	2.554840e-001	8.080000e-003	
765	7.291720e-001	2.548480e-001	7.996000e-003	
766	7.300080e-001	2.538400e-001	8.168000e-003	
767	7.309840e-001	2.529840e-001	8.048000e-003	
768	7.317560e-001	2.521640e-001	8.096000e-003	
769	7.324040e-001	2.514200e-001	8.192000e-003	
770	7.331320e-001	2.506120e-001	8.272000e-003	
771	7.338040e-001	2.500360e-001	8.176000e-003	
772	7.345360e-001	2.496560e-001	7.824000e-003	
773	7.350760e-001	2.490400e-001	7.900000e-003	
774	7.358400e-001	2.484000e-001	7.776000e-003	
775	7.361800e-001	2.480960e-001	7.740000e-003	
776	7.368520e-001	2.476960e-001	7.468000e-003	
777	7.369680e-001	2.474320e-001	7.616000e-003	
778	7.370760e-001	2.478200e-001	7.120000e-003	
779	7.371040e-001	2.480440e-001	6.868000e-003	
780	7.367360e-001	2.483960e-001	6.884000e-003	
781	7.364400e-001	2.485400e-001	7.036000e-003	
782	7.360920e-001	2.487080e-001	7.216000e-003	
783	7.360560e-001	2.489400e-001	7.020000e-003	
784	7.357160e-001	2.496840e-001	6.616000e-003	
785	7.350000e-001	2.504400e-001	6.576000e-003	
786	7.338160e-001	2.517720e-001	6.428000e-003	
787	7.330680e-001	2.527320e-001	6.216000e-003	
788	7.318520e-001	2.541040e-001	6.060000e-003	
789	7.307760e-001	2.549720e-001	6.268000e-003	
790	7.295880e-001	2.562920e-001	6.136000e-003	
791	7.286400e-001	2.574120e-001	5.964000e-003	
792	7.277200e-001	2.584000e-001	5.896000e-003	
793	7.267520e-001	2.593320e-001	5.932000e-003	
794	7.253920e-001	2.608400e-001	5.784000e-003	
795	7.236560e-001	2.625560e-001	5.804000e-003	
796	7.220800e-001	2.641480e-001	5.788000e-003	
797	7.206080e-001	2.657560e-001	5.652000e-003	
798	7.188880e-001	2.673640e-001	5.764000e-003	
799	7.175000e-001	2.688320e-001	5.684000e-003	
800	7.160640e-001	2.701040e-001	5.848000e-003	
801	7.148280e-001	2.712800e-001	5.908000e-003	
802	7.137280e-001	2.724320e-001	5.856000e-003	
803	7.124640e-001	2.737720e-001	5.780000e-003	
804	7.107000e-001	2.756000e-001	5.716000e-003	
805	7.094920e-001	2.764440e-001	6.080000e-003	
806	7.083400e-001	2.778440e-001	5.832000e-003	
807	7.070840e-001	2.792080e-001	5.724000e-003	
808	7.057200e-001	2.803440e-001	5.952000e-003	
809	7.046240e-001	2.813600e-001	6.032000e-003	
810	7.035360e-001	2.822520e-001	6.228000e-003	
811	7.028200e-001	2.830600e-001	6.136000e-003	
812	7.019360e-001	2.835880e-001	6.492000e-003	
813	7.014360e-001	2.839000e-001	6.680000e-003	
814	7.012720e-001	2.840680e-001	6.676000e-003	
815	7.007960e-001	2.843120e-001	6.908000e-003	
816	7.005560e-001	2.843720e-001	7.088000e-003	
817	7.006280e-001	2.841440e-001	7.244000e-003	
818	7.011520e-001	2.834120e-001	7.452000e-003	
819	7.016360e-001	2.831480e-001	7.232000e-003	
820	7.018920e-001	2.826640e-001	7.460000e-003	
821	7.020960e-001	2.820480e-001	7.872000e-003	
822	7.028520e-001	2.809480e-001	8.216000e-003	
823	7.042720e-001	2.793840e-001	8.360000e-003	
824	7.056920e-001	2.776880e-001	8.636000e-003	
825	7.072560e-001	2.762000e-001	8.560000e-003	
826	7.086080e-001	2.747680e-001	8.640000e-003	
827	7.100560e-001	2.733720e-001	8.588000e-003	
828	7.116520e-001	2.720360e-001	8.328000e-003	
829	7.133080e-001	2.703400e-001	8.368000e-003	
830	7.144320e-001	2.688720e-001	8.712000e-003	
831	7.158880e-001	2.674200e-001	8.708000e-003	
832	7.172120e-001	2.661600e-001	8.644000e-003	
833	7.186760e-001	2.646720e-001	8.668000e-003	
834	7.202600e-001	2.632280e-001	8.528000e-003	
835	7.213080e-001	2.620360e-001	8.672000e-003	
836	7.227760e-001	2.607480e-001	8.492000e-003	
837	7.239320e-001	2.596920e-001	8.392000e-003	
838	7.251280e-001	2.587560e-001	8.132000e-003	
839	7.257120e-001	2.581520e-001	8.152000e-003	
840	7.266320e-001	2.574360e-001	7.948000e-003	
841	7.272680e-001	2.570120e-001	7.736000e-003	
842	7.275600e-001	2.568520e-001	7.604000e-003	
843	7.277360e-001	2.568960e-001	7.384000e-003	
844	7.276000e-001	2.570640e-001	7.352000e-003	
845	7.275720e-001	2.570320e-001	7.412000e-003	
846	7.273800e-001	2.569640e-001	7.672000e-003	
847	7.278400e-001	2.565240e-001	7.652000e-003	
848	7.283520e-001	2.561600e-001	7.504000e-003	
849	7.285280e-001	2.561240e-001	7.364000e-003	
850	7.286040e-001	2.561040e-001	7.308000e-003	
851	7.287920e-001	2.559720e-001	7.252000e-003	
852	7.288680e-001	2.559320e-001	7.216000e-003	
853	7.291360e-001	2.556800e-001	7.200000e-003	
854	7.292000e-001	2.557880e-001	7.028000e-003	
855	7.288280e-001	2.561160e-001	7.072000e-003	
856	7.287520e-001	2.562320e-001	7.032000e-003	
857	7.285480e-001	2.563520e-001	7.116000e-003	
858	7.285520e-001	2.568520e-001	6.612000e-003	
859	7.278840e-001	2.576000e-001	6.532000e-003	
860	7.270600e-001	2.584000e-001	6.556000e-003	
861	7.262760e-001	2.591760e-001	6.564000e-003	
862	7.254160e-001	2.601200e-001	6.480000e-003	
863	7.244640e-001	2.610360e-001	6.516000e-003	
864	7.238520e-001	2.614600e-001	6.704000e-003	
865	7.233560e-001	2.619480e-001	6.712000e-003	
866	7.226520e-001	2.626560e-001	6.708000e-003	
867	7.220640e-001	2.632480e-001	6.704000e-003	
868	7.217160e-001	2.636680e-001	6.632000e-003	
869	7.209000e-001	2.645800e-001	6.536000e-003	
870	7.203320e-001	2.655120e-001	6.172000e-003	
871	7.192360e-001	2.664120e-001	6.368000e-003	
872	7.184200e-001	2.668960e-001	6.700000e-003	
873	7.177560e-001	2.676440e-001	6.616000e-003	
874	7.168760e-001	2.687600e-001	6.380000e-003	
875	7.162120e-001	2.695960e-001	6.208000e-003	
876	7.152320e-001	2.705160e-001	6.268000e-003	
877	7.142280e-001	2.712600e-001	6.528000e-003	
878	7.137360e-001	2.718440e-001	6.436000e-003	
879	7.131720e-001	2.723120e-001	6.532000e-003	
880	7.125000e-001	2.729480e-001	6.568000e-003	
881	7.117040e-001	2.736920e-001	6.620000e-003	
882	7.113000e-001	2.742760e-001	6.440000e-003	
883	7.105560e-001	2.750280e-001	6.432000e-003	
884	7.098000e-001	2.754840e-001	6.732000e-003	
885	7.096760e-001	2.753800e-001	6.960000e-003	
886	7.094960e-001	2.756000e-001	6.920000e-003	
887	7.094960e-001	2.751160e-001	7.404000e-003	
888	7.098920e-001	2.747080e-001	7.416000e-003	
889	7.102720e-001	2.742840e-001	7.460000e-003	
890	7.107000e-001	2.737320e-001	7.584000e-003	
891	7.111520e-001	2.735480e-001	7.316000e-003	
892	7.112480e-001	2.733240e-001	7.444000e-003	
893	7.115200e-001	2.732960e-001	7.200000e-003	
894	7.116760e-001	2.730880e-001	7.252000e-003	
895	7.118840e-001	2.730920e-001	7.040000e-003	
896	7.116640e-001	2.732880e-001	7.064000e-003	
897	7.112160e-001	2.735120e-001	7.288000e-003	
898	7.115600e-001	2.732360e-001	7.220000e-003	
899	7.119560e-001	2.725920e-001	7.468000e-003	
900	7.122840e-001	2.721160e-001	7.616000e-003	
901	7.125800e-001	2.717480e-001	7.688000e-003	
902	7.130800e-001	2.713720e-001	7.564000e-003	
903	7.131560e-001	2.713040e-001	7.556000e-003	
904	7.137760e-001	2.705440e-001	7.696000e-003	
905	7.143960e-001	2.700840e-001	7.536000e-003	
906	7.148160e-001	2.695200e-001	7.680000e-003	
907	7.152480e-001	2.689520e-001	7.816000e-003	
908	7.159160e-001	2.682240e-001	7.876000e-003	
909	7.167840e-001	2.672200e-001	8.012000e-003	
910	7.177640e-001	2.660960e-001	8.156000e-003	
911	7.187400e-001	2.651440e-001	8.132000e-003	
912	7.198280e-001	2.640440e-001	8.144000e-003	
913	7.209240e-001	2.630720e-001	8.020000e-003	
914	7.218320e-001	2.623840e-001	7.800000e-003	
915	7.228240e-001	2.609360e-001	8.256000e-003	
916	7.238760e-001	2.602560e-001	7.884000e-003	
917	7.243800e-001	2.599640e-001	7.672000e-003	
918	7.248840e-001	2.594200e-001	7.712000e-003	
919	7.253280e-001	2.591320e-001	7.556000e-003	
920	7.254840e-001	2.590200e-001	7.512000e-003	
921	7.258680e-001	2.586440e-001	7.504000e-003	
922	7.260080e-001	2.584000e-001	7.608000e-003	
923	7.264200e-001	2.582600e-001	7.336000e-003	
924	7.265040e-001	2.581840e-001	7.328000e-003	
925	7.263640e-001	2.583040e-001	7.348000e-003	
926	7.265960e-001	2.580560e-001	7.364000e-003	
927	7.268800e-001	2.579080e-001	7.228000e-003	
928	7.267640e-001	2.580800e-001	7.172000e-003	
929	7.266680e-001	2.581200e-001	7.228000e-003	
930	7.269240e-001	2.577400e-001	7.352000e-003	
931	7.272760e-001	2.575280e-001	7.212000e-003	
932	7.271760e-001	2.575800e-001	7.260000e-003	
933	7.273160e-001	2.574480e-001	7.252000e-003	
934	7.271760e-001	2.576520e-001	7.188000e-003	
935	7.271360e-001	2.578920e-001	6.988000e-003	
936	7.265760e-001	2.583280e-001	7.112000e-003	
937	7.266400e-001	2.583520e-001	7.024000e-003	
938	7.265840e-001	2.585480e-001	6.884000e-003	
939	7.264720e-001	2.586600e-001	6.884000e-003	
940	7.255760e-001	2.597520e-001	6.688000e-003	
941	7.251480e-001	2.603000e-001	6.568000e-003	
942	7.242960e-001	2.610760e-001	6.644000e-003	
943	7.234120e-001	2.620800e-001	6.524000e-003	
944	7.226480e-001	2.627960e-001	6.572000e-003	
945	7.220920e-001	2.632320e-001	6.692000e-003	
946	7.216480e-001	2.634600e-001	6.908000e-003	
947	7.213080e-001	2.640520e-001	6.656000e-003	
948	7.208560e-001	2.645640e-001	6.596000e-003	
949	7.204160e-001	2.652840e-001	6.316000e-003	
950	7.198280e-001	2.658960e-001	6.292000e-003	
951	7.188280e-001	2.665880e-001	6.600000e-003	
952	7.177760e-001	2.675240e-001	6.716000e-003	
953	7.170960e-001	2.682440e-001	6.676000e-003	
954	7.165200e-001	2.689600e-001	6.536000e-003	
955	7.154280e-001	2.702520e-001	6.336000e-003	
956	7.147840e-001	2.710600e-001	6.172000e-003	
957	7.137840e-001	2.720720e-001	6.160000e-003	
958	7.128320e-001	2.730640e-001	6.120000e-003	
959	7.119200e-001	2.738280e-001	6.268000e-003	
960	7.112560e-001	2.743080e-001	6.452000e-003	
961	7.104920e-001	2.749560e-001	6.568000e-003	
962	7.098480e-001	2.754520e-001	6.716000e-003	
963	7.092280e-001	2.761840e-001	6.604000e-003	
964	7.089080e-001	2.765200e-001	6.588000e-003	
965	7.085560e-001	2.767440e-001	6.716000e-003	
966	7.082960e-001	2.768760e-001	6.844000e-003	
967	7.079800e-001	2.768680e-001	7.168000e-003	
968	7.080240e-001	2.770120e-001	6.980000e-003	
969	7.080480e-001	2.768160e-001	7.152000e-003	
970	7.080000e-001	2.765920e-001	7.424000e-003	
971	7.085040e-001	2.758000e-001	7.712000e-003	
972	7.091040e-001	2.751360e-001	7.776000e-003	
973	7.097960e-001	2.746520e-001	7.568000e-003	
974	7.102720e-001	2.741960e-001	7.548000e-003	
975	7.106440e-001	2.733200e-001	8.052000e-003	
976	7.116880e-001	2.721200e-001	8.208000e-003	
977	7.129640e-001	2.711240e-001	7.928000e-003	
978	7.140720e-001	2.699720e-001	7.972000e-003	
979	7.150240e-001	2.688520e-001	8.140000e-003	
980	7.159600e-001	2.680000e-001	8.056000e-003	
981	7.167800e-001	2.671680e-001	8.068000e-003	
982	7.178200e-001	2.659480e-001	8.248000e-003	
983	7.186960e-001	2.649520e-001	8.368000e-003	
984	7.197600e-001	2.640200e-001	8.236000e-003	
985	7.205240e-001	2.630000e-001	8.492000e-003	
986	7.217040e-001	2.617760e-001	8.536000e-003	
987	7.231000e-001	2.605320e-001	8.384000e-003	
988	7.241840e-001	2.594040e-001	8.428000e-003	
989	7.252400e-001	2.583200e-001	8.456000e-003	
990	7.262840e-001	2.578280e-001	7.904000e-003	
991	7.271640e-001	2.570760e-001	7.776000e-003	
992	7.274760e-001	2.569360e-001	7.604000e-003	
993	7.277600e-001	2.567920e-001	7.464000e-003	
994	7.279200e-001	2.569760e-001	7.120000e-003	
995	7.276320e-001	2.571920e-001	7.192000e-003	
996	7.277880e-001	2.572440e-001	6.984000e-003	
997	7.278200e-001	2.572160e-001	6.980000e-003	
998	7.277000e-001	2.575280e-001	6.788000e-003	
999	7.269720e-001	2.580680e-001	6.976000e-003	
1000	7.265520e-001	2.584880e-001	6.976000e-003	
1001	7.263000e-001	2.587320e-001	6.984000e-003	
1002	7.260440e-001	2.591640e-001	6.808000e-003	
1003	7.256960e-001	2.594800e-001	6.840000e-003	
1004	7.252000e-001	2.597240e-001	7.092000e-003	
1005	7.248800e-001	2.602080e-001	6.928000e-003	
1006	7.246280e-001	2.606080e-001	6.780000e-003	
1007	7.239720e-001	2.607840e-001	7.260000e-003	
1008	7.239360e-001	2.606080e-001	7.472000e-003	
1009	7.242720e-001	2.603960e-001	7.348000e-003	
1010	7.241480e-001	2.606280e-001	7.240000e-003	
1011	7.240240e-001	2.607520e-001	7.240000e-003	
1012	7.242400e-001	2.607000e-001	7.076000e-003	
1013	7.238120e-001	2.611600e-001	7.044000e-003	
1014	7.234440e-001	2.616480e-001	6.924000e-003	
1015	7.228920e-001	2.624200e-001	6.704000e-003	
1016	7.225840e-001	2.627920e-001	6.640000e-003	
1017	7.222760e-001	2.630160e-001	6.724000e-003	
1018	7.217040e-001	2.635280e-001	6.784000e-003	
1019	7.213240e-001	2.639520e-001	6.740000e-003	
1020	7.209320e-001	2.642360e-001	6.848000e-003	
1021	7.206480e-001	2.644800e-001	6.888000e-003	
1022	7.203880e-001	2.649120e-001	6.716000e-003	
1023	7.196920e-001	2.656120e-001	6.712000e-003	
1024	7.190840e-001	2.658960e-001	7.036000e-003	
1025	7.189800e-001	2.659960e-001	7.040000e-003	
1026	7.189600e-001	2.656320e-001	7.424000e-003	
1027	7.191680e-001	2.653400e-001	7.508000e-003	
1028	7.193840e-001	2.651360e-001	7.496000e-003	
1029	7.194760e-001	2.653840e-001	7.156000e-003	
1030	7.193720e-001	2.659680e-001	6.676000e-003	
1031	7.188200e-001	2.665840e-001	6.612000e-003	
1032	7.182640e-001	2.674160e-001	6.336000e-003	
1033	7.176800e-001	2.680960e-001	6.240000e-003	
1034	7.167880e-001	2.691560e-001	6.072000e-003	
1035	7.157320e-001	2.703040e-001	5.980000e-003	
1036	7.143280e-001	2.715720e-001	6.116000e-003	
1037	7.131200e-001	2.723520e-001	6.544000e-003	
1038	7.126560e-001	2.728200e-001	6.540000e-003	
1039	7.120000e-001	2.735640e-001	6.452000e-003	
1040	7.112040e-001	2.741400e-001	6.672000e-003	
1041	7.107680e-001	2.742440e-001	7.004000e-003	
1042	7.108280e-001	2.741760e-001	7.012000e-003	
1043	7.108720e-001	2.739240e-001	7.220000e-003	
1044	7.106800e-001	2.740120e-001	7.324000e-003	
1045	7.108320e-001	2.737760e-001	7.408000e-003	
1046	7.112520e-001	2.732320e-001	7.532000e-003	
1047	7.116040e-001	2.729480e-001	7.464000e-003	
1048	7.120480e-001	2.725360e-001	7.432000e-003	
1049	7.126080e-001	2.721080e-001	7.300000e-003	
1050	7.128920e-001	2.716960e-001	7.428000e-003	
1051	7.133560e-001	2.713320e-001	7.328000e-003	
1052	7.137480e-001	2.706280e-001	7.640000e-003	
1053	7.142920e-001	2.700080e-001	7.716000e-003	
1054	7.149160e-001	2.694880e-001	7.612000e-003	
1055	7.153480e-001	2.689640e-001	7.704000e-003	
1056	7.158040e-001	2.682440e-001	7.968000e-003	
1057	7.167040e-001	2.672320e-001	8.080000e-003	
1058	7.174880e-001	2.664800e-001	8.048000e-003	
1059	7.181600e-001	2.655200e-001	8.336000e-003	
1060	7.197000e-001	2.643200e-001	7.996000e-003	
1061	7.202040e-001	2.635880e-001	8.224000e-003	
1062	7.212160e-001	2.628080e-001	7.992000e-003	
1063	7.220440e-001	2.621280e-001	7.844000e-003	
1064	7.224480e-001	2.618840e-001	7.684000e-003	
1065	7.228960e-001	2.615920e-001	7.528000e-003	
1066	7.230920e-001	2.615560e-001	7.368000e-003	
1067	7.233280e-001	2.613440e-001	7.344000e-003	
1068	7.235520e-001	2.610080e-001	7.456000e-003	
1069	7.235560e-001	2.609680e-001	7.492000e-003	
1070	7.236960e-001	2.610080e-001	7.312000e-003	
1071	7.235920e-001	2.609960e-001	7.428000e-003	
1072	7.240800e-001	2.605800e-001	7.356000e-003	
1073	7.240560e-001	2.609560e-001	7.004000e-003	
1074	7.237760e-001	2.611240e-001	7.116000e-003	
1075	7.234280e-001	2.613440e-001	7.244000e-003	
1076	7.235440e-001	2.611840e-001	7.288000e-003	
1077	7.237360e-001	2.607840e-001	7.496000e-003	
1078	7.240120e-001	2.607320e-001	7.272000e-003	
1079	7.241160e-001	2.605040e-001	7.396000e-003	
1080	7.241160e-001	2.605160e-001	7.384000e-003	
1081	7.244440e-001	2.601400e-001	7.432000e-003	
1082	7.245200e-001	2.601920e-001	7.304000e-003	
1083	7.246920e-001	2.599520e-001	7.372000e-003	
1084	7.246920e-001	2.603560e-001	6.968000e-003	
1085	7.243040e-001	2.608760e-001	6.836000e-003	
1086	7.236920e-001	2.618800e-001	6.444000e-003	
1087	7.230840e-001	2.625520e-001	6.380000e-003	
1088	7.223760e-001	2.632440e-001	6.396000e-003	
1089	7.216720e-001	2.636960e-001	6.648000e-003	
1090	7.213560e-001	2.638320e-001	6.828000e-003	
1091	7.213120e-001	2.637400e-001	6.964000e-003	
1092	7.212960e-001	2.637800e-001	6.940000e-003	
1093	7.208840e-001	2.643880e-001	6.744000e-003	
1094	7.205040e-001	2.646480e-001	6.864000e-003	
1095	7.199560e-001	2.651680e-001	6.892000e-003	
1096	7.194760e-001	2.657040e-001	6.836000e-003	
1097	7.192120e-001	2.660320e-001	6.772000e-003	
1098	7.190680e-001	2.662920e-001	6.656000e-003	
1099	7.187720e-001	2.665320e-001	6.712000e-003	
1100	7.185160e-001	2.665560e-001	6.944000e-003	
1101	7.182360e-001	2.671240e-001	6.656000e-003	
1102	7.177720e-001	2.675040e-001	6.740000e-003	
1103	7.173240e-001	2.679040e-001	6.788000e-003	
1104	7.167360e-001	2.683360e-001	6.944000e-003	
1105	7.164880e-001	2.686120e-001	6.916000e-003	
1106	7.161040e-001	2.690240e-001	6.888000e-003	
1107	7.159080e-001	2.691440e-001	6.964000e-003	
1108	7.158200e-001	2.692920e-001	6.904000e-003	
1109	7.156080e-001	2.698880e-001	6.520000e-003	
1110	7.150720e-001	2.704960e-001	6.448000e-003	
1111	7.142440e-001	2.712000e-001	6.572000e-003	
1112	7.135840e-001	2.717720e-001	6.660000e-003	
1113	7.128840e-001	2.722440e-001	6.888000e-003	
1114	7.126560e-001	2.723480e-001	7.012000e-003	
1115	7.125280e-001	2.723520e-001	7.136000e-003	
1116	7.128320e-001	2.718880e-001	7.296000e-003	
1117	7.131400e-001	2.715160e-001	7.360000e-003	
1118	7.132240e-001	2.711440e-001	7.648000e-003	
1119	7.137760e-001	2.704640e-001	7.776000e-003	
1120	7.143640e-001	2.697840e-001	7.868000e-003	
1121	7.149760e-001	2.690920e-001	7.948000e-003	
1122	7.156360e-001	2.685560e-001	7.824000e-003	
1123	7.164200e-001	2.677760e-001	7.820000e-003	
1124	7.170240e-001	2.676120e-001	7.380000e-003	
1125	7.174520e-001	2.671080e-001	7.456000e-003	
1126	7.178320e-001	2.667800e-001	7.404000e-003	
1127	7.181120e-001	2.666120e-001	7.292000e-003	
1128	7.183120e-001	2.663520e-001	7.352000e-003	
1129	7.187800e-001	2.656120e-001	7.624000e-003	
1130	7.195040e-001	2.650160e-001	7.496000e-003	
1131	7.199120e-001	2.646520e-001	7.452000e-003	
1132	7.203120e-001	2.641240e-001	7.580000e-003	
1133	7.208560e-001	2.632680e-001	7.892000e-003	
1134	7.219760e-001	2.622200e-001	7.820000e-003	
1135	7.223840e-001	2.618600e-001	7.772000e-003	
1136	7.228960e-001	2.614480e-001	7.672000e-003	
1137	7.234600e-001	2.609560e-001	7.600000e-003	
1138	7.238400e-001	2.605640e-001	7.612000e-003	
1139	7.244760e-001	2.599880e-001	7.552000e-003	
1140	7.247640e-001	2.596840e-001	7.568000e-003	
1141	7.249640e-001	2.594680e-001	7.584000e-003	
1142	7.251560e-001	2.593840e-001	7.476000e-003	
1143	7.252520e-001	2.591640e-001	7.600000e-003	
1144	7.253760e-001	2.591320e-001	7.508000e-003	
1145	7.255800e-001	2.587400e-001	7.696000e-003	
1146	7.259840e-001	2.584560e-001	7.576000e-003	
1147	7.263160e-001	2.581320e-001	7.568000e-003	
1148	7.266800e-001	2.579800e-001	7.356000e-003	
1149	7.267280e-001	2.583240e-001	6.964000e-003	
1150	7.264800e-001	2.585160e-001	7.020000e-003	
1151	7.258840e-001	2.592160e-001	6.916000e-003	
1152	7.256560e-001	2.593400e-001	7.020000e-003	
1153	7.254720e-001	2.597560e-001	6.788000e-003	
1154	7.248040e-001	2.603480e-001	6.864000e-003	
1155	7.244560e-001	2.605840e-001	6.976000e-003	
1156	7.240200e-001	2.610720e-001	6.924000e-003	
1157	7.237120e-001	2.614040e-001	6.900000e-003	
1158	7.231920e-001	2.619440e-001	6.880000e-003	
1159	7.228960e-001	2.619240e-001	7.196000e-003	
1160	7.228800e-001	2.618560e-001	7.280000e-003	
1161	7.228640e-001	2.619160e-001	7.236000e-003	
1162	7.230360e-001	2.618840e-001	7.096000e-003	
1163	7.232520e-001	2.613200e-001	7.444000e-003	
1164	7.234160e-001	2.614240e-001	7.176000e-003	
1165	7.233920e-001	2.613480e-001	7.276000e-003	
1166	7.233800e-001	2.613600e-001	7.276000e-003	
1167	7.234800e-001	2.613720e-001	7.164000e-003	
1168	7.235480e-001	2.616240e-001	6.844000e-003	
1169	7.234080e-001	2.618200e-001	6.788000e-003	
1170	7.231640e-001	2.619960e-001	6.856000e-003	
1171	7.228480e-001	2.621520e-001	7.016000e-003	
1172	7.226800e-001	2.622720e-001	7.064000e-003	
1173	7.225960e-001	2.622920e-001	7.128000e-003	
1174	7.224760e-001	2.621840e-001	7.356000e-003	
1175	7.225880e-001	2.621040e-001	7.324000e-003	
1176	7.224600e-001	2.620400e-001	7.516000e-003	
1177	7.227160e-001	2.619240e-001	7.376000e-003	
1178	7.226800e-001	2.619960e-001	7.340000e-003	
1179	7.225760e-001	2.620080e-001	7.432000e-003	
1180	7.228200e-001	2.617760e-001	7.420000e-003	
1181	7.229280e-001	2.619520e-001	7.136000e-003	
1182	7.228320e-001	2.621760e-001	7.008000e-003	
1183	7.225560e-001	2.625480e-001	6.912000e-003	
1184	7.221280e-001	2.628000e-001	7.088000e-003	
1185	7.222680e-001	2.622680e-001	7.480000e-003	
1186	7.225600e-001	2.620920e-001	7.364000e-003	
1187	7.227760e-001	2.617040e-001	7.536000e-003	
1188	7.232480e-001	2.612520e-001	7.516000e-003	
1189	7.234320e-001	2.612040e-001	7.380000e-003	
1190	7.236280e-001	2.610840e-001	7.304000e-003	
1191	7.239720e-001	2.609320e-001	7.112000e-003	
1192	7.237760e-001	2.612000e-001	7.040000e-003	
1193	7.236240e-001	2.614240e-001	6.968000e-003	
1194	7.232600e-001	2.618960e-001	6.860000e-003	
1195	7.228360e-001	2.624120e-001	6.768000e-003	
1196	7.225800e-001	2.628520e-001	6.584000e-003	
1197	7.217360e-001	2.638440e-001	6.436000e-003	
1198	7.211640e-001	2.641160e-001	6.736000e-003	
1199	7.205800e-001	2.647480e-001	6.688000e-003	
1200	7.198400e-001	2.654600e-001	6.716000e-003	
1201	7.196200e-001	2.655800e-001	6.816000e-003	
1202	7.193520e-001	2.659600e-001	6.704000e-003	
1203	7.183720e-001	2.668680e-001	6.776000e-003	
1204	7.178280e-001	2.673080e-001	6.880000e-003	
1205	7.175720e-001	2.675360e-001	6.908000e-003	
1206	7.169360e-001	2.682680e-001	6.812000e-003	
1207	7.165160e-001	2.685400e-001	6.960000e-003	
1208	7.163720e-001	2.689640e-001	6.680000e-003	
1209	7.158320e-001	2.692760e-001	6.908000e-003	
1210	7.155920e-001	2.695960e-001	6.828000e-003	
1211	7.151760e-001	2.700520e-001	6.788000e-003	
1212	7.147960e-001	2.704480e-001	6.772000e-003	
1213	7.149440e-001	2.703360e-001	6.736000e-003	
1214	7.145120e-001	2.706960e-001	6.808000e-003	
1215	7.143160e-001	2.709600e-001	6.740000e-003	
1216	7.140560e-001	2.710800e-001	6.880000e-003	
1217	7.139880e-001	2.708200e-001	7.208000e-003	
1218	7.141000e-001	2.706680e-001	7.248000e-003	
1219	7.143240e-001	2.705200e-001	7.172000e-003	
1220	7.143360e-001	2.706400e-001	7.040000e-003	
1221	7.141120e-001	2.707000e-001	7.204000e-003	
1222	7.141680e-001	2.708000e-001	7.048000e-003	
1223	7.144240e-001	2.703160e-001	7.276000e-003	
1224	7.147760e-001	2.699400e-001	7.300000e-003	
1225	7.148840e-001	2.697720e-001	7.360000e-003	
1226	7.150640e-001	2.698240e-001	7.128000e-003	
1227	7.151280e-001	2.700680e-001	6.820000e-003	
1228	7.148120e-001	2.703360e-001	6.868000e-003	
1229	7.145920e-001	2.704000e-001	7.024000e-003	
1230	7.144880e-001	2.703960e-001	7.132000e-003	
1231	7.142160e-001	2.708880e-001	6.912000e-003	
1232	7.142240e-001	2.707440e-001	7.048000e-003	
1233	7.139800e-001	2.710360e-001	7.000000e-003	
1234	7.137480e-001	2.711720e-001	7.096000e-003	
1235	7.139400e-001	2.707000e-001	7.376000e-003	
1236	7.139080e-001	2.708360e-001	7.272000e-003	
1237	7.141640e-001	2.704480e-001	7.404000e-003	
1238	7.144920e-001	2.699920e-001	7.532000e-003	
1239	7.149600e-001	2.695760e-001	7.480000e-003	
1240	7.151240e-001	2.693280e-001	7.564000e-003	
1241	7.156080e-001	2.690080e-001	7.400000e-003	
1242	7.157880e-001	2.685640e-001	7.664000e-003	
1243	7.163960e-001	2.676560e-001	7.964000e-003	
1244	7.170960e-001	2.669640e-001	7.956000e-003	
1245	7.179040e-001	2.660080e-001	8.104000e-003	
1246	7.190200e-001	2.648000e-001	8.196000e-003	
1247	7.201640e-001	2.639720e-001	7.880000e-003	
1248	7.205720e-001	2.634400e-001	8.004000e-003	
1249	7.216360e-001	2.622960e-001	8.084000e-003	
1250	7.227800e-001	2.612640e-001	7.972000e-003	
1251	7.235200e-001	2.603880e-001	8.108000e-003	
1252	7.244640e-001	2.593240e-001	8.228000e-003	
1253	7.252880e-001	2.590400e-001	7.688000e-003	
1254	7.255720e-001	2.586480e-001	7.796000e-003	
1255	7.261160e-001	2.583800e-001	7.520000e-003	
1256	7.265280e-001	2.582520e-001	7.236000e-003	
1257	7.264400e-001	2.579160e-001	7.660000e-003	
1258	7.260320e-001	2.580920e-001	7.892000e-003	
1259	7.267360e-001	2.572120e-001	8.068000e-003	
1260	7.276520e-001	2.566440e-001	7.720000e-003	
1261	7.282880e-001	2.565080e-001	7.220000e-003	
1262	7.282960e-001	2.570680e-001	6.652000e-003	
1263	7.277320e-001	2.578200e-001	6.464000e-003	
1264	7.270040e-001	2.584560e-001	6.556000e-003	
1265	7.260040e-001	2.596120e-001	6.400000e-003	
1266	7.252080e-001	2.606480e-001	6.160000e-003	
1267	7.243920e-001	2.613720e-001	6.252000e-003	
1268	7.236960e-001	2.620440e-001	6.276000e-003	
1269	7.223400e-001	2.634600e-001	6.216000e-003	
1270	7.213520e-001	2.644280e-001	6.236000e-003	
1271	7.203560e-001	2.654200e-001	6.240000e-003	
1272	7.193680e-001	2.663320e-001	6.316000e-003	
1273	7.185640e-001	2.670880e-001	6.364000e-003	
1274	7.177080e-001	2.678880e-001	6.420000e-003	
1275	7.169920e-001	2.683920e-001	6.632000e-003	
1276	7.163680e-001	2.687120e-001	6.936000e-003	
1277	7.159560e-001	2.691400e-001	6.920000e-003	
1278	7.156520e-001	2.695520e-001	6.812000e-003	
1279	7.153840e-001	2.698320e-001	6.800000e-003	
1280	7.150080e-001	2.702080e-001	6.800000e-003	
1281	7.145840e-001	2.708040e-001	6.628000e-003	
1282	7.141720e-001	2.710240e-001	6.820000e-003	
1283	7.137560e-001	2.713760e-001	6.884000e-003	
1284	7.136080e-001	2.714480e-001	6.960000e-003	
1285	7.135840e-001	2.714680e-001	6.964000e-003	
1286	7.132840e-001	2.715320e-001	7.200000e-003	
1287	7.134800e-001	2.713560e-001	7.180000e-003	
1288	7.135640e-001	2.710960e-001	7.356000e-003	
1289	7.139360e-001	2.709560e-001	7.124000e-003	
1290	7.137520e-001	2.711000e-001	7.164000e-003	
1291	7.137240e-001	2.710080e-001	7.284000e-003	
1292	7.138040e-001	2.708320e-001	7.380000e-003	
1293	7.139200e-001	2.705200e-001	7.576000e-003	
1294	7.143760e-001	2.701200e-001	7.520000e-003	
1295	7.147720e-001	2.701520e-001	7.092000e-003	
1296	7.146880e-001	2.700440e-001	7.284000e-003	
1297	7.148440e-001	2.698200e-001	7.352000e-003	
1298	7.149800e-001	2.696560e-001	7.380000e-003	
1299	7.149080e-001	2.697720e-001	7.336000e-003	
1300	7.154880e-001	2.692200e-001	7.308000e-003	
1301	7.156040e-001	2.691400e-001	7.272000e-003	
1302	7.157280e-001	2.690520e-001	7.236000e-003	
1303	7.158120e-001	2.688760e-001	7.328000e-003	
1304	7.160920e-001	2.688440e-001	7.080000e-003	
1305	7.161320e-001	2.687320e-001	7.152000e-003	
1306	7.158560e-001	2.688040e-001	7.356000e-003	
1307	7.161640e-001	2.683760e-001	7.476000e-003	
1308	7.168600e-001	2.676320e-001	7.524000e-003	
1309	7.171960e-001	2.673920e-001	7.428000e-003	
1310	7.173880e-001	2.671720e-001	7.456000e-003	
1311	7.176240e-001	2.671960e-001	7.196000e-003	
1312	7.173400e-001	2.673920e-001	7.284000e-003	
1313	7.175280e-001	2.671080e-001	7.380000e-003	
1314	7.180040e-001	2.663320e-001	7.680000e-003	
1315	7.183800e-001	2.659880e-001	7.648000e-003	
1316	7.190720e-001	2.652480e-001	7.696000e-003	
1317	7.194840e-001	2.648360e-001	7.696000e-003	
1318	7.201120e-001	2.641880e-001	7.716000e-003	
1319	7.207600e-001	2.634520e-001	7.804000e-003	
1320	7.216200e-001	2.625360e-001	7.860000e-003	
1321	7.220720e-001	2.617880e-001	8.156000e-003	
1322	7.231840e-001	2.609480e-001	7.884000e-003	
1323	7.237080e-001	2.605000e-001	7.808000e-003	
1324	7.243600e-001	2.600800e-001	7.576000e-003	
1325	7.245280e-001	2.598240e-001	7.664000e-003	
1326	7.246800e-001	2.596680e-001	7.668000e-003	
1327	7.252520e-001	2.590480e-001	7.716000e-003	
1328	7.255840e-001	2.586960e-001	7.736000e-003	
1329	7.259800e-001	2.587000e-001	7.336000e-003	
1330	7.260040e-001	2.586200e-001	7.392000e-003	
1331	7.260360e-001	2.587360e-001	7.244000e-003	
1332	7.260080e-001	2.591040e-001	6.904000e-003	
1333	7.256240e-001	2.597360e-001	6.656000e-003	
1334	7.252320e-001	2.603520e-001	6.432000e-003	
1335	7.244000e-001	2.613400e-001	6.276000e-003	
1336	7.235440e-001	2.621840e-001	6.288000e-003	
1337	7.224800e-001	2.632440e-001	6.292000e-003	
1338	7.215440e-001	2.641080e-001	6.364000e-003	
1339	7.205120e-001	2.650000e-001	6.504000e-003	
1340	7.195360e-001	2.657800e-001	6.700000e-003	
1341	7.190080e-001	2.664080e-001	6.600000e-003	
1342	7.185600e-001	2.667800e-001	6.676000e-003	
1343	7.181760e-001	2.671800e-001	6.660000e-003	
1344	7.175920e-001	2.676520e-001	6.772000e-003	
1345	7.170240e-001	2.682560e-001	6.736000e-003	
1346	7.164880e-001	2.689760e-001	6.552000e-003	
1347	7.163200e-001	2.691360e-001	6.560000e-003	
1348	7.155320e-001	2.700960e-001	6.388000e-003	
1349	7.147480e-001	2.708080e-001	6.460000e-003	
1350	7.142560e-001	2.714000e-001	6.360000e-003	
1351	7.133280e-001	2.721520e-001	6.536000e-003	
1352	7.127200e-001	2.728120e-001	6.484000e-003	
1353	7.120520e-001	2.735440e-001	6.420000e-003	
1354	7.115400e-001	2.739120e-001	6.564000e-003	
1355	7.108640e-001	2.745000e-001	6.652000e-003	
1356	7.106320e-001	2.747960e-001	6.588000e-003	
1357	7.101120e-001	2.748560e-001	7.048000e-003	
1358	7.101160e-001	2.746560e-001	7.244000e-003	
1359	7.103120e-001	2.743040e-001	7.400000e-003	
1360	7.106720e-001	2.740480e-001	7.296000e-003	
1361	7.107760e-001	2.734280e-001	7.812000e-003	
1362	7.115400e-001	2.725120e-001	7.964000e-003	
1363	7.125800e-001	2.714760e-001	7.960000e-003	
1364	7.132160e-001	2.706000e-001	8.200000e-003	
1365	7.141520e-001	2.697480e-001	8.116000e-003	
1366	7.150800e-001	2.686720e-001	8.264000e-003	
1367	7.159840e-001	2.678280e-001	8.204000e-003	
1368	7.169440e-001	2.667440e-001	8.328000e-003	
1369	7.180440e-001	2.659200e-001	8.052000e-003	
1370	7.191560e-001	2.648960e-001	7.964000e-003	
1371	7.200480e-001	2.638720e-001	8.096000e-003	
1372	7.209840e-001	2.632040e-001	7.828000e-003	
1373	7.217480e-001	2.626840e-001	7.584000e-003	
1374	7.219520e-001	2.625360e-001	7.528000e-003	
1375	7.224480e-001	2.619400e-001	7.628000e-003	
1376	7.231200e-001	2.614120e-001	7.484000e-003	
1377	7.233080e-001	2.613760e-001	7.332000e-003	
1378	7.234240e-001	2.611320e-001	7.460000e-003	
1379	7.237240e-001	2.606200e-001	7.672000e-003	
1380	7.243080e-001	2.602600e-001	7.448000e-003	
1381	7.243400e-001	2.603720e-001	7.304000e-003	
1382	7.243160e-001	2.606080e-001	7.092000e-003	
1383	7.242400e-001	2.607440e-001	7.032000e-003	
1384	7.240040e-001	2.608760e-001	7.136000e-003	
1385	7.239200e-001	2.608200e-001	7.276000e-003	
1386	7.241040e-001	2.608360e-001	7.076000e-003	
1387	7.241120e-001	2.606120e-001	7.292000e-003	
1388	7.241280e-001	2.603800e-001	7.508000e-003	
1389	7.242640e-001	2.600840e-001	7.668000e-003	
1390	7.246840e-001	2.596160e-001	7.716000e-003	
1391	7.254120e-001	2.590080e-001	7.596000e-003	
1392	7.258640e-001	2.588800e-001	7.272000e-003	
1393	7.257560e-001	2.590720e-001	7.188000e-003	
1394	7.257960e-001	2.590280e-001	7.192000e-003	
1395	7.255200e-001	2.590120e-001	7.484000e-003	
1396	7.256360e-001	2.588440e-001	7.536000e-003	
1397	7.257720e-001	2.587040e-001	7.540000e-003	
1398	7.263600e-001	2.580320e-001	7.624000e-003	
1399	7.270320e-001	2.575680e-001	7.416000e-003	
1400	7.269960e-001	2.576920e-001	7.328000e-003	
1401	7.268560e-001	2.577880e-001	7.372000e-003	
1402	7.270280e-001	2.576760e-001	7.312000e-003	
1403	7.270080e-001	2.576520e-001	7.356000e-003	
1404	7.269200e-001	2.578000e-001	7.296000e-003	
1405	7.269800e-001	2.577920e-001	7.244000e-003	
1406	7.267760e-001	2.583600e-001	6.880000e-003	
1407	7.261560e-001	2.593680e-001	6.492000e-003	
1408	7.252000e-001	2.602040e-001	6.612000e-003	
1409	7.247840e-001	2.605200e-001	6.712000e-003	
1410	7.244080e-001	2.610720e-001	6.536000e-003	
1411	7.237760e-001	2.617200e-001	6.520000e-003	
1412	7.230240e-001	2.625920e-001	6.400000e-003	
1413	7.223800e-001	2.631600e-001	6.476000e-003	
1414	7.214800e-001	2.640760e-001	6.460000e-003	
1415	7.206800e-001	2.647520e-001	6.584000e-003	
1416	7.199680e-001	2.653560e-001	6.692000e-003	
1417	7.192840e-001	2.659120e-001	6.820000e-003	
1418	7.185560e-001	2.669440e-001	6.516000e-003	
1419	7.178320e-001	2.679120e-001	6.272000e-003	
1420	7.168040e-001	2.691720e-001	6.040000e-003	
1421	7.156960e-001	2.702760e-001	6.044000e-003	
1422	7.149200e-001	2.710000e-001	6.096000e-003	
1423	7.138680e-001	2.720320e-001	6.116000e-003	
1424	7.126120e-001	2.732400e-001	6.164000e-003	
1425	7.115880e-001	2.742320e-001	6.196000e-003	
1426	7.104560e-001	2.754120e-001	6.148000e-003	
1427	7.094560e-001	2.763720e-001	6.188000e-003	
1428	7.086160e-001	2.772720e-001	6.128000e-003	
1429	7.075080e-001	2.785680e-001	5.940000e-003	
1430	7.065040e-001	2.795560e-001	5.956000e-003	
1431	7.053080e-001	2.805160e-001	6.192000e-003	
1432	7.042920e-001	2.813000e-001	6.424000e-003	
1433	7.038240e-001	2.812360e-001	6.956000e-003	
1434	7.038800e-001	2.809400e-001	7.196000e-003	
1435	7.039920e-001	2.806480e-001	7.376000e-003	
1436	7.043160e-001	2.804200e-001	7.280000e-003	
1437	7.046960e-001	2.798000e-001	7.520000e-003	
1438	7.053280e-001	2.787880e-001	7.900000e-003	
1439	7.061840e-001	2.781440e-001	7.688000e-003	
1440	7.070400e-001	2.770600e-001	7.916000e-003	
1441	7.078600e-001	2.760160e-001	8.140000e-003	
1442	7.088040e-001	2.748640e-001	8.348000e-003	
1443	7.098400e-001	2.733680e-001	8.808000e-003	
1444	7.115120e-001	2.715520e-001	8.952000e-003	
1445	7.133000e-001	2.697640e-001	8.952000e-003	
1446	7.149800e-001	2.678720e-001	9.164000e-003	
1447	7.169280e-001	2.660080e-001	9.080000e-003	
1448	7.186480e-001	2.648240e-001	8.544000e-003	
1449	7.202480e-001	2.635040e-001	8.264000e-003	
1450	7.212400e-001	2.622040e-001	8.572000e-003	
1451	7.226200e-001	2.608200e-001	8.576000e-003	
1452	7.242320e-001	2.591360e-001	8.648000e-003	
1453	7.257200e-001	2.577000e-001	8.596000e-003	
1454	7.271600e-001	2.565160e-001	8.340000e-003	
1455	7.281040e-001	2.558960e-001	8.016000e-003	
1456	7.287680e-001	2.555800e-001	7.668000e-003	
1457	7.290800e-001	2.556480e-001	7.288000e-003	
1458	7.289200e-001	2.557960e-001	7.300000e-003	
1459	7.291280e-001	2.556280e-001	7.260000e-003	
1460	7.291760e-001	2.555120e-001	7.328000e-003	
1461	7.294560e-001	2.551480e-001	7.412000e-003	
1462	7.297840e-001	2.550320e-001	7.200000e-003	
1463	7.296320e-001	2.552600e-001	7.124000e-003	
1464	7.292320e-001	2.559200e-001	6.864000e-003	
1465	7.288120e-001	2.558680e-001	7.336000e-003	
1466	7.288600e-001	2.556680e-001	7.488000e-003	
1467	7.288240e-001	2.558120e-001	7.380000e-003	
1468	7.291160e-001	2.559480e-001	6.952000e-003	
1469	7.286400e-001	2.565840e-001	6.792000e-003	
1470	7.280560e-001	2.572800e-001	6.680000e-003	
1471	7.275680e-001	2.575640e-001	6.884000e-003	
1472	7.270320e-001	2.582840e-001	6.700000e-003	
1473	7.266520e-001	2.584880e-001	6.876000e-003	
1474	7.262440e-001	2.586600e-001	7.112000e-003	
1475	7.260800e-001	2.587880e-001	7.148000e-003	
1476	7.256840e-001	2.590840e-001	7.248000e-003	
1477	7.258760e-001	2.590080e-001	7.132000e-003	
1478	7.258680e-001	2.591320e-001	7.016000e-003	
1479	7.253240e-001	2.599680e-001	6.724000e-003	
1480	7.250560e-001	2.602560e-001	6.704000e-003	
1481	7.244560e-001	2.611600e-001	6.400000e-003	
1482	7.235760e-001	2.619360e-001	6.504000e-003	
1483	7.229360e-001	2.625000e-001	6.580000e-003	
1484	7.226320e-001	2.627000e-001	6.684000e-003	
1485	7.221960e-001	2.630560e-001	6.764000e-003	
1486	7.216640e-001	2.636120e-001	6.740000e-003	
1487	7.211320e-001	2.643840e-001	6.500000e-003	
1488	7.202240e-001	2.656640e-001	6.128000e-003	
1489	7.191880e-001	2.671400e-001	5.688000e-003	
1490	7.177880e-001	2.684800e-001	5.748000e-003	
1491	7.162120e-001	2.700560e-001	5.748000e-003	
1492	7.149320e-001	2.712440e-001	5.840000e-003	
1493	7.135080e-001	2.724680e-001	6.040000e-003	
1494	7.124200e-001	2.735480e-001	6.048000e-003	
1495	7.114080e-001	2.742400e-001	6.368000e-003	
1496	7.107720e-001	2.745000e-001	6.744000e-003	
1497	7.105760e-001	2.747040e-001	6.736000e-003	
1498	7.101760e-001	2.750600e-001	6.780000e-003	
1499	7.100440e-001	2.751520e-001	6.820000e-003	
1500	7.097520e-001	2.753760e-001	6.888000e-003	
1501	7.095880e-001	2.752400e-001	7.188000e-003	
1502	7.095880e-001	2.749880e-001	7.440000e-003	
1503	7.098920e-001	2.749480e-001	7.176000e-003	
1504	7.096280e-001	2.751480e-001	7.240000e-003	
1505	7.098480e-001	2.751920e-001	6.976000e-003	
1506	7.096480e-001	2.753960e-001	6.972000e-003	
1507	7.095600e-001	2.754920e-001	6.964000e-003	
1508	7.094600e-001	2.754560e-001	7.100000e-003	
1509	7.094160e-001	2.754320e-001	7.168000e-003	
1510	7.096280e-001	2.751400e-001	7.248000e-003	
1511	7.096240e-001	2.750360e-001	7.356000e-003	
1512	7.099960e-001	2.746160e-001	7.404000e-003	
1513	7.102240e-001	2.741200e-001	7.672000e-003	
1514	7.107880e-001	2.736320e-001	7.596000e-003	
1515	7.110840e-001	2.732040e-001	7.728000e-003	
1516	7.114720e-001	2.731080e-001	7.436000e-003	
1517	7.116720e-001	2.728360e-001	7.508000e-003	
1518	7.117240e-001	2.726720e-001	7.620000e-003	
1519	7.124280e-001	2.720120e-001	7.576000e-003	
1520	7.128000e-001	2.718960e-001	7.320000e-003	
1521	7.128200e-001	2.717760e-001	7.420000e-003	
1522	7.131880e-001	2.712440e-001	7.584000e-003	
1523	7.135200e-001	2.708080e-001	7.688000e-003	
1524	7.141680e-001	2.702960e-001	7.552000e-003	
1525	7.145600e-001	2.697520e-001	7.704000e-003	
1526	7.150680e-001	2.689480e-001	8.000000e-003	
1527	7.159760e-001	2.676120e-001	8.428000e-003	
1528	7.171440e-001	2.663760e-001	8.496000e-003	
1529	7.182560e-001	2.652360e-001	8.524000e-003	
1530	7.193720e-001	2.642280e-001	8.416000e-003	
1531	7.204960e-001	2.632200e-001	8.300000e-003	
1532	7.219200e-001	2.618160e-001	8.280000e-003	
1533	7.233400e-001	2.605560e-001	8.120000e-003	
1534	7.241480e-001	2.597560e-001	8.112000e-003	
1535	7.250800e-001	2.587760e-001	8.160000e-003	
1536	7.257200e-001	2.579400e-001	8.356000e-003	
1537	7.267600e-001	2.570760e-001	8.180000e-003	
1538	7.279080e-001	2.558840e-001	8.224000e-003	
1539	7.289880e-001	2.549000e-001	8.128000e-003	
1540	7.298840e-001	2.539960e-001	8.136000e-003	
1541	7.309920e-001	2.529840e-001	8.040000e-003	
1542	7.318640e-001	2.523320e-001	7.820000e-003	
1543	7.321920e-001	2.521640e-001	7.660000e-003	
1544	7.323640e-001	2.519920e-001	7.660000e-003	
1545	7.328040e-001	2.519760e-001	7.236000e-003	
1546	7.327480e-001	2.521080e-001	7.160000e-003	
1547	7.325480e-001	2.522760e-001	7.192000e-003	
1548	7.325640e-001	2.525280e-001	6.924000e-003	
1549	7.321920e-001	2.528520e-001	6.972000e-003	
1550	7.320840e-001	2.528880e-001	7.044000e-003	
1551	7.315800e-001	2.532200e-001	7.216000e-003	
1552	7.315520e-001	2.534240e-001	7.040000e-003	
1553	7.312640e-001	2.537160e-001	7.036000e-003	
1554	7.306360e-001	2.543880e-001	6.992000e-003	
1555	7.302640e-001	2.547680e-001	6.984000e-003	
1556	7.298800e-001	2.550120e-001	7.124000e-003	
1557	7.297640e-001	2.555640e-001	6.688000e-003	
1558	7.290080e-001	2.565280e-001	6.480000e-003	
1559	7.281040e-001	2.573960e-001	6.516000e-003	
1560	7.273720e-001	2.581600e-001	6.484000e-003	
1561	7.265560e-001	2.591600e-001	6.300000e-003	
1562	7.258600e-001	2.599600e-001	6.196000e-003	
1563	7.247520e-001	2.612160e-001	6.048000e-003	
1564	7.235240e-001	2.623120e-001	6.180000e-003	
1565	7.225000e-001	2.634160e-001	6.100000e-003	
1566	7.212440e-001	2.646320e-001	6.140000e-003	
1567	7.201160e-001	2.658280e-001	6.072000e-003	
1568	7.193160e-001	2.666320e-001	6.068000e-003	
1569	7.181960e-001	2.679040e-001	5.916000e-003	
1570	7.170920e-001	2.689120e-001	6.012000e-003	
1571	7.158640e-001	2.700600e-001	6.092000e-003	
1572	7.147360e-001	2.711920e-001	6.088000e-003	
1573	7.134360e-001	2.723640e-001	6.216000e-003	
1574	7.126400e-001	2.730560e-001	6.320000e-003	
1575	7.123320e-001	2.731800e-001	6.504000e-003	
1576	7.116960e-001	2.736560e-001	6.664000e-003	
1577	7.112760e-001	2.741400e-001	6.600000e-003	
1578	7.104560e-001	2.748680e-001	6.692000e-003	
1579	7.100360e-001	2.754560e-001	6.524000e-003	
1580	7.093720e-001	2.760960e-001	6.548000e-003	
1581	7.087160e-001	2.765760e-001	6.724000e-003	
1582	7.080760e-001	2.773680e-001	6.572000e-003	
1583	7.075720e-001	2.775360e-001	6.908000e-003	
1584	7.073320e-001	2.779200e-001	6.764000e-003	
1585	7.073320e-001	2.780280e-001	6.656000e-003	
1586	7.071040e-001	2.784360e-001	6.476000e-003	
1587	7.065160e-001	2.790960e-001	6.404000e-003	
1588	7.058800e-001	2.796400e-001	6.496000e-003	
1589	7.054360e-001	2.799800e-001	6.600000e-003	
1590	7.047600e-001	2.802800e-001	6.976000e-003	
1591	7.047160e-001	2.798600e-001	7.440000e-003	
1592	7.050960e-001	2.793600e-001	7.560000e-003	
1593	7.056000e-001	2.786760e-001	7.740000e-003	
1594	7.060040e-001	2.779240e-001	8.088000e-003	
1595	7.070000e-001	2.766560e-001	8.360000e-003	
1596	7.082200e-001	2.752840e-001	8.512000e-003	
1597	7.095920e-001	2.738160e-001	8.608000e-003	
1598	7.110800e-001	2.724760e-001	8.460000e-003	
1599	7.121240e-001	2.713640e-001	8.528000e-003	
1600	7.136120e-001	2.695160e-001	8.888000e-003	
1601	7.154960e-001	2.675320e-001	8.988000e-003	
1602	7.173160e-001	2.659360e-001	8.764000e-003	
1603	7.192720e-001	2.639760e-001	8.768000e-003	
1604	7.209480e-001	2.626120e-001	8.456000e-003	
1605	7.223520e-001	2.614760e-001	8.188000e-003	
1606	7.229240e-001	2.610800e-001	8.012000e-003	
1607	7.236600e-001	2.602640e-001	8.092000e-003	
1608	7.245080e-001	2.593920e-001	8.116000e-003	
1609	7.251000e-001	2.590560e-001	7.860000e-003	
1610	7.257400e-001	2.585880e-001	7.688000e-003	
1611	7.260840e-001	2.581840e-001	7.748000e-003	
1612	7.264840e-001	2.576840e-001	7.848000e-003	
1613	7.271840e-001	2.570880e-001	7.744000e-003	
1614	7.277080e-001	2.567720e-001	7.536000e-003	
1615	7.279920e-001	2.565120e-001	7.512000e-003	
1616	7.280920e-001	2.560440e-001	7.880000e-003	
1617	7.290600e-001	2.551240e-001	7.832000e-003	
1618	7.297800e-001	2.543560e-001	7.880000e-003	
1619	7.302400e-001	2.538280e-001	7.948000e-003	
1620	7.308440e-001	2.533560e-001	7.816000e-003	
1621	7.314560e-001	2.527760e-001	7.784000e-003	
1622	7.316920e-001	2.526040e-001	7.720000e-003	
1623	7.319000e-001	2.524640e-001	7.652000e-003	
1624	7.322040e-001	2.522680e-001	7.544000e-003	
1625	7.323480e-001	2.523200e-001	7.348000e-003	
1626	7.323960e-001	2.522440e-001	7.376000e-003	
1627	7.324960e-001	2.524520e-001	7.068000e-003	
1628	7.322160e-001	2.528080e-001	6.992000e-003	
1629	7.315680e-001	2.537760e-001	6.672000e-003	
1630	7.309920e-001	2.544520e-001	6.572000e-003	
1631	7.300480e-001	2.554320e-001	6.536000e-003	
1632	7.290880e-001	2.566200e-001	6.308000e-003	
1633	7.279160e-001	2.578520e-001	6.248000e-003	
1634	7.270320e-001	2.591200e-001	5.864000e-003	
1635	7.257280e-001	2.605720e-001	5.716000e-003	
1636	7.239960e-001	2.625120e-001	5.508000e-003	
1637	7.218920e-001	2.643600e-001	5.764000e-003	
1638	7.203040e-001	2.661200e-001	5.592000e-003	
1639	7.186440e-001	2.677880e-001	5.584000e-003	
1640	7.170720e-001	2.691520e-001	5.792000e-003	
1641	7.160680e-001	2.699240e-001	6.024000e-003	
1642	7.149160e-001	2.710040e-001	6.096000e-003	
1643	7.138800e-001	2.719160e-001	6.220000e-003	
1644	7.130440e-001	2.728120e-001	6.160000e-003	
1645	7.121280e-001	2.738760e-001	6.012000e-003	
1646	7.114760e-001	2.743440e-001	6.196000e-003	
1647	7.106440e-001	2.750640e-001	6.308000e-003	
1648	7.096800e-001	2.759360e-001	6.400000e-003	
1649	7.090280e-001	2.766320e-001	6.356000e-003	
1650	7.083360e-001	2.771440e-001	6.536000e-003	
1651	7.076800e-001	2.780080e-001	6.328000e-003	
1652	7.067920e-001	2.787680e-001	6.456000e-003	
1653	7.064160e-001	2.791080e-001	6.492000e-003	
1654	7.057200e-001	2.798440e-001	6.452000e-003	
1655	7.049440e-001	2.805600e-001	6.512000e-003	
1656	7.044440e-001	2.811120e-001	6.460000e-003	
1657	7.039120e-001	2.816680e-001	6.436000e-003	
1658	7.035800e-001	2.817920e-001	6.644000e-003	
1659	7.032200e-001	2.818880e-001	6.908000e-003	
1660	7.030480e-001	2.818200e-001	7.148000e-003	
1661	7.032240e-001	2.814360e-001	7.356000e-003	
1662	7.034880e-001	2.810160e-001	7.512000e-003	
1663	7.042280e-001	2.797160e-001	8.072000e-003	
1664	7.051760e-001	2.787800e-001	8.060000e-003	
1665	7.065000e-001	2.775600e-001	7.956000e-003	
1666	7.072640e-001	2.766480e-001	8.104000e-003	
1667	7.082800e-001	2.756360e-001	8.100000e-003	
1668	7.094920e-001	2.743120e-001	8.212000e-003	
1669	7.105160e-001	2.733760e-001	8.124000e-003	
1670	7.117000e-001	2.719520e-001	8.364000e-003	
1671	7.129560e-001	2.705840e-001	8.476000e-003	
1672	7.143320e-001	2.694320e-001	8.252000e-003	
1673	7.152560e-001	2.687080e-001	8.052000e-003	
1674	7.161200e-001	2.679240e-001	7.972000e-003	
1675	7.172680e-001	2.665240e-001	8.224000e-003	
1676	7.182640e-001	2.655240e-001	8.228000e-003	
1677	7.194520e-001	2.642760e-001	8.288000e-003	
1678	7.208600e-001	2.629600e-001	8.196000e-003	
1679	7.219800e-001	2.620680e-001	7.968000e-003	
1680	7.225960e-001	2.616320e-001	7.788000e-003	
1681	7.230080e-001	2.611800e-001	7.828000e-003	
1682	7.237280e-001	2.602400e-001	8.048000e-003	
1683	7.241200e-001	2.597280e-001	8.168000e-003	
1684	7.251600e-001	2.589880e-001	7.868000e-003	
1685	7.259520e-001	2.585600e-001	7.504000e-003	
1686	7.261000e-001	2.582600e-001	7.656000e-003	
1687	7.264400e-001	2.578080e-001	7.768000e-003	
1688	7.266600e-001	2.575480e-001	7.808000e-003	
1689	7.275680e-001	2.567680e-001	7.680000e-003	
1690	7.281640e-001	2.562560e-001	7.596000e-003	
1691	7.284560e-001	2.556960e-001	7.864000e-003	
1692	7.291880e-001	2.551720e-001	7.656000e-003	
1693	7.295560e-001	2.548920e-001	7.568000e-003	
1694	7.297760e-001	2.550320e-001	7.208000e-003	
1695	7.302600e-001	2.545320e-001	7.224000e-003	
1696	7.301080e-001	2.546600e-001	7.248000e-003	
1697	7.298840e-001	2.551000e-001	7.032000e-003	
1698	7.298920e-001	2.553200e-001	6.804000e-003	
1699	7.295240e-001	2.553600e-001	7.132000e-003	
1700	7.290200e-001	2.556520e-001	7.344000e-003	
1701	7.293440e-001	2.552400e-001	7.432000e-003	
1702	7.297520e-001	2.548560e-001	7.408000e-003	
1703	7.299040e-001	2.548360e-001	7.276000e-003	
1704	7.298240e-001	2.549520e-001	7.240000e-003	
1705	7.297120e-001	2.552920e-001	7.012000e-003	
1706	7.293360e-001	2.556800e-001	7.000000e-003	
1707	7.292040e-001	2.560680e-001	6.744000e-003	
1708	7.286760e-001	2.567680e-001	6.572000e-003	
1709	7.279960e-001	2.574360e-001	6.584000e-003	
1710	7.272920e-001	2.580480e-001	6.676000e-003	
1711	7.265960e-001	2.587920e-001	6.628000e-003	
1712	7.261200e-001	2.593360e-001	6.560000e-003	
1713	7.253480e-001	2.604000e-001	6.268000e-003	
1714	7.244480e-001	2.615840e-001	5.984000e-003	
1715	7.231200e-001	2.629360e-001	5.960000e-003	
1716	7.218040e-001	2.642520e-001	5.960000e-003	
1717	7.204400e-001	2.657800e-001	5.796000e-003	
1718	7.189840e-001	2.671520e-001	5.880000e-003	
1719	7.177240e-001	2.682400e-001	6.052000e-003	
1720	7.159920e-001	2.700120e-001	6.012000e-003	
1721	7.149040e-001	2.712080e-001	5.904000e-003	
1722	7.137240e-001	2.722360e-001	6.056000e-003	
1723	7.125560e-001	2.731320e-001	6.328000e-003	
1724	7.118800e-001	2.736800e-001	6.456000e-003	
1725	7.112640e-001	2.742080e-001	6.544000e-003	
1726	7.107040e-001	2.746200e-001	6.692000e-003	
1727	7.103080e-001	2.746880e-001	7.020000e-003	
1728	7.102640e-001	2.748720e-001	6.880000e-003	
1729	7.099240e-001	2.751960e-001	6.896000e-003	
1730	7.095480e-001	2.754960e-001	6.972000e-003	
1731	7.093200e-001	2.757160e-001	6.980000e-003	
1732	7.093640e-001	2.758800e-001	6.772000e-003	
1733	7.090800e-001	2.761120e-001	6.824000e-003	
1734	7.090120e-001	2.761080e-001	6.896000e-003	
1735	7.085120e-001	2.760880e-001	7.416000e-003	
1736	7.088320e-001	2.758240e-001	7.360000e-003	
1737	7.090520e-001	2.753400e-001	7.624000e-003	
1738	7.094280e-001	2.750240e-001	7.564000e-003	
1739	7.098320e-001	2.745160e-001	7.668000e-003	
1740	7.105520e-001	2.736040e-001	7.860000e-003	
1741	7.110800e-001	2.727680e-001	8.168000e-003	
1742	7.119080e-001	2.718400e-001	8.268000e-003	
1743	7.130720e-001	2.708200e-001	8.124000e-003	
1744	7.138680e-001	2.696800e-001	8.468000e-003	
1745	7.149240e-001	2.684240e-001	8.668000e-003	
1746	7.165680e-001	2.667160e-001	8.732000e-003	
1747	7.181160e-001	2.657560e-001	8.144000e-003	
1748	7.191800e-001	2.647240e-001	8.112000e-003	
1749	7.198360e-001	2.637840e-001	8.396000e-003	
1750	7.212240e-001	2.624200e-001	8.372000e-003	
1751	7.224880e-001	2.611200e-001	8.408000e-003	
1752	7.235160e-001	2.599240e-001	8.576000e-003	
1753	7.249120e-001	2.587000e-001	8.404000e-003	
1754	7.259640e-001	2.577680e-001	8.284000e-003	
1755	7.266360e-001	2.575640e-001	7.816000e-003	
1756	7.272240e-001	2.570840e-001	7.708000e-003	
1757	7.273520e-001	2.571720e-001	7.492000e-003	
1758	7.276200e-001	2.571920e-001	7.204000e-003	
1759	7.272880e-001	2.574440e-001	7.284000e-003	
1760	7.274200e-001	2.573000e-001	7.296000e-003	
1761	7.274920e-001	2.572160e-001	7.308000e-003	
1762	7.275520e-001	2.569360e-001	7.528000e-003	
1763	7.276320e-001	2.569440e-001	7.440000e-003	
1764	7.277040e-001	2.569440e-001	7.368000e-003	
1765	7.277800e-001	2.567800e-001	7.456000e-003	
1766	7.279000e-001	2.568600e-001	7.256000e-003	
1767	7.278040e-001	2.572480e-001	6.964000e-003	
1768	7.273640e-001	2.575560e-001	7.096000e-003	
1769	7.276320e-001	2.573880e-001	6.996000e-003	
1770	7.274400e-001	2.578640e-001	6.712000e-003	
1771	7.267080e-001	2.586840e-001	6.624000e-003	
1772	7.260000e-001	2.593160e-001	6.700000e-003	
1773	7.255320e-001	2.597040e-001	6.780000e-003	
1774	7.247880e-001	2.606080e-001	6.620000e-003	
1775	7.244760e-001	2.607880e-001	6.752000e-003	
1776	7.240960e-001	2.612720e-001	6.648000e-003	
1777	7.235480e-001	2.617120e-001	6.756000e-003	
1778	7.232000e-001	2.624240e-001	6.392000e-003	
1779	7.222640e-001	2.632560e-001	6.496000e-003	
1780	7.219200e-001	2.636040e-001	6.492000e-003	
1781	7.212680e-001	2.640880e-001	6.660000e-003	
1782	7.206120e-001	2.648320e-001	6.572000e-003	
1783	7.201640e-001	2.651240e-001	6.728000e-003	
1784	7.198920e-001	2.653440e-001	6.780000e-003	
1785	7.196560e-001	2.659280e-001	6.432000e-003	
1786	7.185760e-001	2.671720e-001	6.268000e-003	
1787	7.178040e-001	2.677880e-001	6.424000e-003	
1788	7.174040e-001	2.683840e-001	6.228000e-003	
1789	7.163920e-001	2.694120e-001	6.212000e-003	
1790	7.152680e-001	2.701200e-001	6.628000e-003	
1791	7.147760e-001	2.705840e-001	6.656000e-003	
1792	7.142280e-001	2.712760e-001	6.512000e-003	
1793	7.131320e-001	2.723240e-001	6.560000e-003	
1794	7.126320e-001	2.728160e-001	6.568000e-003	
1795	7.116120e-001	2.737400e-001	6.664000e-003	
1796	7.111480e-001	2.740120e-001	6.856000e-003	
1797	7.108400e-001	2.739720e-001	7.204000e-003	
1798	7.111720e-001	2.735760e-001	7.268000e-003	
1799	7.113280e-001	2.736600e-001	7.028000e-003	
1800	7.112280e-001	2.737760e-001	7.012000e-003	
1801	7.109960e-001	2.738440e-001	7.176000e-003	
1802	7.107120e-001	2.742880e-001	7.016000e-003	
1803	7.109400e-001	2.743280e-001	6.748000e-003	
1804	7.104840e-001	2.745400e-001	6.992000e-003	
1805	7.104320e-001	2.741840e-001	7.400000e-003	
1806	7.108960e-001	2.736320e-001	7.488000e-003	
1807	7.111680e-001	2.734640e-001	7.384000e-003	
1808	7.112960e-001	2.729600e-001	7.760000e-003	
1809	7.116760e-001	2.724920e-001	7.848000e-003	
1810	7.125720e-001	2.714040e-001	8.040000e-003	
1811	7.132800e-001	2.705480e-001	8.188000e-003	
1812	7.140680e-001	2.697000e-001	8.248000e-003	
1813	7.154920e-001	2.683560e-001	8.168000e-003	
1814	7.167720e-001	2.672240e-001	8.020000e-003	
1815	7.177920e-001	2.663640e-001	7.860000e-003	
1816	7.180480e-001	2.661280e-001	7.840000e-003	
1817	7.186440e-001	2.658240e-001	7.548000e-003	
1818	7.187960e-001	2.656920e-001	7.528000e-003	
1819	7.191480e-001	2.652680e-001	7.600000e-003	
1820	7.194440e-001	2.649560e-001	7.616000e-003	
1821	7.198280e-001	2.643200e-001	7.868000e-003	
1822	7.206280e-001	2.635720e-001	7.816000e-003	
1823	7.214400e-001	2.626400e-001	7.936000e-003	
1824	7.218320e-001	2.621720e-001	8.012000e-003	
1825	7.224400e-001	2.614560e-001	8.120000e-003	
1826	7.233880e-001	2.603600e-001	8.268000e-003	
1827	7.243680e-001	2.594920e-001	8.156000e-003	
1828	7.250800e-001	2.587120e-001	8.224000e-003	
1829	7.257560e-001	2.582600e-001	8.000000e-003	
1830	7.266720e-001	2.573160e-001	8.028000e-003	
1831	7.274120e-001	2.564840e-001	8.120000e-003	
1832	7.282000e-001	2.554120e-001	8.404000e-003	
1833	7.291840e-001	2.542200e-001	8.612000e-003	
1834	7.302040e-001	2.535080e-001	8.304000e-003	
1835	7.314360e-001	2.522600e-001	8.320000e-003	
1836	7.325000e-001	2.512280e-001	8.288000e-003	
1837	7.333440e-001	2.508320e-001	7.840000e-003	
1838	7.335280e-001	2.508200e-001	7.668000e-003	
1839	7.340080e-001	2.505000e-001	7.508000e-003	
1840	7.338840e-001	2.507080e-001	7.424000e-003	
1841	7.339320e-001	2.506520e-001	7.432000e-003	
1842	7.338880e-001	2.509960e-001	7.132000e-003	
1843	7.337400e-001	2.510960e-001	7.180000e-003	
1844	7.335040e-001	2.517760e-001	6.736000e-003	
1845	7.328680e-001	2.523400e-001	6.808000e-003	
1846	7.324960e-001	2.529360e-001	6.584000e-003	
1847	7.320480e-001	2.534040e-001	6.564000e-003	
1848	7.311720e-001	2.545920e-001	6.252000e-003	
1849	7.299840e-001	2.559360e-001	6.096000e-003	
1850	7.289760e-001	2.570800e-001	5.960000e-003	
1851	7.274880e-001	2.586240e-001	5.904000e-003	
1852	7.257480e-001	2.603720e-001	5.896000e-003	
1853	7.243400e-001	2.618320e-001	5.844000e-003	
1854	7.228680e-001	2.634000e-001	5.748000e-003	
1855	7.213480e-001	2.649920e-001	5.676000e-003	
1856	7.198600e-001	2.666000e-001	5.556000e-003	
1857	7.178200e-001	2.686240e-001	5.572000e-003	
1858	7.163600e-001	2.703280e-001	5.328000e-003	
1859	7.145680e-001	2.722160e-001	5.232000e-003	
1860	7.128160e-001	2.741200e-001	5.080000e-003	
1861	7.106320e-001	2.763560e-001	5.028000e-003	
1862	7.084520e-001	2.785080e-001	5.056000e-003	
1863	7.069000e-001	2.801080e-001	5.008000e-003	
1864	7.049640e-001	2.816960e-001	5.356000e-003	
1865	7.031880e-001	2.833800e-001	5.448000e-003	
1866	7.013920e-001	2.849240e-001	5.700000e-003	
1867	6.996840e-001	2.865880e-001	5.744000e-003	
1868	6.985680e-001	2.877000e-001	5.748000e-003	
1869	6.973200e-001	2.889680e-001	5.728000e-003	
1870	6.963840e-001	2.896080e-001	6.024000e-003	
1871	6.954160e-001	2.904520e-001	6.148000e-003	
1872	6.946280e-001	2.911240e-001	6.264000e-003	
1873	6.940800e-001	2.916640e-001	6.272000e-003	
1874	6.934640e-001	2.923040e-001	6.248000e-003	
1875	6.928400e-001	2.926480e-001	6.528000e-003	
1876	6.924920e-001	2.929360e-001	6.588000e-003	
1877	6.922400e-001	2.930840e-001	6.692000e-003	
1878	6.920600e-001	2.931000e-001	6.856000e-003	
1879	6.920000e-001	2.927920e-001	7.224000e-003	
1880	6.922120e-001	2.923640e-001	7.440000e-003	
1881	6.928480e-001	2.914440e-001	7.724000e-003	
1882	6.940520e-001	2.898400e-001	8.124000e-003	
1883	6.951520e-001	2.885480e-001	8.316000e-003	
1884	6.967920e-001	2.867320e-001	8.492000e-003	
1885	6.981520e-001	2.852320e-001	8.632000e-003	
1886	6.998640e-001	2.831840e-001	8.968000e-003	
1887	7.017840e-001	2.811160e-001	9.116000e-003	
1888	7.036760e-001	2.794120e-001	8.928000e-003	
1889	7.056360e-001	2.773480e-001	9.032000e-003	
1890	7.074960e-001	2.758680e-001	8.652000e-003	
1891	7.090080e-001	2.744400e-001	8.568000e-003	
1892	7.105760e-001	2.726160e-001	8.824000e-003	
1893	7.122680e-001	2.710480e-001	8.700000e-003	
1894	7.143520e-001	2.688160e-001	8.848000e-003	
1895	7.160720e-001	2.671720e-001	8.772000e-003	
1896	7.174600e-001	2.658200e-001	8.736000e-003	
1897	7.190760e-001	2.643160e-001	8.624000e-003	
1898	7.207560e-001	2.626440e-001	8.616000e-003	
1899	7.220800e-001	2.612760e-001	8.660000e-003	
1900	7.234600e-001	2.600040e-001	8.552000e-003	
1901	7.247080e-001	2.588880e-001	8.420000e-003	
1902	7.262640e-001	2.573920e-001	8.360000e-003	
1903	7.273800e-001	2.562200e-001	8.416000e-003	
1904	7.281400e-001	2.554000e-001	8.476000e-003	
1905	7.290680e-001	2.542560e-001	8.692000e-003	
1906	7.305400e-001	2.527080e-001	8.768000e-003	
1907	7.319960e-001	2.508360e-001	9.184000e-003	
1908	7.336320e-001	2.493280e-001	9.056000e-003	
1909	7.354480e-001	2.477320e-001	8.836000e-003	
1910	7.368040e-001	2.460440e-001	9.168000e-003	
1911	7.384680e-001	2.442880e-001	9.260000e-003	
1912	7.401480e-001	2.429120e-001	8.956000e-003	
1913	7.418520e-001	2.411160e-001	9.048000e-003	
1914	7.434720e-001	2.399080e-001	8.636000e-003	
1915	7.446840e-001	2.388200e-001	8.512000e-003	
1916	7.457120e-001	2.383240e-001	7.980000e-003	
1917	7.464360e-001	2.378320e-001	7.748000e-003	
1918	7.467800e-001	2.378120e-001	7.424000e-003	
1919	7.467760e-001	2.379240e-001	7.316000e-003	
1920	7.467880e-001	2.381760e-001	7.052000e-003	
1921	7.459600e-001	2.392200e-001	6.836000e-003	
1922	7.453280e-001	2.402160e-001	6.472000e-003	
1923	7.443800e-001	2.414520e-001	6.184000e-003	
1924	7.432320e-001	2.427640e-001	6.020000e-003	
1925	7.419240e-001	2.444240e-001	5.668000e-003	
1926	7.398360e-001	2.467440e-001	5.436000e-003	
1927	7.378400e-001	2.488560e-001	5.320000e-003	
1928	7.356680e-001	2.512000e-001	5.148000e-003	
1929	7.335200e-001	2.534360e-001	5.060000e-003	
1930	7.313960e-001	2.558880e-001	4.732000e-003	
1931	7.286600e-001	2.586080e-001	4.748000e-003	
1932	7.261240e-001	2.610840e-001	4.808000e-003	
1933	7.238200e-001	2.635600e-001	4.636000e-003	
1934	7.208880e-001	2.663760e-001	4.752000e-003	
1935	7.183640e-001	2.687520e-001	4.900000e-003	
1936	7.164800e-001	2.707160e-001	4.820000e-003	
1937	7.137880e-001	2.731840e-001	5.044000e-003	
1938	7.116120e-001	2.753920e-001	5.012000e-003	
1939	7.094880e-001	2.774520e-001	5.076000e-003	
1940	7.073720e-001	2.791200e-001	5.524000e-003	
1941	7.064600e-001	2.800760e-001	5.480000e-003	
1942	7.051760e-001	2.812000e-001	5.640000e-003	
1943	7.040080e-001	2.823760e-001	5.632000e-003	
1944	7.026640e-001	2.832960e-001	6.056000e-003	
1945	7.018480e-001	2.838680e-001	6.300000e-003	
1946	7.008520e-001	2.847960e-001	6.368000e-003	
1947	7.001640e-001	2.852440e-001	6.608000e-003	
1948	6.997120e-001	2.856440e-001	6.660000e-003	
1949	6.994080e-001	2.857160e-001	6.892000e-003	
1950	6.995000e-001	2.857520e-001	6.764000e-003	
1951	6.992080e-001	2.860080e-001	6.800000e-003	
1952	6.991600e-001	2.859560e-001	6.900000e-003	
1953	6.989800e-001	2.858920e-001	7.144000e-003	
1954	6.989560e-001	2.860280e-001	7.032000e-003	
1955	6.991080e-001	2.859320e-001	6.976000e-003	
1956	6.988760e-001	2.862440e-001	6.896000e-003	
1957	6.988480e-001	2.862160e-001	6.952000e-003	
1958	6.989520e-001	2.858040e-001	7.260000e-003	
1959	6.991560e-001	2.855120e-001	7.348000e-003	
1960	6.994800e-001	2.850960e-001	7.440000e-003	
1961	6.998320e-001	2.848280e-001	7.356000e-003	
1962	7.001880e-001	2.843680e-001	7.460000e-003	
1963	7.005800e-001	2.839200e-001	7.516000e-003	
1964	7.011840e-001	2.830160e-001	7.816000e-003	
1965	7.016080e-001	2.825120e-001	7.896000e-003	
1966	7.027000e-001	2.808840e-001	8.432000e-003	
1967	7.043640e-001	2.787600e-001	8.892000e-003	
1968	7.064200e-001	2.765200e-001	9.076000e-003	
1969	7.083680e-001	2.745640e-001	9.084000e-003	
1970	7.101880e-001	2.728920e-001	8.936000e-003	
1971	7.122240e-001	2.707920e-001	9.000000e-003	
1972	7.142240e-001	2.687040e-001	9.088000e-003	
1973	7.162120e-001	2.666760e-001	9.128000e-003	
1974	7.180760e-001	2.649200e-001	9.020000e-003	
1975	7.199840e-001	2.628080e-001	9.224000e-003	
1976	7.219960e-001	2.608640e-001	9.156000e-003	
1977	7.236760e-001	2.593520e-001	8.988000e-003	
1978	7.254400e-001	2.574080e-001	9.168000e-003	
1979	7.274200e-001	2.552920e-001	9.304000e-003	
1980	7.293960e-001	2.532240e-001	9.396000e-003	
1981	7.318080e-001	2.508480e-001	9.360000e-003	
1982	7.339720e-001	2.488840e-001	9.160000e-003	
1983	7.358240e-001	2.473840e-001	8.808000e-003	
1984	7.373680e-001	2.459320e-001	8.716000e-003	
1985	7.386840e-001	2.448320e-001	8.500000e-003	
1986	7.395640e-001	2.440000e-001	8.452000e-003	
1987	7.406400e-001	2.434120e-001	7.964000e-003	
1988	7.411120e-001	2.431640e-001	7.740000e-003	
1989	7.414720e-001	2.431120e-001	7.432000e-003	
1990	7.414400e-001	2.433240e-001	7.252000e-003	
1991	7.413280e-001	2.436080e-001	7.080000e-003	
1992	7.409480e-001	2.443120e-001	6.756000e-003	
1993	7.403360e-001	2.450840e-001	6.596000e-003	
1994	7.398160e-001	2.459360e-001	6.264000e-003	
1995	7.385840e-001	2.474000e-001	6.032000e-003	
1996	7.371720e-001	2.487080e-001	6.136000e-003	
1997	7.360840e-001	2.496720e-001	6.260000e-003	
1998	7.351240e-001	2.505600e-001	6.332000e-003	
1999	7.341920e-001	2.516080e-001	6.216000e-003	
2000	7.328920e-001	2.530560e-001	6.068000e-003	
2001	7.314120e-001	2.550960e-001	5.508000e-003	
