1	4.955880e-001	4.964280e-001	0	
2	4.905240e-001	5.014880e-001	4.000000e-006	
3	4.856400e-001	5.063760e-001	0	
4	4.808520e-001	5.111640e-001	0	
5	4.756960e-001	5.163200e-001	0	
6	4.707320e-001	5.212840e-001	0	
7	4.660840e-001	5.259320e-001	0	
8	4.614000e-001	5.306160e-001	0	
9	4.568040e-001	5.352120e-001	0	
10	4.519960e-001	5.400200e-001	0	
11	4.476480e-001	5.443640e-001	4.000000e-006	
12	4.431120e-001	5.488920e-001	1.200000e-005	
13	4.387080e-001	5.532760e-001	3.200000e-005	
14	4.342400e-001	5.577280e-001	4.800000e-005	
15	4.298600e-001	5.621040e-001	5.200000e-005	
16	4.257520e-001	5.662000e-001	6.400000e-005	
17	4.214640e-001	5.704880e-001	6.400000e-005	
18	4.173000e-001	5.746160e-001	1.000000e-004	
19	4.131600e-001	5.787400e-001	1.160000e-004	
20	4.092560e-001	5.825960e-001	1.640000e-004	
21	4.053440e-001	5.864880e-001	1.840000e-004	
22	4.015600e-001	5.902960e-001	1.600000e-004	
23	3.977440e-001	5.941040e-001	1.680000e-004	
24	3.940400e-001	5.977840e-001	1.920000e-004	
25	3.902280e-001	6.015720e-001	2.160000e-004	
26	3.863760e-001	6.054040e-001	2.360000e-004	
27	3.828080e-001	6.089520e-001	2.560000e-004	
28	3.791120e-001	6.126040e-001	3.000000e-004	
29	3.757880e-001	6.159040e-001	3.240000e-004	
30	3.725320e-001	6.190920e-001	3.920000e-004	
31	3.692880e-001	6.223160e-001	4.120000e-004	
32	3.662360e-001	6.253800e-001	4.000000e-004	
33	3.631320e-001	6.283640e-001	5.200000e-004	
34	3.598960e-001	6.315520e-001	5.680000e-004	
35	3.567680e-001	6.346600e-001	5.880000e-004	
36	3.537880e-001	6.375720e-001	6.560000e-004	
37	3.507160e-001	6.405440e-001	7.560000e-004	
38	3.479440e-001	6.432000e-001	8.720000e-004	
39	3.451320e-001	6.458520e-001	1.032000e-003	
40	3.427840e-001	6.482080e-001	1.024000e-003	
41	3.404160e-001	6.504760e-001	1.124000e-003	
42	3.382240e-001	6.525640e-001	1.228000e-003	
43	3.359520e-001	6.547160e-001	1.348000e-003	
44	3.338720e-001	6.567120e-001	1.432000e-003	
45	3.320680e-001	6.583560e-001	1.592000e-003	
46	3.302560e-001	6.600480e-001	1.712000e-003	
47	3.286240e-001	6.616000e-001	1.792000e-003	
48	3.271360e-001	6.628200e-001	2.060000e-003	
49	3.260440e-001	6.638760e-001	2.096000e-003	
50	3.247760e-001	6.649920e-001	2.248000e-003	
51	3.235880e-001	6.661920e-001	2.236000e-003	
52	3.225840e-001	6.670160e-001	2.416000e-003	
53	3.217440e-001	6.676920e-001	2.580000e-003	
54	3.211560e-001	6.681440e-001	2.716000e-003	
55	3.207880e-001	6.682920e-001	2.936000e-003	
56	3.207040e-001	6.682360e-001	3.076000e-003	
57	3.206160e-001	6.680600e-001	3.340000e-003	
58	3.207600e-001	6.677200e-001	3.536000e-003	
59	3.210040e-001	6.674640e-001	3.548000e-003	
60	3.213600e-001	6.669680e-001	3.688000e-003	
61	3.218680e-001	6.662040e-001	3.944000e-003	
62	3.227040e-001	6.652000e-001	4.112000e-003	
63	3.236640e-001	6.641160e-001	4.236000e-003	
64	3.246960e-001	6.628960e-001	4.424000e-003	
65	3.258360e-001	6.618000e-001	4.380000e-003	
66	3.269040e-001	6.605040e-001	4.608000e-003	
67	3.281280e-001	6.590520e-001	4.836000e-003	
68	3.298200e-001	6.570800e-001	5.116000e-003	
69	3.316440e-001	6.551000e-001	5.272000e-003	
70	3.338440e-001	6.526880e-001	5.484000e-003	
71	3.359040e-001	6.502640e-001	5.848000e-003	
72	3.382560e-001	6.476240e-001	6.136000e-003	
73	3.409480e-001	6.449200e-001	6.148000e-003	
74	3.436520e-001	6.420120e-001	6.352000e-003	
75	3.466560e-001	6.385920e-001	6.768000e-003	
76	3.501560e-001	6.350000e-001	6.860000e-003	
77	3.536360e-001	6.314520e-001	6.928000e-003	
78	3.571640e-001	6.277400e-001	7.112000e-003	
79	3.607360e-001	6.240160e-001	7.264000e-003	
80	3.642240e-001	6.204360e-001	7.356000e-003	
81	3.679040e-001	6.164960e-001	7.616000e-003	
82	3.718520e-001	6.123160e-001	7.848000e-003	
83	3.760880e-001	6.077280e-001	8.200000e-003	
84	3.804640e-001	6.029880e-001	8.564000e-003	
85	3.852720e-001	5.979360e-001	8.808000e-003	
86	3.900920e-001	5.928520e-001	9.072000e-003	
87	3.950880e-001	5.875120e-001	9.416000e-003	
88	4.005040e-001	5.818600e-001	9.652000e-003	
89	4.061280e-001	5.761480e-001	9.740000e-003	
90	4.117280e-001	5.700920e-001	1.019600e-002	
91	4.179080e-001	5.636320e-001	1.047600e-002	
92	4.243040e-001	5.571480e-001	1.056400e-002	
93	4.305360e-001	5.502880e-001	1.119200e-002	
94	4.372200e-001	5.433200e-001	1.147600e-002	
95	4.444160e-001	5.360320e-001	1.156800e-002	
96	4.516760e-001	5.284040e-001	1.193600e-002	
97	4.590720e-001	5.207720e-001	1.217200e-002	
98	4.669080e-001	5.126800e-001	1.242800e-002	
99	4.748720e-001	5.046240e-001	1.252000e-002	
100	4.824640e-001	4.969240e-001	1.262800e-002	
101	4.903960e-001	4.887560e-001	1.286400e-002	
102	4.983480e-001	4.808320e-001	1.283600e-002	
103	5.062640e-001	4.727200e-001	1.303200e-002	
104	5.141360e-001	4.645400e-001	1.334000e-002	
105	5.222640e-001	4.560680e-001	1.368400e-002	
106	5.307800e-001	4.473320e-001	1.390400e-002	
107	5.393760e-001	4.389240e-001	1.371600e-002	
108	5.476800e-001	4.316120e-001	1.272400e-002	
109	5.548920e-001	4.242600e-001	1.286400e-002	
110	5.622200e-001	4.168400e-001	1.295600e-002	
111	5.694760e-001	4.095680e-001	1.297200e-002	
112	5.769680e-001	4.017560e-001	1.329200e-002	
113	5.845280e-001	3.941120e-001	1.337600e-002	
114	5.921080e-001	3.864160e-001	1.349200e-002	
115	5.997240e-001	3.793000e-001	1.299200e-002	
116	6.068360e-001	3.727760e-001	1.240400e-002	
117	6.128480e-001	3.666360e-001	1.253200e-002	
118	6.191680e-001	3.605280e-001	1.232000e-002	
119	6.252200e-001	3.546240e-001	1.217200e-002	
120	6.309920e-001	3.484880e-001	1.253600e-002	
121	6.374120e-001	3.425600e-001	1.204400e-002	
122	6.431480e-001	3.374560e-001	1.141200e-002	
123	6.480520e-001	3.336640e-001	1.030000e-002	
124	6.520400e-001	3.297760e-001	1.020000e-002	
125	6.557600e-001	3.266480e-001	9.608000e-003	
126	6.588160e-001	3.241720e-001	9.028000e-003	
127	6.611720e-001	3.222600e-001	8.584000e-003	
128	6.631560e-001	3.205840e-001	8.276000e-003	
129	6.652560e-001	3.188800e-001	7.880000e-003	
130	6.664520e-001	3.181720e-001	7.392000e-003	
131	6.673800e-001	3.173360e-001	7.300000e-003	
132	6.679400e-001	3.172640e-001	6.812000e-003	
133	6.678720e-001	3.178320e-001	6.312000e-003	
134	6.675680e-001	3.182120e-001	6.236000e-003	
135	6.669400e-001	3.191960e-001	5.880000e-003	
136	6.665520e-001	3.195880e-001	5.876000e-003	
137	6.657680e-001	3.205760e-001	5.672000e-003	
138	6.647440e-001	3.220720e-001	5.200000e-003	
139	6.632880e-001	3.240000e-001	4.728000e-003	
140	6.614280e-001	3.261640e-001	4.424000e-003	
141	6.595120e-001	3.283120e-001	4.192000e-003	
142	6.571840e-001	3.309320e-001	3.900000e-003	
143	6.545200e-001	3.337800e-001	3.716000e-003	
144	6.515720e-001	3.369120e-001	3.532000e-003	
145	6.483640e-001	3.402360e-001	3.416000e-003	
146	6.454360e-001	3.432960e-001	3.284000e-003	
147	6.424040e-001	3.468480e-001	2.764000e-003	
148	6.388600e-001	3.505440e-001	2.612000e-003	
149	6.351880e-001	3.543360e-001	2.492000e-003	
150	6.313720e-001	3.584280e-001	2.216000e-003	
151	6.275360e-001	3.623600e-001	2.120000e-003	
152	6.233760e-001	3.665840e-001	2.056000e-003	
153	6.191560e-001	3.707760e-001	2.084000e-003	
154	6.151240e-001	3.747280e-001	2.164000e-003	
155	6.112240e-001	3.784880e-001	2.304000e-003	
156	6.076720e-001	3.822440e-001	2.100000e-003	
157	6.035320e-001	3.864160e-001	2.068000e-003	
158	5.996760e-001	3.904280e-001	1.912000e-003	
159	5.956920e-001	3.944800e-001	1.844000e-003	
160	5.917000e-001	3.984720e-001	1.844000e-003	
161	5.876600e-001	4.025560e-001	1.800000e-003	
162	5.837760e-001	4.063440e-001	1.896000e-003	
163	5.795600e-001	4.104240e-001	2.032000e-003	
164	5.758720e-001	4.139720e-001	2.172000e-003	
165	5.722720e-001	4.173600e-001	2.384000e-003	
166	5.691440e-001	4.206080e-001	2.264000e-003	
167	5.656080e-001	4.239560e-001	2.452000e-003	
168	5.621920e-001	4.274440e-001	2.380000e-003	
169	5.590440e-001	4.304920e-001	2.480000e-003	
170	5.558560e-001	4.336680e-001	2.492000e-003	
171	5.528080e-001	4.365440e-001	2.664000e-003	
172	5.500440e-001	4.393280e-001	2.644000e-003	
173	5.472400e-001	4.420800e-001	2.696000e-003	
174	5.443320e-001	4.448360e-001	2.848000e-003	
175	5.418480e-001	4.472000e-001	2.968000e-003	
176	5.394720e-001	4.495000e-001	3.044000e-003	
177	5.370480e-001	4.519120e-001	3.056000e-003	
178	5.346440e-001	4.541560e-001	3.216000e-003	
179	5.324320e-001	4.562640e-001	3.320000e-003	
180	5.304600e-001	4.580680e-001	3.488000e-003	
181	5.286600e-001	4.599480e-001	3.408000e-003	
182	5.267800e-001	4.618000e-001	3.436000e-003	
183	5.249040e-001	4.636480e-001	3.464000e-003	
184	5.231840e-001	4.654160e-001	3.416000e-003	
185	5.211560e-001	4.674000e-001	3.460000e-003	
186	5.193240e-001	4.689520e-001	3.740000e-003	
187	5.175240e-001	4.706480e-001	3.844000e-003	
188	5.163680e-001	4.715600e-001	4.088000e-003	
189	5.152200e-001	4.725080e-001	4.288000e-003	
190	5.145000e-001	4.729400e-001	4.576000e-003	
191	5.137160e-001	4.736600e-001	4.640000e-003	
192	5.129840e-001	4.744120e-001	4.620000e-003	
193	5.124480e-001	4.749280e-001	4.640000e-003	
194	5.120520e-001	4.751400e-001	4.824000e-003	
195	5.119480e-001	4.749720e-001	5.096000e-003	
196	5.118480e-001	4.749160e-001	5.252000e-003	
197	5.120640e-001	4.747160e-001	5.236000e-003	
198	5.124280e-001	4.742560e-001	5.332000e-003	
199	5.126640e-001	4.740800e-001	5.272000e-003	
200	5.127080e-001	4.739120e-001	5.396000e-003	
201	5.129240e-001	4.733720e-001	5.720000e-003	
202	5.134680e-001	4.727880e-001	5.760000e-003	
203	5.140040e-001	4.719880e-001	6.024000e-003	
204	5.151920e-001	4.704400e-001	6.384000e-003	
205	5.164600e-001	4.690200e-001	6.536000e-003	
206	5.178800e-001	4.674960e-001	6.640000e-003	
207	5.193720e-001	4.660560e-001	6.588000e-003	
208	5.208360e-001	4.648080e-001	6.372000e-003	
209	5.219840e-001	4.636240e-001	6.408000e-003	
210	5.233560e-001	4.619840e-001	6.676000e-003	
211	5.246520e-001	4.606280e-001	6.736000e-003	
212	5.263360e-001	4.586240e-001	7.056000e-003	
213	5.282720e-001	4.569040e-001	6.840000e-003	
214	5.298920e-001	4.551880e-001	6.936000e-003	
215	5.314280e-001	4.539120e-001	6.676000e-003	
216	5.328160e-001	4.523200e-001	6.880000e-003	
217	5.341960e-001	4.508080e-001	7.012000e-003	
218	5.356240e-001	4.494880e-001	6.904000e-003	
219	5.370840e-001	4.479280e-001	7.004000e-003	
220	5.386600e-001	4.464680e-001	6.888000e-003	
221	5.401680e-001	4.449440e-001	6.904000e-003	
222	5.414120e-001	4.437360e-001	6.868000e-003	
223	5.428280e-001	4.420920e-001	7.096000e-003	
224	5.447880e-001	4.402680e-001	6.960000e-003	
225	5.461880e-001	4.388680e-001	6.960000e-003	
226	5.477680e-001	4.371880e-001	7.060000e-003	
227	5.490920e-001	4.355920e-001	7.332000e-003	
228	5.510080e-001	4.337520e-001	7.256000e-003	
229	5.527200e-001	4.321360e-001	7.160000e-003	
230	5.540640e-001	4.304440e-001	7.508000e-003	
231	5.559040e-001	4.284400e-001	7.672000e-003	
232	5.580760e-001	4.262520e-001	7.688000e-003	
233	5.603840e-001	4.236960e-001	7.936000e-003	
234	5.631080e-001	4.209920e-001	7.916000e-003	
235	5.653800e-001	4.187760e-001	7.860000e-003	
236	5.675320e-001	4.168800e-001	7.604000e-003	
237	5.695040e-001	4.150960e-001	7.416000e-003	
238	5.711480e-001	4.136680e-001	7.200000e-003	
239	5.725000e-001	4.123840e-001	7.132000e-003	
240	5.739320e-001	4.114000e-001	6.684000e-003	
241	5.748200e-001	4.103480e-001	6.848000e-003	
242	5.758200e-001	4.093520e-001	6.844000e-003	
243	5.770840e-001	4.081480e-001	6.784000e-003	
244	5.781600e-001	4.071800e-001	6.676000e-003	
245	5.790240e-001	4.062640e-001	6.728000e-003	
246	5.798040e-001	4.055080e-001	6.704000e-003	
247	5.805080e-001	4.047160e-001	6.792000e-003	
248	5.814640e-001	4.037680e-001	6.784000e-003	
249	5.822800e-001	4.030560e-001	6.680000e-003	
250	5.831400e-001	4.023560e-001	6.520000e-003	
251	5.837040e-001	4.019200e-001	6.392000e-003	
252	5.839440e-001	4.017560e-001	6.316000e-003	
253	5.843440e-001	4.014440e-001	6.228000e-003	
254	5.847560e-001	4.010280e-001	6.232000e-003	
255	5.855400e-001	4.003040e-001	6.172000e-003	
256	5.856920e-001	3.999600e-001	6.364000e-003	
257	5.860960e-001	3.996800e-001	6.240000e-003	
258	5.866560e-001	3.988880e-001	6.472000e-003	
259	5.875520e-001	3.979480e-001	6.516000e-003	
260	5.881800e-001	3.971720e-001	6.664000e-003	
261	5.890600e-001	3.961680e-001	6.788000e-003	
262	5.899760e-001	3.952160e-001	6.824000e-003	
263	5.909720e-001	3.940880e-001	6.956000e-003	
264	5.920880e-001	3.928080e-001	7.120000e-003	
265	5.931160e-001	3.917840e-001	7.116000e-003	
266	5.946680e-001	3.900880e-001	7.260000e-003	
267	5.962920e-001	3.884400e-001	7.284000e-003	
268	5.972400e-001	3.874400e-001	7.336000e-003	
269	5.984440e-001	3.862520e-001	7.320000e-003	
270	6.000080e-001	3.847840e-001	7.224000e-003	
271	6.010880e-001	3.840120e-001	6.916000e-003	
272	6.020720e-001	3.832360e-001	6.708000e-003	
273	6.024760e-001	3.829960e-001	6.544000e-003	
274	6.031320e-001	3.824240e-001	6.460000e-003	
275	6.037600e-001	3.819800e-001	6.276000e-003	
276	6.043320e-001	3.812800e-001	6.404000e-003	
277	6.046200e-001	3.808960e-001	6.500000e-003	
278	6.049000e-001	3.805000e-001	6.616000e-003	
279	6.055200e-001	3.797920e-001	6.704000e-003	
280	6.062880e-001	3.789680e-001	6.760000e-003	
281	6.073360e-001	3.781000e-001	6.580000e-003	
282	6.075040e-001	3.775920e-001	6.920000e-003	
283	6.087600e-001	3.764640e-001	6.792000e-003	
284	6.092320e-001	3.759400e-001	6.844000e-003	
285	6.098440e-001	3.754840e-001	6.688000e-003	
286	6.104120e-001	3.747800e-001	6.824000e-003	
287	6.110520e-001	3.738520e-001	7.112000e-003	
288	6.117240e-001	3.731840e-001	7.108000e-003	
289	6.126680e-001	3.724680e-001	6.880000e-003	
290	6.135840e-001	3.715800e-001	6.852000e-003	
291	6.141440e-001	3.712080e-001	6.664000e-003	
292	6.144320e-001	3.709880e-001	6.596000e-003	
293	6.151320e-001	3.700400e-001	6.844000e-003	
294	6.157200e-001	3.693320e-001	6.964000e-003	
295	6.165920e-001	3.684480e-001	6.976000e-003	
296	6.173840e-001	3.674360e-001	7.196000e-003	
297	6.184400e-001	3.668440e-001	6.732000e-003	
298	6.192400e-001	3.664400e-001	6.336000e-003	
299	6.196920e-001	3.660120e-001	6.312000e-003	
300	6.198240e-001	3.660680e-001	6.124000e-003	
301	6.195880e-001	3.662240e-001	6.204000e-003	
302	6.196000e-001	3.662000e-001	6.216000e-003	
303	6.195920e-001	3.661760e-001	6.248000e-003	
304	6.195600e-001	3.664640e-001	5.992000e-003	
305	6.192440e-001	3.664560e-001	6.316000e-003	
306	6.191360e-001	3.665000e-001	6.380000e-003	
307	6.192760e-001	3.663840e-001	6.356000e-003	
308	6.190640e-001	3.665080e-001	6.444000e-003	
309	6.191800e-001	3.663400e-001	6.496000e-003	
310	6.195680e-001	3.660760e-001	6.372000e-003	
311	6.196480e-001	3.661640e-001	6.204000e-003	
312	6.198160e-001	3.659160e-001	6.284000e-003	
313	6.199600e-001	3.659240e-001	6.132000e-003	
314	6.201840e-001	3.655480e-001	6.284000e-003	
315	6.202560e-001	3.656600e-001	6.100000e-003	
316	6.201840e-001	3.660480e-001	5.784000e-003	
317	6.199200e-001	3.664960e-001	5.600000e-003	
318	6.193560e-001	3.672000e-001	5.460000e-003	
319	6.186040e-001	3.676800e-001	5.732000e-003	
320	6.179920e-001	3.685000e-001	5.524000e-003	
321	6.170560e-001	3.697120e-001	5.248000e-003	
322	6.161760e-001	3.705960e-001	5.244000e-003	
323	6.151120e-001	3.717800e-001	5.124000e-003	
324	6.138840e-001	3.730120e-001	5.120000e-003	
325	6.129600e-001	3.739200e-001	5.136000e-003	
326	6.120720e-001	3.747920e-001	5.152000e-003	
327	6.109800e-001	3.757880e-001	5.248000e-003	
328	6.100000e-001	3.770920e-001	4.924000e-003	
329	6.086960e-001	3.785080e-001	4.812000e-003	
330	6.076000e-001	3.795040e-001	4.912000e-003	
331	6.061920e-001	3.809400e-001	4.884000e-003	
332	6.049480e-001	3.822320e-001	4.836000e-003	
333	6.035880e-001	3.836360e-001	4.792000e-003	
334	6.022560e-001	3.848000e-001	4.960000e-003	
335	6.011320e-001	3.858160e-001	5.068000e-003	
336	6.001680e-001	3.869440e-001	4.904000e-003	
337	5.989440e-001	3.880440e-001	5.028000e-003	
338	5.980920e-001	3.889800e-001	4.944000e-003	
339	5.967880e-001	3.902760e-001	4.952000e-003	
340	5.957840e-001	3.914560e-001	4.776000e-003	
341	5.946600e-001	3.924520e-001	4.904000e-003	
342	5.938840e-001	3.934320e-001	4.700000e-003	
343	5.926120e-001	3.946080e-001	4.796000e-003	
344	5.913280e-001	3.959800e-001	4.708000e-003	
345	5.903080e-001	3.968280e-001	4.880000e-003	
346	5.892440e-001	3.978520e-001	4.920000e-003	
347	5.885800e-001	3.989160e-001	4.520000e-003	
348	5.871360e-001	4.002840e-001	4.596000e-003	
349	5.857480e-001	4.018440e-001	4.424000e-003	
350	5.843560e-001	4.029880e-001	4.672000e-003	
351	5.831640e-001	4.043160e-001	4.536000e-003	
352	5.819400e-001	4.055400e-001	4.536000e-003	
353	5.808040e-001	4.065560e-001	4.656000e-003	
354	5.796360e-001	4.076240e-001	4.756000e-003	
355	5.785920e-001	4.086760e-001	4.748000e-003	
356	5.776480e-001	4.096800e-001	4.688000e-003	
357	5.764920e-001	4.109400e-001	4.584000e-003	
358	5.752280e-001	4.121240e-001	4.664000e-003	
359	5.743000e-001	4.129120e-001	4.804000e-003	
360	5.734600e-001	4.137600e-001	4.796000e-003	
361	5.725040e-001	4.145680e-001	4.944000e-003	
362	5.717520e-001	4.154520e-001	4.812000e-003	
363	5.707200e-001	4.164600e-001	4.836000e-003	
364	5.699080e-001	4.172840e-001	4.824000e-003	
365	5.687280e-001	4.182400e-001	5.048000e-003	
366	5.684440e-001	4.188520e-001	4.720000e-003	
367	5.672280e-001	4.203320e-001	4.456000e-003	
368	5.660600e-001	4.216320e-001	4.324000e-003	
369	5.648160e-001	4.228360e-001	4.364000e-003	
370	5.637200e-001	4.240560e-001	4.240000e-003	
371	5.621400e-001	4.255520e-001	4.324000e-003	
372	5.607160e-001	4.266920e-001	4.608000e-003	
373	5.597160e-001	4.276520e-001	4.648000e-003	
374	5.589360e-001	4.286640e-001	4.416000e-003	
375	5.577400e-001	4.300320e-001	4.244000e-003	
376	5.563320e-001	4.312880e-001	4.396000e-003	
377	5.549400e-001	4.327400e-001	4.336000e-003	
378	5.539120e-001	4.338280e-001	4.276000e-003	
379	5.523640e-001	4.354320e-001	4.220000e-003	
380	5.508440e-001	4.370200e-001	4.152000e-003	
381	5.496400e-001	4.383400e-001	4.036000e-003	
382	5.480800e-001	4.397680e-001	4.168000e-003	
383	5.468760e-001	4.409000e-001	4.240000e-003	
384	5.457920e-001	4.419040e-001	4.320000e-003	
385	5.444080e-001	4.434680e-001	4.140000e-003	
386	5.434720e-001	4.442640e-001	4.280000e-003	
387	5.423040e-001	4.453400e-001	4.372000e-003	
388	5.413000e-001	4.464680e-001	4.248000e-003	
389	5.400200e-001	4.478080e-001	4.188000e-003	
390	5.388400e-001	4.490600e-001	4.116000e-003	
391	5.373400e-001	4.505720e-001	4.104000e-003	
392	5.361320e-001	4.516880e-001	4.196000e-003	
393	5.348560e-001	4.528680e-001	4.292000e-003	
394	5.337000e-001	4.540160e-001	4.300000e-003	
395	5.326160e-001	4.553640e-001	4.036000e-003	
396	5.312840e-001	4.567560e-001	3.976000e-003	
397	5.299280e-001	4.581200e-001	3.968000e-003	
398	5.287440e-001	4.592640e-001	4.008000e-003	
399	5.276120e-001	4.603960e-001	4.008000e-003	
400	5.261920e-001	4.617800e-001	4.044000e-003	
401	5.246760e-001	4.632120e-001	4.128000e-003	
402	5.234840e-001	4.645640e-001	3.968000e-003	
403	5.221840e-001	4.659960e-001	3.836000e-003	
404	5.208720e-001	4.672960e-001	3.848000e-003	
405	5.194160e-001	4.685960e-001	4.004000e-003	
406	5.179120e-001	4.699600e-001	4.144000e-003	
407	5.172320e-001	4.707240e-001	4.060000e-003	
408	5.163520e-001	4.714800e-001	4.184000e-003	
409	5.152280e-001	4.726160e-001	4.172000e-003	
410	5.141400e-001	4.737120e-001	4.164000e-003	
411	5.132280e-001	4.745760e-001	4.212000e-003	
412	5.123440e-001	4.755480e-001	4.124000e-003	
413	5.115600e-001	4.763720e-001	4.084000e-003	
414	5.107360e-001	4.770680e-001	4.212000e-003	
415	5.097080e-001	4.780440e-001	4.264000e-003	
416	5.087440e-001	4.789920e-001	4.280000e-003	
417	5.079160e-001	4.798840e-001	4.216000e-003	
418	5.071400e-001	4.805560e-001	4.320000e-003	
419	5.063480e-001	4.815440e-001	4.124000e-003	
420	5.054480e-001	4.824560e-001	4.112000e-003	
421	5.041640e-001	4.836480e-001	4.204000e-003	
422	5.033280e-001	4.842640e-001	4.424000e-003	
423	5.030640e-001	4.846160e-001	4.336000e-003	
424	5.023000e-001	4.854120e-001	4.304000e-003	
425	5.018440e-001	4.858920e-001	4.280000e-003	
426	5.012040e-001	4.862560e-001	4.556000e-003	
427	5.008760e-001	4.864600e-001	4.680000e-003	
428	5.003120e-001	4.870040e-001	4.700000e-003	
429	5.002640e-001	4.870320e-001	4.720000e-003	
430	4.998160e-001	4.875000e-001	4.700000e-003	
431	4.994120e-001	4.876120e-001	4.992000e-003	
432	4.992960e-001	4.877240e-001	4.996000e-003	
433	4.992480e-001	4.875200e-001	5.248000e-003	
434	4.995960e-001	4.872440e-001	5.176000e-003	
435	4.997880e-001	4.870680e-001	5.160000e-003	
436	4.999440e-001	4.866840e-001	5.388000e-003	
437	5.003200e-001	4.863000e-001	5.396000e-003	
438	5.006640e-001	4.860040e-001	5.348000e-003	
439	5.009760e-001	4.856560e-001	5.384000e-003	
440	5.014960e-001	4.851040e-001	5.416000e-003	
441	5.020160e-001	4.846400e-001	5.360000e-003	
442	5.020480e-001	4.846160e-001	5.352000e-003	
443	5.022480e-001	4.845600e-001	5.208000e-003	
444	5.022480e-001	4.843720e-001	5.396000e-003	
445	5.027400e-001	4.838320e-001	5.444000e-003	
446	5.030840e-001	4.834080e-001	5.524000e-003	
447	5.036840e-001	4.828040e-001	5.528000e-003	
448	5.041480e-001	4.824600e-001	5.408000e-003	
449	5.045560e-001	4.821120e-001	5.348000e-003	
450	5.048120e-001	4.820440e-001	5.160000e-003	
451	5.046480e-001	4.820840e-001	5.284000e-003	
452	5.048080e-001	4.817480e-001	5.460000e-003	
453	5.049640e-001	4.814000e-001	5.652000e-003	
454	5.055960e-001	4.807760e-001	5.644000e-003	
455	5.062120e-001	4.800280e-001	5.776000e-003	
456	5.071560e-001	4.788960e-001	5.964000e-003	
457	5.081480e-001	4.777480e-001	6.120000e-003	
458	5.095720e-001	4.762560e-001	6.188000e-003	
459	5.106720e-001	4.752920e-001	6.052000e-003	
460	5.120600e-001	4.741120e-001	5.844000e-003	
461	5.128000e-001	4.732440e-001	5.972000e-003	
462	5.137000e-001	4.721160e-001	6.200000e-003	
463	5.148960e-001	4.707560e-001	6.364000e-003	
464	5.165400e-001	4.688720e-001	6.604000e-003	
465	5.180680e-001	4.673120e-001	6.636000e-003	
466	5.196880e-001	4.656840e-001	6.644000e-003	
467	5.209840e-001	4.644120e-001	6.620000e-003	
468	5.225080e-001	4.627800e-001	6.728000e-003	
469	5.239440e-001	4.613400e-001	6.732000e-003	
470	5.256680e-001	4.595280e-001	6.820000e-003	
471	5.271000e-001	4.579480e-001	6.968000e-003	
472	5.287560e-001	4.562080e-001	7.052000e-003	
473	5.304000e-001	4.545000e-001	7.116000e-003	
474	5.320920e-001	4.529040e-001	7.020000e-003	
475	5.338200e-001	4.512480e-001	6.948000e-003	
476	5.354640e-001	4.494000e-001	7.152000e-003	
477	5.373560e-001	4.473560e-001	7.304000e-003	
478	5.392640e-001	4.456560e-001	7.096000e-003	
479	5.411000e-001	4.439560e-001	6.960000e-003	
480	5.426640e-001	4.422480e-001	7.104000e-003	
481	5.444240e-001	4.405160e-001	7.076000e-003	
482	5.459400e-001	4.391720e-001	6.904000e-003	
483	5.473200e-001	4.376480e-001	7.048000e-003	
484	5.490040e-001	4.358480e-001	7.164000e-003	
485	5.509880e-001	4.338360e-001	7.192000e-003	
486	5.525640e-001	4.322760e-001	7.176000e-003	
487	5.540640e-001	4.308760e-001	7.076000e-003	
488	5.553800e-001	4.293280e-001	7.308000e-003	
489	5.569160e-001	4.278600e-001	7.240000e-003	
490	5.587400e-001	4.260240e-001	7.252000e-003	
491	5.601520e-001	4.244240e-001	7.440000e-003	
492	5.618640e-001	4.226400e-001	7.512000e-003	
493	5.634560e-001	4.211520e-001	7.408000e-003	
494	5.652000e-001	4.193320e-001	7.484000e-003	
495	5.669280e-001	4.174360e-001	7.652000e-003	
496	5.686560e-001	4.155560e-001	7.804000e-003	
497	5.710160e-001	4.134320e-001	7.568000e-003	
498	5.730920e-001	4.113720e-001	7.552000e-003	
499	5.747640e-001	4.099440e-001	7.308000e-003	
500	5.762880e-001	4.084200e-001	7.308000e-003	
501	5.780240e-001	4.066440e-001	7.348000e-003	
502	5.796640e-001	4.051800e-001	7.172000e-003	
503	5.810680e-001	4.036680e-001	7.280000e-003	
504	5.824800e-001	4.022320e-001	7.304000e-003	
505	5.839280e-001	4.006920e-001	7.396000e-003	
506	5.855640e-001	3.991280e-001	7.324000e-003	
507	5.868480e-001	3.977040e-001	7.464000e-003	
508	5.886160e-001	3.960400e-001	7.360000e-003	
509	5.904040e-001	3.940920e-001	7.520000e-003	
510	5.924560e-001	3.925960e-001	6.964000e-003	
511	5.935840e-001	3.913480e-001	7.084000e-003	
512	5.945720e-001	3.901760e-001	7.268000e-003	
513	5.957600e-001	3.890400e-001	7.216000e-003	
514	5.969960e-001	3.878080e-001	7.212000e-003	
515	5.980640e-001	3.865360e-001	7.416000e-003	
516	5.994560e-001	3.853520e-001	7.208000e-003	
517	6.008240e-001	3.844080e-001	6.784000e-003	
518	6.017400e-001	3.838680e-001	6.408000e-003	
519	6.019840e-001	3.836080e-001	6.424000e-003	
520	6.025080e-001	3.835360e-001	5.972000e-003	
521	6.023840e-001	3.842600e-001	5.372000e-003	
522	6.015480e-001	3.854280e-001	5.040000e-003	
523	6.006800e-001	3.862680e-001	5.068000e-003	
524	5.998560e-001	3.871080e-001	5.052000e-003	
525	5.990200e-001	3.876080e-001	5.388000e-003	
526	5.983360e-001	3.881960e-001	5.484000e-003	
527	5.981200e-001	3.881960e-001	5.700000e-003	
528	5.979440e-001	3.886800e-001	5.392000e-003	
529	5.975640e-001	3.890520e-001	5.400000e-003	
530	5.969240e-001	3.894920e-001	5.600000e-003	
531	5.965360e-001	3.897360e-001	5.744000e-003	
532	5.963080e-001	3.898960e-001	5.812000e-003	
533	5.959920e-001	3.902280e-001	5.796000e-003	
534	5.957320e-001	3.902520e-001	6.032000e-003	
535	5.958560e-001	3.904120e-001	5.748000e-003	
536	5.953200e-001	3.909840e-001	5.712000e-003	
537	5.949160e-001	3.911760e-001	5.924000e-003	
538	5.947680e-001	3.911760e-001	6.072000e-003	
539	5.950400e-001	3.910640e-001	5.912000e-003	
540	5.949280e-001	3.911880e-001	5.900000e-003	
541	5.951120e-001	3.910000e-001	5.904000e-003	
542	5.949360e-001	3.911400e-001	5.940000e-003	
543	5.948040e-001	3.910480e-001	6.164000e-003	
544	5.948720e-001	3.908240e-001	6.320000e-003	
545	5.952360e-001	3.905920e-001	6.188000e-003	
546	5.955680e-001	3.900560e-001	6.392000e-003	
547	5.958760e-001	3.899880e-001	6.152000e-003	
548	5.959320e-001	3.899080e-001	6.176000e-003	
549	5.960960e-001	3.895680e-001	6.352000e-003	
550	5.964080e-001	3.892360e-001	6.372000e-003	
551	5.968520e-001	3.887840e-001	6.380000e-003	
552	5.972280e-001	3.879960e-001	6.792000e-003	
553	5.978600e-001	3.873320e-001	6.824000e-003	
554	5.988040e-001	3.863880e-001	6.824000e-003	
555	5.994080e-001	3.856560e-001	6.952000e-003	
556	6.004600e-001	3.845600e-001	6.996000e-003	
557	6.013880e-001	3.834520e-001	7.176000e-003	
558	6.025360e-001	3.822760e-001	7.204000e-003	
559	6.036720e-001	3.813360e-001	7.008000e-003	
560	6.044360e-001	3.804120e-001	7.168000e-003	
561	6.055080e-001	3.794760e-001	7.032000e-003	
562	6.062200e-001	3.787040e-001	7.092000e-003	
563	6.075440e-001	3.773760e-001	7.096000e-003	
564	6.088480e-001	3.759440e-001	7.224000e-003	
565	6.097760e-001	3.751000e-001	7.140000e-003	
566	6.109480e-001	3.737000e-001	7.368000e-003	
567	6.122800e-001	3.725280e-001	7.208000e-003	
568	6.136200e-001	3.709760e-001	7.420000e-003	
569	6.148120e-001	3.697600e-001	7.444000e-003	
570	6.164120e-001	3.679680e-001	7.636000e-003	
571	6.177480e-001	3.666680e-001	7.600000e-003	
572	6.193040e-001	3.652000e-001	7.512000e-003	
573	6.205840e-001	3.637360e-001	7.696000e-003	
574	6.223640e-001	3.617880e-001	7.864000e-003	
575	6.241680e-001	3.597880e-001	8.060000e-003	
576	6.260840e-001	3.579960e-001	7.936000e-003	
577	6.281080e-001	3.559160e-001	7.992000e-003	
578	6.297680e-001	3.547800e-001	7.468000e-003	
579	6.310240e-001	3.537400e-001	7.252000e-003	
580	6.319240e-001	3.528920e-001	7.200000e-003	
581	6.328280e-001	3.519960e-001	7.192000e-003	
582	6.335920e-001	3.516280e-001	6.796000e-003	
583	6.339560e-001	3.514200e-001	6.640000e-003	
584	6.341960e-001	3.510040e-001	6.816000e-003	
585	6.347320e-001	3.503720e-001	6.912000e-003	
586	6.350920e-001	3.500840e-001	6.840000e-003	
587	6.354800e-001	3.502520e-001	6.284000e-003	
588	6.354000e-001	3.503240e-001	6.292000e-003	
589	6.352560e-001	3.504520e-001	6.308000e-003	
590	6.350880e-001	3.505560e-001	6.372000e-003	
591	6.352320e-001	3.504960e-001	6.288000e-003	
592	6.351480e-001	3.506040e-001	6.264000e-003	
593	6.347960e-001	3.508600e-001	6.360000e-003	
594	6.347920e-001	3.510080e-001	6.216000e-003	
595	6.349440e-001	3.507120e-001	6.360000e-003	
596	6.350880e-001	3.505760e-001	6.352000e-003	
597	6.353040e-001	3.502040e-001	6.508000e-003	
598	6.356200e-001	3.501080e-001	6.288000e-003	
599	6.353040e-001	3.503720e-001	6.340000e-003	
600	6.352640e-001	3.505040e-001	6.248000e-003	
601	6.352320e-001	3.502920e-001	6.492000e-003	
602	6.353840e-001	3.505000e-001	6.132000e-003	
603	6.352800e-001	3.509680e-001	5.768000e-003	
604	6.345640e-001	3.516880e-001	5.764000e-003	
605	6.341480e-001	3.521560e-001	5.712000e-003	
606	6.332320e-001	3.526880e-001	6.096000e-003	
607	6.332200e-001	3.524520e-001	6.344000e-003	
608	6.332040e-001	3.526800e-001	6.132000e-003	
609	6.331440e-001	3.527040e-001	6.168000e-003	
610	6.330280e-001	3.528040e-001	6.184000e-003	
611	6.329880e-001	3.527160e-001	6.312000e-003	
612	6.327400e-001	3.529760e-001	6.300000e-003	
613	6.326600e-001	3.532080e-001	6.148000e-003	
614	6.324400e-001	3.535720e-001	6.004000e-003	
615	6.322120e-001	3.537680e-001	6.036000e-003	
616	6.317600e-001	3.543000e-001	5.956000e-003	
617	6.313760e-001	3.548280e-001	5.812000e-003	
618	6.305600e-001	3.555280e-001	5.928000e-003	
619	6.300000e-001	3.559640e-001	6.052000e-003	
620	6.296080e-001	3.561160e-001	6.292000e-003	
621	6.293560e-001	3.566080e-001	6.052000e-003	
622	6.292440e-001	3.568880e-001	5.884000e-003	
623	6.288480e-001	3.572040e-001	5.964000e-003	
624	6.284000e-001	3.576720e-001	5.944000e-003	
625	6.281080e-001	3.576800e-001	6.228000e-003	
626	6.280440e-001	3.579760e-001	5.996000e-003	
627	6.276280e-001	3.584120e-001	5.976000e-003	
628	6.272760e-001	3.585880e-001	6.152000e-003	
629	6.273200e-001	3.587000e-001	5.996000e-003	
630	6.269800e-001	3.591360e-001	5.900000e-003	
631	6.266400e-001	3.594640e-001	5.912000e-003	
632	6.260960e-001	3.602560e-001	5.664000e-003	
633	6.253840e-001	3.608840e-001	5.748000e-003	
634	6.248360e-001	3.612960e-001	5.884000e-003	
635	6.249120e-001	3.611840e-001	5.920000e-003	
636	6.247320e-001	3.615480e-001	5.736000e-003	
637	6.241200e-001	3.621800e-001	5.716000e-003	
638	6.234120e-001	3.626360e-001	5.968000e-003	
639	6.230600e-001	3.628720e-001	6.084000e-003	
640	6.230440e-001	3.630320e-001	5.940000e-003	
641	6.226040e-001	3.634960e-001	5.916000e-003	
642	6.222240e-001	3.637360e-001	6.056000e-003	
643	6.220920e-001	3.638560e-001	6.068000e-003	
644	6.221000e-001	3.640240e-001	5.892000e-003	
645	6.221560e-001	3.642480e-001	5.612000e-003	
646	6.217360e-001	3.647560e-001	5.524000e-003	
647	6.207920e-001	3.657200e-001	5.504000e-003	
648	6.202800e-001	3.660080e-001	5.728000e-003	
649	6.200000e-001	3.663160e-001	5.700000e-003	
650	6.194840e-001	3.667360e-001	5.796000e-003	
651	6.195320e-001	3.667880e-001	5.696000e-003	
652	6.191120e-001	3.672560e-001	5.648000e-003	
653	6.184600e-001	3.678880e-001	5.668000e-003	
654	6.177160e-001	3.686040e-001	5.696000e-003	
655	6.171720e-001	3.690400e-001	5.804000e-003	
656	6.167440e-001	3.693720e-001	5.900000e-003	
657	6.165600e-001	3.694760e-001	5.980000e-003	
658	6.163160e-001	3.696200e-001	6.080000e-003	
659	6.160360e-001	3.697440e-001	6.236000e-003	
660	6.159280e-001	3.696760e-001	6.412000e-003	
661	6.162200e-001	3.693160e-001	6.480000e-003	
662	6.167840e-001	3.684000e-001	6.832000e-003	
663	6.173000e-001	3.681000e-001	6.616000e-003	
664	6.177800e-001	3.679400e-001	6.296000e-003	
665	6.181040e-001	3.674600e-001	6.452000e-003	
666	6.181680e-001	3.671960e-001	6.652000e-003	
667	6.187200e-001	3.664560e-001	6.840000e-003	
668	6.190920e-001	3.660960e-001	6.828000e-003	
669	6.197720e-001	3.655160e-001	6.728000e-003	
670	6.204560e-001	3.646480e-001	6.912000e-003	
671	6.212400e-001	3.636960e-001	7.080000e-003	
672	6.221840e-001	3.627640e-001	7.068000e-003	
673	6.230400e-001	3.618120e-001	7.164000e-003	
674	6.242240e-001	3.605280e-001	7.264000e-003	
675	6.252000e-001	3.593160e-001	7.500000e-003	
676	6.265560e-001	3.580600e-001	7.400000e-003	
677	6.276160e-001	3.570440e-001	7.356000e-003	
678	6.288920e-001	3.560200e-001	7.104000e-003	
679	6.297120e-001	3.551480e-001	7.156000e-003	
680	6.307360e-001	3.540440e-001	7.236000e-003	
681	6.315680e-001	3.531000e-001	7.348000e-003	
682	6.324960e-001	3.521600e-001	7.360000e-003	
683	6.334280e-001	3.511600e-001	7.428000e-003	
684	6.344240e-001	3.502120e-001	7.380000e-003	
685	6.355160e-001	3.490080e-001	7.492000e-003	
686	6.365200e-001	3.478000e-001	7.696000e-003	
687	6.379280e-001	3.464160e-001	7.672000e-003	
688	6.392080e-001	3.448680e-001	7.940000e-003	
689	6.408160e-001	3.434160e-001	7.784000e-003	
690	6.424640e-001	3.415840e-001	7.968000e-003	
691	6.442920e-001	3.397440e-001	7.980000e-003	
692	6.458160e-001	3.380600e-001	8.140000e-003	
693	6.474640e-001	3.366840e-001	7.868000e-003	
694	6.489080e-001	3.353480e-001	7.760000e-003	
695	6.502720e-001	3.338480e-001	7.896000e-003	
696	6.516160e-001	3.321560e-001	8.244000e-003	
697	6.532920e-001	3.305840e-001	8.140000e-003	
698	6.548040e-001	3.291920e-001	8.020000e-003	
699	6.562480e-001	3.273120e-001	8.456000e-003	
700	6.580800e-001	3.257600e-001	8.176000e-003	
701	6.597000e-001	3.242000e-001	8.116000e-003	
702	6.611560e-001	3.225920e-001	8.268000e-003	
703	6.627120e-001	3.210200e-001	8.284000e-003	
704	6.643840e-001	3.194280e-001	8.204000e-003	
705	6.659560e-001	3.180640e-001	7.996000e-003	
706	6.674240e-001	3.168280e-001	7.764000e-003	
707	6.682520e-001	3.158720e-001	7.892000e-003	
708	6.694880e-001	3.149800e-001	7.548000e-003	
709	6.704600e-001	3.137840e-001	7.772000e-003	
710	6.717400e-001	3.125840e-001	7.692000e-003	
711	6.724600e-001	3.121400e-001	7.416000e-003	
712	6.730520e-001	3.115560e-001	7.408000e-003	
713	6.738480e-001	3.109240e-001	7.244000e-003	
714	6.744800e-001	3.103080e-001	7.228000e-003	
715	6.753360e-001	3.096080e-001	7.072000e-003	
716	6.759000e-001	3.091480e-001	6.968000e-003	
717	6.759760e-001	3.092680e-001	6.772000e-003	
718	6.757800e-001	3.094800e-001	6.756000e-003	
719	6.755520e-001	3.096520e-001	6.812000e-003	
720	6.754280e-001	3.099080e-001	6.680000e-003	
721	6.751640e-001	3.101120e-001	6.740000e-003	
722	6.752640e-001	3.100800e-001	6.672000e-003	
723	6.749880e-001	3.104080e-001	6.620000e-003	
724	6.750240e-001	3.104000e-001	6.592000e-003	
725	6.744760e-001	3.109960e-001	6.544000e-003	
726	6.740920e-001	3.111360e-001	6.788000e-003	
727	6.740920e-001	3.113840e-001	6.540000e-003	
728	6.738240e-001	3.116960e-001	6.496000e-003	
729	6.737240e-001	3.119120e-001	6.380000e-003	
730	6.734440e-001	3.120280e-001	6.544000e-003	
731	6.731680e-001	3.122920e-001	6.556000e-003	
732	6.734440e-001	3.117960e-001	6.776000e-003	
733	6.738560e-001	3.113080e-001	6.852000e-003	
734	6.741400e-001	3.115040e-001	6.372000e-003	
735	6.738080e-001	3.118520e-001	6.356000e-003	
736	6.733560e-001	3.123800e-001	6.280000e-003	
737	6.730320e-001	3.128560e-001	6.128000e-003	
738	6.724440e-001	3.137840e-001	5.788000e-003	
739	6.716200e-001	3.149840e-001	5.412000e-003	
740	6.702960e-001	3.162920e-001	5.428000e-003	
741	6.685560e-001	3.181000e-001	5.360000e-003	
742	6.673320e-001	3.192920e-001	5.392000e-003	
743	6.660520e-001	3.205440e-001	5.420000e-003	
744	6.649440e-001	3.218640e-001	5.208000e-003	
745	6.636200e-001	3.233160e-001	5.080000e-003	
746	6.621960e-001	3.247440e-001	5.076000e-003	
747	6.606360e-001	3.263040e-001	5.076000e-003	
748	6.591280e-001	3.276560e-001	5.232000e-003	
749	6.577560e-001	3.290320e-001	5.228000e-003	
750	6.563160e-001	3.304200e-001	5.280000e-003	
751	6.547800e-001	3.316560e-001	5.580000e-003	
752	6.539760e-001	3.324120e-001	5.628000e-003	
753	6.533360e-001	3.328560e-001	5.824000e-003	
754	6.524440e-001	3.336160e-001	5.956000e-003	
755	6.518800e-001	3.341320e-001	6.004000e-003	
756	6.516040e-001	3.344400e-001	5.972000e-003	
757	6.510440e-001	3.353320e-001	5.640000e-003	
758	6.499160e-001	3.365400e-001	5.560000e-003	
759	6.489480e-001	3.374640e-001	5.604000e-003	
760	6.481120e-001	3.381200e-001	5.784000e-003	
761	6.474240e-001	3.388000e-001	5.792000e-003	
762	6.465880e-001	3.395760e-001	5.852000e-003	
763	6.458120e-001	3.404360e-001	5.768000e-003	
764	6.450560e-001	3.412160e-001	5.744000e-003	
765	6.441080e-001	3.419880e-001	5.920000e-003	
766	6.435800e-001	3.426200e-001	5.816000e-003	
767	6.429560e-001	3.431400e-001	5.920000e-003	
768	6.424600e-001	3.433640e-001	6.192000e-003	
769	6.424160e-001	3.435680e-001	6.032000e-003	
770	6.414080e-001	3.444520e-001	6.156000e-003	
771	6.411160e-001	3.445680e-001	6.332000e-003	
772	6.407960e-001	3.447320e-001	6.488000e-003	
773	6.408200e-001	3.447720e-001	6.424000e-003	
774	6.408160e-001	3.451600e-001	6.040000e-003	
775	6.403440e-001	3.454920e-001	6.180000e-003	
776	6.399920e-001	3.454240e-001	6.600000e-003	
777	6.404160e-001	3.447800e-001	6.820000e-003	
778	6.408040e-001	3.444880e-001	6.724000e-003	
779	6.411080e-001	3.439640e-001	6.944000e-003	
780	6.416520e-001	3.434040e-001	6.960000e-003	
781	6.425320e-001	3.429400e-001	6.544000e-003	
782	6.424160e-001	3.428360e-001	6.764000e-003	
783	6.427880e-001	3.424320e-001	6.796000e-003	
784	6.431800e-001	3.419960e-001	6.840000e-003	
785	6.437800e-001	3.414720e-001	6.764000e-003	
786	6.440840e-001	3.411680e-001	6.764000e-003	
787	6.444360e-001	3.408160e-001	6.764000e-003	
788	6.448000e-001	3.402560e-001	6.960000e-003	
789	6.453720e-001	3.395760e-001	7.068000e-003	
790	6.458840e-001	3.389200e-001	7.212000e-003	
791	6.466080e-001	3.382800e-001	7.128000e-003	
792	6.470720e-001	3.375800e-001	7.364000e-003	
793	6.480680e-001	3.365160e-001	7.432000e-003	
794	6.488360e-001	3.354960e-001	7.684000e-003	
795	6.499600e-001	3.341320e-001	7.924000e-003	
796	6.514800e-001	3.324200e-001	8.116000e-003	
797	6.527040e-001	3.312000e-001	8.112000e-003	
798	6.542320e-001	3.293760e-001	8.408000e-003	
799	6.563080e-001	3.271480e-001	8.560000e-003	
800	6.583760e-001	3.253440e-001	8.296000e-003	
801	6.599320e-001	3.237560e-001	8.328000e-003	
802	6.618520e-001	3.219160e-001	8.248000e-003	
803	6.634640e-001	3.205640e-001	7.988000e-003	
804	6.646160e-001	3.195520e-001	7.848000e-003	
805	6.660840e-001	3.182320e-001	7.700000e-003	
806	6.673200e-001	3.171080e-001	7.588000e-003	
807	6.683000e-001	3.157200e-001	7.996000e-003	
808	6.696360e-001	3.143080e-001	8.072000e-003	
809	6.710880e-001	3.127840e-001	8.144000e-003	
810	6.724320e-001	3.116280e-001	7.956000e-003	
811	6.737800e-001	3.101240e-001	8.112000e-003	
812	6.754320e-001	3.082000e-001	8.384000e-003	
813	6.769440e-001	3.066040e-001	8.468000e-003	
814	6.785880e-001	3.048600e-001	8.568000e-003	
815	6.801200e-001	3.034720e-001	8.424000e-003	
816	6.816200e-001	3.022680e-001	8.128000e-003	
817	6.827400e-001	3.012640e-001	8.012000e-003	
818	6.840240e-001	3.004680e-001	7.524000e-003	
819	6.847080e-001	2.996560e-001	7.652000e-003	
820	6.854120e-001	2.987240e-001	7.880000e-003	
821	6.865360e-001	2.977080e-001	7.772000e-003	
822	6.873960e-001	2.968080e-001	7.812000e-003	
823	6.880200e-001	2.964880e-001	7.508000e-003	
824	6.884320e-001	2.964000e-001	7.184000e-003	
825	6.887080e-001	2.955760e-001	7.732000e-003	
826	6.894400e-001	2.954080e-001	7.168000e-003	
827	6.899400e-001	2.949000e-001	7.176000e-003	
828	6.902080e-001	2.948320e-001	6.976000e-003	
829	6.905240e-001	2.944960e-001	6.996000e-003	
830	6.906880e-001	2.942840e-001	7.044000e-003	
831	6.907080e-001	2.944800e-001	6.828000e-003	
832	6.904640e-001	2.946520e-001	6.900000e-003	
833	6.906160e-001	2.944520e-001	6.948000e-003	
834	6.906640e-001	2.943520e-001	7.000000e-003	
835	6.910400e-001	2.940240e-001	6.952000e-003	
836	6.912400e-001	2.937760e-001	7.000000e-003	
837	6.915880e-001	2.935760e-001	6.852000e-003	
838	6.912240e-001	2.940400e-001	6.752000e-003	
839	6.911920e-001	2.939040e-001	6.920000e-003	
840	6.911600e-001	2.938800e-001	6.976000e-003	
841	6.910960e-001	2.939240e-001	6.996000e-003	
842	6.912440e-001	2.939680e-001	6.804000e-003	
843	6.910200e-001	2.941000e-001	6.896000e-003	
844	6.911280e-001	2.938760e-001	7.012000e-003	
845	6.910520e-001	2.940080e-001	6.956000e-003	
846	6.911760e-001	2.941480e-001	6.692000e-003	
847	6.908360e-001	2.949440e-001	6.236000e-003	
848	6.902920e-001	2.954480e-001	6.276000e-003	
849	6.896720e-001	2.960160e-001	6.328000e-003	
850	6.890320e-001	2.967040e-001	6.280000e-003	
851	6.884600e-001	2.969600e-001	6.596000e-003	
852	6.881960e-001	2.975040e-001	6.316000e-003	
853	6.875720e-001	2.980200e-001	6.424000e-003	
854	6.868960e-001	2.987000e-001	6.420000e-003	
855	6.864800e-001	2.993760e-001	6.160000e-003	
856	6.857360e-001	3.000360e-001	6.244000e-003	
857	6.849800e-001	3.005480e-001	6.488000e-003	
858	6.844800e-001	3.012480e-001	6.288000e-003	
859	6.836520e-001	3.019680e-001	6.396000e-003	
860	6.832240e-001	3.022600e-001	6.532000e-003	
861	6.826160e-001	3.029760e-001	6.424000e-003	
862	6.822120e-001	3.031400e-001	6.664000e-003	
863	6.821520e-001	3.032520e-001	6.612000e-003	
864	6.821040e-001	3.032320e-001	6.680000e-003	
865	6.817800e-001	3.034880e-001	6.748000e-003	
866	6.817240e-001	3.035520e-001	6.740000e-003	
867	6.818320e-001	3.033800e-001	6.804000e-003	
868	6.817360e-001	3.033600e-001	6.920000e-003	
869	6.820640e-001	3.032200e-001	6.732000e-003	
870	6.816680e-001	3.038000e-001	6.548000e-003	
871	6.814440e-001	3.038280e-001	6.744000e-003	
872	6.814320e-001	3.032920e-001	7.292000e-003	
873	6.819840e-001	3.027200e-001	7.312000e-003	
874	6.823440e-001	3.023080e-001	7.364000e-003	
875	6.829720e-001	3.017440e-001	7.300000e-003	
876	6.835400e-001	3.010680e-001	7.408000e-003	
877	6.840640e-001	3.003480e-001	7.604000e-003	
878	6.847600e-001	2.997400e-001	7.516000e-003	
879	6.852560e-001	2.994360e-001	7.324000e-003	
880	6.857640e-001	2.990360e-001	7.216000e-003	
881	6.862920e-001	2.982240e-001	7.500000e-003	
882	6.867560e-001	2.978400e-001	7.420000e-003	
883	6.874080e-001	2.972920e-001	7.316000e-003	
884	6.879880e-001	2.967120e-001	7.316000e-003	
885	6.886200e-001	2.959560e-001	7.440000e-003	
886	6.892760e-001	2.951400e-001	7.600000e-003	
887	6.898640e-001	2.946160e-001	7.536000e-003	
888	6.906200e-001	2.939360e-001	7.460000e-003	
889	6.912200e-001	2.934120e-001	7.384000e-003	
890	6.917120e-001	2.928720e-001	7.432000e-003	
891	6.921040e-001	2.923600e-001	7.552000e-003	
892	6.928400e-001	2.917120e-001	7.464000e-003	
893	6.928640e-001	2.919400e-001	7.212000e-003	
894	6.929440e-001	2.919720e-001	7.100000e-003	
895	6.930240e-001	2.920040e-001	6.988000e-003	
896	6.930800e-001	2.917960e-001	7.140000e-003	
897	6.934120e-001	2.914400e-001	7.164000e-003	
898	6.934880e-001	2.912960e-001	7.232000e-003	
899	6.934200e-001	2.912840e-001	7.312000e-003	
900	6.939680e-001	2.911720e-001	6.876000e-003	
901	6.936920e-001	2.913040e-001	7.020000e-003	
902	6.940240e-001	2.910960e-001	6.896000e-003	
903	6.940880e-001	2.910720e-001	6.856000e-003	
904	6.941080e-001	2.909880e-001	6.920000e-003	
905	6.943280e-001	2.908160e-001	6.872000e-003	
906	6.942560e-001	2.911200e-001	6.640000e-003	
907	6.937880e-001	2.916200e-001	6.608000e-003	
908	6.935520e-001	2.916680e-001	6.796000e-003	
909	6.934240e-001	2.918880e-001	6.704000e-003	
910	6.933200e-001	2.920640e-001	6.632000e-003	
911	6.928040e-001	2.924680e-001	6.744000e-003	
912	6.928440e-001	2.923200e-001	6.852000e-003	
913	6.927560e-001	2.925120e-001	6.748000e-003	
914	6.925840e-001	2.929760e-001	6.456000e-003	
915	6.923480e-001	2.929480e-001	6.720000e-003	
916	6.920520e-001	2.932080e-001	6.756000e-003	
917	6.917840e-001	2.936080e-001	6.624000e-003	
918	6.916200e-001	2.938640e-001	6.532000e-003	
919	6.913000e-001	2.939480e-001	6.768000e-003	
920	6.911600e-001	2.940960e-001	6.760000e-003	
921	6.908480e-001	2.941160e-001	7.052000e-003	
922	6.909120e-001	2.940600e-001	7.044000e-003	
923	6.909440e-001	2.941080e-001	6.964000e-003	
924	6.911480e-001	2.940240e-001	6.844000e-003	
925	6.909640e-001	2.941240e-001	6.928000e-003	
926	6.912160e-001	2.940240e-001	6.776000e-003	
927	6.911120e-001	2.938760e-001	7.028000e-003	
928	6.910600e-001	2.941720e-001	6.784000e-003	
929	6.908840e-001	2.938240e-001	7.308000e-003	
930	6.913600e-001	2.935560e-001	7.100000e-003	
931	6.915480e-001	2.935320e-001	6.936000e-003	
932	6.916000e-001	2.935000e-001	6.916000e-003	
933	6.916200e-001	2.933000e-001	7.096000e-003	
934	6.915800e-001	2.933320e-001	7.104000e-003	
935	6.917320e-001	2.931080e-001	7.176000e-003	
936	6.918920e-001	2.929880e-001	7.136000e-003	
937	6.925160e-001	2.925200e-001	6.980000e-003	
938	6.925200e-001	2.925520e-001	6.944000e-003	
939	6.924240e-001	2.924480e-001	7.144000e-003	
940	6.923240e-001	2.924320e-001	7.260000e-003	
941	6.926520e-001	2.919240e-001	7.440000e-003	
942	6.932480e-001	2.914440e-001	7.324000e-003	
943	6.939160e-001	2.908000e-001	7.300000e-003	
944	6.943400e-001	2.901360e-001	7.540000e-003	
945	6.950960e-001	2.893560e-001	7.564000e-003	
946	6.955880e-001	2.892040e-001	7.224000e-003	
947	6.957520e-001	2.889200e-001	7.344000e-003	
948	6.959200e-001	2.888520e-001	7.244000e-003	
949	6.963200e-001	2.884960e-001	7.200000e-003	
950	6.966600e-001	2.880560e-001	7.300000e-003	
951	6.970760e-001	2.874480e-001	7.492000e-003	
952	6.973280e-001	2.869560e-001	7.732000e-003	
953	6.979480e-001	2.865280e-001	7.540000e-003	
954	6.985560e-001	2.862040e-001	7.256000e-003	
955	6.985640e-001	2.860520e-001	7.400000e-003	
956	6.991440e-001	2.855680e-001	7.304000e-003	
957	6.995240e-001	2.852640e-001	7.228000e-003	
958	6.995920e-001	2.851600e-001	7.264000e-003	
959	6.997920e-001	2.850200e-001	7.204000e-003	
960	7.001800e-001	2.845200e-001	7.316000e-003	
961	7.003480e-001	2.842000e-001	7.468000e-003	
962	7.006600e-001	2.839240e-001	7.432000e-003	
963	7.011040e-001	2.836920e-001	7.220000e-003	
964	7.012000e-001	2.832880e-001	7.528000e-003	
965	7.017480e-001	2.827320e-001	7.536000e-003	
966	7.023520e-001	2.824160e-001	7.248000e-003	
967	7.024000e-001	2.821440e-001	7.472000e-003	
968	7.032200e-001	2.812240e-001	7.572000e-003	
969	7.037920e-001	2.808680e-001	7.356000e-003	
970	7.040200e-001	2.805280e-001	7.468000e-003	
971	7.042280e-001	2.804600e-001	7.328000e-003	
972	7.044160e-001	2.804480e-001	7.152000e-003	
973	7.044200e-001	2.803720e-001	7.224000e-003	
974	7.046000e-001	2.803960e-001	7.020000e-003	
975	7.044800e-001	2.804600e-001	7.076000e-003	
976	7.046200e-001	2.805200e-001	6.876000e-003	
977	7.045160e-001	2.806560e-001	6.844000e-003	
978	7.041240e-001	2.810520e-001	6.840000e-003	
979	7.041040e-001	2.811120e-001	6.800000e-003	
980	7.039120e-001	2.811960e-001	6.908000e-003	
981	7.038360e-001	2.814360e-001	6.744000e-003	
982	7.034840e-001	2.821000e-001	6.432000e-003	
983	7.027520e-001	2.828640e-001	6.400000e-003	
984	7.020680e-001	2.838080e-001	6.140000e-003	
985	7.012920e-001	2.844280e-001	6.296000e-003	
986	7.006840e-001	2.850120e-001	6.320000e-003	
987	7.001640e-001	2.856360e-001	6.216000e-003	
988	6.992280e-001	2.865080e-001	6.280000e-003	
989	6.987720e-001	2.871800e-001	6.064000e-003	
990	6.977840e-001	2.883000e-001	5.932000e-003	
991	6.968080e-001	2.892680e-001	5.940000e-003	
992	6.957400e-001	2.900960e-001	6.180000e-003	
993	6.948240e-001	2.911000e-001	6.092000e-003	
994	6.940440e-001	2.918480e-001	6.124000e-003	
995	6.929560e-001	2.929960e-001	6.064000e-003	
996	6.918960e-001	2.942680e-001	5.852000e-003	
997	6.906640e-001	2.954960e-001	5.856000e-003	
998	6.893920e-001	2.966960e-001	5.928000e-003	
999	6.883440e-001	2.976400e-001	6.032000e-003	
1000	6.876560e-001	2.981200e-001	6.240000e-003	
1001	6.867360e-001	2.989960e-001	6.284000e-003	
1002	6.858160e-001	3.001800e-001	6.020000e-003	
1003	6.851520e-001	3.008000e-001	6.064000e-003	
1004	6.845000e-001	3.010680e-001	6.448000e-003	
1005	6.836320e-001	3.019280e-001	6.456000e-003	
1006	6.833320e-001	3.021920e-001	6.492000e-003	
1007	6.827240e-001	3.029400e-001	6.352000e-003	
1008	6.826080e-001	3.028840e-001	6.524000e-003	
1009	6.823560e-001	3.031520e-001	6.508000e-003	
1010	6.821960e-001	3.029840e-001	6.836000e-003	
1011	6.823520e-001	3.024920e-001	7.172000e-003	
1012	6.825920e-001	3.024680e-001	6.956000e-003	
1013	6.827640e-001	3.020560e-001	7.196000e-003	
1014	6.828120e-001	3.018920e-001	7.312000e-003	
1015	6.831440e-001	3.018320e-001	7.040000e-003	
1016	6.833040e-001	3.016080e-001	7.104000e-003	
1017	6.836800e-001	3.009880e-001	7.348000e-003	
1018	6.846400e-001	3.000720e-001	7.304000e-003	
1019	6.849880e-001	2.994600e-001	7.568000e-003	
1020	6.856960e-001	2.984800e-001	7.840000e-003	
1021	6.866400e-001	2.974080e-001	7.968000e-003	
1022	6.875560e-001	2.966760e-001	7.784000e-003	
1023	6.885320e-001	2.955040e-001	7.980000e-003	
1024	6.899960e-001	2.942160e-001	7.804000e-003	
1025	6.909000e-001	2.933040e-001	7.812000e-003	
1026	6.919240e-001	2.922560e-001	7.836000e-003	
1027	6.923640e-001	2.919840e-001	7.668000e-003	
1028	6.931360e-001	2.910720e-001	7.808000e-003	
1029	6.937680e-001	2.904760e-001	7.772000e-003	
1030	6.949080e-001	2.895400e-001	7.568000e-003	
1031	6.954480e-001	2.890640e-001	7.504000e-003	
1032	6.959840e-001	2.886160e-001	7.416000e-003	
1033	6.963680e-001	2.881160e-001	7.532000e-003	
1034	6.972400e-001	2.868280e-001	7.948000e-003	
1035	6.981680e-001	2.861200e-001	7.728000e-003	
1036	6.987240e-001	2.855720e-001	7.720000e-003	
1037	6.996200e-001	2.847000e-001	7.696000e-003	
1038	7.000800e-001	2.844040e-001	7.532000e-003	
1039	7.006120e-001	2.836800e-001	7.724000e-003	
1040	7.012760e-001	2.828600e-001	7.880000e-003	
1041	7.023560e-001	2.819640e-001	7.696000e-003	
1042	7.029560e-001	2.814240e-001	7.636000e-003	
1043	7.039440e-001	2.804920e-001	7.580000e-003	
1044	7.047840e-001	2.799400e-001	7.292000e-003	
1045	7.050200e-001	2.798880e-001	7.108000e-003	
1046	7.046200e-001	2.805600e-001	6.836000e-003	
1047	7.045040e-001	2.809200e-001	6.592000e-003	
1048	7.041240e-001	2.812480e-001	6.644000e-003	
1049	7.035840e-001	2.818480e-001	6.584000e-003	
1050	7.032480e-001	2.820600e-001	6.708000e-003	
1051	7.028760e-001	2.823080e-001	6.832000e-003	
1052	7.026240e-001	2.824600e-001	6.932000e-003	
1053	7.023840e-001	2.826360e-001	6.996000e-003	
1054	7.024960e-001	2.828200e-001	6.700000e-003	
1055	7.020200e-001	2.834920e-001	6.504000e-003	
1056	7.014000e-001	2.840240e-001	6.592000e-003	
1057	7.010480e-001	2.843240e-001	6.644000e-003	
1058	7.005480e-001	2.851480e-001	6.320000e-003	
1059	6.998320e-001	2.858800e-001	6.304000e-003	
1060	6.993720e-001	2.862600e-001	6.384000e-003	
1061	6.988040e-001	2.868680e-001	6.344000e-003	
1062	6.980400e-001	2.878760e-001	6.100000e-003	
1063	6.973040e-001	2.884360e-001	6.276000e-003	
1064	6.965200e-001	2.896000e-001	5.896000e-003	
1065	6.954320e-001	2.906160e-001	5.968000e-003	
1066	6.943680e-001	2.917800e-001	5.868000e-003	
1067	6.930320e-001	2.932720e-001	5.712000e-003	
1068	6.918560e-001	2.942800e-001	5.880000e-003	
1069	6.911480e-001	2.950360e-001	5.832000e-003	
1070	6.899760e-001	2.961520e-001	5.888000e-003	
1071	6.891200e-001	2.972360e-001	5.660000e-003	
1072	6.876200e-001	2.986760e-001	5.720000e-003	
1073	6.864880e-001	2.997440e-001	5.784000e-003	
1074	6.855080e-001	3.007560e-001	5.752000e-003	
1075	6.842320e-001	3.019000e-001	5.884000e-003	
1076	6.831880e-001	3.030480e-001	5.780000e-003	
1077	6.819640e-001	3.044280e-001	5.624000e-003	
1078	6.810120e-001	3.052560e-001	5.748000e-003	
1079	6.798400e-001	3.064600e-001	5.716000e-003	
1080	6.787360e-001	3.077320e-001	5.548000e-003	
1081	6.778120e-001	3.086880e-001	5.516000e-003	
1082	6.765320e-001	3.100000e-001	5.484000e-003	
1083	6.755280e-001	3.109040e-001	5.584000e-003	
1084	6.744360e-001	3.119160e-001	5.664000e-003	
1085	6.730680e-001	3.131480e-001	5.800000e-003	
1086	6.720160e-001	3.142680e-001	5.732000e-003	
1087	6.708840e-001	3.151040e-001	6.028000e-003	
1088	6.703200e-001	3.154360e-001	6.260000e-003	
1089	6.699000e-001	3.159760e-001	6.140000e-003	
1090	6.693120e-001	3.166760e-001	6.028000e-003	
1091	6.685000e-001	3.174920e-001	6.024000e-003	
1092	6.678280e-001	3.179400e-001	6.248000e-003	
1093	6.672960e-001	3.183560e-001	6.364000e-003	
1094	6.672240e-001	3.182640e-001	6.528000e-003	
1095	6.669040e-001	3.184200e-001	6.692000e-003	
1096	6.670360e-001	3.181560e-001	6.824000e-003	
1097	6.671960e-001	3.181680e-001	6.652000e-003	
1098	6.673320e-001	3.178640e-001	6.820000e-003	
1099	6.675880e-001	3.176920e-001	6.736000e-003	
1100	6.677160e-001	3.172040e-001	7.096000e-003	
1101	6.680920e-001	3.164880e-001	7.436000e-003	
1102	6.688800e-001	3.157280e-001	7.408000e-003	
1103	6.698360e-001	3.147640e-001	7.416000e-003	
1104	6.705360e-001	3.141800e-001	7.300000e-003	
1105	6.710640e-001	3.136000e-001	7.352000e-003	
1106	6.719120e-001	3.124200e-001	7.684000e-003	
1107	6.728760e-001	3.113680e-001	7.772000e-003	
1108	6.739480e-001	3.099160e-001	8.152000e-003	
1109	6.754640e-001	3.084280e-001	8.124000e-003	
1110	6.767520e-001	3.071840e-001	8.080000e-003	
1111	6.780360e-001	3.057960e-001	8.184000e-003	
1112	6.792800e-001	3.044960e-001	8.240000e-003	
1113	6.805600e-001	3.033600e-001	8.096000e-003	
1114	6.815440e-001	3.021440e-001	8.328000e-003	
1115	6.832240e-001	3.004280e-001	8.364000e-003	
1116	6.843000e-001	2.992360e-001	8.480000e-003	
1117	6.860240e-001	2.974240e-001	8.568000e-003	
1118	6.877920e-001	2.955320e-001	8.692000e-003	
1119	6.896120e-001	2.933760e-001	9.028000e-003	
1120	6.915600e-001	2.915280e-001	8.928000e-003	
1121	6.938000e-001	2.893920e-001	8.824000e-003	
1122	6.956160e-001	2.876120e-001	8.788000e-003	
1123	6.970920e-001	2.863120e-001	8.612000e-003	
1124	6.985480e-001	2.850360e-001	8.432000e-003	
1125	6.999440e-001	2.837960e-001	8.276000e-003	
1126	7.015760e-001	2.823440e-001	8.096000e-003	
1127	7.024920e-001	2.814720e-001	8.052000e-003	
1128	7.037280e-001	2.807600e-001	7.528000e-003	
1129	7.039400e-001	2.809200e-001	7.156000e-003	
1130	7.040400e-001	2.808960e-001	7.080000e-003	
1131	7.040440e-001	2.807960e-001	7.176000e-003	
1132	7.044920e-001	2.804920e-001	7.032000e-003	
1133	7.042800e-001	2.810600e-001	6.676000e-003	
1134	7.039600e-001	2.814480e-001	6.608000e-003	
1135	7.036000e-001	2.817080e-001	6.708000e-003	
1136	7.033440e-001	2.822120e-001	6.460000e-003	
1137	7.027360e-001	2.828880e-001	6.392000e-003	
1138	7.020800e-001	2.839520e-001	5.984000e-003	
1139	7.009440e-001	2.850920e-001	5.980000e-003	
1140	6.997480e-001	2.862520e-001	6.016000e-003	
1141	6.987600e-001	2.869520e-001	6.304000e-003	
1142	6.976120e-001	2.881640e-001	6.240000e-003	
1143	6.968440e-001	2.887720e-001	6.400000e-003	
1144	6.962040e-001	2.895600e-001	6.252000e-003	
1145	6.952680e-001	2.904520e-001	6.296000e-003	
1146	6.949080e-001	2.908080e-001	6.300000e-003	
1147	6.945120e-001	2.912240e-001	6.280000e-003	
1148	6.940040e-001	2.919000e-001	6.112000e-003	
1149	6.932120e-001	2.928000e-001	6.004000e-003	
1150	6.923200e-001	2.934360e-001	6.260000e-003	
1151	6.918680e-001	2.940520e-001	6.096000e-003	
1152	6.911440e-001	2.948560e-001	6.016000e-003	
1153	6.903160e-001	2.954440e-001	6.256000e-003	
1154	6.895520e-001	2.962160e-001	6.248000e-003	
1155	6.886400e-001	2.973080e-001	6.068000e-003	
1156	6.877640e-001	2.981600e-001	6.092000e-003	
1157	6.868560e-001	2.991280e-001	6.032000e-003	
1158	6.860840e-001	2.997080e-001	6.224000e-003	
1159	6.854680e-001	3.004680e-001	6.080000e-003	
1160	6.844280e-001	3.016040e-001	5.984000e-003	
1161	6.836720e-001	3.023040e-001	6.040000e-003	
1162	6.828680e-001	3.031760e-001	5.972000e-003	
1163	6.820360e-001	3.039040e-001	6.076000e-003	
1164	6.814640e-001	3.045560e-001	5.996000e-003	
1165	6.807280e-001	3.052880e-001	6.000000e-003	
1166	6.802320e-001	3.058000e-001	5.984000e-003	
1167	6.794200e-001	3.066520e-001	5.944000e-003	
1168	6.784960e-001	3.073160e-001	6.204000e-003	
1169	6.778120e-001	3.076840e-001	6.520000e-003	
1170	6.774760e-001	3.080320e-001	6.508000e-003	
1171	6.773880e-001	3.082640e-001	6.364000e-003	
1172	6.771040e-001	3.085800e-001	6.332000e-003	
1173	6.768880e-001	3.087600e-001	6.368000e-003	
1174	6.762680e-001	3.092640e-001	6.484000e-003	
1175	6.760560e-001	3.097480e-001	6.212000e-003	
1176	6.758160e-001	3.100960e-001	6.104000e-003	
1177	6.754080e-001	3.103600e-001	6.248000e-003	
1178	6.746960e-001	3.107960e-001	6.524000e-003	
1179	6.743840e-001	3.112000e-001	6.432000e-003	
1180	6.739720e-001	3.116160e-001	6.428000e-003	
1181	6.735320e-001	3.119480e-001	6.536000e-003	
1182	6.734600e-001	3.120920e-001	6.464000e-003	
1183	6.729200e-001	3.124600e-001	6.636000e-003	
1184	6.731400e-001	3.119640e-001	6.912000e-003	
1185	6.732040e-001	3.118240e-001	6.988000e-003	
1186	6.735360e-001	3.114880e-001	6.992000e-003	
1187	6.739560e-001	3.107960e-001	7.264000e-003	
1188	6.744560e-001	3.101520e-001	7.408000e-003	
1189	6.750760e-001	3.095600e-001	7.380000e-003	
1190	6.756920e-001	3.086880e-001	7.636000e-003	
1191	6.767080e-001	3.074880e-001	7.820000e-003	
1192	6.774040e-001	3.068520e-001	7.760000e-003	
1193	6.783160e-001	3.059480e-001	7.752000e-003	
1194	6.792600e-001	3.049800e-001	7.776000e-003	
1195	6.800120e-001	3.042920e-001	7.712000e-003	
1196	6.808400e-001	3.034640e-001	7.712000e-003	
1197	6.816600e-001	3.028160e-001	7.540000e-003	
1198	6.821840e-001	3.020800e-001	7.752000e-003	
1199	6.833000e-001	3.011400e-001	7.576000e-003	
1200	6.840800e-001	3.003240e-001	7.612000e-003	
1201	6.846400e-001	2.998480e-001	7.528000e-003	
1202	6.853600e-001	2.991440e-001	7.512000e-003	
1203	6.859960e-001	2.988160e-001	7.204000e-003	
1204	6.862560e-001	2.985200e-001	7.240000e-003	
1205	6.865240e-001	2.981800e-001	7.312000e-003	
1206	6.871240e-001	2.976120e-001	7.280000e-003	
1207	6.871880e-001	2.975600e-001	7.268000e-003	
1208	6.875040e-001	2.971640e-001	7.348000e-003	
1209	6.877960e-001	2.972280e-001	6.992000e-003	
1210	6.877880e-001	2.968200e-001	7.408000e-003	
1211	6.882160e-001	2.965440e-001	7.256000e-003	
1212	6.886600e-001	2.960960e-001	7.260000e-003	
1213	6.889880e-001	2.956840e-001	7.344000e-003	
1214	6.896560e-001	2.948880e-001	7.472000e-003	
1215	6.900560e-001	2.947160e-001	7.244000e-003	
1216	6.902800e-001	2.946000e-001	7.136000e-003	
1217	6.904520e-001	2.947080e-001	6.856000e-003	
1218	6.905280e-001	2.943800e-001	7.108000e-003	
1219	6.906120e-001	2.939240e-001	7.480000e-003	
1220	6.911960e-001	2.931520e-001	7.668000e-003	
1221	6.920480e-001	2.924880e-001	7.480000e-003	
1222	6.926880e-001	2.921320e-001	7.196000e-003	
1223	6.931160e-001	2.915480e-001	7.352000e-003	
1224	6.938440e-001	2.910440e-001	7.128000e-003	
1225	6.940480e-001	2.906600e-001	7.308000e-003	
1226	6.944280e-001	2.905080e-001	7.080000e-003	
1227	6.942960e-001	2.907480e-001	6.972000e-003	
1228	6.942320e-001	2.907800e-001	7.004000e-003	
1229	6.939840e-001	2.913800e-001	6.652000e-003	
1230	6.935440e-001	2.918000e-001	6.672000e-003	
1231	6.931800e-001	2.922160e-001	6.620000e-003	
1232	6.926680e-001	2.927960e-001	6.552000e-003	
1233	6.923480e-001	2.931160e-001	6.552000e-003	
1234	6.921240e-001	2.933520e-001	6.540000e-003	
1235	6.918720e-001	2.935680e-001	6.576000e-003	
1236	6.916160e-001	2.939080e-001	6.492000e-003	
1237	6.913360e-001	2.943040e-001	6.376000e-003	
1238	6.907160e-001	2.952600e-001	6.040000e-003	
1239	6.896400e-001	2.961200e-001	6.256000e-003	
1240	6.891800e-001	2.968520e-001	5.984000e-003	
1241	6.883560e-001	2.975960e-001	6.064000e-003	
1242	6.875480e-001	2.986480e-001	5.820000e-003	
1243	6.866600e-001	2.993680e-001	5.988000e-003	
1244	6.857320e-001	3.001400e-001	6.144000e-003	
1245	6.848440e-001	3.007760e-001	6.396000e-003	
1246	6.845960e-001	3.011160e-001	6.304000e-003	
1247	6.839640e-001	3.015680e-001	6.484000e-003	
1248	6.837120e-001	3.016520e-001	6.652000e-003	
1249	6.835960e-001	3.017760e-001	6.644000e-003	
1250	6.834120e-001	3.019880e-001	6.616000e-003	
1251	6.833480e-001	3.019480e-001	6.720000e-003	
1252	6.832960e-001	3.020560e-001	6.664000e-003	
1253	6.831160e-001	3.020680e-001	6.832000e-003	
1254	6.831320e-001	3.021800e-001	6.704000e-003	
1255	6.828800e-001	3.023840e-001	6.752000e-003	
1256	6.827920e-001	3.023280e-001	6.896000e-003	
1257	6.830320e-001	3.021320e-001	6.852000e-003	
1258	6.831680e-001	3.020320e-001	6.816000e-003	
1259	6.833640e-001	3.019680e-001	6.684000e-003	
1260	6.833240e-001	3.021960e-001	6.496000e-003	
1261	6.831000e-001	3.022080e-001	6.708000e-003	
1262	6.826880e-001	3.022760e-001	7.052000e-003	
1263	6.827000e-001	3.023680e-001	6.948000e-003	
1264	6.827800e-001	3.025040e-001	6.732000e-003	
1265	6.826080e-001	3.023680e-001	7.040000e-003	
1266	6.824440e-001	3.027640e-001	6.808000e-003	
1267	6.823400e-001	3.028080e-001	6.868000e-003	
1268	6.822560e-001	3.027360e-001	7.024000e-003	
1269	6.825200e-001	3.022920e-001	7.204000e-003	
1270	6.829560e-001	3.016600e-001	7.400000e-003	
1271	6.835160e-001	3.011760e-001	7.324000e-003	
1272	6.839520e-001	3.007360e-001	7.328000e-003	
1273	6.847480e-001	2.996360e-001	7.632000e-003	
1274	6.856960e-001	2.987000e-001	7.620000e-003	
1275	6.862160e-001	2.980640e-001	7.736000e-003	
1276	6.871360e-001	2.967960e-001	8.084000e-003	
1277	6.882320e-001	2.954920e-001	8.292000e-003	
1278	6.894920e-001	2.943000e-001	8.224000e-003	
1279	6.908440e-001	2.926040e-001	8.568000e-003	
1280	6.926360e-001	2.907680e-001	8.612000e-003	
1281	6.944600e-001	2.891320e-001	8.424000e-003	
1282	6.959920e-001	2.878520e-001	8.172000e-003	
1283	6.972400e-001	2.865040e-001	8.272000e-003	
1284	6.985720e-001	2.854320e-001	8.012000e-003	
1285	6.995720e-001	2.844600e-001	7.984000e-003	
1286	7.006800e-001	2.832920e-001	8.044000e-003	
1287	7.014680e-001	2.825760e-001	7.972000e-003	
1288	7.022840e-001	2.820400e-001	7.692000e-003	
1289	7.029960e-001	2.815640e-001	7.456000e-003	
1290	7.033400e-001	2.813040e-001	7.372000e-003	
1291	7.036440e-001	2.808360e-001	7.536000e-003	
1292	7.038960e-001	2.806720e-001	7.448000e-003	
1293	7.044160e-001	2.800760e-001	7.524000e-003	
1294	7.047240e-001	2.798840e-001	7.408000e-003	
1295	7.052400e-001	2.795760e-001	7.200000e-003	
1296	7.053280e-001	2.797680e-001	6.920000e-003	
1297	7.050440e-001	2.801160e-001	6.856000e-003	
1298	7.046600e-001	2.804880e-001	6.868000e-003	
1299	7.047120e-001	2.804080e-001	6.896000e-003	
1300	7.045880e-001	2.806120e-001	6.816000e-003	
1301	7.040240e-001	2.812680e-001	6.724000e-003	
1302	7.039400e-001	2.814640e-001	6.612000e-003	
1303	7.036400e-001	2.816200e-001	6.756000e-003	
1304	7.035400e-001	2.818640e-001	6.612000e-003	
1305	7.032640e-001	2.821040e-001	6.648000e-003	
1306	7.029160e-001	2.824240e-001	6.676000e-003	
1307	7.027960e-001	2.828320e-001	6.388000e-003	
1308	7.021120e-001	2.835320e-001	6.372000e-003	
1309	7.015200e-001	2.841120e-001	6.384000e-003	
1310	7.010400e-001	2.847480e-001	6.228000e-003	
1311	7.004000e-001	2.854240e-001	6.192000e-003	
1312	6.998280e-001	2.857120e-001	6.476000e-003	
1313	6.996160e-001	2.861600e-001	6.240000e-003	
1314	6.989360e-001	2.867040e-001	6.376000e-003	
1315	6.984080e-001	2.873800e-001	6.228000e-003	
1316	6.975800e-001	2.881760e-001	6.260000e-003	
1317	6.970200e-001	2.887840e-001	6.212000e-003	
1318	6.963280e-001	2.893280e-001	6.360000e-003	
1319	6.957160e-001	2.899200e-001	6.380000e-003	
1320	6.950880e-001	2.905240e-001	6.404000e-003	
1321	6.945120e-001	2.908920e-001	6.612000e-003	
1322	6.941760e-001	2.912320e-001	6.608000e-003	
1323	6.940560e-001	2.912640e-001	6.696000e-003	
1324	6.938400e-001	2.915120e-001	6.664000e-003	
1325	6.933800e-001	2.916880e-001	6.948000e-003	
1326	6.933760e-001	2.918360e-001	6.804000e-003	
1327	6.932520e-001	2.921240e-001	6.640000e-003	
1328	6.929840e-001	2.924720e-001	6.560000e-003	
1329	6.926200e-001	2.928840e-001	6.512000e-003	
1330	6.920920e-001	2.932640e-001	6.660000e-003	
1331	6.916840e-001	2.935000e-001	6.832000e-003	
1332	6.915760e-001	2.932520e-001	7.188000e-003	
1333	6.920680e-001	2.928440e-001	7.104000e-003	
1334	6.923400e-001	2.927760e-001	6.900000e-003	
1335	6.924080e-001	2.926920e-001	6.916000e-003	
1336	6.922280e-001	2.929760e-001	6.812000e-003	
1337	6.919120e-001	2.932280e-001	6.876000e-003	
1338	6.920280e-001	2.930960e-001	6.892000e-003	
1339	6.922280e-001	2.927440e-001	7.044000e-003	
1340	6.923520e-001	2.928080e-001	6.856000e-003	
1341	6.919640e-001	2.930960e-001	6.956000e-003	
1342	6.922000e-001	2.926320e-001	7.184000e-003	
1343	6.924200e-001	2.923960e-001	7.200000e-003	
1344	6.928560e-001	2.920240e-001	7.136000e-003	
1345	6.929920e-001	2.916360e-001	7.388000e-003	
1346	6.933600e-001	2.913080e-001	7.348000e-003	
1347	6.938840e-001	2.906560e-001	7.476000e-003	
1348	6.946120e-001	2.897360e-001	7.668000e-003	
1349	6.952400e-001	2.891280e-001	7.648000e-003	
1350	6.959080e-001	2.884800e-001	7.628000e-003	
1351	6.964680e-001	2.879240e-001	7.624000e-003	
1352	6.970000e-001	2.875880e-001	7.428000e-003	
1353	6.974600e-001	2.870640e-001	7.492000e-003	
1354	6.979280e-001	2.864320e-001	7.656000e-003	
1355	6.984280e-001	2.858840e-001	7.704000e-003	
1356	6.990440e-001	2.848840e-001	8.088000e-003	
1357	7.003200e-001	2.834840e-001	8.212000e-003	
1358	7.017240e-001	2.822720e-001	8.020000e-003	
1359	7.026720e-001	2.813680e-001	7.976000e-003	
1360	7.036000e-001	2.802240e-001	8.192000e-003	
1361	7.048480e-001	2.793680e-001	7.800000e-003	
1362	7.055000e-001	2.787400e-001	7.776000e-003	
1363	7.059760e-001	2.785000e-001	7.540000e-003	
1364	7.065320e-001	2.781440e-001	7.340000e-003	
1365	7.068480e-001	2.776280e-001	7.540000e-003	
1366	7.073680e-001	2.772560e-001	7.392000e-003	
1367	7.075440e-001	2.775720e-001	6.900000e-003	
1368	7.071600e-001	2.781280e-001	6.728000e-003	
1369	7.066360e-001	2.784480e-001	6.932000e-003	
1370	7.064840e-001	2.781680e-001	7.364000e-003	
1371	7.065840e-001	2.779640e-001	7.468000e-003	
1372	7.070280e-001	2.774760e-001	7.512000e-003	
1373	7.075800e-001	2.767880e-001	7.648000e-003	
1374	7.081800e-001	2.763680e-001	7.468000e-003	
1375	7.084480e-001	2.762800e-001	7.288000e-003	
1376	7.087080e-001	2.761600e-001	7.148000e-003	
1377	7.086360e-001	2.765040e-001	6.876000e-003	
1378	7.083360e-001	2.765840e-001	7.096000e-003	
1379	7.082560e-001	2.766840e-001	7.076000e-003	
1380	7.082840e-001	2.767720e-001	6.960000e-003	
1381	7.077840e-001	2.775760e-001	6.656000e-003	
1382	7.071440e-001	2.780240e-001	6.848000e-003	
1383	7.070880e-001	2.778760e-001	7.052000e-003	
1384	7.068680e-001	2.781920e-001	6.956000e-003	
1385	7.067960e-001	2.782560e-001	6.964000e-003	
1386	7.070000e-001	2.783240e-001	6.692000e-003	
1387	7.066400e-001	2.787880e-001	6.588000e-003	
1388	7.062280e-001	2.792680e-001	6.520000e-003	
1389	7.060480e-001	2.792000e-001	6.768000e-003	
1390	7.058240e-001	2.795880e-001	6.604000e-003	
1391	7.051320e-001	2.803840e-001	6.500000e-003	
1392	7.046760e-001	2.808960e-001	6.444000e-003	
1393	7.041880e-001	2.813520e-001	6.476000e-003	
1394	7.038760e-001	2.816080e-001	6.532000e-003	
1395	7.032760e-001	2.821200e-001	6.620000e-003	
1396	7.027680e-001	2.827720e-001	6.476000e-003	
1397	7.023120e-001	2.832680e-001	6.436000e-003	
1398	7.015880e-001	2.838840e-001	6.544000e-003	
1399	7.011480e-001	2.841000e-001	6.768000e-003	
1400	7.009120e-001	2.843640e-001	6.740000e-003	
1401	7.006240e-001	2.847040e-001	6.688000e-003	
1402	7.001600e-001	2.849160e-001	6.940000e-003	
1403	7.002160e-001	2.848760e-001	6.924000e-003	
1404	6.999880e-001	2.851920e-001	6.836000e-003	
1405	6.999720e-001	2.852160e-001	6.828000e-003	
1406	6.999520e-001	2.852320e-001	6.832000e-003	
1407	6.996120e-001	2.856480e-001	6.756000e-003	
1408	6.991880e-001	2.859240e-001	6.904000e-003	
1409	6.989560e-001	2.861400e-001	6.920000e-003	
1410	6.988880e-001	2.863280e-001	6.800000e-003	
1411	6.989200e-001	2.859840e-001	7.112000e-003	
1412	6.988920e-001	2.859680e-001	7.156000e-003	
1413	6.989400e-001	2.859520e-001	7.124000e-003	
1414	6.989320e-001	2.858040e-001	7.280000e-003	
1415	6.990960e-001	2.855360e-001	7.384000e-003	
1416	6.995840e-001	2.848120e-001	7.620000e-003	
1417	7.003520e-001	2.843960e-001	7.268000e-003	
1418	7.005840e-001	2.842320e-001	7.200000e-003	
1419	7.005440e-001	2.843200e-001	7.152000e-003	
1420	7.005920e-001	2.842200e-001	7.204000e-003	
1421	7.007680e-001	2.842120e-001	7.036000e-003	
1422	7.009080e-001	2.839240e-001	7.184000e-003	
1423	7.012080e-001	2.834920e-001	7.316000e-003	
1424	7.016160e-001	2.833120e-001	7.088000e-003	
1425	7.016880e-001	2.833800e-001	6.948000e-003	
1426	7.017440e-001	2.836840e-001	6.588000e-003	
1427	7.010120e-001	2.845200e-001	6.484000e-003	
1428	7.004800e-001	2.849920e-001	6.544000e-003	
1429	6.999280e-001	2.851720e-001	6.916000e-003	
1430	6.999040e-001	2.851560e-001	6.956000e-003	
1431	7.001480e-001	2.846520e-001	7.216000e-003	
1432	7.003320e-001	2.843040e-001	7.380000e-003	
1433	7.005480e-001	2.842760e-001	7.192000e-003	
1434	7.009280e-001	2.837120e-001	7.376000e-003	
1435	7.013120e-001	2.831400e-001	7.564000e-003	
1436	7.018920e-001	2.828440e-001	7.280000e-003	
1437	7.018760e-001	2.829600e-001	7.180000e-003	
1438	7.020320e-001	2.829240e-001	7.060000e-003	
1439	7.021560e-001	2.826440e-001	7.216000e-003	
1440	7.026440e-001	2.822000e-001	7.172000e-003	
1441	7.030280e-001	2.820440e-001	6.944000e-003	
1442	7.025880e-001	2.827040e-001	6.724000e-003	
1443	7.021360e-001	2.829280e-001	6.952000e-003	
1444	7.020640e-001	2.828480e-001	7.104000e-003	
1445	7.020240e-001	2.827480e-001	7.244000e-003	
1446	7.022880e-001	2.827320e-001	6.996000e-003	
1447	7.022120e-001	2.827880e-001	7.016000e-003	
1448	7.022640e-001	2.828160e-001	6.936000e-003	
1449	7.020800e-001	2.829360e-001	7.000000e-003	
1450	7.021760e-001	2.830840e-001	6.756000e-003	
1451	7.018880e-001	2.836200e-001	6.508000e-003	
1452	7.013880e-001	2.841480e-001	6.480000e-003	
1453	7.008160e-001	2.846080e-001	6.592000e-003	
1454	7.004960e-001	2.848880e-001	6.632000e-003	
1455	7.000920e-001	2.851120e-001	6.812000e-003	
1456	6.998920e-001	2.852080e-001	6.916000e-003	
1457	6.997800e-001	2.852720e-001	6.964000e-003	
1458	6.996320e-001	2.854400e-001	6.944000e-003	
1459	6.999120e-001	2.854720e-001	6.632000e-003	
1460	6.994000e-001	2.861600e-001	6.456000e-003	
1461	6.987440e-001	2.864920e-001	6.780000e-003	
1462	6.984920e-001	2.867680e-001	6.756000e-003	
1463	6.982160e-001	2.872640e-001	6.536000e-003	
1464	6.978160e-001	2.872640e-001	6.936000e-003	
1465	6.978960e-001	2.872360e-001	6.884000e-003	
1466	6.979520e-001	2.873320e-001	6.732000e-003	
1467	6.976200e-001	2.877680e-001	6.628000e-003	
1468	6.971800e-001	2.881720e-001	6.664000e-003	
1469	6.968840e-001	2.886160e-001	6.516000e-003	
1470	6.964800e-001	2.887400e-001	6.796000e-003	
1471	6.964200e-001	2.888880e-001	6.708000e-003	
1472	6.960920e-001	2.890520e-001	6.872000e-003	
1473	6.960080e-001	2.894640e-001	6.544000e-003	
1474	6.955280e-001	2.898800e-001	6.608000e-003	
1475	6.949800e-001	2.902680e-001	6.768000e-003	
1476	6.945760e-001	2.907000e-001	6.740000e-003	
1477	6.945480e-001	2.908040e-001	6.664000e-003	
1478	6.942440e-001	2.909360e-001	6.836000e-003	
1479	6.941360e-001	2.909040e-001	6.976000e-003	
1480	6.941120e-001	2.908320e-001	7.072000e-003	
1481	6.942280e-001	2.905840e-001	7.204000e-003	
1482	6.945560e-001	2.903760e-001	7.084000e-003	
1483	6.950400e-001	2.901480e-001	6.828000e-003	
1484	6.952480e-001	2.896760e-001	7.092000e-003	
1485	6.953200e-001	2.897360e-001	6.960000e-003	
1486	6.952640e-001	2.900320e-001	6.720000e-003	
1487	6.947000e-001	2.907240e-001	6.592000e-003	
1488	6.941360e-001	2.911080e-001	6.772000e-003	
1489	6.942520e-001	2.908760e-001	6.888000e-003	
1490	6.942200e-001	2.911160e-001	6.680000e-003	
1491	6.936160e-001	2.913280e-001	7.072000e-003	
1492	6.935960e-001	2.911720e-001	7.248000e-003	
1493	6.941240e-001	2.904440e-001	7.448000e-003	
1494	6.947200e-001	2.898360e-001	7.460000e-003	
1495	6.954320e-001	2.890680e-001	7.516000e-003	
1496	6.960800e-001	2.883960e-001	7.540000e-003	
1497	6.967760e-001	2.875320e-001	7.708000e-003	
1498	6.976680e-001	2.870960e-001	7.252000e-003	
1499	6.978760e-001	2.870080e-001	7.132000e-003	
1500	6.980440e-001	2.866400e-001	7.332000e-003	
1501	6.986560e-001	2.860800e-001	7.280000e-003	
1502	6.991120e-001	2.856520e-001	7.252000e-003	
1503	6.993560e-001	2.853640e-001	7.296000e-003	
1504	6.996520e-001	2.853520e-001	7.012000e-003	
1505	6.998840e-001	2.851520e-001	6.980000e-003	
1506	6.998480e-001	2.853720e-001	6.796000e-003	
1507	6.995760e-001	2.855600e-001	6.880000e-003	
1508	6.994640e-001	2.860120e-001	6.540000e-003	
1509	6.989520e-001	2.867120e-001	6.352000e-003	
1510	6.984080e-001	2.873800e-001	6.228000e-003	
1511	6.975560e-001	2.885600e-001	5.900000e-003	
1512	6.964440e-001	2.896640e-001	5.908000e-003	
1513	6.954480e-001	2.905360e-001	6.032000e-003	
1514	6.944000e-001	2.913200e-001	6.296000e-003	
1515	6.938120e-001	2.918760e-001	6.328000e-003	
1516	6.931360e-001	2.924720e-001	6.408000e-003	
1517	6.929800e-001	2.924720e-001	6.564000e-003	
1518	6.925920e-001	2.930520e-001	6.372000e-003	
1519	6.922600e-001	2.934480e-001	6.308000e-003	
1520	6.916560e-001	2.938120e-001	6.548000e-003	
1521	6.910080e-001	2.947480e-001	6.260000e-003	
1522	6.903240e-001	2.954520e-001	6.240000e-003	
1523	6.898480e-001	2.958280e-001	6.340000e-003	
1524	6.892880e-001	2.963880e-001	6.340000e-003	
1525	6.889000e-001	2.967320e-001	6.384000e-003	
1526	6.882120e-001	2.976040e-001	6.200000e-003	
1527	6.878720e-001	2.981480e-001	5.996000e-003	
1528	6.871600e-001	2.984880e-001	6.368000e-003	
1529	6.868040e-001	2.986360e-001	6.576000e-003	
1530	6.865320e-001	2.989480e-001	6.536000e-003	
1531	6.863400e-001	2.992160e-001	6.460000e-003	
1532	6.858080e-001	3.000880e-001	6.120000e-003	
1533	6.851280e-001	3.005920e-001	6.296000e-003	
1534	6.845000e-001	3.011040e-001	6.412000e-003	
1535	6.840440e-001	3.016640e-001	6.308000e-003	
1536	6.833400e-001	3.020840e-001	6.592000e-003	
1537	6.830440e-001	3.022600e-001	6.712000e-003	
1538	6.831360e-001	3.021080e-001	6.772000e-003	
1539	6.832040e-001	3.019400e-001	6.872000e-003	
1540	6.831880e-001	3.016080e-001	7.220000e-003	
1541	6.838400e-001	3.010400e-001	7.136000e-003	
1542	6.839920e-001	3.007240e-001	7.300000e-003	
1543	6.842800e-001	3.006640e-001	7.072000e-003	
1544	6.846960e-001	3.000120e-001	7.308000e-003	
1545	6.851680e-001	2.993200e-001	7.528000e-003	
1546	6.861040e-001	2.982160e-001	7.696000e-003	
1547	6.871000e-001	2.970840e-001	7.832000e-003	
1548	6.879800e-001	2.962880e-001	7.748000e-003	
1549	6.892280e-001	2.948600e-001	7.928000e-003	
1550	6.903960e-001	2.937120e-001	7.908000e-003	
1551	6.912200e-001	2.931760e-001	7.620000e-003	
1552	6.918480e-001	2.924040e-001	7.764000e-003	
1553	6.926640e-001	2.916200e-001	7.732000e-003	
1554	6.934400e-001	2.909120e-001	7.664000e-003	
1555	6.942720e-001	2.902840e-001	7.460000e-003	
1556	6.947560e-001	2.899440e-001	7.316000e-003	
1557	6.949760e-001	2.897120e-001	7.328000e-003	
1558	6.953000e-001	2.894680e-001	7.248000e-003	
1559	6.956200e-001	2.892680e-001	7.128000e-003	
1560	6.959720e-001	2.888160e-001	7.228000e-003	
1561	6.962240e-001	2.883880e-001	7.404000e-003	
1562	6.968160e-001	2.877040e-001	7.496000e-003	
1563	6.974000e-001	2.872320e-001	7.384000e-003	
1564	6.978600e-001	2.869200e-001	7.236000e-003	
1565	6.982160e-001	2.866280e-001	7.172000e-003	
1566	6.986880e-001	2.863400e-001	6.988000e-003	
1567	6.986360e-001	2.863800e-001	7.000000e-003	
1568	6.988120e-001	2.860440e-001	7.160000e-003	
1569	6.989800e-001	2.857840e-001	7.252000e-003	
1570	6.994240e-001	2.853760e-001	7.216000e-003	
1571	6.995440e-001	2.856400e-001	6.832000e-003	
1572	6.994800e-001	2.858920e-001	6.644000e-003	
1573	6.988240e-001	2.864280e-001	6.764000e-003	
1574	6.987240e-001	2.864880e-001	6.804000e-003	
1575	6.985560e-001	2.865560e-001	6.904000e-003	
1576	6.983040e-001	2.865240e-001	7.188000e-003	
1577	6.986000e-001	2.862560e-001	7.160000e-003	
1578	6.990640e-001	2.855840e-001	7.368000e-003	
1579	6.993760e-001	2.850040e-001	7.636000e-003	
1580	7.001040e-001	2.846720e-001	7.240000e-003	
1581	7.006880e-001	2.841360e-001	7.192000e-003	
1582	7.006920e-001	2.841880e-001	7.136000e-003	
1583	7.008400e-001	2.842320e-001	6.944000e-003	
1584	7.008760e-001	2.839320e-001	7.208000e-003	
1585	7.010720e-001	2.837600e-001	7.184000e-003	
1586	7.012520e-001	2.839240e-001	6.840000e-003	
1587	7.009640e-001	2.843000e-001	6.752000e-003	
1588	7.006000e-001	2.843960e-001	7.020000e-003	
1589	7.007680e-001	2.843280e-001	6.920000e-003	
1590	7.006280e-001	2.844280e-001	6.960000e-003	
1591	7.008600e-001	2.843440e-001	6.812000e-003	
1592	7.007960e-001	2.843400e-001	6.880000e-003	
1593	7.008000e-001	2.841960e-001	7.020000e-003	
1594	7.009560e-001	2.839680e-001	7.092000e-003	
1595	7.010680e-001	2.841880e-001	6.760000e-003	
1596	7.007320e-001	2.846320e-001	6.652000e-003	
1597	7.004360e-001	2.847400e-001	6.840000e-003	
1598	7.005360e-001	2.846040e-001	6.876000e-003	
1599	7.005440e-001	2.847240e-001	6.748000e-003	
1600	7.004000e-001	2.845280e-001	7.088000e-003	
1601	7.002960e-001	2.846000e-001	7.120000e-003	
1602	7.005160e-001	2.844320e-001	7.068000e-003	
1603	7.009320e-001	2.840640e-001	7.020000e-003	
1604	7.006360e-001	2.845920e-001	6.788000e-003	
1605	7.002680e-001	2.847480e-001	7.000000e-003	
1606	7.001600e-001	2.846920e-001	7.164000e-003	
1607	7.001680e-001	2.848400e-001	7.008000e-003	
1608	7.001480e-001	2.850400e-001	6.828000e-003	
1609	6.999520e-001	2.850920e-001	6.972000e-003	
1610	7.000840e-001	2.848680e-001	7.064000e-003	
1611	7.000920e-001	2.850280e-001	6.896000e-003	
1612	6.995680e-001	2.858600e-001	6.588000e-003	
1613	6.990240e-001	2.865360e-001	6.456000e-003	
1614	6.986120e-001	2.868560e-001	6.548000e-003	
1615	6.982440e-001	2.873800e-001	6.392000e-003	
1616	6.976200e-001	2.878600e-001	6.536000e-003	
1617	6.970400e-001	2.885400e-001	6.436000e-003	
1618	6.965480e-001	2.889800e-001	6.488000e-003	
1619	6.957440e-001	2.898640e-001	6.408000e-003	
1620	6.951000e-001	2.903800e-001	6.536000e-003	
1621	6.943200e-001	2.912920e-001	6.404000e-003	
1622	6.941480e-001	2.911800e-001	6.688000e-003	
1623	6.938240e-001	2.915200e-001	6.672000e-003	
1624	6.936520e-001	2.914360e-001	6.928000e-003	
1625	6.934960e-001	2.912720e-001	7.248000e-003	
1626	6.942240e-001	2.906040e-001	7.188000e-003	
1627	6.944040e-001	2.901040e-001	7.508000e-003	
1628	6.947920e-001	2.896120e-001	7.612000e-003	
1629	6.954520e-001	2.890360e-001	7.528000e-003	
1630	6.962760e-001	2.884280e-001	7.312000e-003	
1631	6.965480e-001	2.879440e-001	7.524000e-003	
1632	6.970680e-001	2.876160e-001	7.332000e-003	
1633	6.973680e-001	2.873320e-001	7.316000e-003	
1634	6.977280e-001	2.867200e-001	7.568000e-003	
1635	6.981520e-001	2.863840e-001	7.480000e-003	
1636	6.984760e-001	2.861760e-001	7.364000e-003	
1637	6.989280e-001	2.860680e-001	7.020000e-003	
1638	6.988080e-001	2.860360e-001	7.172000e-003	
1639	6.990640e-001	2.855840e-001	7.368000e-003	
1640	6.994520e-001	2.851160e-001	7.448000e-003	
1641	7.000360e-001	2.844920e-001	7.488000e-003	
1642	7.004360e-001	2.841960e-001	7.384000e-003	
1643	7.007800e-001	2.837080e-001	7.528000e-003	
1644	7.012480e-001	2.833520e-001	7.416000e-003	
1645	7.015920e-001	2.832160e-001	7.208000e-003	
1646	7.015720e-001	2.830840e-001	7.360000e-003	
1647	7.018480e-001	2.830840e-001	7.084000e-003	
1648	7.019200e-001	2.830080e-001	7.088000e-003	
1649	7.018680e-001	2.829800e-001	7.168000e-003	
1650	7.020200e-001	2.828320e-001	7.164000e-003	
1651	7.021840e-001	2.826960e-001	7.136000e-003	
1652	7.026520e-001	2.823840e-001	6.980000e-003	
1653	7.025120e-001	2.827200e-001	6.784000e-003	
1654	7.020640e-001	2.831960e-001	6.756000e-003	
1655	7.016760e-001	2.836000e-001	6.740000e-003	
1656	7.014400e-001	2.839000e-001	6.676000e-003	
1657	7.008200e-001	2.846080e-001	6.588000e-003	
1658	7.003680e-001	2.851400e-001	6.508000e-003	
1659	6.997480e-001	2.856200e-001	6.648000e-003	
1660	6.995560e-001	2.856000e-001	6.860000e-003	
1661	6.994080e-001	2.853400e-001	7.268000e-003	
1662	6.997040e-001	2.849080e-001	7.404000e-003	
1663	7.002280e-001	2.844760e-001	7.312000e-003	
1664	7.004960e-001	2.846040e-001	6.916000e-003	
1665	7.001720e-001	2.850600e-001	6.784000e-003	
1666	7.001160e-001	2.852280e-001	6.672000e-003	
1667	7.000640e-001	2.850240e-001	6.928000e-003	
1668	7.000600e-001	2.849560e-001	7.000000e-003	
1669	7.000840e-001	2.851200e-001	6.812000e-003	
1670	6.997000e-001	2.855680e-001	6.748000e-003	
1671	6.996840e-001	2.854600e-001	6.872000e-003	
1672	6.995240e-001	2.858160e-001	6.676000e-003	
1673	6.992680e-001	2.862200e-001	6.528000e-003	
1674	6.988720e-001	2.863760e-001	6.768000e-003	
1675	6.987360e-001	2.865280e-001	6.752000e-003	
1676	6.987320e-001	2.864760e-001	6.808000e-003	
1677	6.987320e-001	2.862360e-001	7.048000e-003	
1678	6.988560e-001	2.859840e-001	7.176000e-003	
1679	6.990560e-001	2.860240e-001	6.936000e-003	
1680	6.992080e-001	2.859640e-001	6.844000e-003	
1681	6.988880e-001	2.865240e-001	6.604000e-003	
1682	6.982800e-001	2.873280e-001	6.408000e-003	
1683	6.978480e-001	2.879200e-001	6.248000e-003	
1684	6.973080e-001	2.883680e-001	6.340000e-003	
1685	6.967680e-001	2.887240e-001	6.524000e-003	
1686	6.963640e-001	2.892160e-001	6.436000e-003	
1687	6.954560e-001	2.902560e-001	6.304000e-003	
1688	6.947360e-001	2.909400e-001	6.340000e-003	
1689	6.942600e-001	2.912600e-001	6.496000e-003	
1690	6.937080e-001	2.917720e-001	6.536000e-003	
1691	6.932440e-001	2.922800e-001	6.492000e-003	
1692	6.930480e-001	2.925440e-001	6.424000e-003	
1693	6.926600e-001	2.929160e-001	6.440000e-003	
1694	6.921480e-001	2.932040e-001	6.664000e-003	
1695	6.919160e-001	2.932880e-001	6.812000e-003	
1696	6.919440e-001	2.934040e-001	6.668000e-003	
1697	6.917120e-001	2.934920e-001	6.812000e-003	
1698	6.917720e-001	2.934800e-001	6.764000e-003	
1699	6.916200e-001	2.936240e-001	6.772000e-003	
1700	6.913800e-001	2.938480e-001	6.788000e-003	
1701	6.911920e-001	2.938920e-001	6.932000e-003	
1702	6.913760e-001	2.938280e-001	6.812000e-003	
1703	6.912800e-001	2.938160e-001	6.920000e-003	
1704	6.913360e-001	2.936720e-001	7.008000e-003	
1705	6.914800e-001	2.934200e-001	7.116000e-003	
1706	6.919080e-001	2.928040e-001	7.304000e-003	
1707	6.924040e-001	2.924000e-001	7.212000e-003	
1708	6.928320e-001	2.920800e-001	7.104000e-003	
1709	6.929800e-001	2.919080e-001	7.128000e-003	
1710	6.929560e-001	2.919800e-001	7.080000e-003	
1711	6.932240e-001	2.916280e-001	7.164000e-003	
1712	6.936800e-001	2.912080e-001	7.128000e-003	
1713	6.941200e-001	2.904560e-001	7.440000e-003	
1714	6.947120e-001	2.900000e-001	7.304000e-003	
1715	6.950320e-001	2.899160e-001	7.068000e-003	
1716	6.953760e-001	2.896120e-001	7.028000e-003	
1717	6.953840e-001	2.894480e-001	7.184000e-003	
1718	6.957360e-001	2.892240e-001	7.056000e-003	
1719	6.959840e-001	2.888800e-001	7.152000e-003	
1720	6.962560e-001	2.885720e-001	7.188000e-003	
1721	6.963000e-001	2.884120e-001	7.304000e-003	
1722	6.966960e-001	2.879360e-001	7.384000e-003	
1723	6.971200e-001	2.878320e-001	7.064000e-003	
1724	6.971400e-001	2.877360e-001	7.140000e-003	
1725	6.972080e-001	2.877400e-001	7.068000e-003	
1726	6.974360e-001	2.875440e-001	7.036000e-003	
1727	6.973480e-001	2.876120e-001	7.056000e-003	
1728	6.974800e-001	2.872960e-001	7.240000e-003	
1729	6.979560e-001	2.870000e-001	7.060000e-003	
1730	6.982440e-001	2.868200e-001	6.952000e-003	
1731	6.982200e-001	2.869880e-001	6.808000e-003	
1732	6.978040e-001	2.872400e-001	6.972000e-003	
1733	6.975960e-001	2.879680e-001	6.452000e-003	
1734	6.971520e-001	2.881320e-001	6.732000e-003	
1735	6.971680e-001	2.882520e-001	6.596000e-003	
1736	6.967280e-001	2.888240e-001	6.464000e-003	
1737	6.963440e-001	2.890000e-001	6.672000e-003	
1738	6.960040e-001	2.893040e-001	6.708000e-003	
1739	6.959200e-001	2.894880e-001	6.608000e-003	
1740	6.955920e-001	2.895920e-001	6.832000e-003	
1741	6.953280e-001	2.898440e-001	6.844000e-003	
1742	6.954160e-001	2.897440e-001	6.856000e-003	
1743	6.952080e-001	2.899880e-001	6.820000e-003	
1744	6.950240e-001	2.900920e-001	6.900000e-003	
1745	6.949880e-001	2.901040e-001	6.924000e-003	
1746	6.949680e-001	2.900160e-001	7.032000e-003	
1747	6.948720e-001	2.899920e-001	7.152000e-003	
1748	6.949440e-001	2.901600e-001	6.912000e-003	
1749	6.947360e-001	2.902000e-001	7.080000e-003	
1750	6.946240e-001	2.905280e-001	6.864000e-003	
1751	6.945480e-001	2.905360e-001	6.932000e-003	
1752	6.944480e-001	2.904720e-001	7.096000e-003	
1753	6.947920e-001	2.903520e-001	6.872000e-003	
1754	6.946200e-001	2.906960e-001	6.700000e-003	
1755	6.944920e-001	2.908080e-001	6.716000e-003	
1756	6.942800e-001	2.908800e-001	6.856000e-003	
1757	6.941080e-001	2.912960e-001	6.612000e-003	
1758	6.937040e-001	2.919000e-001	6.412000e-003	
1759	6.932320e-001	2.924280e-001	6.356000e-003	
1760	6.925000e-001	2.931720e-001	6.344000e-003	
1761	6.917720e-001	2.937920e-001	6.452000e-003	
1762	6.912800e-001	2.940680e-001	6.668000e-003	
1763	6.910960e-001	2.942240e-001	6.696000e-003	
1764	6.908160e-001	2.945920e-001	6.608000e-003	
1765	6.901520e-001	2.952280e-001	6.636000e-003	
1766	6.898840e-001	2.954680e-001	6.664000e-003	
1767	6.899880e-001	2.952960e-001	6.732000e-003	
1768	6.898160e-001	2.954080e-001	6.792000e-003	
1769	6.898760e-001	2.954720e-001	6.668000e-003	
1770	6.897280e-001	2.956440e-001	6.644000e-003	
1771	6.896000e-001	2.954320e-001	6.984000e-003	
1772	6.897440e-001	2.953880e-001	6.884000e-003	
1773	6.900040e-001	2.951040e-001	6.908000e-003	
1774	6.898320e-001	2.954400e-001	6.744000e-003	
1775	6.897160e-001	2.953320e-001	6.968000e-003	
1776	6.898080e-001	2.952440e-001	6.964000e-003	
1777	6.898960e-001	2.952640e-001	6.856000e-003	
1778	6.898240e-001	2.951040e-001	7.088000e-003	
1779	6.898400e-001	2.951920e-001	6.984000e-003	
1780	6.898120e-001	2.953320e-001	6.872000e-003	
1781	6.899480e-001	2.949600e-001	7.108000e-003	
1782	6.900800e-001	2.948600e-001	7.076000e-003	
1783	6.904920e-001	2.944440e-001	7.080000e-003	
1784	6.904600e-001	2.943720e-001	7.184000e-003	
1785	6.905840e-001	2.945320e-001	6.900000e-003	
1786	6.906960e-001	2.944080e-001	6.912000e-003	
1787	6.906840e-001	2.945360e-001	6.796000e-003	
1788	6.905240e-001	2.946000e-001	6.892000e-003	
1789	6.905040e-001	2.944640e-001	7.048000e-003	
1790	6.905680e-001	2.943640e-001	7.084000e-003	
1791	6.906800e-001	2.943120e-001	7.024000e-003	
1792	6.908800e-001	2.942240e-001	6.912000e-003	
1793	6.907600e-001	2.944600e-001	6.796000e-003	
1794	6.907680e-001	2.945200e-001	6.728000e-003	
1795	6.908240e-001	2.944280e-001	6.764000e-003	
1796	6.906040e-001	2.947120e-001	6.700000e-003	
1797	6.901200e-001	2.951760e-001	6.720000e-003	
1798	6.897320e-001	2.954360e-001	6.848000e-003	
1799	6.895760e-001	2.956400e-001	6.800000e-003	
1800	6.893880e-001	2.957320e-001	6.896000e-003	
1801	6.893280e-001	2.958760e-001	6.812000e-003	
1802	6.892400e-001	2.958320e-001	6.944000e-003	
1803	6.893000e-001	2.959720e-001	6.744000e-003	
1804	6.892120e-001	2.960720e-001	6.732000e-003	
1805	6.889840e-001	2.964560e-001	6.576000e-003	
1806	6.890440e-001	2.964960e-001	6.476000e-003	
1807	6.887200e-001	2.970720e-001	6.224000e-003	
1808	6.880600e-001	2.978480e-001	6.108000e-003	
1809	6.876160e-001	2.984040e-001	5.996000e-003	
1810	6.867280e-001	2.990760e-001	6.212000e-003	
1811	6.864240e-001	2.995440e-001	6.048000e-003	
1812	6.856920e-001	2.999920e-001	6.332000e-003	
1813	6.850360e-001	3.007480e-001	6.232000e-003	
1814	6.845280e-001	3.014040e-001	6.084000e-003	
1815	6.838960e-001	3.021800e-001	5.940000e-003	
1816	6.833000e-001	3.027360e-001	5.980000e-003	
1817	6.824480e-001	3.034880e-001	6.080000e-003	
1818	6.815800e-001	3.045880e-001	5.848000e-003	
1819	6.805240e-001	3.056400e-001	5.852000e-003	
1820	6.795720e-001	3.067200e-001	5.724000e-003	
1821	6.786320e-001	3.078200e-001	5.564000e-003	
1822	6.774480e-001	3.086520e-001	5.916000e-003	
1823	6.763480e-001	3.095880e-001	6.080000e-003	
1824	6.757520e-001	3.105880e-001	5.676000e-003	
1825	6.747080e-001	3.113680e-001	5.940000e-003	
1826	6.738520e-001	3.120560e-001	6.108000e-003	
1827	6.731920e-001	3.125240e-001	6.300000e-003	
1828	6.726800e-001	3.127760e-001	6.560000e-003	
1829	6.723760e-001	3.129880e-001	6.652000e-003	
1830	6.726520e-001	3.124840e-001	6.880000e-003	
1831	6.730040e-001	3.116600e-001	7.352000e-003	
1832	6.736720e-001	3.112040e-001	7.140000e-003	
1833	6.741360e-001	3.107600e-001	7.120000e-003	
1834	6.746080e-001	3.101920e-001	7.216000e-003	
1835	6.752560e-001	3.095640e-001	7.196000e-003	
1836	6.757240e-001	3.092200e-001	7.072000e-003	
1837	6.758320e-001	3.090520e-001	7.132000e-003	
1838	6.763600e-001	3.083440e-001	7.312000e-003	
1839	6.768040e-001	3.079640e-001	7.248000e-003	
1840	6.772880e-001	3.075360e-001	7.192000e-003	
1841	6.777120e-001	3.074720e-001	6.832000e-003	
1842	6.779080e-001	3.074640e-001	6.644000e-003	
1843	6.777360e-001	3.075120e-001	6.768000e-003	
1844	6.776120e-001	3.073520e-001	7.052000e-003	
1845	6.776760e-001	3.067960e-001	7.544000e-003	
1846	6.782840e-001	3.062160e-001	7.516000e-003	
1847	6.792760e-001	3.054000e-001	7.340000e-003	
1848	6.799040e-001	3.049840e-001	7.128000e-003	
1849	6.804320e-001	3.043040e-001	7.280000e-003	
1850	6.810560e-001	3.034120e-001	7.548000e-003	
1851	6.816120e-001	3.030000e-001	7.404000e-003	
1852	6.819920e-001	3.026200e-001	7.404000e-003	
1853	6.826960e-001	3.018320e-001	7.488000e-003	
1854	6.833720e-001	3.009880e-001	7.656000e-003	
1855	6.841960e-001	3.003440e-001	7.476000e-003	
1856	6.846520e-001	2.998520e-001	7.512000e-003	
1857	6.852080e-001	2.990920e-001	7.716000e-003	
1858	6.859680e-001	2.983440e-001	7.704000e-003	
1859	6.867160e-001	2.977480e-001	7.552000e-003	
1860	6.871320e-001	2.974360e-001	7.448000e-003	
1861	6.879480e-001	2.964720e-001	7.596000e-003	
1862	6.886960e-001	2.956360e-001	7.684000e-003	
1863	6.894240e-001	2.948640e-001	7.728000e-003	
1864	6.901120e-001	2.943800e-001	7.524000e-003	
1865	6.909320e-001	2.936400e-001	7.444000e-003	
1866	6.914160e-001	2.930480e-001	7.552000e-003	
1867	6.920760e-001	2.923880e-001	7.552000e-003	
1868	6.925960e-001	2.919280e-001	7.492000e-003	
1869	6.933160e-001	2.913160e-001	7.384000e-003	
1870	6.936560e-001	2.909840e-001	7.376000e-003	
1871	6.940280e-001	2.905080e-001	7.480000e-003	
1872	6.944880e-001	2.902040e-001	7.324000e-003	
1873	6.947600e-001	2.898120e-001	7.444000e-003	
1874	6.951200e-001	2.893640e-001	7.532000e-003	
1875	6.956320e-001	2.889840e-001	7.400000e-003	
1876	6.961280e-001	2.886880e-001	7.200000e-003	
1877	6.966280e-001	2.880880e-001	7.300000e-003	
1878	6.971640e-001	2.876680e-001	7.184000e-003	
1879	6.972840e-001	2.878880e-001	6.844000e-003	
1880	6.970600e-001	2.877600e-001	7.196000e-003	
1881	6.972120e-001	2.875960e-001	7.208000e-003	
1882	6.973560e-001	2.873240e-001	7.336000e-003	
1883	6.977680e-001	2.870400e-001	7.208000e-003	
1884	6.980880e-001	2.868080e-001	7.120000e-003	
1885	6.982520e-001	2.868120e-001	6.952000e-003	
1886	6.981040e-001	2.871160e-001	6.796000e-003	
1887	6.980240e-001	2.874000e-001	6.592000e-003	
1888	6.974120e-001	2.879720e-001	6.632000e-003	
1889	6.971960e-001	2.881680e-001	6.652000e-003	
1890	6.967640e-001	2.886440e-001	6.608000e-003	
1891	6.964480e-001	2.888800e-001	6.688000e-003	
1892	6.964520e-001	2.891960e-001	6.368000e-003	
1893	6.959360e-001	2.895680e-001	6.512000e-003	
1894	6.952320e-001	2.902400e-001	6.544000e-003	
1895	6.946120e-001	2.909680e-001	6.436000e-003	
1896	6.940480e-001	2.912240e-001	6.744000e-003	
1897	6.938240e-001	2.915960e-001	6.596000e-003	
1898	6.935960e-001	2.918120e-001	6.608000e-003	
1899	6.932440e-001	2.921160e-001	6.656000e-003	
1900	6.929600e-001	2.924280e-001	6.628000e-003	
1901	6.928600e-001	2.922720e-001	6.884000e-003	
1902	6.929640e-001	2.922640e-001	6.788000e-003	
1903	6.927960e-001	2.926080e-001	6.612000e-003	
1904	6.925080e-001	2.927840e-001	6.724000e-003	
1905	6.923080e-001	2.927880e-001	6.920000e-003	
1906	6.922360e-001	2.926800e-001	7.100000e-003	
1907	6.924760e-001	2.926480e-001	6.892000e-003	
1908	6.921280e-001	2.929200e-001	6.968000e-003	
1909	6.924280e-001	2.925920e-001	6.996000e-003	
1910	6.922000e-001	2.930000e-001	6.816000e-003	
1911	6.918960e-001	2.933160e-001	6.804000e-003	
1912	6.915160e-001	2.936360e-001	6.864000e-003	
1913	6.915080e-001	2.935400e-001	6.968000e-003	
1914	6.915200e-001	2.935400e-001	6.956000e-003	
1915	6.915440e-001	2.936680e-001	6.804000e-003	
1916	6.911800e-001	2.938600e-001	6.976000e-003	
1917	6.914040e-001	2.935640e-001	7.048000e-003	
1918	6.917720e-001	2.933760e-001	6.868000e-003	
1919	6.914600e-001	2.936600e-001	6.896000e-003	
1920	6.911960e-001	2.939520e-001	6.868000e-003	
1921	6.914720e-001	2.938600e-001	6.684000e-003	
1922	6.914240e-001	2.933560e-001	7.236000e-003	
1923	6.916280e-001	2.931120e-001	7.276000e-003	
1924	6.918720e-001	2.929440e-001	7.200000e-003	
1925	6.918880e-001	2.928120e-001	7.316000e-003	
1926	6.924440e-001	2.921840e-001	7.388000e-003	
1927	6.931240e-001	2.914320e-001	7.460000e-003	
1928	6.936680e-001	2.910400e-001	7.308000e-003	
1929	6.936880e-001	2.911240e-001	7.204000e-003	
1930	6.941480e-001	2.903840e-001	7.484000e-003	
1931	6.948360e-001	2.893960e-001	7.784000e-003	
1932	6.954760e-001	2.884320e-001	8.108000e-003	
1933	6.961320e-001	2.876480e-001	8.236000e-003	
1934	6.974800e-001	2.866040e-001	7.932000e-003	
1935	6.982160e-001	2.863480e-001	7.452000e-003	
1936	6.987280e-001	2.858320e-001	7.456000e-003	
1937	6.990640e-001	2.855960e-001	7.356000e-003	
1938	6.994440e-001	2.849960e-001	7.576000e-003	
1939	6.998400e-001	2.847200e-001	7.456000e-003	
1940	7.002600e-001	2.842040e-001	7.552000e-003	
1941	7.005640e-001	2.838320e-001	7.620000e-003	
1942	7.014480e-001	2.831280e-001	7.440000e-003	
1943	7.017200e-001	2.829280e-001	7.368000e-003	
1944	7.021960e-001	2.825640e-001	7.256000e-003	
1945	7.025280e-001	2.824960e-001	6.992000e-003	
1946	7.025640e-001	2.825680e-001	6.884000e-003	
1947	7.022120e-001	2.829000e-001	6.904000e-003	
1948	7.021040e-001	2.830000e-001	6.912000e-003	
1949	7.019480e-001	2.829840e-001	7.084000e-003	
1950	7.021280e-001	2.829000e-001	6.988000e-003	
1951	7.021760e-001	2.830000e-001	6.840000e-003	
1952	7.015840e-001	2.834600e-001	6.972000e-003	
1953	7.017160e-001	2.833640e-001	6.936000e-003	
1954	7.017400e-001	2.834840e-001	6.792000e-003	
1955	7.013640e-001	2.838080e-001	6.844000e-003	
1956	7.011160e-001	2.842600e-001	6.640000e-003	
1957	7.007400e-001	2.845800e-001	6.696000e-003	
1958	7.005880e-001	2.847240e-001	6.704000e-003	
1959	7.002920e-001	2.852600e-001	6.464000e-003	
1960	6.995400e-001	2.857720e-001	6.704000e-003	
1961	6.994000e-001	2.860080e-001	6.608000e-003	
1962	6.990800e-001	2.863720e-001	6.564000e-003	
1963	6.990080e-001	2.865880e-001	6.420000e-003	
1964	6.984080e-001	2.872400e-001	6.368000e-003	
1965	6.976240e-001	2.875640e-001	6.828000e-003	
1966	6.975840e-001	2.874040e-001	7.028000e-003	
1967	6.976160e-001	2.876320e-001	6.768000e-003	
1968	6.971480e-001	2.882520e-001	6.616000e-003	
1969	6.970480e-001	2.885560e-001	6.412000e-003	
1970	6.961680e-001	2.896320e-001	6.216000e-003	
1971	6.956120e-001	2.902480e-001	6.156000e-003	
1972	6.950080e-001	2.909040e-001	6.104000e-003	
1973	6.939280e-001	2.919960e-001	6.092000e-003	
1974	6.930040e-001	2.924640e-001	6.548000e-003	
1975	6.927960e-001	2.923880e-001	6.832000e-003	
1976	6.929600e-001	2.926720e-001	6.384000e-003	
1977	6.922600e-001	2.931600e-001	6.596000e-003	
1978	6.919160e-001	2.934320e-001	6.668000e-003	
1979	6.917000e-001	2.934400e-001	6.876000e-003	
1980	6.915320e-001	2.937120e-001	6.772000e-003	
1981	6.913120e-001	2.940520e-001	6.652000e-003	
1982	6.911280e-001	2.940680e-001	6.820000e-003	
1983	6.911360e-001	2.940440e-001	6.836000e-003	
1984	6.912160e-001	2.938920e-001	6.908000e-003	
1985	6.914120e-001	2.937560e-001	6.848000e-003	
1986	6.915120e-001	2.935720e-001	6.932000e-003	
1987	6.916560e-001	2.934960e-001	6.864000e-003	
1988	6.917840e-001	2.933440e-001	6.888000e-003	
1989	6.917760e-001	2.933400e-001	6.900000e-003	
1990	6.916480e-001	2.934360e-001	6.932000e-003	
1991	6.915120e-001	2.936680e-001	6.836000e-003	
1992	6.911840e-001	2.943360e-001	6.496000e-003	
1993	6.910640e-001	2.942560e-001	6.696000e-003	
1994	6.907720e-001	2.943600e-001	6.884000e-003	
1995	6.905680e-001	2.944360e-001	7.012000e-003	
1996	6.907360e-001	2.945560e-001	6.724000e-003	
1997	6.906040e-001	2.946400e-001	6.772000e-003	
1998	6.903640e-001	2.949400e-001	6.712000e-003	
1999	6.899640e-001	2.950360e-001	7.016000e-003	
2000	6.904040e-001	2.945760e-001	7.036000e-003	
2001	6.907200e-001	2.944360e-001	6.860000e-003	
