1	4.967480e-001	4.952680e-001	0	
2	4.962720e-001	4.957440e-001	0	
3	4.958000e-001	4.962120e-001	4.000000e-006	
4	4.952480e-001	4.967560e-001	1.200000e-005	
5	4.947560e-001	4.972560e-001	4.000000e-006	
6	4.942520e-001	4.977520e-001	1.200000e-005	
7	4.936720e-001	4.983400e-001	4.000000e-006	
8	4.932200e-001	4.987960e-001	0	
9	4.926400e-001	4.993760e-001	0	
10	4.922400e-001	4.997760e-001	0	
11	4.917200e-001	5.002960e-001	0	
12	4.911800e-001	5.008360e-001	0	
13	4.907720e-001	5.012440e-001	0	
14	4.902600e-001	5.017560e-001	0	
15	4.897920e-001	5.022240e-001	0	
16	4.893160e-001	5.027000e-001	0	
17	4.887800e-001	5.032360e-001	0	
18	4.881920e-001	5.038240e-001	0	
19	4.877040e-001	5.043120e-001	0	
20	4.872600e-001	5.047560e-001	0	
21	4.867240e-001	5.052920e-001	0	
22	4.862040e-001	5.058120e-001	0	
23	4.857760e-001	5.062400e-001	0	
24	4.852960e-001	5.067200e-001	0	
25	4.848120e-001	5.072040e-001	0	
26	4.843600e-001	5.076560e-001	0	
27	4.838600e-001	5.081520e-001	4.000000e-006	
28	4.833920e-001	5.086160e-001	8.000000e-006	
29	4.829280e-001	5.090640e-001	2.400000e-005	
30	4.824800e-001	5.095080e-001	2.800000e-005	
31	4.819040e-001	5.100920e-001	2.000000e-005	
32	4.814160e-001	5.105800e-001	2.000000e-005	
33	4.810160e-001	5.109680e-001	3.200000e-005	
34	4.805480e-001	5.114400e-001	2.800000e-005	
35	4.801440e-001	5.118240e-001	4.800000e-005	
36	4.797480e-001	5.122320e-001	3.600000e-005	
37	4.792760e-001	5.126960e-001	4.400000e-005	
38	4.788000e-001	5.131680e-001	4.800000e-005	
39	4.783840e-001	5.135760e-001	5.600000e-005	
40	4.779560e-001	5.139880e-001	7.200000e-005	
41	4.775480e-001	5.144080e-001	6.000000e-005	
42	4.771240e-001	5.148120e-001	8.000000e-005	
43	4.767320e-001	5.151800e-001	1.040000e-004	
44	4.763240e-001	5.155400e-001	1.520000e-004	
45	4.760360e-001	5.158280e-001	1.520000e-004	
46	4.756920e-001	5.161640e-001	1.600000e-004	
47	4.753960e-001	5.164480e-001	1.720000e-004	
48	4.751000e-001	5.167360e-001	1.800000e-004	
49	4.748600e-001	5.169200e-001	2.360000e-004	
50	4.746800e-001	5.170600e-001	2.760000e-004	
51	4.744240e-001	5.173440e-001	2.480000e-004	
52	4.741280e-001	5.176040e-001	2.840000e-004	
53	4.739040e-001	5.177760e-001	3.360000e-004	
54	4.737680e-001	5.178240e-001	4.240000e-004	
55	4.737240e-001	5.178760e-001	4.160000e-004	
56	4.737240e-001	5.178800e-001	4.120000e-004	
57	4.736680e-001	5.178760e-001	4.720000e-004	
58	4.736920e-001	5.178120e-001	5.120000e-004	
59	4.737920e-001	5.176400e-001	5.840000e-004	
60	4.739160e-001	5.174640e-001	6.360000e-004	
61	4.740280e-001	5.172200e-001	7.680000e-004	
62	4.742880e-001	5.169120e-001	8.160000e-004	
63	4.746040e-001	5.165920e-001	8.200000e-004	
64	4.749760e-001	5.162280e-001	8.120000e-004	
65	4.752880e-001	5.158120e-001	9.160000e-004	
66	4.757920e-001	5.152640e-001	9.600000e-004	
67	4.762560e-001	5.146560e-001	1.104000e-003	
68	4.768880e-001	5.139880e-001	1.140000e-003	
69	4.776000e-001	5.133840e-001	1.032000e-003	
70	4.781280e-001	5.127720e-001	1.116000e-003	
71	4.788160e-001	5.121040e-001	1.096000e-003	
72	4.794000e-001	5.115600e-001	1.056000e-003	
73	4.800040e-001	5.108880e-001	1.124000e-003	
74	4.806440e-001	5.101480e-001	1.224000e-003	
75	4.814480e-001	5.093880e-001	1.180000e-003	
76	4.821160e-001	5.085120e-001	1.388000e-003	
77	4.830480e-001	5.075600e-001	1.408000e-003	
78	4.839560e-001	5.066120e-001	1.448000e-003	
79	4.849760e-001	5.054880e-001	1.552000e-003	
80	4.860280e-001	5.042960e-001	1.692000e-003	
81	4.872040e-001	5.029600e-001	1.852000e-003	
82	4.885800e-001	5.015720e-001	1.864000e-003	
83	4.900080e-001	5.000440e-001	1.964000e-003	
84	4.914760e-001	4.985480e-001	1.992000e-003	
85	4.930320e-001	4.968920e-001	2.092000e-003	
86	4.946800e-001	4.952120e-001	2.124000e-003	
87	4.963240e-001	4.935040e-001	2.188000e-003	
88	4.979760e-001	4.917120e-001	2.328000e-003	
89	4.998280e-001	4.898320e-001	2.356000e-003	
90	5.016120e-001	4.880320e-001	2.372000e-003	
91	5.034720e-001	4.859200e-001	2.624000e-003	
92	5.056120e-001	4.837160e-001	2.688000e-003	
93	5.077640e-001	4.814480e-001	2.804000e-003	
94	5.100920e-001	4.791240e-001	2.800000e-003	
95	5.123360e-001	4.769840e-001	2.696000e-003	
96	5.144600e-001	4.747880e-001	2.768000e-003	
97	5.167320e-001	4.723760e-001	2.908000e-003	
98	5.190320e-001	4.700360e-001	2.948000e-003	
99	5.214840e-001	4.676440e-001	2.888000e-003	
100	5.238360e-001	4.650880e-001	3.092000e-003	
101	5.263480e-001	4.626440e-001	3.024000e-003	
102	5.288680e-001	4.600760e-001	3.072000e-003	
103	5.313640e-001	4.576440e-001	3.008000e-003	
104	5.338280e-001	4.550720e-001	3.116000e-003	
105	5.364160e-001	4.524600e-001	3.140000e-003	
106	5.390240e-001	4.497280e-001	3.264000e-003	
107	5.417040e-001	4.469520e-001	3.360000e-003	
108	5.445520e-001	4.440360e-001	3.428000e-003	
109	5.474800e-001	4.410440e-001	3.492000e-003	
110	5.504360e-001	4.380320e-001	3.548000e-003	
111	5.533920e-001	4.352120e-001	3.412000e-003	
112	5.561920e-001	4.324120e-001	3.412000e-003	
113	5.590800e-001	4.293160e-001	3.620000e-003	
114	5.622360e-001	4.262000e-001	3.580000e-003	
115	5.652560e-001	4.229240e-001	3.836000e-003	
116	5.685840e-001	4.195040e-001	3.928000e-003	
117	5.719520e-001	4.160960e-001	3.968000e-003	
118	5.753800e-001	4.127320e-001	3.904000e-003	
119	5.786800e-001	4.092520e-001	4.084000e-003	
120	5.822200e-001	4.053040e-001	4.492000e-003	
121	5.861160e-001	4.015960e-001	4.304000e-003	
122	5.898800e-001	3.979160e-001	4.220000e-003	
123	5.934640e-001	3.943320e-001	4.220000e-003	
124	5.971120e-001	3.905920e-001	4.312000e-003	
125	6.008800e-001	3.869040e-001	4.232000e-003	
126	6.044640e-001	3.832840e-001	4.268000e-003	
127	6.081960e-001	3.793000e-001	4.520000e-003	
128	6.121040e-001	3.756280e-001	4.284000e-003	
129	6.157840e-001	3.721080e-001	4.124000e-003	
130	6.192320e-001	3.685280e-001	4.256000e-003	
131	6.228720e-001	3.649200e-001	4.224000e-003	
132	6.265040e-001	3.611360e-001	4.376000e-003	
133	6.303080e-001	3.571880e-001	4.520000e-003	
134	6.341480e-001	3.533040e-001	4.564000e-003	
135	6.381000e-001	3.495040e-001	4.412000e-003	
136	6.418640e-001	3.455640e-001	4.588000e-003	
137	6.458360e-001	3.417600e-001	4.420000e-003	
138	6.497160e-001	3.377200e-001	4.580000e-003	
139	6.537200e-001	3.337000e-001	4.596000e-003	
140	6.576400e-001	3.298240e-001	4.552000e-003	
141	6.615760e-001	3.257240e-001	4.716000e-003	
142	6.655760e-001	3.218080e-001	4.632000e-003	
143	6.695200e-001	3.177480e-001	4.748000e-003	
144	6.736360e-001	3.135960e-001	4.784000e-003	
145	6.777040e-001	3.097080e-001	4.604000e-003	
146	6.816360e-001	3.058320e-001	4.548000e-003	
147	6.855840e-001	3.018920e-001	4.540000e-003	
148	6.894000e-001	2.984080e-001	4.208000e-003	
149	6.930320e-001	2.947560e-001	4.228000e-003	
150	6.965720e-001	2.911160e-001	4.328000e-003	
151	7.001480e-001	2.876080e-001	4.260000e-003	
152	7.037240e-001	2.840520e-001	4.240000e-003	
153	7.072360e-001	2.806920e-001	4.088000e-003	
154	7.105920e-001	2.774880e-001	3.936000e-003	
155	7.137160e-001	2.742920e-001	4.008000e-003	
156	7.168600e-001	2.711440e-001	4.012000e-003	
157	7.200520e-001	2.679040e-001	4.060000e-003	
158	7.234040e-001	2.646520e-001	3.960000e-003	
159	7.266440e-001	2.614000e-001	3.972000e-003	
160	7.298840e-001	2.581560e-001	3.976000e-003	
161	7.330880e-001	2.548360e-001	4.092000e-003	
162	7.364480e-001	2.516280e-001	3.940000e-003	
163	7.396280e-001	2.486520e-001	3.736000e-003	
164	7.426440e-001	2.457200e-001	3.652000e-003	
165	7.455280e-001	2.428720e-001	3.616000e-003	
166	7.484320e-001	2.399080e-001	3.676000e-003	
167	7.513320e-001	2.368360e-001	3.848000e-003	
168	7.545000e-001	2.338240e-001	3.692000e-003	
169	7.574040e-001	2.309720e-001	3.640000e-003	
170	7.602440e-001	2.281680e-001	3.604000e-003	
171	7.631160e-001	2.254200e-001	3.480000e-003	
172	7.657840e-001	2.228760e-001	3.356000e-003	
173	7.684240e-001	2.202040e-001	3.388000e-003	
174	7.710360e-001	2.174080e-001	3.572000e-003	
175	7.738680e-001	2.146920e-001	3.456000e-003	
176	7.765880e-001	2.121600e-001	3.268000e-003	
177	7.790360e-001	2.097120e-001	3.268000e-003	
178	7.814200e-001	2.075280e-001	3.068000e-003	
179	7.837400e-001	2.051240e-001	3.152000e-003	
180	7.860040e-001	2.030320e-001	2.980000e-003	
181	7.881280e-001	2.011320e-001	2.756000e-003	
182	7.901480e-001	1.990960e-001	2.772000e-003	
183	7.921800e-001	1.970280e-001	2.808000e-003	
184	7.943800e-001	1.946640e-001	2.972000e-003	
185	7.965320e-001	1.925440e-001	2.940000e-003	
186	7.986520e-001	1.904960e-001	2.868000e-003	
187	8.006440e-001	1.884960e-001	2.876000e-003	
188	8.026360e-001	1.865480e-001	2.832000e-003	
189	8.046480e-001	1.846920e-001	2.676000e-003	
190	8.065400e-001	1.828520e-001	2.624000e-003	
191	8.082880e-001	1.811680e-001	2.560000e-003	
192	8.099600e-001	1.795880e-001	2.468000e-003	
193	8.115920e-001	1.778920e-001	2.532000e-003	
194	8.132720e-001	1.762840e-001	2.460000e-003	
195	8.150160e-001	1.745760e-001	2.424000e-003	
196	8.166160e-001	1.729320e-001	2.468000e-003	
197	8.182960e-001	1.713640e-001	2.356000e-003	
198	8.198320e-001	1.698720e-001	2.312000e-003	
199	8.213120e-001	1.685080e-001	2.196000e-003	
200	8.225800e-001	1.673280e-001	2.108000e-003	
201	8.238320e-001	1.661200e-001	2.064000e-003	
202	8.250080e-001	1.648040e-001	2.204000e-003	
203	8.263640e-001	1.635520e-001	2.100000e-003	
204	8.277120e-001	1.622600e-001	2.044000e-003	
205	8.289640e-001	1.608040e-001	2.248000e-003	
206	8.303800e-001	1.593080e-001	2.328000e-003	
207	8.318240e-001	1.579320e-001	2.260000e-003	
208	8.332040e-001	1.565200e-001	2.292000e-003	
209	8.346280e-001	1.552240e-001	2.164000e-003	
210	8.360000e-001	1.538800e-001	2.136000e-003	
211	8.373200e-001	1.525800e-001	2.116000e-003	
212	8.386480e-001	1.512560e-001	2.112000e-003	
213	8.397760e-001	1.501000e-001	2.140000e-003	
214	8.411240e-001	1.490400e-001	1.852000e-003	
215	8.420280e-001	1.480040e-001	1.984000e-003	
216	8.432400e-001	1.468760e-001	1.900000e-003	
217	8.442960e-001	1.457600e-001	1.960000e-003	
218	8.454600e-001	1.446160e-001	1.940000e-003	
219	8.465760e-001	1.436080e-001	1.832000e-003	
220	8.475360e-001	1.426600e-001	1.820000e-003	
221	8.485480e-001	1.416520e-001	1.816000e-003	
222	8.495560e-001	1.406520e-001	1.808000e-003	
223	8.505280e-001	1.395680e-001	1.920000e-003	
224	8.515760e-001	1.385560e-001	1.884000e-003	
225	8.525920e-001	1.375600e-001	1.864000e-003	
226	8.535520e-001	1.365960e-001	1.868000e-003	
227	8.545400e-001	1.355760e-001	1.900000e-003	
228	8.555680e-001	1.345280e-001	1.920000e-003	
229	8.566120e-001	1.336040e-001	1.800000e-003	
230	8.575080e-001	1.327600e-001	1.748000e-003	
231	8.584040e-001	1.317400e-001	1.872000e-003	
232	8.593800e-001	1.308120e-001	1.824000e-003	
233	8.603120e-001	1.300120e-001	1.692000e-003	
234	8.611200e-001	1.292200e-001	1.676000e-003	
235	8.619280e-001	1.285640e-001	1.524000e-003	
236	8.625680e-001	1.278280e-001	1.620000e-003	
237	8.633120e-001	1.270480e-001	1.656000e-003	
238	8.641360e-001	1.261400e-001	1.740000e-003	
239	8.649800e-001	1.254840e-001	1.552000e-003	
240	8.656720e-001	1.248440e-001	1.500000e-003	
241	8.662760e-001	1.243600e-001	1.380000e-003	
242	8.668160e-001	1.239400e-001	1.260000e-003	
243	8.670960e-001	1.236640e-001	1.256000e-003	
244	8.674840e-001	1.233200e-001	1.212000e-003	
245	8.677520e-001	1.231240e-001	1.140000e-003	
246	8.680160e-001	1.229040e-001	1.096000e-003	
247	8.682800e-001	1.226600e-001	1.076000e-003	
248	8.684320e-001	1.224160e-001	1.168000e-003	
249	8.687000e-001	1.222640e-001	1.052000e-003	
250	8.689360e-001	1.220840e-001	9.960000e-004	
251	8.691160e-001	1.219920e-001	9.080000e-004	
252	8.690400e-001	1.220640e-001	9.120000e-004	
253	8.690360e-001	1.221240e-001	8.560000e-004	
254	8.690280e-001	1.222440e-001	7.440000e-004	
255	8.687480e-001	1.225440e-001	7.240000e-004	
256	8.685400e-001	1.227320e-001	7.440000e-004	
257	8.682800e-001	1.230600e-001	6.760000e-004	
258	8.680640e-001	1.233120e-001	6.400000e-004	
259	8.678760e-001	1.235560e-001	5.840000e-004	
260	8.675640e-001	1.239080e-001	5.440000e-004	
261	8.672560e-001	1.241800e-001	5.800000e-004	
262	8.669040e-001	1.245000e-001	6.120000e-004	
263	8.666240e-001	1.248560e-001	5.360000e-004	
264	8.662320e-001	1.252040e-001	5.800000e-004	
265	8.660520e-001	1.253720e-001	5.920000e-004	
266	8.658240e-001	1.257360e-001	4.560000e-004	
267	8.654040e-001	1.261560e-001	4.560000e-004	
268	8.649920e-001	1.266960e-001	3.280000e-004	
269	8.644080e-001	1.273240e-001	2.840000e-004	
270	8.638120e-001	1.279840e-001	2.200000e-004	
271	8.631240e-001	1.287560e-001	1.360000e-004	
272	8.623640e-001	1.295200e-001	1.320000e-004	
273	8.616440e-001	1.302280e-001	1.440000e-004	
274	8.609920e-001	1.309200e-001	1.040000e-004	
275	8.602680e-001	1.317120e-001	3.600000e-005	
276	8.594280e-001	1.325680e-001	2.000000e-005	
277	8.585800e-001	1.334320e-001	4.000000e-006	
278	8.576280e-001	1.343880e-001	0	
279	8.567480e-001	1.352680e-001	0	
280	8.559760e-001	1.360400e-001	0	
281	8.550520e-001	1.369640e-001	0	
282	8.542200e-001	1.377960e-001	0	
283	8.534320e-001	1.385840e-001	0	
284	8.525840e-001	1.394320e-001	0	
285	8.516120e-001	1.404040e-001	0	
286	8.507720e-001	1.412440e-001	0	
287	8.500040e-001	1.420120e-001	0	
288	8.492000e-001	1.428160e-001	0	
289	8.484240e-001	1.435920e-001	0	
290	8.475120e-001	1.445040e-001	0	
291	8.465880e-001	1.454280e-001	0	
292	8.457400e-001	1.462760e-001	0	
293	8.449280e-001	1.470880e-001	0	
294	8.440800e-001	1.479360e-001	0	
295	8.431760e-001	1.488400e-001	0	
296	8.424440e-001	1.495680e-001	4.000000e-006	
297	8.416520e-001	1.503560e-001	8.000000e-006	
298	8.407360e-001	1.512720e-001	8.000000e-006	
299	8.399120e-001	1.520960e-001	8.000000e-006	
300	8.391040e-001	1.529080e-001	4.000000e-006	
301	8.382960e-001	1.537200e-001	0	
302	8.376160e-001	1.544000e-001	0	
303	8.367920e-001	1.552240e-001	0	
304	8.359240e-001	1.560920e-001	0	
305	8.352080e-001	1.568080e-001	0	
306	8.343400e-001	1.576720e-001	4.000000e-006	
307	8.335800e-001	1.584280e-001	8.000000e-006	
308	8.326960e-001	1.593080e-001	1.200000e-005	
309	8.318560e-001	1.601560e-001	4.000000e-006	
310	8.310000e-001	1.610160e-001	0	
311	8.301040e-001	1.619120e-001	0	
312	8.292760e-001	1.627400e-001	0	
313	8.285040e-001	1.635120e-001	0	
314	8.277200e-001	1.642960e-001	0	
315	8.268920e-001	1.651240e-001	0	
316	8.260520e-001	1.659640e-001	0	
317	8.251440e-001	1.668720e-001	0	
318	8.244520e-001	1.675640e-001	0	
319	8.235360e-001	1.684800e-001	0	
320	8.227800e-001	1.692360e-001	0	
321	8.220480e-001	1.699680e-001	0	
322	8.212960e-001	1.707200e-001	0	
323	8.204200e-001	1.715960e-001	0	
324	8.195840e-001	1.724320e-001	0	
325	8.187800e-001	1.732360e-001	0	
326	8.179080e-001	1.741080e-001	0	
327	8.169840e-001	1.750320e-001	0	
328	8.161800e-001	1.758360e-001	0	
329	8.153480e-001	1.766680e-001	0	
330	8.145040e-001	1.775120e-001	0	
331	8.136720e-001	1.783440e-001	0	
332	8.128640e-001	1.791520e-001	0	
333	8.120520e-001	1.799640e-001	0	
334	8.112600e-001	1.807560e-001	0	
335	8.105080e-001	1.815080e-001	0	
336	8.097320e-001	1.822840e-001	0	
337	8.088880e-001	1.831280e-001	0	
338	8.080480e-001	1.839680e-001	0	
339	8.073320e-001	1.846840e-001	0	
340	8.065800e-001	1.854360e-001	0	
341	8.058160e-001	1.862000e-001	0	
342	8.050280e-001	1.869880e-001	0	
343	8.042480e-001	1.877680e-001	0	
344	8.034160e-001	1.886000e-001	0	
345	8.025920e-001	1.894240e-001	0	
346	8.017480e-001	1.902680e-001	0	
347	8.009840e-001	1.910320e-001	0	
348	8.002040e-001	1.918120e-001	0	
349	7.993920e-001	1.926240e-001	0	
350	7.986440e-001	1.933720e-001	0	
351	7.978480e-001	1.941680e-001	0	
352	7.969720e-001	1.950440e-001	0	
353	7.960960e-001	1.959200e-001	0	
354	7.952760e-001	1.967400e-001	0	
355	7.945040e-001	1.975120e-001	0	
356	7.936920e-001	1.983240e-001	0	
357	7.928760e-001	1.991400e-001	0	
358	7.920840e-001	1.999320e-001	0	
359	7.912360e-001	2.007800e-001	0	
360	7.903920e-001	2.016240e-001	0	
361	7.895880e-001	2.024280e-001	0	
362	7.887200e-001	2.032960e-001	0	
363	7.879320e-001	2.040840e-001	0	
364	7.870200e-001	2.049960e-001	0	
365	7.861600e-001	2.058560e-001	0	
366	7.853520e-001	2.066640e-001	0	
367	7.846200e-001	2.073960e-001	0	
368	7.838520e-001	2.081640e-001	0	
369	7.831200e-001	2.088960e-001	0	
370	7.822800e-001	2.097360e-001	0	
371	7.814920e-001	2.105240e-001	0	
372	7.808000e-001	2.112160e-001	0	
373	7.800160e-001	2.120000e-001	0	
374	7.793200e-001	2.126960e-001	0	
375	7.784720e-001	2.135440e-001	0	
376	7.776680e-001	2.143440e-001	4.000000e-006	
377	7.769160e-001	2.150960e-001	4.000000e-006	
378	7.761480e-001	2.158680e-001	0	
379	7.753600e-001	2.166560e-001	0	
380	7.746840e-001	2.173320e-001	0	
381	7.738840e-001	2.181320e-001	0	
382	7.732040e-001	2.188120e-001	0	
383	7.724760e-001	2.195400e-001	0	
384	7.716360e-001	2.203800e-001	0	
385	7.708920e-001	2.211240e-001	0	
386	7.701000e-001	2.219160e-001	0	
387	7.693440e-001	2.226720e-001	0	
388	7.685800e-001	2.234360e-001	0	
389	7.677520e-001	2.242640e-001	0	
390	7.670280e-001	2.249880e-001	0	
391	7.662760e-001	2.257400e-001	0	
392	7.654920e-001	2.265240e-001	0	
393	7.646320e-001	2.273840e-001	0	
394	7.638920e-001	2.281240e-001	0	
395	7.631720e-001	2.288440e-001	0	
396	7.623720e-001	2.296360e-001	8.000000e-006	
397	7.615520e-001	2.304440e-001	2.000000e-005	
398	7.608560e-001	2.311360e-001	2.400000e-005	
399	7.601040e-001	2.318960e-001	1.600000e-005	
400	7.594000e-001	2.325960e-001	2.000000e-005	
401	7.587240e-001	2.332760e-001	1.600000e-005	
402	7.579880e-001	2.340160e-001	1.200000e-005	
403	7.572280e-001	2.347840e-001	4.000000e-006	
404	7.565360e-001	2.354760e-001	4.000000e-006	
405	7.557920e-001	2.362160e-001	8.000000e-006	
406	7.549680e-001	2.370480e-001	0	
407	7.541360e-001	2.378800e-001	0	
408	7.534040e-001	2.386120e-001	0	
409	7.525800e-001	2.394320e-001	4.000000e-006	
410	7.518400e-001	2.401760e-001	0	
411	7.511080e-001	2.409080e-001	0	
412	7.502880e-001	2.417280e-001	0	
413	7.496440e-001	2.423720e-001	0	
414	7.488880e-001	2.431280e-001	0	
415	7.481240e-001	2.438920e-001	0	
416	7.473400e-001	2.446760e-001	0	
417	7.467240e-001	2.452920e-001	0	
418	7.459320e-001	2.460840e-001	0	
419	7.452600e-001	2.467560e-001	0	
420	7.445360e-001	2.474800e-001	0	
421	7.436680e-001	2.483480e-001	0	
422	7.429680e-001	2.490480e-001	0	
423	7.423600e-001	2.496560e-001	0	
424	7.415920e-001	2.504240e-001	0	
425	7.408040e-001	2.512120e-001	0	
426	7.399640e-001	2.520520e-001	0	
427	7.392560e-001	2.527600e-001	0	
428	7.384800e-001	2.535360e-001	0	
429	7.377400e-001	2.542760e-001	0	
430	7.370600e-001	2.549560e-001	0	
431	7.363200e-001	2.556960e-001	0	
432	7.355720e-001	2.564440e-001	0	
433	7.349160e-001	2.571000e-001	0	
434	7.341640e-001	2.578520e-001	0	
435	7.333840e-001	2.586320e-001	0	
436	7.326200e-001	2.593960e-001	0	
437	7.318480e-001	2.601680e-001	0	
438	7.311600e-001	2.608560e-001	0	
439	7.304480e-001	2.615680e-001	0	
440	7.297440e-001	2.622720e-001	0	
441	7.290040e-001	2.630120e-001	0	
442	7.282880e-001	2.637240e-001	4.000000e-006	
443	7.276040e-001	2.644040e-001	8.000000e-006	
444	7.268800e-001	2.651320e-001	4.000000e-006	
445	7.261680e-001	2.658480e-001	0	
446	7.254560e-001	2.665600e-001	0	
447	7.248040e-001	2.672120e-001	0	
448	7.240320e-001	2.679840e-001	0	
449	7.233800e-001	2.686360e-001	0	
450	7.226360e-001	2.693800e-001	0	
451	7.218600e-001	2.701560e-001	0	
452	7.211200e-001	2.708960e-001	0	
453	7.203120e-001	2.717040e-001	0	
454	7.196160e-001	2.724000e-001	0	
455	7.188480e-001	2.731680e-001	0	
456	7.181880e-001	2.738280e-001	0	
457	7.174680e-001	2.745480e-001	0	
458	7.167680e-001	2.752480e-001	0	
459	7.160840e-001	2.759320e-001	0	
460	7.153640e-001	2.766520e-001	0	
461	7.147160e-001	2.773000e-001	0	
462	7.139640e-001	2.780520e-001	0	
463	7.131440e-001	2.788720e-001	0	
464	7.123360e-001	2.796800e-001	0	
465	7.116200e-001	2.803960e-001	0	
466	7.109560e-001	2.810560e-001	4.000000e-006	
467	7.102760e-001	2.817320e-001	8.000000e-006	
468	7.094760e-001	2.825280e-001	1.200000e-005	
469	7.088080e-001	2.831960e-001	1.200000e-005	
470	7.080920e-001	2.839160e-001	8.000000e-006	
471	7.073920e-001	2.846240e-001	0	
472	7.066120e-001	2.854040e-001	0	
473	7.059920e-001	2.860240e-001	0	
474	7.052560e-001	2.867600e-001	0	
475	7.046080e-001	2.874080e-001	0	
476	7.039800e-001	2.880360e-001	0	
477	7.033640e-001	2.886520e-001	0	
478	7.027280e-001	2.892880e-001	0	
479	7.020480e-001	2.899680e-001	0	
480	7.013880e-001	2.906240e-001	4.000000e-006	
481	7.006560e-001	2.913440e-001	1.600000e-005	
482	6.999480e-001	2.920480e-001	2.000000e-005	
483	6.993080e-001	2.926960e-001	1.200000e-005	
484	6.987000e-001	2.933120e-001	4.000000e-006	
485	6.980440e-001	2.939680e-001	4.000000e-006	
486	6.973360e-001	2.946760e-001	4.000000e-006	
487	6.966640e-001	2.953480e-001	4.000000e-006	
488	6.960040e-001	2.960120e-001	0	
489	6.953120e-001	2.967040e-001	0	
490	6.946560e-001	2.973560e-001	4.000000e-006	
491	6.939680e-001	2.980440e-001	4.000000e-006	
492	6.933200e-001	2.986880e-001	8.000000e-006	
493	6.927240e-001	2.992760e-001	1.600000e-005	
494	6.920840e-001	2.999160e-001	1.600000e-005	
495	6.913960e-001	3.006040e-001	1.600000e-005	
496	6.907640e-001	3.012480e-001	4.000000e-006	
497	6.900720e-001	3.019440e-001	0	
498	6.892840e-001	3.027320e-001	0	
499	6.886120e-001	3.034040e-001	0	
500	6.879280e-001	3.040880e-001	0	
501	6.873600e-001	3.046560e-001	0	
502	6.866000e-001	3.054160e-001	0	
503	6.859240e-001	3.060880e-001	4.000000e-006	
504	6.853120e-001	3.066840e-001	2.000000e-005	
505	6.846840e-001	3.073160e-001	1.600000e-005	
506	6.839840e-001	3.080160e-001	1.600000e-005	
507	6.833000e-001	3.086960e-001	2.000000e-005	
508	6.827120e-001	3.092840e-001	2.000000e-005	
509	6.820560e-001	3.099480e-001	1.200000e-005	
510	6.813320e-001	3.106640e-001	2.000000e-005	
511	6.806320e-001	3.113520e-001	3.200000e-005	
512	6.799880e-001	3.120120e-001	1.600000e-005	
513	6.792720e-001	3.127360e-001	8.000000e-006	
514	6.785120e-001	3.134880e-001	1.600000e-005	
515	6.777840e-001	3.142320e-001	0	
516	6.771640e-001	3.148520e-001	0	
517	6.765800e-001	3.154360e-001	0	
518	6.759400e-001	3.160760e-001	0	
519	6.752200e-001	3.167960e-001	0	
520	6.745680e-001	3.174480e-001	0	
521	6.738920e-001	3.181240e-001	0	
522	6.732440e-001	3.187720e-001	0	
523	6.724840e-001	3.195280e-001	4.000000e-006	
524	6.717600e-001	3.202440e-001	1.200000e-005	
525	6.710560e-001	3.209600e-001	0	
526	6.704240e-001	3.215920e-001	0	
527	6.696600e-001	3.223560e-001	0	
528	6.689960e-001	3.230200e-001	0	
529	6.683800e-001	3.236360e-001	0	
530	6.676480e-001	3.243680e-001	0	
531	6.669240e-001	3.250920e-001	0	
532	6.662920e-001	3.257240e-001	0	
533	6.655600e-001	3.264560e-001	0	
534	6.648840e-001	3.271320e-001	0	
535	6.642560e-001	3.277600e-001	0	
536	6.635040e-001	3.285120e-001	0	
537	6.629000e-001	3.291160e-001	0	
538	6.623000e-001	3.297160e-001	0	
539	6.616000e-001	3.304160e-001	0	
540	6.609320e-001	3.310840e-001	0	
541	6.602240e-001	3.317920e-001	0	
542	6.594760e-001	3.325400e-001	0	
543	6.588680e-001	3.331480e-001	0	
544	6.582360e-001	3.337800e-001	0	
545	6.575920e-001	3.344240e-001	0	
546	6.568800e-001	3.351320e-001	4.000000e-006	
547	6.562400e-001	3.357760e-001	0	
548	6.555040e-001	3.365120e-001	0	
549	6.549000e-001	3.371160e-001	0	
550	6.542400e-001	3.377760e-001	0	
551	6.536480e-001	3.383680e-001	0	
552	6.531000e-001	3.389120e-001	4.000000e-006	
553	6.524880e-001	3.395200e-001	8.000000e-006	
554	6.518880e-001	3.401200e-001	8.000000e-006	
555	6.512200e-001	3.407880e-001	8.000000e-006	
556	6.505520e-001	3.414560e-001	8.000000e-006	
557	6.500080e-001	3.420040e-001	4.000000e-006	
558	6.493120e-001	3.427000e-001	4.000000e-006	
559	6.486520e-001	3.433520e-001	1.200000e-005	
560	6.480240e-001	3.439800e-001	1.200000e-005	
561	6.473400e-001	3.446640e-001	1.200000e-005	
562	6.467480e-001	3.452560e-001	1.200000e-005	
563	6.460560e-001	3.459400e-001	2.000000e-005	
564	6.453520e-001	3.466320e-001	3.200000e-005	
565	6.448200e-001	3.471600e-001	3.600000e-005	
566	6.442320e-001	3.477600e-001	2.400000e-005	
567	6.435560e-001	3.484480e-001	1.200000e-005	
568	6.429640e-001	3.490440e-001	8.000000e-006	
569	6.423760e-001	3.496280e-001	1.200000e-005	
570	6.417240e-001	3.502640e-001	2.800000e-005	
571	6.411320e-001	3.508280e-001	5.600000e-005	
572	6.405200e-001	3.514760e-001	2.000000e-005	
573	6.399240e-001	3.520600e-001	3.200000e-005	
574	6.392680e-001	3.527120e-001	3.600000e-005	
575	6.386760e-001	3.533120e-001	2.800000e-005	
576	6.381120e-001	3.538880e-001	1.600000e-005	
577	6.374800e-001	3.545320e-001	4.000000e-006	
578	6.368120e-001	3.552040e-001	0	
579	6.361080e-001	3.559080e-001	0	
580	6.354240e-001	3.565920e-001	0	
581	6.347800e-001	3.572360e-001	0	
582	6.342320e-001	3.577840e-001	0	
583	6.336840e-001	3.583320e-001	0	
584	6.330600e-001	3.589560e-001	0	
585	6.324160e-001	3.596000e-001	0	
586	6.317720e-001	3.602440e-001	0	
587	6.310880e-001	3.609280e-001	0	
588	6.303720e-001	3.616400e-001	4.000000e-006	
589	6.297120e-001	3.622920e-001	1.200000e-005	
590	6.290920e-001	3.629080e-001	1.600000e-005	
591	6.284360e-001	3.635480e-001	3.200000e-005	
592	6.278960e-001	3.640920e-001	2.800000e-005	
593	6.272640e-001	3.647200e-001	3.200000e-005	
594	6.266400e-001	3.653480e-001	2.800000e-005	
595	6.261000e-001	3.658880e-001	2.800000e-005	
596	6.254840e-001	3.664920e-001	4.000000e-005	
597	6.248680e-001	3.671000e-001	4.800000e-005	
598	6.243160e-001	3.676600e-001	4.000000e-005	
599	6.237320e-001	3.682560e-001	2.800000e-005	
600	6.231400e-001	3.688480e-001	2.800000e-005	
601	6.225720e-001	3.694160e-001	2.800000e-005	
602	6.218880e-001	3.701040e-001	2.400000e-005	
603	6.213480e-001	3.706480e-001	2.000000e-005	
604	6.207640e-001	3.712360e-001	1.600000e-005	
605	6.201440e-001	3.718560e-001	1.600000e-005	
606	6.195280e-001	3.724840e-001	4.000000e-006	
607	6.188800e-001	3.731320e-001	4.000000e-006	
608	6.183320e-001	3.736760e-001	8.000000e-006	
609	6.177320e-001	3.742640e-001	2.000000e-005	
610	6.171040e-001	3.748760e-001	3.600000e-005	
611	6.165840e-001	3.754080e-001	2.400000e-005	
612	6.160680e-001	3.759320e-001	1.600000e-005	
613	6.154720e-001	3.765240e-001	2.000000e-005	
614	6.148480e-001	3.771440e-001	2.400000e-005	
615	6.142560e-001	3.777320e-001	2.800000e-005	
616	6.136200e-001	3.783760e-001	2.000000e-005	
617	6.128560e-001	3.791440e-001	1.600000e-005	
618	6.121800e-001	3.798240e-001	1.200000e-005	
619	6.115760e-001	3.804320e-001	8.000000e-006	
620	6.109800e-001	3.810320e-001	4.000000e-006	
621	6.104240e-001	3.815840e-001	8.000000e-006	
622	6.098000e-001	3.822120e-001	4.000000e-006	
623	6.091920e-001	3.828240e-001	0	
624	6.086560e-001	3.833600e-001	0	
625	6.079800e-001	3.840360e-001	0	
626	6.072680e-001	3.847480e-001	0	
627	6.066240e-001	3.853920e-001	0	
628	6.060520e-001	3.859640e-001	0	
629	6.054560e-001	3.865560e-001	4.000000e-006	
630	6.048400e-001	3.871640e-001	1.200000e-005	
631	6.042600e-001	3.877320e-001	2.400000e-005	
632	6.036320e-001	3.883480e-001	3.600000e-005	
633	6.031040e-001	3.888720e-001	4.000000e-005	
634	6.025240e-001	3.894320e-001	6.000000e-005	
635	6.020240e-001	3.899120e-001	8.000000e-005	
636	6.013800e-001	3.905600e-001	7.600000e-005	
637	6.007920e-001	3.911440e-001	8.000000e-005	
638	6.002680e-001	3.916520e-001	9.600000e-005	
639	5.997880e-001	3.921320e-001	9.600000e-005	
640	5.992960e-001	3.926560e-001	6.400000e-005	
641	5.987840e-001	3.931640e-001	6.800000e-005	
642	5.982560e-001	3.936840e-001	7.600000e-005	
643	5.976800e-001	3.942720e-001	6.400000e-005	
644	5.971840e-001	3.947400e-001	9.200000e-005	
645	5.966120e-001	3.952720e-001	1.320000e-004	
646	5.961880e-001	3.956600e-001	1.680000e-004	
647	5.957000e-001	3.961480e-001	1.680000e-004	
648	5.952800e-001	3.965600e-001	1.760000e-004	
649	5.949240e-001	3.969400e-001	1.520000e-004	
650	5.945240e-001	3.973720e-001	1.200000e-004	
651	5.940520e-001	3.977920e-001	1.720000e-004	
652	5.936360e-001	3.982400e-001	1.400000e-004	
653	5.931520e-001	3.986880e-001	1.760000e-004	
654	5.927400e-001	3.990960e-001	1.800000e-004	
655	5.923120e-001	3.995200e-001	1.840000e-004	
656	5.918880e-001	3.999440e-001	1.840000e-004	
657	5.914520e-001	4.004040e-001	1.600000e-004	
658	5.910480e-001	4.008080e-001	1.600000e-004	
659	5.906080e-001	4.012680e-001	1.400000e-004	
660	5.902560e-001	4.016160e-001	1.440000e-004	
661	5.898360e-001	4.020600e-001	1.200000e-004	
662	5.893360e-001	4.025440e-001	1.360000e-004	
663	5.888560e-001	4.030120e-001	1.480000e-004	
664	5.883240e-001	4.035800e-001	1.120000e-004	
665	5.878200e-001	4.040920e-001	1.040000e-004	
666	5.873680e-001	4.045560e-001	9.200000e-005	
667	5.869400e-001	4.050080e-001	6.800000e-005	
668	5.863880e-001	4.055520e-001	7.600000e-005	
669	5.858480e-001	4.060760e-001	9.200000e-005	
670	5.853320e-001	4.065800e-001	1.040000e-004	
671	5.848640e-001	4.070560e-001	9.600000e-005	
672	5.844160e-001	4.075240e-001	7.600000e-005	
673	5.839400e-001	4.079920e-001	8.400000e-005	
674	5.834560e-001	4.084880e-001	7.200000e-005	
675	5.829920e-001	4.089480e-001	7.600000e-005	
676	5.825040e-001	4.094200e-001	9.200000e-005	
677	5.820520e-001	4.098680e-001	9.600000e-005	
678	5.815040e-001	4.104000e-001	1.120000e-004	
679	5.809840e-001	4.109600e-001	7.200000e-005	
680	5.805520e-001	4.113800e-001	8.400000e-005	
681	5.800480e-001	4.118520e-001	1.160000e-004	
682	5.795480e-001	4.123440e-001	1.240000e-004	
683	5.792480e-001	4.126400e-001	1.280000e-004	
684	5.788040e-001	4.130960e-001	1.160000e-004	
685	5.783400e-001	4.135480e-001	1.280000e-004	
686	5.779280e-001	4.139440e-001	1.440000e-004	
687	5.774960e-001	4.143640e-001	1.560000e-004	
688	5.770640e-001	4.147960e-001	1.560000e-004	
689	5.766120e-001	4.152680e-001	1.360000e-004	
690	5.761800e-001	4.157200e-001	1.160000e-004	
691	5.757720e-001	4.161280e-001	1.160000e-004	
692	5.752800e-001	4.166160e-001	1.200000e-004	
693	5.748480e-001	4.170440e-001	1.240000e-004	
694	5.744680e-001	4.174360e-001	1.120000e-004	
695	5.740040e-001	4.178640e-001	1.480000e-004	
696	5.735800e-001	4.182960e-001	1.400000e-004	
697	5.731880e-001	4.186880e-001	1.400000e-004	
698	5.727520e-001	4.191040e-001	1.600000e-004	
699	5.723640e-001	4.194920e-001	1.600000e-004	
700	5.720080e-001	4.198600e-001	1.480000e-004	
701	5.715160e-001	4.203560e-001	1.440000e-004	
702	5.710840e-001	4.208160e-001	1.160000e-004	
703	5.706160e-001	4.213120e-001	8.800000e-005	
704	5.701440e-001	4.217760e-001	9.600000e-005	
705	5.697280e-001	4.221640e-001	1.240000e-004	
706	5.692600e-001	4.226120e-001	1.440000e-004	
707	5.688720e-001	4.230040e-001	1.400000e-004	
708	5.684640e-001	4.234240e-001	1.280000e-004	
709	5.680760e-001	4.237800e-001	1.600000e-004	
710	5.677280e-001	4.241160e-001	1.720000e-004	
711	5.674720e-001	4.244000e-001	1.440000e-004	
712	5.670080e-001	4.249000e-001	1.080000e-004	
713	5.665240e-001	4.254080e-001	8.400000e-005	
714	5.660760e-001	4.258480e-001	9.200000e-005	
715	5.655880e-001	4.263320e-001	9.600000e-005	
716	5.651280e-001	4.268040e-001	8.400000e-005	
717	5.646880e-001	4.272440e-001	8.400000e-005	
718	5.641640e-001	4.277680e-001	8.400000e-005	
719	5.636920e-001	4.282240e-001	1.000000e-004	
720	5.631600e-001	4.287600e-001	9.600000e-005	
721	5.626560e-001	4.292440e-001	1.160000e-004	
722	5.621320e-001	4.297520e-001	1.320000e-004	
723	5.616800e-001	4.302240e-001	1.120000e-004	
724	5.612480e-001	4.306880e-001	8.000000e-005	
725	5.607320e-001	4.311920e-001	9.200000e-005	
726	5.602920e-001	4.316240e-001	1.000000e-004	
727	5.598000e-001	4.321280e-001	8.800000e-005	
728	5.593520e-001	4.325520e-001	1.120000e-004	
729	5.589760e-001	4.329240e-001	1.160000e-004	
730	5.585960e-001	4.332760e-001	1.440000e-004	
731	5.582440e-001	4.336320e-001	1.400000e-004	
732	5.578440e-001	4.340600e-001	1.120000e-004	
733	5.574280e-001	4.344520e-001	1.360000e-004	
734	5.570400e-001	4.348360e-001	1.400000e-004	
735	5.566160e-001	4.352320e-001	1.680000e-004	
736	5.563000e-001	4.355680e-001	1.480000e-004	
737	5.558760e-001	4.360040e-001	1.360000e-004	
738	5.555000e-001	4.363960e-001	1.200000e-004	
739	5.550480e-001	4.368200e-001	1.480000e-004	
740	5.546400e-001	4.372480e-001	1.280000e-004	
741	5.541480e-001	4.377320e-001	1.360000e-004	
742	5.536680e-001	4.382200e-001	1.280000e-004	
743	5.532080e-001	4.386800e-001	1.280000e-004	
744	5.528920e-001	4.389800e-001	1.440000e-004	
745	5.524840e-001	4.393840e-001	1.480000e-004	
746	5.520800e-001	4.397720e-001	1.640000e-004	
747	5.517480e-001	4.401360e-001	1.320000e-004	
748	5.513200e-001	4.405520e-001	1.440000e-004	
749	5.509600e-001	4.408840e-001	1.720000e-004	
750	5.506480e-001	4.412040e-001	1.640000e-004	
751	5.502960e-001	4.415560e-001	1.640000e-004	
752	5.498280e-001	4.420200e-001	1.680000e-004	
753	5.494240e-001	4.424520e-001	1.400000e-004	
754	5.490040e-001	4.428560e-001	1.560000e-004	
755	5.486200e-001	4.432440e-001	1.520000e-004	
756	5.481960e-001	4.436480e-001	1.720000e-004	
757	5.478080e-001	4.440000e-001	2.080000e-004	
758	5.474680e-001	4.443360e-001	2.120000e-004	
759	5.471680e-001	4.446200e-001	2.280000e-004	
760	5.468320e-001	4.449240e-001	2.600000e-004	
761	5.466120e-001	4.451720e-001	2.320000e-004	
762	5.462520e-001	4.454320e-001	3.320000e-004	
763	5.460120e-001	4.456520e-001	3.520000e-004	
764	5.458320e-001	4.458160e-001	3.680000e-004	
765	5.457080e-001	4.459560e-001	3.520000e-004	
766	5.455200e-001	4.461960e-001	3.000000e-004	
767	5.452600e-001	4.464120e-001	3.440000e-004	
768	5.450800e-001	4.465280e-001	4.080000e-004	
769	5.449080e-001	4.467120e-001	3.960000e-004	
770	5.448160e-001	4.468320e-001	3.680000e-004	
771	5.446840e-001	4.469800e-001	3.520000e-004	
772	5.444800e-001	4.472120e-001	3.240000e-004	
773	5.442600e-001	4.474680e-001	2.880000e-004	
774	5.440120e-001	4.476240e-001	3.800000e-004	
775	5.437400e-001	4.478720e-001	4.040000e-004	
776	5.436560e-001	4.478840e-001	4.760000e-004	
777	5.436000e-001	4.479400e-001	4.760000e-004	
778	5.435240e-001	4.480120e-001	4.800000e-004	
779	5.434720e-001	4.480560e-001	4.880000e-004	
780	5.434160e-001	4.480640e-001	5.360000e-004	
781	5.434360e-001	4.480560e-001	5.240000e-004	
782	5.434000e-001	4.480800e-001	5.360000e-004	
783	5.434040e-001	4.480560e-001	5.560000e-004	
784	5.434160e-001	4.480640e-001	5.360000e-004	
785	5.433760e-001	4.481680e-001	4.720000e-004	
786	5.433080e-001	4.481880e-001	5.200000e-004	
787	5.432680e-001	4.481960e-001	5.520000e-004	
788	5.432440e-001	4.481480e-001	6.240000e-004	
789	5.433120e-001	4.480160e-001	6.880000e-004	
790	5.434240e-001	4.478480e-001	7.440000e-004	
791	5.435440e-001	4.477320e-001	7.400000e-004	
792	5.436960e-001	4.475800e-001	7.400000e-004	
793	5.439080e-001	4.474120e-001	6.960000e-004	
794	5.440120e-001	4.472480e-001	7.560000e-004	
795	5.442200e-001	4.470800e-001	7.160000e-004	
796	5.444000e-001	4.469040e-001	7.120000e-004	
797	5.445320e-001	4.467520e-001	7.320000e-004	
798	5.446800e-001	4.465040e-001	8.320000e-004	
799	5.448960e-001	4.462200e-001	9.000000e-004	
800	5.452320e-001	4.458160e-001	9.680000e-004	
801	5.455880e-001	4.454840e-001	9.440000e-004	
802	5.459680e-001	4.451400e-001	9.080000e-004	
803	5.463920e-001	4.447120e-001	9.120000e-004	
804	5.468000e-001	4.443440e-001	8.720000e-004	
805	5.471520e-001	4.440000e-001	8.640000e-004	
806	5.474200e-001	4.437200e-001	8.760000e-004	
807	5.477360e-001	4.433920e-001	8.880000e-004	
808	5.481000e-001	4.430480e-001	8.680000e-004	
809	5.484400e-001	4.428080e-001	7.680000e-004	
810	5.486400e-001	4.426520e-001	7.240000e-004	
811	5.488320e-001	4.423600e-001	8.240000e-004	
812	5.491280e-001	4.420960e-001	7.920000e-004	
813	5.493800e-001	4.418040e-001	8.320000e-004	
814	5.496600e-001	4.414920e-001	8.640000e-004	
815	5.499280e-001	4.411160e-001	9.720000e-004	
816	5.503640e-001	4.405880e-001	1.064000e-003	
817	5.508800e-001	4.401200e-001	1.016000e-003	
818	5.513160e-001	4.396440e-001	1.056000e-003	
819	5.517880e-001	4.391280e-001	1.100000e-003	
820	5.523880e-001	4.385160e-001	1.112000e-003	
821	5.529800e-001	4.379400e-001	1.096000e-003	
822	5.535400e-001	4.374560e-001	1.020000e-003	
823	5.539240e-001	4.370560e-001	1.036000e-003	
824	5.544000e-001	4.365680e-001	1.048000e-003	
825	5.549200e-001	4.360240e-001	1.072000e-003	
826	5.554520e-001	4.355600e-001	1.004000e-003	
827	5.558800e-001	4.351200e-001	1.016000e-003	
828	5.563600e-001	4.344440e-001	1.212000e-003	
829	5.568680e-001	4.337840e-001	1.364000e-003	
830	5.577080e-001	4.330360e-001	1.272000e-003	
831	5.583960e-001	4.323400e-001	1.280000e-003	
832	5.591240e-001	4.314920e-001	1.400000e-003	
833	5.599960e-001	4.306040e-001	1.416000e-003	
834	5.608040e-001	4.297480e-001	1.464000e-003	
835	5.616880e-001	4.288200e-001	1.508000e-003	
836	5.626600e-001	4.276720e-001	1.684000e-003	
837	5.637320e-001	4.265120e-001	1.772000e-003	
838	5.649720e-001	4.253560e-001	1.688000e-003	
839	5.661040e-001	4.241400e-001	1.772000e-003	
840	5.672960e-001	4.228440e-001	1.876000e-003	
841	5.686360e-001	4.215560e-001	1.824000e-003	
842	5.698840e-001	4.202960e-001	1.836000e-003	
843	5.711120e-001	4.189440e-001	1.960000e-003	
844	5.725080e-001	4.175120e-001	1.996000e-003	
845	5.739240e-001	4.160160e-001	2.076000e-003	
846	5.754760e-001	4.144840e-001	2.056000e-003	
847	5.769680e-001	4.128920e-001	2.156000e-003	
848	5.784760e-001	4.114320e-001	2.108000e-003	
849	5.800560e-001	4.097360e-001	2.224000e-003	
850	5.816960e-001	4.081880e-001	2.132000e-003	
851	5.832440e-001	4.065440e-001	2.228000e-003	
852	5.849800e-001	4.046720e-001	2.364000e-003	
853	5.867160e-001	4.029920e-001	2.308000e-003	
854	5.884360e-001	4.011040e-001	2.476000e-003	
855	5.903040e-001	3.990600e-001	2.652000e-003	
856	5.923480e-001	3.970600e-001	2.608000e-003	
857	5.943640e-001	3.951200e-001	2.532000e-003	
858	5.962880e-001	3.930520e-001	2.676000e-003	
859	5.984000e-001	3.909840e-001	2.632000e-003	
860	6.003520e-001	3.891400e-001	2.524000e-003	
861	6.023720e-001	3.870040e-001	2.640000e-003	
862	6.044560e-001	3.848880e-001	2.672000e-003	
863	6.064760e-001	3.829880e-001	2.552000e-003	
864	6.083720e-001	3.811840e-001	2.460000e-003	
865	6.102040e-001	3.793920e-001	2.420000e-003	
866	6.120760e-001	3.776080e-001	2.332000e-003	
867	6.137840e-001	3.758960e-001	2.336000e-003	
868	6.154760e-001	3.742080e-001	2.332000e-003	
869	6.171480e-001	3.722000e-001	2.668000e-003	
870	6.191680e-001	3.701560e-001	2.692000e-003	
871	6.212320e-001	3.680720e-001	2.712000e-003	
872	6.233160e-001	3.658480e-001	2.852000e-003	
873	6.256240e-001	3.633960e-001	2.996000e-003	
874	6.280400e-001	3.609280e-001	3.048000e-003	
875	6.304320e-001	3.584240e-001	3.160000e-003	
876	6.329360e-001	3.558760e-001	3.204000e-003	
877	6.354880e-001	3.532080e-001	3.320000e-003	
878	6.382040e-001	3.504080e-001	3.404000e-003	
879	6.409280e-001	3.476040e-001	3.484000e-003	
880	6.437680e-001	3.447520e-001	3.496000e-003	
881	6.465720e-001	3.417920e-001	3.652000e-003	
882	6.496000e-001	3.388640e-001	3.552000e-003	
883	6.525320e-001	3.359320e-001	3.552000e-003	
884	6.554280e-001	3.329560e-001	3.632000e-003	
885	6.583960e-001	3.300440e-001	3.576000e-003	
886	6.613640e-001	3.273040e-001	3.348000e-003	
887	6.640360e-001	3.248120e-001	3.168000e-003	
888	6.664720e-001	3.225000e-001	3.044000e-003	
889	6.688160e-001	3.199360e-001	3.264000e-003	
890	6.714720e-001	3.170440e-001	3.500000e-003	
891	6.743680e-001	3.141160e-001	3.532000e-003	
892	6.773040e-001	3.114000e-001	3.312000e-003	
893	6.799000e-001	3.086400e-001	3.476000e-003	
894	6.827800e-001	3.058960e-001	3.340000e-003	
895	6.854680e-001	3.032680e-001	3.280000e-003	
896	6.880160e-001	3.008040e-001	3.196000e-003	
897	6.904760e-001	2.984960e-001	3.044000e-003	
898	6.927920e-001	2.962120e-001	3.012000e-003	
899	6.950920e-001	2.940680e-001	2.856000e-003	
900	6.972160e-001	2.916720e-001	3.128000e-003	
901	6.995560e-001	2.894440e-001	3.016000e-003	
902	7.018960e-001	2.870800e-001	3.040000e-003	
903	7.042640e-001	2.850520e-001	2.700000e-003	
904	7.062600e-001	2.830680e-001	2.688000e-003	
905	7.081560e-001	2.810720e-001	2.788000e-003	
906	7.102160e-001	2.789440e-001	2.856000e-003	
907	7.123480e-001	2.769400e-001	2.728000e-003	
908	7.143560e-001	2.748840e-001	2.776000e-003	
909	7.164680e-001	2.726480e-001	2.900000e-003	
910	7.186680e-001	2.704480e-001	2.900000e-003	
911	7.208320e-001	2.682440e-001	2.940000e-003	
912	7.231480e-001	2.658880e-001	2.980000e-003	
913	7.255040e-001	2.637520e-001	2.760000e-003	
914	7.275760e-001	2.618440e-001	2.596000e-003	
915	7.294520e-001	2.599120e-001	2.652000e-003	
916	7.314160e-001	2.580360e-001	2.564000e-003	
917	7.331960e-001	2.563560e-001	2.464000e-003	
918	7.350000e-001	2.544520e-001	2.564000e-003	
919	7.368640e-001	2.525240e-001	2.628000e-003	
920	7.388040e-001	2.506000e-001	2.612000e-003	
921	7.405920e-001	2.486040e-001	2.820000e-003	
922	7.427040e-001	2.463920e-001	2.920000e-003	
923	7.449160e-001	2.440240e-001	3.076000e-003	
924	7.473000e-001	2.416840e-001	3.032000e-003	
925	7.496160e-001	2.394440e-001	2.956000e-003	
926	7.518520e-001	2.373560e-001	2.808000e-003	
927	7.538360e-001	2.354560e-001	2.724000e-003	
928	7.558440e-001	2.334640e-001	2.708000e-003	
929	7.577360e-001	2.317480e-001	2.532000e-003	
930	7.595520e-001	2.297680e-001	2.696000e-003	
931	7.614760e-001	2.278440e-001	2.696000e-003	
932	7.634480e-001	2.260040e-001	2.564000e-003	
933	7.651920e-001	2.241560e-001	2.668000e-003	
934	7.671560e-001	2.222120e-001	2.648000e-003	
935	7.690360e-001	2.203720e-001	2.608000e-003	
936	7.708960e-001	2.186560e-001	2.464000e-003	
937	7.725360e-001	2.169160e-001	2.564000e-003	
938	7.742840e-001	2.150000e-001	2.732000e-003	
939	7.761720e-001	2.132960e-001	2.548000e-003	
940	7.779560e-001	2.115000e-001	2.560000e-003	
941	7.796440e-001	2.098200e-001	2.552000e-003	
942	7.814400e-001	2.081000e-001	2.476000e-003	
943	7.831680e-001	2.063760e-001	2.472000e-003	
944	7.849240e-001	2.044520e-001	2.640000e-003	
945	7.867360e-001	2.028080e-001	2.472000e-003	
946	7.883680e-001	2.013560e-001	2.292000e-003	
947	7.898480e-001	1.997920e-001	2.376000e-003	
948	7.913440e-001	1.982480e-001	2.424000e-003	
949	7.929080e-001	1.968960e-001	2.212000e-003	
950	7.943400e-001	1.954520e-001	2.224000e-003	
951	7.958120e-001	1.941560e-001	2.048000e-003	
952	7.970680e-001	1.929240e-001	2.024000e-003	
953	7.982960e-001	1.917920e-001	1.928000e-003	
954	7.994560e-001	1.905800e-001	1.980000e-003	
955	8.005880e-001	1.893960e-001	2.032000e-003	
956	8.017560e-001	1.881720e-001	2.088000e-003	
957	8.030800e-001	1.867280e-001	2.208000e-003	
958	8.045000e-001	1.853480e-001	2.168000e-003	
959	8.058280e-001	1.841080e-001	2.080000e-003	
960	8.071800e-001	1.828040e-001	2.032000e-003	
961	8.084320e-001	1.817560e-001	1.828000e-003	
962	8.095280e-001	1.806880e-001	1.800000e-003	
963	8.105160e-001	1.797520e-001	1.748000e-003	
964	8.114160e-001	1.788240e-001	1.776000e-003	
965	8.124080e-001	1.777840e-001	1.824000e-003	
966	8.133640e-001	1.768560e-001	1.796000e-003	
967	8.143440e-001	1.758960e-001	1.776000e-003	
968	8.152520e-001	1.750000e-001	1.764000e-003	
969	8.163600e-001	1.740440e-001	1.612000e-003	
970	8.172040e-001	1.732480e-001	1.564000e-003	
971	8.179640e-001	1.724680e-001	1.584000e-003	
972	8.186120e-001	1.718800e-001	1.524000e-003	
973	8.192760e-001	1.712560e-001	1.484000e-003	
974	8.198840e-001	1.705800e-001	1.552000e-003	
975	8.206720e-001	1.698000e-001	1.544000e-003	
976	8.213120e-001	1.691920e-001	1.512000e-003	
977	8.220440e-001	1.684800e-001	1.492000e-003	
978	8.225680e-001	1.679520e-001	1.496000e-003	
979	8.232640e-001	1.672240e-001	1.528000e-003	
980	8.240240e-001	1.665560e-001	1.436000e-003	
981	8.246440e-001	1.660520e-001	1.320000e-003	
982	8.251080e-001	1.656120e-001	1.296000e-003	
983	8.255800e-001	1.651080e-001	1.328000e-003	
984	8.260680e-001	1.645040e-001	1.444000e-003	
985	8.267800e-001	1.636680e-001	1.568000e-003	
986	8.275200e-001	1.630040e-001	1.492000e-003	
987	8.281320e-001	1.623320e-001	1.552000e-003	
988	8.288640e-001	1.617080e-001	1.444000e-003	
989	8.295520e-001	1.609600e-001	1.504000e-003	
990	8.302160e-001	1.602920e-001	1.508000e-003	
991	8.309960e-001	1.596200e-001	1.400000e-003	
992	8.315240e-001	1.591600e-001	1.332000e-003	
993	8.320280e-001	1.585360e-001	1.452000e-003	
994	8.326560e-001	1.578760e-001	1.484000e-003	
995	8.333560e-001	1.572520e-001	1.408000e-003	
996	8.339400e-001	1.567360e-001	1.340000e-003	
997	8.344200e-001	1.562160e-001	1.380000e-003	
998	8.350000e-001	1.555600e-001	1.456000e-003	
999	8.356000e-001	1.550000e-001	1.416000e-003	
1000	8.362080e-001	1.544560e-001	1.352000e-003	
1001	8.367480e-001	1.538040e-001	1.464000e-003	
1002	8.373240e-001	1.532960e-001	1.396000e-003	
1003	8.378000e-001	1.527560e-001	1.460000e-003	
1004	8.383360e-001	1.522680e-001	1.412000e-003	
1005	8.389800e-001	1.517160e-001	1.320000e-003	
1006	8.394480e-001	1.513560e-001	1.212000e-003	
1007	8.397880e-001	1.510400e-001	1.188000e-003	
1008	8.402280e-001	1.505960e-001	1.192000e-003	
1009	8.405760e-001	1.502760e-001	1.164000e-003	
1010	8.408360e-001	1.500360e-001	1.144000e-003	
1011	8.410800e-001	1.497680e-001	1.168000e-003	
1012	8.413720e-001	1.495920e-001	1.052000e-003	
1013	8.416560e-001	1.493640e-001	9.960000e-004	
1014	8.418160e-001	1.492760e-001	9.240000e-004	
1015	8.418680e-001	1.492200e-001	9.280000e-004	
1016	8.419920e-001	1.491600e-001	8.640000e-004	
1017	8.419840e-001	1.492680e-001	7.640000e-004	
1018	8.419320e-001	1.493760e-001	7.080000e-004	
1019	8.417920e-001	1.496120e-001	6.120000e-004	
1020	8.416120e-001	1.498240e-001	5.800000e-004	
1021	8.413080e-001	1.502960e-001	4.120000e-004	
1022	8.409960e-001	1.506600e-001	3.600000e-004	
1023	8.404880e-001	1.512400e-001	2.880000e-004	
1024	8.399720e-001	1.518240e-001	2.200000e-004	
1025	8.393000e-001	1.525080e-001	2.080000e-004	
1026	8.387160e-001	1.531200e-001	1.800000e-004	
1027	8.380320e-001	1.538640e-001	1.200000e-004	
1028	8.372280e-001	1.547280e-001	6.000000e-005	
1029	8.363960e-001	1.555680e-001	5.200000e-005	
1030	8.355200e-001	1.564640e-001	3.200000e-005	
1031	8.347480e-001	1.572280e-001	4.000000e-005	
1032	8.340080e-001	1.579840e-001	2.400000e-005	
1033	8.332600e-001	1.587280e-001	2.800000e-005	
1034	8.324240e-001	1.595600e-001	3.200000e-005	
1035	8.315080e-001	1.604720e-001	3.600000e-005	
1036	8.306800e-001	1.613160e-001	2.000000e-005	
1037	8.299520e-001	1.620520e-001	1.200000e-005	
1038	8.291200e-001	1.628880e-001	8.000000e-006	
1039	8.283560e-001	1.636560e-001	4.000000e-006	
1040	8.275000e-001	1.645160e-001	0	
1041	8.266840e-001	1.653320e-001	0	
1042	8.258440e-001	1.661720e-001	0	
1043	8.249720e-001	1.670440e-001	0	
1044	8.241680e-001	1.678480e-001	0	
1045	8.234160e-001	1.686000e-001	0	
1046	8.225680e-001	1.694480e-001	0	
1047	8.218000e-001	1.702160e-001	0	
1048	8.209280e-001	1.710880e-001	0	
1049	8.201680e-001	1.718480e-001	0	
1050	8.193640e-001	1.726520e-001	0	
1051	8.185680e-001	1.734480e-001	0	
1052	8.177360e-001	1.742800e-001	0	
1053	8.169960e-001	1.750200e-001	0	
1054	8.161480e-001	1.758680e-001	0	
1055	8.153640e-001	1.766520e-001	0	
1056	8.145320e-001	1.774840e-001	0	
1057	8.137280e-001	1.782880e-001	0	
1058	8.129440e-001	1.790720e-001	0	
1059	8.121040e-001	1.799120e-001	0	
1060	8.113720e-001	1.806440e-001	0	
1061	8.106400e-001	1.813720e-001	4.000000e-006	
1062	8.098360e-001	1.821800e-001	0	
1063	8.090840e-001	1.829320e-001	0	
1064	8.082600e-001	1.837560e-001	0	
1065	8.074160e-001	1.846000e-001	0	
1066	8.066520e-001	1.853640e-001	0	
1067	8.058920e-001	1.861240e-001	0	
1068	8.050640e-001	1.869520e-001	0	
1069	8.042400e-001	1.877760e-001	0	
1070	8.034560e-001	1.885600e-001	0	
1071	8.026920e-001	1.893240e-001	0	
1072	8.018640e-001	1.901520e-001	0	
1073	8.010760e-001	1.909400e-001	0	
1074	8.001520e-001	1.918640e-001	0	
1075	7.993520e-001	1.926640e-001	0	
1076	7.986880e-001	1.933280e-001	0	
1077	7.979400e-001	1.940760e-001	0	
1078	7.971920e-001	1.948240e-001	0	
1079	7.964880e-001	1.955280e-001	0	
1080	7.957320e-001	1.962840e-001	0	
1081	7.949560e-001	1.970600e-001	0	
1082	7.941600e-001	1.978560e-001	0	
1083	7.933720e-001	1.986440e-001	0	
1084	7.926040e-001	1.994120e-001	0	
1085	7.918760e-001	2.001400e-001	0	
1086	7.911200e-001	2.008960e-001	0	
1087	7.903240e-001	2.016920e-001	0	
1088	7.894200e-001	2.025960e-001	0	
1089	7.886840e-001	2.033320e-001	0	
1090	7.879200e-001	2.040960e-001	0	
1091	7.870160e-001	2.050000e-001	0	
1092	7.861840e-001	2.058320e-001	0	
1093	7.854080e-001	2.066080e-001	0	
1094	7.846840e-001	2.073320e-001	0	
1095	7.839640e-001	2.080520e-001	0	
1096	7.831840e-001	2.088320e-001	0	
1097	7.823600e-001	2.096560e-001	0	
1098	7.815720e-001	2.104440e-001	0	
1099	7.807640e-001	2.112520e-001	0	
1100	7.799200e-001	2.120960e-001	0	
1101	7.791760e-001	2.128400e-001	0	
1102	7.784080e-001	2.136080e-001	0	
1103	7.776920e-001	2.143240e-001	0	
1104	7.768760e-001	2.151400e-001	0	
1105	7.760560e-001	2.159600e-001	0	
1106	7.753120e-001	2.167040e-001	0	
1107	7.746240e-001	2.173920e-001	0	
1108	7.738160e-001	2.182000e-001	0	
1109	7.730200e-001	2.189960e-001	0	
1110	7.722120e-001	2.198040e-001	0	
1111	7.713560e-001	2.206560e-001	4.000000e-006	
1112	7.706200e-001	2.213920e-001	4.000000e-006	
1113	7.699400e-001	2.220720e-001	4.000000e-006	
1114	7.691320e-001	2.228800e-001	4.000000e-006	
1115	7.683600e-001	2.236520e-001	4.000000e-006	
1116	7.675880e-001	2.244280e-001	0	
1117	7.669560e-001	2.250600e-001	0	
1118	7.660920e-001	2.259240e-001	0	
1119	7.652640e-001	2.267520e-001	0	
1120	7.644640e-001	2.275520e-001	0	
1121	7.636480e-001	2.283680e-001	0	
1122	7.628720e-001	2.291440e-001	0	
1123	7.621040e-001	2.299120e-001	0	
1124	7.613840e-001	2.306320e-001	0	
1125	7.606640e-001	2.313520e-001	0	
1126	7.597880e-001	2.322280e-001	0	
1127	7.589800e-001	2.330360e-001	0	
1128	7.582320e-001	2.337840e-001	0	
1129	7.574400e-001	2.345760e-001	0	
1130	7.566080e-001	2.354080e-001	0	
1131	7.559840e-001	2.360320e-001	0	
1132	7.552560e-001	2.367600e-001	0	
1133	7.545480e-001	2.374680e-001	0	
1134	7.538040e-001	2.382120e-001	0	
1135	7.530320e-001	2.389840e-001	0	
1136	7.522360e-001	2.397800e-001	0	
1137	7.514760e-001	2.405400e-001	0	
1138	7.507280e-001	2.412880e-001	0	
1139	7.500240e-001	2.419920e-001	0	
1140	7.492960e-001	2.427200e-001	0	
1141	7.485840e-001	2.434320e-001	0	
1142	7.479000e-001	2.441160e-001	0	
1143	7.470880e-001	2.449280e-001	0	
1144	7.462760e-001	2.457400e-001	0	
1145	7.454560e-001	2.465600e-001	0	
1146	7.446680e-001	2.473480e-001	0	
1147	7.438720e-001	2.481440e-001	0	
1148	7.432080e-001	2.488080e-001	0	
1149	7.423920e-001	2.496240e-001	0	
1150	7.416840e-001	2.503320e-001	0	
1151	7.408480e-001	2.511680e-001	0	
1152	7.400560e-001	2.519600e-001	0	
1153	7.393000e-001	2.527160e-001	0	
1154	7.385160e-001	2.535000e-001	0	
1155	7.376800e-001	2.543360e-001	0	
1156	7.370120e-001	2.550040e-001	0	
1157	7.362880e-001	2.557280e-001	0	
1158	7.354880e-001	2.565280e-001	0	
1159	7.347600e-001	2.572560e-001	0	
1160	7.339960e-001	2.580200e-001	0	
1161	7.332840e-001	2.587320e-001	0	
1162	7.325160e-001	2.595000e-001	0	
1163	7.317720e-001	2.602440e-001	0	
1164	7.310160e-001	2.610000e-001	0	
1165	7.302080e-001	2.618080e-001	0	
1166	7.295360e-001	2.624800e-001	0	
1167	7.287280e-001	2.632880e-001	0	
1168	7.279640e-001	2.640520e-001	0	
1169	7.272480e-001	2.647680e-001	0	
1170	7.265600e-001	2.654560e-001	0	
1171	7.257680e-001	2.662480e-001	0	
1172	7.250200e-001	2.669960e-001	0	
1173	7.243160e-001	2.677000e-001	0	
1174	7.236080e-001	2.684080e-001	0	
1175	7.227920e-001	2.692240e-001	0	
1176	7.219960e-001	2.700200e-001	0	
1177	7.211640e-001	2.708520e-001	0	
1178	7.205280e-001	2.714880e-001	0	
1179	7.198240e-001	2.721920e-001	0	
1180	7.191160e-001	2.729000e-001	0	
1181	7.183120e-001	2.737000e-001	4.000000e-006	
1182	7.175960e-001	2.744040e-001	1.600000e-005	
1183	7.169240e-001	2.750720e-001	2.000000e-005	
1184	7.163080e-001	2.756640e-001	4.400000e-005	
1185	7.156560e-001	2.763000e-001	6.000000e-005	
1186	7.150520e-001	2.769160e-001	4.800000e-005	
1187	7.144240e-001	2.775440e-001	4.800000e-005	
1188	7.137200e-001	2.782600e-001	3.600000e-005	
1189	7.130840e-001	2.789040e-001	2.800000e-005	
1190	7.123120e-001	2.796960e-001	8.000000e-006	
1191	7.116000e-001	2.804000e-001	1.600000e-005	
1192	7.109360e-001	2.810720e-001	8.000000e-006	
1193	7.102880e-001	2.817200e-001	8.000000e-006	
1194	7.096040e-001	2.824080e-001	4.000000e-006	
1195	7.090000e-001	2.830080e-001	8.000000e-006	
1196	7.082080e-001	2.838000e-001	8.000000e-006	
1197	7.075280e-001	2.844880e-001	0	
1198	7.068360e-001	2.851800e-001	0	
1199	7.060040e-001	2.860120e-001	0	
1200	7.052160e-001	2.868000e-001	0	
1201	7.045360e-001	2.874800e-001	0	
1202	7.037640e-001	2.882520e-001	0	
1203	7.029920e-001	2.890240e-001	0	
1204	7.023440e-001	2.896720e-001	0	
1205	7.016760e-001	2.903400e-001	0	
1206	7.010640e-001	2.909520e-001	0	
1207	7.003840e-001	2.916320e-001	0	
1208	6.996920e-001	2.923240e-001	0	
1209	6.990160e-001	2.929960e-001	4.000000e-006	
1210	6.982400e-001	2.937640e-001	1.200000e-005	
1211	6.974520e-001	2.945560e-001	8.000000e-006	
1212	6.967400e-001	2.952760e-001	0	
1213	6.960520e-001	2.959640e-001	0	
1214	6.954120e-001	2.966040e-001	0	
1215	6.947240e-001	2.972920e-001	0	
1216	6.940280e-001	2.979880e-001	0	
1217	6.933960e-001	2.986200e-001	0	
1218	6.927400e-001	2.992760e-001	0	
1219	6.919520e-001	3.000600e-001	4.000000e-006	
1220	6.912080e-001	3.008000e-001	8.000000e-006	
1221	6.905040e-001	3.015040e-001	8.000000e-006	
1222	6.898200e-001	3.021960e-001	0	
1223	6.891400e-001	3.028760e-001	0	
1224	6.884720e-001	3.035440e-001	0	
1225	6.877120e-001	3.043040e-001	0	
1226	6.870640e-001	3.049520e-001	0	
1227	6.863800e-001	3.056360e-001	0	
1228	6.856440e-001	3.063720e-001	0	
1229	6.847960e-001	3.072200e-001	0	
1230	6.841320e-001	3.078840e-001	0	
1231	6.834800e-001	3.085360e-001	0	
1232	6.828080e-001	3.092080e-001	0	
1233	6.821720e-001	3.098440e-001	0	
1234	6.814560e-001	3.105600e-001	0	
1235	6.807760e-001	3.112400e-001	0	
1236	6.800640e-001	3.119520e-001	0	
1237	6.794320e-001	3.125840e-001	0	
1238	6.787520e-001	3.132640e-001	0	
1239	6.780600e-001	3.139560e-001	0	
1240	6.773960e-001	3.146200e-001	0	
1241	6.767640e-001	3.152520e-001	0	
1242	6.759960e-001	3.160200e-001	0	
1243	6.753160e-001	3.167000e-001	0	
1244	6.746080e-001	3.174080e-001	0	
1245	6.739680e-001	3.180480e-001	0	
1246	6.732360e-001	3.187800e-001	0	
1247	6.725920e-001	3.194240e-001	0	
1248	6.717760e-001	3.202400e-001	0	
1249	6.711160e-001	3.209000e-001	0	
1250	6.705440e-001	3.214720e-001	0	
1251	6.698880e-001	3.221280e-001	0	
1252	6.692440e-001	3.227720e-001	0	
1253	6.686200e-001	3.233960e-001	0	
1254	6.679560e-001	3.240600e-001	0	
1255	6.673280e-001	3.246880e-001	0	
1256	6.666720e-001	3.253400e-001	4.000000e-006	
1257	6.660120e-001	3.259960e-001	8.000000e-006	
1258	6.653920e-001	3.266200e-001	4.000000e-006	
1259	6.647080e-001	3.273040e-001	4.000000e-006	
1260	6.640040e-001	3.280040e-001	8.000000e-006	
1261	6.634120e-001	3.285960e-001	8.000000e-006	
1262	6.628240e-001	3.291920e-001	0	
1263	6.621800e-001	3.298360e-001	0	
1264	6.615120e-001	3.305040e-001	0	
1265	6.608680e-001	3.311480e-001	0	
1266	6.601960e-001	3.318200e-001	0	
1267	6.596240e-001	3.323880e-001	4.000000e-006	
1268	6.590040e-001	3.329960e-001	1.600000e-005	
1269	6.583920e-001	3.335960e-001	2.800000e-005	
1270	6.578000e-001	3.341920e-001	2.400000e-005	
1271	6.570320e-001	3.349560e-001	2.800000e-005	
1272	6.564520e-001	3.355240e-001	4.000000e-005	
1273	6.557600e-001	3.362280e-001	2.800000e-005	
1274	6.552400e-001	3.367520e-001	2.400000e-005	
1275	6.546920e-001	3.373080e-001	1.600000e-005	
1276	6.540800e-001	3.379160e-001	2.000000e-005	
1277	6.534400e-001	3.385520e-001	2.400000e-005	
1278	6.528480e-001	3.391520e-001	1.600000e-005	
1279	6.522680e-001	3.397240e-001	2.400000e-005	
1280	6.516120e-001	3.403800e-001	2.400000e-005	
1281	6.509840e-001	3.410040e-001	2.800000e-005	
1282	6.503400e-001	3.416560e-001	2.000000e-005	
1283	6.497640e-001	3.422360e-001	1.600000e-005	
1284	6.491200e-001	3.428800e-001	1.600000e-005	
1285	6.485360e-001	3.434560e-001	2.400000e-005	
1286	6.479000e-001	3.440880e-001	2.800000e-005	
1287	6.472960e-001	3.447040e-001	1.600000e-005	
1288	6.466080e-001	3.453960e-001	1.200000e-005	
1289	6.459760e-001	3.460240e-001	1.600000e-005	
1290	6.453200e-001	3.466680e-001	2.800000e-005	
1291	6.448400e-001	3.471440e-001	3.200000e-005	
1292	6.442080e-001	3.477600e-001	4.800000e-005	
1293	6.435840e-001	3.483760e-001	5.600000e-005	
1294	6.430280e-001	3.489520e-001	3.600000e-005	
1295	6.423920e-001	3.495880e-001	3.600000e-005	
1296	6.418400e-001	3.501560e-001	2.000000e-005	
1297	6.411920e-001	3.508080e-001	1.600000e-005	
1298	6.405600e-001	3.514360e-001	2.000000e-005	
1299	6.399680e-001	3.520280e-001	2.000000e-005	
1300	6.393720e-001	3.526080e-001	3.600000e-005	
1301	6.388160e-001	3.531520e-001	4.800000e-005	
1302	6.383240e-001	3.536480e-001	4.400000e-005	
1303	6.376520e-001	3.543480e-001	1.600000e-005	
1304	6.370560e-001	3.549480e-001	1.200000e-005	
1305	6.363840e-001	3.556040e-001	2.800000e-005	
1306	6.358360e-001	3.561480e-001	3.200000e-005	
1307	6.352000e-001	3.567760e-001	4.000000e-005	
1308	6.346200e-001	3.573440e-001	5.200000e-005	
1309	6.341160e-001	3.578360e-001	6.400000e-005	
1310	6.335560e-001	3.584160e-001	4.400000e-005	
1311	6.329880e-001	3.589720e-001	5.600000e-005	
1312	6.324400e-001	3.595240e-001	5.200000e-005	
1313	6.318440e-001	3.601320e-001	4.000000e-005	
1314	6.311480e-001	3.608480e-001	2.000000e-005	
1315	6.305360e-001	3.614640e-001	1.600000e-005	
1316	6.299360e-001	3.620600e-001	2.000000e-005	
1317	6.292880e-001	3.627040e-001	2.400000e-005	
1318	6.286280e-001	3.633600e-001	2.800000e-005	
1319	6.281120e-001	3.638840e-001	2.000000e-005	
1320	6.274400e-001	3.645440e-001	3.200000e-005	
1321	6.268280e-001	3.651600e-001	2.800000e-005	
1322	6.262440e-001	3.657520e-001	2.000000e-005	
1323	6.255800e-001	3.664280e-001	8.000000e-006	
1324	6.249080e-001	3.670880e-001	2.000000e-005	
1325	6.242920e-001	3.677080e-001	1.600000e-005	
1326	6.236560e-001	3.683480e-001	1.200000e-005	
1327	6.230680e-001	3.689280e-001	2.000000e-005	
1328	6.224040e-001	3.696080e-001	4.000000e-006	
1329	6.217920e-001	3.702200e-001	4.000000e-006	
1330	6.212480e-001	3.707600e-001	8.000000e-006	
1331	6.207240e-001	3.712800e-001	1.200000e-005	
1332	6.201360e-001	3.718600e-001	2.000000e-005	
1333	6.196200e-001	3.723720e-001	2.400000e-005	
1334	6.190120e-001	3.729880e-001	1.600000e-005	
1335	6.184040e-001	3.735960e-001	1.600000e-005	
1336	6.178240e-001	3.741720e-001	2.000000e-005	
1337	6.172360e-001	3.747600e-001	2.000000e-005	
1338	6.165800e-001	3.754160e-001	2.000000e-005	
1339	6.159000e-001	3.760960e-001	2.000000e-005	
1340	6.153080e-001	3.767000e-001	8.000000e-006	
1341	6.147200e-001	3.772920e-001	4.000000e-006	
1342	6.140520e-001	3.779640e-001	0	
1343	6.134400e-001	3.785760e-001	0	
1344	6.128520e-001	3.791640e-001	0	
1345	6.121720e-001	3.798440e-001	0	
1346	6.115000e-001	3.805160e-001	0	
1347	6.109320e-001	3.810840e-001	0	
1348	6.103480e-001	3.816680e-001	0	
1349	6.096200e-001	3.823920e-001	4.000000e-006	
1350	6.090240e-001	3.829800e-001	1.200000e-005	
1351	6.083840e-001	3.836200e-001	1.200000e-005	
1352	6.077760e-001	3.842200e-001	2.000000e-005	
1353	6.071240e-001	3.848360e-001	5.600000e-005	
1354	6.065760e-001	3.853720e-001	6.800000e-005	
1355	6.061560e-001	3.857960e-001	6.400000e-005	
1356	6.056040e-001	3.863640e-001	4.800000e-005	
1357	6.050520e-001	3.869080e-001	5.600000e-005	
1358	6.044520e-001	3.875160e-001	4.800000e-005	
1359	6.039760e-001	3.879840e-001	5.600000e-005	
1360	6.034160e-001	3.885440e-001	5.600000e-005	
1361	6.028040e-001	3.891320e-001	8.000000e-005	
1362	6.022080e-001	3.897480e-001	6.000000e-005	
1363	6.017120e-001	3.902320e-001	7.200000e-005	
1364	6.012040e-001	3.907440e-001	6.800000e-005	
1365	6.006520e-001	3.912960e-001	6.800000e-005	
1366	6.001200e-001	3.918320e-001	6.400000e-005	
1367	5.994440e-001	3.924880e-001	8.400000e-005	
1368	5.989520e-001	3.929600e-001	1.040000e-004	
1369	5.984640e-001	3.934400e-001	1.120000e-004	
1370	5.979280e-001	3.940240e-001	6.400000e-005	
1371	5.973320e-001	3.946120e-001	7.200000e-005	
1372	5.968080e-001	3.951560e-001	5.200000e-005	
1373	5.962520e-001	3.957120e-001	5.200000e-005	
1374	5.957240e-001	3.962440e-001	4.800000e-005	
1375	5.951560e-001	3.968200e-001	4.000000e-005	
1376	5.946480e-001	3.973200e-001	4.800000e-005	
1377	5.941360e-001	3.978440e-001	3.600000e-005	
1378	5.935320e-001	3.984480e-001	3.600000e-005	
1379	5.929200e-001	3.990880e-001	8.000000e-006	
1380	5.923120e-001	3.997000e-001	4.000000e-006	
1381	5.916840e-001	4.003240e-001	8.000000e-006	
1382	5.911280e-001	4.008800e-001	8.000000e-006	
1383	5.904960e-001	4.015120e-001	8.000000e-006	
1384	5.898960e-001	4.021000e-001	2.000000e-005	
1385	5.892800e-001	4.027320e-001	4.000000e-006	
1386	5.886840e-001	4.033320e-001	0	
1387	5.880720e-001	4.039440e-001	0	
1388	5.873560e-001	4.046600e-001	0	
1389	5.867880e-001	4.052280e-001	0	
1390	5.861720e-001	4.058440e-001	0	
1391	5.855760e-001	4.064400e-001	0	
1392	5.849720e-001	4.070440e-001	0	
1393	5.844800e-001	4.075360e-001	0	
1394	5.839240e-001	4.080920e-001	0	
1395	5.833360e-001	4.086800e-001	0	
1396	5.826800e-001	4.093360e-001	0	
1397	5.820800e-001	4.099360e-001	0	
1398	5.815000e-001	4.105160e-001	0	
1399	5.808720e-001	4.111440e-001	0	
1400	5.803320e-001	4.116840e-001	0	
1401	5.798480e-001	4.121680e-001	0	
1402	5.791480e-001	4.128680e-001	0	
1403	5.785600e-001	4.134560e-001	0	
1404	5.779720e-001	4.140440e-001	0	
1405	5.774040e-001	4.146120e-001	0	
1406	5.768840e-001	4.151320e-001	0	
1407	5.762840e-001	4.157320e-001	0	
1408	5.757440e-001	4.162720e-001	0	
1409	5.752200e-001	4.167960e-001	0	
1410	5.747240e-001	4.172920e-001	0	
1411	5.741960e-001	4.178200e-001	0	
1412	5.735800e-001	4.184360e-001	0	
1413	5.729920e-001	4.190240e-001	0	
1414	5.724040e-001	4.196120e-001	0	
1415	5.717800e-001	4.202360e-001	0	
1416	5.711320e-001	4.208840e-001	0	
1417	5.706080e-001	4.214080e-001	0	
1418	5.699200e-001	4.220960e-001	0	
1419	5.693280e-001	4.226880e-001	0	
1420	5.688200e-001	4.231960e-001	0	
1421	5.682480e-001	4.237680e-001	0	
1422	5.677120e-001	4.243040e-001	0	
1423	5.670680e-001	4.249480e-001	0	
1424	5.664640e-001	4.255520e-001	0	
1425	5.659440e-001	4.260720e-001	0	
1426	5.653320e-001	4.266840e-001	0	
1427	5.647960e-001	4.272200e-001	0	
1428	5.641920e-001	4.278240e-001	0	
1429	5.636600e-001	4.283560e-001	0	
1430	5.631000e-001	4.289120e-001	4.000000e-006	
1431	5.625920e-001	4.294120e-001	1.200000e-005	
1432	5.620440e-001	4.299560e-001	1.600000e-005	
1433	5.614200e-001	4.305720e-001	2.400000e-005	
1434	5.608360e-001	4.311360e-001	4.400000e-005	
1435	5.603080e-001	4.316720e-001	3.600000e-005	
1436	5.598240e-001	4.321560e-001	3.600000e-005	
1437	5.592760e-001	4.326920e-001	4.800000e-005	
1438	5.587720e-001	4.331880e-001	5.600000e-005	
1439	5.582760e-001	4.336840e-001	5.600000e-005	
1440	5.576880e-001	4.342560e-001	7.200000e-005	
1441	5.572440e-001	4.346720e-001	1.000000e-004	
1442	5.567280e-001	4.351960e-001	9.200000e-005	
1443	5.562680e-001	4.356520e-001	9.600000e-005	
1444	5.558720e-001	4.360160e-001	1.280000e-004	
1445	5.554480e-001	4.364080e-001	1.600000e-004	
1446	5.550800e-001	4.367760e-001	1.600000e-004	
1447	5.546960e-001	4.371240e-001	1.960000e-004	
1448	5.542880e-001	4.375080e-001	2.200000e-004	
1449	5.540040e-001	4.378080e-001	2.040000e-004	
1450	5.537000e-001	4.381120e-001	2.040000e-004	
1451	5.533680e-001	4.384280e-001	2.200000e-004	
1452	5.530280e-001	4.387880e-001	2.000000e-004	
1453	5.526560e-001	4.391200e-001	2.400000e-004	
1454	5.523880e-001	4.394040e-001	2.240000e-004	
1455	5.520520e-001	4.397520e-001	2.120000e-004	
1456	5.517200e-001	4.400600e-001	2.360000e-004	
1457	5.514040e-001	4.403480e-001	2.640000e-004	
1458	5.511000e-001	4.406360e-001	2.800000e-004	
1459	5.508280e-001	4.408960e-001	2.920000e-004	
1460	5.505160e-001	4.412200e-001	2.800000e-004	
1461	5.502280e-001	4.414960e-001	2.920000e-004	
1462	5.499480e-001	4.417320e-001	3.360000e-004	
1463	5.497160e-001	4.418960e-001	4.040000e-004	
1464	5.496360e-001	4.418720e-001	5.080000e-004	
1465	5.496160e-001	4.419720e-001	4.280000e-004	
1466	5.494880e-001	4.421080e-001	4.200000e-004	
1467	5.493920e-001	4.422360e-001	3.880000e-004	
1468	5.492400e-001	4.423360e-001	4.400000e-004	
1469	5.491640e-001	4.423560e-001	4.960000e-004	
1470	5.491080e-001	4.424120e-001	4.960000e-004	
1471	5.490960e-001	4.423040e-001	6.160000e-004	
1472	5.491560e-001	4.422800e-001	5.800000e-004	
1473	5.491440e-001	4.423240e-001	5.480000e-004	
1474	5.491680e-001	4.423120e-001	5.360000e-004	
1475	5.491680e-001	4.423080e-001	5.400000e-004	
1476	5.491760e-001	4.423000e-001	5.400000e-004	
1477	5.491720e-001	4.422880e-001	5.560000e-004	
1478	5.491240e-001	4.423440e-001	5.480000e-004	
1479	5.491120e-001	4.424120e-001	4.920000e-004	
1480	5.490240e-001	4.424560e-001	5.360000e-004	
1481	5.489160e-001	4.425360e-001	5.640000e-004	
1482	5.489120e-001	4.425480e-001	5.560000e-004	
1483	5.489080e-001	4.424960e-001	6.120000e-004	
1484	5.489360e-001	4.424080e-001	6.720000e-004	
1485	5.490760e-001	4.423160e-001	6.240000e-004	
1486	5.491280e-001	4.422240e-001	6.640000e-004	
1487	5.491760e-001	4.422120e-001	6.280000e-004	
1488	5.492160e-001	4.421920e-001	6.080000e-004	
1489	5.493280e-001	4.420240e-001	6.640000e-004	
1490	5.494840e-001	4.418560e-001	6.760000e-004	
1491	5.496360e-001	4.416480e-001	7.320000e-004	
1492	5.498560e-001	4.413720e-001	7.880000e-004	
1493	5.501200e-001	4.410480e-001	8.480000e-004	
1494	5.504040e-001	4.407320e-001	8.800000e-004	
1495	5.507400e-001	4.403280e-001	9.480000e-004	
1496	5.510760e-001	4.400520e-001	8.880000e-004	
1497	5.514440e-001	4.397960e-001	7.760000e-004	
1498	5.516160e-001	4.395920e-001	8.080000e-004	
1499	5.518040e-001	4.394640e-001	7.480000e-004	
1500	5.520680e-001	4.391560e-001	7.920000e-004	
1501	5.523560e-001	4.388760e-001	7.840000e-004	
1502	5.524960e-001	4.387760e-001	7.440000e-004	
1503	5.526560e-001	4.386840e-001	6.760000e-004	
1504	5.527920e-001	4.384800e-001	7.440000e-004	
1505	5.529760e-001	4.383080e-001	7.320000e-004	
1506	5.531760e-001	4.381440e-001	6.960000e-004	
1507	5.532680e-001	4.381400e-001	6.080000e-004	
1508	5.532880e-001	4.381040e-001	6.240000e-004	
1509	5.532720e-001	4.381240e-001	6.200000e-004	
1510	5.534320e-001	4.379440e-001	6.400000e-004	
1511	5.534280e-001	4.379720e-001	6.160000e-004	
1512	5.535320e-001	4.378600e-001	6.240000e-004	
1513	5.536800e-001	4.377080e-001	6.280000e-004	
1514	5.538000e-001	4.376320e-001	5.840000e-004	
1515	5.538280e-001	4.375560e-001	6.320000e-004	
1516	5.539600e-001	4.374280e-001	6.280000e-004	
1517	5.540560e-001	4.373120e-001	6.480000e-004	
1518	5.541520e-001	4.371560e-001	7.080000e-004	
1519	5.542200e-001	4.370840e-001	7.120000e-004	
1520	5.543920e-001	4.367960e-001	8.280000e-004	
1521	5.546720e-001	4.364440e-001	9.000000e-004	
1522	5.550240e-001	4.361640e-001	8.280000e-004	
1523	5.553600e-001	4.358200e-001	8.360000e-004	
1524	5.555840e-001	4.355520e-001	8.800000e-004	
1525	5.559800e-001	4.350760e-001	9.600000e-004	
1526	5.564000e-001	4.346640e-001	9.520000e-004	
1527	5.567800e-001	4.342040e-001	1.032000e-003	
1528	5.572040e-001	4.337200e-001	1.092000e-003	
1529	5.577040e-001	4.331760e-001	1.136000e-003	
1530	5.583640e-001	4.324760e-001	1.176000e-003	
1531	5.589760e-001	4.319040e-001	1.136000e-003	
1532	5.595320e-001	4.314320e-001	1.052000e-003	
1533	5.601200e-001	4.308080e-001	1.088000e-003	
1534	5.604520e-001	4.305240e-001	1.040000e-003	
1535	5.609160e-001	4.300960e-001	1.004000e-003	
1536	5.613760e-001	4.295040e-001	1.136000e-003	
1537	5.619640e-001	4.289600e-001	1.092000e-003	
1538	5.625160e-001	4.284120e-001	1.088000e-003	
1539	5.630040e-001	4.279160e-001	1.096000e-003	
1540	5.635360e-001	4.273480e-001	1.132000e-003	
1541	5.640720e-001	4.269160e-001	1.028000e-003	
1542	5.645400e-001	4.263400e-001	1.136000e-003	
1543	5.649720e-001	4.258760e-001	1.168000e-003	
1544	5.656000e-001	4.252920e-001	1.124000e-003	
1545	5.661640e-001	4.247040e-001	1.148000e-003	
1546	5.667600e-001	4.239760e-001	1.280000e-003	
1547	5.675040e-001	4.232360e-001	1.276000e-003	
1548	5.682560e-001	4.224760e-001	1.284000e-003	
1549	5.689360e-001	4.217360e-001	1.344000e-003	
1550	5.697760e-001	4.208560e-001	1.384000e-003	
1551	5.706160e-001	4.200000e-001	1.400000e-003	
1552	5.713560e-001	4.193400e-001	1.320000e-003	
1553	5.721440e-001	4.186560e-001	1.216000e-003	
1554	5.728160e-001	4.179520e-001	1.248000e-003	
1555	5.733880e-001	4.173560e-001	1.272000e-003	
1556	5.740360e-001	4.166280e-001	1.352000e-003	
1557	5.748360e-001	4.158480e-001	1.332000e-003	
1558	5.755840e-001	4.150960e-001	1.336000e-003	
1559	5.763240e-001	4.143560e-001	1.336000e-003	
1560	5.771800e-001	4.136520e-001	1.184000e-003	
1561	5.777600e-001	4.130200e-001	1.236000e-003	
1562	5.783440e-001	4.124280e-001	1.244000e-003	
1563	5.789960e-001	4.118160e-001	1.204000e-003	
1564	5.795200e-001	4.112480e-001	1.248000e-003	
1565	5.801880e-001	4.105440e-001	1.284000e-003	
1566	5.808280e-001	4.099520e-001	1.236000e-003	
1567	5.815200e-001	4.093720e-001	1.124000e-003	
1568	5.821400e-001	4.086800e-001	1.196000e-003	
1569	5.827840e-001	4.079720e-001	1.260000e-003	
1570	5.833880e-001	4.074080e-001	1.220000e-003	
1571	5.839800e-001	4.068160e-001	1.220000e-003	
1572	5.845760e-001	4.062000e-001	1.240000e-003	
1573	5.852240e-001	4.056000e-001	1.192000e-003	
1574	5.858080e-001	4.049040e-001	1.304000e-003	
1575	5.865200e-001	4.041800e-001	1.316000e-003	
1576	5.872720e-001	4.034800e-001	1.264000e-003	
1577	5.879680e-001	4.027480e-001	1.300000e-003	
1578	5.886520e-001	4.020000e-001	1.364000e-003	
1579	5.893840e-001	4.011640e-001	1.468000e-003	
1580	5.902920e-001	4.002800e-001	1.444000e-003	
1581	5.912400e-001	3.993840e-001	1.392000e-003	
1582	5.921040e-001	3.983840e-001	1.528000e-003	
1583	5.930760e-001	3.973720e-001	1.568000e-003	
1584	5.941040e-001	3.962800e-001	1.632000e-003	
1585	5.951160e-001	3.953000e-001	1.600000e-003	
1586	5.961560e-001	3.940560e-001	1.804000e-003	
1587	5.973360e-001	3.928440e-001	1.836000e-003	
1588	5.985760e-001	3.915000e-001	1.940000e-003	
1589	6.000120e-001	3.900720e-001	1.932000e-003	
1590	6.013920e-001	3.887920e-001	1.832000e-003	
1591	6.025960e-001	3.875000e-001	1.920000e-003	
1592	6.039160e-001	3.862040e-001	1.896000e-003	
1593	6.052680e-001	3.848800e-001	1.868000e-003	
1594	6.066000e-001	3.834880e-001	1.928000e-003	
1595	6.080080e-001	3.818600e-001	2.148000e-003	
1596	6.095840e-001	3.802440e-001	2.188000e-003	
1597	6.112080e-001	3.787960e-001	2.012000e-003	
1598	6.126080e-001	3.773560e-001	2.052000e-003	
1599	6.140280e-001	3.759480e-001	2.040000e-003	
1600	6.154920e-001	3.744520e-001	2.072000e-003	
1601	6.169480e-001	3.730080e-001	2.060000e-003	
1602	6.184800e-001	3.716640e-001	1.872000e-003	
1603	6.198280e-001	3.700960e-001	2.092000e-003	
1604	6.213320e-001	3.686200e-001	2.064000e-003	
1605	6.227600e-001	3.672040e-001	2.052000e-003	
1606	6.241920e-001	3.657680e-001	2.056000e-003	
1607	6.256160e-001	3.640800e-001	2.320000e-003	
1608	6.272680e-001	3.623400e-001	2.408000e-003	
1609	6.289880e-001	3.606800e-001	2.348000e-003	
1610	6.307040e-001	3.590520e-001	2.260000e-003	
1611	6.322640e-001	3.574720e-001	2.280000e-003	
1612	6.339600e-001	3.558160e-001	2.240000e-003	
1613	6.355960e-001	3.542080e-001	2.212000e-003	
1614	6.372480e-001	3.523320e-001	2.436000e-003	
1615	6.390560e-001	3.504360e-001	2.524000e-003	
1616	6.408920e-001	3.484840e-001	2.640000e-003	
1617	6.429240e-001	3.464400e-001	2.652000e-003	
1618	6.449280e-001	3.444760e-001	2.612000e-003	
1619	6.468880e-001	3.424920e-001	2.636000e-003	
1620	6.489440e-001	3.403120e-001	2.760000e-003	
1621	6.510160e-001	3.381520e-001	2.848000e-003	
1622	6.532440e-001	3.358040e-001	2.968000e-003	
1623	6.555720e-001	3.333400e-001	3.104000e-003	
1624	6.580760e-001	3.308720e-001	3.068000e-003	
1625	6.604920e-001	3.282240e-001	3.300000e-003	
1626	6.631840e-001	3.255440e-001	3.288000e-003	
1627	6.658680e-001	3.229600e-001	3.188000e-003	
1628	6.684840e-001	3.203480e-001	3.184000e-003	
1629	6.709880e-001	3.176520e-001	3.376000e-003	
1630	6.737160e-001	3.151080e-001	3.192000e-003	
1631	6.763080e-001	3.124200e-001	3.288000e-003	
1632	6.789280e-001	3.096120e-001	3.476000e-003	
1633	6.816720e-001	3.067680e-001	3.576000e-003	
1634	6.845120e-001	3.039200e-001	3.584000e-003	
1635	6.873880e-001	3.010840e-001	3.544000e-003	
1636	6.901880e-001	2.982400e-001	3.588000e-003	
1637	6.931320e-001	2.950120e-001	3.872000e-003	
1638	6.963600e-001	2.919960e-001	3.660000e-003	
1639	6.993920e-001	2.891440e-001	3.480000e-003	
1640	7.021440e-001	2.865360e-001	3.336000e-003	
1641	7.048120e-001	2.838280e-001	3.376000e-003	
1642	7.074560e-001	2.808000e-001	3.760000e-003	
1643	7.105840e-001	2.777200e-001	3.712000e-003	
1644	7.136000e-001	2.747800e-001	3.636000e-003	
1645	7.165240e-001	2.718480e-001	3.644000e-003	
1646	7.193520e-001	2.688920e-001	3.772000e-003	
1647	7.223440e-001	2.659200e-001	3.752000e-003	
1648	7.253160e-001	2.632240e-001	3.476000e-003	
1649	7.280000e-001	2.605600e-001	3.456000e-003	
1650	7.307720e-001	2.577240e-001	3.520000e-003	
1651	7.335280e-001	2.550520e-001	3.436000e-003	
1652	7.362400e-001	2.526400e-001	3.136000e-003	
1653	7.386280e-001	2.503120e-001	3.076000e-003	
1654	7.409560e-001	2.480840e-001	2.976000e-003	
1655	7.431360e-001	2.458480e-001	3.032000e-003	
1656	7.454200e-001	2.434600e-001	3.136000e-003	
1657	7.477640e-001	2.411360e-001	3.116000e-003	
1658	7.501400e-001	2.388400e-001	3.036000e-003	
1659	7.524240e-001	2.365800e-001	3.012000e-003	
1660	7.547640e-001	2.344360e-001	2.816000e-003	
1661	7.568800e-001	2.322480e-001	2.888000e-003	
1662	7.590160e-001	2.300920e-001	2.908000e-003	
1663	7.610800e-001	2.279880e-001	2.948000e-003	
1664	7.633280e-001	2.259160e-001	2.772000e-003	
1665	7.653760e-001	2.237360e-001	2.904000e-003	
1666	7.674120e-001	2.216200e-001	2.984000e-003	
1667	7.695840e-001	2.195440e-001	2.888000e-003	
1668	7.716520e-001	2.175680e-001	2.796000e-003	
1669	7.736320e-001	2.155400e-001	2.844000e-003	
1670	7.756840e-001	2.136080e-001	2.724000e-003	
1671	7.775560e-001	2.117600e-001	2.700000e-003	
1672	7.794680e-001	2.098640e-001	2.684000e-003	
1673	7.813400e-001	2.082800e-001	2.396000e-003	
1674	7.829760e-001	2.067400e-001	2.300000e-003	
1675	7.844680e-001	2.052400e-001	2.308000e-003	
1676	7.859960e-001	2.036240e-001	2.396000e-003	
1677	7.876080e-001	2.020040e-001	2.404000e-003	
1678	7.892240e-001	2.003000e-001	2.492000e-003	
1679	7.909520e-001	1.985040e-001	2.560000e-003	
1680	7.926040e-001	1.968880e-001	2.524000e-003	
1681	7.943200e-001	1.952840e-001	2.412000e-003	
1682	7.959280e-001	1.935920e-001	2.496000e-003	
1683	7.975440e-001	1.921560e-001	2.316000e-003	
1684	7.990120e-001	1.909320e-001	2.072000e-003	
1685	8.002800e-001	1.896760e-001	2.060000e-003	
1686	8.014880e-001	1.885000e-001	2.028000e-003	
1687	8.028240e-001	1.872480e-001	1.944000e-003	
1688	8.039120e-001	1.861760e-001	1.928000e-003	
1689	8.049960e-001	1.850320e-001	1.988000e-003	
1690	8.061760e-001	1.839440e-001	1.896000e-003	
1691	8.073000e-001	1.829040e-001	1.812000e-003	
1692	8.083760e-001	1.818360e-001	1.804000e-003	
1693	8.094960e-001	1.807760e-001	1.744000e-003	
1694	8.103880e-001	1.798240e-001	1.804000e-003	
1695	8.114160e-001	1.789160e-001	1.684000e-003	
1696	8.122920e-001	1.780880e-001	1.636000e-003	
1697	8.131480e-001	1.772160e-001	1.652000e-003	
1698	8.141120e-001	1.762800e-001	1.624000e-003	
1699	8.149800e-001	1.754360e-001	1.600000e-003	
1700	8.157680e-001	1.746440e-001	1.604000e-003	
1701	8.165680e-001	1.737520e-001	1.696000e-003	
1702	8.173640e-001	1.730080e-001	1.644000e-003	
1703	8.181600e-001	1.722000e-001	1.656000e-003	
1704	8.189960e-001	1.714120e-001	1.608000e-003	
1705	8.197120e-001	1.708040e-001	1.500000e-003	
1706	8.203920e-001	1.701440e-001	1.480000e-003	
1707	8.210400e-001	1.695280e-001	1.448000e-003	
1708	8.216280e-001	1.691040e-001	1.284000e-003	
1709	8.220680e-001	1.685880e-001	1.360000e-003	
1710	8.225040e-001	1.680440e-001	1.468000e-003	
1711	8.231240e-001	1.673680e-001	1.524000e-003	
1712	8.238840e-001	1.666800e-001	1.452000e-003	
1713	8.245280e-001	1.659640e-001	1.524000e-003	
1714	8.251960e-001	1.653840e-001	1.436000e-003	
1715	8.257560e-001	1.648480e-001	1.412000e-003	
1716	8.264160e-001	1.641840e-001	1.416000e-003	
1717	8.269520e-001	1.635920e-001	1.472000e-003	
1718	8.275840e-001	1.630280e-001	1.404000e-003	
1719	8.280920e-001	1.624560e-001	1.468000e-003	
1720	8.287040e-001	1.619440e-001	1.368000e-003	
1721	8.292440e-001	1.614200e-001	1.352000e-003	
1722	8.298120e-001	1.608920e-001	1.312000e-003	
1723	8.301840e-001	1.605520e-001	1.280000e-003	
1724	8.306160e-001	1.601440e-001	1.256000e-003	
1725	8.310640e-001	1.597800e-001	1.172000e-003	
1726	8.314680e-001	1.594720e-001	1.076000e-003	
1727	8.316480e-001	1.592920e-001	1.076000e-003	
1728	8.318400e-001	1.591000e-001	1.076000e-003	
1729	8.320680e-001	1.589160e-001	1.032000e-003	
1730	8.323040e-001	1.588120e-001	9.000000e-004	
1731	8.323400e-001	1.588440e-001	8.320000e-004	
1732	8.323160e-001	1.588840e-001	8.160000e-004	
1733	8.323280e-001	1.588760e-001	8.120000e-004	
1734	8.323040e-001	1.589760e-001	7.360000e-004	
1735	8.322080e-001	1.592480e-001	5.600000e-004	
1736	8.319360e-001	1.595920e-001	4.880000e-004	
1737	8.315600e-001	1.599880e-001	4.680000e-004	
1738	8.311800e-001	1.604200e-001	4.160000e-004	
1739	8.307960e-001	1.608560e-001	3.640000e-004	
1740	8.303400e-001	1.613680e-001	3.080000e-004	
1741	8.297600e-001	1.619640e-001	2.920000e-004	
1742	8.291920e-001	1.625360e-001	2.880000e-004	
1743	8.286760e-001	1.630720e-001	2.680000e-004	
1744	8.280280e-001	1.637080e-001	2.800000e-004	
1745	8.273800e-001	1.643720e-001	2.640000e-004	
1746	8.268920e-001	1.648080e-001	3.160000e-004	
1747	8.263440e-001	1.653840e-001	2.880000e-004	
1748	8.257720e-001	1.659840e-001	2.600000e-004	
1749	8.251120e-001	1.666640e-001	2.400000e-004	
1750	8.245920e-001	1.672240e-001	2.000000e-004	
1751	8.239840e-001	1.678160e-001	2.160000e-004	
1752	8.233880e-001	1.683840e-001	2.440000e-004	
1753	8.226600e-001	1.691240e-001	2.320000e-004	
1754	8.220720e-001	1.697120e-001	2.320000e-004	
1755	8.215360e-001	1.702760e-001	2.040000e-004	
1756	8.209080e-001	1.708920e-001	2.160000e-004	
1757	8.203040e-001	1.714800e-001	2.320000e-004	
1758	8.197920e-001	1.720040e-001	2.200000e-004	
1759	8.192840e-001	1.725240e-001	2.080000e-004	
1760	8.186440e-001	1.731560e-001	2.160000e-004	
1761	8.179800e-001	1.738320e-001	2.040000e-004	
1762	8.173360e-001	1.744480e-001	2.320000e-004	
1763	8.167960e-001	1.749480e-001	2.720000e-004	
1764	8.161880e-001	1.755760e-001	2.520000e-004	
1765	8.157400e-001	1.760560e-001	2.200000e-004	
1766	8.151960e-001	1.765880e-001	2.320000e-004	
1767	8.147000e-001	1.770440e-001	2.720000e-004	
1768	8.141080e-001	1.776360e-001	2.720000e-004	
1769	8.135880e-001	1.781640e-001	2.640000e-004	
1770	8.128520e-001	1.789120e-001	2.520000e-004	
1771	8.124040e-001	1.792720e-001	3.400000e-004	
1772	8.120040e-001	1.797640e-001	2.480000e-004	
1773	8.114440e-001	1.803400e-001	2.320000e-004	
1774	8.108760e-001	1.808760e-001	2.640000e-004	
1775	8.103200e-001	1.814520e-001	2.440000e-004	
1776	8.097320e-001	1.820120e-001	2.720000e-004	
1777	8.091520e-001	1.826120e-001	2.520000e-004	
1778	8.086280e-001	1.830960e-001	2.920000e-004	
1779	8.081160e-001	1.836360e-001	2.640000e-004	
1780	8.075960e-001	1.841680e-001	2.520000e-004	
1781	8.070320e-001	1.847720e-001	2.120000e-004	
1782	8.063480e-001	1.855080e-001	1.600000e-004	
1783	8.056760e-001	1.861680e-001	1.720000e-004	
1784	8.050800e-001	1.867760e-001	1.600000e-004	
1785	8.043840e-001	1.875240e-001	1.080000e-004	
1786	8.036240e-001	1.883000e-001	9.200000e-005	
1787	8.029000e-001	1.890480e-001	6.800000e-005	
1788	8.022480e-001	1.897160e-001	5.200000e-005	
1789	8.014320e-001	1.905360e-001	4.800000e-005	
1790	8.006440e-001	1.913120e-001	6.000000e-005	
1791	7.998880e-001	1.920840e-001	4.400000e-005	
1792	7.991000e-001	1.928840e-001	3.200000e-005	
1793	7.983040e-001	1.937120e-001	0	
1794	7.975760e-001	1.944400e-001	0	
1795	7.967680e-001	1.952480e-001	0	
1796	7.960080e-001	1.960080e-001	0	
1797	7.952160e-001	1.968000e-001	0	
1798	7.944200e-001	1.975920e-001	4.000000e-006	
1799	7.936520e-001	1.983640e-001	0	
1800	7.928600e-001	1.991560e-001	0	
1801	7.921160e-001	1.999000e-001	0	
1802	7.913000e-001	2.007160e-001	0	
1803	7.904840e-001	2.015320e-001	0	
1804	7.897000e-001	2.023160e-001	0	
1805	7.889480e-001	2.030680e-001	0	
1806	7.881720e-001	2.038440e-001	0	
1807	7.874880e-001	2.045280e-001	0	
1808	7.867520e-001	2.052640e-001	0	
1809	7.858960e-001	2.061200e-001	0	
1810	7.851720e-001	2.068440e-001	0	
1811	7.843680e-001	2.076440e-001	4.000000e-006	
1812	7.834040e-001	2.086000e-001	1.200000e-005	
1813	7.826320e-001	2.093680e-001	1.600000e-005	
1814	7.818280e-001	2.101680e-001	2.000000e-005	
1815	7.810560e-001	2.109400e-001	2.000000e-005	
1816	7.803440e-001	2.116520e-001	2.000000e-005	
1817	7.796160e-001	2.123640e-001	3.600000e-005	
1818	7.788880e-001	2.130920e-001	3.600000e-005	
1819	7.782080e-001	2.137880e-001	2.000000e-005	
1820	7.775240e-001	2.144600e-001	3.200000e-005	
1821	7.768160e-001	2.151800e-001	2.000000e-005	
1822	7.760160e-001	2.159760e-001	2.400000e-005	
1823	7.752200e-001	2.167680e-001	2.800000e-005	
1824	7.745080e-001	2.174720e-001	3.600000e-005	
1825	7.737880e-001	2.181960e-001	3.200000e-005	
1826	7.730640e-001	2.189200e-001	3.200000e-005	
1827	7.723720e-001	2.196120e-001	3.200000e-005	
1828	7.715880e-001	2.203880e-001	4.000000e-005	
1829	7.708080e-001	2.211600e-001	4.800000e-005	
1830	7.699840e-001	2.219760e-001	5.600000e-005	
1831	7.693760e-001	2.226000e-001	4.000000e-005	
1832	7.686200e-001	2.233320e-001	6.400000e-005	
1833	7.679040e-001	2.240320e-001	8.000000e-005	
1834	7.670880e-001	2.248280e-001	1.000000e-004	
1835	7.664240e-001	2.255080e-001	8.400000e-005	
1836	7.657840e-001	2.261280e-001	1.040000e-004	
1837	7.650080e-001	2.268840e-001	1.240000e-004	
1838	7.642720e-001	2.276480e-001	9.600000e-005	
1839	7.636000e-001	2.283320e-001	8.400000e-005	
1840	7.629040e-001	2.289920e-001	1.200000e-004	
1841	7.622560e-001	2.296080e-001	1.520000e-004	
1842	7.617400e-001	2.301120e-001	1.640000e-004	
1843	7.612240e-001	2.306520e-001	1.400000e-004	
1844	7.607400e-001	2.311280e-001	1.480000e-004	
1845	7.602040e-001	2.316720e-001	1.400000e-004	
1846	7.595920e-001	2.322920e-001	1.320000e-004	
1847	7.589520e-001	2.329640e-001	1.000000e-004	
1848	7.582720e-001	2.336440e-001	1.000000e-004	
1849	7.576600e-001	2.342600e-001	9.600000e-005	
1850	7.570160e-001	2.349240e-001	7.600000e-005	
1851	7.563840e-001	2.355600e-001	7.200000e-005	
1852	7.556880e-001	2.362520e-001	7.600000e-005	
1853	7.550360e-001	2.368920e-001	8.800000e-005	
1854	7.544200e-001	2.375400e-001	5.600000e-005	
1855	7.537640e-001	2.382080e-001	4.400000e-005	
1856	7.530360e-001	2.389160e-001	6.400000e-005	
1857	7.523640e-001	2.396160e-001	3.600000e-005	
1858	7.515520e-001	2.404280e-001	3.600000e-005	
1859	7.508360e-001	2.411400e-001	4.000000e-005	
1860	7.501000e-001	2.418880e-001	2.800000e-005	
1861	7.494000e-001	2.426120e-001	4.000000e-006	
1862	7.487160e-001	2.433000e-001	0	
1863	7.479480e-001	2.440680e-001	0	
1864	7.471800e-001	2.448360e-001	0	
1865	7.465000e-001	2.455160e-001	0	
1866	7.457600e-001	2.462560e-001	0	
1867	7.450840e-001	2.469320e-001	0	
1868	7.442720e-001	2.477440e-001	0	
1869	7.434080e-001	2.486080e-001	0	
1870	7.426840e-001	2.493320e-001	0	
1871	7.419200e-001	2.500960e-001	0	
1872	7.412000e-001	2.508120e-001	4.000000e-006	
1873	7.404640e-001	2.515440e-001	8.000000e-006	
1874	7.397920e-001	2.522160e-001	8.000000e-006	
1875	7.390240e-001	2.529840e-001	8.000000e-006	
1876	7.383160e-001	2.536960e-001	4.000000e-006	
1877	7.375400e-001	2.544720e-001	4.000000e-006	
1878	7.367960e-001	2.552160e-001	4.000000e-006	
1879	7.360360e-001	2.559760e-001	4.000000e-006	
1880	7.353200e-001	2.566920e-001	4.000000e-006	
1881	7.346280e-001	2.573720e-001	1.600000e-005	
1882	7.338920e-001	2.581160e-001	8.000000e-006	
1883	7.331920e-001	2.588240e-001	0	
1884	7.324160e-001	2.596000e-001	0	
1885	7.316760e-001	2.603400e-001	0	
1886	7.310200e-001	2.609960e-001	0	
1887	7.303040e-001	2.617120e-001	0	
1888	7.295080e-001	2.625040e-001	4.000000e-006	
1889	7.288240e-001	2.631920e-001	0	
1890	7.281360e-001	2.638800e-001	0	
1891	7.274440e-001	2.645720e-001	0	
1892	7.267240e-001	2.652920e-001	0	
1893	7.259800e-001	2.660360e-001	0	
1894	7.252440e-001	2.667720e-001	0	
1895	7.244920e-001	2.675240e-001	0	
1896	7.237800e-001	2.682360e-001	0	
1897	7.230360e-001	2.689800e-001	0	
1898	7.223160e-001	2.697000e-001	0	
1899	7.216520e-001	2.703640e-001	0	
1900	7.209680e-001	2.710480e-001	0	
1901	7.203400e-001	2.716760e-001	0	
1902	7.196320e-001	2.723840e-001	0	
1903	7.188800e-001	2.731360e-001	0	
1904	7.181320e-001	2.738800e-001	4.000000e-006	
1905	7.174800e-001	2.745280e-001	8.000000e-006	
1906	7.167760e-001	2.752320e-001	8.000000e-006	
1907	7.161480e-001	2.758680e-001	0	
1908	7.154200e-001	2.765960e-001	0	
1909	7.147040e-001	2.773120e-001	0	
1910	7.139560e-001	2.780560e-001	4.000000e-006	
1911	7.132680e-001	2.787360e-001	1.200000e-005	
1912	7.125760e-001	2.794320e-001	8.000000e-006	
1913	7.119000e-001	2.801160e-001	0	
1914	7.111600e-001	2.808560e-001	0	
1915	7.104880e-001	2.815280e-001	0	
1916	7.097640e-001	2.822520e-001	0	
1917	7.090360e-001	2.829800e-001	0	
1918	7.083840e-001	2.836320e-001	0	
1919	7.077720e-001	2.842440e-001	0	
1920	7.070920e-001	2.849240e-001	0	
1921	7.064280e-001	2.855880e-001	0	
1922	7.057440e-001	2.862720e-001	0	
1923	7.051080e-001	2.869080e-001	0	
1924	7.043520e-001	2.876640e-001	0	
1925	7.036040e-001	2.884120e-001	0	
1926	7.028320e-001	2.891840e-001	0	
1927	7.020520e-001	2.899640e-001	0	
1928	7.014600e-001	2.905520e-001	4.000000e-006	
1929	7.008120e-001	2.912000e-001	4.000000e-006	
1930	7.001200e-001	2.918920e-001	4.000000e-006	
1931	6.994040e-001	2.926040e-001	8.000000e-006	
1932	6.987240e-001	2.932840e-001	8.000000e-006	
1933	6.980520e-001	2.939600e-001	4.000000e-006	
1934	6.973120e-001	2.947040e-001	0	
1935	6.967040e-001	2.953120e-001	0	
1936	6.960360e-001	2.959800e-001	0	
1937	6.953560e-001	2.966600e-001	0	
1938	6.946400e-001	2.973760e-001	0	
1939	6.940400e-001	2.979760e-001	0	
1940	6.934040e-001	2.986120e-001	0	
1941	6.926600e-001	2.993560e-001	0	
1942	6.919560e-001	3.000600e-001	0	
1943	6.912120e-001	3.008040e-001	0	
1944	6.904320e-001	3.015840e-001	0	
1945	6.897640e-001	3.022480e-001	4.000000e-006	
1946	6.890600e-001	3.029520e-001	4.000000e-006	
1947	6.883640e-001	3.036440e-001	8.000000e-006	
1948	6.877480e-001	3.042640e-001	4.000000e-006	
1949	6.871440e-001	3.048720e-001	0	
1950	6.864880e-001	3.055280e-001	0	
1951	6.857640e-001	3.062480e-001	4.000000e-006	
1952	6.851040e-001	3.069040e-001	8.000000e-006	
1953	6.844800e-001	3.075320e-001	4.000000e-006	
1954	6.838200e-001	3.081960e-001	0	
1955	6.831240e-001	3.088920e-001	0	
1956	6.824640e-001	3.095520e-001	0	
1957	6.817240e-001	3.102920e-001	0	
1958	6.811080e-001	3.109080e-001	0	
1959	6.804840e-001	3.115320e-001	0	
1960	6.798120e-001	3.122040e-001	0	
1961	6.791400e-001	3.128760e-001	0	
1962	6.783600e-001	3.136560e-001	0	
1963	6.777120e-001	3.143040e-001	0	
1964	6.770160e-001	3.150000e-001	0	
1965	6.763240e-001	3.156920e-001	0	
1966	6.757160e-001	3.163000e-001	0	
1967	6.749840e-001	3.170320e-001	0	
1968	6.742160e-001	3.178000e-001	0	
1969	6.734800e-001	3.185360e-001	0	
1970	6.728520e-001	3.191640e-001	0	
1971	6.721080e-001	3.199080e-001	0	
1972	6.714040e-001	3.206080e-001	4.000000e-006	
1973	6.707160e-001	3.213000e-001	0	
1974	6.700080e-001	3.220080e-001	0	
1975	6.693680e-001	3.226480e-001	0	
1976	6.687480e-001	3.232680e-001	0	
1977	6.679680e-001	3.240480e-001	0	
1978	6.673120e-001	3.247040e-001	0	
1979	6.666280e-001	3.253880e-001	0	
1980	6.658640e-001	3.261520e-001	0	
1981	6.651480e-001	3.268680e-001	0	
1982	6.645200e-001	3.274960e-001	0	
1983	6.639040e-001	3.281120e-001	0	
1984	6.631440e-001	3.288720e-001	0	
1985	6.624640e-001	3.295520e-001	0	
1986	6.617800e-001	3.302360e-001	0	
1987	6.611040e-001	3.309120e-001	0	
1988	6.604560e-001	3.315600e-001	0	
1989	6.597360e-001	3.322760e-001	4.000000e-006	
1990	6.589760e-001	3.330320e-001	8.000000e-006	
1991	6.582520e-001	3.337560e-001	8.000000e-006	
1992	6.576520e-001	3.343600e-001	4.000000e-006	
1993	6.570440e-001	3.349720e-001	0	
1994	6.564040e-001	3.356120e-001	0	
1995	6.558520e-001	3.361640e-001	0	
1996	6.551720e-001	3.368440e-001	0	
1997	6.545800e-001	3.374360e-001	0	
1998	6.539280e-001	3.380880e-001	0	
1999	6.532560e-001	3.387600e-001	0	
2000	6.525760e-001	3.394360e-001	4.000000e-006	
2001	6.519120e-001	3.400880e-001	1.600000e-005	
