1	0	
2	0	
3	0	
4	0	
5	0	
6	0	
7	0	
8	0	
9	0	
10	0	
11	0	
12	0	
13	0	
14	0	
15	0	
16	0	
17	0	
18	0	
19	0	
20	2.500000e-005	
21	2.500000e-005	
22	5.000000e-005	
23	5.000000e-005	
24	7.500000e-005	
25	1.250000e-004	
26	7.500000e-005	
27	2.500000e-005	
28	2.500000e-005	
29	0	
30	0	
31	0	
32	0	
33	0	
34	0	
35	0	
36	0	
37	0	
38	0	
39	0	
40	0	
41	0	
42	0	
43	0	
44	0	
45	0	
46	0	
47	0	
48	0	
49	0	
50	0	
51	0	
52	0	
53	0	
54	0	
55	0	
56	0	
57	0	
58	0	
59	0	
60	0	
61	0	
62	0	
63	0	
64	0	
65	0	
66	0	
67	0	
68	0	
69	0	
70	0	
71	0	
72	0	
73	0	
74	0	
75	0	
76	0	
77	0	
78	0	
79	0	
80	0	
81	0	
82	0	
83	0	
84	0	
85	0	
86	0	
87	0	
88	0	
89	0	
90	0	
91	0	
92	0	
93	0	
94	0	
95	0	
96	0	
97	0	
98	0	
99	0	
100	0	
101	0	
102	0	
103	0	
104	0	
105	0	
106	0	
107	0	
108	0	
109	0	
110	0	
111	0	
112	0	
113	0	
114	0	
115	0	
116	0	
117	0	
118	0	
119	0	
120	0	
121	0	
122	0	
123	0	
124	0	
125	0	
126	0	
127	0	
128	0	
129	0	
130	0	
131	0	
132	0	
133	0	
134	0	
135	0	
136	0	
137	0	
138	0	
139	0	
140	0	
141	0	
142	0	
143	0	
144	0	
145	0	
146	0	
147	0	
148	0	
149	0	
150	0	
151	0	
152	0	
153	0	
154	0	
155	0	
156	0	
157	0	
158	0	
159	0	
160	0	
161	0	
162	0	
163	0	
164	0	
165	0	
166	0	
167	0	
168	0	
169	0	
170	0	
171	0	
172	0	
173	0	
174	0	
175	0	
176	0	
177	0	
178	0	
179	0	
180	0	
181	2.500000e-005	
182	1.000000e-004	
183	7.500000e-005	
184	1.000000e-004	
185	5.000000e-005	
186	1.250000e-004	
187	2.000000e-004	
188	1.000000e-004	
189	7.500000e-005	
190	7.500000e-005	
191	1.000000e-004	
192	7.500000e-005	
193	1.250000e-004	
194	1.250000e-004	
195	7.500000e-005	
196	1.000000e-004	
197	1.250000e-004	
198	5.000000e-005	
199	5.000000e-005	
200	1.000000e-004	
201	1.250000e-004	
202	2.250000e-004	
203	2.500000e-004	
204	2.000000e-004	
205	1.750000e-004	
206	1.250000e-004	
207	2.750000e-004	
208	2.750000e-004	
209	3.000000e-004	
210	2.500000e-004	
211	4.250000e-004	
212	6.500000e-004	
213	5.000000e-004	
214	4.500000e-004	
215	4.750000e-004	
216	5.250000e-004	
217	5.250000e-004	
218	5.500000e-004	
219	7.250000e-004	
220	9.500000e-004	
221	9.000000e-004	
222	8.250000e-004	
223	9.750000e-004	
224	9.000000e-004	
225	7.750000e-004	
226	9.500000e-004	
227	9.750000e-004	
228	8.000000e-004	
229	7.500000e-004	
230	1.025000e-003	
231	1.025000e-003	
232	7.750000e-004	
233	9.250000e-004	
234	9.000000e-004	
235	9.500000e-004	
236	9.250000e-004	
237	1.050000e-003	
238	1.125000e-003	
239	9.500000e-004	
240	7.250000e-004	
241	7.750000e-004	
242	9.000000e-004	
243	9.000000e-004	
244	8.000000e-004	
245	1.050000e-003	
246	1.100000e-003	
247	1.300000e-003	
248	1.100000e-003	
249	1.000000e-003	
250	1.025000e-003	
251	1.075000e-003	
252	1.200000e-003	
253	1.250000e-003	
254	1.225000e-003	
255	1.425000e-003	
256	1.150000e-003	
257	1.375000e-003	
258	1.825000e-003	
259	2.100000e-003	
260	1.525000e-003	
261	1.150000e-003	
262	1.325000e-003	
263	1.325000e-003	
264	1.350000e-003	
265	1.575000e-003	
266	1.850000e-003	
267	1.625000e-003	
268	1.650000e-003	
269	1.475000e-003	
270	1.700000e-003	
271	1.750000e-003	
272	1.700000e-003	
273	1.725000e-003	
274	1.675000e-003	
275	1.675000e-003	
276	1.375000e-003	
277	1.575000e-003	
278	1.625000e-003	
279	1.950000e-003	
280	1.800000e-003	
281	1.625000e-003	
282	1.850000e-003	
283	2.325000e-003	
284	2.475000e-003	
285	2.050000e-003	
286	2.025000e-003	
287	2.250000e-003	
288	2.300000e-003	
289	2.275000e-003	
290	1.875000e-003	
291	1.675000e-003	
292	1.850000e-003	
293	2.300000e-003	
294	2.425000e-003	
295	2.650000e-003	
296	2.475000e-003	
297	2.475000e-003	
298	2.950000e-003	
299	2.975000e-003	
300	2.850000e-003	
301	3.000000e-003	
302	3.000000e-003	
303	3.300000e-003	
304	2.825000e-003	
305	2.925000e-003	
306	2.475000e-003	
307	2.500000e-003	
308	2.875000e-003	
309	2.700000e-003	
310	2.550000e-003	
311	2.350000e-003	
312	1.975000e-003	
313	2.300000e-003	
314	2.250000e-003	
315	2.025000e-003	
316	2.275000e-003	
317	2.450000e-003	
318	2.825000e-003	
319	2.950000e-003	
320	3.000000e-003	
321	3.200000e-003	
322	2.750000e-003	
323	2.800000e-003	
324	2.450000e-003	
325	2.425000e-003	
326	2.600000e-003	
327	2.775000e-003	
328	2.625000e-003	
329	2.350000e-003	
330	1.900000e-003	
331	1.800000e-003	
332	2.050000e-003	
333	2.300000e-003	
334	2.375000e-003	
335	2.375000e-003	
336	2.350000e-003	
337	2.300000e-003	
338	2.200000e-003	
339	2.225000e-003	
340	2.125000e-003	
341	2.250000e-003	
342	2.400000e-003	
343	2.675000e-003	
344	2.750000e-003	
345	2.375000e-003	
346	2.500000e-003	
347	2.325000e-003	
348	2.250000e-003	
349	2.500000e-003	
350	3.075000e-003	
351	3.050000e-003	
352	2.500000e-003	
353	2.500000e-003	
354	2.825000e-003	
355	3.325000e-003	
356	3.200000e-003	
357	3.100000e-003	
358	3.000000e-003	
359	3.250000e-003	
360	3.225000e-003	
361	3.275000e-003	
362	3.550000e-003	
363	3.275000e-003	
364	3.575000e-003	
365	3.875000e-003	
366	3.575000e-003	
367	3.575000e-003	
368	3.650000e-003	
369	4.225000e-003	
370	4.500000e-003	
371	4.450000e-003	
372	4.350000e-003	
373	4.225000e-003	
374	4.350000e-003	
375	4.250000e-003	
376	3.750000e-003	
377	3.875000e-003	
378	3.925000e-003	
379	4.475000e-003	
380	4.225000e-003	
381	3.725000e-003	
382	3.550000e-003	
383	3.325000e-003	
384	3.050000e-003	
385	2.525000e-003	
386	2.775000e-003	
387	2.525000e-003	
388	2.500000e-003	
389	2.475000e-003	
390	2.325000e-003	
391	2.125000e-003	
392	1.725000e-003	
393	1.700000e-003	
394	1.775000e-003	
395	2.075000e-003	
396	2.500000e-003	
397	2.250000e-003	
398	2.050000e-003	
399	2.175000e-003	
400	2.325000e-003	
401	2.425000e-003	
402	2.425000e-003	
403	2.650000e-003	
404	2.975000e-003	
405	3.025000e-003	
406	3.000000e-003	
407	2.525000e-003	
408	2.500000e-003	
409	2.650000e-003	
410	2.225000e-003	
411	2.225000e-003	
412	2.250000e-003	
413	2.100000e-003	
414	1.950000e-003	
415	2.000000e-003	
416	2.350000e-003	
417	2.650000e-003	
418	2.775000e-003	
419	3.175000e-003	
420	2.975000e-003	
421	2.800000e-003	
422	2.525000e-003	
423	2.450000e-003	
424	2.725000e-003	
425	2.575000e-003	
426	2.625000e-003	
427	2.500000e-003	
428	2.525000e-003	
429	2.700000e-003	
430	2.400000e-003	
431	2.450000e-003	
432	2.550000e-003	
433	2.475000e-003	
434	2.775000e-003	
435	2.750000e-003	
436	2.725000e-003	
437	2.725000e-003	
438	2.000000e-003	
439	1.475000e-003	
440	1.175000e-003	
441	1.000000e-003	
442	1.000000e-003	
443	8.000000e-004	
444	7.000000e-004	
445	6.000000e-004	
446	5.000000e-004	
447	4.750000e-004	
448	7.000000e-004	
449	4.250000e-004	
450	4.250000e-004	
451	6.250000e-004	
452	5.250000e-004	
453	6.750000e-004	
454	7.000000e-004	
455	8.000000e-004	
456	9.250000e-004	
457	7.250000e-004	
458	5.750000e-004	
459	4.000000e-004	
460	4.750000e-004	
461	4.750000e-004	
462	7.250000e-004	
463	6.750000e-004	
464	4.250000e-004	
465	5.500000e-004	
466	7.000000e-004	
467	5.500000e-004	
468	4.500000e-004	
469	4.500000e-004	
470	4.000000e-004	
471	4.250000e-004	
472	5.000000e-004	
473	5.750000e-004	
474	5.250000e-004	
475	4.500000e-004	
476	5.750000e-004	
477	6.500000e-004	
478	1.025000e-003	
479	1.000000e-003	
480	6.250000e-004	
481	4.250000e-004	
482	5.000000e-004	
483	5.250000e-004	
484	5.500000e-004	
485	6.000000e-004	
486	5.750000e-004	
487	5.500000e-004	
488	6.750000e-004	
489	5.500000e-004	
490	5.500000e-004	
491	6.500000e-004	
492	6.000000e-004	
493	5.000000e-004	
494	4.500000e-004	
495	4.250000e-004	
496	4.250000e-004	
497	4.250000e-004	
498	4.000000e-004	
499	4.000000e-004	
500	2.750000e-004	
501	2.500000e-004	
502	2.750000e-004	
503	3.250000e-004	
504	3.000000e-004	
505	2.250000e-004	
506	2.500000e-004	
507	2.250000e-004	
508	1.750000e-004	
509	1.250000e-004	
510	5.000000e-005	
511	5.000000e-005	
512	5.000000e-005	
513	0	
514	0	
515	0	
516	0	
517	0	
518	0	
519	0	
520	0	
521	0	
522	0	
523	0	
524	0	
525	0	
526	0	
527	0	
528	0	
529	0	
530	0	
531	0	
532	0	
533	0	
534	0	
535	0	
536	0	
537	0	
538	0	
539	0	
540	0	
541	0	
542	0	
543	0	
544	0	
545	0	
546	0	
547	0	
548	0	
549	0	
550	0	
551	0	
552	0	
553	0	
554	0	
555	0	
556	0	
557	0	
558	0	
559	0	
560	0	
561	0	
562	0	
563	0	
564	0	
565	0	
566	0	
567	0	
568	0	
569	0	
570	0	
571	0	
572	0	
573	0	
574	0	
575	0	
576	0	
577	0	
578	0	
579	0	
580	0	
581	0	
582	0	
583	0	
584	0	
585	0	
586	0	
587	0	
588	0	
589	0	
590	0	
591	0	
592	0	
593	0	
594	0	
595	0	
596	0	
597	0	
598	0	
599	0	
600	0	
601	0	
602	0	
603	0	
604	0	
605	0	
606	0	
607	0	
608	0	
609	0	
610	0	
611	0	
612	0	
613	0	
614	0	
615	0	
616	2.500000e-005	
617	7.500000e-005	
618	7.500000e-005	
619	5.000000e-005	
620	7.500000e-005	
621	7.500000e-005	
622	0	
623	0	
624	0	
625	0	
626	0	
627	0	
628	0	
629	0	
630	0	
631	0	
632	0	
633	0	
634	0	
635	0	
636	0	
637	0	
638	0	
639	0	
640	0	
641	0	
642	0	
643	0	
644	0	
645	0	
646	2.500000e-005	
647	2.500000e-005	
648	2.500000e-005	
649	5.000000e-005	
650	0	
651	0	
652	0	
653	0	
654	0	
655	0	
656	0	
657	0	
658	0	
659	0	
660	0	
661	0	
662	0	
663	0	
664	0	
665	0	
666	0	
667	0	
668	0	
669	0	
670	0	
671	0	
672	0	
673	0	
674	0	
675	0	
676	0	
677	0	
678	0	
679	0	
680	0	
681	0	
682	0	
683	0	
684	0	
685	0	
686	0	
687	0	
688	0	
689	0	
690	0	
691	0	
692	0	
693	0	
694	0	
695	0	
696	0	
697	0	
698	0	
699	0	
700	0	
701	0	
702	0	
703	0	
704	0	
705	0	
706	0	
707	0	
708	0	
709	0	
710	0	
711	0	
712	0	
713	0	
714	0	
715	0	
716	0	
717	0	
718	0	
719	0	
720	0	
721	0	
722	0	
723	0	
724	0	
725	0	
726	0	
727	0	
728	0	
729	0	
730	0	
731	0	
732	0	
733	0	
734	0	
735	0	
736	0	
737	0	
738	0	
739	0	
740	0	
741	0	
742	2.500000e-005	
743	2.500000e-005	
744	0	
745	0	
746	0	
747	0	
748	0	
749	0	
750	0	
751	0	
752	0	
753	0	
754	0	
755	0	
756	0	
757	0	
758	0	
759	0	
760	0	
761	0	
762	0	
763	0	
764	0	
765	0	
766	0	
767	0	
768	0	
769	0	
770	0	
771	0	
772	0	
773	2.500000e-005	
774	2.500000e-005	
775	5.000000e-005	
776	2.500000e-005	
777	5.000000e-005	
778	2.500000e-005	
779	2.500000e-005	
780	0	
781	0	
782	0	
783	0	
784	0	
785	0	
786	0	
787	0	
788	0	
789	0	
790	0	
791	0	
792	0	
793	0	
794	0	
795	0	
796	0	
797	0	
798	0	
799	0	
800	0	
801	0	
802	0	
803	0	
804	0	
805	0	
806	0	
807	0	
808	0	
809	0	
810	0	
811	0	
812	0	
813	0	
814	0	
815	2.500000e-005	
816	2.500000e-005	
817	0	
818	0	
819	0	
820	0	
821	0	
822	0	
823	0	
824	0	
825	0	
826	0	
827	0	
828	0	
829	0	
830	0	
831	0	
832	0	
833	0	
834	0	
835	0	
836	0	
837	0	
838	0	
839	0	
840	0	
841	0	
842	0	
843	0	
844	0	
845	0	
846	0	
847	0	
848	0	
849	0	
850	0	
851	0	
852	0	
853	0	
854	0	
855	0	
856	0	
857	0	
858	0	
859	0	
860	0	
861	0	
862	2.500000e-005	
863	5.000000e-005	
864	1.250000e-004	
865	7.500000e-005	
866	5.000000e-005	
867	1.000000e-004	
868	1.250000e-004	
869	1.000000e-004	
870	1.500000e-004	
871	1.750000e-004	
872	5.000000e-005	
873	5.000000e-005	
874	0	
875	0	
876	0	
877	0	
878	0	
879	0	
880	0	
881	0	
882	0	
883	0	
884	0	
885	0	
886	0	
887	0	
888	0	
889	0	
890	0	
891	0	
892	0	
893	0	
894	0	
895	0	
896	0	
897	0	
898	0	
899	0	
900	0	
901	2.500000e-005	
902	5.000000e-005	
903	1.500000e-004	
904	2.000000e-004	
905	1.250000e-004	
906	1.250000e-004	
907	1.250000e-004	
908	1.750000e-004	
909	2.750000e-004	
910	1.000000e-004	
911	1.750000e-004	
912	1.000000e-004	
913	7.500000e-005	
914	7.500000e-005	
915	2.500000e-005	
916	2.500000e-005	
917	0	
918	0	
919	0	
920	0	
921	0	
922	0	
923	0	
924	0	
925	0	
926	0	
927	0	
928	0	
929	0	
930	0	
931	0	
932	0	
933	0	
934	0	
935	0	
936	0	
937	0	
938	0	
939	0	
940	0	
941	0	
942	0	
943	0	
944	0	
945	0	
946	0	
947	0	
948	0	
949	0	
950	0	
951	0	
952	0	
953	0	
954	0	
955	0	
956	0	
957	0	
958	0	
959	0	
960	0	
961	0	
962	0	
963	0	
964	0	
965	0	
966	0	
967	0	
968	0	
969	0	
970	0	
971	0	
972	0	
973	0	
974	0	
975	0	
976	0	
977	0	
978	0	
979	0	
980	0	
981	0	
982	0	
983	0	
984	0	
985	0	
986	0	
987	0	
988	0	
989	0	
990	0	
991	0	
992	0	
993	0	
994	0	
995	0	
996	0	
997	0	
998	0	
999	0	
1000	0	
1001	0	
1002	0	
1003	0	
1004	0	
1005	0	
1006	0	
1007	0	
1008	0	
1009	0	
1010	0	
1011	0	
1012	0	
1013	0	
1014	0	
1015	0	
1016	0	
1017	0	
1018	0	
1019	0	
1020	0	
1021	0	
1022	0	
1023	0	
1024	0	
1025	0	
1026	0	
1027	0	
1028	0	
1029	0	
1030	0	
1031	0	
1032	0	
1033	0	
1034	0	
1035	0	
1036	0	
1037	0	
1038	0	
1039	0	
1040	0	
1041	0	
1042	0	
1043	0	
1044	0	
1045	0	
1046	0	
1047	0	
1048	0	
1049	0	
1050	0	
1051	0	
1052	2.500000e-005	
1053	0	
1054	0	
1055	0	
1056	0	
1057	0	
1058	0	
1059	0	
1060	0	
1061	0	
1062	0	
1063	0	
1064	0	
1065	0	
1066	0	
1067	0	
1068	0	
1069	0	
1070	0	
1071	0	
1072	0	
1073	0	
1074	0	
1075	0	
1076	0	
1077	0	
1078	0	
1079	0	
1080	0	
1081	0	
1082	0	
1083	0	
1084	0	
1085	0	
1086	0	
1087	0	
1088	0	
1089	0	
1090	0	
1091	0	
1092	0	
1093	0	
1094	0	
1095	0	
1096	0	
1097	0	
1098	0	
1099	0	
1100	0	
1101	0	
1102	0	
1103	0	
1104	0	
1105	0	
1106	0	
1107	0	
1108	0	
1109	0	
1110	0	
1111	0	
1112	0	
1113	0	
1114	0	
1115	0	
1116	0	
1117	0	
1118	0	
1119	0	
1120	0	
1121	0	
1122	0	
1123	0	
1124	0	
1125	0	
1126	0	
1127	0	
1128	0	
1129	0	
1130	0	
1131	0	
1132	0	
1133	0	
1134	0	
1135	0	
1136	0	
1137	0	
1138	0	
1139	2.500000e-005	
1140	2.500000e-005	
1141	1.000000e-004	
1142	1.500000e-004	
1143	5.000000e-005	
1144	5.000000e-005	
1145	1.250000e-004	
1146	1.500000e-004	
1147	1.500000e-004	
1148	1.500000e-004	
1149	1.000000e-004	
1150	1.250000e-004	
1151	1.500000e-004	
1152	1.750000e-004	
1153	1.750000e-004	
1154	1.000000e-004	
1155	1.500000e-004	
1156	3.750000e-004	
1157	2.750000e-004	
1158	1.750000e-004	
1159	2.500000e-004	
1160	3.750000e-004	
1161	4.250000e-004	
1162	4.750000e-004	
1163	4.250000e-004	
1164	4.000000e-004	
1165	4.250000e-004	
1166	5.500000e-004	
1167	5.750000e-004	
1168	6.750000e-004	
1169	6.500000e-004	
1170	6.500000e-004	
1171	4.000000e-004	
1172	3.750000e-004	
1173	2.750000e-004	
1174	3.250000e-004	
1175	2.250000e-004	
1176	3.000000e-004	
1177	3.250000e-004	
1178	5.250000e-004	
1179	5.500000e-004	
1180	5.000000e-004	
1181	5.500000e-004	
1182	6.000000e-004	
1183	5.500000e-004	
1184	4.750000e-004	
1185	4.500000e-004	
1186	5.250000e-004	
1187	4.750000e-004	
1188	5.750000e-004	
1189	6.250000e-004	
1190	7.000000e-004	
1191	8.000000e-004	
1192	7.250000e-004	
1193	1.050000e-003	
1194	1.400000e-003	
1195	1.150000e-003	
1196	9.750000e-004	
1197	8.000000e-004	
1198	8.750000e-004	
1199	8.750000e-004	
1200	1.075000e-003	
1201	1.000000e-003	
1202	1.075000e-003	
1203	7.750000e-004	
1204	8.000000e-004	
1205	9.750000e-004	
1206	1.175000e-003	
1207	1.600000e-003	
1208	1.625000e-003	
1209	1.875000e-003	
1210	1.625000e-003	
1211	1.600000e-003	
1212	1.325000e-003	
1213	1.500000e-003	
1214	1.525000e-003	
1215	1.600000e-003	
1216	1.350000e-003	
1217	1.575000e-003	
1218	1.325000e-003	
1219	1.625000e-003	
1220	1.700000e-003	
1221	1.800000e-003	
1222	2.100000e-003	
1223	2.225000e-003	
1224	2.500000e-003	
1225	2.075000e-003	
1226	2.050000e-003	
1227	2.200000e-003	
1228	2.300000e-003	
1229	2.700000e-003	
1230	2.775000e-003	
1231	2.550000e-003	
1232	3.000000e-003	
1233	2.625000e-003	
1234	2.775000e-003	
1235	2.750000e-003	
1236	2.850000e-003	
1237	3.025000e-003	
1238	3.400000e-003	
1239	3.775000e-003	
1240	3.550000e-003	
1241	2.725000e-003	
1242	3.100000e-003	
1243	3.250000e-003	
1244	3.325000e-003	
1245	3.275000e-003	
1246	3.475000e-003	
1247	3.500000e-003	
1248	3.800000e-003	
1249	3.625000e-003	
1250	3.875000e-003	
1251	4.500000e-003	
1252	4.100000e-003	
1253	3.850000e-003	
1254	4.375000e-003	
1255	4.000000e-003	
1256	4.075000e-003	
1257	4.300000e-003	
1258	4.625000e-003	
1259	4.500000e-003	
1260	4.150000e-003	
1261	4.375000e-003	
1262	4.325000e-003	
1263	4.175000e-003	
1264	4.150000e-003	
1265	4.075000e-003	
1266	4.025000e-003	
1267	3.950000e-003	
1268	3.825000e-003	
1269	4.100000e-003	
1270	4.200000e-003	
1271	4.400000e-003	
1272	5.025000e-003	
1273	4.625000e-003	
1274	4.025000e-003	
1275	4.275000e-003	
1276	4.275000e-003	
1277	3.375000e-003	
1278	3.450000e-003	
1279	3.550000e-003	
1280	3.150000e-003	
1281	3.000000e-003	
1282	2.825000e-003	
1283	3.325000e-003	
1284	3.275000e-003	
1285	3.375000e-003	
1286	3.275000e-003	
1287	3.025000e-003	
1288	2.850000e-003	
1289	3.025000e-003	
1290	2.900000e-003	
1291	3.175000e-003	
1292	3.125000e-003	
1293	3.100000e-003	
1294	3.400000e-003	
1295	3.275000e-003	
1296	3.450000e-003	
1297	3.625000e-003	
1298	3.325000e-003	
1299	3.375000e-003	
1300	3.325000e-003	
1301	3.300000e-003	
1302	2.925000e-003	
1303	2.850000e-003	
1304	2.750000e-003	
1305	2.375000e-003	
1306	1.950000e-003	
1307	1.875000e-003	
1308	2.225000e-003	
1309	2.450000e-003	
1310	2.300000e-003	
1311	2.325000e-003	
1312	2.475000e-003	
1313	2.375000e-003	
1314	2.325000e-003	
1315	2.400000e-003	
1316	2.275000e-003	
1317	2.175000e-003	
1318	1.925000e-003	
1319	1.625000e-003	
1320	1.450000e-003	
1321	1.400000e-003	
1322	1.500000e-003	
1323	1.650000e-003	
1324	1.675000e-003	
1325	1.925000e-003	
1326	1.800000e-003	
1327	1.575000e-003	
1328	1.725000e-003	
1329	1.875000e-003	
1330	1.750000e-003	
1331	2.025000e-003	
1332	1.775000e-003	
1333	1.450000e-003	
1334	1.525000e-003	
1335	1.400000e-003	
1336	1.550000e-003	
1337	1.525000e-003	
1338	1.500000e-003	
1339	2.075000e-003	
1340	1.800000e-003	
1341	1.500000e-003	
1342	1.600000e-003	
1343	1.500000e-003	
1344	1.425000e-003	
1345	1.250000e-003	
1346	1.325000e-003	
1347	1.225000e-003	
1348	1.575000e-003	
1349	1.525000e-003	
1350	1.600000e-003	
1351	1.975000e-003	
1352	1.675000e-003	
1353	1.725000e-003	
1354	1.550000e-003	
1355	1.550000e-003	
1356	1.375000e-003	
1357	1.125000e-003	
1358	1.175000e-003	
1359	9.750000e-004	
1360	9.250000e-004	
1361	6.750000e-004	
1362	6.250000e-004	
1363	6.250000e-004	
1364	6.000000e-004	
1365	4.500000e-004	
1366	4.250000e-004	
1367	5.000000e-004	
1368	7.000000e-004	
1369	6.000000e-004	
1370	8.250000e-004	
1371	8.750000e-004	
1372	1.025000e-003	
1373	1.075000e-003	
1374	9.000000e-004	
1375	9.750000e-004	
1376	1.100000e-003	
1377	9.750000e-004	
1378	1.050000e-003	
1379	1.050000e-003	
1380	1.000000e-003	
1381	9.000000e-004	
1382	1.000000e-003	
1383	9.750000e-004	
1384	8.750000e-004	
1385	9.250000e-004	
1386	8.250000e-004	
1387	7.000000e-004	
1388	5.250000e-004	
1389	6.750000e-004	
1390	7.750000e-004	
1391	7.250000e-004	
1392	8.500000e-004	
1393	7.500000e-004	
1394	7.750000e-004	
1395	9.000000e-004	
1396	8.750000e-004	
1397	7.500000e-004	
1398	4.500000e-004	
1399	5.500000e-004	
1400	5.750000e-004	
1401	5.750000e-004	
1402	5.250000e-004	
1403	5.250000e-004	
1404	5.250000e-004	
1405	4.750000e-004	
1406	6.750000e-004	
1407	5.500000e-004	
1408	5.250000e-004	
1409	5.000000e-004	
1410	4.000000e-004	
1411	4.000000e-004	
1412	5.000000e-004	
1413	5.000000e-004	
1414	4.250000e-004	
1415	3.500000e-004	
1416	4.250000e-004	
1417	4.000000e-004	
1418	5.000000e-004	
1419	8.750000e-004	
1420	5.500000e-004	
1421	5.500000e-004	
1422	5.000000e-004	
1423	4.000000e-004	
1424	4.500000e-004	
1425	4.250000e-004	
1426	4.500000e-004	
1427	5.750000e-004	
1428	5.000000e-004	
1429	3.250000e-004	
1430	4.000000e-004	
1431	2.500000e-004	
1432	3.500000e-004	
1433	4.750000e-004	
1434	2.500000e-004	
1435	2.000000e-004	
1436	2.500000e-004	
1437	2.250000e-004	
1438	2.750000e-004	
1439	2.500000e-004	
1440	1.750000e-004	
1441	1.250000e-004	
1442	1.750000e-004	
1443	2.250000e-004	
1444	3.250000e-004	
1445	3.000000e-004	
1446	3.000000e-004	
1447	3.750000e-004	
1448	3.750000e-004	
1449	2.250000e-004	
1450	1.500000e-004	
1451	5.000000e-005	
1452	1.000000e-004	
1453	5.000000e-005	
1454	5.000000e-005	
1455	5.000000e-005	
1456	2.500000e-005	
1457	0	
1458	0	
1459	0	
1460	0	
1461	0	
1462	0	
1463	0	
1464	0	
1465	0	
1466	0	
1467	0	
1468	0	
1469	0	
1470	0	
1471	0	
1472	0	
1473	0	
1474	0	
1475	0	
1476	0	
1477	0	
1478	0	
1479	0	
1480	0	
1481	0	
1482	0	
1483	0	
1484	0	
1485	0	
1486	0	
1487	0	
1488	0	
1489	0	
1490	0	
1491	0	
1492	0	
1493	0	
1494	0	
1495	0	
1496	0	
1497	0	
1498	0	
1499	0	
1500	0	
1501	0	
1502	0	
1503	0	
1504	0	
1505	0	
1506	0	
1507	0	
1508	0	
1509	0	
1510	0	
1511	0	
1512	0	
1513	0	
1514	0	
1515	0	
1516	0	
1517	0	
1518	0	
1519	0	
1520	0	
1521	0	
1522	0	
1523	0	
1524	0	
1525	0	
1526	0	
1527	0	
1528	0	
1529	0	
1530	0	
1531	0	
1532	0	
1533	0	
1534	0	
1535	0	
1536	0	
1537	0	
1538	0	
1539	0	
1540	0	
1541	0	
1542	0	
1543	0	
1544	0	
1545	0	
1546	0	
1547	0	
1548	0	
1549	0	
1550	0	
1551	0	
1552	0	
1553	0	
1554	0	
1555	0	
1556	0	
1557	0	
1558	0	
1559	0	
1560	0	
1561	0	
1562	0	
1563	0	
1564	0	
1565	0	
1566	0	
1567	0	
1568	0	
1569	0	
1570	0	
1571	0	
1572	0	
1573	0	
1574	0	
1575	0	
1576	0	
1577	0	
1578	0	
1579	0	
1580	0	
1581	0	
1582	0	
1583	0	
1584	0	
1585	0	
1586	0	
1587	0	
1588	0	
1589	0	
1590	0	
1591	0	
1592	0	
1593	0	
1594	0	
1595	0	
1596	0	
1597	0	
1598	0	
1599	0	
1600	0	
1601	0	
1602	0	
1603	0	
1604	0	
1605	0	
1606	0	
1607	0	
1608	2.500000e-005	
1609	5.000000e-005	
1610	1.000000e-004	
1611	5.000000e-005	
1612	5.000000e-005	
1613	1.000000e-004	
1614	1.250000e-004	
1615	7.500000e-005	
1616	7.500000e-005	
1617	1.000000e-004	
1618	5.000000e-005	
1619	2.500000e-005	
1620	0	
1621	0	
1622	0	
1623	2.500000e-005	
1624	7.500000e-005	
1625	5.000000e-005	
1626	7.500000e-005	
1627	1.250000e-004	
1628	1.750000e-004	
1629	2.250000e-004	
1630	4.500000e-004	
1631	4.500000e-004	
1632	5.750000e-004	
1633	7.250000e-004	
1634	5.000000e-004	
1635	7.750000e-004	
1636	8.500000e-004	
1637	9.000000e-004	
1638	8.750000e-004	
1639	9.750000e-004	
1640	9.000000e-004	
1641	1.000000e-003	
1642	1.075000e-003	
1643	9.750000e-004	
1644	1.125000e-003	
1645	1.225000e-003	
1646	1.200000e-003	
1647	1.050000e-003	
1648	8.250000e-004	
1649	7.250000e-004	
1650	6.500000e-004	
1651	4.750000e-004	
1652	5.750000e-004	
1653	5.000000e-004	
1654	5.250000e-004	
1655	4.750000e-004	
1656	4.750000e-004	
1657	5.750000e-004	
1658	4.750000e-004	
1659	5.500000e-004	
1660	3.750000e-004	
1661	3.000000e-004	
1662	4.250000e-004	
1663	3.750000e-004	
1664	2.500000e-004	
1665	2.250000e-004	
1666	3.000000e-004	
1667	4.000000e-004	
1668	3.500000e-004	
1669	2.500000e-004	
1670	1.500000e-004	
1671	1.750000e-004	
1672	2.000000e-004	
1673	2.000000e-004	
1674	2.000000e-004	
1675	3.250000e-004	
1676	3.000000e-004	
1677	2.000000e-004	
1678	2.500000e-004	
1679	3.250000e-004	
1680	3.500000e-004	
1681	3.750000e-004	
1682	4.250000e-004	
1683	3.750000e-004	
1684	3.000000e-004	
1685	2.750000e-004	
1686	3.000000e-004	
1687	3.500000e-004	
1688	6.000000e-004	
1689	5.750000e-004	
1690	4.000000e-004	
1691	3.250000e-004	
1692	3.750000e-004	
1693	4.250000e-004	
1694	6.500000e-004	
1695	6.750000e-004	
1696	6.750000e-004	
1697	7.750000e-004	
1698	1.000000e-003	
1699	1.000000e-003	
1700	1.025000e-003	
1701	9.000000e-004	
1702	8.500000e-004	
1703	9.250000e-004	
1704	9.000000e-004	
1705	9.500000e-004	
1706	1.150000e-003	
1707	8.250000e-004	
1708	8.250000e-004	
1709	7.750000e-004	
1710	8.500000e-004	
1711	7.500000e-004	
1712	8.000000e-004	
1713	7.500000e-004	
1714	6.750000e-004	
1715	4.000000e-004	
1716	3.500000e-004	
1717	3.000000e-004	
1718	3.500000e-004	
1719	4.250000e-004	
1720	3.750000e-004	
1721	2.750000e-004	
1722	3.000000e-004	
1723	3.000000e-004	
1724	2.500000e-004	
1725	1.500000e-004	
1726	1.750000e-004	
1727	2.500000e-004	
1728	3.750000e-004	
1729	4.750000e-004	
1730	3.000000e-004	
1731	1.750000e-004	
1732	2.250000e-004	
1733	3.000000e-004	
1734	1.250000e-004	
1735	1.750000e-004	
1736	2.250000e-004	
1737	2.250000e-004	
1738	2.500000e-004	
1739	2.750000e-004	
1740	3.250000e-004	
1741	3.250000e-004	
1742	4.250000e-004	
1743	3.250000e-004	
1744	4.500000e-004	
1745	5.000000e-004	
1746	4.500000e-004	
1747	3.500000e-004	
1748	4.000000e-004	
1749	5.250000e-004	
1750	5.750000e-004	
1751	6.000000e-004	
1752	5.750000e-004	
1753	6.250000e-004	
1754	7.250000e-004	
1755	6.250000e-004	
1756	4.250000e-004	
1757	4.000000e-004	
1758	3.000000e-004	
1759	4.500000e-004	
1760	5.750000e-004	
1761	4.500000e-004	
1762	4.250000e-004	
1763	3.250000e-004	
1764	3.000000e-004	
1765	3.500000e-004	
1766	4.000000e-004	
1767	3.000000e-004	
1768	4.000000e-004	
1769	4.250000e-004	
1770	4.000000e-004	
1771	5.000000e-004	
1772	5.250000e-004	
1773	4.250000e-004	
1774	3.250000e-004	
1775	2.250000e-004	
1776	2.250000e-004	
1777	4.000000e-004	
1778	2.250000e-004	
1779	2.500000e-004	
1780	2.750000e-004	
1781	2.250000e-004	
1782	2.250000e-004	
1783	3.250000e-004	
1784	3.750000e-004	
1785	3.500000e-004	
1786	4.000000e-004	
1787	4.250000e-004	
1788	5.000000e-004	
1789	5.250000e-004	
1790	5.500000e-004	
1791	6.250000e-004	
1792	4.500000e-004	
1793	4.250000e-004	
1794	3.750000e-004	
1795	5.500000e-004	
1796	5.500000e-004	
1797	6.750000e-004	
1798	7.000000e-004	
1799	5.250000e-004	
1800	4.500000e-004	
1801	5.000000e-004	
1802	4.750000e-004	
1803	2.750000e-004	
1804	3.750000e-004	
1805	5.000000e-004	
1806	4.000000e-004	
1807	3.500000e-004	
1808	3.000000e-004	
1809	3.750000e-004	
1810	3.750000e-004	
1811	4.750000e-004	
1812	4.250000e-004	
1813	3.500000e-004	
1814	2.500000e-004	
1815	3.500000e-004	
1816	2.750000e-004	
1817	3.000000e-004	
1818	1.000000e-004	
1819	2.000000e-004	
1820	3.250000e-004	
1821	2.000000e-004	
1822	1.250000e-004	
1823	1.000000e-004	
1824	1.250000e-004	
1825	1.750000e-004	
1826	1.750000e-004	
1827	7.500000e-005	
1828	7.500000e-005	
1829	7.500000e-005	
1830	5.000000e-005	
1831	2.500000e-005	
1832	0	
1833	0	
1834	0	
1835	0	
1836	0	
1837	0	
1838	0	
1839	0	
1840	0	
1841	0	
1842	0	
1843	0	
1844	0	
1845	0	
1846	0	
1847	0	
1848	0	
1849	0	
1850	0	
1851	0	
1852	0	
1853	0	
1854	0	
1855	0	
1856	0	
1857	0	
1858	0	
1859	0	
1860	0	
1861	0	
1862	0	
1863	0	
1864	0	
1865	0	
1866	0	
1867	0	
1868	0	
1869	0	
1870	0	
1871	0	
1872	0	
1873	0	
1874	0	
1875	0	
1876	0	
1877	0	
1878	0	
1879	0	
1880	0	
1881	2.500000e-005	
1882	7.500000e-005	
1883	5.000000e-005	
1884	5.000000e-005	
1885	0	
1886	0	
1887	0	
1888	0	
1889	0	
1890	0	
1891	0	
1892	0	
1893	2.500000e-005	
1894	5.000000e-005	
1895	5.000000e-005	
1896	5.000000e-005	
1897	7.500000e-005	
1898	1.000000e-004	
1899	1.500000e-004	
1900	3.000000e-004	
1901	2.750000e-004	
1902	1.250000e-004	
1903	1.500000e-004	
1904	2.500000e-005	
1905	0	
1906	0	
1907	0	
1908	0	
1909	0	
1910	0	
1911	0	
1912	0	
1913	0	
1914	0	
1915	0	
1916	0	
1917	0	
1918	0	
1919	0	
1920	0	
1921	0	
1922	0	
1923	0	
1924	0	
1925	0	
1926	0	
1927	0	
1928	0	
1929	0	
1930	0	
1931	0	
1932	0	
1933	0	
1934	0	
1935	0	
1936	0	
1937	0	
1938	0	
1939	0	
1940	0	
1941	0	
1942	0	
1943	0	
1944	0	
1945	0	
1946	0	
1947	0	
1948	0	
1949	0	
1950	0	
1951	0	
1952	0	
1953	0	
1954	0	
1955	0	
1956	0	
1957	0	
1958	0	
1959	0	
1960	0	
1961	0	
1962	0	
1963	0	
1964	0	
1965	0	
1966	0	
1967	0	
1968	0	
1969	0	
1970	0	
1971	0	
1972	0	
1973	0	
1974	0	
1975	0	
1976	0	
1977	0	
1978	0	
1979	0	
1980	0	
1981	0	
1982	0	
1983	0	
1984	0	
1985	0	
1986	0	
1987	0	
1988	0	
1989	0	
1990	0	
1991	0	
1992	0	
1993	0	
1994	0	
1995	0	
1996	0	
1997	0	
1998	0	
1999	0	
2000	0	
2001	0	
2002	0	
2003	0	
2004	2.500000e-005	
2005	7.500000e-005	
2006	1.000000e-004	
2007	7.500000e-005	
2008	7.500000e-005	
2009	1.250000e-004	
2010	1.000000e-004	
2011	1.250000e-004	
2012	2.000000e-004	
2013	1.250000e-004	
2014	1.000000e-004	
2015	1.000000e-004	
2016	1.250000e-004	
2017	1.500000e-004	
2018	7.500000e-005	
2019	5.000000e-005	
2020	7.500000e-005	
2021	2.500000e-005	
2022	0	
2023	2.500000e-005	
2024	5.000000e-005	
2025	5.000000e-005	
2026	1.000000e-004	
2027	1.000000e-004	
2028	2.500000e-005	
2029	5.000000e-005	
2030	7.500000e-005	
2031	1.000000e-004	
2032	1.000000e-004	
2033	1.500000e-004	
2034	1.250000e-004	
2035	7.500000e-005	
2036	5.000000e-005	
2037	5.000000e-005	
2038	5.000000e-005	
2039	5.000000e-005	
2040	7.500000e-005	
2041	7.500000e-005	
2042	7.500000e-005	
2043	2.500000e-005	
2044	2.500000e-005	
2045	5.000000e-005	
2046	0	
2047	0	
2048	0	
2049	0	
2050	0	
2051	0	
2052	0	
2053	0	
2054	0	
2055	0	
2056	0	
2057	0	
2058	0	
2059	0	
2060	0	
2061	0	
2062	0	
2063	0	
2064	0	
2065	0	
2066	0	
2067	0	
2068	0	
2069	0	
2070	0	
2071	0	
2072	0	
2073	0	
2074	0	
2075	0	
2076	0	
2077	0	
2078	0	
2079	0	
2080	0	
2081	0	
2082	0	
2083	0	
2084	0	
2085	0	
2086	0	
2087	0	
2088	0	
2089	0	
2090	0	
2091	0	
2092	0	
2093	0	
2094	0	
2095	0	
2096	0	
2097	0	
2098	0	
2099	0	
2100	0	
2101	0	
2102	0	
2103	0	
2104	2.500000e-005	
2105	7.500000e-005	
2106	1.500000e-004	
2107	1.750000e-004	
2108	1.500000e-004	
2109	3.500000e-004	
2110	4.500000e-004	
2111	5.000000e-004	
2112	4.000000e-004	
2113	5.500000e-004	
2114	6.000000e-004	
2115	5.000000e-004	
2116	5.750000e-004	
2117	6.750000e-004	
2118	7.000000e-004	
2119	5.500000e-004	
2120	6.750000e-004	
2121	9.250000e-004	
2122	1.025000e-003	
2123	1.325000e-003	
2124	9.000000e-004	
2125	7.000000e-004	
2126	6.000000e-004	
2127	7.250000e-004	
2128	7.500000e-004	
2129	7.750000e-004	
2130	8.750000e-004	
2131	6.250000e-004	
2132	6.750000e-004	
2133	9.750000e-004	
2134	1.375000e-003	
2135	1.325000e-003	
2136	1.075000e-003	
2137	1.250000e-003	
2138	1.175000e-003	
2139	1.150000e-003	
2140	1.200000e-003	
2141	1.075000e-003	
2142	1.075000e-003	
2143	1.050000e-003	
2144	1.100000e-003	
2145	1.400000e-003	
2146	1.525000e-003	
2147	1.750000e-003	
2148	1.700000e-003	
2149	1.675000e-003	
2150	1.925000e-003	
2151	2.075000e-003	
2152	2.050000e-003	
2153	1.875000e-003	
2154	1.975000e-003	
2155	2.125000e-003	
2156	1.975000e-003	
2157	1.925000e-003	
2158	1.675000e-003	
2159	1.775000e-003	
2160	1.925000e-003	
2161	1.775000e-003	
2162	1.600000e-003	
2163	1.725000e-003	
2164	1.950000e-003	
2165	1.775000e-003	
2166	1.775000e-003	
2167	1.400000e-003	
2168	1.275000e-003	
2169	1.525000e-003	
2170	1.325000e-003	
2171	1.375000e-003	
2172	1.650000e-003	
2173	1.625000e-003	
2174	2.025000e-003	
2175	1.850000e-003	
2176	1.425000e-003	
2177	1.425000e-003	
2178	1.125000e-003	
2179	1.300000e-003	
2180	1.250000e-003	
2181	1.475000e-003	
2182	1.200000e-003	
2183	1.100000e-003	
2184	1.175000e-003	
2185	1.250000e-003	
2186	1.075000e-003	
2187	9.250000e-004	
2188	1.075000e-003	
2189	1.000000e-003	
2190	9.000000e-004	
2191	8.000000e-004	
2192	1.000000e-003	
2193	8.750000e-004	
2194	7.750000e-004	
2195	6.250000e-004	
2196	6.250000e-004	
2197	5.500000e-004	
2198	5.250000e-004	
2199	5.250000e-004	
2200	4.500000e-004	
2201	5.500000e-004	
2202	4.750000e-004	
2203	4.250000e-004	
2204	4.250000e-004	
2205	4.500000e-004	
2206	5.750000e-004	
2207	7.000000e-004	
2208	9.250000e-004	
2209	8.250000e-004	
2210	8.250000e-004	
2211	6.500000e-004	
2212	7.250000e-004	
2213	6.250000e-004	
2214	6.750000e-004	
2215	8.000000e-004	
2216	8.750000e-004	
2217	8.750000e-004	
2218	8.000000e-004	
2219	9.000000e-004	
2220	1.075000e-003	
2221	8.500000e-004	
2222	8.250000e-004	
2223	6.500000e-004	
2224	5.250000e-004	
2225	6.000000e-004	
2226	1.000000e-003	
2227	1.050000e-003	
2228	9.500000e-004	
2229	1.025000e-003	
2230	9.250000e-004	
2231	1.150000e-003	
2232	1.550000e-003	
2233	1.550000e-003	
2234	1.525000e-003	
2235	1.650000e-003	
2236	1.725000e-003	
2237	1.700000e-003	
2238	1.825000e-003	
2239	1.750000e-003	
2240	1.675000e-003	
2241	1.825000e-003	
2242	1.825000e-003	
2243	1.775000e-003	
2244	1.525000e-003	
2245	1.425000e-003	
2246	1.625000e-003	
2247	1.975000e-003	
2248	1.900000e-003	
2249	1.900000e-003	
2250	1.600000e-003	
2251	1.600000e-003	
2252	1.625000e-003	
2253	1.575000e-003	
2254	2.100000e-003	
2255	2.000000e-003	
2256	1.925000e-003	
2257	1.775000e-003	
2258	1.750000e-003	
2259	1.850000e-003	
2260	2.050000e-003	
2261	2.475000e-003	
2262	2.500000e-003	
2263	2.425000e-003	
2264	2.175000e-003	
2265	1.975000e-003	
2266	1.875000e-003	
2267	1.700000e-003	
2268	1.650000e-003	
2269	1.700000e-003	
2270	1.475000e-003	
2271	1.125000e-003	
2272	1.325000e-003	
2273	1.300000e-003	
2274	1.325000e-003	
2275	1.325000e-003	
2276	1.725000e-003	
2277	1.625000e-003	
2278	1.125000e-003	
2279	1.375000e-003	
2280	1.275000e-003	
2281	8.250000e-004	
2282	9.000000e-004	
2283	7.250000e-004	
2284	1.000000e-003	
2285	9.750000e-004	
2286	8.250000e-004	
2287	6.500000e-004	
2288	7.250000e-004	
2289	6.500000e-004	
2290	6.750000e-004	
2291	6.000000e-004	
2292	8.000000e-004	
2293	8.500000e-004	
2294	1.025000e-003	
2295	1.050000e-003	
2296	1.125000e-003	
2297	1.375000e-003	
2298	1.100000e-003	
2299	1.475000e-003	
2300	1.475000e-003	
2301	1.800000e-003	
2302	1.875000e-003	
2303	1.900000e-003	
2304	2.050000e-003	
2305	1.975000e-003	
2306	2.125000e-003	
2307	2.150000e-003	
2308	2.250000e-003	
2309	2.350000e-003	
2310	2.100000e-003	
2311	2.400000e-003	
2312	2.625000e-003	
2313	2.425000e-003	
2314	2.525000e-003	
2315	2.300000e-003	
2316	2.125000e-003	
2317	1.825000e-003	
2318	1.400000e-003	
2319	1.525000e-003	
2320	1.575000e-003	
2321	1.525000e-003	
2322	1.750000e-003	
2323	2.075000e-003	
2324	2.075000e-003	
2325	2.225000e-003	
2326	2.375000e-003	
2327	2.325000e-003	
2328	2.325000e-003	
2329	2.450000e-003	
2330	2.300000e-003	
2331	2.125000e-003	
2332	2.125000e-003	
2333	2.050000e-003	
2334	2.100000e-003	
2335	2.325000e-003	
2336	2.250000e-003	
2337	2.200000e-003	
2338	2.075000e-003	
2339	2.075000e-003	
2340	1.975000e-003	
2341	2.225000e-003	
2342	2.125000e-003	
2343	2.500000e-003	
2344	2.925000e-003	
2345	2.500000e-003	
2346	2.525000e-003	
2347	2.250000e-003	
2348	2.425000e-003	
2349	2.300000e-003	
2350	2.350000e-003	
2351	2.850000e-003	
2352	2.950000e-003	
2353	3.100000e-003	
2354	3.050000e-003	
2355	2.775000e-003	
2356	2.600000e-003	
2357	3.225000e-003	
2358	3.125000e-003	
2359	2.925000e-003	
2360	3.150000e-003	
2361	2.900000e-003	
2362	2.550000e-003	
2363	2.500000e-003	
2364	2.650000e-003	
2365	2.750000e-003	
2366	2.625000e-003	
2367	2.900000e-003	
2368	2.775000e-003	
2369	2.650000e-003	
2370	2.575000e-003	
2371	2.900000e-003	
2372	3.150000e-003	
2373	3.000000e-003	
2374	3.250000e-003	
2375	2.925000e-003	
2376	2.550000e-003	
2377	2.325000e-003	
2378	2.000000e-003	
2379	1.850000e-003	
2380	1.800000e-003	
2381	1.775000e-003	
2382	1.475000e-003	
2383	1.475000e-003	
2384	1.100000e-003	
2385	1.350000e-003	
2386	1.375000e-003	
2387	1.475000e-003	
2388	1.425000e-003	
2389	1.400000e-003	
2390	1.375000e-003	
2391	1.375000e-003	
2392	1.300000e-003	
2393	1.400000e-003	
2394	1.475000e-003	
2395	1.525000e-003	
2396	1.700000e-003	
2397	1.300000e-003	
2398	1.375000e-003	
2399	1.425000e-003	
2400	1.300000e-003	
2401	9.250000e-004	
2402	7.250000e-004	
2403	8.250000e-004	
2404	9.500000e-004	
2405	8.000000e-004	
2406	9.500000e-004	
2407	1.050000e-003	
2408	8.000000e-004	
2409	7.500000e-004	
2410	7.250000e-004	
2411	5.750000e-004	
2412	6.750000e-004	
2413	4.750000e-004	
2414	3.250000e-004	
2415	5.250000e-004	
2416	5.750000e-004	
2417	3.500000e-004	
2418	3.750000e-004	
2419	5.500000e-004	
2420	7.750000e-004	
2421	6.250000e-004	
2422	8.250000e-004	
2423	8.000000e-004	
2424	6.250000e-004	
2425	6.250000e-004	
2426	6.250000e-004	
2427	4.250000e-004	
2428	3.750000e-004	
2429	4.250000e-004	
2430	4.500000e-004	
2431	3.000000e-004	
2432	2.250000e-004	
2433	4.250000e-004	
2434	3.250000e-004	
2435	3.250000e-004	
2436	3.250000e-004	
2437	3.500000e-004	
2438	3.750000e-004	
2439	3.250000e-004	
2440	2.750000e-004	
2441	3.500000e-004	
2442	3.250000e-004	
2443	2.500000e-004	
2444	2.500000e-004	
2445	2.250000e-004	
2446	1.750000e-004	
2447	1.000000e-004	
2448	1.500000e-004	
2449	2.000000e-004	
2450	1.500000e-004	
2451	1.500000e-004	
2452	2.000000e-004	
2453	1.750000e-004	
2454	1.750000e-004	
2455	5.000000e-005	
2456	7.500000e-005	
2457	0	
2458	0	
2459	0	
2460	0	
2461	0	
2462	0	
2463	0	
2464	0	
2465	0	
2466	0	
2467	0	
2468	0	
2469	0	
2470	0	
2471	0	
2472	0	
2473	0	
2474	0	
2475	0	
2476	0	
2477	0	
2478	0	
2479	0	
2480	0	
2481	0	
2482	0	
2483	0	
2484	0	
2485	0	
2486	0	
2487	0	
2488	0	
2489	0	
2490	0	
2491	0	
2492	0	
2493	0	
2494	0	
2495	0	
2496	0	
2497	0	
2498	0	
2499	0	
2500	0	
2501	0	
2502	0	
2503	0	
2504	0	
2505	0	
2506	0	
2507	0	
2508	0	
2509	0	
2510	0	
2511	0	
2512	0	
2513	0	
2514	0	
2515	0	
2516	0	
2517	0	
2518	0	
2519	0	
2520	0	
2521	0	
2522	0	
2523	0	
2524	0	
2525	0	
2526	0	
2527	0	
2528	0	
2529	0	
2530	0	
2531	0	
2532	0	
2533	0	
2534	0	
2535	0	
2536	0	
2537	0	
2538	0	
2539	0	
2540	0	
2541	0	
2542	0	
2543	0	
2544	0	
2545	0	
2546	0	
2547	0	
2548	0	
2549	0	
2550	0	
2551	0	
2552	0	
2553	0	
2554	0	
2555	0	
2556	0	
2557	0	
2558	0	
2559	0	
2560	0	
2561	0	
2562	0	
2563	0	
2564	0	
2565	0	
2566	0	
2567	0	
2568	0	
2569	0	
2570	0	
2571	0	
2572	0	
2573	0	
2574	0	
2575	0	
2576	0	
2577	0	
2578	0	
2579	0	
2580	0	
2581	0	
2582	0	
2583	0	
2584	0	
2585	0	
2586	0	
2587	0	
2588	0	
2589	0	
2590	0	
2591	0	
2592	0	
2593	0	
2594	0	
2595	0	
2596	0	
2597	0	
2598	0	
2599	0	
2600	0	
2601	0	
2602	0	
2603	0	
2604	0	
2605	0	
2606	0	
2607	0	
2608	0	
2609	0	
2610	0	
2611	0	
2612	0	
2613	0	
2614	0	
2615	0	
2616	0	
2617	0	
2618	0	
2619	0	
2620	0	
2621	0	
2622	0	
2623	0	
2624	0	
2625	0	
2626	0	
2627	0	
2628	0	
2629	0	
2630	0	
2631	0	
2632	0	
2633	0	
2634	0	
2635	0	
2636	0	
2637	0	
2638	0	
2639	0	
2640	0	
2641	0	
2642	0	
2643	0	
2644	0	
2645	0	
2646	0	
2647	0	
2648	0	
2649	0	
2650	0	
2651	0	
2652	0	
2653	0	
2654	0	
2655	0	
2656	0	
2657	0	
2658	0	
2659	0	
2660	0	
2661	0	
2662	0	
2663	0	
2664	0	
2665	2.500000e-005	
2666	7.500000e-005	
2667	1.250000e-004	
2668	5.000000e-005	
2669	5.000000e-005	
2670	2.500000e-005	
2671	2.500000e-005	
2672	2.500000e-005	
2673	0	
2674	0	
2675	0	
2676	0	
2677	0	
2678	0	
2679	0	
2680	0	
2681	0	
2682	0	
2683	0	
2684	0	
2685	0	
2686	0	
2687	0	
2688	0	
2689	0	
2690	0	
2691	0	
2692	0	
2693	0	
2694	0	
2695	0	
2696	0	
2697	0	
2698	0	
2699	0	
2700	0	
2701	0	
2702	0	
2703	0	
2704	0	
2705	0	
2706	0	
2707	0	
2708	0	
2709	0	
2710	0	
2711	0	
2712	0	
2713	0	
2714	0	
2715	0	
2716	0	
2717	0	
2718	0	
2719	0	
2720	0	
2721	0	
2722	0	
2723	0	
2724	0	
2725	0	
2726	0	
2727	0	
2728	0	
2729	0	
2730	0	
2731	0	
2732	0	
2733	0	
2734	0	
2735	0	
2736	0	
2737	0	
2738	0	
2739	0	
2740	0	
2741	0	
2742	0	
2743	0	
2744	0	
2745	0	
2746	0	
2747	0	
2748	0	
2749	0	
2750	0	
2751	0	
2752	0	
2753	0	
2754	0	
2755	0	
2756	0	
2757	0	
2758	0	
2759	0	
2760	0	
2761	0	
2762	0	
2763	0	
2764	0	
2765	0	
2766	0	
2767	0	
2768	0	
2769	0	
2770	0	
2771	0	
2772	0	
2773	0	
2774	0	
2775	0	
2776	0	
2777	0	
2778	0	
2779	0	
2780	0	
2781	0	
2782	0	
2783	0	
2784	0	
2785	0	
2786	0	
2787	0	
2788	0	
2789	0	
2790	0	
2791	0	
2792	0	
2793	0	
2794	0	
2795	0	
2796	0	
2797	0	
2798	0	
2799	0	
2800	0	
2801	0	
2802	0	
2803	0	
2804	0	
2805	0	
2806	0	
2807	0	
2808	0	
2809	0	
2810	0	
2811	0	
2812	0	
2813	0	
2814	0	
2815	0	
2816	0	
2817	0	
2818	0	
2819	0	
2820	0	
2821	0	
2822	0	
2823	0	
2824	0	
2825	0	
2826	0	
2827	0	
2828	0	
2829	0	
2830	0	
2831	0	
2832	0	
2833	0	
2834	0	
2835	0	
2836	0	
2837	0	
2838	0	
2839	0	
2840	0	
2841	0	
2842	0	
2843	0	
2844	0	
2845	0	
2846	0	
2847	0	
2848	0	
2849	0	
2850	0	
2851	0	
2852	0	
2853	0	
2854	0	
2855	0	
2856	0	
2857	0	
2858	0	
2859	0	
2860	0	
2861	0	
2862	0	
2863	0	
2864	0	
2865	0	
2866	0	
2867	0	
2868	0	
2869	0	
2870	0	
2871	0	
2872	0	
2873	0	
2874	0	
2875	0	
2876	0	
2877	0	
2878	0	
2879	0	
2880	0	
2881	0	
2882	0	
2883	0	
2884	0	
2885	0	
2886	0	
2887	0	
2888	0	
2889	0	
2890	0	
2891	0	
2892	0	
2893	0	
2894	0	
2895	0	
2896	0	
2897	0	
2898	0	
2899	0	
2900	0	
2901	0	
2902	0	
2903	0	
2904	0	
2905	0	
2906	0	
2907	0	
2908	0	
2909	0	
2910	0	
2911	0	
2912	0	
2913	0	
2914	0	
2915	0	
2916	0	
2917	0	
2918	0	
2919	0	
2920	0	
2921	0	
2922	0	
2923	0	
2924	0	
2925	0	
2926	2.500000e-005	
2927	1.000000e-004	
2928	5.000000e-005	
2929	7.500000e-005	
2930	1.000000e-004	
2931	2.500000e-005	
2932	5.000000e-005	
2933	1.000000e-004	
2934	1.500000e-004	
2935	1.750000e-004	
2936	1.000000e-004	
2937	1.750000e-004	
2938	2.500000e-004	
2939	3.000000e-004	
2940	3.250000e-004	
2941	3.000000e-004	
2942	2.750000e-004	
2943	3.500000e-004	
2944	2.500000e-004	
2945	2.750000e-004	
2946	3.250000e-004	
2947	4.250000e-004	
2948	4.750000e-004	
2949	4.250000e-004	
2950	4.000000e-004	
2951	5.000000e-004	
2952	5.250000e-004	
2953	6.000000e-004	
2954	7.500000e-004	
2955	7.750000e-004	
2956	7.500000e-004	
2957	6.000000e-004	
2958	6.750000e-004	
2959	9.750000e-004	
2960	7.250000e-004	
2961	3.250000e-004	
2962	4.250000e-004	
2963	7.000000e-004	
2964	9.000000e-004	
2965	7.750000e-004	
2966	5.750000e-004	
2967	4.500000e-004	
2968	4.500000e-004	
2969	4.500000e-004	
2970	3.250000e-004	
2971	3.500000e-004	
2972	3.000000e-004	
2973	3.000000e-004	
2974	1.750000e-004	
2975	1.750000e-004	
2976	2.000000e-004	
2977	1.500000e-004	
2978	1.500000e-004	
2979	1.750000e-004	
2980	2.000000e-004	
2981	1.750000e-004	
2982	2.250000e-004	
2983	2.250000e-004	
2984	5.000000e-005	
2985	5.000000e-005	
2986	5.000000e-005	
2987	5.000000e-005	
2988	2.500000e-005	
2989	0	
2990	0	
2991	0	
2992	0	
2993	0	
2994	0	
2995	0	
2996	0	
2997	0	
2998	0	
2999	0	
3000	0	
3001	2.500000e-005	
