1	0	
2	0	
3	0	
4	0	
5	0	
6	0	
7	0	
8	0	
9	0	
10	0	
11	0	
12	0	
13	0	
14	0	
15	0	
16	0	
17	0	
18	0	
19	0	
20	0	
21	0	
22	0	
23	0	
24	0	
25	0	
26	0	
27	2.500000e-005	
28	0	
29	0	
30	0	
31	0	
32	0	
33	0	
34	0	
35	0	
36	0	
37	0	
38	0	
39	0	
40	0	
41	0	
42	0	
43	0	
44	0	
45	0	
46	0	
47	0	
48	0	
49	0	
50	0	
51	0	
52	0	
53	0	
54	0	
55	0	
56	0	
57	0	
58	0	
59	0	
60	0	
61	0	
62	0	
63	0	
64	0	
65	0	
66	0	
67	0	
68	0	
69	0	
70	0	
71	0	
72	0	
73	0	
74	0	
75	0	
76	2.500000e-005	
77	7.500000e-005	
78	1.500000e-004	
79	1.000000e-004	
80	1.500000e-004	
81	1.000000e-004	
82	1.500000e-004	
83	1.250000e-004	
84	2.000000e-004	
85	1.250000e-004	
86	1.000000e-004	
87	5.000000e-005	
88	2.500000e-005	
89	0	
90	0	
91	0	
92	0	
93	0	
94	0	
95	0	
96	0	
97	0	
98	0	
99	0	
100	0	
101	0	
102	0	
103	0	
104	0	
105	0	
106	0	
107	0	
108	0	
109	0	
110	0	
111	2.500000e-005	
112	2.500000e-005	
113	7.500000e-005	
114	5.000000e-005	
115	5.000000e-005	
116	7.500000e-005	
117	0	
118	0	
119	0	
120	0	
121	0	
122	0	
123	0	
124	0	
125	0	
126	0	
127	0	
128	0	
129	0	
130	0	
131	0	
132	0	
133	0	
134	0	
135	0	
136	0	
137	0	
138	0	
139	0	
140	0	
141	0	
142	0	
143	0	
144	0	
145	0	
146	0	
147	0	
148	0	
149	0	
150	0	
151	0	
152	0	
153	0	
154	0	
155	0	
156	0	
157	2.500000e-005	
158	2.500000e-005	
159	2.500000e-005	
160	5.000000e-005	
161	1.000000e-004	
162	1.500000e-004	
163	1.750000e-004	
164	2.000000e-004	
165	1.500000e-004	
166	1.000000e-004	
167	7.500000e-005	
168	1.000000e-004	
169	1.000000e-004	
170	1.750000e-004	
171	7.500000e-005	
172	7.500000e-005	
173	7.500000e-005	
174	1.000000e-004	
175	1.250000e-004	
176	1.000000e-004	
177	1.500000e-004	
178	1.250000e-004	
179	1.750000e-004	
180	2.250000e-004	
181	1.000000e-004	
182	2.000000e-004	
183	2.000000e-004	
184	1.750000e-004	
185	5.000000e-005	
186	2.500000e-005	
187	0	
188	0	
189	0	
190	0	
191	0	
192	0	
193	0	
194	0	
195	0	
196	0	
197	0	
198	0	
199	0	
200	0	
201	0	
202	0	
203	0	
204	0	
205	0	
206	2.500000e-005	
207	2.500000e-005	
208	7.500000e-005	
209	5.000000e-005	
210	7.500000e-005	
211	7.500000e-005	
212	5.000000e-005	
213	7.500000e-005	
214	1.250000e-004	
215	5.000000e-005	
216	2.500000e-005	
217	5.000000e-005	
218	7.500000e-005	
219	1.500000e-004	
220	1.250000e-004	
221	5.000000e-005	
222	7.500000e-005	
223	1.000000e-004	
224	7.500000e-005	
225	5.000000e-005	
226	5.000000e-005	
227	5.000000e-005	
228	5.000000e-005	
229	2.500000e-005	
230	0	
231	0	
232	0	
233	0	
234	0	
235	0	
236	0	
237	0	
238	0	
239	0	
240	0	
241	0	
242	0	
243	0	
244	0	
245	0	
246	0	
247	0	
248	0	
249	0	
250	0	
251	2.500000e-005	
252	7.500000e-005	
253	7.500000e-005	
254	7.500000e-005	
255	7.500000e-005	
256	5.000000e-005	
257	5.000000e-005	
258	5.000000e-005	
259	2.500000e-005	
260	5.000000e-005	
261	7.500000e-005	
262	5.000000e-005	
263	2.500000e-005	
264	0	
265	0	
266	0	
267	0	
268	0	
269	0	
270	0	
271	0	
272	0	
273	0	
274	0	
275	0	
276	0	
277	0	
278	0	
279	0	
280	0	
281	0	
282	0	
283	0	
284	0	
285	0	
286	0	
287	0	
288	0	
289	0	
290	0	
291	0	
292	0	
293	0	
294	0	
295	0	
296	0	
297	0	
298	0	
299	0	
300	0	
301	0	
302	0	
303	0	
304	0	
305	0	
306	0	
307	2.500000e-005	
308	7.500000e-005	
309	5.000000e-005	
310	1.750000e-004	
311	2.000000e-004	
312	2.250000e-004	
313	2.750000e-004	
314	3.000000e-004	
315	2.000000e-004	
316	2.500000e-004	
317	1.500000e-004	
318	5.000000e-005	
319	5.000000e-005	
320	1.250000e-004	
321	2.250000e-004	
322	2.750000e-004	
323	1.500000e-004	
324	1.750000e-004	
325	2.500000e-004	
326	2.250000e-004	
327	2.750000e-004	
328	3.000000e-004	
329	3.000000e-004	
330	2.750000e-004	
331	3.250000e-004	
332	3.250000e-004	
333	3.000000e-004	
334	3.500000e-004	
335	4.000000e-004	
336	5.500000e-004	
337	4.750000e-004	
338	3.000000e-004	
339	3.250000e-004	
340	2.250000e-004	
341	2.000000e-004	
342	4.000000e-004	
343	4.500000e-004	
344	4.750000e-004	
345	4.250000e-004	
346	2.500000e-004	
347	2.000000e-004	
348	1.250000e-004	
349	2.500000e-004	
350	1.250000e-004	
351	1.500000e-004	
352	7.500000e-005	
353	7.500000e-005	
354	7.500000e-005	
355	7.500000e-005	
356	7.500000e-005	
357	1.000000e-004	
358	1.250000e-004	
359	1.500000e-004	
360	1.750000e-004	
361	7.500000e-005	
362	1.250000e-004	
363	1.750000e-004	
364	1.750000e-004	
365	1.000000e-004	
366	1.500000e-004	
367	7.500000e-005	
368	5.000000e-005	
369	7.500000e-005	
370	1.000000e-004	
371	1.250000e-004	
372	1.750000e-004	
373	1.750000e-004	
374	7.500000e-005	
375	1.250000e-004	
376	1.250000e-004	
377	2.750000e-004	
378	2.500000e-004	
379	2.500000e-004	
380	3.000000e-004	
381	3.000000e-004	
382	3.500000e-004	
383	3.500000e-004	
384	1.500000e-004	
385	1.250000e-004	
386	1.500000e-004	
387	2.000000e-004	
388	1.500000e-004	
389	1.250000e-004	
390	1.500000e-004	
391	2.500000e-004	
392	2.000000e-004	
393	1.250000e-004	
394	1.750000e-004	
395	2.500000e-004	
396	2.000000e-004	
397	2.250000e-004	
398	1.750000e-004	
399	1.500000e-004	
400	1.750000e-004	
401	1.750000e-004	
402	3.000000e-004	
403	1.750000e-004	
404	1.750000e-004	
405	2.500000e-004	
406	2.500000e-004	
407	2.750000e-004	
408	2.500000e-004	
409	1.500000e-004	
410	1.750000e-004	
411	2.500000e-004	
412	3.250000e-004	
413	2.750000e-004	
414	2.500000e-004	
415	3.750000e-004	
416	4.500000e-004	
417	4.250000e-004	
418	4.750000e-004	
419	4.000000e-004	
420	3.750000e-004	
421	4.250000e-004	
422	4.750000e-004	
423	4.000000e-004	
424	5.000000e-004	
425	6.500000e-004	
426	7.500000e-004	
427	6.500000e-004	
428	5.500000e-004	
429	4.250000e-004	
430	5.500000e-004	
431	6.750000e-004	
432	7.750000e-004	
433	6.250000e-004	
434	6.500000e-004	
435	6.750000e-004	
436	6.000000e-004	
437	8.000000e-004	
438	8.000000e-004	
439	7.250000e-004	
440	7.000000e-004	
441	7.500000e-004	
442	6.250000e-004	
443	4.500000e-004	
444	4.000000e-004	
445	4.500000e-004	
446	4.750000e-004	
447	4.250000e-004	
448	3.000000e-004	
449	3.250000e-004	
450	2.750000e-004	
451	2.500000e-004	
452	3.000000e-004	
453	3.250000e-004	
454	2.750000e-004	
455	2.750000e-004	
456	3.500000e-004	
457	2.750000e-004	
458	3.750000e-004	
459	5.500000e-004	
460	3.750000e-004	
461	3.750000e-004	
462	3.500000e-004	
463	3.500000e-004	
464	3.500000e-004	
465	4.000000e-004	
466	3.000000e-004	
467	4.000000e-004	
468	2.250000e-004	
469	4.000000e-004	
470	4.000000e-004	
471	5.750000e-004	
472	6.000000e-004	
473	6.750000e-004	
474	7.000000e-004	
475	6.250000e-004	
476	6.000000e-004	
477	6.250000e-004	
478	4.750000e-004	
479	5.750000e-004	
480	5.000000e-004	
481	4.000000e-004	
482	4.750000e-004	
483	4.750000e-004	
484	3.500000e-004	
485	3.250000e-004	
486	2.750000e-004	
487	2.000000e-004	
488	3.000000e-004	
489	3.000000e-004	
490	4.000000e-004	
491	5.250000e-004	
492	6.000000e-004	
493	6.250000e-004	
494	6.000000e-004	
495	4.750000e-004	
496	3.500000e-004	
497	3.500000e-004	
498	3.500000e-004	
499	3.750000e-004	
500	3.500000e-004	
501	4.250000e-004	
502	6.250000e-004	
503	4.750000e-004	
504	4.750000e-004	
505	4.000000e-004	
506	3.250000e-004	
507	3.000000e-004	
508	1.500000e-004	
509	2.250000e-004	
510	2.000000e-004	
511	2.000000e-004	
512	2.000000e-004	
513	1.250000e-004	
514	2.250000e-004	
515	2.250000e-004	
516	1.500000e-004	
517	1.500000e-004	
518	2.250000e-004	
519	3.250000e-004	
520	2.000000e-004	
521	2.500000e-004	
522	1.500000e-004	
523	1.750000e-004	
524	2.750000e-004	
525	1.750000e-004	
526	2.500000e-004	
527	2.250000e-004	
528	2.000000e-004	
529	2.500000e-004	
530	3.250000e-004	
531	4.000000e-004	
532	2.250000e-004	
533	3.250000e-004	
534	3.750000e-004	
535	2.750000e-004	
536	3.750000e-004	
537	3.750000e-004	
538	4.500000e-004	
539	2.250000e-004	
540	3.500000e-004	
541	4.000000e-004	
542	5.750000e-004	
543	5.250000e-004	
544	5.250000e-004	
545	4.500000e-004	
546	5.000000e-004	
547	4.750000e-004	
548	5.000000e-004	
549	5.750000e-004	
550	5.000000e-004	
551	5.750000e-004	
552	4.250000e-004	
553	4.000000e-004	
554	3.250000e-004	
555	2.500000e-004	
556	2.000000e-004	
557	1.750000e-004	
558	2.250000e-004	
559	2.000000e-004	
560	4.000000e-004	
561	4.250000e-004	
562	4.250000e-004	
563	5.750000e-004	
564	5.500000e-004	
565	5.500000e-004	
566	6.000000e-004	
567	5.750000e-004	
568	4.500000e-004	
569	4.000000e-004	
570	3.250000e-004	
571	3.500000e-004	
572	2.500000e-004	
573	2.250000e-004	
574	2.250000e-004	
575	2.250000e-004	
576	2.000000e-004	
577	3.250000e-004	
578	3.500000e-004	
579	3.500000e-004	
580	5.000000e-004	
581	5.500000e-004	
582	6.000000e-004	
583	5.500000e-004	
584	4.750000e-004	
585	4.750000e-004	
586	6.000000e-004	
587	6.750000e-004	
588	7.750000e-004	
589	8.000000e-004	
590	7.500000e-004	
591	8.500000e-004	
592	9.500000e-004	
593	1.000000e-003	
594	1.325000e-003	
595	1.250000e-003	
596	1.075000e-003	
597	1.050000e-003	
598	1.050000e-003	
599	1.300000e-003	
600	1.350000e-003	
601	1.350000e-003	
602	1.225000e-003	
603	1.025000e-003	
604	7.750000e-004	
605	1.000000e-003	
606	1.225000e-003	
607	1.625000e-003	
608	1.350000e-003	
609	1.325000e-003	
610	1.500000e-003	
611	1.550000e-003	
612	1.775000e-003	
613	1.650000e-003	
614	1.400000e-003	
615	1.475000e-003	
616	1.525000e-003	
617	1.550000e-003	
618	1.675000e-003	
619	1.700000e-003	
620	1.625000e-003	
621	1.525000e-003	
622	1.625000e-003	
623	1.575000e-003	
624	1.550000e-003	
625	1.525000e-003	
626	1.600000e-003	
627	1.800000e-003	
628	1.775000e-003	
629	1.725000e-003	
630	1.650000e-003	
631	1.450000e-003	
632	1.575000e-003	
633	1.300000e-003	
634	1.700000e-003	
635	1.550000e-003	
636	1.775000e-003	
637	2.175000e-003	
638	2.325000e-003	
639	2.025000e-003	
640	1.900000e-003	
641	2.225000e-003	
642	2.075000e-003	
643	2.250000e-003	
644	2.275000e-003	
645	2.725000e-003	
646	3.025000e-003	
647	2.975000e-003	
648	3.200000e-003	
649	2.950000e-003	
650	3.125000e-003	
651	3.750000e-003	
652	3.675000e-003	
653	3.400000e-003	
654	3.775000e-003	
655	3.175000e-003	
656	3.100000e-003	
657	2.550000e-003	
658	2.600000e-003	
659	3.075000e-003	
660	3.150000e-003	
661	3.200000e-003	
662	2.875000e-003	
663	2.875000e-003	
664	2.950000e-003	
665	2.975000e-003	
666	2.775000e-003	
667	2.650000e-003	
668	2.875000e-003	
669	3.575000e-003	
670	3.875000e-003	
671	3.300000e-003	
672	2.825000e-003	
673	2.875000e-003	
674	3.175000e-003	
675	3.825000e-003	
676	4.250000e-003	
677	4.250000e-003	
678	3.800000e-003	
679	3.725000e-003	
680	3.325000e-003	
681	3.000000e-003	
682	3.175000e-003	
683	3.125000e-003	
684	2.925000e-003	
685	2.900000e-003	
686	2.825000e-003	
687	3.025000e-003	
688	3.475000e-003	
689	3.900000e-003	
690	4.000000e-003	
691	3.750000e-003	
692	3.925000e-003	
693	3.725000e-003	
694	3.900000e-003	
695	3.750000e-003	
696	4.000000e-003	
697	4.525000e-003	
698	4.375000e-003	
699	4.450000e-003	
700	4.125000e-003	
701	3.925000e-003	
702	4.025000e-003	
703	4.000000e-003	
704	3.750000e-003	
705	3.900000e-003	
706	3.700000e-003	
707	3.575000e-003	
708	3.950000e-003	
709	3.975000e-003	
710	3.750000e-003	
711	4.050000e-003	
712	3.525000e-003	
713	3.450000e-003	
714	3.300000e-003	
715	3.500000e-003	
716	3.375000e-003	
717	3.650000e-003	
718	3.125000e-003	
719	2.950000e-003	
720	2.600000e-003	
721	2.750000e-003	
722	2.675000e-003	
723	2.600000e-003	
724	2.875000e-003	
725	3.225000e-003	
726	3.125000e-003	
727	3.025000e-003	
728	2.825000e-003	
729	2.950000e-003	
730	2.800000e-003	
731	3.000000e-003	
732	3.250000e-003	
733	2.850000e-003	
734	3.150000e-003	
735	3.675000e-003	
736	3.875000e-003	
737	3.850000e-003	
738	3.525000e-003	
739	3.975000e-003	
740	3.975000e-003	
741	3.525000e-003	
742	3.425000e-003	
743	3.450000e-003	
744	3.150000e-003	
745	3.200000e-003	
746	3.175000e-003	
747	3.075000e-003	
748	2.700000e-003	
749	3.175000e-003	
750	3.225000e-003	
751	2.975000e-003	
752	2.850000e-003	
753	2.725000e-003	
754	2.500000e-003	
755	2.250000e-003	
756	2.275000e-003	
757	2.050000e-003	
758	2.225000e-003	
759	2.300000e-003	
760	2.075000e-003	
761	1.850000e-003	
762	1.750000e-003	
763	1.900000e-003	
764	2.050000e-003	
765	1.825000e-003	
766	1.825000e-003	
767	1.625000e-003	
768	1.625000e-003	
769	1.525000e-003	
770	1.150000e-003	
771	9.750000e-004	
772	1.200000e-003	
773	1.050000e-003	
774	1.125000e-003	
775	1.025000e-003	
776	8.750000e-004	
777	1.175000e-003	
778	1.100000e-003	
779	1.350000e-003	
780	1.375000e-003	
781	1.300000e-003	
782	1.225000e-003	
783	1.150000e-003	
784	8.500000e-004	
785	8.250000e-004	
786	4.750000e-004	
787	4.750000e-004	
788	6.000000e-004	
789	5.500000e-004	
790	5.500000e-004	
791	5.750000e-004	
792	5.750000e-004	
793	6.000000e-004	
794	7.000000e-004	
795	6.750000e-004	
796	8.250000e-004	
797	7.750000e-004	
798	9.250000e-004	
799	1.000000e-003	
800	1.125000e-003	
801	1.100000e-003	
802	9.750000e-004	
803	1.050000e-003	
804	1.000000e-003	
805	1.025000e-003	
806	9.000000e-004	
807	7.250000e-004	
808	5.500000e-004	
809	3.750000e-004	
810	3.750000e-004	
811	2.000000e-004	
812	1.750000e-004	
813	1.500000e-004	
814	7.500000e-005	
815	7.500000e-005	
816	5.000000e-005	
817	2.500000e-005	
818	2.500000e-005	
819	5.000000e-005	
820	0	
821	0	
822	0	
823	0	
824	0	
825	0	
826	0	
827	0	
828	0	
829	0	
830	0	
831	0	
832	0	
833	0	
834	0	
835	0	
836	2.500000e-005	
837	2.500000e-005	
838	2.500000e-005	
839	2.500000e-005	
840	5.000000e-005	
841	2.500000e-005	
842	5.000000e-005	
843	5.000000e-005	
844	7.500000e-005	
845	2.500000e-005	
846	0	
847	0	
848	0	
849	0	
850	0	
851	0	
852	0	
853	0	
854	2.500000e-005	
855	5.000000e-005	
856	2.500000e-005	
857	0	
858	0	
859	0	
860	0	
861	0	
862	0	
863	0	
864	0	
865	0	
866	0	
867	0	
868	0	
869	0	
870	0	
871	0	
872	0	
873	0	
874	0	
875	0	
876	0	
877	0	
878	0	
879	0	
880	0	
881	0	
882	0	
883	0	
884	0	
885	0	
886	0	
887	0	
888	0	
889	0	
890	0	
891	0	
892	0	
893	0	
894	0	
895	0	
896	0	
897	0	
898	0	
899	0	
900	0	
901	0	
902	0	
903	0	
904	0	
905	0	
906	0	
907	0	
908	0	
909	0	
910	0	
911	0	
912	0	
913	0	
914	0	
915	0	
916	0	
917	0	
918	0	
919	0	
920	0	
921	0	
922	0	
923	0	
924	0	
925	0	
926	0	
927	0	
928	0	
929	0	
930	0	
931	0	
932	0	
933	0	
934	0	
935	0	
936	0	
937	0	
938	0	
939	2.500000e-005	
940	2.500000e-005	
941	0	
942	0	
943	0	
944	0	
945	0	
946	0	
947	0	
948	0	
949	0	
950	0	
951	0	
952	0	
953	0	
954	0	
955	0	
956	0	
957	0	
958	0	
959	0	
960	0	
961	0	
962	0	
963	0	
964	0	
965	0	
966	0	
967	0	
968	0	
969	0	
970	0	
971	0	
972	0	
973	0	
974	0	
975	0	
976	0	
977	0	
978	0	
979	0	
980	0	
981	0	
982	0	
983	0	
984	0	
985	0	
986	0	
987	0	
988	0	
989	0	
990	0	
991	0	
992	0	
993	0	
994	0	
995	0	
996	0	
997	0	
998	0	
999	2.500000e-005	
1000	0	
1001	0	
1002	0	
1003	0	
1004	0	
1005	0	
1006	0	
1007	0	
1008	0	
1009	0	
1010	0	
1011	0	
1012	0	
1013	0	
1014	0	
1015	0	
1016	0	
1017	0	
1018	0	
1019	0	
1020	2.500000e-005	
1021	5.000000e-005	
1022	2.500000e-005	
1023	2.500000e-005	
1024	2.500000e-005	
1025	0	
1026	0	
1027	0	
1028	0	
1029	0	
1030	0	
1031	0	
1032	0	
1033	2.500000e-005	
1034	0	
1035	0	
1036	0	
1037	0	
1038	0	
1039	0	
1040	0	
1041	0	
1042	0	
1043	0	
1044	0	
1045	0	
1046	0	
1047	0	
1048	0	
1049	0	
1050	0	
1051	0	
1052	0	
1053	0	
1054	0	
1055	0	
1056	0	
1057	0	
1058	0	
1059	0	
1060	0	
1061	0	
1062	0	
1063	0	
1064	0	
1065	0	
1066	0	
1067	0	
1068	0	
1069	0	
1070	0	
1071	0	
1072	0	
1073	0	
1074	0	
1075	0	
1076	0	
1077	0	
1078	0	
1079	0	
1080	0	
1081	0	
1082	0	
1083	0	
1084	0	
1085	0	
1086	0	
1087	0	
1088	0	
1089	0	
1090	0	
1091	0	
1092	0	
1093	0	
1094	0	
1095	0	
1096	0	
1097	0	
1098	0	
1099	0	
1100	0	
1101	0	
1102	0	
1103	0	
1104	0	
1105	0	
1106	0	
1107	0	
1108	0	
1109	0	
1110	0	
1111	0	
1112	0	
1113	0	
1114	0	
1115	0	
1116	0	
1117	0	
1118	0	
1119	0	
1120	0	
1121	0	
1122	0	
1123	0	
1124	0	
1125	0	
1126	0	
1127	0	
1128	0	
1129	0	
1130	0	
1131	0	
1132	0	
1133	0	
1134	0	
1135	0	
1136	0	
1137	0	
1138	0	
1139	0	
1140	0	
1141	0	
1142	0	
1143	0	
1144	0	
1145	0	
1146	0	
1147	0	
1148	0	
1149	0	
1150	0	
1151	0	
1152	0	
1153	0	
1154	0	
1155	0	
1156	0	
1157	0	
1158	0	
1159	0	
1160	0	
1161	0	
1162	0	
1163	0	
1164	0	
1165	0	
1166	2.500000e-005	
1167	0	
1168	0	
1169	0	
1170	0	
1171	0	
1172	0	
1173	0	
1174	0	
1175	0	
1176	0	
1177	0	
1178	0	
1179	0	
1180	0	
1181	0	
1182	0	
1183	0	
1184	0	
1185	0	
1186	0	
1187	0	
1188	0	
1189	0	
1190	0	
1191	0	
1192	0	
1193	0	
1194	0	
1195	0	
1196	0	
1197	0	
1198	0	
1199	0	
1200	0	
1201	0	
1202	0	
1203	0	
1204	0	
1205	0	
1206	0	
1207	0	
1208	0	
1209	0	
1210	0	
1211	0	
1212	0	
1213	0	
1214	0	
1215	0	
1216	0	
1217	0	
1218	0	
1219	0	
1220	0	
1221	0	
1222	0	
1223	0	
1224	0	
1225	0	
1226	0	
1227	0	
1228	0	
1229	0	
1230	0	
1231	2.500000e-005	
1232	7.500000e-005	
1233	2.500000e-005	
1234	5.000000e-005	
1235	5.000000e-005	
1236	7.500000e-005	
1237	5.000000e-005	
1238	7.500000e-005	
1239	1.000000e-004	
1240	5.000000e-005	
1241	7.500000e-005	
1242	7.500000e-005	
1243	5.000000e-005	
1244	7.500000e-005	
1245	0	
1246	0	
1247	0	
1248	0	
1249	0	
1250	0	
1251	0	
1252	0	
1253	0	
1254	0	
1255	0	
1256	0	
1257	0	
1258	0	
1259	0	
1260	0	
1261	0	
1262	0	
1263	0	
1264	0	
1265	0	
1266	0	
1267	0	
1268	0	
1269	0	
1270	0	
1271	0	
1272	0	
1273	0	
1274	0	
1275	0	
1276	0	
1277	0	
1278	0	
1279	0	
1280	0	
1281	0	
1282	0	
1283	0	
1284	0	
1285	0	
1286	0	
1287	0	
1288	0	
1289	0	
1290	0	
1291	0	
1292	0	
1293	0	
1294	0	
1295	0	
1296	0	
1297	0	
1298	0	
1299	0	
1300	0	
1301	0	
1302	0	
1303	0	
1304	0	
1305	0	
1306	0	
1307	0	
1308	0	
1309	0	
1310	0	
1311	0	
1312	0	
1313	0	
1314	0	
1315	0	
1316	0	
1317	0	
1318	0	
1319	0	
1320	0	
1321	0	
1322	0	
1323	0	
1324	0	
1325	0	
1326	0	
1327	0	
1328	0	
1329	0	
1330	0	
1331	0	
1332	0	
1333	0	
1334	0	
1335	0	
1336	0	
1337	0	
1338	0	
1339	0	
1340	0	
1341	0	
1342	0	
1343	0	
1344	0	
1345	0	
1346	0	
1347	0	
1348	0	
1349	0	
1350	0	
1351	0	
1352	0	
1353	0	
1354	0	
1355	0	
1356	0	
1357	0	
1358	0	
1359	0	
1360	0	
1361	0	
1362	0	
1363	0	
1364	0	
1365	0	
1366	0	
1367	0	
1368	0	
1369	0	
1370	0	
1371	0	
1372	0	
1373	0	
1374	0	
1375	0	
1376	0	
1377	0	
1378	0	
1379	0	
1380	0	
1381	0	
1382	0	
1383	0	
1384	0	
1385	0	
1386	0	
1387	0	
1388	0	
1389	0	
1390	0	
1391	0	
1392	0	
1393	0	
1394	0	
1395	0	
1396	0	
1397	0	
1398	0	
1399	0	
1400	0	
1401	2.500000e-005	
1402	2.500000e-005	
1403	2.500000e-005	
1404	0	
1405	0	
1406	0	
1407	0	
1408	0	
1409	0	
1410	0	
1411	0	
1412	0	
1413	0	
1414	0	
1415	0	
1416	0	
1417	0	
1418	0	
1419	0	
1420	0	
1421	0	
1422	0	
1423	0	
1424	0	
1425	2.500000e-005	
1426	5.000000e-005	
1427	2.000000e-004	
1428	1.750000e-004	
1429	1.500000e-004	
1430	1.750000e-004	
1431	2.250000e-004	
1432	3.000000e-004	
1433	3.500000e-004	
1434	2.750000e-004	
1435	2.500000e-004	
1436	2.250000e-004	
1437	1.500000e-004	
1438	1.250000e-004	
1439	2.500000e-005	
1440	2.500000e-005	
1441	5.000000e-005	
1442	7.500000e-005	
1443	1.000000e-004	
1444	1.250000e-004	
1445	2.000000e-004	
1446	1.500000e-004	
1447	1.500000e-004	
1448	1.000000e-004	
1449	7.500000e-005	
1450	2.500000e-005	
1451	2.500000e-005	
1452	2.500000e-005	
1453	0	
1454	0	
1455	0	
1456	0	
1457	0	
1458	0	
1459	0	
1460	0	
1461	0	
1462	0	
1463	0	
1464	0	
1465	0	
1466	0	
1467	0	
1468	0	
1469	0	
1470	0	
1471	0	
1472	0	
1473	0	
1474	0	
1475	0	
1476	0	
1477	0	
1478	0	
1479	0	
1480	0	
1481	0	
1482	0	
1483	0	
1484	0	
1485	0	
1486	0	
1487	0	
1488	0	
1489	0	
1490	0	
1491	0	
1492	0	
1493	0	
1494	0	
1495	0	
1496	0	
1497	0	
1498	0	
1499	0	
1500	0	
1501	0	
1502	0	
1503	0	
1504	0	
1505	0	
1506	0	
1507	0	
1508	0	
1509	0	
1510	0	
1511	0	
1512	0	
1513	0	
1514	0	
1515	0	
1516	2.500000e-005	
1517	1.000000e-004	
1518	7.500000e-005	
1519	5.000000e-005	
1520	5.000000e-005	
1521	1.500000e-004	
1522	1.000000e-004	
1523	1.000000e-004	
1524	7.500000e-005	
1525	0	
1526	2.500000e-005	
1527	1.500000e-004	
1528	1.250000e-004	
1529	1.500000e-004	
1530	5.000000e-005	
1531	0	
1532	0	
1533	0	
1534	0	
1535	0	
1536	0	
1537	0	
1538	0	
1539	0	
1540	2.500000e-005	
1541	5.000000e-005	
1542	1.250000e-004	
1543	2.000000e-004	
1544	1.500000e-004	
1545	1.750000e-004	
1546	2.750000e-004	
1547	3.250000e-004	
1548	3.500000e-004	
1549	1.750000e-004	
1550	1.750000e-004	
1551	1.000000e-004	
1552	2.000000e-004	
1553	1.750000e-004	
1554	2.000000e-004	
1555	2.250000e-004	
1556	2.250000e-004	
1557	1.750000e-004	
1558	2.500000e-004	
1559	2.000000e-004	
1560	1.750000e-004	
1561	2.000000e-004	
1562	2.750000e-004	
1563	2.500000e-004	
1564	1.750000e-004	
1565	2.250000e-004	
1566	3.750000e-004	
1567	2.750000e-004	
1568	3.250000e-004	
1569	3.250000e-004	
1570	2.750000e-004	
1571	2.500000e-004	
1572	4.750000e-004	
1573	5.750000e-004	
1574	5.250000e-004	
1575	3.750000e-004	
1576	3.500000e-004	
1577	3.250000e-004	
1578	4.000000e-004	
1579	4.250000e-004	
1580	5.250000e-004	
1581	6.750000e-004	
1582	7.000000e-004	
1583	6.250000e-004	
1584	6.500000e-004	
1585	6.000000e-004	
1586	5.750000e-004	
1587	7.250000e-004	
1588	8.750000e-004	
1589	7.500000e-004	
1590	9.250000e-004	
1591	9.750000e-004	
1592	1.000000e-003	
1593	5.500000e-004	
1594	5.750000e-004	
1595	7.000000e-004	
1596	8.500000e-004	
1597	9.000000e-004	
1598	5.500000e-004	
1599	5.250000e-004	
1600	6.000000e-004	
1601	4.750000e-004	
1602	6.000000e-004	
1603	6.000000e-004	
1604	6.000000e-004	
1605	6.750000e-004	
1606	8.000000e-004	
1607	7.500000e-004	
1608	8.750000e-004	
1609	8.750000e-004	
1610	9.750000e-004	
1611	1.150000e-003	
1612	1.100000e-003	
1613	1.400000e-003	
1614	1.175000e-003	
1615	9.750000e-004	
1616	1.175000e-003	
1617	1.000000e-003	
1618	1.075000e-003	
1619	9.000000e-004	
1620	8.750000e-004	
1621	1.025000e-003	
1622	1.000000e-003	
1623	1.025000e-003	
1624	1.075000e-003	
1625	1.075000e-003	
1626	1.400000e-003	
1627	1.425000e-003	
1628	1.275000e-003	
1629	1.200000e-003	
1630	1.425000e-003	
1631	1.125000e-003	
1632	1.000000e-003	
1633	1.225000e-003	
1634	1.275000e-003	
1635	1.150000e-003	
1636	1.125000e-003	
1637	1.300000e-003	
1638	1.100000e-003	
1639	9.750000e-004	
1640	9.750000e-004	
1641	9.500000e-004	
1642	8.250000e-004	
1643	1.025000e-003	
1644	9.250000e-004	
1645	9.000000e-004	
1646	5.500000e-004	
1647	4.250000e-004	
1648	4.250000e-004	
1649	6.250000e-004	
1650	4.750000e-004	
1651	5.250000e-004	
1652	6.000000e-004	
1653	6.000000e-004	
1654	5.500000e-004	
1655	6.750000e-004	
1656	6.250000e-004	
1657	6.500000e-004	
1658	6.500000e-004	
1659	6.250000e-004	
1660	8.250000e-004	
1661	9.250000e-004	
1662	8.500000e-004	
1663	8.250000e-004	
1664	1.025000e-003	
1665	9.000000e-004	
1666	8.250000e-004	
1667	9.250000e-004	
1668	1.050000e-003	
1669	9.750000e-004	
1670	9.250000e-004	
1671	9.500000e-004	
1672	9.250000e-004	
1673	1.000000e-003	
1674	7.750000e-004	
1675	8.750000e-004	
1676	1.150000e-003	
1677	1.000000e-003	
1678	8.250000e-004	
1679	9.750000e-004	
1680	9.250000e-004	
1681	1.025000e-003	
1682	1.025000e-003	
1683	9.000000e-004	
1684	1.025000e-003	
1685	8.750000e-004	
1686	8.500000e-004	
1687	7.750000e-004	
1688	6.250000e-004	
1689	6.250000e-004	
1690	7.500000e-004	
1691	7.500000e-004	
1692	8.500000e-004	
1693	8.000000e-004	
1694	9.250000e-004	
1695	8.750000e-004	
1696	9.000000e-004	
1697	9.750000e-004	
1698	9.750000e-004	
1699	6.000000e-004	
1700	8.250000e-004	
1701	9.500000e-004	
1702	1.100000e-003	
1703	1.025000e-003	
1704	8.250000e-004	
1705	7.750000e-004	
1706	9.000000e-004	
1707	9.000000e-004	
1708	8.500000e-004	
1709	8.750000e-004	
1710	8.750000e-004	
1711	8.500000e-004	
1712	1.200000e-003	
1713	1.050000e-003	
1714	1.350000e-003	
1715	1.325000e-003	
1716	1.400000e-003	
1717	1.150000e-003	
1718	1.025000e-003	
1719	8.750000e-004	
1720	8.500000e-004	
1721	9.000000e-004	
1722	1.075000e-003	
1723	1.025000e-003	
1724	1.125000e-003	
1725	1.350000e-003	
1726	1.025000e-003	
1727	1.025000e-003	
1728	1.125000e-003	
1729	1.475000e-003	
1730	1.450000e-003	
1731	1.550000e-003	
1732	1.225000e-003	
1733	1.325000e-003	
1734	1.425000e-003	
1735	1.500000e-003	
1736	1.775000e-003	
1737	1.775000e-003	
1738	1.875000e-003	
1739	2.075000e-003	
1740	1.875000e-003	
1741	1.575000e-003	
1742	1.675000e-003	
1743	1.925000e-003	
1744	1.825000e-003	
1745	2.050000e-003	
1746	2.025000e-003	
1747	2.325000e-003	
1748	2.575000e-003	
1749	2.450000e-003	
1750	2.050000e-003	
1751	2.150000e-003	
1752	2.125000e-003	
1753	2.025000e-003	
1754	2.200000e-003	
1755	1.875000e-003	
1756	2.200000e-003	
1757	2.225000e-003	
1758	2.650000e-003	
1759	2.600000e-003	
1760	2.125000e-003	
1761	2.075000e-003	
1762	2.150000e-003	
1763	2.125000e-003	
1764	2.200000e-003	
1765	1.950000e-003	
1766	1.500000e-003	
1767	1.525000e-003	
1768	1.350000e-003	
1769	1.275000e-003	
1770	1.350000e-003	
1771	1.500000e-003	
1772	1.825000e-003	
1773	1.900000e-003	
1774	1.800000e-003	
1775	1.950000e-003	
1776	2.000000e-003	
1777	1.775000e-003	
1778	1.700000e-003	
1779	1.750000e-003	
1780	1.600000e-003	
1781	1.525000e-003	
1782	1.625000e-003	
1783	1.425000e-003	
1784	1.325000e-003	
1785	1.350000e-003	
1786	1.425000e-003	
1787	1.425000e-003	
1788	1.475000e-003	
1789	1.350000e-003	
1790	1.550000e-003	
1791	1.750000e-003	
1792	1.675000e-003	
1793	2.050000e-003	
1794	1.800000e-003	
1795	1.425000e-003	
1796	1.425000e-003	
1797	2.100000e-003	
1798	2.275000e-003	
1799	2.125000e-003	
1800	2.375000e-003	
1801	2.750000e-003	
1802	3.175000e-003	
1803	3.175000e-003	
1804	3.400000e-003	
1805	3.325000e-003	
1806	3.550000e-003	
1807	4.000000e-003	
1808	4.450000e-003	
1809	4.300000e-003	
1810	4.375000e-003	
1811	3.700000e-003	
1812	4.150000e-003	
1813	3.950000e-003	
1814	3.850000e-003	
1815	4.150000e-003	
1816	4.500000e-003	
1817	4.350000e-003	
1818	3.825000e-003	
1819	4.200000e-003	
1820	3.950000e-003	
1821	4.125000e-003	
1822	3.775000e-003	
1823	3.450000e-003	
1824	3.475000e-003	
1825	3.950000e-003	
1826	3.375000e-003	
1827	3.500000e-003	
1828	2.950000e-003	
1829	2.975000e-003	
1830	2.800000e-003	
1831	2.425000e-003	
1832	2.425000e-003	
1833	2.700000e-003	
1834	2.600000e-003	
1835	2.650000e-003	
1836	2.725000e-003	
1837	2.175000e-003	
1838	2.475000e-003	
1839	2.425000e-003	
1840	2.250000e-003	
1841	1.975000e-003	
1842	1.950000e-003	
1843	2.150000e-003	
1844	2.300000e-003	
1845	2.200000e-003	
1846	2.200000e-003	
1847	1.900000e-003	
1848	2.000000e-003	
1849	2.050000e-003	
1850	2.575000e-003	
1851	2.400000e-003	
1852	1.750000e-003	
1853	1.700000e-003	
1854	1.850000e-003	
1855	1.750000e-003	
1856	1.900000e-003	
1857	1.625000e-003	
1858	1.975000e-003	
1859	1.975000e-003	
1860	2.275000e-003	
1861	2.050000e-003	
1862	1.750000e-003	
1863	2.075000e-003	
1864	1.700000e-003	
1865	1.850000e-003	
1866	1.325000e-003	
1867	1.475000e-003	
1868	1.650000e-003	
1869	1.475000e-003	
1870	1.225000e-003	
1871	1.350000e-003	
1872	1.300000e-003	
1873	1.300000e-003	
1874	1.225000e-003	
1875	1.125000e-003	
1876	9.500000e-004	
1877	9.250000e-004	
1878	9.000000e-004	
1879	8.750000e-004	
1880	1.000000e-003	
1881	7.750000e-004	
1882	7.750000e-004	
1883	4.750000e-004	
1884	4.500000e-004	
1885	4.750000e-004	
1886	6.000000e-004	
1887	6.750000e-004	
1888	6.250000e-004	
1889	2.750000e-004	
1890	2.000000e-004	
1891	2.250000e-004	
1892	4.250000e-004	
1893	4.000000e-004	
1894	2.500000e-004	
1895	4.250000e-004	
1896	5.250000e-004	
1897	4.000000e-004	
1898	5.250000e-004	
1899	4.750000e-004	
1900	4.750000e-004	
1901	4.500000e-004	
1902	4.250000e-004	
1903	5.000000e-004	
1904	3.750000e-004	
1905	3.750000e-004	
1906	2.750000e-004	
1907	2.500000e-004	
1908	4.250000e-004	
1909	3.250000e-004	
1910	2.250000e-004	
1911	1.500000e-004	
1912	2.000000e-004	
1913	5.000000e-005	
1914	5.000000e-005	
1915	1.000000e-004	
1916	1.250000e-004	
1917	1.500000e-004	
1918	2.000000e-004	
1919	2.750000e-004	
1920	4.750000e-004	
1921	4.750000e-004	
1922	6.000000e-004	
1923	6.250000e-004	
1924	6.750000e-004	
1925	7.750000e-004	
1926	7.000000e-004	
1927	6.000000e-004	
1928	4.750000e-004	
1929	4.250000e-004	
1930	4.750000e-004	
1931	4.000000e-004	
1932	2.750000e-004	
1933	3.750000e-004	
1934	5.250000e-004	
1935	5.750000e-004	
1936	7.500000e-004	
1937	9.000000e-004	
1938	8.750000e-004	
1939	7.500000e-004	
1940	8.500000e-004	
1941	6.750000e-004	
1942	6.250000e-004	
1943	6.000000e-004	
1944	6.000000e-004	
1945	7.750000e-004	
1946	8.500000e-004	
1947	8.500000e-004	
1948	8.750000e-004	
1949	9.000000e-004	
1950	7.500000e-004	
1951	8.750000e-004	
1952	9.500000e-004	
1953	6.500000e-004	
1954	4.750000e-004	
1955	3.750000e-004	
1956	6.000000e-004	
1957	7.500000e-004	
1958	8.000000e-004	
1959	8.500000e-004	
1960	9.250000e-004	
1961	1.025000e-003	
1962	7.000000e-004	
1963	7.000000e-004	
1964	4.750000e-004	
1965	5.250000e-004	
1966	6.750000e-004	
1967	7.000000e-004	
1968	9.000000e-004	
1969	8.750000e-004	
1970	9.250000e-004	
1971	1.225000e-003	
1972	1.025000e-003	
1973	8.500000e-004	
1974	7.750000e-004	
1975	8.000000e-004	
1976	8.500000e-004	
1977	5.750000e-004	
1978	5.500000e-004	
1979	5.000000e-004	
1980	5.500000e-004	
1981	3.750000e-004	
1982	4.000000e-004	
1983	3.000000e-004	
1984	2.750000e-004	
1985	3.750000e-004	
1986	1.750000e-004	
1987	7.500000e-005	
1988	1.250000e-004	
1989	1.250000e-004	
1990	2.750000e-004	
1991	3.250000e-004	
1992	5.250000e-004	
1993	6.500000e-004	
1994	6.500000e-004	
1995	5.500000e-004	
1996	4.000000e-004	
1997	5.250000e-004	
1998	5.500000e-004	
1999	6.000000e-004	
2000	6.750000e-004	
2001	3.250000e-004	
2002	4.750000e-004	
2003	7.750000e-004	
2004	8.250000e-004	
2005	5.750000e-004	
2006	4.250000e-004	
2007	4.250000e-004	
2008	5.000000e-004	
2009	5.750000e-004	
2010	6.250000e-004	
2011	6.750000e-004	
2012	3.500000e-004	
2013	4.000000e-004	
2014	3.250000e-004	
2015	4.000000e-004	
2016	4.500000e-004	
2017	5.000000e-004	
2018	4.500000e-004	
2019	3.500000e-004	
2020	4.250000e-004	
2021	3.250000e-004	
2022	3.500000e-004	
2023	2.750000e-004	
2024	3.250000e-004	
2025	4.250000e-004	
2026	3.750000e-004	
2027	4.000000e-004	
2028	4.000000e-004	
2029	4.250000e-004	
2030	6.000000e-004	
2031	6.750000e-004	
2032	6.250000e-004	
2033	9.250000e-004	
2034	8.500000e-004	
2035	6.500000e-004	
2036	5.500000e-004	
2037	5.000000e-004	
2038	4.250000e-004	
2039	4.750000e-004	
2040	3.500000e-004	
2041	4.000000e-004	
2042	3.750000e-004	
2043	3.500000e-004	
2044	3.250000e-004	
2045	4.250000e-004	
2046	4.750000e-004	
2047	6.500000e-004	
2048	6.250000e-004	
2049	5.500000e-004	
2050	4.500000e-004	
2051	3.000000e-004	
2052	2.500000e-004	
2053	1.750000e-004	
2054	7.500000e-005	
2055	5.000000e-005	
2056	5.000000e-005	
2057	2.500000e-005	
2058	2.500000e-005	
2059	7.500000e-005	
2060	1.000000e-004	
2061	5.000000e-005	
2062	7.500000e-005	
2063	2.500000e-005	
2064	0	
2065	0	
2066	0	
2067	0	
2068	0	
2069	0	
2070	0	
2071	0	
2072	0	
2073	0	
2074	0	
2075	0	
2076	0	
2077	0	
2078	0	
2079	0	
2080	0	
2081	0	
2082	0	
2083	0	
2084	0	
2085	0	
2086	0	
2087	0	
2088	0	
2089	0	
2090	0	
2091	0	
2092	0	
2093	5.000000e-005	
2094	1.750000e-004	
2095	2.250000e-004	
2096	1.250000e-004	
2097	2.250000e-004	
2098	2.500000e-004	
2099	1.750000e-004	
2100	2.500000e-004	
2101	3.000000e-004	
2102	2.250000e-004	
2103	2.250000e-004	
2104	2.500000e-004	
2105	1.500000e-004	
2106	1.500000e-004	
2107	1.500000e-004	
2108	2.250000e-004	
2109	2.750000e-004	
2110	4.500000e-004	
2111	3.000000e-004	
2112	3.500000e-004	
2113	3.250000e-004	
2114	2.750000e-004	
2115	3.000000e-004	
2116	3.250000e-004	
2117	2.750000e-004	
2118	2.250000e-004	
2119	1.500000e-004	
2120	1.250000e-004	
2121	1.250000e-004	
2122	2.000000e-004	
2123	1.500000e-004	
2124	1.750000e-004	
2125	7.500000e-005	
2126	1.750000e-004	
2127	2.250000e-004	
2128	2.250000e-004	
2129	2.500000e-004	
2130	1.500000e-004	
2131	2.250000e-004	
2132	2.750000e-004	
2133	3.250000e-004	
2134	3.750000e-004	
2135	3.250000e-004	
2136	3.250000e-004	
2137	1.750000e-004	
2138	1.250000e-004	
2139	1.250000e-004	
2140	2.000000e-004	
2141	3.000000e-004	
2142	3.500000e-004	
2143	3.750000e-004	
2144	4.000000e-004	
2145	4.250000e-004	
2146	4.250000e-004	
2147	5.250000e-004	
2148	5.250000e-004	
2149	4.000000e-004	
2150	4.000000e-004	
2151	3.750000e-004	
2152	2.500000e-004	
2153	2.500000e-004	
2154	1.500000e-004	
2155	1.500000e-004	
2156	2.000000e-004	
2157	2.000000e-004	
2158	3.000000e-004	
2159	2.000000e-004	
2160	2.250000e-004	
2161	1.750000e-004	
2162	2.000000e-004	
2163	1.000000e-004	
2164	1.250000e-004	
2165	1.500000e-004	
2166	1.750000e-004	
2167	2.000000e-004	
2168	2.000000e-004	
2169	1.000000e-004	
2170	1.000000e-004	
2171	7.500000e-005	
2172	7.500000e-005	
2173	0	
2174	0	
2175	0	
2176	0	
2177	0	
2178	0	
2179	0	
2180	0	
2181	0	
2182	0	
2183	0	
2184	0	
2185	0	
2186	0	
2187	0	
2188	0	
2189	0	
2190	0	
2191	0	
2192	0	
2193	0	
2194	0	
2195	0	
2196	0	
2197	0	
2198	2.500000e-005	
2199	5.000000e-005	
2200	0	
2201	0	
2202	0	
2203	5.000000e-005	
2204	7.500000e-005	
2205	1.250000e-004	
2206	1.000000e-004	
2207	1.500000e-004	
2208	7.500000e-005	
2209	1.000000e-004	
2210	1.250000e-004	
2211	1.000000e-004	
2212	1.000000e-004	
2213	1.000000e-004	
2214	2.500000e-005	
2215	0	
2216	0	
2217	0	
2218	0	
2219	0	
2220	0	
2221	0	
2222	0	
2223	0	
2224	0	
2225	0	
2226	0	
2227	0	
2228	0	
2229	0	
2230	0	
2231	0	
2232	0	
2233	0	
2234	0	
2235	0	
2236	0	
2237	0	
2238	0	
2239	0	
2240	0	
2241	0	
2242	0	
2243	0	
2244	0	
2245	0	
2246	0	
2247	0	
2248	0	
2249	0	
2250	0	
2251	0	
2252	0	
2253	0	
2254	0	
2255	0	
2256	0	
2257	0	
2258	2.500000e-005	
2259	0	
2260	0	
2261	0	
2262	0	
2263	0	
2264	0	
2265	0	
2266	0	
2267	0	
2268	0	
2269	0	
2270	0	
2271	0	
2272	0	
2273	0	
2274	0	
2275	0	
2276	0	
2277	0	
2278	0	
2279	0	
2280	0	
2281	0	
2282	0	
2283	0	
2284	0	
2285	0	
2286	0	
2287	0	
2288	0	
2289	0	
2290	0	
2291	0	
2292	0	
2293	0	
2294	0	
2295	0	
2296	0	
2297	0	
2298	0	
2299	0	
2300	0	
2301	0	
2302	0	
2303	0	
2304	0	
2305	0	
2306	0	
2307	0	
2308	0	
2309	0	
2310	0	
2311	0	
2312	0	
2313	0	
2314	2.500000e-005	
2315	2.500000e-005	
2316	2.500000e-005	
2317	2.500000e-005	
2318	0	
2319	0	
2320	0	
2321	0	
2322	0	
2323	0	
2324	2.500000e-005	
2325	7.500000e-005	
2326	1.250000e-004	
2327	1.500000e-004	
2328	2.250000e-004	
2329	3.000000e-004	
2330	2.750000e-004	
2331	2.000000e-004	
2332	2.500000e-004	
2333	1.500000e-004	
2334	2.000000e-004	
2335	1.500000e-004	
2336	1.500000e-004	
2337	2.000000e-004	
2338	1.250000e-004	
2339	1.750000e-004	
2340	1.000000e-004	
2341	1.250000e-004	
2342	1.000000e-004	
2343	5.000000e-005	
2344	5.000000e-005	
2345	5.000000e-005	
2346	0	
2347	0	
2348	0	
2349	0	
2350	0	
2351	0	
2352	0	
2353	0	
2354	0	
2355	0	
2356	0	
2357	0	
2358	0	
2359	0	
2360	0	
2361	0	
2362	0	
2363	2.500000e-005	
2364	7.500000e-005	
2365	1.000000e-004	
2366	0	
2367	0	
2368	0	
2369	0	
2370	0	
2371	0	
2372	0	
2373	0	
2374	0	
2375	0	
2376	0	
2377	0	
2378	0	
2379	0	
2380	0	
2381	0	
2382	0	
2383	0	
2384	0	
2385	0	
2386	0	
2387	0	
2388	0	
2389	0	
2390	0	
2391	0	
2392	0	
2393	0	
2394	0	
2395	0	
2396	0	
2397	0	
2398	0	
2399	0	
2400	0	
2401	0	
2402	0	
2403	0	
2404	0	
2405	0	
2406	0	
2407	0	
2408	0	
2409	0	
2410	0	
2411	0	
2412	0	
2413	0	
2414	0	
2415	0	
2416	0	
2417	0	
2418	0	
2419	0	
2420	0	
2421	0	
2422	0	
2423	0	
2424	0	
2425	0	
2426	0	
2427	0	
2428	0	
2429	0	
2430	0	
2431	0	
2432	0	
2433	0	
2434	0	
2435	0	
2436	0	
2437	0	
2438	0	
2439	0	
2440	0	
2441	0	
2442	0	
2443	0	
2444	0	
2445	0	
2446	0	
2447	0	
2448	0	
2449	0	
2450	0	
2451	0	
2452	0	
2453	0	
2454	0	
2455	0	
2456	0	
2457	0	
2458	0	
2459	0	
2460	0	
2461	0	
2462	0	
2463	0	
2464	0	
2465	0	
2466	0	
2467	0	
2468	0	
2469	0	
2470	0	
2471	0	
2472	0	
2473	0	
2474	0	
2475	0	
2476	0	
2477	0	
2478	0	
2479	0	
2480	0	
2481	0	
2482	2.500000e-005	
2483	7.500000e-005	
2484	1.250000e-004	
2485	2.000000e-004	
2486	1.750000e-004	
2487	2.250000e-004	
2488	1.500000e-004	
2489	1.500000e-004	
2490	1.000000e-004	
2491	1.000000e-004	
2492	1.000000e-004	
2493	1.250000e-004	
2494	1.750000e-004	
2495	1.000000e-004	
2496	1.750000e-004	
2497	1.750000e-004	
2498	1.750000e-004	
2499	1.500000e-004	
2500	1.500000e-004	
2501	1.500000e-004	
2502	2.000000e-004	
2503	2.250000e-004	
2504	1.250000e-004	
2505	1.250000e-004	
2506	1.000000e-004	
2507	1.000000e-004	
2508	1.250000e-004	
2509	5.000000e-005	
2510	7.500000e-005	
2511	7.500000e-005	
2512	7.500000e-005	
2513	1.250000e-004	
2514	7.500000e-005	
2515	2.500000e-005	
2516	2.500000e-005	
2517	5.000000e-005	
2518	1.000000e-004	
2519	7.500000e-005	
2520	7.500000e-005	
2521	1.250000e-004	
2522	7.500000e-005	
2523	1.000000e-004	
2524	1.250000e-004	
2525	2.500000e-005	
2526	2.500000e-005	
2527	2.500000e-005	
2528	5.000000e-005	
2529	1.000000e-004	
2530	7.500000e-005	
2531	5.000000e-005	
2532	5.000000e-005	
2533	5.000000e-005	
2534	7.500000e-005	
2535	5.000000e-005	
2536	1.000000e-004	
2537	1.250000e-004	
2538	1.250000e-004	
2539	1.000000e-004	
2540	5.000000e-005	
2541	0	
2542	0	
2543	0	
2544	0	
2545	0	
2546	0	
2547	0	
2548	0	
2549	0	
2550	0	
2551	0	
2552	0	
2553	0	
2554	0	
2555	0	
2556	0	
2557	0	
2558	0	
2559	0	
2560	0	
2561	0	
2562	0	
2563	0	
2564	0	
2565	0	
2566	0	
2567	0	
2568	0	
2569	0	
2570	0	
2571	0	
2572	0	
2573	0	
2574	0	
2575	0	
2576	0	
2577	0	
2578	0	
2579	0	
2580	0	
2581	0	
2582	0	
2583	0	
2584	0	
2585	0	
2586	0	
2587	0	
2588	0	
2589	0	
2590	0	
2591	0	
2592	0	
2593	0	
2594	0	
2595	0	
2596	0	
2597	0	
2598	0	
2599	0	
2600	0	
2601	0	
2602	0	
2603	0	
2604	0	
2605	0	
2606	0	
2607	0	
2608	0	
2609	0	
2610	0	
2611	0	
2612	0	
2613	0	
2614	0	
2615	0	
2616	0	
2617	0	
2618	0	
2619	0	
2620	0	
2621	0	
2622	0	
2623	0	
2624	0	
2625	0	
2626	0	
2627	0	
2628	0	
2629	0	
2630	0	
2631	0	
2632	0	
2633	0	
2634	0	
2635	0	
2636	0	
2637	0	
2638	0	
2639	0	
2640	0	
2641	0	
2642	0	
2643	0	
2644	0	
2645	0	
2646	0	
2647	0	
2648	0	
2649	0	
2650	0	
2651	0	
2652	0	
2653	0	
2654	0	
2655	0	
2656	0	
2657	0	
2658	0	
2659	0	
2660	0	
2661	0	
2662	0	
2663	0	
2664	0	
2665	0	
2666	0	
2667	0	
2668	0	
2669	0	
2670	0	
2671	0	
2672	0	
2673	0	
2674	0	
2675	0	
2676	0	
2677	0	
2678	0	
2679	0	
2680	0	
2681	0	
2682	0	
2683	0	
2684	0	
2685	0	
2686	0	
2687	0	
2688	0	
2689	0	
2690	0	
2691	0	
2692	0	
2693	0	
2694	0	
2695	0	
2696	0	
2697	0	
2698	0	
2699	0	
2700	0	
2701	0	
2702	0	
2703	0	
2704	0	
2705	0	
2706	0	
2707	0	
2708	2.500000e-005	
2709	1.250000e-004	
2710	2.000000e-004	
2711	1.250000e-004	
2712	1.750000e-004	
2713	1.500000e-004	
2714	1.500000e-004	
2715	2.000000e-004	
2716	3.250000e-004	
2717	1.750000e-004	
2718	2.000000e-004	
2719	1.250000e-004	
2720	1.500000e-004	
2721	1.250000e-004	
2722	5.000000e-005	
2723	7.500000e-005	
2724	5.000000e-005	
2725	2.500000e-005	
2726	7.500000e-005	
2727	7.500000e-005	
2728	2.500000e-005	
2729	2.500000e-005	
2730	0	
2731	0	
2732	0	
2733	0	
2734	0	
2735	0	
2736	0	
2737	0	
2738	0	
2739	0	
2740	0	
2741	0	
2742	0	
2743	0	
2744	0	
2745	0	
2746	0	
2747	0	
2748	0	
2749	0	
2750	0	
2751	2.500000e-005	
2752	7.500000e-005	
2753	7.500000e-005	
2754	7.500000e-005	
2755	1.000000e-004	
2756	5.000000e-005	
2757	1.000000e-004	
2758	5.000000e-005	
2759	5.000000e-005	
2760	7.500000e-005	
2761	5.000000e-005	
2762	5.000000e-005	
2763	7.500000e-005	
2764	1.500000e-004	
2765	1.000000e-004	
2766	1.750000e-004	
2767	1.000000e-004	
2768	1.250000e-004	
2769	7.500000e-005	
2770	1.500000e-004	
2771	1.500000e-004	
2772	1.000000e-004	
2773	7.500000e-005	
2774	2.500000e-005	
2775	0	
2776	0	
2777	2.500000e-005	
2778	2.500000e-005	
2779	2.500000e-005	
2780	2.500000e-005	
2781	5.000000e-005	
2782	1.000000e-004	
2783	1.000000e-004	
2784	7.500000e-005	
2785	7.500000e-005	
2786	1.250000e-004	
2787	1.500000e-004	
2788	1.750000e-004	
2789	7.500000e-005	
2790	1.000000e-004	
2791	1.500000e-004	
2792	7.500000e-005	
2793	1.000000e-004	
2794	1.000000e-004	
2795	1.250000e-004	
2796	1.500000e-004	
2797	2.500000e-005	
2798	2.500000e-005	
2799	5.000000e-005	
2800	5.000000e-005	
2801	7.500000e-005	
2802	7.500000e-005	
2803	1.000000e-004	
2804	1.500000e-004	
2805	1.500000e-004	
2806	1.500000e-004	
2807	1.250000e-004	
2808	1.000000e-004	
2809	5.000000e-005	
2810	5.000000e-005	
2811	2.500000e-005	
2812	0	
2813	0	
2814	0	
2815	0	
2816	0	
2817	0	
2818	0	
2819	0	
2820	0	
2821	0	
2822	0	
2823	0	
2824	0	
2825	0	
2826	0	
2827	0	
2828	0	
2829	0	
2830	0	
2831	0	
2832	0	
2833	0	
2834	0	
2835	0	
2836	0	
2837	0	
2838	0	
2839	0	
2840	0	
2841	0	
2842	0	
2843	0	
2844	0	
2845	0	
2846	0	
2847	0	
2848	0	
2849	0	
2850	0	
2851	0	
2852	0	
2853	0	
2854	0	
2855	0	
2856	0	
2857	0	
2858	0	
2859	0	
2860	0	
2861	0	
2862	0	
2863	0	
2864	0	
2865	0	
2866	0	
2867	2.500000e-005	
2868	7.500000e-005	
2869	1.500000e-004	
2870	2.250000e-004	
2871	3.250000e-004	
2872	2.750000e-004	
2873	2.750000e-004	
2874	3.750000e-004	
2875	3.250000e-004	
2876	2.500000e-004	
2877	2.750000e-004	
2878	2.500000e-004	
2879	3.000000e-004	
2880	3.500000e-004	
2881	3.250000e-004	
2882	4.500000e-004	
2883	4.500000e-004	
2884	5.750000e-004	
2885	8.000000e-004	
2886	9.000000e-004	
2887	7.250000e-004	
2888	7.500000e-004	
2889	9.000000e-004	
2890	9.000000e-004	
2891	8.750000e-004	
2892	9.500000e-004	
2893	8.750000e-004	
2894	9.750000e-004	
2895	1.075000e-003	
2896	1.000000e-003	
2897	8.000000e-004	
2898	9.250000e-004	
2899	8.500000e-004	
2900	9.500000e-004	
2901	1.050000e-003	
2902	9.500000e-004	
2903	1.625000e-003	
2904	1.750000e-003	
2905	1.925000e-003	
2906	1.875000e-003	
2907	1.575000e-003	
2908	1.575000e-003	
2909	1.725000e-003	
2910	1.575000e-003	
2911	1.550000e-003	
2912	1.625000e-003	
2913	1.950000e-003	
2914	1.750000e-003	
2915	1.800000e-003	
2916	1.725000e-003	
2917	1.800000e-003	
2918	1.600000e-003	
2919	1.750000e-003	
2920	1.850000e-003	
2921	2.175000e-003	
2922	2.550000e-003	
2923	2.275000e-003	
2924	2.350000e-003	
2925	2.625000e-003	
2926	2.425000e-003	
2927	2.350000e-003	
2928	2.225000e-003	
2929	2.475000e-003	
2930	2.375000e-003	
2931	2.425000e-003	
2932	2.475000e-003	
2933	2.525000e-003	
2934	2.550000e-003	
2935	2.550000e-003	
2936	3.125000e-003	
2937	3.700000e-003	
2938	3.750000e-003	
2939	3.725000e-003	
2940	3.925000e-003	
2941	4.300000e-003	
2942	4.175000e-003	
2943	3.700000e-003	
2944	3.325000e-003	
2945	3.200000e-003	
2946	3.675000e-003	
2947	4.225000e-003	
2948	3.775000e-003	
2949	3.600000e-003	
2950	3.150000e-003	
2951	3.125000e-003	
2952	3.375000e-003	
2953	3.825000e-003	
2954	3.800000e-003	
2955	3.550000e-003	
2956	3.475000e-003	
2957	3.900000e-003	
2958	3.225000e-003	
2959	3.175000e-003	
2960	3.400000e-003	
2961	3.050000e-003	
2962	3.250000e-003	
2963	3.250000e-003	
2964	2.750000e-003	
2965	3.200000e-003	
2966	3.125000e-003	
2967	3.250000e-003	
2968	3.350000e-003	
2969	3.775000e-003	
2970	4.025000e-003	
2971	4.325000e-003	
2972	4.150000e-003	
2973	4.425000e-003	
2974	4.225000e-003	
2975	4.750000e-003	
2976	5.050000e-003	
2977	4.700000e-003	
2978	3.950000e-003	
2979	4.325000e-003	
2980	4.250000e-003	
2981	4.375000e-003	
2982	4.675000e-003	
2983	4.650000e-003	
2984	4.625000e-003	
2985	4.475000e-003	
2986	4.250000e-003	
2987	3.750000e-003	
2988	3.900000e-003	
2989	3.975000e-003	
2990	4.000000e-003	
2991	4.600000e-003	
2992	4.400000e-003	
2993	4.150000e-003	
2994	4.350000e-003	
2995	4.750000e-003	
2996	4.850000e-003	
2997	5.100000e-003	
2998	4.700000e-003	
2999	4.725000e-003	
3000	4.450000e-003	
3001	4.475000e-003	
