1	0	
2	0	
3	0	
4	0	
5	0	
6	0	
7	0	
8	0	
9	0	
10	0	
11	0	
12	0	
13	0	
14	0	
15	0	
16	0	
17	0	
18	0	
19	0	
20	0	
21	0	
22	0	
23	0	
24	0	
25	0	
26	2.500000e-005	
27	5.000000e-005	
28	1.250000e-004	
29	1.000000e-004	
30	7.500000e-005	
31	2.500000e-005	
32	0	
33	0	
34	0	
35	0	
36	0	
37	0	
38	0	
39	0	
40	0	
41	0	
42	0	
43	0	
44	0	
45	0	
46	0	
47	0	
48	0	
49	0	
50	0	
51	0	
52	0	
53	0	
54	0	
55	0	
56	0	
57	0	
58	0	
59	0	
60	0	
61	0	
62	0	
63	0	
64	0	
65	0	
66	0	
67	0	
68	2.500000e-005	
69	2.500000e-005	
70	0	
71	0	
72	0	
73	0	
74	0	
75	0	
76	0	
77	0	
78	0	
79	0	
80	0	
81	0	
82	0	
83	0	
84	0	
85	0	
86	0	
87	0	
88	0	
89	0	
90	0	
91	0	
92	0	
93	0	
94	0	
95	0	
96	0	
97	0	
98	0	
99	0	
100	0	
101	0	
102	0	
103	0	
104	0	
105	0	
106	0	
107	0	
108	0	
109	0	
110	0	
111	0	
112	0	
113	0	
114	0	
115	0	
116	0	
117	0	
118	0	
119	0	
120	0	
121	0	
122	0	
123	0	
124	0	
125	0	
126	0	
127	0	
128	0	
129	0	
130	0	
131	0	
132	0	
133	0	
134	0	
135	0	
136	0	
137	0	
138	0	
139	0	
140	0	
141	0	
142	0	
143	0	
144	0	
145	0	
146	0	
147	0	
148	0	
149	0	
150	0	
151	0	
152	0	
153	0	
154	0	
155	0	
156	0	
157	0	
158	0	
159	0	
160	0	
161	0	
162	0	
163	0	
164	0	
165	0	
166	0	
167	0	
168	0	
169	0	
170	0	
171	0	
172	0	
173	0	
174	0	
175	0	
176	0	
177	0	
178	0	
179	0	
180	0	
181	0	
182	0	
183	0	
184	0	
185	0	
186	0	
187	0	
188	0	
189	0	
190	0	
191	0	
192	0	
193	0	
194	0	
195	0	
196	0	
197	0	
198	0	
199	0	
200	0	
201	2.500000e-005	
202	5.000000e-005	
203	0	
204	0	
205	0	
206	0	
207	0	
208	0	
209	0	
210	0	
211	0	
212	0	
213	0	
214	0	
215	0	
216	0	
217	0	
218	0	
219	0	
220	0	
221	0	
222	0	
223	0	
224	2.500000e-005	
225	0	
226	0	
227	0	
228	0	
229	0	
230	0	
231	0	
232	0	
233	0	
234	0	
235	0	
236	0	
237	0	
238	0	
239	0	
240	0	
241	0	
242	0	
243	0	
244	0	
245	0	
246	0	
247	0	
248	0	
249	0	
250	0	
251	0	
252	0	
253	0	
254	0	
255	0	
256	0	
257	0	
258	0	
259	0	
260	0	
261	0	
262	0	
263	0	
264	0	
265	0	
266	0	
267	0	
268	0	
269	0	
270	2.500000e-005	
271	2.500000e-005	
272	2.500000e-005	
273	5.000000e-005	
274	7.500000e-005	
275	1.000000e-004	
276	7.500000e-005	
277	7.500000e-005	
278	1.000000e-004	
279	5.000000e-005	
280	2.500000e-005	
281	0	
282	0	
283	0	
284	0	
285	0	
286	0	
287	0	
288	0	
289	0	
290	0	
291	0	
292	2.500000e-005	
293	5.000000e-005	
294	1.000000e-004	
295	1.000000e-004	
296	1.000000e-004	
297	1.750000e-004	
298	1.750000e-004	
299	1.500000e-004	
300	5.000000e-005	
301	0	
302	0	
303	0	
304	0	
305	0	
306	0	
307	0	
308	0	
309	0	
310	0	
311	0	
312	0	
313	0	
314	0	
315	0	
316	0	
317	0	
318	0	
319	0	
320	0	
321	0	
322	0	
323	0	
324	0	
325	0	
326	0	
327	0	
328	0	
329	0	
330	0	
331	0	
332	0	
333	0	
334	0	
335	0	
336	0	
337	0	
338	0	
339	0	
340	0	
341	0	
342	0	
343	0	
344	0	
345	0	
346	0	
347	0	
348	0	
349	0	
350	0	
351	0	
352	0	
353	0	
354	0	
355	0	
356	0	
357	0	
358	0	
359	0	
360	0	
361	0	
362	0	
363	0	
364	0	
365	0	
366	0	
367	0	
368	0	
369	0	
370	0	
371	0	
372	0	
373	0	
374	0	
375	0	
376	0	
377	0	
378	0	
379	0	
380	0	
381	0	
382	0	
383	0	
384	0	
385	0	
386	0	
387	0	
388	0	
389	0	
390	0	
391	0	
392	0	
393	0	
394	0	
395	0	
396	0	
397	0	
398	0	
399	0	
400	0	
401	0	
402	0	
403	0	
404	0	
405	0	
406	0	
407	0	
408	0	
409	0	
410	0	
411	0	
412	0	
413	0	
414	0	
415	0	
416	0	
417	0	
418	0	
419	0	
420	0	
421	0	
422	0	
423	0	
424	0	
425	0	
426	2.500000e-005	
427	2.500000e-005	
428	7.500000e-005	
429	1.250000e-004	
430	1.500000e-004	
431	1.750000e-004	
432	1.500000e-004	
433	1.750000e-004	
434	7.500000e-005	
435	1.000000e-004	
436	2.500000e-005	
437	5.000000e-005	
438	7.500000e-005	
439	0	
440	0	
441	0	
442	0	
443	0	
444	0	
445	0	
446	0	
447	0	
448	0	
449	0	
450	0	
451	0	
452	0	
453	0	
454	0	
455	0	
456	0	
457	0	
458	0	
459	0	
460	0	
461	0	
462	0	
463	0	
464	0	
465	0	
466	0	
467	0	
468	0	
469	0	
470	0	
471	0	
472	0	
473	0	
474	0	
475	0	
476	0	
477	0	
478	0	
479	0	
480	0	
481	0	
482	0	
483	0	
484	0	
485	0	
486	0	
487	0	
488	0	
489	0	
490	0	
491	0	
492	0	
493	0	
494	0	
495	0	
496	0	
497	0	
498	0	
499	0	
500	0	
501	0	
502	0	
503	0	
504	0	
505	0	
506	0	
507	0	
508	0	
509	0	
510	0	
511	0	
512	0	
513	0	
514	0	
515	0	
516	0	
517	0	
518	0	
519	0	
520	2.500000e-005	
521	2.500000e-005	
522	2.500000e-005	
523	7.500000e-005	
524	1.500000e-004	
525	1.500000e-004	
526	2.000000e-004	
527	1.750000e-004	
528	1.250000e-004	
529	2.000000e-004	
530	1.750000e-004	
531	2.500000e-004	
532	1.750000e-004	
533	1.250000e-004	
534	1.750000e-004	
535	2.250000e-004	
536	1.250000e-004	
537	2.250000e-004	
538	2.000000e-004	
539	1.750000e-004	
540	1.500000e-004	
541	2.000000e-004	
542	1.750000e-004	
543	2.250000e-004	
544	2.250000e-004	
545	2.000000e-004	
546	2.000000e-004	
547	2.000000e-004	
548	2.500000e-004	
549	3.000000e-004	
550	2.500000e-004	
551	2.250000e-004	
552	1.750000e-004	
553	2.250000e-004	
554	2.000000e-004	
555	2.000000e-004	
556	1.750000e-004	
557	2.500000e-004	
558	3.000000e-004	
559	3.250000e-004	
560	4.000000e-004	
561	4.500000e-004	
562	4.000000e-004	
563	3.750000e-004	
564	4.000000e-004	
565	5.000000e-004	
566	6.500000e-004	
567	8.250000e-004	
568	9.500000e-004	
569	9.000000e-004	
570	9.000000e-004	
571	8.250000e-004	
572	9.750000e-004	
573	1.275000e-003	
574	1.250000e-003	
575	1.200000e-003	
576	1.525000e-003	
577	1.650000e-003	
578	1.775000e-003	
579	1.400000e-003	
580	1.375000e-003	
581	1.700000e-003	
582	1.400000e-003	
583	1.350000e-003	
584	1.200000e-003	
585	1.300000e-003	
586	1.625000e-003	
587	1.525000e-003	
588	1.250000e-003	
589	1.250000e-003	
590	1.550000e-003	
591	1.775000e-003	
592	1.525000e-003	
593	1.825000e-003	
594	1.400000e-003	
595	1.475000e-003	
596	1.375000e-003	
597	1.500000e-003	
598	1.650000e-003	
599	1.625000e-003	
600	1.375000e-003	
601	1.475000e-003	
602	1.625000e-003	
603	1.475000e-003	
604	1.625000e-003	
605	1.525000e-003	
606	1.325000e-003	
607	1.325000e-003	
608	1.300000e-003	
609	1.450000e-003	
610	1.625000e-003	
611	1.700000e-003	
612	1.625000e-003	
613	1.400000e-003	
614	1.675000e-003	
615	1.900000e-003	
616	1.775000e-003	
617	1.625000e-003	
618	1.800000e-003	
619	1.775000e-003	
620	2.050000e-003	
621	2.125000e-003	
622	2.150000e-003	
623	1.950000e-003	
624	1.975000e-003	
625	1.925000e-003	
626	1.900000e-003	
627	2.100000e-003	
628	2.175000e-003	
629	2.175000e-003	
630	2.050000e-003	
631	2.300000e-003	
632	2.175000e-003	
633	2.200000e-003	
634	2.025000e-003	
635	1.875000e-003	
636	1.700000e-003	
637	1.325000e-003	
638	1.350000e-003	
639	1.175000e-003	
640	1.325000e-003	
641	1.050000e-003	
642	1.225000e-003	
643	1.450000e-003	
644	1.575000e-003	
645	1.300000e-003	
646	1.400000e-003	
647	1.475000e-003	
648	1.275000e-003	
649	1.075000e-003	
650	1.050000e-003	
651	1.000000e-003	
652	1.175000e-003	
653	1.175000e-003	
654	9.250000e-004	
655	1.125000e-003	
656	1.075000e-003	
657	9.250000e-004	
658	1.250000e-003	
659	1.500000e-003	
660	1.450000e-003	
661	1.550000e-003	
662	1.575000e-003	
663	1.375000e-003	
664	1.425000e-003	
665	1.475000e-003	
666	1.450000e-003	
667	1.350000e-003	
668	1.425000e-003	
669	1.375000e-003	
670	1.425000e-003	
671	1.500000e-003	
672	1.400000e-003	
673	1.425000e-003	
674	1.425000e-003	
675	1.350000e-003	
676	1.600000e-003	
677	1.500000e-003	
678	1.375000e-003	
679	1.250000e-003	
680	1.250000e-003	
681	1.325000e-003	
682	1.025000e-003	
683	1.250000e-003	
684	1.150000e-003	
685	1.175000e-003	
686	1.225000e-003	
687	1.375000e-003	
688	1.400000e-003	
689	1.325000e-003	
690	1.350000e-003	
691	1.600000e-003	
692	1.650000e-003	
693	1.675000e-003	
694	1.525000e-003	
695	1.375000e-003	
696	1.300000e-003	
697	1.425000e-003	
698	1.625000e-003	
699	1.725000e-003	
700	1.550000e-003	
701	1.500000e-003	
702	1.375000e-003	
703	1.325000e-003	
704	1.500000e-003	
705	1.675000e-003	
706	2.000000e-003	
707	1.825000e-003	
708	1.625000e-003	
709	1.625000e-003	
710	1.375000e-003	
711	1.375000e-003	
712	1.700000e-003	
713	1.700000e-003	
714	1.775000e-003	
715	1.625000e-003	
716	1.775000e-003	
717	1.825000e-003	
718	2.075000e-003	
719	1.775000e-003	
720	1.925000e-003	
721	1.775000e-003	
722	1.700000e-003	
723	1.575000e-003	
724	1.425000e-003	
725	1.475000e-003	
726	1.525000e-003	
727	1.675000e-003	
728	1.975000e-003	
729	1.800000e-003	
730	1.750000e-003	
731	1.700000e-003	
732	1.750000e-003	
733	1.575000e-003	
734	1.450000e-003	
735	1.675000e-003	
736	1.675000e-003	
737	1.925000e-003	
738	1.975000e-003	
739	1.625000e-003	
740	1.925000e-003	
741	2.300000e-003	
742	1.775000e-003	
743	1.800000e-003	
744	2.275000e-003	
745	2.100000e-003	
746	2.275000e-003	
747	1.675000e-003	
748	1.600000e-003	
749	1.550000e-003	
750	1.600000e-003	
751	1.175000e-003	
752	1.025000e-003	
753	8.500000e-004	
754	8.250000e-004	
755	9.000000e-004	
756	7.750000e-004	
757	9.250000e-004	
758	8.750000e-004	
759	6.500000e-004	
760	4.500000e-004	
761	4.000000e-004	
762	2.750000e-004	
763	1.750000e-004	
764	1.000000e-004	
765	7.500000e-005	
766	7.500000e-005	
767	7.500000e-005	
768	7.500000e-005	
769	1.750000e-004	
770	1.750000e-004	
771	2.000000e-004	
772	2.250000e-004	
773	2.500000e-004	
774	1.750000e-004	
775	1.750000e-004	
776	2.250000e-004	
777	2.250000e-004	
778	1.250000e-004	
779	1.750000e-004	
780	2.750000e-004	
781	2.750000e-004	
782	2.500000e-004	
783	3.000000e-004	
784	4.000000e-004	
785	3.500000e-004	
786	4.750000e-004	
787	5.000000e-004	
788	5.250000e-004	
789	7.000000e-004	
790	5.250000e-004	
791	5.000000e-004	
792	6.750000e-004	
793	7.250000e-004	
794	5.500000e-004	
795	4.750000e-004	
796	1.500000e-004	
797	1.250000e-004	
798	1.000000e-004	
799	2.500000e-004	
800	2.250000e-004	
801	2.250000e-004	
802	3.250000e-004	
803	2.000000e-004	
804	3.000000e-004	
805	2.750000e-004	
806	3.000000e-004	
807	2.500000e-004	
808	2.500000e-004	
809	1.500000e-004	
810	2.000000e-004	
811	5.000000e-005	
812	1.000000e-004	
813	1.500000e-004	
814	1.750000e-004	
815	1.250000e-004	
816	1.250000e-004	
817	1.750000e-004	
818	3.000000e-004	
819	1.750000e-004	
820	2.000000e-004	
821	3.000000e-004	
822	2.000000e-004	
823	1.000000e-004	
824	7.500000e-005	
825	5.000000e-005	
826	1.250000e-004	
827	1.500000e-004	
828	1.500000e-004	
829	2.000000e-004	
830	2.750000e-004	
831	2.250000e-004	
832	3.000000e-004	
833	4.000000e-004	
834	4.750000e-004	
835	4.750000e-004	
836	6.250000e-004	
837	5.250000e-004	
838	6.250000e-004	
839	6.250000e-004	
840	7.000000e-004	
841	7.750000e-004	
842	6.500000e-004	
843	6.750000e-004	
844	6.750000e-004	
845	7.750000e-004	
846	7.250000e-004	
847	8.250000e-004	
848	9.250000e-004	
849	1.075000e-003	
850	1.100000e-003	
851	1.575000e-003	
852	1.425000e-003	
853	1.300000e-003	
854	1.250000e-003	
855	1.450000e-003	
856	1.525000e-003	
857	1.625000e-003	
858	1.725000e-003	
859	1.900000e-003	
860	1.700000e-003	
861	1.600000e-003	
862	1.300000e-003	
863	1.325000e-003	
864	1.325000e-003	
865	1.600000e-003	
866	1.825000e-003	
867	1.600000e-003	
868	1.700000e-003	
869	1.675000e-003	
870	1.425000e-003	
871	1.450000e-003	
872	1.200000e-003	
873	1.325000e-003	
874	1.225000e-003	
875	1.225000e-003	
876	1.250000e-003	
877	1.100000e-003	
878	9.500000e-004	
879	1.375000e-003	
880	1.400000e-003	
881	1.175000e-003	
882	1.275000e-003	
883	1.300000e-003	
884	1.400000e-003	
885	1.175000e-003	
886	1.200000e-003	
887	1.300000e-003	
888	1.200000e-003	
889	1.200000e-003	
890	1.050000e-003	
891	1.175000e-003	
892	9.000000e-004	
893	1.025000e-003	
894	1.100000e-003	
895	1.025000e-003	
896	1.075000e-003	
897	1.125000e-003	
898	1.425000e-003	
899	1.550000e-003	
900	1.475000e-003	
901	1.700000e-003	
902	1.675000e-003	
903	1.675000e-003	
904	1.725000e-003	
905	1.825000e-003	
906	1.725000e-003	
907	1.825000e-003	
908	1.900000e-003	
909	2.050000e-003	
910	2.050000e-003	
911	2.375000e-003	
912	2.350000e-003	
913	2.200000e-003	
914	2.275000e-003	
915	1.975000e-003	
916	2.050000e-003	
917	2.175000e-003	
918	2.150000e-003	
919	2.200000e-003	
920	2.100000e-003	
921	1.925000e-003	
922	1.775000e-003	
923	1.900000e-003	
924	1.825000e-003	
925	1.925000e-003	
926	1.625000e-003	
927	1.800000e-003	
928	1.875000e-003	
929	1.625000e-003	
930	1.675000e-003	
931	1.750000e-003	
932	2.300000e-003	
933	2.650000e-003	
934	2.425000e-003	
935	2.425000e-003	
936	2.150000e-003	
937	2.375000e-003	
938	1.925000e-003	
939	1.925000e-003	
940	2.000000e-003	
941	1.925000e-003	
942	1.525000e-003	
943	1.500000e-003	
944	1.350000e-003	
945	1.525000e-003	
946	1.175000e-003	
947	1.250000e-003	
948	1.150000e-003	
949	9.000000e-004	
950	1.075000e-003	
951	1.075000e-003	
952	1.025000e-003	
953	9.500000e-004	
954	9.500000e-004	
955	1.250000e-003	
956	1.175000e-003	
957	1.200000e-003	
958	1.325000e-003	
959	1.300000e-003	
960	1.150000e-003	
961	1.225000e-003	
962	9.250000e-004	
963	9.500000e-004	
964	1.025000e-003	
965	9.500000e-004	
966	9.000000e-004	
967	9.500000e-004	
968	1.100000e-003	
969	1.350000e-003	
970	8.000000e-004	
971	6.000000e-004	
972	5.250000e-004	
973	3.750000e-004	
974	3.000000e-004	
975	3.250000e-004	
976	2.500000e-004	
977	2.250000e-004	
978	2.750000e-004	
979	3.000000e-004	
980	4.000000e-004	
981	3.750000e-004	
982	4.250000e-004	
983	3.000000e-004	
984	3.000000e-004	
985	3.250000e-004	
986	2.000000e-004	
987	2.250000e-004	
988	2.000000e-004	
989	1.000000e-004	
990	7.500000e-005	
991	1.500000e-004	
992	1.750000e-004	
993	1.500000e-004	
994	2.000000e-004	
995	2.250000e-004	
996	2.500000e-004	
997	2.750000e-004	
998	5.000000e-005	
999	0	
1000	0	
1001	0	
1002	0	
1003	0	
1004	0	
1005	0	
1006	0	
1007	0	
1008	0	
1009	0	
1010	0	
1011	0	
1012	0	
1013	0	
1014	0	
1015	0	
1016	0	
1017	0	
1018	0	
1019	0	
1020	0	
1021	0	
1022	0	
1023	0	
1024	0	
1025	0	
1026	0	
1027	0	
1028	0	
1029	0	
1030	0	
1031	0	
1032	0	
1033	0	
1034	0	
1035	0	
1036	0	
1037	0	
1038	0	
1039	0	
1040	0	
1041	0	
1042	0	
1043	0	
1044	0	
1045	0	
1046	0	
1047	0	
1048	0	
1049	0	
1050	0	
1051	0	
1052	0	
1053	0	
1054	0	
1055	0	
1056	0	
1057	0	
1058	0	
1059	0	
1060	0	
1061	0	
1062	0	
1063	0	
1064	0	
1065	0	
1066	0	
1067	0	
1068	0	
1069	0	
1070	0	
1071	0	
1072	0	
1073	0	
1074	0	
1075	0	
1076	0	
1077	0	
1078	0	
1079	0	
1080	0	
1081	0	
1082	0	
1083	0	
1084	2.500000e-005	
1085	5.000000e-005	
1086	1.250000e-004	
1087	2.500000e-004	
1088	2.000000e-004	
1089	2.250000e-004	
1090	3.250000e-004	
1091	4.500000e-004	
1092	6.000000e-004	
1093	4.500000e-004	
1094	5.250000e-004	
1095	4.750000e-004	
1096	3.500000e-004	
1097	5.000000e-004	
1098	7.000000e-004	
1099	8.500000e-004	
1100	9.750000e-004	
1101	9.250000e-004	
1102	9.750000e-004	
1103	1.125000e-003	
1104	1.625000e-003	
1105	1.350000e-003	
1106	1.375000e-003	
1107	1.375000e-003	
1108	1.175000e-003	
1109	1.050000e-003	
1110	1.125000e-003	
1111	1.175000e-003	
1112	1.175000e-003	
1113	1.225000e-003	
1114	1.075000e-003	
1115	9.000000e-004	
1116	1.125000e-003	
1117	9.250000e-004	
1118	9.750000e-004	
1119	1.075000e-003	
1120	1.250000e-003	
1121	1.475000e-003	
1122	1.225000e-003	
1123	1.350000e-003	
1124	1.375000e-003	
1125	1.650000e-003	
1126	1.475000e-003	
1127	1.400000e-003	
1128	1.475000e-003	
1129	1.850000e-003	
1130	1.800000e-003	
1131	1.875000e-003	
1132	1.900000e-003	
1133	1.925000e-003	
1134	1.875000e-003	
1135	1.825000e-003	
1136	2.000000e-003	
1137	1.775000e-003	
1138	1.625000e-003	
1139	1.900000e-003	
1140	1.750000e-003	
1141	1.650000e-003	
1142	1.675000e-003	
1143	1.850000e-003	
1144	1.500000e-003	
1145	1.450000e-003	
1146	1.475000e-003	
1147	1.650000e-003	
1148	1.775000e-003	
1149	1.375000e-003	
1150	1.500000e-003	
1151	1.475000e-003	
1152	1.550000e-003	
1153	1.825000e-003	
1154	2.050000e-003	
1155	1.600000e-003	
1156	1.800000e-003	
1157	1.875000e-003	
1158	2.025000e-003	
1159	1.525000e-003	
1160	1.350000e-003	
1161	1.150000e-003	
1162	1.200000e-003	
1163	1.450000e-003	
1164	1.450000e-003	
1165	1.500000e-003	
1166	1.525000e-003	
1167	1.450000e-003	
1168	1.175000e-003	
1169	1.400000e-003	
1170	1.100000e-003	
1171	1.175000e-003	
1172	9.250000e-004	
1173	1.050000e-003	
1174	1.175000e-003	
1175	9.500000e-004	
1176	9.250000e-004	
1177	8.750000e-004	
1178	7.500000e-004	
1179	7.250000e-004	
1180	6.750000e-004	
1181	5.750000e-004	
1182	5.250000e-004	
1183	3.750000e-004	
1184	5.000000e-004	
1185	4.500000e-004	
1186	3.750000e-004	
1187	3.000000e-004	
1188	2.250000e-004	
1189	1.750000e-004	
1190	2.000000e-004	
1191	2.500000e-004	
1192	1.750000e-004	
1193	1.500000e-004	
1194	2.500000e-004	
1195	3.250000e-004	
1196	2.000000e-004	
1197	1.500000e-004	
1198	1.500000e-004	
1199	5.000000e-005	
1200	0	
1201	0	
1202	0	
1203	0	
1204	0	
1205	0	
1206	0	
1207	0	
1208	0	
1209	0	
1210	0	
1211	0	
1212	0	
1213	0	
1214	0	
1215	0	
1216	0	
1217	0	
1218	0	
1219	0	
1220	0	
1221	0	
1222	0	
1223	0	
1224	0	
1225	0	
1226	0	
1227	0	
1228	0	
1229	0	
1230	0	
1231	0	
1232	0	
1233	0	
1234	0	
1235	0	
1236	0	
1237	0	
1238	0	
1239	0	
1240	0	
1241	0	
1242	0	
1243	0	
1244	0	
1245	0	
1246	0	
1247	0	
1248	0	
1249	0	
1250	0	
1251	0	
1252	0	
1253	0	
1254	0	
1255	0	
1256	0	
1257	0	
1258	0	
1259	0	
1260	0	
1261	0	
1262	0	
1263	0	
1264	0	
1265	0	
1266	0	
1267	0	
1268	0	
1269	0	
1270	0	
1271	0	
1272	0	
1273	0	
1274	0	
1275	0	
1276	0	
1277	0	
1278	0	
1279	0	
1280	0	
1281	0	
1282	0	
1283	0	
1284	0	
1285	0	
1286	0	
1287	0	
1288	0	
1289	0	
1290	0	
1291	0	
1292	0	
1293	0	
1294	0	
1295	0	
1296	0	
1297	0	
1298	0	
1299	0	
1300	0	
1301	0	
1302	0	
1303	0	
1304	0	
1305	0	
1306	0	
1307	0	
1308	0	
1309	0	
1310	0	
1311	0	
1312	0	
1313	0	
1314	0	
1315	0	
1316	0	
1317	0	
1318	0	
1319	0	
1320	0	
1321	0	
1322	0	
1323	0	
1324	0	
1325	0	
1326	0	
1327	0	
1328	0	
1329	0	
1330	0	
1331	0	
1332	0	
1333	0	
1334	0	
1335	0	
1336	0	
1337	0	
1338	0	
1339	0	
1340	0	
1341	0	
1342	0	
1343	0	
1344	0	
1345	0	
1346	0	
1347	0	
1348	0	
1349	0	
1350	0	
1351	0	
1352	0	
1353	0	
1354	0	
1355	0	
1356	0	
1357	0	
1358	0	
1359	0	
1360	0	
1361	0	
1362	0	
1363	0	
1364	0	
1365	0	
1366	0	
1367	0	
1368	0	
1369	0	
1370	0	
1371	0	
1372	0	
1373	0	
1374	0	
1375	0	
1376	0	
1377	0	
1378	0	
1379	0	
1380	0	
1381	0	
1382	0	
1383	0	
1384	0	
1385	0	
1386	0	
1387	0	
1388	0	
1389	0	
1390	0	
1391	0	
1392	0	
1393	0	
1394	0	
1395	0	
1396	0	
1397	0	
1398	0	
1399	0	
1400	0	
1401	0	
1402	0	
1403	0	
1404	0	
1405	0	
1406	0	
1407	0	
1408	0	
1409	0	
1410	0	
1411	0	
1412	0	
1413	0	
1414	0	
1415	0	
1416	0	
1417	0	
1418	0	
1419	0	
1420	0	
1421	0	
1422	0	
1423	0	
1424	0	
1425	0	
1426	0	
1427	0	
1428	0	
1429	0	
1430	0	
1431	0	
1432	0	
1433	0	
1434	0	
1435	0	
1436	0	
1437	0	
1438	0	
1439	2.500000e-005	
1440	2.500000e-005	
1441	5.000000e-005	
1442	1.000000e-004	
1443	1.250000e-004	
1444	1.250000e-004	
1445	1.750000e-004	
1446	3.000000e-004	
1447	2.500000e-004	
1448	1.750000e-004	
1449	1.750000e-004	
1450	1.500000e-004	
1451	1.500000e-004	
1452	1.250000e-004	
1453	1.250000e-004	
1454	1.750000e-004	
1455	1.750000e-004	
1456	1.500000e-004	
1457	1.250000e-004	
1458	2.000000e-004	
1459	1.750000e-004	
1460	1.250000e-004	
1461	1.250000e-004	
1462	1.750000e-004	
1463	2.750000e-004	
1464	2.000000e-004	
1465	2.250000e-004	
1466	2.000000e-004	
1467	1.750000e-004	
1468	1.750000e-004	
1469	1.250000e-004	
1470	1.250000e-004	
1471	1.250000e-004	
1472	1.750000e-004	
1473	1.750000e-004	
1474	1.250000e-004	
1475	1.250000e-004	
1476	1.250000e-004	
1477	1.250000e-004	
1478	5.000000e-005	
1479	7.500000e-005	
1480	1.000000e-004	
1481	1.500000e-004	
1482	7.500000e-005	
1483	1.000000e-004	
1484	1.000000e-004	
1485	1.000000e-004	
1486	7.500000e-005	
1487	1.500000e-004	
1488	1.000000e-004	
1489	1.750000e-004	
1490	2.000000e-004	
1491	2.000000e-004	
1492	3.250000e-004	
1493	3.000000e-004	
1494	3.250000e-004	
1495	3.250000e-004	
1496	3.250000e-004	
1497	3.000000e-004	
1498	2.250000e-004	
1499	2.250000e-004	
1500	3.000000e-004	
1501	2.000000e-004	
1502	1.500000e-004	
1503	1.000000e-004	
1504	2.500000e-005	
1505	2.500000e-005	
1506	0	
1507	0	
1508	0	
1509	0	
1510	0	
1511	0	
1512	0	
1513	0	
1514	0	
1515	0	
1516	0	
1517	0	
1518	0	
1519	0	
1520	0	
1521	0	
1522	0	
1523	0	
1524	0	
1525	0	
1526	0	
1527	0	
1528	0	
1529	0	
1530	0	
1531	0	
1532	0	
1533	0	
1534	0	
1535	0	
1536	0	
1537	2.500000e-005	
1538	2.500000e-005	
1539	2.500000e-005	
1540	0	
1541	0	
1542	0	
1543	0	
1544	0	
1545	0	
1546	0	
1547	0	
1548	0	
1549	0	
1550	0	
1551	0	
1552	0	
1553	0	
1554	0	
1555	0	
1556	0	
1557	0	
1558	0	
1559	0	
1560	0	
1561	0	
1562	0	
1563	0	
1564	0	
1565	0	
1566	0	
1567	0	
1568	0	
1569	0	
1570	0	
1571	0	
1572	0	
1573	0	
1574	0	
1575	0	
1576	0	
1577	0	
1578	0	
1579	0	
1580	0	
1581	0	
1582	0	
1583	0	
1584	0	
1585	0	
1586	2.500000e-005	
1587	7.500000e-005	
1588	7.500000e-005	
1589	1.250000e-004	
1590	1.000000e-004	
1591	1.500000e-004	
1592	1.250000e-004	
1593	1.250000e-004	
1594	7.500000e-005	
1595	5.000000e-005	
1596	5.000000e-005	
1597	7.500000e-005	
1598	2.500000e-005	
1599	2.500000e-005	
1600	2.500000e-005	
1601	2.500000e-005	
1602	0	
1603	0	
1604	0	
1605	0	
1606	0	
1607	0	
1608	0	
1609	0	
1610	0	
1611	0	
1612	0	
1613	0	
1614	0	
1615	0	
1616	0	
1617	0	
1618	0	
1619	0	
1620	0	
1621	0	
1622	0	
1623	0	
1624	0	
1625	0	
1626	0	
1627	0	
1628	0	
1629	0	
1630	0	
1631	0	
1632	0	
1633	0	
1634	0	
1635	0	
1636	0	
1637	0	
1638	0	
1639	2.500000e-005	
1640	5.000000e-005	
1641	7.500000e-005	
1642	1.250000e-004	
1643	2.000000e-004	
1644	2.250000e-004	
1645	2.250000e-004	
1646	1.250000e-004	
1647	1.250000e-004	
1648	1.000000e-004	
1649	1.000000e-004	
1650	1.000000e-004	
1651	7.500000e-005	
1652	2.500000e-005	
1653	5.000000e-005	
1654	7.500000e-005	
1655	7.500000e-005	
1656	1.250000e-004	
1657	7.500000e-005	
1658	1.250000e-004	
1659	1.000000e-004	
1660	2.500000e-005	
1661	7.500000e-005	
1662	2.500000e-005	
1663	2.500000e-005	
1664	2.500000e-005	
1665	2.500000e-005	
1666	1.000000e-004	
1667	1.500000e-004	
1668	1.000000e-004	
1669	2.500000e-005	
1670	2.500000e-005	
1671	5.000000e-005	
1672	7.500000e-005	
1673	1.750000e-004	
1674	1.750000e-004	
1675	2.250000e-004	
1676	2.500000e-004	
1677	2.250000e-004	
1678	1.750000e-004	
1679	2.000000e-004	
1680	1.750000e-004	
1681	2.250000e-004	
1682	3.250000e-004	
1683	3.750000e-004	
1684	3.750000e-004	
1685	3.500000e-004	
1686	1.750000e-004	
1687	1.750000e-004	
1688	1.750000e-004	
1689	7.500000e-005	
1690	0	
1691	0	
1692	0	
1693	0	
1694	0	
1695	0	
1696	0	
1697	0	
1698	0	
1699	0	
1700	0	
1701	0	
1702	0	
1703	0	
1704	0	
1705	0	
1706	0	
1707	0	
1708	0	
1709	2.500000e-005	
1710	7.500000e-005	
1711	1.250000e-004	
1712	1.500000e-004	
1713	1.500000e-004	
1714	1.750000e-004	
1715	1.500000e-004	
1716	1.500000e-004	
1717	1.250000e-004	
1718	1.750000e-004	
1719	2.250000e-004	
1720	3.500000e-004	
1721	3.500000e-004	
1722	2.500000e-004	
1723	2.500000e-004	
1724	2.250000e-004	
1725	3.500000e-004	
1726	4.000000e-004	
1727	3.750000e-004	
1728	5.750000e-004	
1729	4.000000e-004	
1730	3.250000e-004	
1731	2.750000e-004	
1732	3.000000e-004	
1733	1.250000e-004	
1734	1.250000e-004	
1735	1.000000e-004	
1736	1.000000e-004	
1737	7.500000e-005	
1738	1.000000e-004	
1739	1.500000e-004	
1740	1.000000e-004	
1741	1.750000e-004	
1742	5.000000e-005	
1743	2.500000e-005	
1744	0	
1745	0	
1746	0	
1747	0	
1748	0	
1749	0	
1750	0	
1751	2.500000e-005	
1752	5.000000e-005	
1753	1.500000e-004	
1754	2.250000e-004	
1755	2.500000e-004	
1756	1.500000e-004	
1757	1.750000e-004	
1758	1.000000e-004	
1759	1.000000e-004	
1760	2.500000e-005	
1761	5.000000e-005	
1762	1.000000e-004	
1763	1.250000e-004	
1764	1.750000e-004	
1765	1.000000e-004	
1766	5.000000e-005	
1767	2.500000e-005	
1768	2.500000e-005	
1769	2.500000e-005	
1770	0	
1771	0	
1772	0	
1773	0	
1774	0	
1775	0	
1776	0	
1777	0	
1778	0	
1779	0	
1780	0	
1781	0	
1782	0	
1783	0	
1784	0	
1785	0	
1786	0	
1787	0	
1788	0	
1789	0	
1790	0	
1791	0	
1792	0	
1793	0	
1794	0	
1795	0	
1796	0	
1797	0	
1798	0	
1799	0	
1800	0	
1801	0	
1802	2.500000e-005	
1803	0	
1804	0	
1805	0	
1806	0	
1807	0	
1808	0	
1809	0	
1810	0	
1811	0	
1812	0	
1813	0	
1814	0	
1815	0	
1816	0	
1817	0	
1818	0	
1819	0	
1820	0	
1821	0	
1822	0	
1823	0	
1824	0	
1825	0	
1826	0	
1827	0	
1828	2.500000e-005	
1829	2.500000e-005	
1830	2.500000e-005	
1831	5.000000e-005	
1832	2.500000e-005	
1833	0	
1834	0	
1835	0	
1836	0	
1837	0	
1838	0	
1839	0	
1840	0	
1841	0	
1842	0	
1843	0	
1844	0	
1845	0	
1846	0	
1847	0	
1848	0	
1849	0	
1850	0	
1851	0	
1852	0	
1853	0	
1854	0	
1855	0	
1856	0	
1857	0	
1858	0	
1859	0	
1860	0	
1861	0	
1862	0	
1863	0	
1864	0	
1865	0	
1866	0	
1867	0	
1868	0	
1869	0	
1870	0	
1871	0	
1872	0	
1873	0	
1874	0	
1875	0	
1876	0	
1877	0	
1878	0	
1879	0	
1880	0	
1881	0	
1882	0	
1883	0	
1884	0	
1885	0	
1886	0	
1887	0	
1888	2.500000e-005	
1889	5.000000e-005	
1890	7.500000e-005	
1891	7.500000e-005	
1892	2.500000e-005	
1893	5.000000e-005	
1894	0	
1895	0	
1896	0	
1897	0	
1898	0	
1899	0	
1900	0	
1901	0	
1902	0	
1903	0	
1904	0	
1905	0	
1906	0	
1907	0	
1908	0	
1909	0	
1910	0	
1911	0	
1912	0	
1913	0	
1914	0	
1915	0	
1916	0	
1917	0	
1918	0	
1919	0	
1920	0	
1921	0	
1922	0	
1923	0	
1924	0	
1925	0	
1926	0	
1927	0	
1928	0	
1929	0	
1930	0	
1931	0	
1932	0	
1933	0	
1934	0	
1935	0	
1936	0	
1937	0	
1938	0	
1939	0	
1940	0	
1941	0	
1942	0	
1943	0	
1944	0	
1945	0	
1946	0	
1947	0	
1948	0	
1949	0	
1950	0	
1951	0	
1952	0	
1953	0	
1954	0	
1955	0	
1956	0	
1957	0	
1958	0	
1959	0	
1960	0	
1961	0	
1962	0	
1963	2.500000e-005	
1964	2.500000e-005	
1965	2.500000e-005	
1966	2.500000e-005	
1967	2.500000e-005	
1968	0	
1969	0	
1970	0	
1971	0	
1972	0	
1973	0	
1974	0	
1975	0	
1976	0	
1977	0	
1978	0	
1979	0	
1980	0	
1981	0	
1982	0	
1983	0	
1984	0	
1985	0	
1986	0	
1987	0	
1988	0	
1989	0	
1990	0	
1991	0	
1992	0	
1993	0	
1994	0	
1995	0	
1996	0	
1997	0	
1998	2.500000e-005	
1999	2.500000e-005	
2000	2.500000e-005	
2001	7.500000e-005	
2002	1.000000e-004	
2003	1.500000e-004	
2004	2.500000e-004	
2005	2.000000e-004	
2006	3.250000e-004	
2007	4.000000e-004	
2008	6.250000e-004	
2009	7.250000e-004	
2010	6.750000e-004	
2011	8.750000e-004	
2012	1.100000e-003	
2013	9.250000e-004	
2014	9.500000e-004	
2015	1.050000e-003	
2016	1.350000e-003	
2017	1.375000e-003	
2018	1.475000e-003	
2019	1.250000e-003	
2020	1.000000e-003	
2021	9.500000e-004	
2022	1.075000e-003	
2023	1.150000e-003	
2024	1.100000e-003	
2025	1.150000e-003	
2026	1.175000e-003	
2027	1.200000e-003	
2028	1.425000e-003	
2029	1.475000e-003	
2030	1.850000e-003	
2031	1.825000e-003	
2032	1.500000e-003	
2033	1.675000e-003	
2034	1.900000e-003	
2035	1.750000e-003	
2036	2.050000e-003	
2037	2.250000e-003	
2038	2.250000e-003	
2039	2.600000e-003	
2040	2.250000e-003	
2041	2.400000e-003	
2042	2.325000e-003	
2043	2.550000e-003	
2044	2.650000e-003	
2045	2.200000e-003	
2046	2.550000e-003	
2047	2.850000e-003	
2048	2.825000e-003	
2049	2.875000e-003	
2050	2.425000e-003	
2051	2.625000e-003	
2052	2.800000e-003	
2053	3.125000e-003	
2054	3.450000e-003	
2055	3.075000e-003	
2056	3.450000e-003	
2057	3.500000e-003	
2058	3.850000e-003	
2059	3.150000e-003	
2060	3.075000e-003	
2061	2.550000e-003	
2062	2.525000e-003	
2063	2.375000e-003	
2064	2.325000e-003	
2065	2.625000e-003	
2066	2.975000e-003	
2067	2.950000e-003	
2068	2.700000e-003	
2069	2.775000e-003	
2070	2.600000e-003	
2071	2.775000e-003	
2072	2.625000e-003	
2073	2.750000e-003	
2074	2.775000e-003	
2075	2.800000e-003	
2076	3.150000e-003	
2077	3.275000e-003	
2078	3.350000e-003	
2079	3.850000e-003	
2080	3.750000e-003	
2081	3.825000e-003	
2082	3.675000e-003	
2083	3.400000e-003	
2084	3.100000e-003	
2085	3.100000e-003	
2086	3.300000e-003	
2087	3.225000e-003	
2088	2.600000e-003	
2089	2.625000e-003	
2090	2.625000e-003	
2091	2.625000e-003	
2092	2.975000e-003	
2093	3.150000e-003	
2094	3.000000e-003	
2095	2.650000e-003	
2096	2.500000e-003	
2097	2.500000e-003	
2098	2.675000e-003	
2099	2.525000e-003	
2100	2.575000e-003	
2101	2.675000e-003	
2102	2.800000e-003	
2103	2.650000e-003	
2104	2.700000e-003	
2105	2.975000e-003	
2106	3.600000e-003	
2107	2.975000e-003	
2108	3.000000e-003	
2109	2.975000e-003	
2110	2.925000e-003	
2111	2.650000e-003	
2112	2.550000e-003	
2113	2.325000e-003	
2114	2.250000e-003	
2115	2.550000e-003	
2116	3.000000e-003	
2117	2.850000e-003	
2118	2.750000e-003	
2119	2.850000e-003	
2120	2.825000e-003	
2121	2.775000e-003	
2122	2.850000e-003	
2123	2.625000e-003	
2124	2.675000e-003	
2125	2.200000e-003	
2126	2.525000e-003	
2127	2.125000e-003	
2128	1.900000e-003	
2129	1.825000e-003	
2130	1.525000e-003	
2131	1.425000e-003	
2132	1.550000e-003	
2133	1.475000e-003	
2134	1.375000e-003	
2135	1.700000e-003	
2136	2.000000e-003	
2137	1.900000e-003	
2138	1.875000e-003	
2139	1.675000e-003	
2140	1.700000e-003	
2141	1.775000e-003	
2142	1.400000e-003	
2143	1.250000e-003	
2144	1.475000e-003	
2145	1.500000e-003	
2146	1.225000e-003	
2147	1.425000e-003	
2148	1.300000e-003	
2149	1.300000e-003	
2150	1.275000e-003	
2151	1.325000e-003	
2152	1.400000e-003	
2153	1.100000e-003	
2154	1.350000e-003	
2155	1.425000e-003	
2156	1.475000e-003	
2157	1.475000e-003	
2158	1.750000e-003	
2159	1.950000e-003	
2160	1.625000e-003	
2161	1.725000e-003	
2162	2.000000e-003	
2163	1.850000e-003	
2164	1.650000e-003	
2165	1.650000e-003	
2166	1.600000e-003	
2167	1.600000e-003	
2168	1.625000e-003	
2169	1.375000e-003	
2170	1.300000e-003	
2171	1.300000e-003	
2172	1.200000e-003	
2173	1.275000e-003	
2174	1.225000e-003	
2175	1.475000e-003	
2176	1.325000e-003	
2177	1.300000e-003	
2178	9.750000e-004	
2179	1.000000e-003	
2180	1.000000e-003	
2181	9.000000e-004	
2182	9.000000e-004	
2183	1.225000e-003	
2184	1.075000e-003	
2185	1.050000e-003	
2186	1.050000e-003	
2187	1.025000e-003	
2188	1.025000e-003	
2189	1.050000e-003	
2190	1.050000e-003	
2191	1.025000e-003	
2192	1.000000e-003	
2193	1.100000e-003	
2194	9.000000e-004	
2195	7.750000e-004	
2196	9.250000e-004	
2197	1.025000e-003	
2198	9.500000e-004	
2199	9.000000e-004	
2200	8.500000e-004	
2201	9.750000e-004	
2202	1.000000e-003	
2203	1.250000e-003	
2204	1.225000e-003	
2205	1.225000e-003	
2206	1.325000e-003	
2207	1.350000e-003	
2208	1.375000e-003	
2209	1.425000e-003	
2210	1.450000e-003	
2211	1.600000e-003	
2212	1.250000e-003	
2213	1.150000e-003	
2214	1.225000e-003	
2215	1.050000e-003	
2216	1.225000e-003	
2217	1.450000e-003	
2218	9.750000e-004	
2219	1.100000e-003	
2220	1.000000e-003	
2221	1.050000e-003	
2222	8.750000e-004	
2223	9.250000e-004	
2224	8.750000e-004	
2225	8.500000e-004	
2226	9.750000e-004	
2227	1.025000e-003	
2228	1.000000e-003	
2229	1.000000e-003	
2230	1.200000e-003	
2231	1.475000e-003	
2232	1.225000e-003	
2233	9.000000e-004	
2234	6.500000e-004	
2235	6.750000e-004	
2236	4.500000e-004	
2237	4.500000e-004	
2238	4.500000e-004	
2239	5.500000e-004	
2240	4.000000e-004	
2241	3.500000e-004	
2242	3.750000e-004	
2243	3.000000e-004	
2244	2.500000e-004	
2245	2.250000e-004	
2246	1.750000e-004	
2247	1.250000e-004	
2248	1.500000e-004	
2249	1.250000e-004	
2250	2.750000e-004	
2251	3.000000e-004	
2252	3.250000e-004	
2253	3.000000e-004	
2254	4.000000e-004	
2255	4.500000e-004	
2256	3.250000e-004	
2257	5.000000e-004	
2258	3.750000e-004	
2259	2.750000e-004	
2260	3.500000e-004	
2261	2.750000e-004	
2262	2.000000e-004	
2263	3.000000e-004	
2264	3.000000e-004	
2265	2.000000e-004	
2266	2.500000e-004	
2267	3.000000e-004	
2268	4.250000e-004	
2269	3.750000e-004	
2270	3.750000e-004	
2271	3.500000e-004	
2272	3.250000e-004	
2273	3.250000e-004	
2274	1.750000e-004	
2275	2.500000e-004	
2276	3.250000e-004	
2277	1.500000e-004	
2278	1.750000e-004	
2279	1.000000e-004	
2280	5.000000e-005	
2281	2.500000e-005	
2282	0	
2283	0	
2284	0	
2285	0	
2286	0	
2287	0	
2288	0	
2289	0	
2290	0	
2291	0	
2292	0	
2293	0	
2294	0	
2295	0	
2296	0	
2297	0	
2298	0	
2299	0	
2300	0	
2301	0	
2302	0	
2303	0	
2304	0	
2305	0	
2306	0	
2307	2.500000e-005	
2308	7.500000e-005	
2309	1.000000e-004	
2310	7.500000e-005	
2311	1.000000e-004	
2312	1.500000e-004	
2313	1.000000e-004	
2314	2.500000e-005	
2315	5.000000e-005	
2316	0	
2317	0	
2318	0	
2319	0	
2320	0	
2321	0	
2322	0	
2323	0	
2324	0	
2325	0	
2326	0	
2327	0	
2328	0	
2329	0	
2330	0	
2331	0	
2332	0	
2333	0	
2334	0	
2335	0	
2336	0	
2337	0	
2338	0	
2339	0	
2340	0	
2341	0	
2342	0	
2343	0	
2344	0	
2345	0	
2346	0	
2347	0	
2348	0	
2349	0	
2350	0	
2351	0	
2352	0	
2353	0	
2354	0	
2355	0	
2356	0	
2357	0	
2358	0	
2359	0	
2360	0	
2361	0	
2362	0	
2363	0	
2364	0	
2365	0	
2366	0	
2367	0	
2368	0	
2369	2.500000e-005	
2370	0	
2371	0	
2372	0	
2373	0	
2374	0	
2375	0	
2376	0	
2377	0	
2378	0	
2379	0	
2380	0	
2381	0	
2382	0	
2383	0	
2384	0	
2385	0	
2386	0	
2387	0	
2388	0	
2389	0	
2390	0	
2391	0	
2392	0	
2393	0	
2394	0	
2395	0	
2396	0	
2397	0	
2398	0	
2399	0	
2400	0	
2401	0	
2402	0	
2403	0	
2404	0	
2405	0	
2406	0	
2407	0	
2408	0	
2409	0	
2410	0	
2411	0	
2412	0	
2413	0	
2414	0	
2415	0	
2416	0	
2417	0	
2418	0	
2419	0	
2420	0	
2421	0	
2422	0	
2423	0	
2424	0	
2425	0	
2426	0	
2427	0	
2428	0	
2429	0	
2430	0	
2431	0	
2432	0	
2433	0	
2434	0	
2435	0	
2436	0	
2437	0	
2438	0	
2439	0	
2440	0	
2441	0	
2442	0	
2443	0	
2444	0	
2445	0	
2446	0	
2447	0	
2448	0	
2449	0	
2450	0	
2451	0	
2452	0	
2453	0	
2454	0	
2455	0	
2456	0	
2457	0	
2458	0	
2459	0	
2460	0	
2461	0	
2462	0	
2463	0	
2464	0	
2465	0	
2466	0	
2467	0	
2468	0	
2469	0	
2470	0	
2471	0	
2472	0	
2473	0	
2474	0	
2475	0	
2476	0	
2477	0	
2478	0	
2479	0	
2480	0	
2481	0	
2482	0	
2483	0	
2484	0	
2485	0	
2486	0	
2487	0	
2488	0	
2489	0	
2490	0	
2491	0	
2492	0	
2493	0	
2494	0	
2495	0	
2496	0	
2497	0	
2498	0	
2499	0	
2500	0	
2501	0	
2502	0	
2503	0	
2504	0	
2505	0	
2506	0	
2507	0	
2508	0	
2509	0	
2510	0	
2511	0	
2512	0	
2513	0	
2514	0	
2515	0	
2516	0	
2517	0	
2518	0	
2519	0	
2520	0	
2521	0	
2522	0	
2523	0	
2524	0	
2525	0	
2526	0	
2527	0	
2528	0	
2529	0	
2530	0	
2531	0	
2532	0	
2533	0	
2534	0	
2535	0	
2536	0	
2537	0	
2538	0	
2539	0	
2540	0	
2541	0	
2542	0	
2543	0	
2544	0	
2545	0	
2546	0	
2547	0	
2548	0	
2549	0	
2550	0	
2551	0	
2552	0	
2553	0	
2554	0	
2555	0	
2556	0	
2557	0	
2558	0	
2559	0	
2560	0	
2561	0	
2562	0	
2563	0	
2564	0	
2565	0	
2566	0	
2567	2.500000e-005	
2568	7.500000e-005	
2569	5.000000e-005	
2570	1.000000e-004	
2571	5.000000e-005	
2572	7.500000e-005	
2573	5.000000e-005	
2574	0	
2575	0	
2576	0	
2577	0	
2578	0	
2579	0	
2580	0	
2581	0	
2582	0	
2583	0	
2584	0	
2585	0	
2586	0	
2587	0	
2588	0	
2589	0	
2590	0	
2591	0	
2592	0	
2593	0	
2594	0	
2595	0	
2596	0	
2597	0	
2598	0	
2599	0	
2600	0	
2601	0	
2602	0	
2603	0	
2604	0	
2605	0	
2606	0	
2607	0	
2608	0	
2609	0	
2610	0	
2611	0	
2612	0	
2613	0	
2614	0	
2615	0	
2616	0	
2617	0	
2618	0	
2619	0	
2620	0	
2621	0	
2622	0	
2623	0	
2624	0	
2625	0	
2626	0	
2627	0	
2628	2.500000e-005	
2629	7.500000e-005	
2630	7.500000e-005	
2631	7.500000e-005	
2632	5.000000e-005	
2633	5.000000e-005	
2634	5.000000e-005	
2635	0	
2636	0	
2637	0	
2638	0	
2639	0	
2640	0	
2641	0	
2642	0	
2643	0	
2644	0	
2645	0	
2646	0	
2647	2.500000e-005	
2648	2.500000e-005	
2649	2.500000e-005	
2650	2.500000e-005	
2651	2.500000e-005	
2652	5.000000e-005	
2653	5.000000e-005	
2654	7.500000e-005	
2655	5.000000e-005	
2656	0	
2657	0	
2658	0	
2659	0	
2660	0	
2661	0	
2662	0	
2663	0	
2664	0	
2665	0	
2666	0	
2667	0	
2668	0	
2669	0	
2670	0	
2671	0	
2672	0	
2673	0	
2674	0	
2675	0	
2676	0	
2677	0	
2678	0	
2679	0	
2680	0	
2681	0	
2682	0	
2683	0	
2684	0	
2685	0	
2686	0	
2687	0	
2688	0	
2689	0	
2690	0	
2691	0	
2692	0	
2693	0	
2694	0	
2695	0	
2696	0	
2697	0	
2698	0	
2699	0	
2700	0	
2701	0	
2702	0	
2703	0	
2704	0	
2705	0	
2706	0	
2707	0	
2708	0	
2709	0	
2710	0	
2711	0	
2712	0	
2713	0	
2714	0	
2715	0	
2716	0	
2717	0	
2718	0	
2719	0	
2720	0	
2721	0	
2722	0	
2723	0	
2724	0	
2725	0	
2726	0	
2727	0	
2728	0	
2729	0	
2730	0	
2731	0	
2732	0	
2733	0	
2734	0	
2735	0	
2736	0	
2737	0	
2738	0	
2739	0	
2740	0	
2741	0	
2742	0	
2743	0	
2744	0	
2745	0	
2746	0	
2747	0	
2748	0	
2749	0	
2750	0	
2751	0	
2752	0	
2753	0	
2754	0	
2755	0	
2756	0	
2757	0	
2758	0	
2759	0	
2760	0	
2761	0	
2762	0	
2763	0	
2764	0	
2765	0	
2766	0	
2767	0	
2768	0	
2769	0	
2770	0	
2771	0	
2772	0	
2773	0	
2774	0	
2775	0	
2776	0	
2777	0	
2778	0	
2779	0	
2780	0	
2781	0	
2782	0	
2783	0	
2784	0	
2785	0	
2786	0	
2787	0	
2788	0	
2789	0	
2790	0	
2791	0	
2792	0	
2793	0	
2794	0	
2795	0	
2796	0	
2797	0	
2798	0	
2799	0	
2800	0	
2801	0	
2802	0	
2803	0	
2804	0	
2805	0	
2806	0	
2807	0	
2808	0	
2809	0	
2810	0	
2811	0	
2812	0	
2813	0	
2814	0	
2815	0	
2816	0	
2817	0	
2818	0	
2819	0	
2820	0	
2821	0	
2822	0	
2823	0	
2824	0	
2825	0	
2826	0	
2827	0	
2828	0	
2829	0	
2830	0	
2831	0	
2832	0	
2833	0	
2834	0	
2835	0	
2836	0	
2837	0	
2838	0	
2839	0	
2840	0	
2841	0	
2842	0	
2843	0	
2844	0	
2845	0	
2846	0	
2847	0	
2848	0	
2849	0	
2850	0	
2851	0	
2852	0	
2853	0	
2854	0	
2855	0	
2856	0	
2857	0	
2858	0	
2859	0	
2860	0	
2861	0	
2862	0	
2863	0	
2864	0	
2865	0	
2866	0	
2867	0	
2868	0	
2869	0	
2870	0	
2871	2.500000e-005	
2872	2.500000e-005	
2873	7.500000e-005	
2874	5.000000e-005	
2875	1.750000e-004	
2876	1.250000e-004	
2877	1.500000e-004	
2878	1.250000e-004	
2879	1.000000e-004	
2880	7.500000e-005	
2881	1.250000e-004	
2882	1.250000e-004	
2883	1.000000e-004	
2884	7.500000e-005	
2885	7.500000e-005	
2886	1.000000e-004	
2887	1.750000e-004	
2888	1.750000e-004	
2889	2.250000e-004	
2890	3.000000e-004	
2891	2.250000e-004	
2892	3.250000e-004	
2893	3.500000e-004	
2894	2.500000e-004	
2895	3.500000e-004	
2896	2.500000e-004	
2897	3.750000e-004	
2898	4.500000e-004	
2899	3.000000e-004	
2900	1.750000e-004	
2901	2.000000e-004	
2902	1.500000e-004	
2903	1.750000e-004	
2904	7.500000e-005	
2905	1.000000e-004	
2906	1.750000e-004	
2907	1.250000e-004	
2908	5.000000e-005	
2909	2.500000e-005	
2910	5.000000e-005	
2911	2.500000e-005	
2912	0	
2913	0	
2914	0	
2915	0	
2916	0	
2917	0	
2918	0	
2919	0	
2920	0	
2921	0	
2922	0	
2923	0	
2924	0	
2925	0	
2926	0	
2927	0	
2928	0	
2929	0	
2930	0	
2931	0	
2932	0	
2933	0	
2934	0	
2935	0	
2936	0	
2937	0	
2938	0	
2939	0	
2940	0	
2941	0	
2942	0	
2943	0	
2944	0	
2945	0	
2946	0	
2947	0	
2948	0	
2949	0	
2950	0	
2951	0	
2952	0	
2953	0	
2954	0	
2955	0	
2956	0	
2957	0	
2958	0	
2959	0	
2960	0	
2961	0	
2962	0	
2963	0	
2964	0	
2965	0	
2966	0	
2967	0	
2968	0	
2969	0	
2970	0	
2971	0	
2972	0	
2973	0	
2974	0	
2975	0	
2976	0	
2977	0	
2978	0	
2979	0	
2980	0	
2981	0	
2982	0	
2983	0	
2984	0	
2985	0	
2986	0	
2987	0	
2988	0	
2989	0	
2990	0	
2991	0	
2992	0	
2993	0	
2994	0	
2995	0	
2996	0	
2997	0	
2998	0	
2999	0	
3000	0	
3001	0	
