1	0	
2	0	
3	0	
4	0	
5	0	
6	0	
7	0	
8	0	
9	0	
10	0	
11	0	
12	0	
13	0	
14	0	
15	0	
16	0	
17	0	
18	0	
19	0	
20	0	
21	0	
22	0	
23	0	
24	0	
25	0	
26	0	
27	0	
28	0	
29	0	
30	0	
31	0	
32	0	
33	0	
34	0	
35	0	
36	0	
37	0	
38	0	
39	0	
40	0	
41	0	
42	0	
43	0	
44	0	
45	0	
46	0	
47	0	
48	0	
49	0	
50	0	
51	0	
52	0	
53	0	
54	0	
55	0	
56	0	
57	0	
58	0	
59	0	
60	0	
61	0	
62	0	
63	0	
64	0	
65	0	
66	0	
67	0	
68	0	
69	0	
70	0	
71	0	
72	0	
73	0	
74	0	
75	0	
76	0	
77	0	
78	0	
79	0	
80	0	
81	0	
82	0	
83	0	
84	0	
85	0	
86	0	
87	0	
88	0	
89	2.500000e-005	
90	2.500000e-005	
91	0	
92	0	
93	0	
94	0	
95	0	
96	0	
97	0	
98	0	
99	0	
100	0	
101	0	
102	0	
103	0	
104	0	
105	0	
106	0	
107	0	
108	0	
109	0	
110	0	
111	0	
112	0	
113	0	
114	0	
115	0	
116	0	
117	0	
118	0	
119	0	
120	0	
121	0	
122	0	
123	0	
124	0	
125	0	
126	0	
127	0	
128	0	
129	0	
130	0	
131	0	
132	0	
133	0	
134	0	
135	0	
136	0	
137	0	
138	0	
139	0	
140	0	
141	0	
142	0	
143	0	
144	0	
145	0	
146	0	
147	0	
148	0	
149	0	
150	0	
151	0	
152	0	
153	0	
154	0	
155	0	
156	0	
157	0	
158	0	
159	0	
160	0	
161	0	
162	0	
163	0	
164	0	
165	0	
166	0	
167	0	
168	0	
169	0	
170	0	
171	0	
172	0	
173	0	
174	0	
175	0	
176	0	
177	0	
178	0	
179	0	
180	0	
181	0	
182	0	
183	0	
184	0	
185	0	
186	0	
187	0	
188	0	
189	2.500000e-005	
190	0	
191	0	
192	0	
193	0	
194	0	
195	0	
196	0	
197	0	
198	0	
199	0	
200	0	
201	0	
202	0	
203	0	
204	0	
205	0	
206	0	
207	0	
208	0	
209	0	
210	0	
211	0	
212	0	
213	0	
214	0	
215	0	
216	0	
217	0	
218	0	
219	0	
220	0	
221	0	
222	0	
223	0	
224	0	
225	0	
226	0	
227	0	
228	0	
229	0	
230	0	
231	0	
232	0	
233	0	
234	0	
235	0	
236	0	
237	0	
238	0	
239	0	
240	0	
241	0	
242	0	
243	0	
244	0	
245	0	
246	0	
247	2.500000e-005	
248	0	
249	0	
250	0	
251	0	
252	0	
253	0	
254	0	
255	0	
256	0	
257	0	
258	0	
259	0	
260	0	
261	0	
262	0	
263	0	
264	0	
265	0	
266	0	
267	0	
268	0	
269	0	
270	0	
271	0	
272	0	
273	0	
274	0	
275	0	
276	0	
277	0	
278	0	
279	0	
280	0	
281	0	
282	0	
283	0	
284	0	
285	0	
286	0	
287	0	
288	0	
289	0	
290	0	
291	0	
292	0	
293	0	
294	0	
295	0	
296	0	
297	0	
298	0	
299	0	
300	0	
301	0	
302	0	
303	0	
304	0	
305	0	
306	0	
307	0	
308	0	
309	0	
310	0	
311	0	
312	0	
313	0	
314	0	
315	0	
316	0	
317	2.500000e-005	
318	2.500000e-005	
319	2.500000e-005	
320	5.000000e-005	
321	0	
322	0	
323	0	
324	0	
325	0	
326	0	
327	0	
328	0	
329	0	
330	0	
331	0	
332	0	
333	0	
334	0	
335	0	
336	0	
337	0	
338	0	
339	0	
340	0	
341	0	
342	0	
343	0	
344	0	
345	0	
346	0	
347	0	
348	0	
349	0	
350	0	
351	0	
352	0	
353	0	
354	0	
355	0	
356	0	
357	0	
358	0	
359	0	
360	0	
361	0	
362	0	
363	0	
364	0	
365	0	
366	0	
367	0	
368	0	
369	0	
370	0	
371	0	
372	0	
373	0	
374	0	
375	0	
376	0	
377	0	
378	0	
379	0	
380	0	
381	0	
382	0	
383	0	
384	0	
385	0	
386	0	
387	0	
388	0	
389	0	
390	0	
391	0	
392	0	
393	0	
394	0	
395	0	
396	0	
397	0	
398	2.500000e-005	
399	5.000000e-005	
400	5.000000e-005	
401	7.500000e-005	
402	5.000000e-005	
403	0	
404	0	
405	0	
406	0	
407	0	
408	0	
409	0	
410	0	
411	0	
412	0	
413	0	
414	0	
415	0	
416	0	
417	0	
418	0	
419	0	
420	0	
421	0	
422	0	
423	0	
424	0	
425	0	
426	0	
427	0	
428	0	
429	0	
430	0	
431	0	
432	0	
433	0	
434	0	
435	0	
436	0	
437	0	
438	0	
439	0	
440	0	
441	0	
442	0	
443	0	
444	0	
445	0	
446	0	
447	0	
448	0	
449	0	
450	0	
451	0	
452	0	
453	0	
454	0	
455	0	
456	0	
457	0	
458	0	
459	0	
460	0	
461	0	
462	0	
463	0	
464	2.500000e-005	
465	2.500000e-005	
466	2.500000e-005	
467	2.500000e-005	
468	2.500000e-005	
469	0	
470	0	
471	0	
472	0	
473	0	
474	0	
475	0	
476	0	
477	0	
478	0	
479	0	
480	0	
481	0	
482	0	
483	2.500000e-005	
484	7.500000e-005	
485	1.000000e-004	
486	7.500000e-005	
487	5.000000e-005	
488	5.000000e-005	
489	7.500000e-005	
490	7.500000e-005	
491	7.500000e-005	
492	7.500000e-005	
493	5.000000e-005	
494	5.000000e-005	
495	7.500000e-005	
496	5.000000e-005	
497	5.000000e-005	
498	5.000000e-005	
499	1.250000e-004	
500	1.250000e-004	
501	0	
502	0	
503	0	
504	0	
505	0	
506	0	
507	0	
508	0	
509	0	
510	0	
511	0	
512	0	
513	0	
514	0	
515	0	
516	0	
517	0	
518	0	
519	0	
520	0	
521	0	
522	0	
523	2.500000e-005	
524	2.500000e-005	
525	0	
526	0	
527	2.500000e-005	
528	1.000000e-004	
529	1.000000e-004	
530	1.250000e-004	
531	1.000000e-004	
532	1.000000e-004	
533	1.250000e-004	
534	7.500000e-005	
535	7.500000e-005	
536	5.000000e-005	
537	5.000000e-005	
538	2.500000e-005	
539	0	
540	0	
541	0	
542	0	
543	0	
544	0	
545	0	
546	0	
547	0	
548	0	
549	0	
550	0	
551	0	
552	0	
553	0	
554	0	
555	0	
556	0	
557	0	
558	0	
559	0	
560	0	
561	0	
562	0	
563	0	
564	0	
565	0	
566	0	
567	0	
568	0	
569	0	
570	0	
571	0	
572	0	
573	0	
574	0	
575	0	
576	0	
577	0	
578	0	
579	0	
580	0	
581	0	
582	0	
583	0	
584	0	
585	0	
586	0	
587	0	
588	0	
589	0	
590	0	
591	0	
592	0	
593	0	
594	0	
595	0	
596	0	
597	0	
598	0	
599	0	
600	0	
601	0	
602	0	
603	0	
604	0	
605	0	
606	0	
607	0	
608	0	
609	0	
610	0	
611	0	
612	0	
613	0	
614	0	
615	0	
616	0	
617	0	
618	0	
619	0	
620	0	
621	0	
622	0	
623	0	
624	0	
625	0	
626	0	
627	0	
628	0	
629	0	
630	0	
631	0	
632	0	
633	0	
634	0	
635	0	
636	0	
637	0	
638	0	
639	0	
640	0	
641	0	
642	0	
643	0	
644	0	
645	0	
646	0	
647	0	
648	0	
649	0	
650	0	
651	0	
652	0	
653	0	
654	0	
655	0	
656	0	
657	0	
658	0	
659	0	
660	2.500000e-005	
661	5.000000e-005	
662	5.000000e-005	
663	7.500000e-005	
664	5.000000e-005	
665	2.500000e-005	
666	7.500000e-005	
667	1.000000e-004	
668	1.000000e-004	
669	1.500000e-004	
670	2.000000e-004	
671	1.000000e-004	
672	1.250000e-004	
673	1.250000e-004	
674	7.500000e-005	
675	5.000000e-005	
676	1.000000e-004	
677	1.000000e-004	
678	1.000000e-004	
679	1.250000e-004	
680	1.250000e-004	
681	2.000000e-004	
682	2.000000e-004	
683	2.750000e-004	
684	2.250000e-004	
685	1.500000e-004	
686	2.000000e-004	
687	2.250000e-004	
688	7.500000e-005	
689	1.250000e-004	
690	2.250000e-004	
691	2.500000e-004	
692	2.750000e-004	
693	2.500000e-004	
694	2.750000e-004	
695	2.250000e-004	
696	2.000000e-004	
697	1.000000e-004	
698	1.250000e-004	
699	1.500000e-004	
700	1.000000e-004	
701	1.000000e-004	
702	7.500000e-005	
703	7.500000e-005	
704	5.000000e-005	
705	5.000000e-005	
706	2.500000e-005	
707	2.500000e-005	
708	5.000000e-005	
709	2.500000e-005	
710	0	
711	0	
712	2.500000e-005	
713	5.000000e-005	
714	7.500000e-005	
715	1.500000e-004	
716	2.000000e-004	
717	2.500000e-004	
718	2.750000e-004	
719	1.500000e-004	
720	1.250000e-004	
721	2.250000e-004	
722	1.500000e-004	
723	1.500000e-004	
724	1.750000e-004	
725	1.750000e-004	
726	7.500000e-005	
727	1.000000e-004	
728	7.500000e-005	
729	7.500000e-005	
730	5.000000e-005	
731	5.000000e-005	
732	5.000000e-005	
733	1.000000e-004	
734	1.750000e-004	
735	1.250000e-004	
736	7.500000e-005	
737	5.000000e-005	
738	5.000000e-005	
739	2.500000e-005	
740	0	
741	0	
742	0	
743	0	
744	0	
745	0	
746	0	
747	0	
748	0	
749	0	
750	0	
751	0	
752	0	
753	0	
754	0	
755	0	
756	0	
757	0	
758	0	
759	0	
760	0	
761	0	
762	0	
763	0	
764	0	
765	0	
766	0	
767	0	
768	0	
769	0	
770	0	
771	0	
772	0	
773	0	
774	0	
775	0	
776	0	
777	0	
778	0	
779	0	
780	0	
781	0	
782	0	
783	0	
784	2.500000e-005	
785	0	
786	2.500000e-005	
787	1.000000e-004	
788	2.250000e-004	
789	1.000000e-004	
790	5.000000e-005	
791	7.500000e-005	
792	1.500000e-004	
793	1.750000e-004	
794	2.500000e-004	
795	2.000000e-004	
796	1.750000e-004	
797	1.750000e-004	
798	1.750000e-004	
799	1.500000e-004	
800	1.750000e-004	
801	2.250000e-004	
802	2.250000e-004	
803	3.250000e-004	
804	2.500000e-004	
805	1.500000e-004	
806	1.000000e-004	
807	1.250000e-004	
808	1.250000e-004	
809	7.500000e-005	
810	1.500000e-004	
811	1.750000e-004	
812	1.250000e-004	
813	1.250000e-004	
814	2.000000e-004	
815	2.250000e-004	
816	1.750000e-004	
817	1.750000e-004	
818	1.750000e-004	
819	2.000000e-004	
820	2.000000e-004	
821	2.250000e-004	
822	2.250000e-004	
823	2.750000e-004	
824	2.500000e-004	
825	2.000000e-004	
826	2.000000e-004	
827	1.250000e-004	
828	1.750000e-004	
829	1.750000e-004	
830	1.250000e-004	
831	2.250000e-004	
832	2.000000e-004	
833	1.250000e-004	
834	1.500000e-004	
835	2.000000e-004	
836	3.500000e-004	
837	2.250000e-004	
838	1.000000e-004	
839	2.500000e-005	
840	0	
841	0	
842	0	
843	0	
844	0	
845	0	
846	0	
847	0	
848	0	
849	0	
850	0	
851	0	
852	0	
853	0	
854	0	
855	0	
856	0	
857	0	
858	0	
859	0	
860	0	
861	0	
862	0	
863	0	
864	0	
865	0	
866	0	
867	0	
868	0	
869	0	
870	0	
871	0	
872	0	
873	0	
874	0	
875	0	
876	0	
877	0	
878	0	
879	0	
880	0	
881	0	
882	0	
883	0	
884	0	
885	0	
886	0	
887	0	
888	2.500000e-005	
889	2.500000e-005	
890	2.500000e-005	
891	5.000000e-005	
892	7.500000e-005	
893	7.500000e-005	
894	2.500000e-005	
895	5.000000e-005	
896	2.500000e-005	
897	0	
898	0	
899	0	
900	0	
901	0	
902	0	
903	0	
904	0	
905	0	
906	0	
907	2.500000e-005	
908	7.500000e-005	
909	1.000000e-004	
910	1.250000e-004	
911	1.500000e-004	
912	2.000000e-004	
913	2.500000e-004	
914	3.500000e-004	
915	3.000000e-004	
916	3.500000e-004	
917	3.750000e-004	
918	3.000000e-004	
919	2.250000e-004	
920	1.500000e-004	
921	3.000000e-004	
922	3.000000e-004	
923	1.500000e-004	
924	2.250000e-004	
925	2.250000e-004	
926	1.750000e-004	
927	1.750000e-004	
928	1.500000e-004	
929	2.250000e-004	
930	1.750000e-004	
931	2.000000e-004	
932	1.500000e-004	
933	2.250000e-004	
934	2.000000e-004	
935	1.250000e-004	
936	1.750000e-004	
937	1.750000e-004	
938	1.500000e-004	
939	1.000000e-004	
940	2.500000e-005	
941	0	
942	0	
943	0	
944	0	
945	0	
946	0	
947	0	
948	0	
949	0	
950	0	
951	0	
952	0	
953	0	
954	0	
955	0	
956	0	
957	0	
958	0	
959	0	
960	0	
961	0	
962	0	
963	0	
964	0	
965	0	
966	0	
967	0	
968	0	
969	0	
970	0	
971	0	
972	0	
973	0	
974	0	
975	0	
976	0	
977	0	
978	0	
979	0	
980	0	
981	0	
982	0	
983	0	
984	0	
985	0	
986	0	
987	0	
988	0	
989	0	
990	0	
991	0	
992	0	
993	0	
994	0	
995	0	
996	0	
997	0	
998	0	
999	0	
1000	2.500000e-005	
1001	2.500000e-005	
1002	2.500000e-005	
1003	0	
1004	0	
1005	0	
1006	0	
1007	0	
1008	0	
1009	0	
1010	0	
1011	0	
1012	0	
1013	0	
1014	0	
1015	0	
1016	0	
1017	0	
1018	0	
1019	0	
1020	0	
1021	0	
1022	0	
1023	0	
1024	0	
1025	0	
1026	0	
1027	0	
1028	0	
1029	0	
1030	0	
1031	0	
1032	0	
1033	0	
1034	0	
1035	0	
1036	0	
1037	0	
1038	0	
1039	2.500000e-005	
1040	5.000000e-005	
1041	1.000000e-004	
1042	1.500000e-004	
1043	1.500000e-004	
1044	1.750000e-004	
1045	1.250000e-004	
1046	1.500000e-004	
1047	1.750000e-004	
1048	1.500000e-004	
1049	1.750000e-004	
1050	2.750000e-004	
1051	3.500000e-004	
1052	2.500000e-004	
1053	4.250000e-004	
1054	2.750000e-004	
1055	3.500000e-004	
1056	5.750000e-004	
1057	5.750000e-004	
1058	5.250000e-004	
1059	5.500000e-004	
1060	5.500000e-004	
1061	6.000000e-004	
1062	7.000000e-004	
1063	6.250000e-004	
1064	6.250000e-004	
1065	6.500000e-004	
1066	6.250000e-004	
1067	4.500000e-004	
1068	6.000000e-004	
1069	6.000000e-004	
1070	5.000000e-004	
1071	5.000000e-004	
1072	3.750000e-004	
1073	3.000000e-004	
1074	3.500000e-004	
1075	4.000000e-004	
1076	3.250000e-004	
1077	3.000000e-004	
1078	2.750000e-004	
1079	3.250000e-004	
1080	4.250000e-004	
1081	3.500000e-004	
1082	3.750000e-004	
1083	4.750000e-004	
1084	5.500000e-004	
1085	6.750000e-004	
1086	6.000000e-004	
1087	5.250000e-004	
1088	4.750000e-004	
1089	4.750000e-004	
1090	6.750000e-004	
1091	5.250000e-004	
1092	5.250000e-004	
1093	5.250000e-004	
1094	4.750000e-004	
1095	3.750000e-004	
1096	5.250000e-004	
1097	6.000000e-004	
1098	5.750000e-004	
1099	6.500000e-004	
1100	7.250000e-004	
1101	6.750000e-004	
1102	5.250000e-004	
1103	4.750000e-004	
1104	4.500000e-004	
1105	4.000000e-004	
1106	4.750000e-004	
1107	6.000000e-004	
1108	4.750000e-004	
1109	6.500000e-004	
1110	5.000000e-004	
1111	4.000000e-004	
1112	4.000000e-004	
1113	3.500000e-004	
1114	3.250000e-004	
1115	2.750000e-004	
1116	3.000000e-004	
1117	3.500000e-004	
1118	3.000000e-004	
1119	3.500000e-004	
1120	3.750000e-004	
1121	3.000000e-004	
1122	3.000000e-004	
1123	3.750000e-004	
1124	4.500000e-004	
1125	5.250000e-004	
1126	3.750000e-004	
1127	5.250000e-004	
1128	5.750000e-004	
1129	6.250000e-004	
1130	7.250000e-004	
1131	5.750000e-004	
1132	5.250000e-004	
1133	5.000000e-004	
1134	5.250000e-004	
1135	5.750000e-004	
1136	6.000000e-004	
1137	6.500000e-004	
1138	8.000000e-004	
1139	7.750000e-004	
1140	6.000000e-004	
1141	6.500000e-004	
1142	6.500000e-004	
1143	6.000000e-004	
1144	5.750000e-004	
1145	5.000000e-004	
1146	6.000000e-004	
1147	6.500000e-004	
1148	5.500000e-004	
1149	5.250000e-004	
1150	5.500000e-004	
1151	5.500000e-004	
1152	7.250000e-004	
1153	6.500000e-004	
1154	6.750000e-004	
1155	7.000000e-004	
1156	7.250000e-004	
1157	6.000000e-004	
1158	5.250000e-004	
1159	3.500000e-004	
1160	3.500000e-004	
1161	3.500000e-004	
1162	5.000000e-004	
1163	5.750000e-004	
1164	7.500000e-004	
1165	8.000000e-004	
1166	6.500000e-004	
1167	9.000000e-004	
1168	7.250000e-004	
1169	8.250000e-004	
1170	7.000000e-004	
1171	8.250000e-004	
1172	8.000000e-004	
1173	5.250000e-004	
1174	5.000000e-004	
1175	4.500000e-004	
1176	4.250000e-004	
1177	4.250000e-004	
1178	3.750000e-004	
1179	4.250000e-004	
1180	5.750000e-004	
1181	5.750000e-004	
1182	6.750000e-004	
1183	5.250000e-004	
1184	6.500000e-004	
1185	4.750000e-004	
1186	5.000000e-004	
1187	3.500000e-004	
1188	3.250000e-004	
1189	3.750000e-004	
1190	3.000000e-004	
1191	2.250000e-004	
1192	2.500000e-004	
1193	2.250000e-004	
1194	2.500000e-004	
1195	3.000000e-004	
1196	3.000000e-004	
1197	3.250000e-004	
1198	3.750000e-004	
1199	3.500000e-004	
1200	4.000000e-004	
1201	3.250000e-004	
1202	4.750000e-004	
1203	3.750000e-004	
1204	4.500000e-004	
1205	4.500000e-004	
1206	5.750000e-004	
1207	8.500000e-004	
1208	6.750000e-004	
1209	6.250000e-004	
1210	5.500000e-004	
1211	4.750000e-004	
1212	6.250000e-004	
1213	4.500000e-004	
1214	3.750000e-004	
1215	3.000000e-004	
1216	4.000000e-004	
1217	3.500000e-004	
1218	6.250000e-004	
1219	7.500000e-004	
1220	7.750000e-004	
1221	7.500000e-004	
1222	8.500000e-004	
1223	8.000000e-004	
1224	9.000000e-004	
1225	9.250000e-004	
1226	8.250000e-004	
1227	8.000000e-004	
1228	7.750000e-004	
1229	8.250000e-004	
1230	7.750000e-004	
1231	7.000000e-004	
1232	6.500000e-004	
1233	7.000000e-004	
1234	6.500000e-004	
1235	7.250000e-004	
1236	7.750000e-004	
1237	6.500000e-004	
1238	6.750000e-004	
1239	7.750000e-004	
1240	6.500000e-004	
1241	6.250000e-004	
1242	5.250000e-004	
1243	6.000000e-004	
1244	6.750000e-004	
1245	4.750000e-004	
1246	3.500000e-004	
1247	4.000000e-004	
1248	3.500000e-004	
1249	3.250000e-004	
1250	4.000000e-004	
1251	3.500000e-004	
1252	5.000000e-004	
1253	4.750000e-004	
1254	3.500000e-004	
1255	3.750000e-004	
1256	4.000000e-004	
1257	3.250000e-004	
1258	4.000000e-004	
1259	3.500000e-004	
1260	3.750000e-004	
1261	3.000000e-004	
1262	4.000000e-004	
1263	5.750000e-004	
1264	5.000000e-004	
1265	4.000000e-004	
1266	4.500000e-004	
1267	5.000000e-004	
1268	5.250000e-004	
1269	5.250000e-004	
1270	6.500000e-004	
1271	7.250000e-004	
1272	7.750000e-004	
1273	8.000000e-004	
1274	6.500000e-004	
1275	6.250000e-004	
1276	6.000000e-004	
1277	7.000000e-004	
1278	4.750000e-004	
1279	4.000000e-004	
1280	4.750000e-004	
1281	5.250000e-004	
1282	4.750000e-004	
1283	3.750000e-004	
1284	3.500000e-004	
1285	4.250000e-004	
1286	4.750000e-004	
1287	4.750000e-004	
1288	6.250000e-004	
1289	7.750000e-004	
1290	7.500000e-004	
1291	8.250000e-004	
1292	6.500000e-004	
1293	6.250000e-004	
1294	4.250000e-004	
1295	2.750000e-004	
1296	2.250000e-004	
1297	2.250000e-004	
1298	2.750000e-004	
1299	3.000000e-004	
1300	3.750000e-004	
1301	3.000000e-004	
1302	3.000000e-004	
1303	2.500000e-004	
1304	3.000000e-004	
1305	3.750000e-004	
1306	4.750000e-004	
1307	4.250000e-004	
1308	3.750000e-004	
1309	3.000000e-004	
1310	3.500000e-004	
1311	4.250000e-004	
1312	4.000000e-004	
1313	3.500000e-004	
1314	5.500000e-004	
1315	3.750000e-004	
1316	2.750000e-004	
1317	4.000000e-004	
1318	4.750000e-004	
1319	6.000000e-004	
1320	6.000000e-004	
1321	8.250000e-004	
1322	7.250000e-004	
1323	7.500000e-004	
1324	7.250000e-004	
1325	6.000000e-004	
1326	7.500000e-004	
1327	6.500000e-004	
1328	6.500000e-004	
1329	8.000000e-004	
1330	8.500000e-004	
1331	8.500000e-004	
1332	9.000000e-004	
1333	1.125000e-003	
1334	1.175000e-003	
1335	1.200000e-003	
1336	1.150000e-003	
1337	1.175000e-003	
1338	8.750000e-004	
1339	9.750000e-004	
1340	7.500000e-004	
1341	7.000000e-004	
1342	6.750000e-004	
1343	7.500000e-004	
1344	9.250000e-004	
1345	8.750000e-004	
1346	1.300000e-003	
1347	1.200000e-003	
1348	1.500000e-003	
1349	1.150000e-003	
1350	1.200000e-003	
1351	1.300000e-003	
1352	1.175000e-003	
1353	9.750000e-004	
1354	1.050000e-003	
1355	8.250000e-004	
1356	7.500000e-004	
1357	7.750000e-004	
1358	8.250000e-004	
1359	6.250000e-004	
1360	5.000000e-004	
1361	4.500000e-004	
1362	5.750000e-004	
1363	8.250000e-004	
1364	9.500000e-004	
1365	8.250000e-004	
1366	7.000000e-004	
1367	7.500000e-004	
1368	1.000000e-003	
1369	1.175000e-003	
1370	1.200000e-003	
1371	1.375000e-003	
1372	1.425000e-003	
1373	1.325000e-003	
1374	1.350000e-003	
1375	1.300000e-003	
1376	1.475000e-003	
1377	1.275000e-003	
1378	1.350000e-003	
1379	1.425000e-003	
1380	1.400000e-003	
1381	1.650000e-003	
1382	1.250000e-003	
1383	1.375000e-003	
1384	1.375000e-003	
1385	1.125000e-003	
1386	1.350000e-003	
1387	1.350000e-003	
1388	1.525000e-003	
1389	1.500000e-003	
1390	1.250000e-003	
1391	9.750000e-004	
1392	1.050000e-003	
1393	1.075000e-003	
1394	1.000000e-003	
1395	1.400000e-003	
1396	1.225000e-003	
1397	1.275000e-003	
1398	1.225000e-003	
1399	1.250000e-003	
1400	1.325000e-003	
1401	1.500000e-003	
1402	1.475000e-003	
1403	1.525000e-003	
1404	1.575000e-003	
1405	1.400000e-003	
1406	1.575000e-003	
1407	1.500000e-003	
1408	1.775000e-003	
1409	1.550000e-003	
1410	1.575000e-003	
1411	1.675000e-003	
1412	1.625000e-003	
1413	1.800000e-003	
1414	1.625000e-003	
1415	1.750000e-003	
1416	2.000000e-003	
1417	1.950000e-003	
1418	1.750000e-003	
1419	1.925000e-003	
1420	1.875000e-003	
1421	1.950000e-003	
1422	2.000000e-003	
1423	2.100000e-003	
1424	2.000000e-003	
1425	1.975000e-003	
1426	2.125000e-003	
1427	2.100000e-003	
1428	2.250000e-003	
1429	2.500000e-003	
1430	2.300000e-003	
1431	2.325000e-003	
1432	2.650000e-003	
1433	2.675000e-003	
1434	2.325000e-003	
1435	2.300000e-003	
1436	2.575000e-003	
1437	2.350000e-003	
1438	2.600000e-003	
1439	2.400000e-003	
1440	2.400000e-003	
1441	2.475000e-003	
1442	2.375000e-003	
1443	2.300000e-003	
1444	2.475000e-003	
1445	2.350000e-003	
1446	2.175000e-003	
1447	1.975000e-003	
1448	1.800000e-003	
1449	2.150000e-003	
1450	1.725000e-003	
1451	1.725000e-003	
1452	2.250000e-003	
1453	2.000000e-003	
1454	1.800000e-003	
1455	1.825000e-003	
1456	2.200000e-003	
1457	2.325000e-003	
1458	2.475000e-003	
1459	1.950000e-003	
1460	2.200000e-003	
1461	2.275000e-003	
1462	1.825000e-003	
1463	1.875000e-003	
1464	1.650000e-003	
1465	1.600000e-003	
1466	1.600000e-003	
1467	1.350000e-003	
1468	1.575000e-003	
1469	1.375000e-003	
1470	1.250000e-003	
1471	1.325000e-003	
1472	1.350000e-003	
1473	1.525000e-003	
1474	1.325000e-003	
1475	1.375000e-003	
1476	1.525000e-003	
1477	1.300000e-003	
1478	1.425000e-003	
1479	1.550000e-003	
1480	1.350000e-003	
1481	1.150000e-003	
1482	1.325000e-003	
1483	1.200000e-003	
1484	7.750000e-004	
1485	8.250000e-004	
1486	8.000000e-004	
1487	1.025000e-003	
1488	9.000000e-004	
1489	1.225000e-003	
1490	1.025000e-003	
1491	1.025000e-003	
1492	9.750000e-004	
1493	1.375000e-003	
1494	1.650000e-003	
1495	1.600000e-003	
1496	1.475000e-003	
1497	1.525000e-003	
1498	1.750000e-003	
1499	1.600000e-003	
1500	1.675000e-003	
1501	1.725000e-003	
1502	1.375000e-003	
1503	1.425000e-003	
1504	1.275000e-003	
1505	1.450000e-003	
1506	1.575000e-003	
1507	1.625000e-003	
1508	1.375000e-003	
1509	1.575000e-003	
1510	1.575000e-003	
1511	1.525000e-003	
1512	1.650000e-003	
1513	1.675000e-003	
1514	1.650000e-003	
1515	1.625000e-003	
1516	1.675000e-003	
1517	1.675000e-003	
1518	1.600000e-003	
1519	1.700000e-003	
1520	1.425000e-003	
1521	1.200000e-003	
1522	1.150000e-003	
1523	1.250000e-003	
1524	1.200000e-003	
1525	1.375000e-003	
1526	1.600000e-003	
1527	1.225000e-003	
1528	1.275000e-003	
1529	9.250000e-004	
1530	9.250000e-004	
1531	1.100000e-003	
1532	1.150000e-003	
1533	1.175000e-003	
1534	9.250000e-004	
1535	8.750000e-004	
1536	9.500000e-004	
1537	1.150000e-003	
1538	1.225000e-003	
1539	1.275000e-003	
1540	1.025000e-003	
1541	1.150000e-003	
1542	1.300000e-003	
1543	1.375000e-003	
1544	1.100000e-003	
1545	1.075000e-003	
1546	9.500000e-004	
1547	8.750000e-004	
1548	8.750000e-004	
1549	8.750000e-004	
1550	1.050000e-003	
1551	1.200000e-003	
1552	1.425000e-003	
1553	1.275000e-003	
1554	1.425000e-003	
1555	1.450000e-003	
1556	1.475000e-003	
1557	1.425000e-003	
1558	1.200000e-003	
1559	1.075000e-003	
1560	1.000000e-003	
1561	8.250000e-004	
1562	9.250000e-004	
1563	1.050000e-003	
1564	9.500000e-004	
1565	1.100000e-003	
1566	1.275000e-003	
1567	1.275000e-003	
1568	1.175000e-003	
1569	1.250000e-003	
1570	1.050000e-003	
1571	1.100000e-003	
1572	8.750000e-004	
1573	9.250000e-004	
1574	8.500000e-004	
1575	9.250000e-004	
1576	8.750000e-004	
1577	1.000000e-003	
1578	8.000000e-004	
1579	5.250000e-004	
1580	5.500000e-004	
1581	6.750000e-004	
1582	6.250000e-004	
1583	6.500000e-004	
1584	7.500000e-004	
1585	8.250000e-004	
1586	9.000000e-004	
1587	8.750000e-004	
1588	7.250000e-004	
1589	4.750000e-004	
1590	7.000000e-004	
1591	6.500000e-004	
1592	5.750000e-004	
1593	4.000000e-004	
1594	4.250000e-004	
1595	5.750000e-004	
1596	7.750000e-004	
1597	8.250000e-004	
1598	7.250000e-004	
1599	3.500000e-004	
1600	4.000000e-004	
1601	4.750000e-004	
1602	4.750000e-004	
1603	3.750000e-004	
1604	3.000000e-004	
1605	3.500000e-004	
1606	4.250000e-004	
1607	4.750000e-004	
1608	3.750000e-004	
1609	4.000000e-004	
1610	3.750000e-004	
1611	3.750000e-004	
1612	3.250000e-004	
1613	3.750000e-004	
1614	3.750000e-004	
1615	4.000000e-004	
1616	4.750000e-004	
1617	3.750000e-004	
1618	2.500000e-004	
1619	1.750000e-004	
1620	3.000000e-004	
1621	4.750000e-004	
1622	4.000000e-004	
1623	5.250000e-004	
1624	5.000000e-004	
1625	4.250000e-004	
1626	3.250000e-004	
1627	3.250000e-004	
1628	3.250000e-004	
1629	3.250000e-004	
1630	4.000000e-004	
1631	3.000000e-004	
1632	3.000000e-004	
1633	3.250000e-004	
1634	2.000000e-004	
1635	3.000000e-004	
1636	3.000000e-004	
1637	2.750000e-004	
1638	2.500000e-004	
1639	2.250000e-004	
1640	2.250000e-004	
1641	2.500000e-004	
1642	4.250000e-004	
1643	2.500000e-004	
1644	2.750000e-004	
1645	3.250000e-004	
1646	3.000000e-004	
1647	2.000000e-004	
1648	2.250000e-004	
1649	2.250000e-004	
1650	2.000000e-004	
1651	3.000000e-004	
1652	3.250000e-004	
1653	3.000000e-004	
1654	2.250000e-004	
1655	2.500000e-004	
1656	3.250000e-004	
1657	3.000000e-004	
1658	1.750000e-004	
1659	1.750000e-004	
1660	1.500000e-004	
1661	1.000000e-004	
1662	7.500000e-005	
1663	5.000000e-005	
1664	7.500000e-005	
1665	7.500000e-005	
1666	0	
1667	0	
1668	0	
1669	0	
1670	0	
1671	0	
1672	0	
1673	0	
1674	0	
1675	0	
1676	0	
1677	0	
1678	0	
1679	0	
1680	0	
1681	0	
1682	0	
1683	0	
1684	0	
1685	0	
1686	0	
1687	0	
1688	0	
1689	2.500000e-005	
1690	5.000000e-005	
1691	5.000000e-005	
1692	7.500000e-005	
1693	7.500000e-005	
1694	7.500000e-005	
1695	5.000000e-005	
1696	0	
1697	0	
1698	0	
1699	0	
1700	0	
1701	0	
1702	0	
1703	0	
1704	0	
1705	0	
1706	0	
1707	0	
1708	0	
1709	0	
1710	0	
1711	0	
1712	0	
1713	0	
1714	0	
1715	0	
1716	0	
1717	0	
1718	0	
1719	0	
1720	0	
1721	0	
1722	0	
1723	0	
1724	0	
1725	0	
1726	0	
1727	0	
1728	0	
1729	0	
1730	0	
1731	0	
1732	0	
1733	0	
1734	0	
1735	0	
1736	0	
1737	0	
1738	0	
1739	0	
1740	0	
1741	0	
1742	0	
1743	0	
1744	0	
1745	0	
1746	0	
1747	0	
1748	0	
1749	0	
1750	0	
1751	0	
1752	0	
1753	0	
1754	0	
1755	0	
1756	0	
1757	0	
1758	0	
1759	0	
1760	0	
1761	0	
1762	0	
1763	0	
1764	0	
1765	0	
1766	0	
1767	0	
1768	0	
1769	2.500000e-005	
1770	0	
1771	0	
1772	0	
1773	0	
1774	0	
1775	0	
1776	0	
1777	0	
1778	0	
1779	2.500000e-005	
1780	2.500000e-005	
1781	5.000000e-005	
1782	1.000000e-004	
1783	1.500000e-004	
1784	1.000000e-004	
1785	5.000000e-005	
1786	5.000000e-005	
1787	7.500000e-005	
1788	7.500000e-005	
1789	7.500000e-005	
1790	1.500000e-004	
1791	1.000000e-004	
1792	1.000000e-004	
1793	5.000000e-005	
1794	1.000000e-004	
1795	1.500000e-004	
1796	1.750000e-004	
1797	1.000000e-004	
1798	1.500000e-004	
1799	2.000000e-004	
1800	1.500000e-004	
1801	2.500000e-004	
1802	2.500000e-004	
1803	1.500000e-004	
1804	3.250000e-004	
1805	3.500000e-004	
1806	3.000000e-004	
1807	2.500000e-004	
1808	1.500000e-004	
1809	1.750000e-004	
1810	1.000000e-004	
1811	5.000000e-005	
1812	2.500000e-005	
1813	2.500000e-005	
1814	7.500000e-005	
1815	2.500000e-005	
1816	5.000000e-005	
1817	7.500000e-005	
1818	7.500000e-005	
1819	1.000000e-004	
1820	1.250000e-004	
1821	1.250000e-004	
1822	1.250000e-004	
1823	1.250000e-004	
1824	1.000000e-004	
1825	1.000000e-004	
1826	1.250000e-004	
1827	7.500000e-005	
1828	5.000000e-005	
1829	1.000000e-004	
1830	1.500000e-004	
1831	7.500000e-005	
1832	1.000000e-004	
1833	1.000000e-004	
1834	5.000000e-005	
1835	5.000000e-005	
1836	5.000000e-005	
1837	7.500000e-005	
1838	7.500000e-005	
1839	1.250000e-004	
1840	1.500000e-004	
1841	1.000000e-004	
1842	2.500000e-005	
1843	0	
1844	0	
1845	0	
1846	0	
1847	0	
1848	0	
1849	0	
1850	0	
1851	0	
1852	0	
1853	0	
1854	0	
1855	0	
1856	0	
1857	0	
1858	0	
1859	2.500000e-005	
1860	2.500000e-005	
1861	0	
1862	0	
1863	0	
1864	0	
1865	0	
1866	0	
1867	0	
1868	0	
1869	0	
1870	0	
1871	0	
1872	0	
1873	0	
1874	0	
1875	0	
1876	0	
1877	0	
1878	0	
1879	0	
1880	0	
1881	0	
1882	0	
1883	0	
1884	0	
1885	0	
1886	0	
1887	0	
1888	0	
1889	0	
1890	0	
1891	0	
1892	0	
1893	0	
1894	0	
1895	0	
1896	0	
1897	0	
1898	0	
1899	0	
1900	0	
1901	0	
1902	0	
1903	0	
1904	0	
1905	0	
1906	0	
1907	2.500000e-005	
1908	0	
1909	0	
1910	0	
1911	0	
1912	0	
1913	0	
1914	0	
1915	0	
1916	0	
1917	0	
1918	0	
1919	2.500000e-005	
1920	2.500000e-005	
1921	0	
1922	0	
1923	0	
1924	0	
1925	0	
1926	0	
1927	0	
1928	0	
1929	0	
1930	0	
1931	0	
1932	0	
1933	0	
1934	0	
1935	0	
1936	0	
1937	0	
1938	0	
1939	0	
1940	0	
1941	0	
1942	0	
1943	2.500000e-005	
1944	0	
1945	0	
1946	0	
1947	0	
1948	0	
1949	0	
1950	0	
1951	0	
1952	0	
1953	0	
1954	0	
1955	0	
1956	0	
1957	0	
1958	0	
1959	0	
1960	0	
1961	0	
1962	0	
1963	2.500000e-005	
1964	2.500000e-005	
1965	2.500000e-005	
1966	2.500000e-005	
1967	2.500000e-005	
1968	2.500000e-005	
1969	0	
1970	0	
1971	0	
1972	0	
1973	0	
1974	0	
1975	0	
1976	0	
1977	0	
1978	2.500000e-005	
1979	7.500000e-005	
1980	5.000000e-005	
1981	5.000000e-005	
1982	1.250000e-004	
1983	2.250000e-004	
1984	3.500000e-004	
1985	4.250000e-004	
1986	3.000000e-004	
1987	3.500000e-004	
1988	3.750000e-004	
1989	6.000000e-004	
1990	5.250000e-004	
1991	3.500000e-004	
1992	3.750000e-004	
1993	4.500000e-004	
1994	3.750000e-004	
1995	4.000000e-004	
1996	4.250000e-004	
1997	5.750000e-004	
1998	5.750000e-004	
1999	5.750000e-004	
2000	5.500000e-004	
2001	4.250000e-004	
2002	4.750000e-004	
2003	4.750000e-004	
2004	3.500000e-004	
2005	3.750000e-004	
2006	3.250000e-004	
2007	3.250000e-004	
2008	3.000000e-004	
2009	2.250000e-004	
2010	2.250000e-004	
2011	2.750000e-004	
2012	2.000000e-004	
2013	1.750000e-004	
2014	1.500000e-004	
2015	1.250000e-004	
2016	1.500000e-004	
2017	1.000000e-004	
2018	1.000000e-004	
2019	1.250000e-004	
2020	1.250000e-004	
2021	1.500000e-004	
2022	1.500000e-004	
2023	2.500000e-004	
2024	2.500000e-004	
2025	3.000000e-004	
2026	3.000000e-004	
2027	3.500000e-004	
2028	3.500000e-004	
2029	2.250000e-004	
2030	3.500000e-004	
2031	3.750000e-004	
2032	2.750000e-004	
2033	2.500000e-004	
2034	1.500000e-004	
2035	1.750000e-004	
2036	1.750000e-004	
2037	1.000000e-004	
2038	1.250000e-004	
2039	1.250000e-004	
2040	1.750000e-004	
2041	2.500000e-004	
2042	1.000000e-004	
2043	2.000000e-004	
2044	1.500000e-004	
2045	2.000000e-004	
2046	1.500000e-004	
2047	1.000000e-004	
2048	7.500000e-005	
2049	7.500000e-005	
2050	1.250000e-004	
2051	7.500000e-005	
2052	1.500000e-004	
2053	1.250000e-004	
2054	7.500000e-005	
2055	7.500000e-005	
2056	0	
2057	0	
2058	0	
2059	0	
2060	0	
2061	0	
2062	0	
2063	0	
2064	0	
2065	0	
2066	0	
2067	0	
2068	0	
2069	0	
2070	0	
2071	0	
2072	0	
2073	0	
2074	0	
2075	0	
2076	0	
2077	0	
2078	0	
2079	0	
2080	0	
2081	0	
2082	0	
2083	0	
2084	0	
2085	2.500000e-005	
2086	2.500000e-005	
2087	5.000000e-005	
2088	0	
2089	0	
2090	0	
2091	0	
2092	0	
2093	0	
2094	0	
2095	0	
2096	0	
2097	0	
2098	0	
2099	0	
2100	0	
2101	0	
2102	0	
2103	0	
2104	0	
2105	0	
2106	0	
2107	0	
2108	0	
2109	0	
2110	0	
2111	0	
2112	0	
2113	0	
2114	0	
2115	0	
2116	0	
2117	0	
2118	0	
2119	0	
2120	0	
2121	0	
2122	0	
2123	0	
2124	0	
2125	0	
2126	0	
2127	0	
2128	0	
2129	0	
2130	0	
2131	0	
2132	0	
2133	0	
2134	0	
2135	0	
2136	0	
2137	0	
2138	0	
2139	0	
2140	0	
2141	0	
2142	0	
2143	0	
2144	0	
2145	0	
2146	2.500000e-005	
2147	0	
2148	2.500000e-005	
2149	5.000000e-005	
2150	5.000000e-005	
2151	5.000000e-005	
2152	2.500000e-005	
2153	5.000000e-005	
2154	2.500000e-005	
2155	2.500000e-005	
2156	0	
2157	0	
2158	0	
2159	0	
2160	0	
2161	0	
2162	0	
2163	0	
2164	0	
2165	0	
2166	0	
2167	0	
2168	0	
2169	0	
2170	0	
2171	0	
2172	0	
2173	0	
2174	0	
2175	0	
2176	0	
2177	0	
2178	0	
2179	0	
2180	0	
2181	0	
2182	0	
2183	0	
2184	0	
2185	0	
2186	0	
2187	0	
2188	0	
2189	0	
2190	0	
2191	0	
2192	0	
2193	0	
2194	0	
2195	0	
2196	0	
2197	0	
2198	0	
2199	0	
2200	0	
2201	0	
2202	0	
2203	0	
2204	0	
2205	0	
2206	0	
2207	0	
2208	0	
2209	0	
2210	0	
2211	0	
2212	0	
2213	0	
2214	2.500000e-005	
2215	5.000000e-005	
2216	1.500000e-004	
2217	2.750000e-004	
2218	2.750000e-004	
2219	2.250000e-004	
2220	2.500000e-004	
2221	1.500000e-004	
2222	1.250000e-004	
2223	1.500000e-004	
2224	2.250000e-004	
2225	1.250000e-004	
2226	2.500000e-005	
2227	7.500000e-005	
2228	7.500000e-005	
2229	5.000000e-005	
2230	7.500000e-005	
2231	1.250000e-004	
2232	7.500000e-005	
2233	1.000000e-004	
2234	2.500000e-005	
2235	2.500000e-005	
2236	5.000000e-005	
2237	2.500000e-005	
2238	5.000000e-005	
2239	7.500000e-005	
2240	7.500000e-005	
2241	1.000000e-004	
2242	1.750000e-004	
2243	7.500000e-005	
2244	2.500000e-005	
2245	2.500000e-005	
2246	2.500000e-005	
2247	2.500000e-005	
2248	2.500000e-005	
2249	5.000000e-005	
2250	5.000000e-005	
2251	2.500000e-005	
2252	0	
2253	0	
2254	0	
2255	0	
2256	0	
2257	0	
2258	0	
2259	0	
2260	0	
2261	0	
2262	0	
2263	0	
2264	0	
2265	0	
2266	0	
2267	0	
2268	0	
2269	0	
2270	0	
2271	0	
2272	0	
2273	0	
2274	0	
2275	0	
2276	0	
2277	0	
2278	0	
2279	0	
2280	0	
2281	0	
2282	0	
2283	0	
2284	0	
2285	0	
2286	0	
2287	0	
2288	0	
2289	0	
2290	0	
2291	0	
2292	0	
2293	0	
2294	0	
2295	0	
2296	0	
2297	0	
2298	0	
2299	0	
2300	0	
2301	0	
2302	0	
2303	0	
2304	0	
2305	0	
2306	0	
2307	0	
2308	0	
2309	0	
2310	0	
2311	0	
2312	2.500000e-005	
2313	7.500000e-005	
2314	1.250000e-004	
2315	1.500000e-004	
2316	2.000000e-004	
2317	2.500000e-004	
2318	2.500000e-004	
2319	2.250000e-004	
2320	3.750000e-004	
2321	5.500000e-004	
2322	5.250000e-004	
2323	4.250000e-004	
2324	4.000000e-004	
2325	3.750000e-004	
2326	4.250000e-004	
2327	5.250000e-004	
2328	4.000000e-004	
2329	3.000000e-004	
2330	3.250000e-004	
2331	3.750000e-004	
2332	3.000000e-004	
2333	3.500000e-004	
2334	2.500000e-004	
2335	2.000000e-004	
2336	1.750000e-004	
2337	1.500000e-004	
2338	1.750000e-004	
2339	2.000000e-004	
2340	1.500000e-004	
2341	1.500000e-004	
2342	2.000000e-004	
2343	1.500000e-004	
2344	1.750000e-004	
2345	1.500000e-004	
2346	7.500000e-005	
2347	1.750000e-004	
2348	2.000000e-004	
2349	2.000000e-004	
2350	1.750000e-004	
2351	2.000000e-004	
2352	2.250000e-004	
2353	2.000000e-004	
2354	1.500000e-004	
2355	1.250000e-004	
2356	7.500000e-005	
2357	7.500000e-005	
2358	7.500000e-005	
2359	7.500000e-005	
2360	2.500000e-005	
2361	2.500000e-005	
2362	0	
2363	0	
2364	0	
2365	2.500000e-005	
2366	7.500000e-005	
2367	1.000000e-004	
2368	1.250000e-004	
2369	2.250000e-004	
2370	2.750000e-004	
2371	2.000000e-004	
2372	1.750000e-004	
2373	1.500000e-004	
2374	3.000000e-004	
2375	2.000000e-004	
2376	1.250000e-004	
2377	1.250000e-004	
2378	1.000000e-004	
2379	1.000000e-004	
2380	1.000000e-004	
2381	1.500000e-004	
2382	2.000000e-004	
2383	2.000000e-004	
2384	2.500000e-005	
2385	2.500000e-005	
2386	5.000000e-005	
2387	7.500000e-005	
2388	7.500000e-005	
2389	5.000000e-005	
2390	5.000000e-005	
2391	1.250000e-004	
2392	7.500000e-005	
2393	1.000000e-004	
2394	7.500000e-005	
2395	1.000000e-004	
2396	1.500000e-004	
2397	2.750000e-004	
2398	3.000000e-004	
2399	2.750000e-004	
2400	4.000000e-004	
2401	3.500000e-004	
2402	5.000000e-004	
2403	4.000000e-004	
2404	5.250000e-004	
2405	4.000000e-004	
2406	4.250000e-004	
2407	3.250000e-004	
2408	4.250000e-004	
2409	5.000000e-004	
2410	5.500000e-004	
2411	5.000000e-004	
2412	5.500000e-004	
2413	6.000000e-004	
2414	5.000000e-004	
2415	4.000000e-004	
2416	4.250000e-004	
2417	4.250000e-004	
2418	5.500000e-004	
2419	4.750000e-004	
2420	3.500000e-004	
2421	2.250000e-004	
2422	1.750000e-004	
2423	1.750000e-004	
2424	1.250000e-004	
2425	2.000000e-004	
2426	2.250000e-004	
2427	1.000000e-004	
2428	1.500000e-004	
2429	1.500000e-004	
2430	1.000000e-004	
2431	7.500000e-005	
2432	2.500000e-005	
2433	2.500000e-005	
2434	2.500000e-005	
2435	0	
2436	0	
2437	0	
2438	0	
2439	0	
2440	0	
2441	0	
2442	0	
2443	0	
2444	0	
2445	0	
2446	0	
2447	0	
2448	0	
2449	0	
2450	0	
2451	0	
2452	0	
2453	0	
2454	0	
2455	0	
2456	0	
2457	0	
2458	0	
2459	0	
2460	0	
2461	0	
2462	0	
2463	0	
2464	0	
2465	0	
2466	0	
2467	0	
2468	0	
2469	0	
2470	0	
2471	0	
2472	0	
2473	0	
2474	0	
2475	0	
2476	0	
2477	0	
2478	0	
2479	0	
2480	0	
2481	0	
2482	0	
2483	0	
2484	0	
2485	0	
2486	0	
2487	0	
2488	0	
2489	0	
2490	0	
2491	0	
2492	0	
2493	0	
2494	0	
2495	2.500000e-005	
2496	2.500000e-005	
2497	5.000000e-005	
2498	7.500000e-005	
2499	7.500000e-005	
2500	7.500000e-005	
2501	2.500000e-005	
2502	7.500000e-005	
2503	5.000000e-005	
2504	7.500000e-005	
2505	1.000000e-004	
2506	1.000000e-004	
2507	7.500000e-005	
2508	5.000000e-005	
2509	7.500000e-005	
2510	1.250000e-004	
2511	2.000000e-004	
2512	3.000000e-004	
2513	2.500000e-004	
2514	2.750000e-004	
2515	5.000000e-004	
2516	4.250000e-004	
2517	4.750000e-004	
2518	4.250000e-004	
2519	4.000000e-004	
2520	4.000000e-004	
2521	4.000000e-004	
2522	4.500000e-004	
2523	4.000000e-004	
2524	5.000000e-004	
2525	6.250000e-004	
2526	5.750000e-004	
2527	8.000000e-004	
2528	8.500000e-004	
2529	1.100000e-003	
2530	9.250000e-004	
2531	9.250000e-004	
2532	9.000000e-004	
2533	9.500000e-004	
2534	1.150000e-003	
2535	1.225000e-003	
2536	1.125000e-003	
2537	1.000000e-003	
2538	1.025000e-003	
2539	9.000000e-004	
2540	9.250000e-004	
2541	1.075000e-003	
2542	8.250000e-004	
2543	7.250000e-004	
2544	7.750000e-004	
2545	8.250000e-004	
2546	8.250000e-004	
2547	8.500000e-004	
2548	1.050000e-003	
2549	9.500000e-004	
2550	9.250000e-004	
2551	8.250000e-004	
2552	4.750000e-004	
2553	6.500000e-004	
2554	7.000000e-004	
2555	7.250000e-004	
2556	7.250000e-004	
2557	8.250000e-004	
2558	7.750000e-004	
2559	7.500000e-004	
2560	8.250000e-004	
2561	7.750000e-004	
2562	6.750000e-004	
2563	6.750000e-004	
2564	9.500000e-004	
2565	8.250000e-004	
2566	5.750000e-004	
2567	4.750000e-004	
2568	7.250000e-004	
2569	5.000000e-004	
2570	5.250000e-004	
2571	4.750000e-004	
2572	4.750000e-004	
2573	4.250000e-004	
2574	3.750000e-004	
2575	4.250000e-004	
2576	4.250000e-004	
2577	3.250000e-004	
2578	2.500000e-004	
2579	3.250000e-004	
2580	6.750000e-004	
2581	6.750000e-004	
2582	8.500000e-004	
2583	7.000000e-004	
2584	6.250000e-004	
2585	6.000000e-004	
2586	6.000000e-004	
2587	4.500000e-004	
2588	3.750000e-004	
2589	2.500000e-004	
2590	2.750000e-004	
2591	3.250000e-004	
2592	3.500000e-004	
2593	4.000000e-004	
2594	3.500000e-004	
2595	2.500000e-004	
2596	3.000000e-004	
2597	3.500000e-004	
2598	3.000000e-004	
2599	3.750000e-004	
2600	4.500000e-004	
2601	6.000000e-004	
2602	5.000000e-004	
2603	6.500000e-004	
2604	7.000000e-004	
2605	7.500000e-004	
2606	8.000000e-004	
2607	8.750000e-004	
2608	7.250000e-004	
2609	6.750000e-004	
2610	8.500000e-004	
2611	8.500000e-004	
2612	8.750000e-004	
2613	8.750000e-004	
2614	9.750000e-004	
2615	1.000000e-003	
2616	9.500000e-004	
2617	8.500000e-004	
2618	8.500000e-004	
2619	8.500000e-004	
2620	7.000000e-004	
2621	7.750000e-004	
2622	8.500000e-004	
2623	8.250000e-004	
2624	7.500000e-004	
2625	8.500000e-004	
2626	8.000000e-004	
2627	7.000000e-004	
2628	7.250000e-004	
2629	5.250000e-004	
2630	5.250000e-004	
2631	5.000000e-004	
2632	3.500000e-004	
2633	4.500000e-004	
2634	3.250000e-004	
2635	5.750000e-004	
2636	3.500000e-004	
2637	3.250000e-004	
2638	2.000000e-004	
2639	1.500000e-004	
2640	2.000000e-004	
2641	3.250000e-004	
2642	3.750000e-004	
2643	3.500000e-004	
2644	3.750000e-004	
2645	3.750000e-004	
2646	5.250000e-004	
2647	3.500000e-004	
2648	3.250000e-004	
2649	3.500000e-004	
2650	3.000000e-004	
2651	3.500000e-004	
2652	2.750000e-004	
2653	2.500000e-004	
2654	1.500000e-004	
2655	1.000000e-004	
2656	1.000000e-004	
2657	7.500000e-005	
2658	7.500000e-005	
2659	1.500000e-004	
2660	5.000000e-005	
2661	5.000000e-005	
2662	1.000000e-004	
2663	7.500000e-005	
2664	1.250000e-004	
2665	1.500000e-004	
2666	1.500000e-004	
2667	2.250000e-004	
2668	2.750000e-004	
2669	3.250000e-004	
2670	2.500000e-004	
2671	3.750000e-004	
2672	3.500000e-004	
2673	3.000000e-004	
2674	2.250000e-004	
2675	2.500000e-004	
2676	2.250000e-004	
2677	2.250000e-004	
2678	1.250000e-004	
2679	2.000000e-004	
2680	2.000000e-004	
2681	2.500000e-004	
2682	2.750000e-004	
2683	3.250000e-004	
2684	3.000000e-004	
2685	2.000000e-004	
2686	3.250000e-004	
2687	3.750000e-004	
2688	3.750000e-004	
2689	3.750000e-004	
2690	5.000000e-004	
2691	5.000000e-004	
2692	6.500000e-004	
2693	7.000000e-004	
2694	8.000000e-004	
2695	8.250000e-004	
2696	6.750000e-004	
2697	7.500000e-004	
2698	5.000000e-004	
2699	5.500000e-004	
2700	6.750000e-004	
2701	6.250000e-004	
2702	6.250000e-004	
2703	6.000000e-004	
2704	6.500000e-004	
2705	6.750000e-004	
2706	6.750000e-004	
2707	6.500000e-004	
2708	6.500000e-004	
2709	6.500000e-004	
2710	6.750000e-004	
2711	6.000000e-004	
2712	5.250000e-004	
2713	4.750000e-004	
2714	5.250000e-004	
2715	4.750000e-004	
2716	4.500000e-004	
2717	6.250000e-004	
2718	6.250000e-004	
2719	5.750000e-004	
2720	5.500000e-004	
2721	6.000000e-004	
2722	6.500000e-004	
2723	5.500000e-004	
2724	4.250000e-004	
2725	4.000000e-004	
2726	2.000000e-004	
2727	2.500000e-004	
2728	2.000000e-004	
2729	2.000000e-004	
2730	2.750000e-004	
2731	1.500000e-004	
2732	7.500000e-005	
2733	7.500000e-005	
2734	5.000000e-005	
2735	2.500000e-005	
2736	2.500000e-005	
2737	1.000000e-004	
2738	5.000000e-005	
2739	0	
2740	2.500000e-005	
2741	2.500000e-005	
2742	2.500000e-005	
2743	2.500000e-005	
2744	0	
2745	0	
2746	0	
2747	0	
2748	0	
2749	0	
2750	0	
2751	0	
2752	0	
2753	0	
2754	0	
2755	0	
2756	0	
2757	0	
2758	0	
2759	0	
2760	0	
2761	0	
2762	0	
2763	0	
2764	0	
2765	0	
2766	0	
2767	0	
2768	0	
2769	0	
2770	0	
2771	0	
2772	0	
2773	0	
2774	0	
2775	0	
2776	0	
2777	0	
2778	0	
2779	0	
2780	0	
2781	0	
2782	0	
2783	0	
2784	0	
2785	0	
2786	0	
2787	0	
2788	0	
2789	0	
2790	0	
2791	0	
2792	0	
2793	0	
2794	0	
2795	0	
2796	0	
2797	0	
2798	2.500000e-005	
2799	2.500000e-005	
2800	2.500000e-005	
2801	7.500000e-005	
2802	1.000000e-004	
2803	1.000000e-004	
2804	1.000000e-004	
2805	1.000000e-004	
2806	1.000000e-004	
2807	1.000000e-004	
2808	1.500000e-004	
2809	1.750000e-004	
2810	1.500000e-004	
2811	1.250000e-004	
2812	1.250000e-004	
2813	1.250000e-004	
2814	1.750000e-004	
2815	1.750000e-004	
2816	2.500000e-004	
2817	1.750000e-004	
2818	1.500000e-004	
2819	2.000000e-004	
2820	2.000000e-004	
2821	1.500000e-004	
2822	2.500000e-004	
2823	2.000000e-004	
2824	1.250000e-004	
2825	2.500000e-004	
2826	1.750000e-004	
2827	3.000000e-004	
2828	2.750000e-004	
2829	1.750000e-004	
2830	1.250000e-004	
2831	1.500000e-004	
2832	2.000000e-004	
2833	3.500000e-004	
2834	2.750000e-004	
2835	2.250000e-004	
2836	2.500000e-004	
2837	1.000000e-004	
2838	7.500000e-005	
2839	1.000000e-004	
2840	7.500000e-005	
2841	1.250000e-004	
2842	1.000000e-004	
2843	1.250000e-004	
2844	1.500000e-004	
2845	1.500000e-004	
2846	5.000000e-005	
2847	2.500000e-005	
2848	0	
2849	0	
2850	0	
2851	0	
2852	0	
2853	0	
2854	0	
2855	0	
2856	0	
2857	0	
2858	0	
2859	0	
2860	0	
2861	0	
2862	0	
2863	0	
2864	0	
2865	0	
2866	0	
2867	0	
2868	0	
2869	0	
2870	0	
2871	0	
2872	0	
2873	0	
2874	0	
2875	0	
2876	0	
2877	0	
2878	0	
2879	0	
2880	0	
2881	0	
2882	0	
2883	0	
2884	0	
2885	0	
2886	0	
2887	0	
2888	0	
2889	0	
2890	0	
2891	0	
2892	0	
2893	0	
2894	0	
2895	2.500000e-005	
2896	5.000000e-005	
2897	2.000000e-004	
2898	2.250000e-004	
2899	2.250000e-004	
2900	2.000000e-004	
2901	2.750000e-004	
2902	3.000000e-004	
2903	3.250000e-004	
2904	2.500000e-004	
2905	1.750000e-004	
2906	2.000000e-004	
2907	2.250000e-004	
2908	3.750000e-004	
2909	4.250000e-004	
2910	4.750000e-004	
2911	2.250000e-004	
2912	2.250000e-004	
2913	2.000000e-004	
2914	2.750000e-004	
2915	4.000000e-004	
2916	4.500000e-004	
2917	4.500000e-004	
2918	5.750000e-004	
2919	4.500000e-004	
2920	3.500000e-004	
2921	5.000000e-004	
2922	5.500000e-004	
2923	6.000000e-004	
2924	7.750000e-004	
2925	7.000000e-004	
2926	5.250000e-004	
2927	7.250000e-004	
2928	6.250000e-004	
2929	6.000000e-004	
2930	5.000000e-004	
2931	3.750000e-004	
2932	3.500000e-004	
2933	3.500000e-004	
2934	3.750000e-004	
2935	4.250000e-004	
2936	4.250000e-004	
2937	5.250000e-004	
2938	5.250000e-004	
2939	6.000000e-004	
2940	9.000000e-004	
2941	1.025000e-003	
2942	1.050000e-003	
2943	1.025000e-003	
2944	9.500000e-004	
2945	7.750000e-004	
2946	7.000000e-004	
2947	7.250000e-004	
2948	8.250000e-004	
2949	9.250000e-004	
2950	1.000000e-003	
2951	1.000000e-003	
2952	8.750000e-004	
2953	8.500000e-004	
2954	8.500000e-004	
2955	9.250000e-004	
2956	6.750000e-004	
2957	5.750000e-004	
2958	6.000000e-004	
2959	5.750000e-004	
2960	5.500000e-004	
2961	5.750000e-004	
2962	6.250000e-004	
2963	5.250000e-004	
2964	5.000000e-004	
2965	3.500000e-004	
2966	5.000000e-004	
2967	5.750000e-004	
2968	4.750000e-004	
2969	4.250000e-004	
2970	5.250000e-004	
2971	5.250000e-004	
2972	5.000000e-004	
2973	6.250000e-004	
2974	7.500000e-004	
2975	7.250000e-004	
2976	7.250000e-004	
2977	6.750000e-004	
2978	8.000000e-004	
2979	9.750000e-004	
2980	8.500000e-004	
2981	7.500000e-004	
2982	6.750000e-004	
2983	8.000000e-004	
2984	7.750000e-004	
2985	6.750000e-004	
2986	7.250000e-004	
2987	5.500000e-004	
2988	6.000000e-004	
2989	6.500000e-004	
2990	4.750000e-004	
2991	3.000000e-004	
2992	5.500000e-004	
2993	4.500000e-004	
2994	5.250000e-004	
2995	6.000000e-004	
2996	7.000000e-004	
2997	5.500000e-004	
2998	4.500000e-004	
2999	4.750000e-004	
3000	5.250000e-004	
3001	5.000000e-004	
