1	0	
2	0	
3	0	
4	0	
5	0	
6	0	
7	0	
8	0	
9	0	
10	0	
11	0	
12	2.500000e-005	
13	1.250000e-004	
14	1.250000e-004	
15	7.500000e-005	
16	5.000000e-005	
17	1.000000e-004	
18	7.500000e-005	
19	1.000000e-004	
20	1.500000e-004	
21	7.500000e-005	
22	5.000000e-005	
23	1.000000e-004	
24	1.250000e-004	
25	1.250000e-004	
26	1.250000e-004	
27	1.000000e-004	
28	1.000000e-004	
29	1.000000e-004	
30	7.500000e-005	
31	5.000000e-005	
32	7.500000e-005	
33	1.500000e-004	
34	1.500000e-004	
35	1.000000e-004	
36	1.250000e-004	
37	5.000000e-005	
38	0	
39	0	
40	0	
41	0	
42	0	
43	0	
44	0	
45	0	
46	0	
47	0	
48	0	
49	0	
50	0	
51	0	
52	0	
53	0	
54	0	
55	0	
56	0	
57	0	
58	0	
59	0	
60	0	
61	0	
62	0	
63	0	
64	0	
65	0	
66	0	
67	0	
68	0	
69	0	
70	0	
71	0	
72	0	
73	0	
74	0	
75	0	
76	0	
77	0	
78	0	
79	2.500000e-005	
80	2.500000e-005	
81	0	
82	0	
83	0	
84	0	
85	0	
86	0	
87	0	
88	0	
89	0	
90	0	
91	0	
92	0	
93	0	
94	0	
95	0	
96	0	
97	0	
98	0	
99	0	
100	0	
101	0	
102	0	
103	0	
104	0	
105	0	
106	0	
107	0	
108	0	
109	0	
110	0	
111	0	
112	0	
113	0	
114	0	
115	0	
116	0	
117	0	
118	0	
119	0	
120	0	
121	0	
122	0	
123	0	
124	0	
125	0	
126	0	
127	2.500000e-005	
128	1.000000e-004	
129	1.500000e-004	
130	1.750000e-004	
131	7.500000e-005	
132	1.000000e-004	
133	1.750000e-004	
134	5.000000e-005	
135	7.500000e-005	
136	2.500000e-005	
137	2.500000e-005	
138	7.500000e-005	
139	2.500000e-005	
140	2.500000e-005	
141	2.500000e-005	
142	0	
143	0	
144	0	
145	0	
146	0	
147	2.500000e-005	
148	2.500000e-005	
149	5.000000e-005	
150	2.500000e-005	
151	5.000000e-005	
152	2.500000e-005	
153	2.500000e-005	
154	2.500000e-005	
155	2.500000e-005	
156	2.500000e-005	
157	2.500000e-005	
158	5.000000e-005	
159	1.000000e-004	
160	1.750000e-004	
161	7.500000e-005	
162	1.000000e-004	
163	1.000000e-004	
164	5.000000e-005	
165	5.000000e-005	
166	7.500000e-005	
167	2.500000e-005	
168	0	
169	0	
170	0	
171	0	
172	0	
173	0	
174	0	
175	0	
176	0	
177	0	
178	0	
179	0	
180	0	
181	0	
182	0	
183	0	
184	0	
185	0	
186	0	
187	0	
188	0	
189	0	
190	0	
191	0	
192	0	
193	0	
194	0	
195	0	
196	0	
197	0	
198	0	
199	0	
200	0	
201	0	
202	0	
203	0	
204	0	
205	0	
206	0	
207	0	
208	2.500000e-005	
209	7.500000e-005	
210	7.500000e-005	
211	1.250000e-004	
212	1.250000e-004	
213	1.750000e-004	
214	1.750000e-004	
215	1.750000e-004	
216	2.500000e-004	
217	1.750000e-004	
218	2.000000e-004	
219	2.250000e-004	
220	1.250000e-004	
221	1.500000e-004	
222	1.000000e-004	
223	5.000000e-005	
224	5.000000e-005	
225	2.500000e-005	
226	5.000000e-005	
227	7.500000e-005	
228	5.000000e-005	
229	5.000000e-005	
230	5.000000e-005	
231	5.000000e-005	
232	0	
233	0	
234	0	
235	0	
236	0	
237	0	
238	0	
239	0	
240	0	
241	0	
242	0	
243	0	
244	0	
245	0	
246	0	
247	0	
248	0	
249	0	
250	0	
251	0	
252	0	
253	0	
254	0	
255	0	
256	0	
257	0	
258	0	
259	0	
260	0	
261	0	
262	0	
263	0	
264	0	
265	0	
266	0	
267	0	
268	0	
269	0	
270	0	
271	0	
272	0	
273	0	
274	0	
275	0	
276	0	
277	0	
278	0	
279	0	
280	0	
281	0	
282	0	
283	0	
284	0	
285	0	
286	0	
287	0	
288	0	
289	0	
290	0	
291	0	
292	0	
293	0	
294	0	
295	0	
296	0	
297	0	
298	0	
299	0	
300	0	
301	0	
302	0	
303	0	
304	0	
305	0	
306	0	
307	0	
308	0	
309	0	
310	0	
311	0	
312	0	
313	0	
314	0	
315	0	
316	0	
317	0	
318	0	
319	0	
320	0	
321	0	
322	0	
323	0	
324	0	
325	0	
326	0	
327	0	
328	0	
329	0	
330	0	
331	0	
332	0	
333	0	
334	0	
335	0	
336	2.500000e-005	
337	7.500000e-005	
338	1.500000e-004	
339	1.250000e-004	
340	1.500000e-004	
341	1.500000e-004	
342	2.500000e-004	
343	2.250000e-004	
344	1.000000e-004	
345	1.250000e-004	
346	1.750000e-004	
347	1.750000e-004	
348	2.750000e-004	
349	3.000000e-004	
350	2.000000e-004	
351	1.250000e-004	
352	1.000000e-004	
353	2.500000e-004	
354	2.250000e-004	
355	2.250000e-004	
356	2.500000e-004	
357	2.000000e-004	
358	1.250000e-004	
359	1.250000e-004	
360	1.500000e-004	
361	1.250000e-004	
362	7.500000e-005	
363	5.000000e-005	
364	5.000000e-005	
365	2.500000e-005	
366	2.500000e-005	
367	7.500000e-005	
368	0	
369	0	
370	0	
371	0	
372	0	
373	0	
374	0	
375	0	
376	0	
377	0	
378	0	
379	0	
380	0	
381	0	
382	0	
383	0	
384	0	
385	0	
386	0	
387	0	
388	0	
389	0	
390	0	
391	0	
392	0	
393	0	
394	0	
395	0	
396	0	
397	0	
398	0	
399	0	
400	0	
401	0	
402	0	
403	0	
404	0	
405	0	
406	0	
407	0	
408	0	
409	0	
410	0	
411	0	
412	0	
413	0	
414	0	
415	0	
416	0	
417	0	
418	0	
419	0	
420	0	
421	0	
422	0	
423	0	
424	0	
425	0	
426	0	
427	0	
428	0	
429	0	
430	0	
431	0	
432	0	
433	0	
434	0	
435	0	
436	0	
437	0	
438	0	
439	0	
440	0	
441	0	
442	0	
443	0	
444	0	
445	0	
446	0	
447	0	
448	0	
449	0	
450	0	
451	0	
452	2.500000e-005	
453	5.000000e-005	
454	2.000000e-004	
455	1.500000e-004	
456	2.500000e-004	
457	1.750000e-004	
458	1.500000e-004	
459	1.500000e-004	
460	1.250000e-004	
461	2.250000e-004	
462	2.500000e-004	
463	2.250000e-004	
464	1.500000e-004	
465	1.250000e-004	
466	1.000000e-004	
467	0	
468	0	
469	0	
470	0	
471	0	
472	0	
473	0	
474	0	
475	0	
476	0	
477	0	
478	0	
479	0	
480	0	
481	0	
482	0	
483	0	
484	0	
485	0	
486	0	
487	0	
488	0	
489	0	
490	0	
491	0	
492	0	
493	0	
494	0	
495	0	
496	0	
497	0	
498	0	
499	0	
500	0	
501	2.500000e-005	
502	5.000000e-005	
503	1.250000e-004	
504	1.750000e-004	
505	2.250000e-004	
506	3.000000e-004	
507	3.000000e-004	
508	3.250000e-004	
509	2.250000e-004	
510	3.000000e-004	
511	4.500000e-004	
512	3.750000e-004	
513	4.500000e-004	
514	5.750000e-004	
515	5.750000e-004	
516	5.500000e-004	
517	7.000000e-004	
518	6.500000e-004	
519	5.750000e-004	
520	4.500000e-004	
521	6.250000e-004	
522	6.750000e-004	
523	6.000000e-004	
524	6.000000e-004	
525	7.750000e-004	
526	8.250000e-004	
527	7.000000e-004	
528	6.500000e-004	
529	8.000000e-004	
530	9.250000e-004	
531	9.250000e-004	
532	9.750000e-004	
533	1.025000e-003	
534	1.100000e-003	
535	1.175000e-003	
536	1.125000e-003	
537	1.525000e-003	
538	1.500000e-003	
539	1.400000e-003	
540	1.475000e-003	
541	1.425000e-003	
542	1.375000e-003	
543	1.450000e-003	
544	1.575000e-003	
545	1.550000e-003	
546	1.400000e-003	
547	1.250000e-003	
548	1.125000e-003	
549	8.750000e-004	
550	9.250000e-004	
551	9.250000e-004	
552	8.500000e-004	
553	8.250000e-004	
554	8.000000e-004	
555	8.000000e-004	
556	8.000000e-004	
557	8.000000e-004	
558	7.750000e-004	
559	8.000000e-004	
560	9.000000e-004	
561	9.250000e-004	
562	9.500000e-004	
563	9.250000e-004	
564	9.750000e-004	
565	1.225000e-003	
566	1.275000e-003	
567	1.100000e-003	
568	1.075000e-003	
569	1.000000e-003	
570	1.250000e-003	
571	1.475000e-003	
572	1.450000e-003	
573	1.375000e-003	
574	1.225000e-003	
575	1.200000e-003	
576	1.400000e-003	
577	1.550000e-003	
578	1.425000e-003	
579	1.250000e-003	
580	1.550000e-003	
581	1.350000e-003	
582	1.400000e-003	
583	1.275000e-003	
584	1.325000e-003	
585	1.375000e-003	
586	1.550000e-003	
587	1.700000e-003	
588	1.875000e-003	
589	1.850000e-003	
590	1.600000e-003	
591	1.950000e-003	
592	1.850000e-003	
593	1.875000e-003	
594	1.800000e-003	
595	1.625000e-003	
596	2.125000e-003	
597	2.025000e-003	
598	2.125000e-003	
599	2.075000e-003	
600	2.200000e-003	
601	2.075000e-003	
602	1.950000e-003	
603	1.950000e-003	
604	2.050000e-003	
605	2.325000e-003	
606	2.400000e-003	
607	2.275000e-003	
608	2.375000e-003	
609	2.400000e-003	
610	2.475000e-003	
611	2.075000e-003	
612	2.250000e-003	
613	2.500000e-003	
614	2.675000e-003	
615	2.875000e-003	
616	3.300000e-003	
617	3.150000e-003	
618	2.800000e-003	
619	3.100000e-003	
620	3.475000e-003	
621	3.100000e-003	
622	2.900000e-003	
623	2.875000e-003	
624	3.150000e-003	
625	3.500000e-003	
626	3.375000e-003	
627	3.400000e-003	
628	3.475000e-003	
629	3.250000e-003	
630	3.450000e-003	
631	3.200000e-003	
632	2.575000e-003	
633	3.375000e-003	
634	2.800000e-003	
635	2.650000e-003	
636	2.925000e-003	
637	2.775000e-003	
638	3.000000e-003	
639	2.925000e-003	
640	3.275000e-003	
641	3.425000e-003	
642	3.300000e-003	
643	3.275000e-003	
644	2.975000e-003	
645	3.125000e-003	
646	3.475000e-003	
647	3.050000e-003	
648	2.900000e-003	
649	2.825000e-003	
650	2.775000e-003	
651	3.075000e-003	
652	3.075000e-003	
653	3.350000e-003	
654	3.225000e-003	
655	3.025000e-003	
656	3.025000e-003	
657	3.250000e-003	
658	2.725000e-003	
659	2.725000e-003	
660	2.875000e-003	
661	3.250000e-003	
662	3.050000e-003	
663	2.925000e-003	
664	2.725000e-003	
665	2.950000e-003	
666	2.825000e-003	
667	2.825000e-003	
668	3.025000e-003	
669	2.875000e-003	
670	3.100000e-003	
671	3.100000e-003	
672	2.775000e-003	
673	2.825000e-003	
674	2.575000e-003	
675	3.000000e-003	
676	3.075000e-003	
677	2.900000e-003	
678	3.125000e-003	
679	3.700000e-003	
680	3.750000e-003	
681	3.700000e-003	
682	3.550000e-003	
683	3.400000e-003	
684	2.850000e-003	
685	2.625000e-003	
686	2.775000e-003	
687	2.625000e-003	
688	2.475000e-003	
689	2.250000e-003	
690	2.525000e-003	
691	2.850000e-003	
692	3.725000e-003	
693	4.125000e-003	
694	4.375000e-003	
695	4.200000e-003	
696	4.350000e-003	
697	4.075000e-003	
698	4.350000e-003	
699	3.875000e-003	
700	4.300000e-003	
701	4.325000e-003	
702	4.025000e-003	
703	3.925000e-003	
704	3.775000e-003	
705	4.050000e-003	
706	3.925000e-003	
707	3.375000e-003	
708	3.175000e-003	
709	2.975000e-003	
710	2.875000e-003	
711	2.650000e-003	
712	2.625000e-003	
713	2.475000e-003	
714	2.225000e-003	
715	1.925000e-003	
716	1.975000e-003	
717	1.950000e-003	
718	1.475000e-003	
719	1.575000e-003	
720	1.425000e-003	
721	1.250000e-003	
722	1.050000e-003	
723	1.175000e-003	
724	1.175000e-003	
725	9.750000e-004	
726	1.125000e-003	
727	8.000000e-004	
728	7.500000e-004	
729	8.250000e-004	
730	9.750000e-004	
731	8.750000e-004	
732	8.500000e-004	
733	9.250000e-004	
734	1.075000e-003	
735	1.000000e-003	
736	1.075000e-003	
737	1.150000e-003	
738	9.000000e-004	
739	9.250000e-004	
740	1.075000e-003	
741	1.200000e-003	
742	1.425000e-003	
743	1.100000e-003	
744	1.125000e-003	
745	1.025000e-003	
746	6.250000e-004	
747	6.250000e-004	
748	5.500000e-004	
749	5.500000e-004	
750	5.750000e-004	
751	4.250000e-004	
752	3.000000e-004	
753	2.750000e-004	
754	2.500000e-004	
755	1.250000e-004	
756	2.500000e-004	
757	2.500000e-004	
758	1.750000e-004	
759	5.000000e-005	
760	2.500000e-005	
761	0	
762	0	
763	0	
764	0	
765	0	
766	0	
767	2.500000e-005	
768	5.000000e-005	
769	5.000000e-005	
770	5.000000e-005	
771	7.500000e-005	
772	7.500000e-005	
773	7.500000e-005	
774	5.000000e-005	
775	2.500000e-005	
776	5.000000e-005	
777	0	
778	0	
779	0	
780	0	
781	0	
782	0	
783	0	
784	0	
785	0	
786	2.500000e-005	
787	2.500000e-005	
788	0	
789	0	
790	0	
791	0	
792	0	
793	0	
794	0	
795	0	
796	0	
797	0	
798	0	
799	0	
800	0	
801	0	
802	0	
803	0	
804	0	
805	0	
806	0	
807	0	
808	0	
809	0	
810	0	
811	0	
812	0	
813	0	
814	0	
815	0	
816	0	
817	0	
818	0	
819	0	
820	0	
821	0	
822	0	
823	0	
824	0	
825	0	
826	0	
827	0	
828	0	
829	0	
830	0	
831	0	
832	0	
833	0	
834	0	
835	0	
836	0	
837	0	
838	0	
839	0	
840	0	
841	0	
842	0	
843	0	
844	0	
845	0	
846	0	
847	0	
848	0	
849	2.500000e-005	
850	7.500000e-005	
851	1.500000e-004	
852	2.500000e-004	
853	3.000000e-004	
854	2.000000e-004	
855	2.000000e-004	
856	3.000000e-004	
857	3.250000e-004	
858	3.250000e-004	
859	3.250000e-004	
860	3.500000e-004	
861	3.750000e-004	
862	3.500000e-004	
863	4.250000e-004	
864	3.500000e-004	
865	2.500000e-004	
866	2.000000e-004	
867	1.250000e-004	
868	2.250000e-004	
869	3.500000e-004	
870	4.250000e-004	
871	4.000000e-004	
872	4.250000e-004	
873	4.250000e-004	
874	4.500000e-004	
875	4.250000e-004	
876	5.000000e-004	
877	3.500000e-004	
878	5.250000e-004	
879	6.000000e-004	
880	7.000000e-004	
881	6.500000e-004	
882	6.000000e-004	
883	5.000000e-004	
884	6.250000e-004	
885	6.000000e-004	
886	6.750000e-004	
887	6.250000e-004	
888	6.750000e-004	
889	8.500000e-004	
890	1.000000e-003	
891	1.075000e-003	
892	1.025000e-003	
893	1.150000e-003	
894	1.250000e-003	
895	1.375000e-003	
896	1.650000e-003	
897	1.550000e-003	
898	1.475000e-003	
899	1.425000e-003	
900	1.450000e-003	
901	1.600000e-003	
902	1.900000e-003	
903	1.675000e-003	
904	1.975000e-003	
905	1.900000e-003	
906	1.950000e-003	
907	1.950000e-003	
908	1.850000e-003	
909	1.875000e-003	
910	1.650000e-003	
911	1.750000e-003	
912	1.275000e-003	
913	1.775000e-003	
914	1.575000e-003	
915	1.475000e-003	
916	1.550000e-003	
917	1.425000e-003	
918	1.325000e-003	
919	1.300000e-003	
920	1.150000e-003	
921	9.250000e-004	
922	1.150000e-003	
923	1.325000e-003	
924	1.075000e-003	
925	8.500000e-004	
926	5.500000e-004	
927	4.000000e-004	
928	4.750000e-004	
929	2.750000e-004	
930	3.250000e-004	
931	2.250000e-004	
932	2.000000e-004	
933	1.750000e-004	
934	1.250000e-004	
935	7.500000e-005	
936	1.000000e-004	
937	7.500000e-005	
938	1.000000e-004	
939	1.250000e-004	
940	1.750000e-004	
941	1.000000e-004	
942	1.250000e-004	
943	1.250000e-004	
944	1.750000e-004	
945	5.000000e-005	
946	5.000000e-005	
947	5.000000e-005	
948	7.500000e-005	
949	7.500000e-005	
950	1.000000e-004	
951	7.500000e-005	
952	1.250000e-004	
953	1.250000e-004	
954	1.500000e-004	
955	7.500000e-005	
956	1.000000e-004	
957	2.500000e-005	
958	2.500000e-005	
959	2.500000e-005	
960	0	
961	0	
962	0	
963	0	
964	0	
965	0	
966	0	
967	0	
968	0	
969	0	
970	0	
971	0	
972	0	
973	0	
974	0	
975	0	
976	0	
977	0	
978	0	
979	0	
980	0	
981	0	
982	0	
983	0	
984	0	
985	0	
986	0	
987	0	
988	0	
989	0	
990	0	
991	0	
992	0	
993	0	
994	0	
995	0	
996	0	
997	0	
998	0	
999	0	
1000	0	
1001	0	
1002	0	
1003	0	
1004	0	
1005	0	
1006	0	
1007	0	
1008	0	
1009	0	
1010	0	
1011	0	
1012	0	
1013	0	
1014	0	
1015	0	
1016	0	
1017	0	
1018	0	
1019	0	
1020	0	
1021	0	
1022	0	
1023	0	
1024	0	
1025	0	
1026	0	
1027	0	
1028	0	
1029	0	
1030	0	
1031	0	
1032	0	
1033	0	
1034	0	
1035	0	
1036	0	
1037	0	
1038	0	
1039	0	
1040	0	
1041	0	
1042	0	
1043	0	
1044	0	
1045	0	
1046	0	
1047	0	
1048	0	
1049	0	
1050	0	
1051	0	
1052	0	
1053	0	
1054	0	
1055	0	
1056	0	
1057	0	
1058	0	
1059	0	
1060	0	
1061	0	
1062	0	
1063	0	
1064	0	
1065	0	
1066	0	
1067	0	
1068	0	
1069	0	
1070	0	
1071	0	
1072	0	
1073	0	
1074	0	
1075	0	
1076	0	
1077	0	
1078	0	
1079	0	
1080	0	
1081	0	
1082	0	
1083	0	
1084	0	
1085	0	
1086	0	
1087	0	
1088	0	
1089	0	
1090	0	
1091	0	
1092	0	
1093	0	
1094	2.500000e-005	
1095	7.500000e-005	
1096	7.500000e-005	
1097	7.500000e-005	
1098	1.500000e-004	
1099	1.250000e-004	
1100	1.500000e-004	
1101	2.000000e-004	
1102	3.250000e-004	
1103	3.250000e-004	
1104	1.250000e-004	
1105	1.250000e-004	
1106	7.500000e-005	
1107	7.500000e-005	
1108	1.000000e-004	
1109	1.250000e-004	
1110	1.000000e-004	
1111	1.000000e-004	
1112	1.250000e-004	
1113	7.500000e-005	
1114	1.000000e-004	
1115	2.500000e-005	
1116	7.500000e-005	
1117	1.500000e-004	
1118	2.000000e-004	
1119	1.500000e-004	
1120	2.250000e-004	
1121	1.250000e-004	
1122	1.250000e-004	
1123	1.500000e-004	
1124	5.000000e-005	
1125	2.500000e-005	
1126	2.500000e-005	
1127	0	
1128	0	
1129	2.500000e-005	
1130	0	
1131	0	
1132	0	
1133	0	
1134	0	
1135	0	
1136	0	
1137	0	
1138	0	
1139	0	
1140	0	
1141	0	
1142	0	
1143	0	
1144	0	
1145	0	
1146	0	
1147	0	
1148	0	
1149	0	
1150	0	
1151	0	
1152	0	
1153	0	
1154	0	
1155	0	
1156	0	
1157	0	
1158	0	
1159	0	
1160	0	
1161	0	
1162	2.500000e-005	
1163	5.000000e-005	
1164	7.500000e-005	
1165	5.000000e-005	
1166	5.000000e-005	
1167	2.500000e-005	
1168	0	
1169	0	
1170	0	
1171	0	
1172	0	
1173	0	
1174	0	
1175	0	
1176	0	
1177	0	
1178	0	
1179	0	
1180	0	
1181	0	
1182	0	
1183	0	
1184	0	
1185	0	
1186	0	
1187	0	
1188	0	
1189	0	
1190	0	
1191	0	
1192	0	
1193	0	
1194	0	
1195	0	
1196	0	
1197	0	
1198	0	
1199	0	
1200	0	
1201	0	
1202	0	
1203	0	
1204	0	
1205	0	
1206	0	
1207	0	
1208	0	
1209	0	
1210	0	
1211	0	
1212	0	
1213	0	
1214	0	
1215	0	
1216	0	
1217	0	
1218	0	
1219	0	
1220	0	
1221	0	
1222	0	
1223	0	
1224	0	
1225	0	
1226	0	
1227	0	
1228	0	
1229	0	
1230	0	
1231	0	
1232	0	
1233	0	
1234	0	
1235	0	
1236	0	
1237	0	
1238	0	
1239	0	
1240	0	
1241	0	
1242	0	
1243	0	
1244	0	
1245	0	
1246	0	
1247	0	
1248	0	
1249	0	
1250	0	
1251	0	
1252	0	
1253	0	
1254	0	
1255	0	
1256	0	
1257	0	
1258	0	
1259	0	
1260	0	
1261	0	
1262	0	
1263	0	
1264	0	
1265	0	
1266	0	
1267	0	
1268	0	
1269	0	
1270	0	
1271	0	
1272	0	
1273	0	
1274	0	
1275	0	
1276	0	
1277	0	
1278	0	
1279	0	
1280	0	
1281	0	
1282	0	
1283	0	
1284	0	
1285	0	
1286	0	
1287	0	
1288	0	
1289	0	
1290	0	
1291	0	
1292	0	
1293	0	
1294	0	
1295	0	
1296	0	
1297	0	
1298	0	
1299	0	
1300	0	
1301	0	
1302	0	
1303	0	
1304	0	
1305	0	
1306	0	
1307	0	
1308	0	
1309	0	
1310	0	
1311	0	
1312	0	
1313	0	
1314	0	
1315	0	
1316	0	
1317	0	
1318	0	
1319	0	
1320	0	
1321	0	
1322	0	
1323	2.500000e-005	
1324	2.500000e-005	
1325	0	
1326	0	
1327	0	
1328	0	
1329	0	
1330	0	
1331	0	
1332	0	
1333	0	
1334	0	
1335	5.000000e-005	
1336	5.000000e-005	
1337	5.000000e-005	
1338	5.000000e-005	
1339	1.000000e-004	
1340	1.250000e-004	
1341	2.250000e-004	
1342	1.750000e-004	
1343	2.000000e-004	
1344	2.000000e-004	
1345	1.750000e-004	
1346	1.250000e-004	
1347	2.500000e-005	
1348	7.500000e-005	
1349	5.000000e-005	
1350	7.500000e-005	
1351	7.500000e-005	
1352	1.000000e-004	
1353	1.250000e-004	
1354	2.500000e-005	
1355	2.500000e-005	
1356	0	
1357	0	
1358	0	
1359	0	
1360	0	
1361	0	
1362	0	
1363	0	
1364	0	
1365	0	
1366	0	
1367	0	
1368	0	
1369	0	
1370	0	
1371	0	
1372	0	
1373	0	
1374	0	
1375	0	
1376	0	
1377	0	
1378	0	
1379	0	
1380	0	
1381	0	
1382	0	
1383	0	
1384	0	
1385	0	
1386	0	
1387	0	
1388	0	
1389	0	
1390	0	
1391	0	
1392	0	
1393	0	
1394	0	
1395	0	
1396	0	
1397	0	
1398	0	
1399	0	
1400	0	
1401	0	
1402	0	
1403	0	
1404	0	
1405	0	
1406	0	
1407	0	
1408	0	
1409	0	
1410	0	
1411	0	
1412	0	
1413	0	
1414	0	
1415	0	
1416	0	
1417	0	
1418	0	
1419	2.500000e-005	
1420	5.000000e-005	
1421	7.500000e-005	
1422	5.000000e-005	
1423	1.000000e-004	
1424	7.500000e-005	
1425	7.500000e-005	
1426	0	
1427	0	
1428	0	
1429	0	
1430	0	
1431	0	
1432	0	
1433	0	
1434	0	
1435	0	
1436	0	
1437	0	
1438	0	
1439	0	
1440	0	
1441	0	
1442	0	
1443	0	
1444	0	
1445	0	
1446	0	
1447	0	
1448	0	
1449	0	
1450	0	
1451	0	
1452	0	
1453	0	
1454	0	
1455	0	
1456	0	
1457	0	
1458	0	
1459	0	
1460	0	
1461	0	
1462	0	
1463	0	
1464	0	
1465	0	
1466	0	
1467	0	
1468	0	
1469	0	
1470	0	
1471	2.500000e-005	
1472	2.500000e-005	
1473	2.500000e-005	
1474	2.500000e-005	
1475	2.500000e-005	
1476	7.500000e-005	
1477	1.750000e-004	
1478	1.250000e-004	
1479	7.500000e-005	
1480	7.500000e-005	
1481	1.000000e-004	
1482	2.000000e-004	
1483	1.750000e-004	
1484	1.000000e-004	
1485	1.500000e-004	
1486	1.500000e-004	
1487	2.250000e-004	
1488	4.000000e-004	
1489	5.250000e-004	
1490	6.500000e-004	
1491	5.000000e-004	
1492	4.250000e-004	
1493	5.250000e-004	
1494	4.500000e-004	
1495	3.500000e-004	
1496	3.000000e-004	
1497	3.500000e-004	
1498	5.000000e-004	
1499	4.250000e-004	
1500	5.250000e-004	
1501	7.000000e-004	
1502	7.000000e-004	
1503	8.750000e-004	
1504	1.100000e-003	
1505	9.500000e-004	
1506	1.025000e-003	
1507	1.025000e-003	
1508	9.750000e-004	
1509	1.000000e-003	
1510	8.250000e-004	
1511	8.750000e-004	
1512	7.750000e-004	
1513	8.250000e-004	
1514	9.500000e-004	
1515	8.250000e-004	
1516	1.025000e-003	
1517	8.000000e-004	
1518	7.750000e-004	
1519	7.000000e-004	
1520	7.250000e-004	
1521	6.500000e-004	
1522	4.750000e-004	
1523	4.250000e-004	
1524	5.250000e-004	
1525	4.500000e-004	
1526	5.250000e-004	
1527	3.000000e-004	
1528	4.000000e-004	
1529	2.750000e-004	
1530	2.000000e-004	
1531	4.750000e-004	
1532	5.000000e-004	
1533	4.500000e-004	
1534	5.250000e-004	
1535	5.500000e-004	
1536	4.500000e-004	
1537	6.750000e-004	
1538	6.250000e-004	
1539	6.500000e-004	
1540	6.750000e-004	
1541	7.750000e-004	
1542	8.250000e-004	
1543	8.250000e-004	
1544	9.500000e-004	
1545	8.250000e-004	
1546	8.750000e-004	
1547	8.500000e-004	
1548	7.750000e-004	
1549	7.750000e-004	
1550	7.000000e-004	
1551	6.500000e-004	
1552	4.000000e-004	
1553	3.500000e-004	
1554	3.000000e-004	
1555	2.500000e-004	
1556	3.000000e-004	
1557	3.250000e-004	
1558	5.000000e-004	
1559	5.500000e-004	
1560	5.500000e-004	
1561	3.750000e-004	
1562	5.000000e-004	
1563	4.750000e-004	
1564	6.000000e-004	
1565	6.000000e-004	
1566	7.750000e-004	
1567	6.000000e-004	
1568	4.250000e-004	
1569	3.000000e-004	
1570	2.500000e-004	
1571	1.500000e-004	
1572	1.500000e-004	
1573	7.500000e-005	
1574	1.000000e-004	
1575	1.750000e-004	
1576	1.500000e-004	
1577	1.500000e-004	
1578	1.750000e-004	
1579	1.500000e-004	
1580	2.250000e-004	
1581	2.000000e-004	
1582	1.500000e-004	
1583	1.250000e-004	
1584	1.500000e-004	
1585	1.500000e-004	
1586	1.000000e-004	
1587	1.000000e-004	
1588	1.250000e-004	
1589	5.000000e-005	
1590	7.500000e-005	
1591	5.000000e-005	
1592	7.500000e-005	
1593	1.000000e-004	
1594	1.000000e-004	
1595	2.500000e-005	
1596	5.000000e-005	
1597	2.500000e-005	
1598	2.500000e-005	
1599	2.500000e-005	
1600	2.500000e-005	
1601	0	
1602	0	
1603	2.500000e-005	
1604	2.500000e-005	
1605	2.500000e-005	
1606	5.000000e-005	
1607	1.000000e-004	
1608	1.000000e-004	
1609	1.750000e-004	
1610	1.250000e-004	
1611	2.000000e-004	
1612	2.250000e-004	
1613	2.750000e-004	
1614	2.250000e-004	
1615	2.250000e-004	
1616	2.250000e-004	
1617	2.500000e-004	
1618	2.000000e-004	
1619	2.250000e-004	
1620	3.000000e-004	
1621	3.750000e-004	
1622	3.250000e-004	
1623	2.750000e-004	
1624	2.500000e-004	
1625	4.000000e-004	
1626	4.500000e-004	
1627	4.250000e-004	
1628	3.500000e-004	
1629	3.000000e-004	
1630	4.000000e-004	
1631	4.000000e-004	
1632	2.500000e-004	
1633	3.500000e-004	
1634	3.500000e-004	
1635	4.500000e-004	
1636	4.000000e-004	
1637	5.250000e-004	
1638	4.000000e-004	
1639	3.500000e-004	
1640	3.500000e-004	
1641	3.750000e-004	
1642	5.250000e-004	
1643	4.750000e-004	
1644	4.500000e-004	
1645	4.000000e-004	
1646	5.750000e-004	
1647	4.750000e-004	
1648	4.750000e-004	
1649	4.500000e-004	
1650	5.250000e-004	
1651	7.000000e-004	
1652	6.500000e-004	
1653	6.250000e-004	
1654	6.500000e-004	
1655	7.250000e-004	
1656	6.750000e-004	
1657	6.500000e-004	
1658	8.250000e-004	
1659	7.750000e-004	
1660	7.000000e-004	
1661	6.000000e-004	
1662	7.000000e-004	
1663	8.000000e-004	
1664	9.250000e-004	
1665	9.250000e-004	
1666	8.000000e-004	
1667	9.250000e-004	
1668	8.500000e-004	
1669	7.250000e-004	
1670	8.250000e-004	
1671	6.750000e-004	
1672	5.000000e-004	
1673	6.250000e-004	
1674	7.500000e-004	
1675	6.250000e-004	
1676	6.500000e-004	
1677	5.000000e-004	
1678	5.750000e-004	
1679	5.750000e-004	
1680	6.250000e-004	
1681	7.000000e-004	
1682	6.750000e-004	
1683	9.000000e-004	
1684	8.000000e-004	
1685	8.250000e-004	
1686	9.250000e-004	
1687	7.000000e-004	
1688	7.750000e-004	
1689	9.000000e-004	
1690	7.750000e-004	
1691	8.750000e-004	
1692	8.500000e-004	
1693	8.750000e-004	
1694	7.500000e-004	
1695	9.000000e-004	
1696	1.000000e-003	
1697	9.500000e-004	
1698	9.250000e-004	
1699	9.250000e-004	
1700	7.250000e-004	
1701	6.750000e-004	
1702	7.500000e-004	
1703	6.500000e-004	
1704	7.250000e-004	
1705	7.500000e-004	
1706	1.000000e-003	
1707	1.275000e-003	
1708	1.400000e-003	
1709	1.250000e-003	
1710	1.150000e-003	
1711	8.750000e-004	
1712	1.000000e-003	
1713	1.225000e-003	
1714	1.300000e-003	
1715	1.100000e-003	
1716	1.225000e-003	
1717	1.325000e-003	
1718	1.275000e-003	
1719	1.100000e-003	
1720	1.200000e-003	
1721	1.450000e-003	
1722	1.800000e-003	
1723	1.475000e-003	
1724	1.075000e-003	
1725	1.200000e-003	
1726	1.175000e-003	
1727	1.050000e-003	
1728	1.075000e-003	
1729	9.250000e-004	
1730	8.000000e-004	
1731	8.750000e-004	
1732	1.075000e-003	
1733	9.000000e-004	
1734	1.025000e-003	
1735	9.750000e-004	
1736	1.050000e-003	
1737	9.750000e-004	
1738	9.500000e-004	
1739	4.750000e-004	
1740	5.000000e-004	
1741	3.500000e-004	
1742	3.750000e-004	
1743	4.000000e-004	
1744	3.250000e-004	
1745	4.250000e-004	
1746	4.250000e-004	
1747	3.750000e-004	
1748	2.750000e-004	
1749	3.000000e-004	
1750	4.500000e-004	
1751	5.000000e-004	
1752	6.500000e-004	
1753	7.500000e-004	
1754	8.000000e-004	
1755	6.000000e-004	
1756	6.750000e-004	
1757	6.000000e-004	
1758	6.000000e-004	
1759	5.750000e-004	
1760	4.750000e-004	
1761	4.750000e-004	
1762	4.250000e-004	
1763	4.500000e-004	
1764	5.000000e-004	
1765	6.000000e-004	
1766	7.500000e-004	
1767	1.050000e-003	
1768	8.000000e-004	
1769	8.750000e-004	
1770	1.025000e-003	
1771	9.750000e-004	
1772	1.125000e-003	
1773	1.125000e-003	
1774	1.125000e-003	
1775	1.225000e-003	
1776	1.325000e-003	
1777	1.300000e-003	
1778	1.250000e-003	
1779	1.075000e-003	
1780	9.500000e-004	
1781	8.250000e-004	
1782	6.500000e-004	
1783	9.250000e-004	
1784	1.050000e-003	
1785	1.000000e-003	
1786	1.225000e-003	
1787	1.125000e-003	
1788	1.200000e-003	
1789	1.375000e-003	
1790	1.125000e-003	
1791	1.300000e-003	
1792	1.075000e-003	
1793	9.750000e-004	
1794	8.750000e-004	
1795	1.025000e-003	
1796	9.500000e-004	
1797	8.750000e-004	
1798	9.000000e-004	
1799	8.500000e-004	
1800	7.500000e-004	
1801	4.750000e-004	
1802	6.000000e-004	
1803	5.750000e-004	
1804	7.750000e-004	
1805	8.250000e-004	
1806	7.250000e-004	
1807	9.000000e-004	
1808	7.500000e-004	
1809	7.000000e-004	
1810	7.250000e-004	
1811	6.250000e-004	
1812	8.000000e-004	
1813	7.750000e-004	
1814	6.250000e-004	
1815	6.500000e-004	
1816	7.750000e-004	
1817	7.000000e-004	
1818	6.250000e-004	
1819	5.000000e-004	
1820	5.750000e-004	
1821	6.000000e-004	
1822	4.250000e-004	
1823	4.500000e-004	
1824	3.000000e-004	
1825	3.500000e-004	
1826	3.000000e-004	
1827	2.000000e-004	
1828	2.000000e-004	
1829	1.500000e-004	
1830	1.250000e-004	
1831	2.000000e-004	
1832	1.000000e-004	
1833	7.500000e-005	
1834	5.000000e-005	
1835	2.500000e-005	
1836	0	
1837	0	
1838	0	
1839	0	
1840	0	
1841	0	
1842	0	
1843	0	
1844	0	
1845	0	
1846	0	
1847	2.500000e-005	
1848	7.500000e-005	
1849	5.000000e-005	
1850	7.500000e-005	
1851	1.250000e-004	
1852	1.000000e-004	
1853	1.250000e-004	
1854	1.500000e-004	
1855	2.250000e-004	
1856	2.250000e-004	
1857	1.750000e-004	
1858	1.000000e-004	
1859	5.000000e-005	
1860	5.000000e-005	
1861	1.000000e-004	
1862	7.500000e-005	
1863	7.500000e-005	
1864	1.250000e-004	
1865	2.500000e-004	
1866	2.500000e-004	
1867	1.000000e-004	
1868	5.000000e-005	
1869	2.500000e-005	
1870	2.500000e-005	
1871	5.000000e-005	
1872	2.500000e-005	
1873	5.000000e-005	
1874	0	
1875	0	
1876	0	
1877	0	
1878	0	
1879	0	
1880	0	
1881	0	
1882	0	
1883	0	
1884	0	
1885	0	
1886	0	
1887	0	
1888	0	
1889	0	
1890	0	
1891	0	
1892	0	
1893	0	
1894	0	
1895	0	
1896	0	
1897	0	
1898	0	
1899	0	
1900	0	
1901	0	
1902	0	
1903	0	
1904	0	
1905	0	
1906	0	
1907	0	
1908	0	
1909	0	
1910	0	
1911	0	
1912	0	
1913	0	
1914	0	
1915	0	
1916	0	
1917	0	
1918	0	
1919	0	
1920	0	
1921	0	
1922	0	
1923	0	
1924	0	
1925	0	
1926	0	
1927	0	
1928	0	
1929	0	
1930	0	
1931	0	
1932	0	
1933	0	
1934	0	
1935	0	
1936	0	
1937	0	
1938	0	
1939	0	
1940	0	
1941	0	
1942	0	
1943	0	
1944	0	
1945	0	
1946	0	
1947	2.500000e-005	
1948	2.500000e-005	
1949	5.000000e-005	
1950	5.000000e-005	
1951	1.250000e-004	
1952	2.000000e-004	
1953	1.750000e-004	
1954	1.750000e-004	
1955	3.250000e-004	
1956	3.750000e-004	
1957	4.750000e-004	
1958	5.500000e-004	
1959	7.000000e-004	
1960	8.250000e-004	
1961	9.500000e-004	
1962	7.250000e-004	
1963	9.250000e-004	
1964	9.250000e-004	
1965	7.500000e-004	
1966	8.500000e-004	
1967	1.000000e-003	
1968	5.750000e-004	
1969	6.000000e-004	
1970	6.250000e-004	
1971	7.500000e-004	
1972	8.250000e-004	
1973	6.500000e-004	
1974	4.000000e-004	
1975	5.250000e-004	
1976	4.250000e-004	
1977	5.500000e-004	
1978	4.250000e-004	
1979	2.500000e-004	
1980	3.000000e-004	
1981	4.250000e-004	
1982	6.500000e-004	
1983	7.500000e-004	
1984	9.000000e-004	
1985	8.500000e-004	
1986	9.000000e-004	
1987	9.250000e-004	
1988	9.000000e-004	
1989	7.500000e-004	
1990	9.000000e-004	
1991	9.750000e-004	
1992	1.100000e-003	
1993	8.750000e-004	
1994	1.050000e-003	
1995	1.275000e-003	
1996	1.025000e-003	
1997	8.250000e-004	
1998	8.250000e-004	
1999	8.000000e-004	
2000	1.050000e-003	
2001	1.100000e-003	
2002	1.150000e-003	
2003	1.100000e-003	
2004	1.175000e-003	
2005	1.100000e-003	
2006	1.075000e-003	
2007	1.225000e-003	
2008	1.175000e-003	
2009	1.625000e-003	
2010	1.725000e-003	
2011	1.975000e-003	
2012	1.700000e-003	
2013	1.300000e-003	
2014	1.325000e-003	
2015	1.550000e-003	
2016	1.625000e-003	
2017	1.625000e-003	
2018	1.850000e-003	
2019	1.600000e-003	
2020	1.850000e-003	
2021	1.650000e-003	
2022	1.900000e-003	
2023	1.925000e-003	
2024	1.950000e-003	
2025	1.875000e-003	
2026	1.875000e-003	
2027	1.850000e-003	
2028	1.725000e-003	
2029	1.425000e-003	
2030	1.525000e-003	
2031	1.550000e-003	
2032	1.925000e-003	
2033	1.750000e-003	
2034	2.050000e-003	
2035	2.200000e-003	
2036	2.175000e-003	
2037	2.075000e-003	
2038	2.500000e-003	
2039	2.450000e-003	
2040	2.300000e-003	
2041	2.550000e-003	
2042	2.225000e-003	
2043	2.025000e-003	
2044	2.150000e-003	
2045	1.900000e-003	
2046	2.150000e-003	
2047	2.325000e-003	
2048	2.375000e-003	
2049	2.675000e-003	
2050	2.700000e-003	
2051	2.925000e-003	
2052	3.000000e-003	
2053	3.025000e-003	
2054	3.350000e-003	
2055	3.600000e-003	
2056	3.400000e-003	
2057	3.375000e-003	
2058	3.650000e-003	
2059	3.300000e-003	
2060	3.675000e-003	
2061	3.650000e-003	
2062	3.850000e-003	
2063	3.950000e-003	
2064	3.850000e-003	
2065	3.925000e-003	
2066	4.350000e-003	
2067	4.450000e-003	
2068	4.375000e-003	
2069	4.475000e-003	
2070	4.300000e-003	
2071	4.450000e-003	
2072	4.475000e-003	
2073	4.775000e-003	
2074	4.650000e-003	
2075	5.300000e-003	
2076	4.400000e-003	
2077	3.850000e-003	
2078	4.325000e-003	
2079	4.250000e-003	
2080	3.975000e-003	
2081	3.975000e-003	
2082	3.725000e-003	
2083	4.225000e-003	
2084	4.200000e-003	
2085	4.000000e-003	
2086	4.050000e-003	
2087	4.000000e-003	
2088	3.625000e-003	
2089	4.225000e-003	
2090	4.225000e-003	
2091	4.350000e-003	
2092	4.375000e-003	
2093	4.375000e-003	
2094	4.150000e-003	
2095	4.200000e-003	
2096	3.825000e-003	
2097	4.175000e-003	
2098	4.075000e-003	
2099	3.575000e-003	
2100	3.350000e-003	
2101	3.350000e-003	
2102	3.775000e-003	
2103	3.950000e-003	
2104	3.600000e-003	
2105	3.300000e-003	
2106	2.975000e-003	
2107	2.800000e-003	
2108	2.700000e-003	
2109	2.675000e-003	
2110	2.900000e-003	
2111	2.525000e-003	
2112	2.050000e-003	
2113	1.525000e-003	
2114	1.525000e-003	
2115	1.700000e-003	
2116	1.725000e-003	
2117	2.025000e-003	
2118	2.375000e-003	
2119	2.375000e-003	
2120	1.975000e-003	
2121	1.525000e-003	
2122	1.500000e-003	
2123	1.175000e-003	
2124	9.750000e-004	
2125	8.000000e-004	
2126	9.500000e-004	
2127	8.500000e-004	
2128	8.250000e-004	
2129	6.250000e-004	
2130	7.250000e-004	
2131	5.500000e-004	
2132	6.000000e-004	
2133	6.000000e-004	
2134	7.500000e-004	
2135	7.250000e-004	
2136	5.000000e-004	
2137	3.750000e-004	
2138	3.500000e-004	
2139	3.250000e-004	
2140	3.250000e-004	
2141	2.750000e-004	
2142	2.000000e-004	
2143	2.250000e-004	
2144	1.750000e-004	
2145	1.500000e-004	
2146	1.500000e-004	
2147	2.000000e-004	
2148	2.000000e-004	
2149	1.500000e-004	
2150	1.750000e-004	
2151	1.500000e-004	
2152	1.000000e-004	
2153	1.250000e-004	
2154	7.500000e-005	
2155	7.500000e-005	
2156	1.000000e-004	
2157	1.750000e-004	
2158	1.500000e-004	
2159	2.750000e-004	
2160	2.500000e-004	
2161	2.250000e-004	
2162	3.000000e-004	
2163	1.250000e-004	
2164	1.500000e-004	
2165	1.250000e-004	
2166	5.000000e-005	
2167	2.500000e-005	
2168	2.500000e-005	
2169	0	
2170	0	
2171	0	
2172	0	
2173	0	
2174	0	
2175	0	
2176	0	
2177	0	
2178	0	
2179	0	
2180	0	
2181	0	
2182	0	
2183	0	
2184	0	
2185	0	
2186	0	
2187	0	
2188	0	
2189	0	
2190	0	
2191	0	
2192	0	
2193	0	
2194	0	
2195	0	
2196	0	
2197	0	
2198	0	
2199	0	
2200	0	
2201	0	
2202	0	
2203	0	
2204	0	
2205	0	
2206	0	
2207	0	
2208	0	
2209	0	
2210	0	
2211	0	
2212	0	
2213	0	
2214	0	
2215	0	
2216	0	
2217	0	
2218	0	
2219	0	
2220	0	
2221	0	
2222	2.500000e-005	
2223	0	
2224	0	
2225	0	
2226	0	
2227	0	
2228	0	
2229	0	
2230	0	
2231	0	
2232	0	
2233	0	
2234	0	
2235	0	
2236	0	
2237	0	
2238	0	
2239	0	
2240	0	
2241	0	
2242	0	
2243	0	
2244	0	
2245	0	
2246	0	
2247	0	
2248	0	
2249	0	
2250	0	
2251	0	
2252	0	
2253	0	
2254	0	
2255	0	
2256	0	
2257	0	
2258	0	
2259	0	
2260	0	
2261	0	
2262	0	
2263	0	
2264	0	
2265	0	
2266	0	
2267	0	
2268	0	
2269	0	
2270	0	
2271	0	
2272	0	
2273	0	
2274	0	
2275	0	
2276	0	
2277	0	
2278	0	
2279	0	
2280	0	
2281	0	
2282	0	
2283	0	
2284	0	
2285	0	
2286	0	
2287	0	
2288	0	
2289	0	
2290	0	
2291	0	
2292	0	
2293	0	
2294	0	
2295	0	
2296	0	
2297	0	
2298	0	
2299	0	
2300	0	
2301	0	
2302	0	
2303	0	
2304	0	
2305	0	
2306	0	
2307	0	
2308	0	
2309	0	
2310	2.500000e-005	
2311	1.000000e-004	
2312	1.750000e-004	
2313	1.750000e-004	
2314	1.750000e-004	
2315	1.000000e-004	
2316	2.000000e-004	
2317	1.000000e-004	
2318	7.500000e-005	
2319	7.500000e-005	
2320	5.000000e-005	
2321	2.500000e-005	
2322	0	
2323	0	
2324	0	
2325	0	
2326	0	
2327	0	
2328	0	
2329	0	
2330	0	
2331	0	
2332	0	
2333	0	
2334	0	
2335	0	
2336	0	
2337	0	
2338	0	
2339	0	
2340	0	
2341	0	
2342	0	
2343	0	
2344	2.500000e-005	
2345	0	
2346	0	
2347	0	
2348	0	
2349	0	
2350	0	
2351	0	
2352	0	
2353	0	
2354	0	
2355	0	
2356	0	
2357	0	
2358	0	
2359	0	
2360	0	
2361	0	
2362	0	
2363	0	
2364	0	
2365	0	
2366	0	
2367	0	
2368	0	
2369	0	
2370	0	
2371	0	
2372	0	
2373	0	
2374	2.500000e-005	
2375	5.000000e-005	
2376	2.500000e-005	
2377	2.500000e-005	
2378	0	
2379	0	
2380	0	
2381	0	
2382	0	
2383	0	
2384	0	
2385	0	
2386	0	
2387	0	
2388	2.500000e-005	
2389	2.500000e-005	
2390	5.000000e-005	
2391	0	
2392	0	
2393	0	
2394	0	
2395	0	
2396	0	
2397	0	
2398	0	
2399	0	
2400	0	
2401	0	
2402	0	
2403	0	
2404	0	
2405	0	
2406	0	
2407	0	
2408	0	
2409	0	
2410	0	
2411	0	
2412	0	
2413	0	
2414	0	
2415	0	
2416	0	
2417	0	
2418	0	
2419	0	
2420	0	
2421	0	
2422	0	
2423	0	
2424	0	
2425	0	
2426	0	
2427	0	
2428	0	
2429	0	
2430	0	
2431	0	
2432	0	
2433	0	
2434	0	
2435	0	
2436	0	
2437	0	
2438	0	
2439	0	
2440	0	
2441	0	
2442	0	
2443	0	
2444	0	
2445	0	
2446	0	
2447	0	
2448	0	
2449	0	
2450	0	
2451	0	
2452	0	
2453	0	
2454	0	
2455	0	
2456	0	
2457	0	
2458	0	
2459	0	
2460	0	
2461	0	
2462	0	
2463	0	
2464	0	
2465	0	
2466	0	
2467	0	
2468	0	
2469	0	
2470	0	
2471	0	
2472	0	
2473	0	
2474	0	
2475	0	
2476	0	
2477	0	
2478	0	
2479	0	
2480	0	
2481	2.500000e-005	
2482	1.000000e-004	
2483	7.500000e-005	
2484	5.000000e-005	
2485	1.500000e-004	
2486	2.250000e-004	
2487	3.250000e-004	
2488	2.250000e-004	
2489	2.500000e-004	
2490	2.000000e-004	
2491	1.500000e-004	
2492	1.000000e-004	
2493	1.250000e-004	
2494	1.500000e-004	
2495	1.750000e-004	
2496	1.750000e-004	
2497	1.250000e-004	
2498	1.000000e-004	
2499	1.500000e-004	
2500	1.000000e-004	
2501	1.500000e-004	
2502	1.500000e-004	
2503	1.250000e-004	
2504	2.500000e-004	
2505	2.500000e-004	
2506	3.750000e-004	
2507	2.500000e-004	
2508	2.500000e-004	
2509	2.000000e-004	
2510	2.000000e-004	
2511	1.750000e-004	
2512	2.500000e-004	
2513	2.000000e-004	
2514	2.750000e-004	
2515	4.250000e-004	
2516	3.750000e-004	
2517	4.750000e-004	
2518	3.000000e-004	
2519	3.750000e-004	
2520	2.250000e-004	
2521	2.750000e-004	
2522	3.500000e-004	
2523	4.500000e-004	
2524	5.250000e-004	
2525	4.250000e-004	
2526	3.750000e-004	
2527	3.500000e-004	
2528	3.500000e-004	
2529	2.500000e-004	
2530	4.250000e-004	
2531	5.750000e-004	
2532	4.000000e-004	
2533	3.500000e-004	
2534	2.000000e-004	
2535	1.500000e-004	
2536	1.250000e-004	
2537	1.000000e-004	
2538	1.250000e-004	
2539	2.000000e-004	
2540	2.250000e-004	
2541	2.250000e-004	
2542	2.500000e-004	
2543	1.500000e-004	
2544	1.000000e-004	
2545	1.250000e-004	
2546	2.000000e-004	
2547	1.750000e-004	
2548	7.500000e-005	
2549	2.500000e-005	
2550	0	
2551	2.500000e-005	
2552	5.000000e-005	
2553	7.500000e-005	
2554	2.500000e-005	
2555	0	
2556	0	
2557	0	
2558	0	
2559	0	
2560	0	
2561	0	
2562	0	
2563	0	
2564	0	
2565	0	
2566	0	
2567	0	
2568	0	
2569	0	
2570	0	
2571	0	
2572	0	
2573	0	
2574	0	
2575	0	
2576	0	
2577	0	
2578	0	
2579	0	
2580	0	
2581	0	
2582	0	
2583	0	
2584	0	
2585	0	
2586	0	
2587	0	
2588	0	
2589	0	
2590	0	
2591	0	
2592	0	
2593	0	
2594	0	
2595	0	
2596	0	
2597	0	
2598	0	
2599	0	
2600	0	
2601	0	
2602	0	
2603	0	
2604	0	
2605	0	
2606	0	
2607	0	
2608	0	
2609	0	
2610	0	
2611	0	
2612	0	
2613	0	
2614	0	
2615	0	
2616	0	
2617	2.500000e-005	
2618	2.500000e-005	
2619	1.250000e-004	
2620	1.250000e-004	
2621	1.500000e-004	
2622	1.500000e-004	
2623	5.000000e-005	
2624	1.250000e-004	
2625	5.000000e-005	
2626	0	
2627	0	
2628	0	
2629	0	
2630	0	
2631	0	
2632	0	
2633	0	
2634	0	
2635	0	
2636	0	
2637	0	
2638	0	
2639	0	
2640	0	
2641	0	
2642	0	
2643	0	
2644	0	
2645	0	
2646	0	
2647	0	
2648	0	
2649	0	
2650	0	
2651	0	
2652	0	
2653	2.500000e-005	
2654	2.500000e-005	
2655	7.500000e-005	
2656	0	
2657	0	
2658	0	
2659	0	
2660	0	
2661	0	
2662	0	
2663	0	
2664	0	
2665	0	
2666	0	
2667	0	
2668	0	
2669	0	
2670	0	
2671	0	
2672	0	
2673	0	
2674	0	
2675	0	
2676	0	
2677	0	
2678	0	
2679	0	
2680	0	
2681	0	
2682	0	
2683	0	
2684	0	
2685	0	
2686	0	
2687	0	
2688	0	
2689	0	
2690	0	
2691	0	
2692	0	
2693	0	
2694	0	
2695	0	
2696	0	
2697	0	
2698	0	
2699	0	
2700	0	
2701	0	
2702	0	
2703	0	
2704	0	
2705	0	
2706	0	
2707	0	
2708	0	
2709	0	
2710	0	
2711	0	
2712	0	
2713	0	
2714	0	
2715	0	
2716	0	
2717	0	
2718	0	
2719	0	
2720	0	
2721	0	
2722	0	
2723	0	
2724	0	
2725	0	
2726	0	
2727	0	
2728	0	
2729	0	
2730	0	
2731	0	
2732	2.500000e-005	
2733	0	
2734	0	
2735	0	
2736	0	
2737	0	
2738	0	
2739	0	
2740	0	
2741	0	
2742	0	
2743	0	
2744	0	
2745	0	
2746	0	
2747	0	
2748	0	
2749	0	
2750	0	
2751	0	
2752	2.500000e-005	
2753	5.000000e-005	
2754	2.500000e-005	
2755	7.500000e-005	
2756	5.000000e-005	
2757	1.250000e-004	
2758	1.500000e-004	
2759	1.750000e-004	
2760	5.000000e-005	
2761	5.000000e-005	
2762	2.500000e-005	
2763	2.500000e-005	
2764	2.500000e-005	
2765	2.500000e-005	
2766	0	
2767	0	
2768	0	
2769	0	
2770	0	
2771	0	
2772	0	
2773	0	
2774	0	
2775	0	
2776	0	
2777	0	
2778	0	
2779	0	
2780	0	
2781	0	
2782	0	
2783	0	
2784	0	
2785	0	
2786	0	
2787	0	
2788	0	
2789	0	
2790	0	
2791	2.500000e-005	
2792	7.500000e-005	
2793	2.500000e-005	
2794	0	
2795	0	
2796	0	
2797	0	
2798	0	
2799	0	
2800	0	
2801	0	
2802	0	
2803	0	
2804	0	
2805	0	
2806	0	
2807	0	
2808	0	
2809	0	
2810	0	
2811	0	
2812	0	
2813	0	
2814	0	
2815	0	
2816	0	
2817	0	
2818	0	
2819	2.500000e-005	
2820	7.500000e-005	
2821	1.250000e-004	
2822	1.500000e-004	
2823	1.500000e-004	
2824	2.000000e-004	
2825	2.000000e-004	
2826	1.500000e-004	
2827	2.250000e-004	
2828	1.750000e-004	
2829	1.250000e-004	
2830	1.750000e-004	
2831	1.250000e-004	
2832	2.000000e-004	
2833	2.000000e-004	
2834	3.250000e-004	
2835	2.500000e-004	
2836	2.250000e-004	
2837	1.750000e-004	
2838	2.750000e-004	
2839	2.000000e-004	
2840	3.000000e-004	
2841	5.000000e-004	
2842	5.750000e-004	
2843	6.250000e-004	
2844	6.500000e-004	
2845	7.500000e-004	
2846	5.250000e-004	
2847	4.500000e-004	
2848	4.500000e-004	
2849	5.000000e-004	
2850	5.750000e-004	
2851	5.500000e-004	
2852	6.250000e-004	
2853	7.750000e-004	
2854	8.000000e-004	
2855	9.500000e-004	
2856	9.250000e-004	
2857	8.500000e-004	
2858	8.250000e-004	
2859	9.750000e-004	
2860	1.100000e-003	
2861	1.125000e-003	
2862	1.200000e-003	
2863	1.300000e-003	
2864	1.225000e-003	
2865	9.500000e-004	
2866	9.250000e-004	
2867	1.050000e-003	
2868	8.750000e-004	
2869	9.750000e-004	
2870	9.250000e-004	
2871	1.050000e-003	
2872	1.050000e-003	
2873	1.225000e-003	
2874	1.125000e-003	
2875	7.750000e-004	
2876	7.250000e-004	
2877	5.500000e-004	
2878	7.000000e-004	
2879	6.250000e-004	
2880	9.250000e-004	
2881	8.750000e-004	
2882	6.250000e-004	
2883	3.500000e-004	
2884	2.000000e-004	
2885	1.750000e-004	
2886	3.250000e-004	
2887	3.750000e-004	
2888	5.250000e-004	
2889	6.250000e-004	
2890	5.750000e-004	
2891	6.000000e-004	
2892	6.250000e-004	
2893	5.250000e-004	
2894	6.000000e-004	
2895	6.750000e-004	
2896	7.500000e-004	
2897	6.250000e-004	
2898	8.500000e-004	
2899	6.500000e-004	
2900	6.750000e-004	
2901	5.500000e-004	
2902	7.250000e-004	
2903	6.750000e-004	
2904	6.750000e-004	
2905	6.750000e-004	
2906	7.000000e-004	
2907	7.750000e-004	
2908	8.750000e-004	
2909	8.500000e-004	
2910	8.750000e-004	
2911	7.000000e-004	
2912	8.750000e-004	
2913	8.000000e-004	
2914	7.000000e-004	
2915	6.750000e-004	
2916	4.250000e-004	
2917	3.750000e-004	
2918	3.500000e-004	
2919	4.500000e-004	
2920	5.750000e-004	
2921	5.000000e-004	
2922	5.750000e-004	
2923	6.750000e-004	
2924	5.250000e-004	
2925	5.500000e-004	
2926	4.250000e-004	
2927	8.250000e-004	
2928	7.500000e-004	
2929	6.750000e-004	
2930	6.250000e-004	
2931	7.000000e-004	
2932	7.000000e-004	
2933	6.500000e-004	
2934	5.250000e-004	
2935	5.500000e-004	
2936	9.250000e-004	
2937	9.750000e-004	
2938	9.250000e-004	
2939	8.500000e-004	
2940	1.025000e-003	
2941	1.175000e-003	
2942	1.350000e-003	
2943	1.375000e-003	
2944	1.400000e-003	
2945	1.075000e-003	
2946	1.275000e-003	
2947	1.175000e-003	
2948	1.000000e-003	
2949	1.050000e-003	
2950	1.025000e-003	
2951	1.275000e-003	
2952	1.475000e-003	
2953	1.225000e-003	
2954	1.200000e-003	
2955	1.250000e-003	
2956	1.350000e-003	
2957	1.150000e-003	
2958	8.500000e-004	
2959	1.225000e-003	
2960	1.275000e-003	
2961	1.100000e-003	
2962	1.125000e-003	
2963	1.300000e-003	
2964	1.550000e-003	
2965	1.600000e-003	
2966	1.425000e-003	
2967	1.350000e-003	
2968	1.275000e-003	
2969	1.300000e-003	
2970	1.500000e-003	
2971	1.325000e-003	
2972	1.175000e-003	
2973	9.500000e-004	
2974	1.175000e-003	
2975	1.175000e-003	
2976	1.125000e-003	
2977	1.125000e-003	
2978	1.250000e-003	
2979	1.300000e-003	
2980	1.050000e-003	
2981	1.500000e-003	
2982	1.475000e-003	
2983	1.625000e-003	
2984	1.525000e-003	
2985	1.425000e-003	
2986	1.300000e-003	
2987	1.625000e-003	
2988	1.500000e-003	
2989	1.325000e-003	
2990	1.075000e-003	
2991	1.125000e-003	
2992	1.075000e-003	
2993	1.325000e-003	
2994	1.200000e-003	
2995	1.175000e-003	
2996	1.025000e-003	
2997	7.500000e-004	
2998	6.000000e-004	
2999	6.250000e-004	
3000	6.500000e-004	
3001	6.250000e-004	
