1	0	
2	0	
3	0	
4	0	
5	0	
6	0	
7	0	
8	0	
9	0	
10	0	
11	0	
12	0	
13	0	
14	0	
15	0	
16	0	
17	0	
18	0	
19	0	
20	0	
21	0	
22	0	
23	0	
24	0	
25	0	
26	0	
27	0	
28	0	
29	0	
30	0	
31	0	
32	0	
33	0	
34	0	
35	0	
36	2.500000e-005	
37	2.500000e-005	
38	0	
39	0	
40	0	
41	0	
42	0	
43	0	
44	0	
45	0	
46	0	
47	0	
48	0	
49	0	
50	0	
51	0	
52	0	
53	0	
54	0	
55	0	
56	0	
57	0	
58	0	
59	0	
60	0	
61	0	
62	0	
63	0	
64	0	
65	0	
66	0	
67	0	
68	0	
69	0	
70	0	
71	0	
72	0	
73	0	
74	0	
75	0	
76	0	
77	0	
78	0	
79	0	
80	0	
81	0	
82	0	
83	0	
84	0	
85	0	
86	0	
87	0	
88	0	
89	0	
90	0	
91	0	
92	0	
93	0	
94	0	
95	0	
96	2.500000e-005	
97	5.000000e-005	
98	0	
99	0	
100	0	
101	0	
102	0	
103	0	
104	0	
105	0	
106	0	
107	0	
108	0	
109	0	
110	0	
111	0	
112	0	
113	0	
114	0	
115	0	
116	0	
117	0	
118	0	
119	0	
120	0	
121	0	
122	0	
123	0	
124	0	
125	0	
126	0	
127	0	
128	0	
129	0	
130	0	
131	0	
132	0	
133	0	
134	0	
135	0	
136	0	
137	0	
138	0	
139	0	
140	0	
141	0	
142	0	
143	0	
144	0	
145	0	
146	0	
147	0	
148	0	
149	0	
150	0	
151	0	
152	0	
153	0	
154	0	
155	0	
156	0	
157	0	
158	0	
159	0	
160	0	
161	2.500000e-005	
162	5.000000e-005	
163	5.000000e-005	
164	2.500000e-005	
165	0	
166	0	
167	0	
168	0	
169	0	
170	0	
171	0	
172	0	
173	0	
174	0	
175	0	
176	0	
177	2.500000e-005	
178	2.500000e-005	
179	2.500000e-005	
180	2.500000e-005	
181	0	
182	0	
183	0	
184	0	
185	0	
186	0	
187	0	
188	0	
189	0	
190	0	
191	0	
192	0	
193	0	
194	0	
195	0	
196	0	
197	0	
198	0	
199	2.500000e-005	
200	0	
201	0	
202	0	
203	0	
204	0	
205	0	
206	0	
207	0	
208	0	
209	0	
210	0	
211	0	
212	0	
213	0	
214	0	
215	0	
216	0	
217	0	
218	0	
219	0	
220	0	
221	0	
222	0	
223	0	
224	0	
225	0	
226	0	
227	0	
228	0	
229	0	
230	0	
231	0	
232	0	
233	0	
234	0	
235	0	
236	0	
237	0	
238	0	
239	0	
240	0	
241	0	
242	0	
243	0	
244	0	
245	0	
246	0	
247	0	
248	0	
249	0	
250	0	
251	0	
252	0	
253	2.500000e-005	
254	5.000000e-005	
255	2.500000e-005	
256	7.500000e-005	
257	7.500000e-005	
258	2.500000e-005	
259	2.500000e-005	
260	0	
261	0	
262	0	
263	0	
264	0	
265	0	
266	0	
267	0	
268	0	
269	0	
270	0	
271	0	
272	0	
273	0	
274	0	
275	0	
276	0	
277	0	
278	0	
279	2.500000e-005	
280	2.500000e-005	
281	2.500000e-005	
282	2.500000e-005	
283	0	
284	0	
285	0	
286	0	
287	0	
288	0	
289	0	
290	0	
291	0	
292	0	
293	0	
294	0	
295	0	
296	0	
297	0	
298	0	
299	0	
300	0	
301	0	
302	0	
303	0	
304	0	
305	0	
306	0	
307	0	
308	0	
309	0	
310	0	
311	0	
312	0	
313	0	
314	0	
315	0	
316	0	
317	0	
318	0	
319	0	
320	0	
321	0	
322	0	
323	0	
324	0	
325	0	
326	0	
327	0	
328	0	
329	0	
330	0	
331	0	
332	0	
333	0	
334	0	
335	0	
336	0	
337	0	
338	0	
339	0	
340	0	
341	0	
342	0	
343	0	
344	0	
345	0	
346	0	
347	0	
348	0	
349	0	
350	0	
351	0	
352	0	
353	0	
354	0	
355	0	
356	0	
357	0	
358	0	
359	0	
360	0	
361	0	
362	0	
363	0	
364	0	
365	0	
366	0	
367	0	
368	0	
369	0	
370	0	
371	0	
372	0	
373	0	
374	0	
375	0	
376	0	
377	0	
378	0	
379	0	
380	0	
381	0	
382	0	
383	0	
384	0	
385	0	
386	0	
387	0	
388	0	
389	0	
390	2.500000e-005	
391	2.500000e-005	
392	7.500000e-005	
393	1.000000e-004	
394	5.000000e-005	
395	2.500000e-005	
396	2.500000e-005	
397	5.000000e-005	
398	7.500000e-005	
399	1.500000e-004	
400	5.000000e-005	
401	2.500000e-005	
402	0	
403	0	
404	0	
405	0	
406	0	
407	0	
408	0	
409	0	
410	0	
411	0	
412	0	
413	0	
414	0	
415	0	
416	2.500000e-005	
417	0	
418	0	
419	0	
420	0	
421	0	
422	0	
423	0	
424	0	
425	0	
426	0	
427	0	
428	0	
429	0	
430	0	
431	0	
432	0	
433	0	
434	0	
435	0	
436	0	
437	0	
438	0	
439	0	
440	0	
441	0	
442	0	
443	0	
444	0	
445	0	
446	0	
447	0	
448	0	
449	0	
450	0	
451	0	
452	0	
453	0	
454	0	
455	0	
456	0	
457	0	
458	0	
459	0	
460	0	
461	0	
462	0	
463	0	
464	0	
465	0	
466	2.500000e-005	
467	5.000000e-005	
468	5.000000e-005	
469	2.500000e-005	
470	2.500000e-005	
471	5.000000e-005	
472	2.500000e-005	
473	2.500000e-005	
474	0	
475	0	
476	0	
477	0	
478	0	
479	0	
480	0	
481	0	
482	0	
483	0	
484	0	
485	2.500000e-005	
486	7.500000e-005	
487	1.500000e-004	
488	1.250000e-004	
489	1.000000e-004	
490	5.000000e-005	
491	0	
492	0	
493	0	
494	0	
495	0	
496	0	
497	0	
498	0	
499	0	
500	0	
501	0	
502	0	
503	0	
504	0	
505	0	
506	0	
507	0	
508	0	
509	0	
510	0	
511	0	
512	0	
513	0	
514	0	
515	0	
516	0	
517	0	
518	0	
519	0	
520	0	
521	0	
522	0	
523	0	
524	0	
525	0	
526	0	
527	0	
528	0	
529	0	
530	0	
531	0	
532	0	
533	0	
534	0	
535	0	
536	0	
537	0	
538	0	
539	0	
540	0	
541	0	
542	0	
543	0	
544	0	
545	0	
546	0	
547	0	
548	0	
549	0	
550	0	
551	0	
552	0	
553	0	
554	0	
555	0	
556	0	
557	0	
558	0	
559	0	
560	0	
561	0	
562	0	
563	0	
564	0	
565	0	
566	0	
567	0	
568	0	
569	0	
570	0	
571	0	
572	0	
573	0	
574	0	
575	0	
576	0	
577	0	
578	0	
579	0	
580	0	
581	0	
582	0	
583	0	
584	0	
585	0	
586	0	
587	0	
588	0	
589	0	
590	0	
591	0	
592	0	
593	0	
594	0	
595	0	
596	0	
597	0	
598	0	
599	0	
600	0	
601	0	
602	0	
603	0	
604	0	
605	0	
606	0	
607	0	
608	0	
609	0	
610	0	
611	0	
612	0	
613	0	
614	0	
615	0	
616	0	
617	0	
618	0	
619	0	
620	0	
621	0	
622	0	
623	0	
624	0	
625	0	
626	0	
627	0	
628	0	
629	0	
630	0	
631	0	
632	0	
633	0	
634	0	
635	0	
636	0	
637	0	
638	0	
639	0	
640	0	
641	0	
642	0	
643	0	
644	0	
645	0	
646	0	
647	0	
648	0	
649	0	
650	0	
651	2.500000e-005	
652	0	
653	0	
654	0	
655	0	
656	0	
657	0	
658	0	
659	0	
660	0	
661	0	
662	0	
663	0	
664	0	
665	0	
666	0	
667	0	
668	0	
669	0	
670	0	
671	0	
672	0	
673	0	
674	0	
675	0	
676	0	
677	0	
678	2.500000e-005	
679	2.500000e-005	
680	0	
681	0	
682	0	
683	0	
684	0	
685	0	
686	0	
687	0	
688	0	
689	0	
690	0	
691	0	
692	0	
693	0	
694	0	
695	0	
696	0	
697	0	
698	2.500000e-005	
699	0	
700	0	
701	0	
702	0	
703	0	
704	0	
705	0	
706	0	
707	0	
708	0	
709	0	
710	2.500000e-005	
711	5.000000e-005	
712	5.000000e-005	
713	5.000000e-005	
714	5.000000e-005	
715	7.500000e-005	
716	7.500000e-005	
717	5.000000e-005	
718	0	
719	0	
720	0	
721	0	
722	0	
723	0	
724	0	
725	0	
726	0	
727	0	
728	0	
729	0	
730	0	
731	0	
732	0	
733	0	
734	0	
735	0	
736	0	
737	0	
738	0	
739	0	
740	0	
741	0	
742	0	
743	0	
744	0	
745	0	
746	0	
747	0	
748	0	
749	0	
750	0	
751	0	
752	0	
753	0	
754	0	
755	0	
756	2.500000e-005	
757	7.500000e-005	
758	7.500000e-005	
759	7.500000e-005	
760	7.500000e-005	
761	2.500000e-005	
762	2.500000e-005	
763	2.500000e-005	
764	5.000000e-005	
765	1.250000e-004	
766	1.500000e-004	
767	1.000000e-004	
768	7.500000e-005	
769	1.000000e-004	
770	7.500000e-005	
771	1.000000e-004	
772	1.750000e-004	
773	1.250000e-004	
774	1.000000e-004	
775	5.000000e-005	
776	2.500000e-005	
777	2.500000e-005	
778	2.500000e-005	
779	2.500000e-005	
780	2.500000e-005	
781	5.000000e-005	
782	7.500000e-005	
783	1.250000e-004	
784	1.000000e-004	
785	5.000000e-005	
786	5.000000e-005	
787	5.000000e-005	
788	5.000000e-005	
789	2.500000e-005	
790	2.500000e-005	
791	5.000000e-005	
792	2.500000e-005	
793	2.500000e-005	
794	5.000000e-005	
795	0	
796	0	
797	0	
798	0	
799	2.500000e-005	
800	2.500000e-005	
801	5.000000e-005	
802	7.500000e-005	
803	1.000000e-004	
804	1.000000e-004	
805	2.500000e-005	
806	2.500000e-005	
807	0	
808	0	
809	0	
810	0	
811	0	
812	0	
813	0	
814	0	
815	0	
816	0	
817	0	
818	0	
819	0	
820	0	
821	0	
822	0	
823	0	
824	0	
825	0	
826	0	
827	0	
828	0	
829	0	
830	0	
831	0	
832	0	
833	0	
834	0	
835	0	
836	0	
837	0	
838	0	
839	0	
840	0	
841	0	
842	0	
843	0	
844	0	
845	0	
846	0	
847	0	
848	0	
849	0	
850	0	
851	0	
852	0	
853	0	
854	0	
855	0	
856	0	
857	0	
858	0	
859	0	
860	0	
861	0	
862	0	
863	0	
864	0	
865	0	
866	0	
867	0	
868	0	
869	0	
870	0	
871	0	
872	0	
873	0	
874	0	
875	0	
876	0	
877	0	
878	0	
879	0	
880	0	
881	0	
882	0	
883	0	
884	0	
885	2.500000e-005	
886	2.500000e-005	
887	5.000000e-005	
888	5.000000e-005	
889	7.500000e-005	
890	5.000000e-005	
891	7.500000e-005	
892	1.000000e-004	
893	5.000000e-005	
894	7.500000e-005	
895	1.000000e-004	
896	1.250000e-004	
897	1.250000e-004	
898	1.250000e-004	
899	1.000000e-004	
900	7.500000e-005	
901	1.000000e-004	
902	7.500000e-005	
903	7.500000e-005	
904	7.500000e-005	
905	5.000000e-005	
906	5.000000e-005	
907	2.500000e-005	
908	2.500000e-005	
909	5.000000e-005	
910	7.500000e-005	
911	1.250000e-004	
912	5.000000e-005	
913	5.000000e-005	
914	5.000000e-005	
915	7.500000e-005	
916	7.500000e-005	
917	5.000000e-005	
918	2.500000e-005	
919	5.000000e-005	
920	7.500000e-005	
921	5.000000e-005	
922	5.000000e-005	
923	5.000000e-005	
924	5.000000e-005	
925	7.500000e-005	
926	7.500000e-005	
927	5.000000e-005	
928	5.000000e-005	
929	7.500000e-005	
930	1.000000e-004	
931	7.500000e-005	
932	5.000000e-005	
933	5.000000e-005	
934	7.500000e-005	
935	1.000000e-004	
936	1.250000e-004	
937	2.500000e-005	
938	2.500000e-005	
939	0	
940	0	
941	0	
942	0	
943	0	
944	0	
945	0	
946	0	
947	0	
948	0	
949	0	
950	0	
951	0	
952	0	
953	0	
954	0	
955	0	
956	0	
957	0	
958	0	
959	0	
960	0	
961	0	
962	0	
963	0	
964	0	
965	0	
966	0	
967	0	
968	0	
969	0	
970	0	
971	0	
972	0	
973	0	
974	0	
975	0	
976	0	
977	0	
978	0	
979	0	
980	0	
981	0	
982	2.500000e-005	
983	5.000000e-005	
984	7.500000e-005	
985	5.000000e-005	
986	7.500000e-005	
987	5.000000e-005	
988	0	
989	0	
990	0	
991	0	
992	0	
993	0	
994	0	
995	0	
996	0	
997	0	
998	0	
999	0	
1000	0	
1001	0	
1002	0	
1003	0	
1004	0	
1005	0	
1006	0	
1007	0	
1008	0	
1009	0	
1010	0	
1011	0	
1012	0	
1013	0	
1014	0	
1015	0	
1016	0	
1017	0	
1018	0	
1019	0	
1020	0	
1021	0	
1022	0	
1023	0	
1024	0	
1025	0	
1026	0	
1027	0	
1028	0	
1029	0	
1030	0	
1031	0	
1032	0	
1033	0	
1034	0	
1035	0	
1036	0	
1037	0	
1038	0	
1039	0	
1040	0	
1041	0	
1042	0	
1043	0	
1044	0	
1045	2.500000e-005	
1046	5.000000e-005	
1047	2.500000e-005	
1048	0	
1049	0	
1050	0	
1051	0	
1052	0	
1053	0	
1054	0	
1055	0	
1056	0	
1057	0	
1058	0	
1059	0	
1060	0	
1061	0	
1062	0	
1063	0	
1064	0	
1065	0	
1066	0	
1067	0	
1068	0	
1069	0	
1070	0	
1071	2.500000e-005	
1072	0	
1073	0	
1074	0	
1075	0	
1076	0	
1077	0	
1078	0	
1079	2.500000e-005	
1080	7.500000e-005	
1081	5.000000e-005	
1082	2.500000e-005	
1083	0	
1084	0	
1085	0	
1086	0	
1087	0	
1088	0	
1089	0	
1090	0	
1091	0	
1092	0	
1093	0	
1094	0	
1095	0	
1096	2.500000e-005	
1097	2.500000e-005	
1098	7.500000e-005	
1099	5.000000e-005	
1100	1.250000e-004	
1101	1.000000e-004	
1102	2.500000e-005	
1103	2.500000e-005	
1104	5.000000e-005	
1105	2.500000e-005	
1106	5.000000e-005	
1107	7.500000e-005	
1108	7.500000e-005	
1109	0	
1110	0	
1111	0	
1112	0	
1113	0	
1114	0	
1115	0	
1116	0	
1117	0	
1118	0	
1119	0	
1120	0	
1121	0	
1122	0	
1123	0	
1124	0	
1125	0	
1126	0	
1127	0	
1128	0	
1129	0	
1130	0	
1131	0	
1132	0	
1133	0	
1134	0	
1135	0	
1136	0	
1137	0	
1138	0	
1139	0	
1140	0	
1141	0	
1142	0	
1143	0	
1144	0	
1145	0	
1146	0	
1147	0	
1148	0	
1149	0	
1150	0	
1151	0	
1152	0	
1153	0	
1154	0	
1155	0	
1156	0	
1157	0	
1158	0	
1159	0	
1160	0	
1161	0	
1162	0	
1163	0	
1164	0	
1165	0	
1166	0	
1167	0	
1168	0	
1169	0	
1170	0	
1171	0	
1172	0	
1173	0	
1174	0	
1175	0	
1176	0	
1177	0	
1178	0	
1179	0	
1180	0	
1181	0	
1182	0	
1183	0	
1184	0	
1185	0	
1186	0	
1187	0	
1188	0	
1189	0	
1190	0	
1191	0	
1192	0	
1193	0	
1194	0	
1195	0	
1196	0	
1197	0	
1198	0	
1199	0	
1200	0	
1201	0	
1202	0	
1203	2.500000e-005	
1204	5.000000e-005	
1205	1.250000e-004	
1206	1.250000e-004	
1207	1.000000e-004	
1208	2.500000e-005	
1209	5.000000e-005	
1210	5.000000e-005	
1211	7.500000e-005	
1212	0	
1213	0	
1214	0	
1215	2.500000e-005	
1216	5.000000e-005	
1217	7.500000e-005	
1218	1.250000e-004	
1219	1.250000e-004	
1220	1.250000e-004	
1221	1.250000e-004	
1222	1.000000e-004	
1223	1.250000e-004	
1224	1.250000e-004	
1225	5.000000e-005	
1226	2.500000e-005	
1227	2.500000e-005	
1228	0	
1229	0	
1230	0	
1231	0	
1232	0	
1233	0	
1234	0	
1235	0	
1236	0	
1237	0	
1238	0	
1239	0	
1240	0	
1241	0	
1242	0	
1243	0	
1244	0	
1245	0	
1246	0	
1247	2.500000e-005	
1248	0	
1249	0	
1250	0	
1251	0	
1252	0	
1253	0	
1254	0	
1255	2.500000e-005	
1256	5.000000e-005	
1257	5.000000e-005	
1258	2.500000e-005	
1259	0	
1260	0	
1261	0	
1262	0	
1263	0	
1264	0	
1265	2.500000e-005	
1266	5.000000e-005	
1267	1.000000e-004	
1268	7.500000e-005	
1269	5.000000e-005	
1270	7.500000e-005	
1271	1.250000e-004	
1272	1.000000e-004	
1273	1.000000e-004	
1274	7.500000e-005	
1275	1.000000e-004	
1276	5.000000e-005	
1277	2.500000e-005	
1278	2.500000e-005	
1279	2.500000e-005	
1280	2.500000e-005	
1281	2.500000e-005	
1282	0	
1283	0	
1284	0	
1285	0	
1286	0	
1287	0	
1288	0	
1289	0	
1290	0	
1291	0	
1292	0	
1293	0	
1294	0	
1295	0	
1296	0	
1297	0	
1298	0	
1299	0	
1300	0	
1301	0	
1302	0	
1303	0	
1304	0	
1305	0	
1306	0	
1307	0	
1308	0	
1309	0	
1310	0	
1311	0	
1312	0	
1313	0	
1314	0	
1315	2.500000e-005	
1316	2.500000e-005	
1317	5.000000e-005	
1318	7.500000e-005	
1319	5.000000e-005	
1320	5.000000e-005	
1321	2.500000e-005	
1322	2.500000e-005	
1323	0	
1324	0	
1325	0	
1326	0	
1327	0	
1328	0	
1329	0	
1330	0	
1331	0	
1332	0	
1333	0	
1334	0	
1335	0	
1336	0	
1337	0	
1338	0	
1339	0	
1340	0	
1341	0	
1342	0	
1343	0	
1344	0	
1345	0	
1346	0	
1347	0	
1348	0	
1349	0	
1350	0	
1351	0	
1352	0	
1353	0	
1354	0	
1355	0	
1356	0	
1357	0	
1358	0	
1359	2.500000e-005	
1360	0	
1361	0	
1362	0	
1363	0	
1364	2.500000e-005	
1365	5.000000e-005	
1366	7.500000e-005	
1367	2.500000e-005	
1368	2.500000e-005	
1369	2.500000e-005	
1370	0	
1371	0	
1372	0	
1373	0	
1374	2.500000e-005	
1375	2.500000e-005	
1376	7.500000e-005	
1377	7.500000e-005	
1378	1.000000e-004	
1379	2.500000e-005	
1380	2.500000e-005	
1381	0	
1382	0	
1383	0	
1384	0	
1385	0	
1386	0	
1387	0	
1388	0	
1389	0	
1390	0	
1391	0	
1392	0	
1393	0	
1394	2.500000e-005	
1395	5.000000e-005	
1396	1.250000e-004	
1397	1.250000e-004	
1398	1.250000e-004	
1399	7.500000e-005	
1400	1.000000e-004	
1401	2.500000e-005	
1402	2.500000e-005	
1403	2.500000e-005	
1404	2.500000e-005	
1405	0	
1406	0	
1407	0	
1408	0	
1409	0	
1410	0	
1411	0	
1412	0	
1413	0	
1414	0	
1415	0	
1416	0	
1417	0	
1418	0	
1419	0	
1420	0	
1421	0	
1422	0	
1423	0	
1424	0	
1425	0	
1426	0	
1427	0	
1428	0	
1429	0	
1430	0	
1431	0	
1432	0	
1433	0	
1434	0	
1435	0	
1436	0	
1437	0	
1438	0	
1439	2.500000e-005	
1440	2.500000e-005	
1441	0	
1442	0	
1443	0	
1444	0	
1445	0	
1446	2.500000e-005	
1447	5.000000e-005	
1448	5.000000e-005	
1449	1.000000e-004	
1450	5.000000e-005	
1451	2.500000e-005	
1452	2.500000e-005	
1453	1.000000e-004	
1454	2.500000e-005	
1455	0	
1456	0	
1457	0	
1458	0	
1459	0	
1460	0	
1461	0	
1462	0	
1463	0	
1464	0	
1465	0	
1466	0	
1467	0	
1468	0	
1469	0	
1470	0	
1471	0	
1472	0	
1473	0	
1474	0	
1475	0	
1476	0	
1477	0	
1478	0	
1479	0	
1480	0	
1481	0	
1482	0	
1483	0	
1484	0	
1485	0	
1486	0	
1487	0	
1488	0	
1489	2.500000e-005	
1490	5.000000e-005	
1491	2.500000e-005	
1492	0	
1493	0	
1494	0	
1495	0	
1496	0	
1497	0	
1498	0	
1499	0	
1500	0	
1501	0	
1502	0	
1503	0	
1504	0	
1505	0	
1506	2.500000e-005	
1507	2.500000e-005	
1508	2.500000e-005	
1509	2.500000e-005	
1510	0	
1511	0	
1512	0	
1513	0	
1514	0	
1515	0	
1516	0	
1517	0	
1518	0	
1519	0	
1520	0	
1521	0	
1522	0	
1523	0	
1524	0	
1525	0	
1526	0	
1527	0	
1528	0	
1529	0	
1530	0	
1531	0	
1532	0	
1533	0	
1534	0	
1535	0	
1536	0	
1537	0	
1538	0	
1539	0	
1540	0	
1541	0	
1542	0	
1543	0	
1544	0	
1545	0	
1546	0	
1547	0	
1548	0	
1549	0	
1550	0	
1551	0	
1552	0	
1553	0	
1554	0	
1555	0	
1556	2.500000e-005	
1557	2.500000e-005	
1558	7.500000e-005	
1559	1.000000e-004	
1560	7.500000e-005	
1561	7.500000e-005	
1562	1.000000e-004	
1563	7.500000e-005	
1564	2.500000e-005	
1565	2.500000e-005	
1566	2.500000e-005	
1567	5.000000e-005	
1568	1.000000e-004	
1569	7.500000e-005	
1570	7.500000e-005	
1571	1.500000e-004	
1572	2.500000e-004	
1573	2.750000e-004	
1574	2.500000e-004	
1575	2.000000e-004	
1576	1.500000e-004	
1577	1.750000e-004	
1578	1.750000e-004	
1579	1.500000e-004	
1580	1.750000e-004	
1581	3.250000e-004	
1582	2.750000e-004	
1583	2.500000e-004	
1584	1.000000e-004	
1585	1.250000e-004	
1586	1.000000e-004	
1587	1.000000e-004	
1588	7.500000e-005	
1589	1.000000e-004	
1590	7.500000e-005	
1591	7.500000e-005	
1592	5.000000e-005	
1593	2.500000e-005	
1594	1.000000e-004	
1595	1.500000e-004	
1596	1.750000e-004	
1597	1.500000e-004	
1598	1.250000e-004	
1599	1.250000e-004	
1600	7.500000e-005	
1601	1.000000e-004	
1602	1.500000e-004	
1603	1.750000e-004	
1604	1.250000e-004	
1605	1.250000e-004	
1606	1.250000e-004	
1607	2.000000e-004	
1608	1.000000e-004	
1609	1.750000e-004	
1610	1.500000e-004	
1611	2.500000e-004	
1612	3.500000e-004	
1613	3.750000e-004	
1614	3.750000e-004	
1615	3.000000e-004	
1616	2.500000e-004	
1617	1.750000e-004	
1618	2.250000e-004	
1619	2.750000e-004	
1620	2.000000e-004	
1621	3.250000e-004	
1622	3.750000e-004	
1623	2.750000e-004	
1624	2.500000e-004	
1625	2.000000e-004	
1626	2.000000e-004	
1627	1.750000e-004	
1628	1.500000e-004	
1629	1.500000e-004	
1630	7.500000e-005	
1631	1.500000e-004	
1632	1.500000e-004	
1633	7.500000e-005	
1634	1.250000e-004	
1635	1.500000e-004	
1636	1.250000e-004	
1637	2.750000e-004	
1638	2.750000e-004	
1639	2.500000e-004	
1640	1.750000e-004	
1641	1.750000e-004	
1642	1.750000e-004	
1643	2.500000e-004	
1644	3.000000e-004	
1645	2.750000e-004	
1646	2.750000e-004	
1647	3.750000e-004	
1648	3.000000e-004	
1649	3.000000e-004	
1650	4.750000e-004	
1651	3.750000e-004	
1652	4.000000e-004	
1653	4.500000e-004	
1654	4.000000e-004	
1655	3.750000e-004	
1656	4.750000e-004	
1657	5.000000e-004	
1658	4.750000e-004	
1659	4.500000e-004	
1660	4.750000e-004	
1661	5.750000e-004	
1662	6.250000e-004	
1663	4.500000e-004	
1664	6.000000e-004	
1665	5.750000e-004	
1666	6.500000e-004	
1667	5.750000e-004	
1668	5.500000e-004	
1669	4.500000e-004	
1670	3.500000e-004	
1671	2.250000e-004	
1672	3.000000e-004	
1673	4.250000e-004	
1674	3.750000e-004	
1675	3.000000e-004	
1676	3.000000e-004	
1677	2.750000e-004	
1678	2.500000e-004	
1679	2.250000e-004	
1680	2.500000e-004	
1681	2.750000e-004	
1682	2.250000e-004	
1683	2.000000e-004	
1684	2.000000e-004	
1685	2.500000e-004	
1686	2.250000e-004	
1687	2.500000e-004	
1688	2.750000e-004	
1689	3.750000e-004	
1690	3.000000e-004	
1691	2.500000e-004	
1692	3.000000e-004	
1693	3.250000e-004	
1694	2.750000e-004	
1695	2.500000e-004	
1696	2.250000e-004	
1697	1.250000e-004	
1698	1.750000e-004	
1699	1.500000e-004	
1700	1.250000e-004	
1701	1.250000e-004	
1702	1.500000e-004	
1703	1.750000e-004	
1704	2.250000e-004	
1705	2.500000e-004	
1706	1.500000e-004	
1707	2.500000e-004	
1708	2.500000e-004	
1709	2.500000e-004	
1710	2.750000e-004	
1711	3.000000e-004	
1712	3.000000e-004	
1713	2.250000e-004	
1714	3.250000e-004	
1715	3.250000e-004	
1716	3.500000e-004	
1717	2.500000e-004	
1718	2.750000e-004	
1719	3.000000e-004	
1720	3.750000e-004	
1721	4.500000e-004	
1722	5.500000e-004	
1723	5.000000e-004	
1724	4.250000e-004	
1725	3.500000e-004	
1726	3.000000e-004	
1727	3.000000e-004	
1728	4.500000e-004	
1729	3.000000e-004	
1730	3.250000e-004	
1731	3.250000e-004	
1732	3.500000e-004	
1733	3.000000e-004	
1734	4.500000e-004	
1735	5.750000e-004	
1736	6.750000e-004	
1737	6.500000e-004	
1738	7.000000e-004	
1739	7.000000e-004	
1740	7.750000e-004	
1741	6.250000e-004	
1742	6.250000e-004	
1743	6.000000e-004	
1744	6.500000e-004	
1745	7.500000e-004	
1746	6.000000e-004	
1747	6.250000e-004	
1748	6.750000e-004	
1749	6.250000e-004	
1750	7.250000e-004	
1751	7.750000e-004	
1752	6.750000e-004	
1753	6.250000e-004	
1754	5.000000e-004	
1755	4.750000e-004	
1756	3.500000e-004	
1757	4.250000e-004	
1758	5.500000e-004	
1759	6.500000e-004	
1760	6.500000e-004	
1761	7.500000e-004	
1762	9.500000e-004	
1763	1.100000e-003	
1764	9.250000e-004	
1765	9.750000e-004	
1766	9.500000e-004	
1767	1.000000e-003	
1768	8.000000e-004	
1769	9.000000e-004	
1770	9.250000e-004	
1771	8.250000e-004	
1772	6.000000e-004	
1773	5.250000e-004	
1774	5.250000e-004	
1775	5.750000e-004	
1776	5.750000e-004	
1777	5.250000e-004	
1778	6.000000e-004	
1779	7.250000e-004	
1780	6.500000e-004	
1781	8.000000e-004	
1782	7.750000e-004	
1783	4.500000e-004	
1784	5.000000e-004	
1785	7.250000e-004	
1786	7.250000e-004	
1787	7.750000e-004	
1788	9.000000e-004	
1789	8.250000e-004	
1790	9.750000e-004	
1791	1.100000e-003	
1792	8.250000e-004	
1793	7.000000e-004	
1794	6.500000e-004	
1795	7.000000e-004	
1796	6.750000e-004	
1797	6.250000e-004	
1798	6.500000e-004	
1799	7.000000e-004	
1800	9.250000e-004	
1801	9.000000e-004	
1802	9.000000e-004	
1803	8.250000e-004	
1804	7.750000e-004	
1805	7.250000e-004	
1806	8.000000e-004	
1807	9.500000e-004	
1808	9.000000e-004	
1809	7.750000e-004	
1810	6.000000e-004	
1811	6.000000e-004	
1812	7.250000e-004	
1813	6.750000e-004	
1814	5.500000e-004	
1815	5.750000e-004	
1816	5.500000e-004	
1817	6.750000e-004	
1818	6.750000e-004	
1819	5.750000e-004	
1820	7.250000e-004	
1821	8.000000e-004	
1822	7.750000e-004	
1823	8.250000e-004	
1824	9.000000e-004	
1825	8.500000e-004	
1826	6.750000e-004	
1827	6.000000e-004	
1828	5.000000e-004	
1829	5.250000e-004	
1830	5.750000e-004	
1831	7.750000e-004	
1832	6.500000e-004	
1833	8.750000e-004	
1834	1.025000e-003	
1835	1.000000e-003	
1836	9.250000e-004	
1837	9.000000e-004	
1838	7.250000e-004	
1839	7.250000e-004	
1840	6.750000e-004	
1841	8.750000e-004	
1842	8.000000e-004	
1843	8.000000e-004	
1844	9.000000e-004	
1845	9.500000e-004	
1846	8.500000e-004	
1847	7.500000e-004	
1848	6.500000e-004	
1849	6.000000e-004	
1850	5.500000e-004	
1851	6.250000e-004	
1852	7.250000e-004	
1853	9.750000e-004	
1854	9.000000e-004	
1855	9.750000e-004	
1856	1.100000e-003	
1857	1.275000e-003	
1858	1.425000e-003	
1859	1.425000e-003	
1860	1.450000e-003	
1861	1.300000e-003	
1862	1.250000e-003	
1863	1.175000e-003	
1864	1.175000e-003	
1865	1.400000e-003	
1866	1.275000e-003	
1867	1.050000e-003	
1868	1.000000e-003	
1869	7.250000e-004	
1870	7.750000e-004	
1871	1.000000e-003	
1872	1.225000e-003	
1873	1.225000e-003	
1874	1.150000e-003	
1875	9.500000e-004	
1876	1.050000e-003	
1877	8.500000e-004	
1878	8.750000e-004	
1879	1.075000e-003	
1880	1.225000e-003	
1881	1.075000e-003	
1882	9.250000e-004	
1883	8.000000e-004	
1884	8.500000e-004	
1885	1.075000e-003	
1886	1.125000e-003	
1887	1.350000e-003	
1888	1.125000e-003	
1889	1.075000e-003	
1890	9.750000e-004	
1891	9.000000e-004	
1892	1.025000e-003	
1893	1.050000e-003	
1894	1.125000e-003	
1895	1.075000e-003	
1896	1.000000e-003	
1897	1.025000e-003	
1898	9.250000e-004	
1899	9.750000e-004	
1900	1.025000e-003	
1901	1.000000e-003	
1902	7.000000e-004	
1903	8.500000e-004	
1904	8.250000e-004	
1905	7.750000e-004	
1906	8.000000e-004	
1907	6.500000e-004	
1908	8.750000e-004	
1909	9.000000e-004	
1910	9.250000e-004	
1911	8.250000e-004	
1912	8.500000e-004	
1913	1.050000e-003	
1914	9.250000e-004	
1915	1.075000e-003	
1916	1.050000e-003	
1917	9.750000e-004	
1918	1.075000e-003	
1919	1.175000e-003	
1920	1.325000e-003	
1921	1.300000e-003	
1922	1.050000e-003	
1923	1.100000e-003	
1924	1.125000e-003	
1925	1.175000e-003	
1926	1.150000e-003	
1927	1.125000e-003	
1928	1.050000e-003	
1929	1.100000e-003	
1930	1.075000e-003	
1931	1.300000e-003	
1932	1.300000e-003	
1933	1.250000e-003	
1934	1.175000e-003	
1935	1.225000e-003	
1936	1.175000e-003	
1937	1.225000e-003	
1938	1.475000e-003	
1939	1.550000e-003	
1940	1.675000e-003	
1941	1.625000e-003	
1942	1.300000e-003	
1943	1.225000e-003	
1944	1.225000e-003	
1945	1.100000e-003	
1946	1.175000e-003	
1947	1.175000e-003	
1948	1.175000e-003	
1949	1.075000e-003	
1950	1.100000e-003	
1951	1.075000e-003	
1952	1.000000e-003	
1953	9.250000e-004	
1954	9.000000e-004	
1955	8.750000e-004	
1956	9.000000e-004	
1957	1.000000e-003	
1958	8.500000e-004	
1959	6.750000e-004	
1960	7.250000e-004	
1961	8.750000e-004	
1962	7.250000e-004	
1963	7.500000e-004	
1964	6.750000e-004	
1965	7.500000e-004	
1966	7.750000e-004	
1967	7.750000e-004	
1968	8.250000e-004	
1969	6.750000e-004	
1970	7.000000e-004	
1971	7.000000e-004	
1972	8.000000e-004	
1973	9.000000e-004	
1974	7.250000e-004	
1975	5.750000e-004	
1976	5.000000e-004	
1977	3.750000e-004	
1978	4.750000e-004	
1979	3.750000e-004	
1980	2.500000e-004	
1981	2.000000e-004	
1982	3.500000e-004	
1983	5.500000e-004	
1984	5.000000e-004	
1985	5.250000e-004	
1986	4.500000e-004	
1987	6.000000e-004	
1988	6.250000e-004	
1989	7.000000e-004	
1990	5.750000e-004	
1991	5.500000e-004	
1992	5.000000e-004	
1993	7.000000e-004	
1994	6.750000e-004	
1995	7.250000e-004	
1996	1.050000e-003	
1997	1.000000e-003	
1998	8.250000e-004	
1999	6.750000e-004	
2000	7.250000e-004	
2001	9.000000e-004	
2002	8.750000e-004	
2003	8.500000e-004	
2004	8.250000e-004	
2005	8.500000e-004	
2006	5.750000e-004	
2007	8.500000e-004	
2008	7.750000e-004	
2009	6.750000e-004	
2010	7.250000e-004	
2011	6.750000e-004	
2012	6.500000e-004	
2013	6.750000e-004	
2014	7.750000e-004	
2015	5.750000e-004	
2016	6.500000e-004	
2017	7.250000e-004	
2018	5.500000e-004	
2019	5.000000e-004	
2020	6.750000e-004	
2021	4.000000e-004	
2022	3.750000e-004	
2023	4.250000e-004	
2024	4.500000e-004	
2025	3.750000e-004	
2026	5.000000e-004	
2027	6.000000e-004	
2028	5.500000e-004	
2029	7.750000e-004	
2030	7.500000e-004	
2031	5.000000e-004	
2032	4.250000e-004	
2033	5.250000e-004	
2034	5.000000e-004	
2035	6.750000e-004	
2036	8.500000e-004	
2037	6.500000e-004	
2038	6.000000e-004	
2039	6.500000e-004	
2040	6.750000e-004	
2041	6.000000e-004	
2042	7.250000e-004	
2043	7.750000e-004	
2044	5.500000e-004	
2045	4.500000e-004	
2046	5.500000e-004	
2047	4.750000e-004	
2048	4.000000e-004	
2049	2.750000e-004	
2050	4.250000e-004	
2051	5.250000e-004	
2052	4.500000e-004	
2053	6.250000e-004	
2054	5.500000e-004	
2055	6.500000e-004	
2056	8.250000e-004	
2057	6.750000e-004	
2058	6.500000e-004	
2059	5.500000e-004	
2060	5.250000e-004	
2061	5.000000e-004	
2062	5.750000e-004	
2063	5.500000e-004	
2064	5.750000e-004	
2065	5.750000e-004	
2066	5.250000e-004	
2067	4.500000e-004	
2068	5.250000e-004	
2069	5.500000e-004	
2070	5.500000e-004	
2071	4.000000e-004	
2072	2.750000e-004	
2073	3.000000e-004	
2074	3.250000e-004	
2075	4.000000e-004	
2076	5.000000e-004	
2077	5.500000e-004	
2078	5.750000e-004	
2079	6.250000e-004	
2080	5.250000e-004	
2081	6.000000e-004	
2082	5.000000e-004	
2083	5.750000e-004	
2084	6.000000e-004	
2085	6.500000e-004	
2086	5.750000e-004	
2087	6.000000e-004	
2088	4.500000e-004	
2089	4.500000e-004	
2090	6.500000e-004	
2091	7.250000e-004	
2092	6.500000e-004	
2093	5.500000e-004	
2094	7.250000e-004	
2095	7.750000e-004	
2096	6.500000e-004	
2097	6.750000e-004	
2098	8.500000e-004	
2099	9.000000e-004	
2100	8.250000e-004	
2101	9.250000e-004	
2102	7.750000e-004	
2103	9.750000e-004	
2104	1.000000e-003	
2105	1.175000e-003	
2106	1.125000e-003	
2107	1.325000e-003	
2108	1.125000e-003	
2109	1.225000e-003	
2110	1.300000e-003	
2111	1.225000e-003	
2112	9.750000e-004	
2113	1.000000e-003	
2114	1.000000e-003	
2115	1.000000e-003	
2116	6.000000e-004	
2117	6.500000e-004	
2118	8.250000e-004	
2119	7.250000e-004	
2120	9.500000e-004	
2121	1.125000e-003	
2122	1.175000e-003	
2123	1.225000e-003	
2124	1.150000e-003	
2125	1.300000e-003	
2126	1.400000e-003	
2127	1.150000e-003	
2128	1.200000e-003	
2129	1.225000e-003	
2130	1.100000e-003	
2131	1.100000e-003	
2132	1.200000e-003	
2133	1.050000e-003	
2134	1.150000e-003	
2135	1.175000e-003	
2136	1.125000e-003	
2137	1.125000e-003	
2138	1.275000e-003	
2139	1.425000e-003	
2140	1.525000e-003	
2141	1.350000e-003	
2142	1.200000e-003	
2143	1.275000e-003	
2144	1.225000e-003	
2145	1.125000e-003	
2146	1.275000e-003	
2147	1.350000e-003	
2148	1.125000e-003	
2149	1.175000e-003	
2150	8.750000e-004	
2151	1.000000e-003	
2152	9.750000e-004	
2153	9.750000e-004	
2154	1.025000e-003	
2155	9.250000e-004	
2156	9.750000e-004	
2157	9.750000e-004	
2158	8.750000e-004	
2159	9.750000e-004	
2160	1.025000e-003	
2161	1.000000e-003	
2162	1.075000e-003	
2163	1.050000e-003	
2164	1.250000e-003	
2165	1.325000e-003	
2166	1.075000e-003	
2167	1.125000e-003	
2168	1.025000e-003	
2169	9.000000e-004	
2170	8.000000e-004	
2171	8.000000e-004	
2172	9.000000e-004	
2173	1.000000e-003	
2174	9.000000e-004	
2175	8.750000e-004	
2176	7.500000e-004	
2177	5.000000e-004	
2178	6.000000e-004	
2179	6.000000e-004	
2180	6.750000e-004	
2181	6.500000e-004	
2182	7.000000e-004	
2183	7.500000e-004	
2184	8.750000e-004	
2185	9.500000e-004	
2186	6.000000e-004	
2187	5.500000e-004	
2188	5.750000e-004	
2189	7.500000e-004	
2190	7.500000e-004	
2191	8.000000e-004	
2192	7.250000e-004	
2193	6.000000e-004	
2194	5.000000e-004	
2195	4.250000e-004	
2196	4.250000e-004	
2197	4.000000e-004	
2198	4.000000e-004	
2199	3.000000e-004	
2200	3.500000e-004	
2201	3.250000e-004	
2202	2.500000e-004	
2203	2.500000e-004	
2204	3.250000e-004	
2205	3.000000e-004	
2206	4.250000e-004	
2207	4.000000e-004	
2208	3.000000e-004	
2209	3.000000e-004	
2210	2.250000e-004	
2211	2.250000e-004	
2212	2.000000e-004	
2213	2.500000e-004	
2214	1.750000e-004	
2215	1.000000e-004	
2216	1.500000e-004	
2217	1.250000e-004	
2218	1.000000e-004	
2219	2.250000e-004	
2220	3.000000e-004	
2221	3.500000e-004	
2222	4.750000e-004	
2223	3.750000e-004	
2224	3.000000e-004	
2225	3.000000e-004	
2226	3.750000e-004	
2227	4.750000e-004	
2228	6.750000e-004	
2229	6.250000e-004	
2230	6.750000e-004	
2231	6.250000e-004	
2232	6.250000e-004	
2233	6.000000e-004	
2234	5.250000e-004	
2235	4.500000e-004	
2236	4.750000e-004	
2237	5.750000e-004	
2238	5.500000e-004	
2239	6.000000e-004	
2240	8.000000e-004	
2241	7.000000e-004	
2242	6.750000e-004	
2243	6.250000e-004	
2244	5.750000e-004	
2245	6.750000e-004	
2246	6.750000e-004	
2247	7.000000e-004	
2248	8.000000e-004	
2249	7.500000e-004	
2250	8.000000e-004	
2251	9.250000e-004	
2252	9.500000e-004	
2253	8.250000e-004	
2254	9.000000e-004	
2255	1.000000e-003	
2256	8.750000e-004	
2257	7.000000e-004	
2258	8.500000e-004	
2259	6.750000e-004	
2260	6.500000e-004	
2261	8.250000e-004	
2262	7.250000e-004	
2263	5.250000e-004	
2264	3.750000e-004	
2265	5.500000e-004	
2266	5.250000e-004	
2267	6.000000e-004	
2268	5.000000e-004	
2269	5.250000e-004	
2270	3.000000e-004	
2271	1.500000e-004	
2272	1.250000e-004	
2273	1.500000e-004	
2274	3.000000e-004	
2275	2.500000e-004	
2276	2.750000e-004	
2277	2.000000e-004	
2278	2.500000e-004	
2279	3.000000e-004	
2280	4.000000e-004	
2281	3.000000e-004	
2282	4.000000e-004	
2283	5.250000e-004	
2284	4.750000e-004	
2285	4.250000e-004	
2286	5.500000e-004	
2287	6.250000e-004	
2288	5.250000e-004	
2289	4.500000e-004	
2290	3.500000e-004	
2291	4.250000e-004	
2292	4.750000e-004	
2293	4.500000e-004	
2294	3.750000e-004	
2295	4.000000e-004	
2296	4.250000e-004	
2297	3.750000e-004	
2298	4.750000e-004	
2299	4.000000e-004	
2300	4.000000e-004	
2301	4.750000e-004	
2302	4.250000e-004	
2303	3.250000e-004	
2304	2.500000e-004	
2305	2.500000e-004	
2306	2.750000e-004	
2307	3.250000e-004	
2308	4.000000e-004	
2309	4.750000e-004	
2310	4.500000e-004	
2311	3.250000e-004	
2312	2.000000e-004	
2313	1.250000e-004	
2314	1.000000e-004	
2315	2.500000e-005	
2316	2.500000e-005	
2317	2.500000e-005	
2318	1.250000e-004	
2319	7.500000e-005	
2320	2.500000e-005	
2321	0	
2322	0	
2323	2.500000e-005	
2324	0	
2325	2.500000e-005	
2326	5.000000e-005	
2327	7.500000e-005	
2328	5.000000e-005	
2329	7.500000e-005	
2330	7.500000e-005	
2331	1.250000e-004	
2332	1.750000e-004	
2333	1.000000e-004	
2334	1.000000e-004	
2335	2.500000e-005	
2336	5.000000e-005	
2337	2.500000e-005	
2338	2.500000e-005	
2339	0	
2340	0	
2341	0	
2342	0	
2343	0	
2344	0	
2345	0	
2346	0	
2347	0	
2348	0	
2349	0	
2350	0	
2351	0	
2352	0	
2353	0	
2354	0	
2355	0	
2356	0	
2357	0	
2358	0	
2359	0	
2360	0	
2361	0	
2362	0	
2363	0	
2364	0	
2365	0	
2366	0	
2367	0	
2368	0	
2369	0	
2370	0	
2371	0	
2372	2.500000e-005	
2373	2.500000e-005	
2374	2.500000e-005	
2375	2.500000e-005	
2376	0	
2377	0	
2378	0	
2379	0	
2380	0	
2381	0	
2382	0	
2383	0	
2384	0	
2385	0	
2386	0	
2387	0	
2388	0	
2389	0	
2390	0	
2391	0	
2392	0	
2393	0	
2394	0	
2395	0	
2396	0	
2397	0	
2398	0	
2399	0	
2400	0	
2401	0	
2402	0	
2403	0	
2404	0	
2405	0	
2406	0	
2407	0	
2408	0	
2409	0	
2410	0	
2411	0	
2412	0	
2413	0	
2414	0	
2415	0	
2416	0	
2417	0	
2418	0	
2419	0	
2420	0	
2421	0	
2422	0	
2423	0	
2424	0	
2425	0	
2426	0	
2427	0	
2428	0	
2429	0	
2430	0	
2431	0	
2432	0	
2433	0	
2434	0	
2435	0	
2436	2.500000e-005	
2437	5.000000e-005	
2438	1.250000e-004	
2439	7.500000e-005	
2440	7.500000e-005	
2441	5.000000e-005	
2442	2.500000e-005	
2443	2.500000e-005	
2444	0	
2445	0	
2446	0	
2447	2.500000e-005	
2448	2.500000e-005	
2449	2.500000e-005	
2450	2.500000e-005	
2451	0	
2452	0	
2453	0	
2454	2.500000e-005	
2455	0	
2456	0	
2457	0	
2458	0	
2459	0	
2460	0	
2461	0	
2462	0	
2463	0	
2464	0	
2465	0	
2466	0	
2467	0	
2468	0	
2469	0	
2470	0	
2471	0	
2472	0	
2473	0	
2474	0	
2475	0	
2476	0	
2477	0	
2478	0	
2479	0	
2480	0	
2481	0	
2482	0	
2483	0	
2484	0	
2485	0	
2486	0	
2487	0	
2488	0	
2489	0	
2490	0	
2491	0	
2492	0	
2493	0	
2494	0	
2495	0	
2496	0	
2497	0	
2498	0	
2499	0	
2500	0	
2501	0	
2502	0	
2503	0	
2504	0	
2505	0	
2506	0	
2507	0	
2508	0	
2509	0	
2510	0	
2511	0	
2512	0	
2513	0	
2514	0	
2515	0	
2516	0	
2517	0	
2518	0	
2519	0	
2520	0	
2521	0	
2522	0	
2523	0	
2524	2.500000e-005	
2525	5.000000e-005	
2526	1.000000e-004	
2527	1.000000e-004	
2528	5.000000e-005	
2529	1.000000e-004	
2530	5.000000e-005	
2531	0	
2532	0	
2533	0	
2534	0	
2535	0	
2536	0	
2537	0	
2538	0	
2539	0	
2540	0	
2541	0	
2542	0	
2543	0	
2544	0	
2545	0	
2546	0	
2547	0	
2548	0	
2549	0	
2550	0	
2551	0	
2552	0	
2553	0	
2554	0	
2555	0	
2556	0	
2557	0	
2558	0	
2559	0	
2560	0	
2561	0	
2562	0	
2563	0	
2564	0	
2565	0	
2566	0	
2567	0	
2568	0	
2569	0	
2570	0	
2571	0	
2572	0	
2573	0	
2574	0	
2575	0	
2576	0	
2577	0	
2578	0	
2579	0	
2580	0	
2581	0	
2582	0	
2583	0	
2584	0	
2585	0	
2586	0	
2587	0	
2588	0	
2589	0	
2590	2.500000e-005	
2591	0	
2592	0	
2593	0	
2594	0	
2595	0	
2596	0	
2597	0	
2598	0	
2599	0	
2600	0	
2601	0	
2602	0	
2603	0	
2604	0	
2605	0	
2606	0	
2607	0	
2608	0	
2609	0	
2610	0	
2611	0	
2612	0	
2613	0	
2614	0	
2615	0	
2616	0	
2617	0	
2618	0	
2619	0	
2620	0	
2621	2.500000e-005	
2622	5.000000e-005	
2623	5.000000e-005	
2624	5.000000e-005	
2625	5.000000e-005	
2626	2.500000e-005	
2627	2.500000e-005	
2628	2.500000e-005	
2629	5.000000e-005	
2630	2.500000e-005	
2631	2.500000e-005	
2632	7.500000e-005	
2633	7.500000e-005	
2634	5.000000e-005	
2635	1.000000e-004	
2636	1.250000e-004	
2637	2.000000e-004	
2638	1.500000e-004	
2639	1.750000e-004	
2640	2.250000e-004	
2641	3.000000e-004	
2642	3.750000e-004	
2643	3.000000e-004	
2644	3.500000e-004	
2645	3.500000e-004	
2646	4.000000e-004	
2647	5.000000e-004	
2648	3.250000e-004	
2649	3.750000e-004	
2650	4.250000e-004	
2651	4.750000e-004	
2652	6.250000e-004	
2653	7.000000e-004	
2654	6.500000e-004	
2655	6.750000e-004	
2656	6.750000e-004	
2657	6.250000e-004	
2658	4.750000e-004	
2659	5.250000e-004	
2660	4.500000e-004	
2661	5.500000e-004	
2662	5.250000e-004	
2663	6.500000e-004	
2664	6.750000e-004	
2665	4.500000e-004	
2666	5.500000e-004	
2667	6.000000e-004	
2668	4.500000e-004	
2669	4.750000e-004	
2670	3.500000e-004	
2671	4.750000e-004	
2672	4.500000e-004	
2673	4.750000e-004	
2674	4.000000e-004	
2675	3.000000e-004	
2676	3.000000e-004	
2677	2.500000e-004	
2678	2.000000e-004	
2679	2.750000e-004	
2680	2.250000e-004	
2681	2.250000e-004	
2682	2.000000e-004	
2683	1.750000e-004	
2684	2.000000e-004	
2685	1.750000e-004	
2686	1.250000e-004	
2687	1.750000e-004	
2688	1.250000e-004	
2689	1.000000e-004	
2690	2.000000e-004	
2691	1.250000e-004	
2692	1.500000e-004	
2693	2.000000e-004	
2694	1.750000e-004	
2695	1.500000e-004	
2696	7.500000e-005	
2697	7.500000e-005	
2698	5.000000e-005	
2699	5.000000e-005	
2700	5.000000e-005	
2701	5.000000e-005	
2702	2.500000e-005	
2703	5.000000e-005	
2704	2.500000e-005	
2705	2.500000e-005	
2706	2.500000e-005	
2707	2.500000e-005	
2708	5.000000e-005	
2709	2.500000e-005	
2710	2.500000e-005	
2711	0	
2712	0	
2713	0	
2714	0	
2715	0	
2716	0	
2717	0	
2718	0	
2719	0	
2720	0	
2721	0	
2722	0	
2723	0	
2724	0	
2725	0	
2726	0	
2727	0	
2728	0	
2729	0	
2730	0	
2731	0	
2732	0	
2733	0	
2734	0	
2735	0	
2736	0	
2737	0	
2738	0	
2739	2.500000e-005	
2740	5.000000e-005	
2741	2.500000e-005	
2742	2.500000e-005	
2743	2.500000e-005	
2744	5.000000e-005	
2745	7.500000e-005	
2746	5.000000e-005	
2747	5.000000e-005	
2748	1.000000e-004	
2749	1.500000e-004	
2750	1.250000e-004	
2751	7.500000e-005	
2752	1.250000e-004	
2753	7.500000e-005	
2754	7.500000e-005	
2755	1.000000e-004	
2756	1.500000e-004	
2757	1.500000e-004	
2758	1.500000e-004	
2759	1.000000e-004	
2760	2.750000e-004	
2761	3.250000e-004	
2762	1.750000e-004	
2763	1.500000e-004	
2764	2.250000e-004	
2765	3.250000e-004	
2766	2.750000e-004	
2767	3.000000e-004	
2768	2.500000e-004	
2769	2.500000e-004	
2770	3.250000e-004	
2771	3.750000e-004	
2772	5.000000e-004	
2773	4.750000e-004	
2774	5.000000e-004	
2775	4.500000e-004	
2776	2.500000e-004	
2777	2.250000e-004	
2778	2.750000e-004	
2779	2.750000e-004	
2780	2.500000e-004	
2781	2.500000e-004	
2782	2.000000e-004	
2783	1.750000e-004	
2784	3.000000e-004	
2785	3.500000e-004	
2786	2.500000e-004	
2787	2.250000e-004	
2788	2.750000e-004	
2789	3.500000e-004	
2790	3.250000e-004	
2791	2.500000e-004	
2792	1.750000e-004	
2793	2.500000e-004	
2794	2.500000e-004	
2795	1.500000e-004	
2796	1.000000e-004	
2797	1.250000e-004	
2798	1.000000e-004	
2799	1.000000e-004	
2800	1.250000e-004	
2801	1.250000e-004	
2802	7.500000e-005	
2803	0	
2804	0	
2805	0	
2806	0	
2807	0	
2808	0	
2809	0	
2810	0	
2811	0	
2812	0	
2813	0	
2814	0	
2815	0	
2816	0	
2817	0	
2818	0	
2819	0	
2820	0	
2821	0	
2822	0	
2823	0	
2824	0	
2825	0	
2826	0	
2827	0	
2828	0	
2829	0	
2830	0	
2831	0	
2832	0	
2833	0	
2834	0	
2835	0	
2836	0	
2837	0	
2838	0	
2839	0	
2840	0	
2841	0	
2842	2.500000e-005	
2843	2.500000e-005	
2844	2.500000e-005	
2845	0	
2846	0	
2847	0	
2848	0	
2849	0	
2850	0	
2851	0	
2852	0	
2853	0	
2854	0	
2855	0	
2856	0	
2857	0	
2858	0	
2859	0	
2860	0	
2861	0	
2862	0	
2863	0	
2864	0	
2865	0	
2866	0	
2867	0	
2868	0	
2869	0	
2870	0	
2871	0	
2872	0	
2873	0	
2874	0	
2875	0	
2876	0	
2877	0	
2878	0	
2879	0	
2880	0	
2881	0	
2882	0	
2883	0	
2884	0	
2885	0	
2886	0	
2887	0	
2888	0	
2889	0	
2890	0	
2891	0	
2892	0	
2893	0	
2894	0	
2895	0	
2896	0	
2897	0	
2898	0	
2899	0	
2900	0	
2901	0	
2902	0	
2903	0	
2904	0	
2905	0	
2906	0	
2907	0	
2908	0	
2909	0	
2910	0	
2911	0	
2912	0	
2913	0	
2914	0	
2915	0	
2916	0	
2917	0	
2918	0	
2919	0	
2920	0	
2921	0	
2922	0	
2923	0	
2924	0	
2925	0	
2926	0	
2927	0	
2928	0	
2929	0	
2930	0	
2931	0	
2932	0	
2933	0	
2934	0	
2935	0	
2936	0	
2937	0	
2938	0	
2939	0	
2940	2.500000e-005	
2941	7.500000e-005	
2942	7.500000e-005	
2943	1.250000e-004	
2944	1.750000e-004	
2945	1.250000e-004	
2946	1.250000e-004	
2947	7.500000e-005	
2948	0	
2949	0	
2950	0	
2951	0	
2952	0	
2953	0	
2954	0	
2955	0	
2956	0	
2957	0	
2958	0	
2959	0	
2960	0	
2961	0	
2962	0	
2963	0	
2964	0	
2965	0	
2966	0	
2967	0	
2968	0	
2969	0	
2970	0	
2971	0	
2972	0	
2973	0	
2974	0	
2975	0	
2976	0	
2977	0	
2978	0	
2979	0	
2980	0	
2981	0	
2982	0	
2983	0	
2984	0	
2985	2.500000e-005	
2986	5.000000e-005	
2987	5.000000e-005	
2988	1.000000e-004	
2989	2.500000e-005	
2990	2.500000e-005	
2991	2.500000e-005	
2992	0	
2993	0	
2994	0	
2995	0	
2996	0	
2997	0	
2998	0	
2999	0	
3000	0	
3001	0	
