1	0	
2	0	
3	0	
4	0	
5	0	
6	0	
7	2.500000e-005	
8	0	
9	0	
10	0	
11	0	
12	2.500000e-005	
13	5.000000e-005	
14	2.500000e-005	
15	0	
16	0	
17	0	
18	0	
19	0	
20	0	
21	0	
22	0	
23	0	
24	0	
25	0	
26	0	
27	0	
28	0	
29	0	
30	0	
31	0	
32	0	
33	0	
34	0	
35	0	
36	0	
37	0	
38	0	
39	0	
40	0	
41	0	
42	0	
43	0	
44	0	
45	0	
46	0	
47	0	
48	0	
49	0	
50	0	
51	0	
52	0	
53	0	
54	0	
55	0	
56	0	
57	0	
58	0	
59	0	
60	0	
61	0	
62	0	
63	0	
64	0	
65	0	
66	0	
67	0	
68	0	
69	0	
70	0	
71	0	
72	0	
73	0	
74	0	
75	0	
76	0	
77	0	
78	0	
79	0	
80	0	
81	0	
82	0	
83	0	
84	0	
85	0	
86	0	
87	0	
88	0	
89	0	
90	0	
91	0	
92	0	
93	0	
94	0	
95	0	
96	0	
97	0	
98	0	
99	0	
100	0	
101	0	
102	2.500000e-005	
103	5.000000e-005	
104	2.500000e-005	
105	2.500000e-005	
106	2.500000e-005	
107	2.500000e-005	
108	5.000000e-005	
109	5.000000e-005	
110	0	
111	0	
112	0	
113	0	
114	0	
115	0	
116	0	
117	0	
118	0	
119	0	
120	0	
121	0	
122	0	
123	0	
124	0	
125	0	
126	0	
127	0	
128	0	
129	0	
130	2.500000e-005	
131	2.500000e-005	
132	2.500000e-005	
133	0	
134	0	
135	0	
136	0	
137	0	
138	0	
139	0	
140	0	
141	0	
142	0	
143	0	
144	0	
145	0	
146	0	
147	0	
148	0	
149	0	
150	0	
151	0	
152	0	
153	0	
154	0	
155	0	
156	0	
157	0	
158	0	
159	0	
160	0	
161	0	
162	0	
163	0	
164	0	
165	0	
166	0	
167	0	
168	0	
169	0	
170	0	
171	0	
172	0	
173	0	
174	0	
175	0	
176	0	
177	0	
178	0	
179	0	
180	0	
181	0	
182	0	
183	0	
184	0	
185	0	
186	0	
187	0	
188	0	
189	0	
190	0	
191	0	
192	0	
193	0	
194	0	
195	0	
196	0	
197	0	
198	0	
199	0	
200	0	
201	0	
202	0	
203	0	
204	0	
205	0	
206	0	
207	0	
208	0	
209	0	
210	0	
211	0	
212	0	
213	0	
214	0	
215	0	
216	0	
217	0	
218	0	
219	0	
220	2.500000e-005	
221	2.500000e-005	
222	2.500000e-005	
223	2.500000e-005	
224	7.500000e-005	
225	1.000000e-004	
226	5.000000e-005	
227	7.500000e-005	
228	7.500000e-005	
229	1.250000e-004	
230	1.750000e-004	
231	2.250000e-004	
232	3.750000e-004	
233	3.250000e-004	
234	3.250000e-004	
235	1.750000e-004	
236	1.250000e-004	
237	1.000000e-004	
238	1.000000e-004	
239	5.000000e-005	
240	5.000000e-005	
241	7.500000e-005	
242	2.500000e-005	
243	5.000000e-005	
244	7.500000e-005	
245	1.500000e-004	
246	2.250000e-004	
247	2.250000e-004	
248	3.250000e-004	
249	2.500000e-004	
250	2.500000e-004	
251	2.000000e-004	
252	1.500000e-004	
253	1.500000e-004	
254	1.000000e-004	
255	1.250000e-004	
256	7.500000e-005	
257	1.000000e-004	
258	5.000000e-005	
259	2.500000e-005	
260	2.500000e-005	
261	2.500000e-005	
262	2.500000e-005	
263	0	
264	0	
265	0	
266	0	
267	0	
268	0	
269	0	
270	0	
271	0	
272	0	
273	0	
274	0	
275	0	
276	0	
277	0	
278	0	
279	0	
280	0	
281	0	
282	0	
283	0	
284	0	
285	0	
286	0	
287	0	
288	0	
289	0	
290	0	
291	0	
292	0	
293	0	
294	0	
295	0	
296	0	
297	0	
298	0	
299	0	
300	0	
301	0	
302	0	
303	0	
304	0	
305	0	
306	0	
307	0	
308	0	
309	0	
310	0	
311	0	
312	0	
313	0	
314	0	
315	0	
316	0	
317	0	
318	0	
319	0	
320	0	
321	0	
322	0	
323	0	
324	2.500000e-005	
325	2.500000e-005	
326	5.000000e-005	
327	2.500000e-005	
328	2.500000e-005	
329	5.000000e-005	
330	1.000000e-004	
331	1.250000e-004	
332	2.250000e-004	
333	1.750000e-004	
334	1.250000e-004	
335	1.500000e-004	
336	7.500000e-005	
337	7.500000e-005	
338	1.250000e-004	
339	1.250000e-004	
340	1.250000e-004	
341	7.500000e-005	
342	5.000000e-005	
343	1.250000e-004	
344	2.250000e-004	
345	1.250000e-004	
346	2.250000e-004	
347	1.750000e-004	
348	1.250000e-004	
349	1.000000e-004	
350	2.000000e-004	
351	2.500000e-004	
352	1.500000e-004	
353	2.500000e-004	
354	3.000000e-004	
355	4.000000e-004	
356	4.500000e-004	
357	4.750000e-004	
358	3.000000e-004	
359	3.000000e-004	
360	4.250000e-004	
361	4.250000e-004	
362	3.250000e-004	
363	4.750000e-004	
364	5.500000e-004	
365	5.250000e-004	
366	6.000000e-004	
367	7.250000e-004	
368	9.000000e-004	
369	9.000000e-004	
370	8.750000e-004	
371	1.075000e-003	
372	1.150000e-003	
373	9.500000e-004	
374	9.250000e-004	
375	8.000000e-004	
376	9.500000e-004	
377	1.000000e-003	
378	9.250000e-004	
379	1.275000e-003	
380	1.575000e-003	
381	1.825000e-003	
382	1.850000e-003	
383	1.825000e-003	
384	2.000000e-003	
385	2.100000e-003	
386	1.675000e-003	
387	1.900000e-003	
388	1.700000e-003	
389	1.575000e-003	
390	1.525000e-003	
391	1.475000e-003	
392	1.325000e-003	
393	1.175000e-003	
394	1.300000e-003	
395	1.400000e-003	
396	1.425000e-003	
397	1.325000e-003	
398	1.350000e-003	
399	1.425000e-003	
400	1.125000e-003	
401	1.350000e-003	
402	1.525000e-003	
403	1.725000e-003	
404	1.725000e-003	
405	1.575000e-003	
406	1.700000e-003	
407	1.375000e-003	
408	1.525000e-003	
409	1.400000e-003	
410	1.675000e-003	
411	1.700000e-003	
412	1.725000e-003	
413	1.725000e-003	
414	1.850000e-003	
415	1.775000e-003	
416	1.850000e-003	
417	2.000000e-003	
418	2.275000e-003	
419	2.275000e-003	
420	2.550000e-003	
421	2.375000e-003	
422	2.175000e-003	
423	2.200000e-003	
424	2.450000e-003	
425	2.425000e-003	
426	2.775000e-003	
427	3.025000e-003	
428	2.925000e-003	
429	2.925000e-003	
430	3.050000e-003	
431	3.000000e-003	
432	3.100000e-003	
433	3.325000e-003	
434	2.975000e-003	
435	2.975000e-003	
436	2.925000e-003	
437	2.600000e-003	
438	2.875000e-003	
439	2.650000e-003	
440	2.975000e-003	
441	2.950000e-003	
442	2.550000e-003	
443	2.450000e-003	
444	2.475000e-003	
445	2.475000e-003	
446	3.000000e-003	
447	3.625000e-003	
448	3.850000e-003	
449	3.900000e-003	
450	3.575000e-003	
451	3.650000e-003	
452	3.800000e-003	
453	3.525000e-003	
454	2.875000e-003	
455	3.275000e-003	
456	3.075000e-003	
457	3.325000e-003	
458	3.000000e-003	
459	3.225000e-003	
460	3.925000e-003	
461	3.525000e-003	
462	3.650000e-003	
463	3.875000e-003	
464	3.775000e-003	
465	3.950000e-003	
466	3.675000e-003	
467	3.650000e-003	
468	3.825000e-003	
469	3.850000e-003	
470	3.975000e-003	
471	3.725000e-003	
472	3.275000e-003	
473	3.575000e-003	
474	3.900000e-003	
475	3.725000e-003	
476	4.075000e-003	
477	4.050000e-003	
478	4.175000e-003	
479	3.950000e-003	
480	4.150000e-003	
481	4.000000e-003	
482	4.600000e-003	
483	4.575000e-003	
484	5.200000e-003	
485	4.725000e-003	
486	4.425000e-003	
487	3.825000e-003	
488	3.775000e-003	
489	4.250000e-003	
490	4.325000e-003	
491	4.250000e-003	
492	4.125000e-003	
493	4.650000e-003	
494	4.800000e-003	
495	5.100000e-003	
496	5.350000e-003	
497	5.850000e-003	
498	5.725000e-003	
499	5.500000e-003	
500	5.925000e-003	
501	5.350000e-003	
502	6.125000e-003	
503	6.200000e-003	
504	6.200000e-003	
505	5.550000e-003	
506	5.600000e-003	
507	5.000000e-003	
508	4.500000e-003	
509	4.475000e-003	
510	4.600000e-003	
511	4.750000e-003	
512	5.125000e-003	
513	5.700000e-003	
514	5.325000e-003	
515	5.000000e-003	
516	4.200000e-003	
517	3.925000e-003	
518	3.700000e-003	
519	3.425000e-003	
520	3.750000e-003	
521	3.675000e-003	
522	3.100000e-003	
523	2.575000e-003	
524	2.050000e-003	
525	1.950000e-003	
526	1.800000e-003	
527	1.725000e-003	
528	1.375000e-003	
529	1.375000e-003	
530	1.150000e-003	
531	1.075000e-003	
532	9.000000e-004	
533	7.500000e-004	
534	7.250000e-004	
535	5.750000e-004	
536	5.250000e-004	
537	6.250000e-004	
538	6.000000e-004	
539	8.000000e-004	
540	6.250000e-004	
541	7.250000e-004	
542	8.000000e-004	
543	7.750000e-004	
544	6.750000e-004	
545	5.750000e-004	
546	6.000000e-004	
547	6.000000e-004	
548	5.250000e-004	
549	5.500000e-004	
550	5.500000e-004	
551	6.500000e-004	
552	6.250000e-004	
553	5.250000e-004	
554	4.000000e-004	
555	5.750000e-004	
556	4.750000e-004	
557	6.000000e-004	
558	4.250000e-004	
559	3.000000e-004	
560	3.750000e-004	
561	6.250000e-004	
562	7.250000e-004	
563	7.500000e-004	
564	7.250000e-004	
565	7.250000e-004	
566	9.500000e-004	
567	9.000000e-004	
568	7.500000e-004	
569	6.500000e-004	
570	7.500000e-004	
571	6.500000e-004	
572	6.000000e-004	
573	3.750000e-004	
574	3.500000e-004	
575	2.000000e-004	
576	2.000000e-004	
577	1.000000e-004	
578	7.500000e-005	
579	1.500000e-004	
580	1.500000e-004	
581	1.500000e-004	
582	1.750000e-004	
583	2.500000e-004	
584	2.000000e-004	
585	5.000000e-005	
586	2.500000e-005	
587	2.500000e-005	
588	2.500000e-005	
589	2.500000e-005	
590	7.500000e-005	
591	1.000000e-004	
592	1.500000e-004	
593	7.500000e-005	
594	2.500000e-005	
595	5.000000e-005	
596	2.500000e-005	
597	2.500000e-005	
598	2.500000e-005	
599	2.500000e-005	
600	5.000000e-005	
601	5.000000e-005	
602	0	
603	0	
604	0	
605	0	
606	0	
607	0	
608	0	
609	0	
610	0	
611	0	
612	0	
613	0	
614	0	
615	0	
616	0	
617	0	
618	0	
619	0	
620	0	
621	0	
622	0	
623	0	
624	0	
625	0	
626	0	
627	0	
628	0	
629	0	
630	0	
631	0	
632	0	
633	0	
634	0	
635	0	
636	0	
637	0	
638	0	
639	0	
640	0	
641	0	
642	0	
643	0	
644	0	
645	0	
646	0	
647	0	
648	0	
649	0	
650	0	
651	0	
652	0	
653	0	
654	0	
655	0	
656	0	
657	0	
658	0	
659	0	
660	0	
661	0	
662	0	
663	0	
664	0	
665	0	
666	0	
667	0	
668	0	
669	0	
670	0	
671	0	
672	0	
673	0	
674	0	
675	0	
676	0	
677	0	
678	2.500000e-005	
679	2.500000e-005	
680	2.500000e-005	
681	0	
682	0	
683	0	
684	0	
685	0	
686	0	
687	0	
688	0	
689	0	
690	0	
691	0	
692	0	
693	0	
694	0	
695	0	
696	0	
697	0	
698	0	
699	0	
700	0	
701	0	
702	0	
703	0	
704	0	
705	0	
706	0	
707	0	
708	0	
709	0	
710	0	
711	0	
712	0	
713	0	
714	0	
715	0	
716	0	
717	0	
718	0	
719	0	
720	0	
721	0	
722	0	
723	0	
724	0	
725	0	
726	0	
727	0	
728	0	
729	2.500000e-005	
730	5.000000e-005	
731	7.500000e-005	
732	1.250000e-004	
733	1.500000e-004	
734	2.750000e-004	
735	3.000000e-004	
736	3.000000e-004	
737	4.000000e-004	
738	3.750000e-004	
739	4.250000e-004	
740	2.750000e-004	
741	3.000000e-004	
742	3.250000e-004	
743	3.250000e-004	
744	3.000000e-004	
745	3.750000e-004	
746	3.750000e-004	
747	4.500000e-004	
748	5.000000e-004	
749	5.750000e-004	
750	4.250000e-004	
751	3.750000e-004	
752	4.500000e-004	
753	4.750000e-004	
754	2.500000e-004	
755	2.250000e-004	
756	2.000000e-004	
757	1.750000e-004	
758	1.750000e-004	
759	7.500000e-005	
760	5.000000e-005	
761	0	
762	0	
763	0	
764	0	
765	0	
766	0	
767	0	
768	0	
769	0	
770	0	
771	0	
772	0	
773	0	
774	0	
775	0	
776	2.500000e-005	
777	2.500000e-005	
778	2.500000e-005	
779	0	
780	0	
781	0	
782	0	
783	0	
784	0	
785	0	
786	0	
787	2.500000e-005	
788	2.500000e-005	
789	2.500000e-005	
790	0	
791	0	
792	0	
793	0	
794	0	
795	0	
796	0	
797	0	
798	0	
799	0	
800	0	
801	0	
802	0	
803	0	
804	0	
805	0	
806	0	
807	0	
808	0	
809	0	
810	0	
811	0	
812	0	
813	0	
814	0	
815	0	
816	0	
817	0	
818	0	
819	0	
820	0	
821	0	
822	0	
823	0	
824	0	
825	0	
826	0	
827	0	
828	0	
829	0	
830	0	
831	0	
832	0	
833	0	
834	0	
835	0	
836	0	
837	0	
838	0	
839	0	
840	0	
841	0	
842	0	
843	0	
844	0	
845	0	
846	0	
847	0	
848	0	
849	0	
850	0	
851	0	
852	0	
853	0	
854	0	
855	0	
856	0	
857	0	
858	2.500000e-005	
859	0	
860	0	
861	0	
862	0	
863	0	
864	0	
865	0	
866	0	
867	0	
868	0	
869	0	
870	0	
871	0	
872	0	
873	2.500000e-005	
874	0	
875	0	
876	0	
877	0	
878	0	
879	0	
880	0	
881	0	
882	0	
883	0	
884	0	
885	0	
886	0	
887	0	
888	0	
889	0	
890	0	
891	0	
892	0	
893	0	
894	0	
895	0	
896	0	
897	0	
898	0	
899	0	
900	0	
901	0	
902	0	
903	0	
904	0	
905	0	
906	0	
907	0	
908	0	
909	0	
910	0	
911	0	
912	0	
913	0	
914	0	
915	0	
916	0	
917	0	
918	0	
919	0	
920	0	
921	0	
922	0	
923	0	
924	0	
925	0	
926	2.500000e-005	
927	2.500000e-005	
928	5.000000e-005	
929	7.500000e-005	
930	2.500000e-005	
931	2.500000e-005	
932	0	
933	0	
934	0	
935	0	
936	0	
937	0	
938	0	
939	0	
940	0	
941	0	
942	0	
943	2.500000e-005	
944	5.000000e-005	
945	1.500000e-004	
946	5.000000e-005	
947	2.500000e-005	
948	0	
949	0	
950	0	
951	0	
952	0	
953	0	
954	0	
955	0	
956	0	
957	0	
958	0	
959	0	
960	0	
961	0	
962	0	
963	0	
964	0	
965	0	
966	0	
967	0	
968	0	
969	0	
970	0	
971	0	
972	0	
973	0	
974	0	
975	0	
976	0	
977	0	
978	0	
979	0	
980	2.500000e-005	
981	2.500000e-005	
982	2.500000e-005	
983	2.500000e-005	
984	2.500000e-005	
985	5.000000e-005	
986	5.000000e-005	
987	5.000000e-005	
988	2.500000e-005	
989	0	
990	0	
991	0	
992	0	
993	0	
994	0	
995	0	
996	0	
997	0	
998	0	
999	0	
1000	0	
1001	0	
1002	0	
1003	0	
1004	0	
1005	0	
1006	0	
1007	0	
1008	0	
1009	0	
1010	0	
1011	0	
1012	0	
1013	0	
1014	0	
1015	0	
1016	0	
1017	0	
1018	0	
1019	0	
1020	0	
1021	0	
1022	0	
1023	0	
1024	0	
1025	0	
1026	0	
1027	0	
1028	0	
1029	0	
1030	0	
1031	0	
1032	0	
1033	0	
1034	0	
1035	0	
1036	0	
1037	0	
1038	0	
1039	0	
1040	0	
1041	0	
1042	0	
1043	0	
1044	0	
1045	0	
1046	0	
1047	0	
1048	0	
1049	0	
1050	0	
1051	0	
1052	0	
1053	0	
1054	0	
1055	0	
1056	0	
1057	0	
1058	0	
1059	0	
1060	0	
1061	0	
1062	0	
1063	0	
1064	0	
1065	0	
1066	0	
1067	0	
1068	0	
1069	0	
1070	0	
1071	0	
1072	0	
1073	0	
1074	0	
1075	0	
1076	0	
1077	0	
1078	0	
1079	0	
1080	0	
1081	0	
1082	0	
1083	0	
1084	0	
1085	0	
1086	0	
1087	0	
1088	0	
1089	0	
1090	0	
1091	0	
1092	0	
1093	0	
1094	0	
1095	0	
1096	0	
1097	2.500000e-005	
1098	5.000000e-005	
1099	7.500000e-005	
1100	1.000000e-004	
1101	1.000000e-004	
1102	7.500000e-005	
1103	2.500000e-005	
1104	0	
1105	2.500000e-005	
1106	1.000000e-004	
1107	2.250000e-004	
1108	2.250000e-004	
1109	2.500000e-004	
1110	1.750000e-004	
1111	1.250000e-004	
1112	1.750000e-004	
1113	2.000000e-004	
1114	3.000000e-004	
1115	4.250000e-004	
1116	5.000000e-004	
1117	4.000000e-004	
1118	4.500000e-004	
1119	5.500000e-004	
1120	3.500000e-004	
1121	3.000000e-004	
1122	3.250000e-004	
1123	2.500000e-004	
1124	3.500000e-004	
1125	2.750000e-004	
1126	3.750000e-004	
1127	3.750000e-004	
1128	6.500000e-004	
1129	5.250000e-004	
1130	3.500000e-004	
1131	3.750000e-004	
1132	5.250000e-004	
1133	6.750000e-004	
1134	6.000000e-004	
1135	7.000000e-004	
1136	6.250000e-004	
1137	6.750000e-004	
1138	7.000000e-004	
1139	7.000000e-004	
1140	7.250000e-004	
1141	7.500000e-004	
1142	7.000000e-004	
1143	4.750000e-004	
1144	7.000000e-004	
1145	8.000000e-004	
1146	9.000000e-004	
1147	1.050000e-003	
1148	1.125000e-003	
1149	1.100000e-003	
1150	1.075000e-003	
1151	1.100000e-003	
1152	1.000000e-003	
1153	7.500000e-004	
1154	7.250000e-004	
1155	7.250000e-004	
1156	8.250000e-004	
1157	8.250000e-004	
1158	9.000000e-004	
1159	6.500000e-004	
1160	5.250000e-004	
1161	3.250000e-004	
1162	4.000000e-004	
1163	2.250000e-004	
1164	1.250000e-004	
1165	1.000000e-004	
1166	2.750000e-004	
1167	4.250000e-004	
1168	3.500000e-004	
1169	4.750000e-004	
1170	5.500000e-004	
1171	6.000000e-004	
1172	6.250000e-004	
1173	5.000000e-004	
1174	6.250000e-004	
1175	4.250000e-004	
1176	5.000000e-004	
1177	3.750000e-004	
1178	4.500000e-004	
1179	4.500000e-004	
1180	4.750000e-004	
1181	6.250000e-004	
1182	4.750000e-004	
1183	4.500000e-004	
1184	3.750000e-004	
1185	3.000000e-004	
1186	2.500000e-004	
1187	1.750000e-004	
1188	1.500000e-004	
1189	1.500000e-004	
1190	2.500000e-004	
1191	7.500000e-005	
1192	1.000000e-004	
1193	1.500000e-004	
1194	2.750000e-004	
1195	3.000000e-004	
1196	4.000000e-004	
1197	2.000000e-004	
1198	1.250000e-004	
1199	1.500000e-004	
1200	1.250000e-004	
1201	1.500000e-004	
1202	1.000000e-004	
1203	1.000000e-004	
1204	7.500000e-005	
1205	5.000000e-005	
1206	0	
1207	0	
1208	0	
1209	0	
1210	0	
1211	2.500000e-005	
1212	5.000000e-005	
1213	5.000000e-005	
1214	1.000000e-004	
1215	7.500000e-005	
1216	2.500000e-005	
1217	2.500000e-005	
1218	0	
1219	0	
1220	0	
1221	2.500000e-005	
1222	7.500000e-005	
1223	5.000000e-005	
1224	1.250000e-004	
1225	1.500000e-004	
1226	2.250000e-004	
1227	2.750000e-004	
1228	2.000000e-004	
1229	2.500000e-004	
1230	1.750000e-004	
1231	1.250000e-004	
1232	5.000000e-005	
1233	1.000000e-004	
1234	2.500000e-005	
1235	0	
1236	2.500000e-005	
1237	5.000000e-005	
1238	2.500000e-005	
1239	5.000000e-005	
1240	7.500000e-005	
1241	1.250000e-004	
1242	2.500000e-005	
1243	0	
1244	0	
1245	0	
1246	0	
1247	0	
1248	0	
1249	0	
1250	0	
1251	0	
1252	0	
1253	0	
1254	0	
1255	0	
1256	0	
1257	2.500000e-005	
1258	5.000000e-005	
1259	5.000000e-005	
1260	7.500000e-005	
1261	7.500000e-005	
1262	2.500000e-005	
1263	0	
1264	0	
1265	0	
1266	0	
1267	0	
1268	0	
1269	0	
1270	0	
1271	0	
1272	0	
1273	0	
1274	0	
1275	0	
1276	0	
1277	0	
1278	0	
1279	0	
1280	0	
1281	0	
1282	0	
1283	0	
1284	0	
1285	0	
1286	0	
1287	0	
1288	2.500000e-005	
1289	5.000000e-005	
1290	5.000000e-005	
1291	7.500000e-005	
1292	1.000000e-004	
1293	1.500000e-004	
1294	2.000000e-004	
1295	1.000000e-004	
1296	5.000000e-005	
1297	1.250000e-004	
1298	1.250000e-004	
1299	7.500000e-005	
1300	1.750000e-004	
1301	5.000000e-005	
1302	1.000000e-004	
1303	2.000000e-004	
1304	2.250000e-004	
1305	1.500000e-004	
1306	1.500000e-004	
1307	1.000000e-004	
1308	7.500000e-005	
1309	1.000000e-004	
1310	1.500000e-004	
1311	2.000000e-004	
1312	1.000000e-004	
1313	1.000000e-004	
1314	1.000000e-004	
1315	7.500000e-005	
1316	1.000000e-004	
1317	1.500000e-004	
1318	7.500000e-005	
1319	7.500000e-005	
1320	7.500000e-005	
1321	5.000000e-005	
1322	5.000000e-005	
1323	7.500000e-005	
1324	5.000000e-005	
1325	7.500000e-005	
1326	1.250000e-004	
1327	1.250000e-004	
1328	1.500000e-004	
1329	1.750000e-004	
1330	1.500000e-004	
1331	2.000000e-004	
1332	2.000000e-004	
1333	2.250000e-004	
1334	7.500000e-005	
1335	7.500000e-005	
1336	1.000000e-004	
1337	1.750000e-004	
1338	2.500000e-004	
1339	2.750000e-004	
1340	2.000000e-004	
1341	2.000000e-004	
1342	1.750000e-004	
1343	1.250000e-004	
1344	2.000000e-004	
1345	2.750000e-004	
1346	2.750000e-004	
1347	3.500000e-004	
1348	4.750000e-004	
1349	2.750000e-004	
1350	2.500000e-004	
1351	1.750000e-004	
1352	2.750000e-004	
1353	2.750000e-004	
1354	3.250000e-004	
1355	2.500000e-004	
1356	4.000000e-004	
1357	5.500000e-004	
1358	5.000000e-004	
1359	5.500000e-004	
1360	5.250000e-004	
1361	6.250000e-004	
1362	3.750000e-004	
1363	3.500000e-004	
1364	5.750000e-004	
1365	5.250000e-004	
1366	4.500000e-004	
1367	5.750000e-004	
1368	6.250000e-004	
1369	5.500000e-004	
1370	5.250000e-004	
1371	4.500000e-004	
1372	4.500000e-004	
1373	7.000000e-004	
1374	8.750000e-004	
1375	9.250000e-004	
1376	7.750000e-004	
1377	7.750000e-004	
1378	6.750000e-004	
1379	5.250000e-004	
1380	8.500000e-004	
1381	9.500000e-004	
1382	1.175000e-003	
1383	9.750000e-004	
1384	1.125000e-003	
1385	1.225000e-003	
1386	1.275000e-003	
1387	1.075000e-003	
1388	1.125000e-003	
1389	1.175000e-003	
1390	9.000000e-004	
1391	1.150000e-003	
1392	1.000000e-003	
1393	8.500000e-004	
1394	6.750000e-004	
1395	6.000000e-004	
1396	8.000000e-004	
1397	8.500000e-004	
1398	8.750000e-004	
1399	7.750000e-004	
1400	6.250000e-004	
1401	6.250000e-004	
1402	5.250000e-004	
1403	4.000000e-004	
1404	1.500000e-004	
1405	2.250000e-004	
1406	3.250000e-004	
1407	3.250000e-004	
1408	3.500000e-004	
1409	3.250000e-004	
1410	4.500000e-004	
1411	4.250000e-004	
1412	5.250000e-004	
1413	5.000000e-004	
1414	5.250000e-004	
1415	4.750000e-004	
1416	4.000000e-004	
1417	4.000000e-004	
1418	3.750000e-004	
1419	5.500000e-004	
1420	5.250000e-004	
1421	7.500000e-004	
1422	7.000000e-004	
1423	6.500000e-004	
1424	7.500000e-004	
1425	5.750000e-004	
1426	7.500000e-004	
1427	7.250000e-004	
1428	9.250000e-004	
1429	1.150000e-003	
1430	9.750000e-004	
1431	8.250000e-004	
1432	1.050000e-003	
1433	1.050000e-003	
1434	1.000000e-003	
1435	1.225000e-003	
1436	1.475000e-003	
1437	1.550000e-003	
1438	1.500000e-003	
1439	1.675000e-003	
1440	1.525000e-003	
1441	1.775000e-003	
1442	1.750000e-003	
1443	1.575000e-003	
1444	1.925000e-003	
1445	2.250000e-003	
1446	2.250000e-003	
1447	1.825000e-003	
1448	1.925000e-003	
1449	1.600000e-003	
1450	1.500000e-003	
1451	1.325000e-003	
1452	1.200000e-003	
1453	1.275000e-003	
1454	1.150000e-003	
1455	1.150000e-003	
1456	1.250000e-003	
1457	1.475000e-003	
1458	1.350000e-003	
1459	1.350000e-003	
1460	1.500000e-003	
1461	1.500000e-003	
1462	1.500000e-003	
1463	1.225000e-003	
1464	1.450000e-003	
1465	1.600000e-003	
1466	1.625000e-003	
1467	1.500000e-003	
1468	1.675000e-003	
1469	1.575000e-003	
1470	1.875000e-003	
1471	1.975000e-003	
1472	2.350000e-003	
1473	2.475000e-003	
1474	2.500000e-003	
1475	2.450000e-003	
1476	1.900000e-003	
1477	2.175000e-003	
1478	1.950000e-003	
1479	1.875000e-003	
1480	2.025000e-003	
1481	2.000000e-003	
1482	2.300000e-003	
1483	2.050000e-003	
1484	2.675000e-003	
1485	2.550000e-003	
1486	2.550000e-003	
1487	2.700000e-003	
1488	2.475000e-003	
1489	2.350000e-003	
1490	2.550000e-003	
1491	2.425000e-003	
1492	2.350000e-003	
1493	2.250000e-003	
1494	1.750000e-003	
1495	1.875000e-003	
1496	2.125000e-003	
1497	2.200000e-003	
1498	2.200000e-003	
1499	2.225000e-003	
1500	2.100000e-003	
1501	1.825000e-003	
1502	1.600000e-003	
1503	1.475000e-003	
1504	1.625000e-003	
1505	1.725000e-003	
1506	1.675000e-003	
1507	1.425000e-003	
1508	1.550000e-003	
1509	1.750000e-003	
1510	2.000000e-003	
1511	2.325000e-003	
1512	2.325000e-003	
1513	2.525000e-003	
1514	2.500000e-003	
1515	2.500000e-003	
1516	2.450000e-003	
1517	1.925000e-003	
1518	2.075000e-003	
1519	2.075000e-003	
1520	2.725000e-003	
1521	2.600000e-003	
1522	2.500000e-003	
1523	2.450000e-003	
1524	2.225000e-003	
1525	2.325000e-003	
1526	2.625000e-003	
1527	2.925000e-003	
1528	2.450000e-003	
1529	2.225000e-003	
1530	1.900000e-003	
1531	1.975000e-003	
1532	1.875000e-003	
1533	2.200000e-003	
1534	2.000000e-003	
1535	1.700000e-003	
1536	1.775000e-003	
1537	1.625000e-003	
1538	1.650000e-003	
1539	1.875000e-003	
1540	1.825000e-003	
1541	1.925000e-003	
1542	2.050000e-003	
1543	2.050000e-003	
1544	1.700000e-003	
1545	1.950000e-003	
1546	2.200000e-003	
1547	2.200000e-003	
1548	2.150000e-003	
1549	2.100000e-003	
1550	1.875000e-003	
1551	2.000000e-003	
1552	1.800000e-003	
1553	1.875000e-003	
1554	1.700000e-003	
1555	1.800000e-003	
1556	1.500000e-003	
1557	1.725000e-003	
1558	1.675000e-003	
1559	1.475000e-003	
1560	1.650000e-003	
1561	2.100000e-003	
1562	2.300000e-003	
1563	2.150000e-003	
1564	2.650000e-003	
1565	2.575000e-003	
1566	2.100000e-003	
1567	2.275000e-003	
1568	2.575000e-003	
1569	2.225000e-003	
1570	2.250000e-003	
1571	2.425000e-003	
1572	2.850000e-003	
1573	2.500000e-003	
1574	2.550000e-003	
1575	2.800000e-003	
1576	2.700000e-003	
1577	2.525000e-003	
1578	2.475000e-003	
1579	2.825000e-003	
1580	3.050000e-003	
1581	3.150000e-003	
1582	3.050000e-003	
1583	3.400000e-003	
1584	3.275000e-003	
1585	3.350000e-003	
1586	3.500000e-003	
1587	3.775000e-003	
1588	3.550000e-003	
1589	3.550000e-003	
1590	3.975000e-003	
1591	3.375000e-003	
1592	3.500000e-003	
1593	3.150000e-003	
1594	3.100000e-003	
1595	3.050000e-003	
1596	3.150000e-003	
1597	3.075000e-003	
1598	3.200000e-003	
1599	2.525000e-003	
1600	2.875000e-003	
1601	2.975000e-003	
1602	2.950000e-003	
1603	2.900000e-003	
1604	2.825000e-003	
1605	2.275000e-003	
1606	2.325000e-003	
1607	2.175000e-003	
1608	2.275000e-003	
1609	2.300000e-003	
1610	2.250000e-003	
1611	2.325000e-003	
1612	2.150000e-003	
1613	2.050000e-003	
1614	2.150000e-003	
1615	2.075000e-003	
1616	1.800000e-003	
1617	1.725000e-003	
1618	1.700000e-003	
1619	1.425000e-003	
1620	1.550000e-003	
1621	1.950000e-003	
1622	1.775000e-003	
1623	1.600000e-003	
1624	1.800000e-003	
1625	2.425000e-003	
1626	2.575000e-003	
1627	2.475000e-003	
1628	2.275000e-003	
1629	1.775000e-003	
1630	1.600000e-003	
1631	1.750000e-003	
1632	1.550000e-003	
1633	1.350000e-003	
1634	1.125000e-003	
1635	9.000000e-004	
1636	8.750000e-004	
1637	1.050000e-003	
1638	9.750000e-004	
1639	7.500000e-004	
1640	6.500000e-004	
1641	5.250000e-004	
1642	4.500000e-004	
1643	3.500000e-004	
1644	2.250000e-004	
1645	2.000000e-004	
1646	2.500000e-004	
1647	3.000000e-004	
1648	2.000000e-004	
1649	3.000000e-004	
1650	4.000000e-004	
1651	3.750000e-004	
1652	4.750000e-004	
1653	5.250000e-004	
1654	5.000000e-004	
1655	4.000000e-004	
1656	6.000000e-004	
1657	6.000000e-004	
1658	4.750000e-004	
1659	3.250000e-004	
1660	3.000000e-004	
1661	3.000000e-004	
1662	2.750000e-004	
1663	3.500000e-004	
1664	3.250000e-004	
1665	3.000000e-004	
1666	3.000000e-004	
1667	1.750000e-004	
1668	2.000000e-004	
1669	2.000000e-004	
1670	1.500000e-004	
1671	1.500000e-004	
1672	1.750000e-004	
1673	1.250000e-004	
1674	1.250000e-004	
1675	1.750000e-004	
1676	2.250000e-004	
1677	2.250000e-004	
1678	2.000000e-004	
1679	2.000000e-004	
1680	1.500000e-004	
1681	2.500000e-005	
1682	5.000000e-005	
1683	1.000000e-004	
1684	1.500000e-004	
1685	1.750000e-004	
1686	1.500000e-004	
1687	1.250000e-004	
1688	1.250000e-004	
1689	2.500000e-004	
1690	2.000000e-004	
1691	2.500000e-004	
1692	1.250000e-004	
1693	1.000000e-004	
1694	1.000000e-004	
1695	5.000000e-005	
1696	1.000000e-004	
1697	7.500000e-005	
1698	2.500000e-005	
1699	0	
1700	0	
1701	0	
1702	0	
1703	0	
1704	0	
1705	0	
1706	0	
1707	0	
1708	0	
1709	0	
1710	0	
1711	0	
1712	0	
1713	0	
1714	0	
1715	0	
1716	0	
1717	0	
1718	0	
1719	0	
1720	0	
1721	2.500000e-005	
1722	1.000000e-004	
1723	1.500000e-004	
1724	1.750000e-004	
1725	1.500000e-004	
1726	2.250000e-004	
1727	2.750000e-004	
1728	1.500000e-004	
1729	2.000000e-004	
1730	2.500000e-004	
1731	2.000000e-004	
1732	2.250000e-004	
1733	2.000000e-004	
1734	2.250000e-004	
1735	3.250000e-004	
1736	6.000000e-004	
1737	6.500000e-004	
1738	7.000000e-004	
1739	5.000000e-004	
1740	6.000000e-004	
1741	7.000000e-004	
1742	8.500000e-004	
1743	8.250000e-004	
1744	6.250000e-004	
1745	5.250000e-004	
1746	3.500000e-004	
1747	2.750000e-004	
1748	2.500000e-004	
1749	4.250000e-004	
1750	4.000000e-004	
1751	2.750000e-004	
1752	2.500000e-004	
1753	3.250000e-004	
1754	1.750000e-004	
1755	1.500000e-004	
1756	1.500000e-004	
1757	1.000000e-004	
1758	1.000000e-004	
1759	1.000000e-004	
1760	1.500000e-004	
1761	1.750000e-004	
1762	2.250000e-004	
1763	2.500000e-004	
1764	1.500000e-004	
1765	7.500000e-005	
1766	7.500000e-005	
1767	2.500000e-005	
1768	0	
1769	0	
1770	0	
1771	0	
1772	0	
1773	0	
1774	0	
1775	0	
1776	0	
1777	0	
1778	0	
1779	0	
1780	0	
1781	0	
1782	0	
1783	0	
1784	0	
1785	0	
1786	0	
1787	0	
1788	0	
1789	0	
1790	0	
1791	0	
1792	0	
1793	0	
1794	0	
1795	0	
1796	0	
1797	0	
1798	0	
1799	0	
1800	0	
1801	0	
1802	0	
1803	0	
1804	0	
1805	0	
1806	0	
1807	0	
1808	0	
1809	0	
1810	0	
1811	0	
1812	0	
1813	0	
1814	0	
1815	0	
1816	0	
1817	0	
1818	0	
1819	0	
1820	0	
1821	0	
1822	0	
1823	0	
1824	0	
1825	0	
1826	0	
1827	0	
1828	0	
1829	0	
1830	0	
1831	0	
1832	0	
1833	0	
1834	0	
1835	0	
1836	0	
1837	0	
1838	0	
1839	0	
1840	0	
1841	0	
1842	0	
1843	0	
1844	0	
1845	0	
1846	0	
1847	0	
1848	0	
1849	0	
1850	0	
1851	0	
1852	0	
1853	0	
1854	0	
1855	0	
1856	0	
1857	0	
1858	0	
1859	0	
1860	0	
1861	0	
1862	0	
1863	0	
1864	0	
1865	0	
1866	0	
1867	0	
1868	0	
1869	0	
1870	2.500000e-005	
1871	5.000000e-005	
1872	1.500000e-004	
1873	2.500000e-004	
1874	1.750000e-004	
1875	1.000000e-004	
1876	2.000000e-004	
1877	2.000000e-004	
1878	1.500000e-004	
1879	1.000000e-004	
1880	1.250000e-004	
1881	1.500000e-004	
1882	1.750000e-004	
1883	1.750000e-004	
1884	2.250000e-004	
1885	1.500000e-004	
1886	1.500000e-004	
1887	2.000000e-004	
1888	7.500000e-005	
1889	1.000000e-004	
1890	7.500000e-005	
1891	2.500000e-005	
1892	2.500000e-005	
1893	2.500000e-005	
1894	2.500000e-005	
1895	2.500000e-005	
1896	7.500000e-005	
1897	5.000000e-005	
1898	5.000000e-005	
1899	0	
1900	0	
1901	0	
1902	0	
1903	0	
1904	0	
1905	0	
1906	0	
1907	0	
1908	0	
1909	0	
1910	0	
1911	0	
1912	0	
1913	0	
1914	0	
1915	0	
1916	0	
1917	0	
1918	0	
1919	0	
1920	0	
1921	0	
1922	0	
1923	0	
1924	0	
1925	0	
1926	0	
1927	0	
1928	0	
1929	0	
1930	0	
1931	0	
1932	0	
1933	0	
1934	0	
1935	0	
1936	0	
1937	0	
1938	0	
1939	0	
1940	0	
1941	0	
1942	0	
1943	0	
1944	0	
1945	0	
1946	0	
1947	0	
1948	0	
1949	0	
1950	0	
1951	0	
1952	0	
1953	0	
1954	0	
1955	0	
1956	0	
1957	0	
1958	0	
1959	0	
1960	0	
1961	0	
1962	0	
1963	0	
1964	0	
1965	0	
1966	0	
1967	0	
1968	0	
1969	0	
1970	0	
1971	0	
1972	0	
1973	0	
1974	0	
1975	0	
1976	0	
1977	0	
1978	0	
1979	0	
1980	0	
1981	0	
1982	0	
1983	0	
1984	0	
1985	0	
1986	0	
1987	0	
1988	0	
1989	0	
1990	0	
1991	0	
1992	0	
1993	0	
1994	0	
1995	0	
1996	0	
1997	0	
1998	0	
1999	0	
2000	0	
2001	0	
2002	0	
2003	0	
2004	0	
2005	0	
2006	0	
2007	0	
2008	0	
2009	0	
2010	0	
2011	0	
2012	0	
2013	0	
2014	0	
2015	0	
2016	0	
2017	0	
2018	0	
2019	0	
2020	0	
2021	0	
2022	0	
2023	0	
2024	0	
2025	0	
2026	0	
2027	0	
2028	0	
2029	0	
2030	0	
2031	2.500000e-005	
2032	0	
2033	0	
2034	2.500000e-005	
2035	1.000000e-004	
2036	1.500000e-004	
2037	2.250000e-004	
2038	2.500000e-004	
2039	2.250000e-004	
2040	2.500000e-004	
2041	1.500000e-004	
2042	1.750000e-004	
2043	1.250000e-004	
2044	7.500000e-005	
2045	1.000000e-004	
2046	7.500000e-005	
2047	7.500000e-005	
2048	1.250000e-004	
2049	2.750000e-004	
2050	2.000000e-004	
2051	2.500000e-004	
2052	2.750000e-004	
2053	2.500000e-004	
2054	4.000000e-004	
2055	4.250000e-004	
2056	6.750000e-004	
2057	9.250000e-004	
2058	1.150000e-003	
2059	1.250000e-003	
2060	1.275000e-003	
2061	1.100000e-003	
2062	1.175000e-003	
2063	1.250000e-003	
2064	1.175000e-003	
2065	1.350000e-003	
2066	1.225000e-003	
2067	1.075000e-003	
2068	1.125000e-003	
2069	7.000000e-004	
2070	9.250000e-004	
2071	1.150000e-003	
2072	1.075000e-003	
2073	8.750000e-004	
2074	8.000000e-004	
2075	7.750000e-004	
2076	6.500000e-004	
2077	4.000000e-004	
2078	2.500000e-004	
2079	3.750000e-004	
2080	3.500000e-004	
2081	3.000000e-004	
2082	2.500000e-004	
2083	3.000000e-004	
2084	2.000000e-004	
2085	2.000000e-004	
2086	1.000000e-004	
2087	5.000000e-005	
2088	0	
2089	0	
2090	0	
2091	2.500000e-005	
2092	5.000000e-005	
2093	7.500000e-005	
2094	1.000000e-004	
2095	1.250000e-004	
2096	1.250000e-004	
2097	1.750000e-004	
2098	1.500000e-004	
2099	1.500000e-004	
2100	1.750000e-004	
2101	1.500000e-004	
2102	2.250000e-004	
2103	2.250000e-004	
2104	3.500000e-004	
2105	4.000000e-004	
2106	2.000000e-004	
2107	2.750000e-004	
2108	2.500000e-004	
2109	2.250000e-004	
2110	2.250000e-004	
2111	1.250000e-004	
2112	1.750000e-004	
2113	1.500000e-004	
2114	1.250000e-004	
2115	1.750000e-004	
2116	3.250000e-004	
2117	2.500000e-004	
2118	1.500000e-004	
2119	1.500000e-004	
2120	7.500000e-005	
2121	1.250000e-004	
2122	7.500000e-005	
2123	1.250000e-004	
2124	2.500000e-005	
2125	0	
2126	0	
2127	0	
2128	0	
2129	0	
2130	2.500000e-005	
2131	2.500000e-005	
2132	2.500000e-005	
2133	2.500000e-005	
2134	0	
2135	0	
2136	0	
2137	0	
2138	0	
2139	0	
2140	0	
2141	0	
2142	0	
2143	0	
2144	0	
2145	0	
2146	0	
2147	0	
2148	0	
2149	0	
2150	0	
2151	0	
2152	0	
2153	0	
2154	0	
2155	0	
2156	0	
2157	0	
2158	0	
2159	0	
2160	0	
2161	0	
2162	0	
2163	0	
2164	0	
2165	0	
2166	0	
2167	0	
2168	0	
2169	0	
2170	0	
2171	0	
2172	2.500000e-005	
2173	5.000000e-005	
2174	1.250000e-004	
2175	1.000000e-004	
2176	1.250000e-004	
2177	1.750000e-004	
2178	2.750000e-004	
2179	3.000000e-004	
2180	3.250000e-004	
2181	2.250000e-004	
2182	3.000000e-004	
2183	3.500000e-004	
2184	3.500000e-004	
2185	2.500000e-004	
2186	1.500000e-004	
2187	2.250000e-004	
2188	2.250000e-004	
2189	1.500000e-004	
2190	2.500000e-004	
2191	1.000000e-004	
2192	7.500000e-005	
2193	1.000000e-004	
2194	5.000000e-005	
2195	0	
2196	2.500000e-005	
2197	7.500000e-005	
2198	1.000000e-004	
2199	2.500000e-005	
2200	5.000000e-005	
2201	5.000000e-005	
2202	5.000000e-005	
2203	7.500000e-005	
2204	7.500000e-005	
2205	2.500000e-005	
2206	2.500000e-005	
2207	0	
2208	0	
2209	0	
2210	0	
2211	0	
2212	0	
2213	0	
2214	0	
2215	0	
2216	0	
2217	0	
2218	0	
2219	0	
2220	0	
2221	0	
2222	0	
2223	0	
2224	0	
2225	0	
2226	0	
2227	0	
2228	0	
2229	0	
2230	0	
2231	0	
2232	0	
2233	0	
2234	0	
2235	0	
2236	0	
2237	0	
2238	0	
2239	0	
2240	0	
2241	0	
2242	0	
2243	0	
2244	0	
2245	0	
2246	0	
2247	0	
2248	0	
2249	0	
2250	0	
2251	0	
2252	0	
2253	0	
2254	0	
2255	0	
2256	0	
2257	0	
2258	0	
2259	0	
2260	0	
2261	0	
2262	0	
2263	0	
2264	0	
2265	0	
2266	0	
2267	0	
2268	0	
2269	0	
2270	0	
2271	0	
2272	0	
2273	0	
2274	0	
2275	0	
2276	0	
2277	0	
2278	0	
2279	0	
2280	0	
2281	0	
2282	0	
2283	0	
2284	0	
2285	0	
2286	0	
2287	0	
2288	0	
2289	2.500000e-005	
2290	5.000000e-005	
2291	2.500000e-005	
2292	2.500000e-005	
2293	2.500000e-005	
2294	2.500000e-005	
2295	1.000000e-004	
2296	5.000000e-005	
2297	2.500000e-005	
2298	2.500000e-005	
2299	0	
2300	0	
2301	0	
2302	0	
2303	0	
2304	0	
2305	0	
2306	0	
2307	0	
2308	0	
2309	0	
2310	0	
2311	0	
2312	0	
2313	0	
2314	0	
2315	0	
2316	0	
2317	0	
2318	0	
2319	0	
2320	2.500000e-005	
2321	0	
2322	0	
2323	0	
2324	0	
2325	0	
2326	0	
2327	0	
2328	0	
2329	0	
2330	0	
2331	0	
2332	0	
2333	0	
2334	0	
2335	0	
2336	0	
2337	0	
2338	0	
2339	0	
2340	0	
2341	0	
2342	0	
2343	0	
2344	0	
2345	0	
2346	5.000000e-005	
2347	7.500000e-005	
2348	1.250000e-004	
2349	2.500000e-004	
2350	2.750000e-004	
2351	2.500000e-004	
2352	1.750000e-004	
2353	2.750000e-004	
2354	3.250000e-004	
2355	2.750000e-004	
2356	4.250000e-004	
2357	3.000000e-004	
2358	2.500000e-004	
2359	2.500000e-004	
2360	2.250000e-004	
2361	3.000000e-004	
2362	2.250000e-004	
2363	2.750000e-004	
2364	3.000000e-004	
2365	3.000000e-004	
2366	2.250000e-004	
2367	4.000000e-004	
2368	2.000000e-004	
2369	1.250000e-004	
2370	1.250000e-004	
2371	1.000000e-004	
2372	1.750000e-004	
2373	1.750000e-004	
2374	2.750000e-004	
2375	2.750000e-004	
2376	3.000000e-004	
2377	3.750000e-004	
2378	4.500000e-004	
2379	5.250000e-004	
2380	3.250000e-004	
2381	4.500000e-004	
2382	3.750000e-004	
2383	3.250000e-004	
2384	3.500000e-004	
2385	3.500000e-004	
2386	4.000000e-004	
2387	4.250000e-004	
2388	4.250000e-004	
2389	1.750000e-004	
2390	2.250000e-004	
2391	1.250000e-004	
2392	1.000000e-004	
2393	1.000000e-004	
2394	1.250000e-004	
2395	1.750000e-004	
2396	2.250000e-004	
2397	1.500000e-004	
2398	7.500000e-005	
2399	1.000000e-004	
2400	1.250000e-004	
2401	2.250000e-004	
2402	2.750000e-004	
2403	2.750000e-004	
2404	3.500000e-004	
2405	4.250000e-004	
2406	4.500000e-004	
2407	4.250000e-004	
2408	4.000000e-004	
2409	4.250000e-004	
2410	3.250000e-004	
2411	3.000000e-004	
2412	2.250000e-004	
2413	2.500000e-004	
2414	2.000000e-004	
2415	2.250000e-004	
2416	2.750000e-004	
2417	3.750000e-004	
2418	2.750000e-004	
2419	4.250000e-004	
2420	3.500000e-004	
2421	5.000000e-004	
2422	6.000000e-004	
2423	5.500000e-004	
2424	5.000000e-004	
2425	7.250000e-004	
2426	6.500000e-004	
2427	6.750000e-004	
2428	6.250000e-004	
2429	5.750000e-004	
2430	5.000000e-004	
2431	7.250000e-004	
2432	5.250000e-004	
2433	6.000000e-004	
2434	5.750000e-004	
2435	7.500000e-004	
2436	1.050000e-003	
2437	9.250000e-004	
2438	1.150000e-003	
2439	8.500000e-004	
2440	8.250000e-004	
2441	8.000000e-004	
2442	9.000000e-004	
2443	9.750000e-004	
2444	8.750000e-004	
2445	1.050000e-003	
2446	1.350000e-003	
2447	1.450000e-003	
2448	1.675000e-003	
2449	1.825000e-003	
2450	2.000000e-003	
2451	2.425000e-003	
2452	2.550000e-003	
2453	2.175000e-003	
2454	1.925000e-003	
2455	2.175000e-003	
2456	2.425000e-003	
2457	2.450000e-003	
2458	2.225000e-003	
2459	2.250000e-003	
2460	2.300000e-003	
2461	2.175000e-003	
2462	2.375000e-003	
2463	2.050000e-003	
2464	2.425000e-003	
2465	2.275000e-003	
2466	2.025000e-003	
2467	1.650000e-003	
2468	1.650000e-003	
2469	1.650000e-003	
2470	2.075000e-003	
2471	2.425000e-003	
2472	2.425000e-003	
2473	2.300000e-003	
2474	2.025000e-003	
2475	2.000000e-003	
2476	2.225000e-003	
2477	2.200000e-003	
2478	2.375000e-003	
2479	2.525000e-003	
2480	2.275000e-003	
2481	2.500000e-003	
2482	2.325000e-003	
2483	2.275000e-003	
2484	2.200000e-003	
2485	2.200000e-003	
2486	1.950000e-003	
2487	2.025000e-003	
2488	2.150000e-003	
2489	2.150000e-003	
2490	2.050000e-003	
2491	1.950000e-003	
2492	1.575000e-003	
2493	1.275000e-003	
2494	1.275000e-003	
2495	1.275000e-003	
2496	1.275000e-003	
2497	1.475000e-003	
2498	1.575000e-003	
2499	1.600000e-003	
2500	1.550000e-003	
2501	1.600000e-003	
2502	1.675000e-003	
2503	1.500000e-003	
2504	1.750000e-003	
2505	1.650000e-003	
2506	1.825000e-003	
2507	1.875000e-003	
2508	1.875000e-003	
2509	2.325000e-003	
2510	2.125000e-003	
2511	2.025000e-003	
2512	2.175000e-003	
2513	2.175000e-003	
2514	2.125000e-003	
2515	1.900000e-003	
2516	1.900000e-003	
2517	1.600000e-003	
2518	1.775000e-003	
2519	1.750000e-003	
2520	1.250000e-003	
2521	1.100000e-003	
2522	9.000000e-004	
2523	9.500000e-004	
2524	9.250000e-004	
2525	9.500000e-004	
2526	1.075000e-003	
2527	1.175000e-003	
2528	7.500000e-004	
2529	6.250000e-004	
2530	7.750000e-004	
2531	9.250000e-004	
2532	1.050000e-003	
2533	1.125000e-003	
2534	1.300000e-003	
2535	1.150000e-003	
2536	1.375000e-003	
2537	1.400000e-003	
2538	1.275000e-003	
2539	1.500000e-003	
2540	1.325000e-003	
2541	1.075000e-003	
2542	8.250000e-004	
2543	9.500000e-004	
2544	9.000000e-004	
2545	8.250000e-004	
2546	9.750000e-004	
2547	8.000000e-004	
2548	7.750000e-004	
2549	1.000000e-003	
2550	1.100000e-003	
2551	1.225000e-003	
2552	1.300000e-003	
2553	1.200000e-003	
2554	1.325000e-003	
2555	1.100000e-003	
2556	1.200000e-003	
2557	1.175000e-003	
2558	1.325000e-003	
2559	1.375000e-003	
2560	1.425000e-003	
2561	1.575000e-003	
2562	1.925000e-003	
2563	1.975000e-003	
2564	1.875000e-003	
2565	2.125000e-003	
2566	1.850000e-003	
2567	2.050000e-003	
2568	2.275000e-003	
2569	2.450000e-003	
2570	2.000000e-003	
2571	2.275000e-003	
2572	2.100000e-003	
2573	2.225000e-003	
2574	2.175000e-003	
2575	2.175000e-003	
2576	2.150000e-003	
2577	1.650000e-003	
2578	1.775000e-003	
2579	1.700000e-003	
2580	1.575000e-003	
2581	1.600000e-003	
2582	1.725000e-003	
2583	1.800000e-003	
2584	2.000000e-003	
2585	1.750000e-003	
2586	1.825000e-003	
2587	1.725000e-003	
2588	1.325000e-003	
2589	1.375000e-003	
2590	1.400000e-003	
2591	1.650000e-003	
2592	1.650000e-003	
2593	1.600000e-003	
2594	1.575000e-003	
2595	1.525000e-003	
2596	1.525000e-003	
2597	1.500000e-003	
2598	1.400000e-003	
2599	1.600000e-003	
2600	1.500000e-003	
2601	1.575000e-003	
2602	1.650000e-003	
2603	1.675000e-003	
2604	1.550000e-003	
2605	1.650000e-003	
2606	1.700000e-003	
2607	1.675000e-003	
2608	1.650000e-003	
2609	1.300000e-003	
2610	1.325000e-003	
2611	1.600000e-003	
2612	1.750000e-003	
2613	1.750000e-003	
2614	1.925000e-003	
2615	1.775000e-003	
2616	1.475000e-003	
2617	1.875000e-003	
2618	1.675000e-003	
2619	2.050000e-003	
2620	1.850000e-003	
2621	1.600000e-003	
2622	1.725000e-003	
2623	1.400000e-003	
2624	1.000000e-003	
2625	1.025000e-003	
2626	1.000000e-003	
2627	1.025000e-003	
2628	1.025000e-003	
2629	1.175000e-003	
2630	1.275000e-003	
2631	1.575000e-003	
2632	1.650000e-003	
2633	1.825000e-003	
2634	1.725000e-003	
2635	1.450000e-003	
2636	1.625000e-003	
2637	1.525000e-003	
2638	1.325000e-003	
2639	1.100000e-003	
2640	1.125000e-003	
2641	1.075000e-003	
2642	1.100000e-003	
2643	1.125000e-003	
2644	1.050000e-003	
2645	9.500000e-004	
2646	9.000000e-004	
2647	1.050000e-003	
2648	1.025000e-003	
2649	1.000000e-003	
2650	1.075000e-003	
2651	9.750000e-004	
2652	1.000000e-003	
2653	8.750000e-004	
2654	7.750000e-004	
2655	7.250000e-004	
2656	7.750000e-004	
2657	8.750000e-004	
2658	8.000000e-004	
2659	8.000000e-004	
2660	7.000000e-004	
2661	5.750000e-004	
2662	6.750000e-004	
2663	6.750000e-004	
2664	6.250000e-004	
2665	6.000000e-004	
2666	7.500000e-004	
2667	9.000000e-004	
2668	9.250000e-004	
2669	1.100000e-003	
2670	1.425000e-003	
2671	1.350000e-003	
2672	1.100000e-003	
2673	1.125000e-003	
2674	9.500000e-004	
2675	8.000000e-004	
2676	8.250000e-004	
2677	9.250000e-004	
2678	1.025000e-003	
2679	9.000000e-004	
2680	1.025000e-003	
2681	1.150000e-003	
2682	1.300000e-003	
2683	1.200000e-003	
2684	1.375000e-003	
2685	1.600000e-003	
2686	1.075000e-003	
2687	1.350000e-003	
2688	1.350000e-003	
2689	1.425000e-003	
2690	1.400000e-003	
2691	1.275000e-003	
2692	9.750000e-004	
2693	1.075000e-003	
2694	1.075000e-003	
2695	1.075000e-003	
2696	1.025000e-003	
2697	1.100000e-003	
2698	9.250000e-004	
2699	1.050000e-003	
2700	1.200000e-003	
2701	1.050000e-003	
2702	1.000000e-003	
2703	1.000000e-003	
2704	9.500000e-004	
2705	9.750000e-004	
2706	1.100000e-003	
2707	1.125000e-003	
2708	1.075000e-003	
2709	1.050000e-003	
2710	1.000000e-003	
2711	1.050000e-003	
2712	1.000000e-003	
2713	9.500000e-004	
2714	8.750000e-004	
2715	9.500000e-004	
2716	1.075000e-003	
2717	9.500000e-004	
2718	1.150000e-003	
2719	1.350000e-003	
2720	1.325000e-003	
2721	1.550000e-003	
2722	1.575000e-003	
2723	1.250000e-003	
2724	9.750000e-004	
2725	7.250000e-004	
2726	5.250000e-004	
2727	4.250000e-004	
2728	3.000000e-004	
2729	2.250000e-004	
2730	2.250000e-004	
2731	1.750000e-004	
2732	2.000000e-004	
2733	2.250000e-004	
2734	2.750000e-004	
2735	2.000000e-004	
2736	1.250000e-004	
2737	5.000000e-005	
2738	7.500000e-005	
2739	5.000000e-005	
2740	1.000000e-004	
2741	7.500000e-005	
2742	1.000000e-004	
2743	7.500000e-005	
2744	1.500000e-004	
2745	1.500000e-004	
2746	2.500000e-005	
2747	0	
2748	0	
2749	0	
2750	0	
2751	0	
2752	0	
2753	0	
2754	0	
2755	2.500000e-005	
2756	5.000000e-005	
2757	2.500000e-005	
2758	0	
2759	0	
2760	0	
2761	0	
2762	0	
2763	0	
2764	0	
2765	0	
2766	0	
2767	0	
2768	0	
2769	0	
2770	0	
2771	0	
2772	0	
2773	0	
2774	0	
2775	0	
2776	0	
2777	0	
2778	0	
2779	0	
2780	0	
2781	0	
2782	0	
2783	0	
2784	0	
2785	0	
2786	0	
2787	0	
2788	0	
2789	0	
2790	0	
2791	0	
2792	0	
2793	0	
2794	0	
2795	0	
2796	0	
2797	0	
2798	0	
2799	0	
2800	0	
2801	0	
2802	0	
2803	0	
2804	2.500000e-005	
2805	0	
2806	0	
2807	0	
2808	0	
2809	0	
2810	0	
2811	0	
2812	0	
2813	0	
2814	0	
2815	0	
2816	0	
2817	0	
2818	2.500000e-005	
2819	5.000000e-005	
2820	0	
2821	0	
2822	0	
2823	0	
2824	0	
2825	0	
2826	0	
2827	0	
2828	0	
2829	0	
2830	0	
2831	0	
2832	0	
2833	0	
2834	0	
2835	0	
2836	0	
2837	0	
2838	0	
2839	0	
2840	0	
2841	0	
2842	0	
2843	0	
2844	0	
2845	0	
2846	0	
2847	0	
2848	0	
2849	0	
2850	0	
2851	0	
2852	0	
2853	0	
2854	0	
2855	0	
2856	0	
2857	0	
2858	0	
2859	0	
2860	0	
2861	0	
2862	0	
2863	0	
2864	0	
2865	2.500000e-005	
2866	7.500000e-005	
2867	7.500000e-005	
2868	2.500000e-005	
2869	2.500000e-005	
2870	0	
2871	0	
2872	0	
2873	0	
2874	0	
2875	0	
2876	0	
2877	0	
2878	0	
2879	0	
2880	0	
2881	0	
2882	0	
2883	0	
2884	0	
2885	0	
2886	0	
2887	0	
2888	0	
2889	0	
2890	0	
2891	0	
2892	0	
2893	0	
2894	0	
2895	0	
2896	0	
2897	0	
2898	0	
2899	0	
2900	0	
2901	0	
2902	0	
2903	0	
2904	0	
2905	0	
2906	0	
2907	0	
2908	0	
2909	0	
2910	0	
2911	0	
2912	0	
2913	0	
2914	0	
2915	0	
2916	0	
2917	0	
2918	0	
2919	0	
2920	0	
2921	0	
2922	0	
2923	0	
2924	0	
2925	0	
2926	0	
2927	0	
2928	0	
2929	0	
2930	0	
2931	0	
2932	0	
2933	0	
2934	0	
2935	0	
2936	0	
2937	0	
2938	0	
2939	0	
2940	0	
2941	0	
2942	0	
2943	0	
2944	0	
2945	0	
2946	0	
2947	0	
2948	0	
2949	0	
2950	0	
2951	0	
2952	0	
2953	0	
2954	0	
2955	0	
2956	0	
2957	0	
2958	0	
2959	0	
2960	0	
2961	0	
2962	0	
2963	0	
2964	0	
2965	0	
2966	0	
2967	0	
2968	0	
2969	0	
2970	0	
2971	0	
2972	0	
2973	0	
2974	0	
2975	0	
2976	0	
2977	0	
2978	0	
2979	0	
2980	0	
2981	0	
2982	0	
2983	2.500000e-005	
2984	7.500000e-005	
2985	2.250000e-004	
2986	2.000000e-004	
2987	2.250000e-004	
2988	2.250000e-004	
2989	2.000000e-004	
2990	2.500000e-004	
2991	2.250000e-004	
2992	1.750000e-004	
2993	3.000000e-004	
2994	3.500000e-004	
2995	3.250000e-004	
2996	3.750000e-004	
2997	4.000000e-004	
2998	2.500000e-004	
2999	2.500000e-004	
3000	1.750000e-004	
3001	3.000000e-004	
