1	0	
2	0	
3	0	
4	0	
5	0	
6	0	
7	0	
8	0	
9	0	
10	0	
11	0	
12	0	
13	0	
14	0	
15	0	
16	0	
17	0	
18	0	
19	0	
20	0	
21	0	
22	0	
23	0	
24	0	
25	0	
26	0	
27	0	
28	0	
29	0	
30	0	
31	0	
32	0	
33	0	
34	0	
35	0	
36	0	
37	0	
38	0	
39	0	
40	0	
41	0	
42	0	
43	0	
44	0	
45	0	
46	0	
47	0	
48	0	
49	0	
50	0	
51	0	
52	0	
53	0	
54	0	
55	0	
56	0	
57	0	
58	0	
59	0	
60	0	
61	0	
62	0	
63	0	
64	0	
65	0	
66	0	
67	0	
68	0	
69	0	
70	0	
71	0	
72	0	
73	0	
74	0	
75	0	
76	0	
77	0	
78	0	
79	0	
80	0	
81	0	
82	0	
83	0	
84	0	
85	0	
86	0	
87	0	
88	0	
89	0	
90	0	
91	0	
92	0	
93	0	
94	0	
95	0	
96	0	
97	0	
98	0	
99	0	
100	0	
101	0	
102	0	
103	0	
104	0	
105	0	
106	0	
107	0	
108	0	
109	0	
110	0	
111	0	
112	0	
113	0	
114	0	
115	0	
116	0	
117	0	
118	0	
119	0	
120	0	
121	0	
122	0	
123	0	
124	0	
125	0	
126	0	
127	0	
128	0	
129	0	
130	0	
131	0	
132	0	
133	0	
134	0	
135	0	
136	0	
137	0	
138	0	
139	0	
140	0	
141	0	
142	0	
143	0	
144	0	
145	0	
146	0	
147	0	
148	0	
149	0	
150	0	
151	0	
152	0	
153	0	
154	0	
155	0	
156	0	
157	2.500000e-005	
158	1.250000e-004	
159	1.500000e-004	
160	1.750000e-004	
161	1.250000e-004	
162	2.250000e-004	
163	2.250000e-004	
164	3.750000e-004	
165	4.250000e-004	
166	4.000000e-004	
167	3.750000e-004	
168	4.500000e-004	
169	3.750000e-004	
170	3.250000e-004	
171	3.500000e-004	
172	1.750000e-004	
173	1.250000e-004	
174	1.250000e-004	
175	1.000000e-004	
176	1.250000e-004	
177	7.500000e-005	
178	1.000000e-004	
179	1.000000e-004	
180	1.000000e-004	
181	5.000000e-005	
182	5.000000e-005	
183	0	
184	0	
185	0	
186	0	
187	0	
188	0	
189	0	
190	0	
191	0	
192	0	
193	0	
194	0	
195	0	
196	0	
197	0	
198	0	
199	0	
200	0	
201	0	
202	0	
203	0	
204	0	
205	0	
206	0	
207	0	
208	0	
209	0	
210	2.500000e-005	
211	7.500000e-005	
212	7.500000e-005	
213	5.000000e-005	
214	5.000000e-005	
215	2.500000e-005	
216	0	
217	0	
218	0	
219	0	
220	0	
221	0	
222	0	
223	0	
224	0	
225	0	
226	0	
227	0	
228	0	
229	0	
230	0	
231	0	
232	0	
233	0	
234	0	
235	0	
236	0	
237	0	
238	0	
239	0	
240	0	
241	0	
242	0	
243	0	
244	0	
245	0	
246	0	
247	0	
248	0	
249	0	
250	0	
251	0	
252	0	
253	2.500000e-005	
254	5.000000e-005	
255	7.500000e-005	
256	7.500000e-005	
257	1.000000e-004	
258	1.500000e-004	
259	1.250000e-004	
260	1.250000e-004	
261	1.750000e-004	
262	2.000000e-004	
263	2.500000e-004	
264	3.500000e-004	
265	5.000000e-004	
266	4.500000e-004	
267	4.000000e-004	
268	5.750000e-004	
269	6.250000e-004	
270	6.500000e-004	
271	6.250000e-004	
272	7.250000e-004	
273	8.000000e-004	
274	6.750000e-004	
275	6.250000e-004	
276	7.250000e-004	
277	8.000000e-004	
278	9.250000e-004	
279	6.250000e-004	
280	4.250000e-004	
281	4.750000e-004	
282	5.250000e-004	
283	8.500000e-004	
284	8.250000e-004	
285	6.750000e-004	
286	6.250000e-004	
287	5.250000e-004	
288	6.500000e-004	
289	5.000000e-004	
290	6.250000e-004	
291	5.750000e-004	
292	5.000000e-004	
293	6.250000e-004	
294	6.500000e-004	
295	5.000000e-004	
296	7.500000e-004	
297	6.500000e-004	
298	7.750000e-004	
299	8.250000e-004	
300	7.750000e-004	
301	8.750000e-004	
302	1.100000e-003	
303	1.075000e-003	
304	1.250000e-003	
305	1.225000e-003	
306	1.300000e-003	
307	9.000000e-004	
308	1.100000e-003	
309	1.150000e-003	
310	1.300000e-003	
311	1.375000e-003	
312	1.475000e-003	
313	1.275000e-003	
314	1.125000e-003	
315	1.325000e-003	
316	1.475000e-003	
317	1.975000e-003	
318	1.825000e-003	
319	1.700000e-003	
320	1.600000e-003	
321	1.825000e-003	
322	2.025000e-003	
323	2.125000e-003	
324	2.350000e-003	
325	2.475000e-003	
326	2.750000e-003	
327	2.400000e-003	
328	2.525000e-003	
329	2.650000e-003	
330	2.675000e-003	
331	2.600000e-003	
332	2.350000e-003	
333	2.675000e-003	
334	2.850000e-003	
335	2.775000e-003	
336	2.700000e-003	
337	2.675000e-003	
338	2.725000e-003	
339	2.750000e-003	
340	2.950000e-003	
341	2.625000e-003	
342	2.925000e-003	
343	2.950000e-003	
344	3.425000e-003	
345	3.175000e-003	
346	2.600000e-003	
347	2.525000e-003	
348	2.575000e-003	
349	2.550000e-003	
350	2.525000e-003	
351	2.750000e-003	
352	2.725000e-003	
353	2.600000e-003	
354	2.725000e-003	
355	2.725000e-003	
356	2.975000e-003	
357	2.825000e-003	
358	2.675000e-003	
359	2.525000e-003	
360	2.700000e-003	
361	2.850000e-003	
362	2.800000e-003	
363	2.675000e-003	
364	2.975000e-003	
365	2.775000e-003	
366	2.750000e-003	
367	2.575000e-003	
368	2.775000e-003	
369	2.800000e-003	
370	3.000000e-003	
371	2.775000e-003	
372	2.850000e-003	
373	2.500000e-003	
374	2.675000e-003	
375	2.725000e-003	
376	2.900000e-003	
377	2.875000e-003	
378	2.475000e-003	
379	3.100000e-003	
380	3.050000e-003	
381	3.075000e-003	
382	3.050000e-003	
383	2.850000e-003	
384	2.800000e-003	
385	2.725000e-003	
386	2.900000e-003	
387	2.950000e-003	
388	3.000000e-003	
389	3.025000e-003	
390	2.925000e-003	
391	2.625000e-003	
392	2.925000e-003	
393	3.400000e-003	
394	3.325000e-003	
395	3.300000e-003	
396	3.500000e-003	
397	3.825000e-003	
398	3.800000e-003	
399	3.725000e-003	
400	3.500000e-003	
401	4.075000e-003	
402	4.025000e-003	
403	3.800000e-003	
404	4.150000e-003	
405	3.725000e-003	
406	4.275000e-003	
407	3.475000e-003	
408	3.575000e-003	
409	3.950000e-003	
410	4.475000e-003	
411	4.350000e-003	
412	4.200000e-003	
413	4.200000e-003	
414	3.550000e-003	
415	3.500000e-003	
416	3.550000e-003	
417	3.550000e-003	
418	3.600000e-003	
419	4.450000e-003	
420	3.975000e-003	
421	3.975000e-003	
422	3.825000e-003	
423	3.375000e-003	
424	2.900000e-003	
425	2.825000e-003	
426	2.525000e-003	
427	2.775000e-003	
428	2.450000e-003	
429	2.500000e-003	
430	2.250000e-003	
431	2.225000e-003	
432	2.075000e-003	
433	1.975000e-003	
434	2.100000e-003	
435	2.550000e-003	
436	2.225000e-003	
437	2.025000e-003	
438	1.725000e-003	
439	1.500000e-003	
440	1.525000e-003	
441	1.225000e-003	
442	1.050000e-003	
443	1.100000e-003	
444	1.075000e-003	
445	9.250000e-004	
446	1.000000e-003	
447	1.050000e-003	
448	1.450000e-003	
449	1.375000e-003	
450	1.450000e-003	
451	1.000000e-003	
452	8.750000e-004	
453	8.500000e-004	
454	8.500000e-004	
455	8.000000e-004	
456	1.175000e-003	
457	1.075000e-003	
458	1.450000e-003	
459	1.225000e-003	
460	1.275000e-003	
461	1.500000e-003	
462	1.600000e-003	
463	1.550000e-003	
464	1.525000e-003	
465	1.450000e-003	
466	1.625000e-003	
467	1.275000e-003	
468	1.275000e-003	
469	1.550000e-003	
470	1.525000e-003	
471	1.675000e-003	
472	1.275000e-003	
473	1.175000e-003	
474	1.250000e-003	
475	1.125000e-003	
476	9.750000e-004	
477	9.000000e-004	
478	9.500000e-004	
479	1.300000e-003	
480	1.350000e-003	
481	1.450000e-003	
482	1.150000e-003	
483	1.000000e-003	
484	9.750000e-004	
485	7.750000e-004	
486	8.750000e-004	
487	1.000000e-003	
488	8.500000e-004	
489	6.750000e-004	
490	6.250000e-004	
491	6.000000e-004	
492	3.750000e-004	
493	3.250000e-004	
494	3.000000e-004	
495	4.750000e-004	
496	4.750000e-004	
497	5.000000e-004	
498	6.000000e-004	
499	5.750000e-004	
500	6.500000e-004	
501	4.750000e-004	
502	4.500000e-004	
503	4.000000e-004	
504	4.250000e-004	
505	4.500000e-004	
506	4.000000e-004	
507	3.750000e-004	
508	5.250000e-004	
509	4.750000e-004	
510	5.250000e-004	
511	5.500000e-004	
512	4.000000e-004	
513	4.000000e-004	
514	5.750000e-004	
515	6.250000e-004	
516	6.000000e-004	
517	5.500000e-004	
518	5.250000e-004	
519	5.250000e-004	
520	6.000000e-004	
521	4.750000e-004	
522	6.250000e-004	
523	5.250000e-004	
524	4.750000e-004	
525	5.000000e-004	
526	4.250000e-004	
527	3.750000e-004	
528	4.000000e-004	
529	3.000000e-004	
530	3.500000e-004	
531	4.000000e-004	
532	2.750000e-004	
533	1.750000e-004	
534	1.750000e-004	
535	1.250000e-004	
536	1.500000e-004	
537	1.250000e-004	
538	1.500000e-004	
539	1.500000e-004	
540	5.000000e-005	
541	7.500000e-005	
542	5.000000e-005	
543	2.500000e-005	
544	0	
545	0	
546	0	
547	0	
548	0	
549	0	
550	0	
551	0	
552	0	
553	0	
554	0	
555	0	
556	0	
557	0	
558	0	
559	0	
560	0	
561	0	
562	0	
563	0	
564	0	
565	0	
566	0	
567	0	
568	0	
569	0	
570	0	
571	0	
572	0	
573	0	
574	0	
575	0	
576	0	
577	0	
578	0	
579	0	
580	0	
581	0	
582	0	
583	0	
584	0	
585	0	
586	0	
587	0	
588	0	
589	0	
590	0	
591	0	
592	0	
593	0	
594	0	
595	0	
596	0	
597	0	
598	0	
599	0	
600	0	
601	0	
602	0	
603	0	
604	0	
605	0	
606	0	
607	0	
608	0	
609	0	
610	0	
611	0	
612	0	
613	0	
614	0	
615	0	
616	0	
617	0	
618	0	
619	0	
620	0	
621	0	
622	0	
623	0	
624	0	
625	0	
626	0	
627	2.500000e-005	
628	2.500000e-005	
629	2.500000e-005	
630	7.500000e-005	
631	1.500000e-004	
632	1.750000e-004	
633	1.750000e-004	
634	1.500000e-004	
635	1.250000e-004	
636	5.000000e-005	
637	2.500000e-005	
638	2.500000e-005	
639	7.500000e-005	
640	2.500000e-005	
641	2.500000e-005	
642	5.000000e-005	
643	0	
644	0	
645	0	
646	0	
647	0	
648	0	
649	0	
650	0	
651	0	
652	0	
653	0	
654	0	
655	0	
656	0	
657	0	
658	0	
659	0	
660	0	
661	0	
662	0	
663	0	
664	0	
665	0	
666	0	
667	0	
668	0	
669	0	
670	0	
671	0	
672	0	
673	0	
674	0	
675	0	
676	0	
677	0	
678	0	
679	0	
680	0	
681	0	
682	0	
683	2.500000e-005	
684	2.500000e-005	
685	2.500000e-005	
686	1.000000e-004	
687	2.000000e-004	
688	1.500000e-004	
689	2.000000e-004	
690	2.750000e-004	
691	3.250000e-004	
692	3.000000e-004	
693	3.000000e-004	
694	2.000000e-004	
695	2.000000e-004	
696	2.000000e-004	
697	2.750000e-004	
698	2.750000e-004	
699	2.750000e-004	
700	3.750000e-004	
701	4.250000e-004	
702	4.750000e-004	
703	4.750000e-004	
704	4.000000e-004	
705	3.000000e-004	
706	5.000000e-004	
707	5.250000e-004	
708	7.500000e-004	
709	6.750000e-004	
710	4.250000e-004	
711	3.500000e-004	
712	2.000000e-004	
713	3.500000e-004	
714	3.750000e-004	
715	4.750000e-004	
716	5.000000e-004	
717	6.000000e-004	
718	6.500000e-004	
719	6.500000e-004	
720	6.750000e-004	
721	7.250000e-004	
722	6.000000e-004	
723	7.000000e-004	
724	1.000000e-003	
725	7.500000e-004	
726	7.750000e-004	
727	7.500000e-004	
728	7.500000e-004	
729	8.250000e-004	
730	8.750000e-004	
731	9.500000e-004	
732	7.500000e-004	
733	8.500000e-004	
734	1.000000e-003	
735	7.750000e-004	
736	7.500000e-004	
737	6.500000e-004	
738	5.250000e-004	
739	3.750000e-004	
740	3.500000e-004	
741	4.750000e-004	
742	4.750000e-004	
743	3.750000e-004	
744	4.250000e-004	
745	5.750000e-004	
746	7.750000e-004	
747	6.500000e-004	
748	7.000000e-004	
749	5.000000e-004	
750	6.500000e-004	
751	5.750000e-004	
752	5.750000e-004	
753	6.500000e-004	
754	4.750000e-004	
755	3.250000e-004	
756	2.250000e-004	
757	1.750000e-004	
758	1.750000e-004	
759	2.000000e-004	
760	7.500000e-005	
761	0	
762	0	
763	0	
764	2.500000e-005	
765	7.500000e-005	
766	1.000000e-004	
767	2.500000e-005	
768	0	
769	0	
770	0	
771	0	
772	0	
773	0	
774	0	
775	0	
776	0	
777	0	
778	0	
779	0	
780	0	
781	0	
782	0	
783	0	
784	0	
785	0	
786	0	
787	0	
788	0	
789	0	
790	0	
791	0	
792	0	
793	0	
794	0	
795	0	
796	0	
797	0	
798	0	
799	0	
800	0	
801	0	
802	0	
803	0	
804	0	
805	0	
806	0	
807	0	
808	0	
809	0	
810	0	
811	0	
812	0	
813	0	
814	0	
815	0	
816	0	
817	0	
818	0	
819	0	
820	0	
821	2.500000e-005	
822	2.500000e-005	
823	2.500000e-005	
824	5.000000e-005	
825	5.000000e-005	
826	5.000000e-005	
827	5.000000e-005	
828	0	
829	0	
830	0	
831	0	
832	0	
833	0	
834	0	
835	0	
836	0	
837	0	
838	0	
839	0	
840	0	
841	0	
842	0	
843	0	
844	0	
845	0	
846	0	
847	0	
848	0	
849	0	
850	0	
851	0	
852	0	
853	0	
854	0	
855	2.500000e-005	
856	0	
857	0	
858	0	
859	0	
860	0	
861	0	
862	0	
863	0	
864	0	
865	0	
866	0	
867	0	
868	0	
869	0	
870	2.500000e-005	
871	2.500000e-005	
872	1.000000e-004	
873	2.500000e-005	
874	0	
875	2.500000e-005	
876	0	
877	0	
878	0	
879	0	
880	0	
881	0	
882	0	
883	0	
884	0	
885	0	
886	0	
887	0	
888	0	
889	0	
890	0	
891	0	
892	0	
893	0	
894	0	
895	0	
896	0	
897	0	
898	0	
899	0	
900	0	
901	0	
902	0	
903	0	
904	0	
905	0	
906	0	
907	0	
908	0	
909	0	
910	0	
911	0	
912	0	
913	0	
914	0	
915	0	
916	0	
917	0	
918	0	
919	0	
920	0	
921	0	
922	0	
923	0	
924	0	
925	0	
926	0	
927	0	
928	0	
929	0	
930	0	
931	0	
932	0	
933	0	
934	0	
935	0	
936	0	
937	0	
938	0	
939	0	
940	0	
941	0	
942	0	
943	0	
944	0	
945	0	
946	0	
947	0	
948	0	
949	0	
950	0	
951	0	
952	0	
953	0	
954	0	
955	0	
956	0	
957	0	
958	0	
959	0	
960	0	
961	0	
962	0	
963	0	
964	0	
965	0	
966	0	
967	0	
968	2.500000e-005	
969	7.500000e-005	
970	2.500000e-005	
971	0	
972	0	
973	0	
974	0	
975	0	
976	0	
977	0	
978	0	
979	0	
980	0	
981	0	
982	0	
983	0	
984	0	
985	0	
986	0	
987	0	
988	0	
989	0	
990	0	
991	0	
992	0	
993	0	
994	0	
995	0	
996	0	
997	0	
998	0	
999	0	
1000	0	
1001	0	
1002	0	
1003	0	
1004	0	
1005	0	
1006	0	
1007	0	
1008	0	
1009	0	
1010	0	
1011	0	
1012	0	
1013	0	
1014	0	
1015	0	
1016	0	
1017	0	
1018	0	
1019	0	
1020	0	
1021	0	
1022	0	
1023	0	
1024	0	
1025	0	
1026	0	
1027	0	
1028	0	
1029	0	
1030	0	
1031	0	
1032	0	
1033	0	
1034	2.500000e-005	
1035	2.500000e-005	
1036	5.000000e-005	
1037	2.500000e-005	
1038	5.000000e-005	
1039	2.500000e-005	
1040	0	
1041	0	
1042	0	
1043	0	
1044	0	
1045	0	
1046	0	
1047	0	
1048	0	
1049	0	
1050	0	
1051	0	
1052	0	
1053	0	
1054	0	
1055	0	
1056	0	
1057	0	
1058	0	
1059	0	
1060	0	
1061	0	
1062	0	
1063	0	
1064	0	
1065	0	
1066	0	
1067	0	
1068	0	
1069	0	
1070	0	
1071	0	
1072	0	
1073	0	
1074	0	
1075	0	
1076	0	
1077	0	
1078	0	
1079	0	
1080	0	
1081	0	
1082	0	
1083	0	
1084	0	
1085	0	
1086	0	
1087	0	
1088	0	
1089	0	
1090	0	
1091	0	
1092	0	
1093	0	
1094	0	
1095	0	
1096	0	
1097	0	
1098	0	
1099	0	
1100	0	
1101	0	
1102	0	
1103	0	
1104	0	
1105	0	
1106	0	
1107	0	
1108	0	
1109	0	
1110	0	
1111	0	
1112	0	
1113	0	
1114	0	
1115	0	
1116	0	
1117	0	
1118	0	
1119	0	
1120	0	
1121	0	
1122	0	
1123	0	
1124	0	
1125	0	
1126	0	
1127	0	
1128	0	
1129	0	
1130	0	
1131	0	
1132	0	
1133	0	
1134	0	
1135	0	
1136	0	
1137	0	
1138	0	
1139	0	
1140	0	
1141	0	
1142	0	
1143	0	
1144	0	
1145	0	
1146	0	
1147	0	
1148	0	
1149	0	
1150	0	
1151	0	
1152	0	
1153	0	
1154	0	
1155	0	
1156	0	
1157	0	
1158	0	
1159	0	
1160	0	
1161	0	
1162	0	
1163	0	
1164	0	
1165	0	
1166	0	
1167	0	
1168	0	
1169	0	
1170	0	
1171	0	
1172	0	
1173	0	
1174	0	
1175	0	
1176	0	
1177	0	
1178	0	
1179	0	
1180	0	
1181	0	
1182	0	
1183	2.500000e-005	
1184	5.000000e-005	
1185	1.500000e-004	
1186	3.000000e-004	
1187	1.500000e-004	
1188	1.750000e-004	
1189	2.000000e-004	
1190	2.250000e-004	
1191	2.250000e-004	
1192	1.500000e-004	
1193	2.500000e-004	
1194	2.750000e-004	
1195	2.250000e-004	
1196	1.500000e-004	
1197	1.500000e-004	
1198	1.500000e-004	
1199	1.500000e-004	
1200	7.500000e-005	
1201	2.500000e-005	
1202	2.500000e-005	
1203	2.500000e-005	
1204	7.500000e-005	
1205	1.000000e-004	
1206	7.500000e-005	
1207	5.000000e-005	
1208	2.500000e-005	
1209	0	
1210	0	
1211	0	
1212	5.000000e-005	
1213	2.500000e-005	
1214	0	
1215	0	
1216	0	
1217	0	
1218	0	
1219	0	
1220	0	
1221	0	
1222	0	
1223	0	
1224	0	
1225	0	
1226	0	
1227	0	
1228	0	
1229	0	
1230	0	
1231	0	
1232	2.500000e-005	
1233	7.500000e-005	
1234	7.500000e-005	
1235	1.250000e-004	
1236	1.000000e-004	
1237	1.000000e-004	
1238	1.250000e-004	
1239	1.250000e-004	
1240	1.250000e-004	
1241	1.750000e-004	
1242	1.000000e-004	
1243	7.500000e-005	
1244	2.500000e-005	
1245	2.500000e-005	
1246	7.500000e-005	
1247	7.500000e-005	
1248	7.500000e-005	
1249	7.500000e-005	
1250	1.000000e-004	
1251	2.000000e-004	
1252	2.250000e-004	
1253	1.750000e-004	
1254	2.250000e-004	
1255	2.000000e-004	
1256	5.000000e-005	
1257	1.500000e-004	
1258	3.500000e-004	
1259	3.500000e-004	
1260	1.750000e-004	
1261	1.000000e-004	
1262	5.000000e-005	
1263	2.500000e-005	
1264	1.250000e-004	
1265	1.000000e-004	
1266	1.000000e-004	
1267	1.250000e-004	
1268	1.500000e-004	
1269	2.000000e-004	
1270	1.750000e-004	
1271	3.000000e-004	
1272	2.750000e-004	
1273	4.000000e-004	
1274	2.250000e-004	
1275	1.500000e-004	
1276	1.500000e-004	
1277	1.250000e-004	
1278	7.500000e-005	
1279	2.500000e-005	
1280	0	
1281	0	
1282	0	
1283	0	
1284	0	
1285	0	
1286	0	
1287	0	
1288	0	
1289	0	
1290	0	
1291	0	
1292	0	
1293	0	
1294	0	
1295	0	
1296	0	
1297	0	
1298	0	
1299	0	
1300	0	
1301	0	
1302	0	
1303	0	
1304	0	
1305	0	
1306	0	
1307	0	
1308	0	
1309	0	
1310	0	
1311	0	
1312	0	
1313	0	
1314	0	
1315	0	
1316	0	
1317	0	
1318	0	
1319	0	
1320	0	
1321	0	
1322	0	
1323	0	
1324	0	
1325	0	
1326	0	
1327	0	
1328	0	
1329	0	
1330	0	
1331	0	
1332	0	
1333	0	
1334	0	
1335	0	
1336	0	
1337	0	
1338	0	
1339	0	
1340	0	
1341	0	
1342	0	
1343	0	
1344	0	
1345	0	
1346	0	
1347	5.000000e-005	
1348	1.250000e-004	
1349	2.000000e-004	
1350	1.750000e-004	
1351	2.750000e-004	
1352	2.000000e-004	
1353	3.000000e-004	
1354	3.000000e-004	
1355	1.750000e-004	
1356	2.000000e-004	
1357	2.750000e-004	
1358	3.500000e-004	
1359	3.750000e-004	
1360	5.500000e-004	
1361	5.750000e-004	
1362	7.750000e-004	
1363	7.250000e-004	
1364	7.250000e-004	
1365	6.500000e-004	
1366	8.750000e-004	
1367	8.000000e-004	
1368	8.500000e-004	
1369	7.500000e-004	
1370	6.500000e-004	
1371	6.500000e-004	
1372	7.250000e-004	
1373	9.000000e-004	
1374	1.000000e-003	
1375	1.050000e-003	
1376	1.225000e-003	
1377	1.175000e-003	
1378	1.350000e-003	
1379	1.700000e-003	
1380	1.600000e-003	
1381	1.675000e-003	
1382	1.875000e-003	
1383	2.025000e-003	
1384	2.100000e-003	
1385	2.450000e-003	
1386	2.350000e-003	
1387	2.425000e-003	
1388	2.675000e-003	
1389	2.500000e-003	
1390	2.500000e-003	
1391	2.925000e-003	
1392	2.750000e-003	
1393	2.350000e-003	
1394	2.525000e-003	
1395	2.850000e-003	
1396	2.600000e-003	
1397	2.625000e-003	
1398	2.575000e-003	
1399	2.275000e-003	
1400	2.225000e-003	
1401	2.550000e-003	
1402	2.775000e-003	
1403	3.150000e-003	
1404	3.000000e-003	
1405	2.725000e-003	
1406	2.550000e-003	
1407	2.725000e-003	
1408	2.950000e-003	
1409	3.200000e-003	
1410	2.850000e-003	
1411	2.825000e-003	
1412	3.225000e-003	
1413	3.275000e-003	
1414	3.375000e-003	
1415	3.850000e-003	
1416	4.250000e-003	
1417	4.375000e-003	
1418	4.500000e-003	
1419	4.500000e-003	
1420	4.325000e-003	
1421	4.450000e-003	
1422	4.225000e-003	
1423	4.175000e-003	
1424	4.425000e-003	
1425	4.100000e-003	
1426	4.000000e-003	
1427	3.650000e-003	
1428	3.775000e-003	
1429	4.125000e-003	
1430	4.675000e-003	
1431	4.500000e-003	
1432	4.825000e-003	
1433	5.050000e-003	
1434	5.150000e-003	
1435	6.050000e-003	
1436	5.900000e-003	
1437	5.550000e-003	
1438	5.775000e-003	
1439	6.075000e-003	
1440	5.425000e-003	
1441	6.250000e-003	
1442	6.975000e-003	
1443	6.625000e-003	
1444	7.275000e-003	
1445	6.800000e-003	
1446	5.875000e-003	
1447	6.325000e-003	
1448	6.350000e-003	
1449	6.600000e-003	
1450	6.275000e-003	
1451	5.775000e-003	
1452	5.300000e-003	
1453	5.700000e-003	
1454	5.625000e-003	
1455	5.475000e-003	
1456	5.750000e-003	
1457	5.525000e-003	
1458	6.175000e-003	
1459	6.050000e-003	
1460	6.400000e-003	
1461	6.400000e-003	
1462	6.175000e-003	
1463	5.675000e-003	
1464	5.775000e-003	
1465	5.925000e-003	
1466	5.875000e-003	
1467	6.150000e-003	
1468	6.600000e-003	
1469	6.650000e-003	
1470	7.000000e-003	
1471	6.350000e-003	
1472	5.750000e-003	
1473	5.850000e-003	
1474	5.875000e-003	
1475	5.300000e-003	
1476	5.175000e-003	
1477	5.075000e-003	
1478	4.950000e-003	
1479	5.150000e-003	
1480	5.025000e-003	
1481	4.700000e-003	
1482	4.050000e-003	
1483	4.175000e-003	
1484	4.650000e-003	
1485	4.925000e-003	
1486	4.250000e-003	
1487	3.875000e-003	
1488	3.025000e-003	
1489	2.975000e-003	
1490	2.825000e-003	
1491	2.525000e-003	
1492	2.050000e-003	
1493	2.050000e-003	
1494	1.775000e-003	
1495	1.875000e-003	
1496	1.825000e-003	
1497	1.500000e-003	
1498	1.675000e-003	
1499	1.375000e-003	
1500	1.400000e-003	
1501	1.250000e-003	
1502	1.200000e-003	
1503	1.175000e-003	
1504	1.425000e-003	
1505	1.475000e-003	
1506	1.400000e-003	
1507	1.075000e-003	
1508	1.200000e-003	
1509	7.750000e-004	
1510	8.250000e-004	
1511	7.000000e-004	
1512	6.750000e-004	
1513	7.750000e-004	
1514	8.250000e-004	
1515	9.000000e-004	
1516	9.250000e-004	
1517	1.025000e-003	
1518	6.750000e-004	
1519	8.000000e-004	
1520	7.250000e-004	
1521	5.500000e-004	
1522	6.750000e-004	
1523	5.000000e-004	
1524	5.000000e-004	
1525	6.250000e-004	
1526	5.250000e-004	
1527	6.000000e-004	
1528	4.000000e-004	
1529	3.500000e-004	
1530	3.000000e-004	
1531	2.750000e-004	
1532	2.750000e-004	
1533	2.750000e-004	
1534	2.000000e-004	
1535	2.500000e-004	
1536	1.750000e-004	
1537	2.750000e-004	
1538	3.250000e-004	
1539	2.500000e-004	
1540	3.500000e-004	
1541	2.250000e-004	
1542	2.250000e-004	
1543	3.000000e-004	
1544	2.750000e-004	
1545	2.750000e-004	
1546	1.500000e-004	
1547	1.000000e-004	
1548	2.000000e-004	
1549	3.000000e-004	
1550	2.250000e-004	
1551	2.000000e-004	
1552	1.250000e-004	
1553	1.250000e-004	
1554	2.000000e-004	
1555	1.250000e-004	
1556	1.000000e-004	
1557	7.500000e-005	
1558	7.500000e-005	
1559	1.250000e-004	
1560	2.750000e-004	
1561	2.250000e-004	
1562	2.500000e-004	
1563	2.250000e-004	
1564	3.250000e-004	
1565	3.500000e-004	
1566	3.250000e-004	
1567	2.750000e-004	
1568	2.250000e-004	
1569	5.000000e-005	
1570	2.500000e-005	
1571	2.500000e-005	
1572	2.500000e-005	
1573	0	
1574	0	
1575	0	
1576	0	
1577	0	
1578	0	
1579	0	
1580	0	
1581	0	
1582	0	
1583	0	
1584	0	
1585	0	
1586	0	
1587	0	
1588	0	
1589	0	
1590	0	
1591	0	
1592	0	
1593	0	
1594	0	
1595	2.500000e-005	
1596	0	
1597	0	
1598	0	
1599	0	
1600	0	
1601	0	
1602	0	
1603	0	
1604	0	
1605	0	
1606	0	
1607	0	
1608	0	
1609	0	
1610	0	
1611	0	
1612	0	
1613	0	
1614	0	
1615	0	
1616	0	
1617	0	
1618	0	
1619	0	
1620	0	
1621	0	
1622	0	
1623	0	
1624	0	
1625	0	
1626	0	
1627	0	
1628	0	
1629	0	
1630	0	
1631	0	
1632	0	
1633	0	
1634	0	
1635	0	
1636	0	
1637	0	
1638	0	
1639	0	
1640	0	
1641	0	
1642	0	
1643	0	
1644	0	
1645	0	
1646	0	
1647	0	
1648	0	
1649	0	
1650	0	
1651	0	
1652	0	
1653	0	
1654	0	
1655	0	
1656	0	
1657	0	
1658	0	
1659	0	
1660	0	
1661	0	
1662	0	
1663	0	
1664	0	
1665	0	
1666	0	
1667	0	
1668	0	
1669	0	
1670	0	
1671	0	
1672	0	
1673	0	
1674	0	
1675	0	
1676	0	
1677	0	
1678	0	
1679	0	
1680	0	
1681	0	
1682	0	
1683	0	
1684	0	
1685	0	
1686	0	
1687	0	
1688	0	
1689	0	
1690	0	
1691	0	
1692	0	
1693	0	
1694	0	
1695	0	
1696	0	
1697	0	
1698	0	
1699	0	
1700	0	
1701	0	
1702	0	
1703	0	
1704	0	
1705	0	
1706	0	
1707	0	
1708	0	
1709	0	
1710	0	
1711	0	
1712	0	
1713	0	
1714	0	
1715	0	
1716	0	
1717	0	
1718	0	
1719	0	
1720	0	
1721	0	
1722	0	
1723	0	
1724	0	
1725	0	
1726	0	
1727	0	
1728	0	
1729	0	
1730	0	
1731	0	
1732	0	
1733	0	
1734	0	
1735	0	
1736	0	
1737	0	
1738	0	
1739	0	
1740	0	
1741	0	
1742	0	
1743	0	
1744	0	
1745	2.500000e-005	
1746	0	
1747	0	
1748	0	
1749	0	
1750	0	
1751	0	
1752	0	
1753	0	
1754	0	
1755	0	
1756	0	
1757	0	
1758	0	
1759	0	
1760	0	
1761	0	
1762	0	
1763	0	
1764	0	
1765	0	
1766	0	
1767	0	
1768	0	
1769	0	
1770	0	
1771	0	
1772	0	
1773	0	
1774	0	
1775	0	
1776	0	
1777	0	
1778	0	
1779	0	
1780	0	
1781	0	
1782	0	
1783	0	
1784	0	
1785	0	
1786	0	
1787	0	
1788	0	
1789	0	
1790	0	
1791	0	
1792	0	
1793	0	
1794	0	
1795	0	
1796	0	
1797	0	
1798	0	
1799	0	
1800	0	
1801	0	
1802	0	
1803	0	
1804	0	
1805	0	
1806	0	
1807	0	
1808	0	
1809	0	
1810	0	
1811	0	
1812	0	
1813	0	
1814	0	
1815	0	
1816	0	
1817	0	
1818	0	
1819	0	
1820	0	
1821	0	
1822	0	
1823	0	
1824	0	
1825	0	
1826	0	
1827	0	
1828	0	
1829	0	
1830	0	
1831	0	
1832	0	
1833	0	
1834	0	
1835	0	
1836	0	
1837	0	
1838	0	
1839	0	
1840	0	
1841	0	
1842	0	
1843	0	
1844	0	
1845	0	
1846	0	
1847	0	
1848	0	
1849	0	
1850	0	
1851	0	
1852	0	
1853	0	
1854	0	
1855	0	
1856	0	
1857	0	
1858	0	
1859	0	
1860	0	
1861	0	
1862	0	
1863	0	
1864	0	
1865	0	
1866	0	
1867	0	
1868	0	
1869	0	
1870	0	
1871	0	
1872	0	
1873	0	
1874	0	
1875	0	
1876	0	
1877	0	
1878	0	
1879	0	
1880	0	
1881	0	
1882	0	
1883	0	
1884	0	
1885	0	
1886	0	
1887	0	
1888	0	
1889	0	
1890	0	
1891	0	
1892	0	
1893	0	
1894	0	
1895	0	
1896	0	
1897	0	
1898	0	
1899	0	
1900	0	
1901	0	
1902	0	
1903	0	
1904	0	
1905	0	
1906	0	
1907	0	
1908	0	
1909	0	
1910	0	
1911	0	
1912	0	
1913	0	
1914	0	
1915	0	
1916	0	
1917	0	
1918	0	
1919	0	
1920	0	
1921	0	
1922	0	
1923	0	
1924	0	
1925	0	
1926	0	
1927	0	
1928	0	
1929	0	
1930	0	
1931	0	
1932	0	
1933	0	
1934	0	
1935	0	
1936	0	
1937	0	
1938	0	
1939	0	
1940	0	
1941	0	
1942	0	
1943	0	
1944	0	
1945	0	
1946	0	
1947	0	
1948	0	
1949	0	
1950	0	
1951	0	
1952	0	
1953	0	
1954	0	
1955	0	
1956	0	
1957	0	
1958	0	
1959	0	
1960	0	
1961	0	
1962	2.500000e-005	
1963	2.500000e-005	
1964	2.500000e-005	
1965	5.000000e-005	
1966	7.500000e-005	
1967	5.000000e-005	
1968	5.000000e-005	
1969	7.500000e-005	
1970	5.000000e-005	
1971	0	
1972	0	
1973	0	
1974	0	
1975	0	
1976	2.500000e-005	
1977	2.500000e-005	
1978	5.000000e-005	
1979	1.000000e-004	
1980	1.500000e-004	
1981	2.500000e-005	
1982	5.000000e-005	
1983	1.250000e-004	
1984	2.500000e-005	
1985	0	
1986	0	
1987	0	
1988	0	
1989	0	
1990	0	
1991	0	
1992	0	
1993	0	
1994	0	
1995	0	
1996	0	
1997	0	
1998	0	
1999	0	
2000	0	
2001	0	
2002	0	
2003	0	
2004	0	
2005	0	
2006	0	
2007	0	
2008	0	
2009	0	
2010	0	
2011	0	
2012	0	
2013	0	
2014	0	
2015	2.500000e-005	
2016	2.500000e-005	
2017	0	
2018	0	
2019	0	
2020	0	
2021	0	
2022	0	
2023	0	
2024	0	
2025	0	
2026	0	
2027	0	
2028	0	
2029	0	
2030	0	
2031	0	
2032	0	
2033	0	
2034	0	
2035	0	
2036	0	
2037	0	
2038	0	
2039	0	
2040	0	
2041	0	
2042	0	
2043	0	
2044	0	
2045	0	
2046	0	
2047	0	
2048	0	
2049	0	
2050	0	
2051	0	
2052	0	
2053	0	
2054	0	
2055	0	
2056	0	
2057	0	
2058	2.500000e-005	
2059	5.000000e-005	
2060	1.500000e-004	
2061	2.500000e-005	
2062	2.500000e-005	
2063	0	
2064	0	
2065	0	
2066	0	
2067	0	
2068	0	
2069	0	
2070	0	
2071	0	
2072	0	
2073	0	
2074	0	
2075	0	
2076	0	
2077	0	
2078	0	
2079	0	
2080	0	
2081	0	
2082	0	
2083	0	
2084	0	
2085	0	
2086	0	
2087	2.500000e-005	
2088	1.000000e-004	
2089	2.500000e-005	
2090	0	
2091	0	
2092	0	
2093	0	
2094	0	
2095	0	
2096	0	
2097	0	
2098	0	
2099	0	
2100	0	
2101	0	
2102	0	
2103	0	
2104	0	
2105	0	
2106	0	
2107	0	
2108	0	
2109	0	
2110	0	
2111	0	
2112	0	
2113	0	
2114	0	
2115	0	
2116	0	
2117	0	
2118	0	
2119	0	
2120	0	
2121	0	
2122	0	
2123	0	
2124	0	
2125	0	
2126	0	
2127	0	
2128	0	
2129	0	
2130	0	
2131	0	
2132	0	
2133	0	
2134	0	
2135	0	
2136	0	
2137	0	
2138	0	
2139	0	
2140	0	
2141	0	
2142	0	
2143	0	
2144	0	
2145	0	
2146	0	
2147	0	
2148	0	
2149	0	
2150	0	
2151	0	
2152	0	
2153	0	
2154	0	
2155	0	
2156	0	
2157	0	
2158	0	
2159	0	
2160	0	
2161	0	
2162	0	
2163	0	
2164	0	
2165	0	
2166	0	
2167	0	
2168	0	
2169	0	
2170	0	
2171	0	
2172	0	
2173	0	
2174	0	
2175	0	
2176	0	
2177	0	
2178	0	
2179	0	
2180	0	
2181	0	
2182	0	
2183	0	
2184	0	
2185	0	
2186	0	
2187	0	
2188	0	
2189	0	
2190	0	
2191	0	
2192	0	
2193	0	
2194	0	
2195	0	
2196	0	
2197	0	
2198	0	
2199	0	
2200	0	
2201	0	
2202	0	
2203	0	
2204	0	
2205	0	
2206	0	
2207	0	
2208	0	
2209	0	
2210	0	
2211	0	
2212	0	
2213	0	
2214	0	
2215	0	
2216	0	
2217	0	
2218	0	
2219	0	
2220	0	
2221	0	
2222	0	
2223	0	
2224	0	
2225	0	
2226	0	
2227	0	
2228	0	
2229	0	
2230	0	
2231	0	
2232	0	
2233	0	
2234	0	
2235	0	
2236	0	
2237	0	
2238	0	
2239	0	
2240	0	
2241	0	
2242	0	
2243	0	
2244	0	
2245	0	
2246	0	
2247	0	
2248	0	
2249	0	
2250	0	
2251	0	
2252	0	
2253	0	
2254	0	
2255	0	
2256	0	
2257	0	
2258	0	
2259	0	
2260	0	
2261	0	
2262	0	
2263	0	
2264	0	
2265	0	
2266	0	
2267	0	
2268	0	
2269	0	
2270	0	
2271	0	
2272	0	
2273	0	
2274	0	
2275	0	
2276	0	
2277	0	
2278	0	
2279	0	
2280	0	
2281	0	
2282	0	
2283	0	
2284	0	
2285	0	
2286	0	
2287	0	
2288	0	
2289	0	
2290	0	
2291	0	
2292	0	
2293	2.500000e-005	
2294	5.000000e-005	
2295	5.000000e-005	
2296	1.250000e-004	
2297	2.500000e-004	
2298	3.500000e-004	
2299	5.250000e-004	
2300	4.500000e-004	
2301	3.500000e-004	
2302	5.750000e-004	
2303	6.500000e-004	
2304	7.000000e-004	
2305	6.750000e-004	
2306	7.500000e-004	
2307	6.000000e-004	
2308	6.500000e-004	
2309	8.250000e-004	
2310	6.750000e-004	
2311	5.250000e-004	
2312	6.250000e-004	
2313	8.500000e-004	
2314	1.000000e-003	
2315	1.200000e-003	
2316	1.150000e-003	
2317	1.200000e-003	
2318	9.000000e-004	
2319	7.500000e-004	
2320	1.075000e-003	
2321	1.525000e-003	
2322	1.550000e-003	
2323	1.525000e-003	
2324	1.675000e-003	
2325	1.600000e-003	
2326	1.700000e-003	
2327	1.575000e-003	
2328	1.650000e-003	
2329	1.600000e-003	
2330	1.575000e-003	
2331	1.550000e-003	
2332	1.850000e-003	
2333	2.025000e-003	
2334	1.950000e-003	
2335	1.875000e-003	
2336	1.800000e-003	
2337	1.950000e-003	
2338	2.275000e-003	
2339	2.275000e-003	
2340	2.300000e-003	
2341	2.225000e-003	
2342	2.125000e-003	
2343	1.950000e-003	
2344	2.250000e-003	
2345	2.350000e-003	
2346	2.400000e-003	
2347	2.100000e-003	
2348	2.500000e-003	
2349	2.275000e-003	
2350	2.425000e-003	
2351	2.850000e-003	
2352	2.775000e-003	
2353	2.475000e-003	
2354	2.350000e-003	
2355	2.275000e-003	
2356	2.150000e-003	
2357	2.575000e-003	
2358	2.475000e-003	
2359	2.600000e-003	
2360	2.750000e-003	
2361	2.850000e-003	
2362	2.325000e-003	
2363	2.175000e-003	
2364	1.975000e-003	
2365	1.825000e-003	
2366	2.000000e-003	
2367	2.550000e-003	
2368	2.850000e-003	
2369	2.275000e-003	
2370	2.150000e-003	
2371	2.225000e-003	
2372	2.050000e-003	
2373	2.050000e-003	
2374	2.050000e-003	
2375	2.250000e-003	
2376	2.025000e-003	
2377	1.950000e-003	
2378	1.600000e-003	
2379	1.700000e-003	
2380	1.725000e-003	
2381	1.825000e-003	
2382	1.975000e-003	
2383	2.025000e-003	
2384	2.025000e-003	
2385	2.225000e-003	
2386	2.050000e-003	
2387	2.000000e-003	
2388	2.400000e-003	
2389	2.025000e-003	
2390	2.300000e-003	
2391	2.475000e-003	
2392	2.725000e-003	
2393	2.750000e-003	
2394	2.875000e-003	
2395	2.975000e-003	
2396	3.150000e-003	
2397	3.375000e-003	
2398	3.575000e-003	
2399	3.650000e-003	
2400	3.675000e-003	
2401	3.700000e-003	
2402	4.150000e-003	
2403	4.475000e-003	
2404	4.000000e-003	
2405	3.500000e-003	
2406	3.625000e-003	
2407	3.875000e-003	
2408	3.550000e-003	
2409	3.500000e-003	
2410	3.575000e-003	
2411	3.450000e-003	
2412	3.250000e-003	
2413	3.175000e-003	
2414	3.425000e-003	
2415	3.075000e-003	
2416	3.175000e-003	
2417	3.175000e-003	
2418	3.200000e-003	
2419	2.975000e-003	
2420	2.625000e-003	
2421	2.375000e-003	
2422	2.525000e-003	
2423	2.000000e-003	
2424	1.950000e-003	
2425	1.850000e-003	
2426	2.000000e-003	
2427	1.950000e-003	
2428	1.975000e-003	
2429	1.675000e-003	
2430	1.225000e-003	
2431	1.525000e-003	
2432	1.775000e-003	
2433	1.825000e-003	
2434	1.750000e-003	
2435	1.575000e-003	
2436	1.525000e-003	
2437	1.675000e-003	
2438	1.425000e-003	
2439	1.700000e-003	
2440	1.475000e-003	
2441	1.475000e-003	
2442	1.575000e-003	
2443	1.500000e-003	
2444	1.850000e-003	
2445	1.825000e-003	
2446	1.975000e-003	
2447	2.050000e-003	
2448	1.525000e-003	
2449	2.000000e-003	
2450	2.150000e-003	
2451	2.200000e-003	
2452	2.275000e-003	
2453	1.925000e-003	
2454	1.900000e-003	
2455	2.450000e-003	
2456	2.375000e-003	
2457	2.450000e-003	
2458	1.775000e-003	
2459	1.950000e-003	
2460	2.125000e-003	
2461	2.225000e-003	
2462	2.250000e-003	
2463	2.625000e-003	
2464	2.550000e-003	
2465	2.425000e-003	
2466	2.200000e-003	
2467	2.250000e-003	
2468	2.400000e-003	
2469	2.275000e-003	
2470	2.325000e-003	
2471	2.600000e-003	
2472	2.700000e-003	
2473	1.875000e-003	
2474	1.925000e-003	
2475	2.025000e-003	
2476	1.625000e-003	
2477	1.600000e-003	
2478	1.275000e-003	
2479	1.650000e-003	
2480	1.650000e-003	
2481	1.775000e-003	
2482	1.550000e-003	
2483	1.275000e-003	
2484	1.375000e-003	
2485	1.475000e-003	
2486	1.575000e-003	
2487	1.850000e-003	
2488	1.950000e-003	
2489	2.150000e-003	
2490	2.050000e-003	
2491	1.925000e-003	
2492	1.700000e-003	
2493	1.750000e-003	
2494	1.900000e-003	
2495	1.725000e-003	
2496	1.475000e-003	
2497	1.625000e-003	
2498	1.775000e-003	
2499	1.825000e-003	
2500	2.125000e-003	
2501	1.750000e-003	
2502	1.450000e-003	
2503	1.625000e-003	
2504	1.750000e-003	
2505	1.825000e-003	
2506	1.625000e-003	
2507	1.500000e-003	
2508	1.500000e-003	
2509	1.825000e-003	
2510	1.925000e-003	
2511	1.850000e-003	
2512	1.700000e-003	
2513	1.800000e-003	
2514	1.800000e-003	
2515	1.500000e-003	
2516	1.650000e-003	
2517	1.650000e-003	
2518	1.600000e-003	
2519	1.350000e-003	
2520	1.175000e-003	
2521	1.225000e-003	
2522	1.350000e-003	
2523	1.600000e-003	
2524	1.625000e-003	
2525	1.900000e-003	
2526	1.700000e-003	
2527	1.725000e-003	
2528	1.750000e-003	
2529	1.625000e-003	
2530	1.625000e-003	
2531	1.975000e-003	
2532	1.700000e-003	
2533	1.725000e-003	
2534	1.650000e-003	
2535	1.625000e-003	
2536	1.550000e-003	
2537	1.425000e-003	
2538	1.350000e-003	
2539	1.150000e-003	
2540	1.325000e-003	
2541	1.350000e-003	
2542	1.550000e-003	
2543	1.500000e-003	
2544	1.700000e-003	
2545	1.675000e-003	
2546	1.725000e-003	
2547	1.800000e-003	
2548	1.650000e-003	
2549	1.575000e-003	
2550	1.400000e-003	
2551	1.475000e-003	
2552	1.725000e-003	
2553	1.625000e-003	
2554	1.425000e-003	
2555	1.325000e-003	
2556	1.325000e-003	
2557	1.400000e-003	
2558	1.350000e-003	
2559	1.475000e-003	
2560	1.400000e-003	
2561	1.100000e-003	
2562	1.175000e-003	
2563	1.075000e-003	
2564	9.500000e-004	
2565	9.750000e-004	
2566	1.375000e-003	
2567	1.275000e-003	
2568	9.750000e-004	
2569	1.025000e-003	
2570	7.000000e-004	
2571	5.500000e-004	
2572	5.500000e-004	
2573	4.000000e-004	
2574	3.500000e-004	
2575	3.500000e-004	
2576	4.750000e-004	
2577	4.500000e-004	
2578	5.000000e-004	
2579	4.500000e-004	
2580	5.000000e-004	
2581	5.500000e-004	
2582	4.000000e-004	
2583	4.000000e-004	
2584	4.500000e-004	
2585	5.500000e-004	
2586	5.750000e-004	
2587	6.000000e-004	
2588	5.500000e-004	
2589	5.500000e-004	
2590	5.000000e-004	
2591	4.500000e-004	
2592	5.750000e-004	
2593	4.000000e-004	
2594	5.500000e-004	
2595	4.500000e-004	
2596	4.000000e-004	
2597	3.750000e-004	
2598	2.750000e-004	
2599	3.250000e-004	
2600	2.750000e-004	
2601	3.000000e-004	
2602	2.500000e-004	
2603	2.500000e-004	
2604	2.500000e-004	
2605	4.000000e-004	
2606	2.500000e-004	
2607	2.500000e-004	
2608	3.500000e-004	
2609	3.500000e-004	
2610	3.000000e-004	
2611	3.500000e-004	
2612	1.500000e-004	
2613	1.500000e-004	
2614	1.500000e-004	
2615	1.750000e-004	
2616	2.750000e-004	
2617	2.250000e-004	
2618	3.500000e-004	
2619	1.750000e-004	
2620	2.250000e-004	
2621	2.000000e-004	
2622	1.250000e-004	
2623	5.000000e-005	
2624	5.000000e-005	
2625	5.000000e-005	
2626	2.500000e-005	
2627	5.000000e-005	
2628	2.500000e-005	
2629	0	
2630	0	
2631	0	
2632	0	
2633	0	
2634	0	
2635	0	
2636	0	
2637	0	
2638	0	
2639	0	
2640	0	
2641	0	
2642	0	
2643	0	
2644	0	
2645	0	
2646	0	
2647	0	
2648	0	
2649	0	
2650	0	
2651	0	
2652	0	
2653	0	
2654	0	
2655	0	
2656	0	
2657	0	
2658	0	
2659	0	
2660	0	
2661	0	
2662	0	
2663	0	
2664	0	
2665	0	
2666	0	
2667	0	
2668	0	
2669	0	
2670	0	
2671	0	
2672	0	
2673	0	
2674	0	
2675	0	
2676	0	
2677	0	
2678	0	
2679	0	
2680	0	
2681	0	
2682	0	
2683	0	
2684	0	
2685	0	
2686	0	
2687	0	
2688	0	
2689	0	
2690	0	
2691	0	
2692	0	
2693	0	
2694	0	
2695	0	
2696	0	
2697	0	
2698	2.500000e-005	
2699	5.000000e-005	
2700	2.500000e-005	
2701	2.500000e-005	
2702	2.500000e-005	
2703	2.500000e-005	
2704	5.000000e-005	
2705	0	
2706	0	
2707	0	
2708	0	
2709	0	
2710	0	
2711	0	
2712	0	
2713	0	
2714	0	
2715	0	
2716	0	
2717	0	
2718	0	
2719	0	
2720	0	
2721	0	
2722	0	
2723	0	
2724	0	
2725	0	
2726	0	
2727	0	
2728	0	
2729	0	
2730	0	
2731	0	
2732	0	
2733	0	
2734	0	
2735	0	
2736	0	
2737	0	
2738	0	
2739	0	
2740	0	
2741	0	
2742	0	
2743	0	
2744	0	
2745	0	
2746	0	
2747	0	
2748	0	
2749	0	
2750	0	
2751	0	
2752	0	
2753	0	
2754	0	
2755	0	
2756	0	
2757	0	
2758	0	
2759	0	
2760	0	
2761	0	
2762	0	
2763	0	
2764	0	
2765	0	
2766	0	
2767	0	
2768	0	
2769	0	
2770	0	
2771	2.500000e-005	
2772	2.500000e-005	
2773	0	
2774	0	
2775	0	
2776	0	
2777	0	
2778	0	
2779	0	
2780	0	
2781	0	
2782	0	
2783	0	
2784	0	
2785	0	
2786	0	
2787	0	
2788	0	
2789	0	
2790	0	
2791	0	
2792	0	
2793	0	
2794	0	
2795	0	
2796	0	
2797	0	
2798	0	
2799	0	
2800	0	
2801	0	
2802	0	
2803	0	
2804	0	
2805	0	
2806	0	
2807	0	
2808	0	
2809	0	
2810	0	
2811	0	
2812	0	
2813	0	
2814	0	
2815	0	
2816	0	
2817	0	
2818	0	
2819	0	
2820	0	
2821	0	
2822	0	
2823	0	
2824	0	
2825	0	
2826	0	
2827	0	
2828	0	
2829	0	
2830	0	
2831	0	
2832	0	
2833	0	
2834	0	
2835	0	
2836	0	
2837	0	
2838	0	
2839	0	
2840	0	
2841	0	
2842	0	
2843	0	
2844	0	
2845	0	
2846	0	
2847	0	
2848	0	
2849	0	
2850	0	
2851	0	
2852	0	
2853	0	
2854	0	
2855	0	
2856	0	
2857	0	
2858	0	
2859	0	
2860	0	
2861	0	
2862	0	
2863	0	
2864	0	
2865	0	
2866	2.500000e-005	
2867	2.500000e-005	
2868	1.000000e-004	
2869	1.500000e-004	
2870	2.000000e-004	
2871	2.250000e-004	
2872	3.000000e-004	
2873	2.750000e-004	
2874	2.500000e-004	
2875	2.000000e-004	
2876	1.750000e-004	
2877	2.000000e-004	
2878	2.250000e-004	
2879	2.000000e-004	
2880	2.000000e-004	
2881	2.000000e-004	
2882	1.750000e-004	
2883	1.250000e-004	
2884	1.000000e-004	
2885	1.000000e-004	
2886	5.000000e-005	
2887	7.500000e-005	
2888	5.000000e-005	
2889	1.000000e-004	
2890	1.250000e-004	
2891	1.000000e-004	
2892	1.000000e-004	
2893	7.500000e-005	
2894	2.500000e-005	
2895	2.500000e-005	
2896	7.500000e-005	
2897	5.000000e-005	
2898	7.500000e-005	
2899	7.500000e-005	
2900	1.000000e-004	
2901	1.750000e-004	
2902	1.500000e-004	
2903	1.000000e-004	
2904	1.000000e-004	
2905	7.500000e-005	
2906	1.000000e-004	
2907	1.500000e-004	
2908	1.250000e-004	
2909	7.500000e-005	
2910	5.000000e-005	
2911	0	
2912	0	
2913	0	
2914	0	
2915	0	
2916	0	
2917	0	
2918	0	
2919	0	
2920	0	
2921	0	
2922	0	
2923	0	
2924	0	
2925	0	
2926	2.500000e-005	
2927	2.500000e-005	
2928	0	
2929	0	
2930	0	
2931	0	
2932	0	
2933	0	
2934	0	
2935	0	
2936	0	
2937	0	
2938	0	
2939	0	
2940	0	
2941	0	
2942	0	
2943	0	
2944	0	
2945	0	
2946	0	
2947	0	
2948	0	
2949	0	
2950	0	
2951	0	
2952	0	
2953	0	
2954	0	
2955	0	
2956	0	
2957	0	
2958	0	
2959	0	
2960	0	
2961	0	
2962	0	
2963	0	
2964	0	
2965	0	
2966	0	
2967	0	
2968	0	
2969	0	
2970	0	
2971	0	
2972	0	
2973	0	
2974	0	
2975	0	
2976	0	
2977	0	
2978	0	
2979	0	
2980	0	
2981	0	
2982	0	
2983	0	
2984	0	
2985	0	
2986	0	
2987	0	
2988	0	
2989	0	
2990	0	
2991	0	
2992	2.500000e-005	
2993	0	
2994	0	
2995	0	
2996	0	
2997	0	
2998	0	
2999	0	
3000	0	
3001	0	
