1	4.936222e-001	4.930889e-001	0	
2	4.931667e-001	4.935444e-001	0	
3	4.926000e-001	4.941111e-001	0	
4	4.920222e-001	4.946889e-001	0	
5	4.915000e-001	4.952111e-001	0	
6	4.911000e-001	4.956111e-001	0	
7	4.906333e-001	4.960778e-001	0	
8	4.901444e-001	4.965667e-001	0	
9	4.896889e-001	4.970222e-001	0	
10	4.890778e-001	4.976333e-001	0	
11	4.886556e-001	4.980444e-001	1.111111e-005	
12	4.882778e-001	4.983778e-001	5.555556e-005	
13	4.879778e-001	4.986667e-001	6.666667e-005	
14	4.876778e-001	4.989111e-001	1.222222e-004	
15	4.872444e-001	4.993778e-001	8.888889e-005	
16	4.867333e-001	4.998556e-001	1.222222e-004	
17	4.863111e-001	5.002111e-001	1.888889e-004	
18	4.861111e-001	5.003333e-001	2.666667e-004	
19	4.859889e-001	5.004111e-001	3.111111e-004	
20	4.857889e-001	5.006556e-001	2.666667e-004	
21	4.856778e-001	5.007444e-001	2.888889e-004	
22	4.854444e-001	5.009889e-001	2.777778e-004	
23	4.852778e-001	5.011000e-001	3.333333e-004	
24	4.851444e-001	5.011778e-001	3.888889e-004	
25	4.848556e-001	5.014778e-001	3.777778e-004	
26	4.848556e-001	5.014556e-001	4.000000e-004	
27	4.849333e-001	5.013111e-001	4.666667e-004	
28	4.849889e-001	5.012444e-001	4.777778e-004	
29	4.849667e-001	5.013111e-001	4.333333e-004	
30	4.848889e-001	5.013778e-001	4.444444e-004	
31	4.847444e-001	5.015667e-001	4.000000e-004	
32	4.846333e-001	5.015667e-001	5.111111e-004	
33	4.846667e-001	5.012556e-001	7.888889e-004	
34	4.849778e-001	5.009222e-001	8.111111e-004	
35	4.854000e-001	5.003889e-001	9.222222e-004	
36	4.858222e-001	4.999111e-001	9.777778e-004	
37	4.864444e-001	4.993444e-001	9.222222e-004	
38	4.868556e-001	4.989000e-001	9.555556e-004	
39	4.874667e-001	4.981778e-001	1.066667e-003	
40	4.881556e-001	4.975000e-001	1.055556e-003	
41	4.888222e-001	4.969556e-001	9.333333e-004	
42	4.892222e-001	4.963778e-001	1.111111e-003	
43	4.898444e-001	4.958333e-001	1.033333e-003	
44	4.904111e-001	4.952667e-001	1.033333e-003	
45	4.910556e-001	4.945889e-001	1.066667e-003	
46	4.916556e-001	4.939000e-001	1.155556e-003	
47	4.923333e-001	4.931333e-001	1.244444e-003	
48	4.931222e-001	4.920889e-001	1.500000e-003	
49	4.941667e-001	4.912333e-001	1.311111e-003	
50	4.950222e-001	4.902556e-001	1.433333e-003	
51	4.959444e-001	4.893556e-001	1.411111e-003	
52	4.969111e-001	4.882556e-001	1.544444e-003	
53	4.979000e-001	4.873444e-001	1.466667e-003	
54	4.988778e-001	4.861778e-001	1.655556e-003	
55	5.000444e-001	4.852778e-001	1.388889e-003	
56	5.009333e-001	4.844111e-001	1.366667e-003	
57	5.016889e-001	4.836444e-001	1.377778e-003	
58	5.025111e-001	4.828889e-001	1.311111e-003	
59	5.033556e-001	4.821111e-001	1.244444e-003	
60	5.041000e-001	4.813556e-001	1.255556e-003	
61	5.048444e-001	4.804556e-001	1.411111e-003	
62	5.057333e-001	4.793667e-001	1.611111e-003	
63	5.067000e-001	4.785889e-001	1.422222e-003	
64	5.076222e-001	4.776222e-001	1.466667e-003	
65	5.086000e-001	4.764778e-001	1.633333e-003	
66	5.096778e-001	4.752556e-001	1.777778e-003	
67	5.110222e-001	4.740778e-001	1.611111e-003	
68	5.121111e-001	4.730222e-001	1.577778e-003	
69	5.131778e-001	4.720556e-001	1.477778e-003	
70	5.141222e-001	4.711111e-001	1.477778e-003	
71	5.150444e-001	4.701333e-001	1.533333e-003	
72	5.159889e-001	4.690667e-001	1.655556e-003	
73	5.171222e-001	4.678667e-001	1.722222e-003	
74	5.182333e-001	4.664667e-001	2.011111e-003	
75	5.197556e-001	4.649000e-001	2.055556e-003	
76	5.213444e-001	4.631111e-001	2.255556e-003	
77	5.231222e-001	4.611222e-001	2.466667e-003	
78	5.250889e-001	4.593000e-001	2.322222e-003	
79	5.268556e-001	4.576556e-001	2.200000e-003	
80	5.283889e-001	4.560333e-001	2.288889e-003	
81	5.301444e-001	4.541444e-001	2.422222e-003	
82	5.321000e-001	4.523000e-001	2.311111e-003	
83	5.338667e-001	4.505111e-001	2.333333e-003	
84	5.355556e-001	4.487667e-001	2.388889e-003	
85	5.374667e-001	4.466778e-001	2.566667e-003	
86	5.394556e-001	4.446444e-001	2.611111e-003	
87	5.416778e-001	4.424333e-001	2.600000e-003	
88	5.438444e-001	4.401333e-001	2.733333e-003	
89	5.460778e-001	4.379111e-001	2.722222e-003	
90	5.482333e-001	4.356556e-001	2.822222e-003	
91	5.503889e-001	4.333556e-001	2.966667e-003	
92	5.527667e-001	4.306222e-001	3.322222e-003	
93	5.554444e-001	4.281222e-001	3.144444e-003	
94	5.580667e-001	4.256667e-001	2.977778e-003	
95	5.604333e-001	4.231556e-001	3.122222e-003	
96	5.630000e-001	4.200111e-001	3.700000e-003	
97	5.660556e-001	4.171000e-001	3.555556e-003	
98	5.690444e-001	4.141889e-001	3.477778e-003	
99	5.718667e-001	4.112000e-001	3.644444e-003	
100	5.750222e-001	4.080111e-001	3.677778e-003	
101	5.780556e-001	4.049444e-001	3.711111e-003	
102	5.811222e-001	4.017556e-001	3.833333e-003	
103	5.843444e-001	3.986000e-001	3.766667e-003	
104	5.876444e-001	3.949889e-001	4.077778e-003	
105	5.911222e-001	3.913778e-001	4.211111e-003	
106	5.948000e-001	3.877667e-001	4.144444e-003	
107	5.984111e-001	3.845889e-001	3.711111e-003	
108	6.014778e-001	3.813444e-001	3.888889e-003	
109	6.047000e-001	3.782111e-001	3.800000e-003	
110	6.078444e-001	3.750889e-001	3.777778e-003	
111	6.110444e-001	3.716222e-001	4.044444e-003	
112	6.144000e-001	3.682111e-001	4.100000e-003	
113	6.178889e-001	3.649667e-001	3.855556e-003	
114	6.210556e-001	3.618444e-001	3.811111e-003	
115	6.242444e-001	3.586889e-001	3.777778e-003	
116	6.273889e-001	3.556222e-001	3.700000e-003	
117	6.304444e-001	3.526333e-001	3.633333e-003	
118	6.334000e-001	3.497667e-001	3.544444e-003	
119	6.364000e-001	3.465444e-001	3.766667e-003	
120	6.395444e-001	3.432222e-001	3.944444e-003	
121	6.428333e-001	3.399667e-001	3.911111e-003	
122	6.460667e-001	3.368000e-001	3.844444e-003	
123	6.492000e-001	3.333667e-001	4.144444e-003	
124	6.527556e-001	3.296778e-001	4.277778e-003	
125	6.563444e-001	3.259889e-001	4.377778e-003	
126	6.600556e-001	3.224667e-001	4.188889e-003	
127	6.637111e-001	3.186000e-001	4.400000e-003	
128	6.675444e-001	3.149111e-001	4.255556e-003	
129	6.711556e-001	3.109556e-001	4.600000e-003	
130	6.750333e-001	3.069667e-001	4.711111e-003	
131	6.790222e-001	3.031778e-001	4.511111e-003	
132	6.828222e-001	2.993778e-001	4.511111e-003	
133	6.866556e-001	2.955000e-001	4.555556e-003	
134	6.904556e-001	2.914778e-001	4.777778e-003	
135	6.943889e-001	2.873667e-001	4.955556e-003	
136	6.987000e-001	2.831444e-001	4.866667e-003	
137	7.028556e-001	2.789556e-001	4.900000e-003	
138	7.072778e-001	2.745444e-001	4.888889e-003	
139	7.116111e-001	2.701444e-001	4.955556e-003	
140	7.157111e-001	2.660111e-001	4.988889e-003	
141	7.200556e-001	2.614778e-001	5.177778e-003	
142	7.245222e-001	2.569000e-001	5.288889e-003	
143	7.292111e-001	2.524444e-001	5.055556e-003	
144	7.335444e-001	2.482444e-001	4.922222e-003	
145	7.377778e-001	2.442111e-001	4.722222e-003	
146	7.418889e-001	2.400556e-001	4.766667e-003	
147	7.458444e-001	2.361000e-001	4.766667e-003	
148	7.498556e-001	2.319444e-001	4.911111e-003	
149	7.540333e-001	2.277333e-001	4.944444e-003	
150	7.582111e-001	2.235000e-001	5.000000e-003	
151	7.626000e-001	2.188889e-001	5.222222e-003	
152	7.670778e-001	2.143000e-001	5.333333e-003	
153	7.716111e-001	2.096000e-001	5.500000e-003	
154	7.764556e-001	2.047667e-001	5.488889e-003	
155	7.811667e-001	2.005333e-001	5.011111e-003	
156	7.853444e-001	1.965222e-001	4.844444e-003	
157	7.894889e-001	1.925111e-001	4.711111e-003	
158	7.934889e-001	1.885000e-001	4.722222e-003	
159	7.973000e-001	1.848222e-001	4.588889e-003	
160	8.009667e-001	1.807000e-001	5.044444e-003	
161	8.051889e-001	1.765778e-001	4.944444e-003	
162	8.092667e-001	1.725222e-001	4.922222e-003	
163	8.134444e-001	1.683778e-001	4.888889e-003	
164	8.173778e-001	1.647556e-001	4.577778e-003	
165	8.211667e-001	1.615444e-001	4.000000e-003	
166	8.243889e-001	1.582889e-001	4.033333e-003	
167	8.276889e-001	1.552889e-001	3.733333e-003	
168	8.305667e-001	1.525000e-001	3.644444e-003	
169	8.333556e-001	1.497222e-001	3.633333e-003	
170	8.361667e-001	1.468556e-001	3.688889e-003	
171	8.388778e-001	1.443111e-001	3.522222e-003	
172	8.414778e-001	1.416222e-001	3.611111e-003	
173	8.442889e-001	1.388556e-001	3.566667e-003	
174	8.470111e-001	1.360556e-001	3.644444e-003	
175	8.499556e-001	1.330778e-001	3.677778e-003	
176	8.526333e-001	1.303556e-001	3.722222e-003	
177	8.554556e-001	1.274333e-001	3.822222e-003	
178	8.583444e-001	1.245556e-001	3.811111e-003	
179	8.611556e-001	1.216667e-001	3.888889e-003	
180	8.640111e-001	1.191111e-001	3.588889e-003	
181	8.667556e-001	1.164111e-001	3.544444e-003	
182	8.694667e-001	1.136667e-001	3.577778e-003	
183	8.721778e-001	1.108000e-001	3.733333e-003	
184	8.752111e-001	1.078889e-001	3.611111e-003	
185	8.780222e-001	1.051889e-001	3.500000e-003	
186	8.806333e-001	1.027667e-001	3.311111e-003	
187	8.830333e-001	1.005333e-001	3.144444e-003	
188	8.853222e-001	9.833333e-002	3.055556e-003	
189	8.876111e-001	9.621111e-002	2.888889e-003	
190	8.896556e-001	9.396667e-002	3.088889e-003	
191	8.916778e-001	9.181111e-002	3.222222e-003	
192	8.939667e-001	8.958889e-002	3.155556e-003	
193	8.963444e-001	8.718889e-002	3.177778e-003	
194	8.987222e-001	8.491111e-002	3.077778e-003	
195	9.008222e-001	8.295556e-002	2.933333e-003	
196	9.029778e-001	8.061111e-002	3.122222e-003	
197	9.052000e-001	7.881111e-002	2.700000e-003	
198	9.071333e-001	7.694444e-002	2.633333e-003	
199	9.088444e-001	7.530000e-002	2.566667e-003	
200	9.105556e-001	7.401111e-002	2.144444e-003	
201	9.117667e-001	7.330000e-002	1.644444e-003	
202	9.124667e-001	7.281111e-002	1.433333e-003	
203	9.128889e-001	7.305556e-002	7.666667e-004	
204	9.127111e-001	7.350000e-002	5.000000e-004	
205	9.123889e-001	7.395556e-002	3.666667e-004	
206	9.117333e-001	7.457778e-002	4.000000e-004	
207	9.112222e-001	7.512222e-002	3.666667e-004	
208	9.107222e-001	7.573333e-002	2.555556e-004	
209	9.102333e-001	7.616667e-002	3.111111e-004	
210	9.097444e-001	7.663333e-002	3.333333e-004	
211	9.093333e-001	7.717778e-002	2.000000e-004	
212	9.085667e-001	7.798889e-002	1.555556e-004	
213	9.078000e-001	7.880000e-002	1.111111e-004	
214	9.070667e-001	7.955556e-002	8.888889e-005	
215	9.062778e-001	8.037778e-002	5.555556e-005	
216	9.057000e-001	8.098889e-002	2.222222e-005	
217	9.049667e-001	8.174444e-002	0	
218	9.040444e-001	8.266667e-002	0	
219	9.030667e-001	8.364444e-002	0	
220	9.021000e-001	8.461111e-002	0	
221	9.011000e-001	8.561111e-002	0	
222	9.003667e-001	8.634444e-002	0	
223	8.994444e-001	8.726667e-002	0	
224	8.984222e-001	8.828889e-002	0	
225	8.975333e-001	8.917778e-002	0	
226	8.966444e-001	9.006667e-002	0	
227	8.957778e-001	9.093333e-002	0	
228	8.948778e-001	9.183333e-002	0	
229	8.940333e-001	9.267778e-002	0	
230	8.931111e-001	9.360000e-002	0	
231	8.921222e-001	9.458889e-002	0	
232	8.913333e-001	9.537778e-002	0	
233	8.905111e-001	9.620000e-002	0	
234	8.894000e-001	9.731111e-002	0	
235	8.885222e-001	9.818889e-002	0	
236	8.877111e-001	9.900000e-002	0	
237	8.868667e-001	9.984444e-002	0	
238	8.859444e-001	1.007667e-001	0	
239	8.851333e-001	1.015778e-001	0	
240	8.842333e-001	1.024778e-001	0	
241	8.833111e-001	1.034000e-001	0	
242	8.824222e-001	1.042889e-001	0	
243	8.815778e-001	1.051333e-001	0	
244	8.807111e-001	1.060000e-001	0	
245	8.798222e-001	1.068889e-001	0	
246	8.789667e-001	1.077444e-001	0	
247	8.782111e-001	1.085000e-001	0	
248	8.772333e-001	1.094778e-001	0	
249	8.763778e-001	1.103333e-001	0	
250	8.755444e-001	1.111667e-001	0	
251	8.747000e-001	1.120111e-001	0	
252	8.736778e-001	1.130333e-001	0	
253	8.729667e-001	1.137444e-001	0	
254	8.721778e-001	1.145333e-001	0	
255	8.712111e-001	1.155000e-001	0	
256	8.702667e-001	1.164444e-001	0	
257	8.696111e-001	1.171000e-001	0	
258	8.686000e-001	1.181111e-001	0	
259	8.677667e-001	1.189444e-001	0	
260	8.668556e-001	1.198556e-001	0	
261	8.659333e-001	1.207778e-001	0	
262	8.650222e-001	1.216889e-001	0	
263	8.642667e-001	1.224444e-001	0	
264	8.633444e-001	1.233667e-001	0	
265	8.624556e-001	1.242556e-001	0	
266	8.615667e-001	1.251444e-001	0	
267	8.608000e-001	1.259111e-001	0	
268	8.598222e-001	1.268889e-001	0	
269	8.588444e-001	1.278667e-001	0	
270	8.579444e-001	1.287667e-001	0	
271	8.571667e-001	1.295444e-001	0	
272	8.561667e-001	1.305444e-001	0	
273	8.552333e-001	1.314778e-001	0	
274	8.545444e-001	1.321667e-001	0	
275	8.537000e-001	1.330111e-001	0	
276	8.528111e-001	1.339000e-001	0	
277	8.520333e-001	1.346778e-001	0	
278	8.513333e-001	1.353778e-001	0	
279	8.506556e-001	1.360556e-001	0	
280	8.497222e-001	1.369889e-001	0	
281	8.488333e-001	1.378778e-001	0	
282	8.481333e-001	1.385778e-001	0	
283	8.474000e-001	1.393111e-001	0	
284	8.465778e-001	1.401333e-001	0	
285	8.455333e-001	1.411778e-001	0	
286	8.445222e-001	1.421889e-001	0	
287	8.435222e-001	1.431889e-001	0	
288	8.426889e-001	1.440222e-001	0	
289	8.417444e-001	1.449667e-001	0	
290	8.409000e-001	1.458111e-001	0	
291	8.401889e-001	1.465222e-001	0	
292	8.393667e-001	1.473444e-001	0	
293	8.386333e-001	1.480778e-001	0	
294	8.377778e-001	1.489333e-001	0	
295	8.368556e-001	1.498556e-001	0	
296	8.360333e-001	1.506778e-001	0	
297	8.353111e-001	1.514000e-001	0	
298	8.344889e-001	1.522222e-001	0	
299	8.336444e-001	1.530667e-001	0	
300	8.330111e-001	1.537000e-001	0	
301	8.321444e-001	1.545667e-001	0	
302	8.313333e-001	1.553778e-001	0	
303	8.306444e-001	1.560667e-001	0	
304	8.297556e-001	1.569556e-001	0	
305	8.290667e-001	1.576444e-001	0	
306	8.282000e-001	1.585111e-001	0	
307	8.273333e-001	1.593778e-001	0	
308	8.266556e-001	1.600556e-001	0	
309	8.257889e-001	1.609222e-001	0	
310	8.248111e-001	1.619000e-001	0	
311	8.238556e-001	1.628556e-001	0	
312	8.230333e-001	1.636778e-001	0	
313	8.223222e-001	1.643889e-001	0	
314	8.214778e-001	1.652333e-001	0	
315	8.204667e-001	1.662444e-001	0	
316	8.195444e-001	1.671667e-001	0	
317	8.186222e-001	1.680889e-001	0	
318	8.177667e-001	1.689444e-001	0	
319	8.168111e-001	1.699000e-001	0	
320	8.159444e-001	1.707667e-001	0	
321	8.150667e-001	1.716444e-001	0	
322	8.140778e-001	1.726333e-001	0	
323	8.132444e-001	1.734667e-001	0	
324	8.124000e-001	1.743111e-001	0	
325	8.115778e-001	1.751333e-001	0	
326	8.107444e-001	1.759667e-001	0	
327	8.098556e-001	1.768556e-001	0	
328	8.090667e-001	1.776444e-001	0	
329	8.082889e-001	1.784222e-001	0	
330	8.074889e-001	1.792222e-001	0	
331	8.065000e-001	1.802111e-001	0	
332	8.056778e-001	1.810333e-001	0	
333	8.048444e-001	1.818667e-001	0	
334	8.040889e-001	1.826222e-001	0	
335	8.033111e-001	1.834000e-001	0	
336	8.025667e-001	1.841444e-001	0	
337	8.016444e-001	1.850667e-001	0	
338	8.007556e-001	1.859556e-001	0	
339	7.999444e-001	1.867667e-001	0	
340	7.990889e-001	1.876222e-001	0	
341	7.984111e-001	1.883000e-001	0	
342	7.975222e-001	1.891889e-001	0	
343	7.968111e-001	1.899000e-001	0	
344	7.959556e-001	1.907556e-001	0	
345	7.952000e-001	1.915111e-001	0	
346	7.945444e-001	1.921667e-001	0	
347	7.937889e-001	1.929222e-001	0	
348	7.930444e-001	1.936667e-001	0	
349	7.922222e-001	1.944889e-001	0	
350	7.914889e-001	1.952222e-001	0	
351	7.907444e-001	1.959667e-001	0	
352	7.900222e-001	1.966889e-001	0	
353	7.893333e-001	1.973778e-001	0	
354	7.887222e-001	1.979889e-001	0	
355	7.878111e-001	1.989000e-001	0	
356	7.869889e-001	1.997222e-001	0	
357	7.862556e-001	2.004556e-001	0	
358	7.854556e-001	2.012556e-001	0	
359	7.847667e-001	2.019333e-001	1.111111e-005	
360	7.838889e-001	2.027667e-001	5.555556e-005	
361	7.833222e-001	2.033556e-001	3.333333e-005	
362	7.824111e-001	2.042667e-001	3.333333e-005	
363	7.816444e-001	2.050556e-001	1.111111e-005	
364	7.808222e-001	2.058889e-001	0	
365	7.800333e-001	2.066778e-001	0	
366	7.792667e-001	2.074444e-001	0	
367	7.784556e-001	2.082556e-001	0	
368	7.776556e-001	2.090556e-001	0	
369	7.768333e-001	2.098778e-001	0	
370	7.761000e-001	2.106111e-001	0	
371	7.753000e-001	2.114111e-001	0	
372	7.744889e-001	2.122222e-001	0	
373	7.737222e-001	2.129889e-001	0	
374	7.727778e-001	2.139333e-001	0	
375	7.721000e-001	2.146111e-001	0	
376	7.712889e-001	2.154222e-001	0	
377	7.704333e-001	2.162778e-001	0	
378	7.696778e-001	2.170333e-001	0	
379	7.688667e-001	2.178444e-001	0	
380	7.680778e-001	2.186333e-001	0	
381	7.672333e-001	2.194778e-001	0	
382	7.665111e-001	2.202000e-001	0	
383	7.657333e-001	2.209778e-001	0	
384	7.649333e-001	2.217778e-001	0	
385	7.640222e-001	2.226889e-001	0	
386	7.633111e-001	2.234000e-001	0	
387	7.625556e-001	2.241556e-001	0	
388	7.618556e-001	2.248556e-001	0	
389	7.611444e-001	2.255667e-001	0	
390	7.604000e-001	2.263111e-001	0	
391	7.597667e-001	2.269444e-001	0	
392	7.589333e-001	2.277778e-001	0	
393	7.582000e-001	2.285111e-001	0	
394	7.575556e-001	2.291556e-001	0	
395	7.568889e-001	2.298222e-001	0	
396	7.561778e-001	2.305333e-001	0	
397	7.553444e-001	2.313667e-001	0	
398	7.544778e-001	2.322333e-001	0	
399	7.537778e-001	2.329333e-001	0	
400	7.528444e-001	2.338667e-001	0	
401	7.520556e-001	2.346556e-001	0	
402	7.512667e-001	2.354444e-001	0	
403	7.505667e-001	2.361444e-001	0	
404	7.497667e-001	2.369444e-001	0	
405	7.489000e-001	2.378111e-001	0	
406	7.481444e-001	2.385667e-001	0	
407	7.474333e-001	2.392778e-001	0	
408	7.466111e-001	2.401000e-001	0	
409	7.457667e-001	2.409444e-001	0	
410	7.449778e-001	2.417333e-001	0	
411	7.443000e-001	2.424111e-001	0	
412	7.435667e-001	2.431444e-001	0	
413	7.427444e-001	2.439667e-001	0	
414	7.419444e-001	2.447667e-001	0	
415	7.412222e-001	2.454889e-001	0	
416	7.404222e-001	2.462889e-001	0	
417	7.397000e-001	2.470111e-001	0	
418	7.389667e-001	2.477444e-001	0	
419	7.382222e-001	2.484889e-001	0	
420	7.375111e-001	2.491889e-001	1.111111e-005	
421	7.368444e-001	2.498444e-001	2.222222e-005	
422	7.360556e-001	2.506333e-001	2.222222e-005	
423	7.352889e-001	2.513889e-001	3.333333e-005	
424	7.344222e-001	2.522889e-001	0	
425	7.337222e-001	2.529889e-001	0	
426	7.330000e-001	2.537111e-001	0	
427	7.321667e-001	2.545333e-001	1.111111e-005	
428	7.314000e-001	2.552778e-001	3.333333e-005	
429	7.306111e-001	2.560444e-001	5.555556e-005	
430	7.299111e-001	2.567556e-001	4.444444e-005	
431	7.293778e-001	2.573000e-001	3.333333e-005	
432	7.286889e-001	2.580000e-001	2.222222e-005	
433	7.277778e-001	2.588889e-001	4.444444e-005	
434	7.270889e-001	2.595778e-001	4.444444e-005	
435	7.264556e-001	2.602000e-001	5.555556e-005	
436	7.256111e-001	2.610111e-001	8.888889e-005	
437	7.248000e-001	2.618000e-001	1.111111e-004	
438	7.241333e-001	2.624222e-001	1.555556e-004	
439	7.235333e-001	2.630000e-001	1.777778e-004	
440	7.228889e-001	2.636778e-001	1.444444e-004	
441	7.221667e-001	2.644111e-001	1.333333e-004	
442	7.215333e-001	2.651222e-001	5.555556e-005	
443	7.208778e-001	2.658000e-001	3.333333e-005	
444	7.201667e-001	2.665111e-001	3.333333e-005	
445	7.194667e-001	2.672333e-001	1.111111e-005	
446	7.187667e-001	2.679333e-001	1.111111e-005	
447	7.181333e-001	2.685667e-001	1.111111e-005	
448	7.173667e-001	2.693444e-001	0	
449	7.166222e-001	2.700889e-001	0	
450	7.158000e-001	2.709111e-001	0	
451	7.148333e-001	2.718778e-001	0	
452	7.141889e-001	2.725222e-001	0	
453	7.133111e-001	2.734000e-001	0	
454	7.127000e-001	2.740111e-001	0	
455	7.118667e-001	2.748444e-001	0	
456	7.110333e-001	2.756778e-001	0	
457	7.104222e-001	2.762889e-001	0	
458	7.097333e-001	2.769778e-001	0	
459	7.090333e-001	2.776778e-001	0	
460	7.082444e-001	2.784667e-001	0	
461	7.076000e-001	2.791111e-001	0	
462	7.068333e-001	2.798778e-001	0	
463	7.062111e-001	2.805000e-001	0	
464	7.054667e-001	2.812444e-001	0	
465	7.047444e-001	2.819667e-001	0	
466	7.039778e-001	2.827333e-001	0	
467	7.032444e-001	2.834667e-001	0	
468	7.025778e-001	2.841333e-001	0	
469	7.019000e-001	2.848111e-001	0	
470	7.009000e-001	2.858111e-001	0	
471	7.002778e-001	2.864333e-001	0	
472	6.995000e-001	2.872000e-001	1.111111e-005	
473	6.988222e-001	2.878667e-001	2.222222e-005	
474	6.981889e-001	2.884667e-001	5.555556e-005	
475	6.974778e-001	2.892000e-001	3.333333e-005	
476	6.968444e-001	2.898333e-001	3.333333e-005	
477	6.961000e-001	2.906000e-001	1.111111e-005	
478	6.953556e-001	2.913333e-001	2.222222e-005	
479	6.945778e-001	2.921222e-001	1.111111e-005	
480	6.940111e-001	2.926889e-001	1.111111e-005	
481	6.933111e-001	2.933778e-001	2.222222e-005	
482	6.926444e-001	2.940333e-001	3.333333e-005	
483	6.919556e-001	2.947222e-001	3.333333e-005	
484	6.912000e-001	2.954778e-001	3.333333e-005	
485	6.906556e-001	2.960222e-001	3.333333e-005	
486	6.899222e-001	2.967667e-001	2.222222e-005	
487	6.890667e-001	2.976111e-001	3.333333e-005	
488	6.883667e-001	2.983222e-001	2.222222e-005	
489	6.878222e-001	2.988889e-001	0	
490	6.872556e-001	2.994556e-001	0	
491	6.866000e-001	3.001111e-001	0	
492	6.860000e-001	3.007111e-001	0	
493	6.854222e-001	3.012889e-001	0	
494	6.848333e-001	3.018778e-001	0	
495	6.840444e-001	3.026667e-001	0	
496	6.832667e-001	3.034444e-001	0	
497	6.824889e-001	3.042222e-001	0	
498	6.819444e-001	3.047667e-001	0	
499	6.811778e-001	3.055333e-001	0	
500	6.804778e-001	3.062111e-001	2.222222e-005	
501	6.797444e-001	3.069444e-001	2.222222e-005	
502	6.790222e-001	3.076778e-001	1.111111e-005	
503	6.782778e-001	3.084333e-001	0	
504	6.775111e-001	3.092000e-001	0	
505	6.768778e-001	3.098333e-001	0	
506	6.761000e-001	3.106111e-001	0	
507	6.755222e-001	3.111889e-001	0	
508	6.749444e-001	3.117667e-001	0	
509	6.744556e-001	3.122556e-001	0	
510	6.737556e-001	3.129556e-001	0	
511	6.729667e-001	3.137444e-001	0	
512	6.723000e-001	3.144111e-001	0	
513	6.717000e-001	3.150111e-001	0	
514	6.710111e-001	3.156889e-001	1.111111e-005	
515	6.704222e-001	3.162778e-001	1.111111e-005	
516	6.698111e-001	3.169000e-001	0	
517	6.692333e-001	3.174778e-001	0	
518	6.685778e-001	3.181333e-001	0	
519	6.678778e-001	3.188333e-001	0	
520	6.672444e-001	3.194667e-001	0	
521	6.664333e-001	3.202778e-001	0	
522	6.657111e-001	3.210000e-001	0	
523	6.649444e-001	3.217667e-001	0	
524	6.641000e-001	3.226111e-001	0	
525	6.634333e-001	3.232778e-001	0	
526	6.627889e-001	3.239222e-001	0	
527	6.621889e-001	3.245222e-001	0	
528	6.615000e-001	3.252111e-001	0	
529	6.609222e-001	3.257889e-001	0	
530	6.600889e-001	3.266222e-001	0	
531	6.594556e-001	3.272556e-001	0	
532	6.588889e-001	3.278222e-001	0	
533	6.582444e-001	3.284667e-001	0	
534	6.576333e-001	3.290778e-001	0	
535	6.569444e-001	3.297667e-001	0	
536	6.562667e-001	3.304444e-001	0	
537	6.556333e-001	3.310778e-001	0	
538	6.550000e-001	3.317111e-001	0	
539	6.543889e-001	3.323222e-001	0	
540	6.538000e-001	3.329111e-001	0	
541	6.530667e-001	3.336444e-001	0	
542	6.522778e-001	3.344333e-001	0	
543	6.516667e-001	3.350333e-001	1.111111e-005	
544	6.511333e-001	3.355667e-001	1.111111e-005	
545	6.506889e-001	3.360000e-001	2.222222e-005	
546	6.499111e-001	3.367778e-001	2.222222e-005	
547	6.493222e-001	3.373889e-001	0	
548	6.487333e-001	3.379778e-001	0	
549	6.481333e-001	3.385778e-001	0	
550	6.475111e-001	3.392000e-001	0	
551	6.468111e-001	3.399000e-001	0	
552	6.460889e-001	3.406222e-001	0	
553	6.455111e-001	3.412000e-001	0	
554	6.449556e-001	3.417556e-001	0	
555	6.442111e-001	3.425000e-001	0	
556	6.435667e-001	3.431444e-001	0	
557	6.430333e-001	3.436778e-001	0	
558	6.424556e-001	3.442556e-001	0	
559	6.419333e-001	3.447778e-001	0	
560	6.412111e-001	3.455000e-001	0	
561	6.405222e-001	3.461889e-001	0	
562	6.399333e-001	3.467778e-001	0	
563	6.392444e-001	3.474667e-001	0	
564	6.387000e-001	3.480111e-001	0	
565	6.380667e-001	3.486444e-001	0	
566	6.374556e-001	3.492556e-001	0	
567	6.366667e-001	3.500444e-001	0	
568	6.360222e-001	3.506889e-001	0	
569	6.353778e-001	3.513333e-001	0	
570	6.347333e-001	3.519778e-001	0	
571	6.342111e-001	3.525000e-001	0	
572	6.336111e-001	3.531000e-001	0	
573	6.328444e-001	3.538667e-001	0	
574	6.321111e-001	3.546000e-001	0	
575	6.314222e-001	3.552889e-001	0	
576	6.306444e-001	3.560667e-001	0	
577	6.299333e-001	3.567667e-001	1.111111e-005	
578	6.293000e-001	3.573778e-001	3.333333e-005	
579	6.287444e-001	3.579222e-001	4.444444e-005	
580	6.281778e-001	3.585000e-001	3.333333e-005	
581	6.276444e-001	3.590222e-001	4.444444e-005	
582	6.271000e-001	3.595556e-001	5.555556e-005	
583	6.264333e-001	3.602222e-001	5.555556e-005	
584	6.258111e-001	3.608889e-001	1.111111e-005	
585	6.252333e-001	3.614667e-001	1.111111e-005	
586	6.246556e-001	3.620556e-001	0	
587	6.239778e-001	3.627333e-001	0	
588	6.232889e-001	3.634222e-001	0	
589	6.225778e-001	3.641333e-001	0	
590	6.219111e-001	3.648000e-001	0	
591	6.213000e-001	3.654111e-001	0	
592	6.206667e-001	3.660444e-001	0	
593	6.200556e-001	3.666556e-001	0	
594	6.195333e-001	3.671778e-001	0	
595	6.189333e-001	3.677778e-001	0	
596	6.183222e-001	3.683889e-001	0	
597	6.176667e-001	3.690444e-001	0	
598	6.170444e-001	3.696667e-001	0	
599	6.164222e-001	3.702889e-001	0	
600	6.157556e-001	3.709556e-001	0	
601	6.151889e-001	3.715222e-001	0	
602	6.147000e-001	3.720111e-001	0	
603	6.140333e-001	3.726778e-001	0	
604	6.133889e-001	3.733222e-001	0	
605	6.127889e-001	3.739222e-001	0	
606	6.121000e-001	3.746111e-001	0	
607	6.114556e-001	3.752556e-001	0	
608	6.109222e-001	3.757889e-001	0	
609	6.103333e-001	3.763778e-001	0	
610	6.097222e-001	3.769889e-001	0	
611	6.091111e-001	3.776000e-001	0	
612	6.085222e-001	3.781889e-001	0	
613	6.081000e-001	3.786111e-001	0	
614	6.073556e-001	3.793556e-001	0	
615	6.068222e-001	3.798889e-001	0	
616	6.062889e-001	3.804222e-001	0	
617	6.056444e-001	3.810667e-001	0	
618	6.050111e-001	3.817000e-001	0	
619	6.044778e-001	3.822333e-001	0	
620	6.039444e-001	3.827667e-001	0	
621	6.032667e-001	3.834333e-001	1.111111e-005	
622	6.026889e-001	3.840000e-001	2.222222e-005	
623	6.021889e-001	3.845000e-001	2.222222e-005	
624	6.016222e-001	3.850667e-001	2.222222e-005	
625	6.010000e-001	3.856333e-001	7.777778e-005	
626	6.004222e-001	3.862333e-001	5.555556e-005	
627	5.998778e-001	3.867444e-001	8.888889e-005	
628	5.993778e-001	3.872333e-001	1.000000e-004	
629	5.989000e-001	3.877333e-001	7.777778e-005	
630	5.983222e-001	3.883222e-001	6.666667e-005	
631	5.975889e-001	3.890444e-001	7.777778e-005	
632	5.970778e-001	3.895222e-001	1.111111e-004	
633	5.966889e-001	3.899444e-001	7.777778e-005	
634	5.959778e-001	3.906444e-001	8.888889e-005	
635	5.955333e-001	3.910889e-001	8.888889e-005	
636	5.950444e-001	3.915667e-001	1.000000e-004	
637	5.945000e-001	3.921667e-001	4.444444e-005	
638	5.939778e-001	3.926778e-001	5.555556e-005	
639	5.934444e-001	3.932111e-001	5.555556e-005	
640	5.929778e-001	3.936889e-001	4.444444e-005	
641	5.924889e-001	3.941444e-001	7.777778e-005	
642	5.918889e-001	3.947444e-001	7.777778e-005	
643	5.915333e-001	3.950667e-001	1.111111e-004	
644	5.911000e-001	3.954889e-001	1.222222e-004	
645	5.906222e-001	3.959556e-001	1.333333e-004	
646	5.902000e-001	3.964000e-001	1.111111e-004	
647	5.897444e-001	3.969333e-001	3.333333e-005	
648	5.892000e-001	3.974667e-001	4.444444e-005	
649	5.885889e-001	3.980667e-001	5.555556e-005	
650	5.878889e-001	3.987778e-001	4.444444e-005	
651	5.874667e-001	3.991556e-001	8.888889e-005	
652	5.870000e-001	3.995556e-001	1.555556e-004	
653	5.866222e-001	3.998667e-001	2.222222e-004	
654	5.863222e-001	4.001667e-001	2.222222e-004	
655	5.859222e-001	4.006222e-001	1.666667e-004	
656	5.854889e-001	4.010333e-001	1.888889e-004	
657	5.850333e-001	4.015222e-001	1.555556e-004	
658	5.846333e-001	4.018889e-001	1.888889e-004	
659	5.842444e-001	4.022889e-001	1.777778e-004	
660	5.837889e-001	4.027111e-001	2.111111e-004	
661	5.834556e-001	4.029778e-001	2.777778e-004	
662	5.831444e-001	4.031889e-001	3.777778e-004	
663	5.829778e-001	4.034889e-001	2.444444e-004	
664	5.826000e-001	4.038222e-001	2.888889e-004	
665	5.823667e-001	4.041333e-001	2.111111e-004	
666	5.820333e-001	4.043778e-001	3.000000e-004	
667	5.817778e-001	4.046111e-001	3.222222e-004	
668	5.815778e-001	4.048000e-001	3.333333e-004	
669	5.813556e-001	4.049889e-001	3.666667e-004	
670	5.810667e-001	4.052889e-001	3.555556e-004	
671	5.807889e-001	4.055778e-001	3.444444e-004	
672	5.805000e-001	4.057889e-001	4.222222e-004	
673	5.803667e-001	4.060000e-001	3.444444e-004	
674	5.803111e-001	4.060556e-001	3.444444e-004	
675	5.799889e-001	4.064000e-001	3.222222e-004	
676	5.798222e-001	4.065556e-001	3.333333e-004	
677	5.796111e-001	4.067778e-001	3.222222e-004	
678	5.793333e-001	4.071111e-001	2.666667e-004	
679	5.790889e-001	4.073778e-001	2.444444e-004	
680	5.787778e-001	4.076667e-001	2.666667e-004	
681	5.784667e-001	4.079778e-001	2.666667e-004	
682	5.781000e-001	4.082444e-001	3.666667e-004	
683	5.778889e-001	4.083000e-001	5.222222e-004	
684	5.777333e-001	4.085000e-001	4.777778e-004	
685	5.776556e-001	4.085111e-001	5.444444e-004	
686	5.774778e-001	4.086556e-001	5.777778e-004	
687	5.774667e-001	4.086111e-001	6.333333e-004	
688	5.774222e-001	4.086667e-001	6.222222e-004	
689	5.775000e-001	4.084556e-001	7.555556e-004	
690	5.777111e-001	4.082444e-001	7.555556e-004	
691	5.778667e-001	4.081444e-001	7.000000e-004	
692	5.778667e-001	4.081333e-001	7.111111e-004	
693	5.781111e-001	4.078889e-001	7.111111e-004	
694	5.783333e-001	4.077111e-001	6.666667e-004	
695	5.783778e-001	4.075111e-001	8.222222e-004	
696	5.786222e-001	4.072556e-001	8.333333e-004	
697	5.788111e-001	4.069556e-001	9.444444e-004	
698	5.791556e-001	4.065778e-001	9.777778e-004	
699	5.795667e-001	4.061333e-001	1.011111e-003	
700	5.800667e-001	4.056222e-001	1.022222e-003	
701	5.803778e-001	4.052222e-001	1.111111e-003	
702	5.807222e-001	4.048222e-001	1.166667e-003	
703	5.812222e-001	4.043333e-001	1.155556e-003	
704	5.817556e-001	4.034444e-001	1.511111e-003	
705	5.826333e-001	4.024000e-001	1.677778e-003	
706	5.838000e-001	4.012444e-001	1.666667e-003	
707	5.847778e-001	4.001111e-001	1.822222e-003	
708	5.858111e-001	3.987000e-001	2.200000e-003	
709	5.874667e-001	3.971444e-001	2.100000e-003	
710	5.889111e-001	3.958778e-001	1.922222e-003	
711	5.902333e-001	3.942778e-001	2.200000e-003	
712	5.918556e-001	3.924556e-001	2.400000e-003	
713	5.936667e-001	3.908111e-001	2.233333e-003	
714	5.953222e-001	3.891222e-001	2.266667e-003	
715	5.969667e-001	3.873444e-001	2.400000e-003	
716	5.988333e-001	3.854778e-001	2.400000e-003	
717	6.007333e-001	3.835778e-001	2.400000e-003	
718	6.024667e-001	3.818111e-001	2.433333e-003	
719	6.043333e-001	3.799444e-001	2.433333e-003	
720	6.060889e-001	3.781333e-001	2.488889e-003	
721	6.080333e-001	3.760667e-001	2.611111e-003	
722	6.100778e-001	3.737667e-001	2.866667e-003	
723	6.124000e-001	3.713222e-001	2.988889e-003	
724	6.148111e-001	3.690000e-001	2.900000e-003	
725	6.171222e-001	3.667000e-001	2.888889e-003	
726	6.193333e-001	3.645222e-001	2.855556e-003	
727	6.215111e-001	3.622444e-001	2.955556e-003	
728	6.237444e-001	3.601778e-001	2.788889e-003	
729	6.259444e-001	3.578778e-001	2.888889e-003	
730	6.282556e-001	3.557889e-001	2.666667e-003	
731	6.301444e-001	3.538556e-001	2.711111e-003	
732	6.321667e-001	3.514000e-001	3.144444e-003	
733	6.346000e-001	3.489556e-001	3.155556e-003	
734	6.371444e-001	3.464667e-001	3.100000e-003	
735	6.397222e-001	3.435667e-001	3.422222e-003	
736	6.425111e-001	3.407444e-001	3.455556e-003	
737	6.451667e-001	3.377222e-001	3.822222e-003	
738	6.483556e-001	3.344778e-001	3.877778e-003	
739	6.516778e-001	3.311333e-001	3.900000e-003	
740	6.548444e-001	3.276444e-001	4.222222e-003	
741	6.583444e-001	3.240556e-001	4.311111e-003	
742	6.620111e-001	3.208000e-001	3.900000e-003	
743	6.654556e-001	3.173111e-001	3.944444e-003	
744	6.687111e-001	3.138556e-001	4.144444e-003	
745	6.722111e-001	3.102222e-001	4.277778e-003	
746	6.758111e-001	3.066667e-001	4.233333e-003	
747	6.792444e-001	3.036111e-001	3.855556e-003	
748	6.823222e-001	3.007556e-001	3.633333e-003	
749	6.853667e-001	2.974444e-001	3.900000e-003	
750	6.885333e-001	2.941889e-001	3.988889e-003	
751	6.917556e-001	2.909111e-001	4.044444e-003	
752	6.950778e-001	2.875556e-001	4.077778e-003	
753	6.984667e-001	2.841111e-001	4.133333e-003	
754	7.019889e-001	2.806333e-001	4.088889e-003	
755	7.055889e-001	2.770778e-001	4.044444e-003	
756	7.090444e-001	2.733778e-001	4.288889e-003	
757	7.126889e-001	2.697667e-001	4.255556e-003	
758	7.163111e-001	2.657667e-001	4.633333e-003	
759	7.202667e-001	2.614333e-001	5.011111e-003	
760	7.245889e-001	2.569889e-001	5.133333e-003	
761	7.290889e-001	2.522111e-001	5.411111e-003	
762	7.338333e-001	2.475222e-001	5.355556e-003	
763	7.384778e-001	2.429444e-001	5.288889e-003	
764	7.431889e-001	2.383333e-001	5.188889e-003	
765	7.475111e-001	2.341111e-001	5.088889e-003	
766	7.516889e-001	2.300889e-001	4.933333e-003	
767	7.557778e-001	2.260778e-001	4.855556e-003	
768	7.599333e-001	2.225000e-001	4.277778e-003	
769	7.634111e-001	2.191222e-001	4.177778e-003	
770	7.669556e-001	2.154778e-001	4.277778e-003	
771	7.704667e-001	2.113000e-001	4.944444e-003	
772	7.747222e-001	2.068333e-001	5.155556e-003	
773	7.791778e-001	2.028444e-001	4.688889e-003	
774	7.831333e-001	1.985444e-001	5.033333e-003	
775	7.872333e-001	1.942889e-001	5.188889e-003	
776	7.914889e-001	1.902444e-001	4.977778e-003	
777	7.955556e-001	1.863000e-001	4.855556e-003	
778	7.997667e-001	1.821778e-001	4.766667e-003	
779	8.038000e-001	1.782889e-001	4.622222e-003	
780	8.075667e-001	1.746222e-001	4.522222e-003	
781	8.109444e-001	1.714333e-001	4.333333e-003	
782	8.146889e-001	1.682000e-001	3.822222e-003	
783	8.175444e-001	1.655667e-001	3.600000e-003	
784	8.202444e-001	1.629222e-001	3.544444e-003	
785	8.231667e-001	1.601333e-001	3.411111e-003	
786	8.257778e-001	1.575333e-001	3.400000e-003	
787	8.283333e-001	1.549556e-001	3.422222e-003	
788	8.308778e-001	1.526556e-001	3.177778e-003	
789	8.334000e-001	1.500889e-001	3.222222e-003	
790	8.358667e-001	1.477444e-001	3.100000e-003	
791	8.380667e-001	1.456111e-001	3.033333e-003	
792	8.403333e-001	1.436889e-001	2.688889e-003	
793	8.420778e-001	1.418778e-001	2.755556e-003	
794	8.440444e-001	1.399444e-001	2.722222e-003	
795	8.458667e-001	1.381222e-001	2.722222e-003	
796	8.476444e-001	1.363778e-001	2.688889e-003	
797	8.496222e-001	1.345222e-001	2.566667e-003	
798	8.513889e-001	1.328778e-001	2.444444e-003	
799	8.530556e-001	1.312333e-001	2.422222e-003	
800	8.546778e-001	1.297889e-001	2.244444e-003	
801	8.561000e-001	1.285444e-001	2.066667e-003	
802	8.573667e-001	1.271556e-001	2.188889e-003	
803	8.585222e-001	1.259000e-001	2.288889e-003	
804	8.601111e-001	1.243444e-001	2.255556e-003	
805	8.615222e-001	1.229000e-001	2.288889e-003	
806	8.627778e-001	1.215000e-001	2.433333e-003	
807	8.644000e-001	1.199000e-001	2.411111e-003	
808	8.660778e-001	1.182889e-001	2.344444e-003	
809	8.675111e-001	1.170333e-001	2.166667e-003	
810	8.690111e-001	1.155222e-001	2.177778e-003	
811	8.702889e-001	1.146000e-001	1.822222e-003	
812	8.712444e-001	1.137889e-001	1.677778e-003	
813	8.721222e-001	1.130000e-001	1.588889e-003	
814	8.729333e-001	1.119889e-001	1.788889e-003	
815	8.739111e-001	1.107333e-001	2.066667e-003	
816	8.749444e-001	1.095222e-001	2.244444e-003	
817	8.762222e-001	1.084111e-001	2.077778e-003	
818	8.775222e-001	1.072111e-001	1.977778e-003	
819	8.786556e-001	1.062444e-001	1.811111e-003	
820	8.796000e-001	1.052333e-001	1.877778e-003	
821	8.806778e-001	1.041667e-001	1.866667e-003	
822	8.815111e-001	1.030556e-001	2.144444e-003	
823	8.828778e-001	1.017778e-001	2.055556e-003	
824	8.840444e-001	1.006111e-001	2.055556e-003	
825	8.853556e-001	9.928889e-002	2.066667e-003	
826	8.865778e-001	9.803333e-002	2.100000e-003	
827	8.876333e-001	9.701111e-002	2.066667e-003	
828	8.888000e-001	9.585556e-002	2.055556e-003	
829	8.900667e-001	9.480000e-002	1.844444e-003	
830	8.911556e-001	9.374444e-002	1.811111e-003	
831	8.920778e-001	9.302222e-002	1.611111e-003	
832	8.927111e-001	9.243333e-002	1.566667e-003	
833	8.934000e-001	9.177778e-002	1.533333e-003	
834	8.940222e-001	9.127778e-002	1.411111e-003	
835	8.944889e-001	9.111111e-002	1.111111e-003	
836	8.947556e-001	9.090000e-002	1.055556e-003	
837	8.947556e-001	9.104444e-002	9.111111e-004	
838	8.946333e-001	9.122222e-002	8.555556e-004	
839	8.944000e-001	9.167778e-002	6.333333e-004	
840	8.942444e-001	9.191111e-002	5.555556e-004	
841	8.939778e-001	9.235556e-002	3.777778e-004	
842	8.935778e-001	9.274444e-002	3.888889e-004	
843	8.930889e-001	9.334444e-002	2.777778e-004	
844	8.925778e-001	9.395556e-002	1.777778e-004	
845	8.918000e-001	9.473333e-002	1.777778e-004	
846	8.909556e-001	9.556667e-002	1.888889e-004	
847	8.903556e-001	9.616667e-002	1.888889e-004	
848	8.896444e-001	9.691111e-002	1.555556e-004	
849	8.890000e-001	9.763333e-002	7.777778e-005	
850	8.882556e-001	9.835556e-002	1.000000e-004	
851	8.873000e-001	9.928889e-002	1.222222e-004	
852	8.865667e-001	1.000111e-001	1.333333e-004	
853	8.856111e-001	1.009556e-001	1.444444e-004	
854	8.847333e-001	1.018444e-001	1.333333e-004	
855	8.840667e-001	1.024778e-001	1.666667e-004	
856	8.833111e-001	1.032333e-001	1.666667e-004	
857	8.827556e-001	1.038333e-001	1.222222e-004	
858	8.820889e-001	1.044556e-001	1.666667e-004	
859	8.813778e-001	1.052778e-001	5.555556e-005	
860	8.805333e-001	1.061444e-001	3.333333e-005	
861	8.796889e-001	1.069778e-001	4.444444e-005	
862	8.787333e-001	1.079222e-001	5.555556e-005	
863	8.779000e-001	1.087667e-001	4.444444e-005	
864	8.771000e-001	1.096000e-001	1.111111e-005	
865	8.763000e-001	1.103889e-001	2.222222e-005	
866	8.756111e-001	1.110667e-001	3.333333e-005	
867	8.746444e-001	1.120111e-001	5.555556e-005	
868	8.738889e-001	1.127889e-001	3.333333e-005	
869	8.729667e-001	1.136667e-001	7.777778e-005	
870	8.721778e-001	1.144556e-001	7.777778e-005	
871	8.712000e-001	1.154111e-001	1.000000e-004	
872	8.704333e-001	1.161889e-001	8.888889e-005	
873	8.698111e-001	1.168556e-001	4.444444e-005	
874	8.690778e-001	1.175556e-001	7.777778e-005	
875	8.682667e-001	1.183333e-001	1.111111e-004	
876	8.674000e-001	1.192778e-001	3.333333e-005	
877	8.663667e-001	1.203333e-001	1.111111e-005	
878	8.654556e-001	1.212444e-001	1.111111e-005	
879	8.646333e-001	1.220778e-001	0	
880	8.637889e-001	1.229222e-001	0	
881	8.629444e-001	1.237667e-001	0	
882	8.621778e-001	1.245333e-001	0	
883	8.612111e-001	1.255000e-001	0	
884	8.603889e-001	1.263222e-001	0	
885	8.593667e-001	1.273444e-001	0	
886	8.585778e-001	1.281333e-001	0	
887	8.576667e-001	1.290444e-001	0	
888	8.568333e-001	1.298778e-001	0	
889	8.560778e-001	1.306333e-001	0	
890	8.552556e-001	1.314556e-001	0	
891	8.543222e-001	1.323889e-001	0	
892	8.533000e-001	1.334111e-001	0	
893	8.525444e-001	1.341667e-001	0	
894	8.517222e-001	1.349889e-001	0	
895	8.508778e-001	1.358333e-001	0	
896	8.499667e-001	1.367444e-001	0	
897	8.490444e-001	1.376667e-001	0	
898	8.482111e-001	1.385000e-001	0	
899	8.474111e-001	1.393000e-001	0	
900	8.466333e-001	1.400778e-001	0	
901	8.456333e-001	1.410778e-001	0	
902	8.447778e-001	1.419333e-001	0	
903	8.437444e-001	1.429667e-001	0	
904	8.427444e-001	1.439667e-001	0	
905	8.419556e-001	1.447444e-001	1.111111e-005	
906	8.412000e-001	1.455111e-001	0	
907	8.402889e-001	1.464222e-001	0	
908	8.394000e-001	1.473111e-001	0	
909	8.387222e-001	1.479889e-001	0	
910	8.378889e-001	1.488222e-001	0	
911	8.371333e-001	1.495778e-001	0	
912	8.361222e-001	1.505889e-001	0	
913	8.351444e-001	1.515667e-001	0	
914	8.343778e-001	1.523333e-001	0	
915	8.335333e-001	1.531778e-001	0	
916	8.327889e-001	1.539222e-001	0	
917	8.320000e-001	1.547111e-001	0	
918	8.311222e-001	1.555889e-001	0	
919	8.301444e-001	1.565667e-001	0	
920	8.293000e-001	1.574111e-001	0	
921	8.285444e-001	1.581667e-001	0	
922	8.278000e-001	1.589111e-001	0	
923	8.267889e-001	1.599222e-001	0	
924	8.259111e-001	1.608000e-001	0	
925	8.251111e-001	1.616000e-001	0	
926	8.242556e-001	1.624556e-001	0	
927	8.234556e-001	1.632556e-001	0	
928	8.226444e-001	1.640667e-001	0	
929	8.219222e-001	1.647889e-001	0	
930	8.211444e-001	1.655667e-001	0	
931	8.204111e-001	1.663000e-001	0	
932	8.195111e-001	1.672000e-001	0	
933	8.185778e-001	1.681333e-001	0	
934	8.177111e-001	1.690000e-001	0	
935	8.168000e-001	1.699111e-001	0	
936	8.160667e-001	1.706444e-001	0	
937	8.150778e-001	1.716333e-001	0	
938	8.141778e-001	1.725333e-001	0	
939	8.133222e-001	1.733889e-001	0	
940	8.125889e-001	1.741222e-001	0	
941	8.118333e-001	1.748778e-001	0	
942	8.110444e-001	1.756667e-001	0	
943	8.101111e-001	1.766000e-001	0	
944	8.093333e-001	1.773778e-001	0	
945	8.085889e-001	1.781222e-001	0	
946	8.077556e-001	1.789556e-001	0	
947	8.067778e-001	1.799333e-001	0	
948	8.061000e-001	1.806111e-001	0	
949	8.053000e-001	1.814111e-001	0	
950	8.044333e-001	1.822778e-001	0	
951	8.037222e-001	1.829889e-001	0	
952	8.027111e-001	1.840000e-001	0	
953	8.018778e-001	1.848333e-001	0	
954	8.009333e-001	1.857778e-001	0	
955	8.000778e-001	1.866333e-001	0	
956	7.993333e-001	1.873778e-001	0	
957	7.985667e-001	1.881444e-001	0	
958	7.977667e-001	1.889444e-001	0	
959	7.969889e-001	1.897222e-001	0	
960	7.963333e-001	1.903778e-001	0	
961	7.955889e-001	1.911222e-001	0	
962	7.948111e-001	1.919000e-001	0	
963	7.939667e-001	1.927444e-001	0	
964	7.931556e-001	1.935556e-001	0	
965	7.922222e-001	1.944889e-001	0	
966	7.914556e-001	1.952556e-001	0	
967	7.907000e-001	1.960111e-001	0	
968	7.899556e-001	1.967556e-001	0	
969	7.892333e-001	1.974778e-001	0	
970	7.885000e-001	1.982111e-001	0	
971	7.876556e-001	1.990556e-001	0	
972	7.869333e-001	1.997778e-001	0	
973	7.861556e-001	2.005556e-001	0	
974	7.852667e-001	2.014444e-001	0	
975	7.844556e-001	2.022556e-001	0	
976	7.835667e-001	2.031444e-001	0	
977	7.827444e-001	2.039667e-001	0	
978	7.819556e-001	2.047556e-001	0	
979	7.812889e-001	2.054222e-001	0	
980	7.802778e-001	2.064333e-001	0	
981	7.793444e-001	2.073667e-001	0	
982	7.785444e-001	2.081667e-001	0	
983	7.778333e-001	2.088778e-001	0	
984	7.771333e-001	2.095778e-001	0	
985	7.764667e-001	2.102444e-001	0	
986	7.757444e-001	2.109667e-001	0	
987	7.748667e-001	2.118444e-001	0	
988	7.740889e-001	2.126111e-001	1.111111e-005	
989	7.734444e-001	2.132444e-001	2.222222e-005	
990	7.725333e-001	2.141778e-001	0	
991	7.718444e-001	2.148667e-001	0	
992	7.711222e-001	2.155889e-001	0	
993	7.704222e-001	2.162889e-001	0	
994	7.698000e-001	2.169111e-001	0	
995	7.689444e-001	2.177667e-001	0	
996	7.680556e-001	2.186556e-001	0	
997	7.672111e-001	2.195000e-001	0	
998	7.664778e-001	2.202333e-001	0	
999	7.656889e-001	2.210222e-001	0	
1000	7.649333e-001	2.217778e-001	0	
1001	7.640333e-001	2.226778e-001	0	
1002	7.631778e-001	2.235333e-001	0	
1003	7.624333e-001	2.242778e-001	0	
1004	7.616333e-001	2.250778e-001	0	
1005	7.608222e-001	2.258889e-001	0	
1006	7.601444e-001	2.265667e-001	0	
1007	7.593667e-001	2.273333e-001	1.111111e-005	
1008	7.586333e-001	2.280778e-001	0	
1009	7.579111e-001	2.288000e-001	0	
1010	7.571556e-001	2.295556e-001	0	
1011	7.565000e-001	2.302111e-001	0	
1012	7.557556e-001	2.309556e-001	0	
1013	7.550111e-001	2.317000e-001	0	
1014	7.542444e-001	2.324667e-001	0	
1015	7.534889e-001	2.332222e-001	0	
1016	7.526556e-001	2.340556e-001	0	
1017	7.519889e-001	2.347222e-001	0	
1018	7.513556e-001	2.353556e-001	0	
1019	7.506667e-001	2.360444e-001	0	
1020	7.498556e-001	2.368556e-001	0	
1021	7.491000e-001	2.376111e-001	0	
1022	7.483778e-001	2.383333e-001	0	
1023	7.475889e-001	2.391222e-001	0	
1024	7.467556e-001	2.399556e-001	0	
1025	7.460556e-001	2.406556e-001	0	
1026	7.453444e-001	2.413667e-001	0	
1027	7.446333e-001	2.420778e-001	0	
1028	7.439333e-001	2.427778e-001	0	
1029	7.431444e-001	2.435667e-001	0	
1030	7.424778e-001	2.442333e-001	0	
1031	7.417333e-001	2.449778e-001	0	
1032	7.409111e-001	2.458000e-001	0	
1033	7.400889e-001	2.466222e-001	0	
1034	7.392667e-001	2.474444e-001	0	
1035	7.384444e-001	2.482667e-001	0	
1036	7.376444e-001	2.490667e-001	0	
1037	7.368444e-001	2.498667e-001	0	
1038	7.361000e-001	2.506111e-001	0	
1039	7.353444e-001	2.513667e-001	0	
1040	7.347444e-001	2.519667e-001	0	
1041	7.340000e-001	2.527111e-001	0	
1042	7.331778e-001	2.535333e-001	0	
1043	7.325222e-001	2.541889e-001	0	
1044	7.317222e-001	2.549889e-001	0	
1045	7.310444e-001	2.556667e-001	0	
1046	7.302889e-001	2.564222e-001	0	
1047	7.296000e-001	2.571111e-001	0	
1048	7.289667e-001	2.577444e-001	0	
1049	7.281889e-001	2.585222e-001	0	
1050	7.275778e-001	2.591333e-001	0	
1051	7.267667e-001	2.599444e-001	0	
1052	7.260111e-001	2.607000e-001	0	
1053	7.251667e-001	2.615444e-001	0	
1054	7.244333e-001	2.622778e-001	0	
1055	7.236667e-001	2.630444e-001	0	
1056	7.228778e-001	2.638333e-001	0	
1057	7.220333e-001	2.646778e-001	0	
1058	7.213778e-001	2.653333e-001	0	
1059	7.207556e-001	2.659556e-001	0	
1060	7.199667e-001	2.667444e-001	0	
1061	7.193444e-001	2.673667e-001	0	
1062	7.186222e-001	2.680889e-001	0	
1063	7.178444e-001	2.688667e-001	0	
1064	7.171333e-001	2.695778e-001	0	
1065	7.163778e-001	2.703333e-001	0	
1066	7.156444e-001	2.710667e-001	0	
1067	7.148889e-001	2.718222e-001	0	
1068	7.142556e-001	2.724556e-001	0	
1069	7.137333e-001	2.729778e-001	0	
1070	7.131333e-001	2.735778e-001	0	
1071	7.123333e-001	2.743778e-001	0	
1072	7.115667e-001	2.751444e-001	0	
1073	7.110333e-001	2.756778e-001	0	
1074	7.103889e-001	2.763222e-001	0	
1075	7.097444e-001	2.769667e-001	0	
1076	7.089222e-001	2.777889e-001	0	
1077	7.080667e-001	2.786444e-001	0	
1078	7.074556e-001	2.792556e-001	0	
1079	7.068111e-001	2.799000e-001	0	
1080	7.061667e-001	2.805444e-001	0	
1081	7.055000e-001	2.812111e-001	0	
1082	7.047333e-001	2.819778e-001	0	
1083	7.040000e-001	2.827111e-001	0	
1084	7.032556e-001	2.834556e-001	0	
1085	7.025444e-001	2.841667e-001	0	
1086	7.016333e-001	2.850778e-001	0	
1087	7.010667e-001	2.856444e-001	0	
1088	7.005111e-001	2.862000e-001	0	
1089	6.998000e-001	2.869111e-001	0	
1090	6.991444e-001	2.875667e-001	0	
1091	6.984778e-001	2.882333e-001	0	
1092	6.978333e-001	2.888778e-001	0	
1093	6.971111e-001	2.896000e-001	0	
1094	6.964667e-001	2.902444e-001	0	
1095	6.957222e-001	2.909889e-001	0	
1096	6.950222e-001	2.916889e-001	0	
1097	6.943000e-001	2.924111e-001	0	
1098	6.936667e-001	2.930444e-001	0	
1099	6.929000e-001	2.938111e-001	0	
1100	6.921556e-001	2.945556e-001	0	
1101	6.915889e-001	2.951222e-001	0	
1102	6.909111e-001	2.958000e-001	0	
1103	6.902222e-001	2.964889e-001	0	
1104	6.894333e-001	2.972778e-001	0	
1105	6.885889e-001	2.981222e-001	0	
1106	6.880111e-001	2.986889e-001	1.111111e-005	
1107	6.873222e-001	2.993444e-001	4.444444e-005	
1108	6.867556e-001	2.999444e-001	1.111111e-005	
1109	6.860667e-001	3.006333e-001	1.111111e-005	
1110	6.854222e-001	3.012889e-001	0	
1111	6.848000e-001	3.019111e-001	0	
1112	6.840778e-001	3.026333e-001	0	
1113	6.834000e-001	3.033111e-001	0	
1114	6.827111e-001	3.040000e-001	0	
1115	6.819444e-001	3.047667e-001	0	
1116	6.814000e-001	3.053111e-001	0	
1117	6.807444e-001	3.059667e-001	0	
1118	6.802000e-001	3.065111e-001	0	
1119	6.795333e-001	3.071778e-001	0	
1120	6.788222e-001	3.078889e-001	0	
1121	6.782333e-001	3.084778e-001	0	
1122	6.773778e-001	3.093333e-001	0	
1123	6.767222e-001	3.099889e-001	0	
1124	6.760889e-001	3.106222e-001	0	
1125	6.754111e-001	3.113000e-001	0	
1126	6.748000e-001	3.119111e-001	0	
1127	6.741667e-001	3.125444e-001	0	
1128	6.733889e-001	3.133222e-001	0	
1129	6.727667e-001	3.139444e-001	0	
1130	6.720889e-001	3.146222e-001	0	
1131	6.713778e-001	3.153333e-001	0	
1132	6.707778e-001	3.159333e-001	0	
1133	6.702333e-001	3.164778e-001	0	
1134	6.693889e-001	3.173222e-001	0	
1135	6.687444e-001	3.179667e-001	0	
1136	6.679222e-001	3.187889e-001	0	
1137	6.672556e-001	3.194556e-001	0	
1138	6.665000e-001	3.202111e-001	0	
1139	6.659000e-001	3.208111e-001	0	
1140	6.652333e-001	3.214778e-001	0	
1141	6.645889e-001	3.221222e-001	0	
1142	6.639556e-001	3.227556e-001	0	
1143	6.633889e-001	3.233222e-001	0	
1144	6.626111e-001	3.241000e-001	0	
1145	6.619111e-001	3.248000e-001	0	
1146	6.611222e-001	3.255889e-001	0	
1147	6.604444e-001	3.262667e-001	0	
1148	6.599556e-001	3.267556e-001	0	
1149	6.592333e-001	3.274778e-001	0	
1150	6.586667e-001	3.280444e-001	0	
1151	6.581889e-001	3.285222e-001	0	
1152	6.575000e-001	3.292111e-001	0	
1153	6.567667e-001	3.299333e-001	1.111111e-005	
1154	6.562444e-001	3.304556e-001	1.111111e-005	
1155	6.556556e-001	3.310444e-001	1.111111e-005	
1156	6.549000e-001	3.318000e-001	1.111111e-005	
1157	6.541333e-001	3.325667e-001	1.111111e-005	
1158	6.534444e-001	3.332556e-001	1.111111e-005	
1159	6.526778e-001	3.340111e-001	2.222222e-005	
1160	6.521000e-001	3.346000e-001	1.111111e-005	
1161	6.513333e-001	3.353778e-001	0	
1162	6.507222e-001	3.359889e-001	0	
1163	6.501333e-001	3.365778e-001	0	
1164	6.493778e-001	3.373333e-001	0	
1165	6.486667e-001	3.380444e-001	0	
1166	6.480778e-001	3.386333e-001	0	
1167	6.474444e-001	3.392667e-001	0	
1168	6.468778e-001	3.398333e-001	0	
1169	6.461889e-001	3.405222e-001	0	
1170	6.455222e-001	3.411778e-001	1.111111e-005	
1171	6.448778e-001	3.418111e-001	2.222222e-005	
1172	6.441889e-001	3.424778e-001	4.444444e-005	
1173	6.436889e-001	3.429778e-001	4.444444e-005	
1174	6.429444e-001	3.437222e-001	4.444444e-005	
1175	6.422222e-001	3.444556e-001	3.333333e-005	
1176	6.415000e-001	3.451889e-001	2.222222e-005	
1177	6.409000e-001	3.458000e-001	1.111111e-005	
1178	6.403000e-001	3.464000e-001	1.111111e-005	
1179	6.396778e-001	3.470000e-001	3.333333e-005	
1180	6.390667e-001	3.476222e-001	2.222222e-005	
1181	6.385222e-001	3.481778e-001	1.111111e-005	
1182	6.379667e-001	3.487333e-001	1.111111e-005	
1183	6.372889e-001	3.493889e-001	3.333333e-005	
1184	6.367000e-001	3.499889e-001	2.222222e-005	
1185	6.361556e-001	3.505556e-001	0	
1186	6.354000e-001	3.513000e-001	1.111111e-005	
1187	6.346778e-001	3.520000e-001	3.333333e-005	
1188	6.340222e-001	3.526000e-001	8.888889e-005	
1189	6.335667e-001	3.530667e-001	7.777778e-005	
1190	6.329222e-001	3.537000e-001	8.888889e-005	
1191	6.325333e-001	3.540778e-001	1.000000e-004	
1192	6.320667e-001	3.545667e-001	7.777778e-005	
1193	6.315222e-001	3.550667e-001	1.222222e-004	
1194	6.309333e-001	3.556222e-001	1.555556e-004	
1195	6.304333e-001	3.561556e-001	1.222222e-004	
1196	6.300444e-001	3.565667e-001	1.000000e-004	
1197	6.296111e-001	3.569778e-001	1.222222e-004	
1198	6.289000e-001	3.577000e-001	1.111111e-004	
1199	6.283889e-001	3.582222e-001	1.000000e-004	
1200	6.277667e-001	3.588556e-001	8.888889e-005	
1201	6.270889e-001	3.595667e-001	5.555556e-005	
1202	6.266444e-001	3.599889e-001	7.777778e-005	
1203	6.261444e-001	3.604556e-001	1.111111e-004	
1204	6.255778e-001	3.610222e-001	1.111111e-004	
1205	6.251333e-001	3.615222e-001	5.555556e-005	
1206	6.245778e-001	3.620222e-001	1.111111e-004	
1207	6.241556e-001	3.624333e-001	1.222222e-004	
1208	6.236667e-001	3.628556e-001	1.888889e-004	
1209	6.231333e-001	3.633333e-001	2.444444e-004	
1210	6.228111e-001	3.635778e-001	3.222222e-004	
1211	6.224556e-001	3.640333e-001	2.222222e-004	
1212	6.219444e-001	3.645444e-001	2.222222e-004	
1213	6.215333e-001	3.649000e-001	2.777778e-004	
1214	6.212000e-001	3.651556e-001	3.555556e-004	
1215	6.210111e-001	3.653556e-001	3.444444e-004	
1216	6.207222e-001	3.657667e-001	2.222222e-004	
1217	6.203556e-001	3.661889e-001	1.666667e-004	
1218	6.199889e-001	3.666000e-001	1.222222e-004	
1219	6.196111e-001	3.670000e-001	1.000000e-004	
1220	6.189222e-001	3.677222e-001	6.666667e-005	
1221	6.183889e-001	3.682000e-001	1.222222e-004	
1222	6.179333e-001	3.686111e-001	1.666667e-004	
1223	6.174556e-001	3.690889e-001	1.666667e-004	
1224	6.168889e-001	3.696111e-001	2.111111e-004	
1225	6.164333e-001	3.700556e-001	2.222222e-004	
1226	6.160667e-001	3.704333e-001	2.111111e-004	
1227	6.156222e-001	3.708889e-001	2.000000e-004	
1228	6.152222e-001	3.713778e-001	1.111111e-004	
1229	6.146778e-001	3.719111e-001	1.222222e-004	
1230	6.140556e-001	3.724778e-001	1.777778e-004	
1231	6.135222e-001	3.730556e-001	1.333333e-004	
1232	6.130333e-001	3.734889e-001	1.888889e-004	
1233	6.126111e-001	3.739000e-001	2.000000e-004	
1234	6.122556e-001	3.742778e-001	1.777778e-004	
1235	6.118667e-001	3.746000e-001	2.444444e-004	
1236	6.115444e-001	3.749333e-001	2.333333e-004	
1237	6.112556e-001	3.752111e-001	2.444444e-004	
1238	6.108000e-001	3.756111e-001	3.000000e-004	
1239	6.105222e-001	3.759000e-001	2.888889e-004	
1240	6.103333e-001	3.761333e-001	2.444444e-004	
1241	6.101222e-001	3.762444e-001	3.444444e-004	
1242	6.097667e-001	3.766333e-001	3.111111e-004	
1243	6.094222e-001	3.770444e-001	2.444444e-004	
1244	6.090444e-001	3.774444e-001	2.222222e-004	
1245	6.085889e-001	3.778778e-001	2.444444e-004	
1246	6.082111e-001	3.781889e-001	3.111111e-004	
1247	6.079222e-001	3.784778e-001	3.111111e-004	
1248	6.075000e-001	3.789111e-001	3.000000e-004	
1249	6.071778e-001	3.792889e-001	2.444444e-004	
1250	6.067667e-001	3.796333e-001	3.111111e-004	
1251	6.064111e-001	3.799556e-001	3.444444e-004	
1252	6.062778e-001	3.800778e-001	3.555556e-004	
1253	6.059778e-001	3.802444e-001	4.888889e-004	
1254	6.059222e-001	3.803556e-001	4.333333e-004	
1255	6.056889e-001	3.805778e-001	4.444444e-004	
1256	6.054778e-001	3.807111e-001	5.222222e-004	
1257	6.053889e-001	3.809000e-001	4.222222e-004	
1258	6.052000e-001	3.811222e-001	3.888889e-004	
1259	6.048667e-001	3.814333e-001	4.111111e-004	
1260	6.046222e-001	3.816444e-001	4.444444e-004	
1261	6.044667e-001	3.818333e-001	4.111111e-004	
1262	6.043556e-001	3.817556e-001	6.000000e-004	
1263	6.042000e-001	3.820111e-001	5.000000e-004	
1264	6.042444e-001	3.820111e-001	4.555556e-004	
1265	6.039667e-001	3.822889e-001	4.555556e-004	
1266	6.038778e-001	3.822222e-001	6.111111e-004	
1267	6.039111e-001	3.822667e-001	5.333333e-004	
1268	6.038000e-001	3.823889e-001	5.222222e-004	
1269	6.037556e-001	3.823667e-001	5.888889e-004	
1270	6.037556e-001	3.824000e-001	5.555556e-004	
1271	6.036444e-001	3.823667e-001	7.000000e-004	
1272	6.038222e-001	3.823000e-001	5.888889e-004	
1273	6.037778e-001	3.823222e-001	6.111111e-004	
1274	6.038667e-001	3.822333e-001	6.111111e-004	
1275	6.038444e-001	3.822333e-001	6.333333e-004	
1276	6.038333e-001	3.822444e-001	6.333333e-004	
1277	6.040000e-001	3.822333e-001	4.777778e-004	
1278	6.039444e-001	3.823000e-001	4.666667e-004	
1279	6.038667e-001	3.823111e-001	5.333333e-004	
1280	6.036222e-001	3.826111e-001	4.777778e-004	
1281	6.035444e-001	3.827444e-001	4.222222e-004	
1282	6.033778e-001	3.829778e-001	3.555556e-004	
1283	6.033222e-001	3.829111e-001	4.777778e-004	
1284	6.031444e-001	3.830778e-001	4.888889e-004	
1285	6.029667e-001	3.832667e-001	4.777778e-004	
1286	6.028333e-001	3.834889e-001	3.888889e-004	
1287	6.024778e-001	3.837667e-001	4.666667e-004	
1288	6.023556e-001	3.839222e-001	4.333333e-004	
1289	6.020778e-001	3.841667e-001	4.666667e-004	
1290	6.019111e-001	3.843333e-001	4.666667e-004	
1291	6.017778e-001	3.843556e-001	5.777778e-004	
1292	6.019444e-001	3.841778e-001	5.888889e-004	
1293	6.018556e-001	3.844111e-001	4.444444e-004	
1294	6.017778e-001	3.845111e-001	4.222222e-004	
1295	6.016556e-001	3.845556e-001	5.000000e-004	
1296	6.014667e-001	3.847222e-001	5.222222e-004	
1297	6.014000e-001	3.848222e-001	4.888889e-004	
1298	6.014222e-001	3.846111e-001	6.777778e-004	
1299	6.016222e-001	3.844889e-001	6.000000e-004	
1300	6.016222e-001	3.844889e-001	6.000000e-004	
1301	6.016333e-001	3.845333e-001	5.444444e-004	
1302	6.014333e-001	3.847333e-001	5.444444e-004	
1303	6.011556e-001	3.850556e-001	5.000000e-004	
1304	6.010556e-001	3.850444e-001	6.111111e-004	
1305	6.011778e-001	3.849778e-001	5.555556e-004	
1306	6.010889e-001	3.851111e-001	5.111111e-004	
1307	6.010667e-001	3.850889e-001	5.555556e-004	
1308	6.009889e-001	3.851889e-001	5.333333e-004	
1309	6.008000e-001	3.851667e-001	7.444444e-004	
1310	6.009222e-001	3.851556e-001	6.333333e-004	
1311	6.009000e-001	3.851778e-001	6.333333e-004	
1312	6.009667e-001	3.850889e-001	6.555556e-004	
1313	6.009111e-001	3.851111e-001	6.888889e-004	
1314	6.009889e-001	3.850444e-001	6.777778e-004	
1315	6.010222e-001	3.850556e-001	6.333333e-004	
1316	6.011000e-001	3.850333e-001	5.777778e-004	
1317	6.010333e-001	3.851222e-001	5.555556e-004	
1318	6.011000e-001	3.851333e-001	4.777778e-004	
1319	6.010333e-001	3.851333e-001	5.444444e-004	
1320	6.008889e-001	3.851667e-001	6.555556e-004	
1321	6.010333e-001	3.849556e-001	7.222222e-004	
1322	6.011222e-001	3.849000e-001	6.888889e-004	
1323	6.012444e-001	3.846889e-001	7.777778e-004	
1324	6.013000e-001	3.846667e-001	7.444444e-004	
1325	6.015000e-001	3.843111e-001	9.000000e-004	
1326	6.016444e-001	3.841444e-001	9.222222e-004	
1327	6.021333e-001	3.835333e-001	1.044444e-003	
1328	6.025667e-001	3.830333e-001	1.111111e-003	
1329	6.030556e-001	3.824333e-001	1.222222e-003	
1330	6.036667e-001	3.818778e-001	1.166667e-003	
1331	6.041778e-001	3.814222e-001	1.111111e-003	
1332	6.047222e-001	3.808444e-001	1.144444e-003	
1333	6.050444e-001	3.805000e-001	1.166667e-003	
1334	6.056556e-001	3.798778e-001	1.177778e-003	
1335	6.062444e-001	3.793444e-001	1.122222e-003	
1336	6.068111e-001	3.788000e-001	1.100000e-003	
1337	6.072333e-001	3.782444e-001	1.233333e-003	
1338	6.077667e-001	3.775556e-001	1.388889e-003	
1339	6.084667e-001	3.767778e-001	1.466667e-003	
1340	6.094111e-001	3.759111e-001	1.388889e-003	
1341	6.101444e-001	3.753111e-001	1.255556e-003	
1342	6.108667e-001	3.746778e-001	1.166667e-003	
1343	6.114222e-001	3.741000e-001	1.188889e-003	
1344	6.119333e-001	3.735444e-001	1.233333e-003	
1345	6.126222e-001	3.729667e-001	1.122222e-003	
1346	6.130444e-001	3.725222e-001	1.144444e-003	
1347	6.136667e-001	3.718111e-001	1.233333e-003	
1348	6.143000e-001	3.714222e-001	9.888889e-004	
1349	6.145889e-001	3.710889e-001	1.033333e-003	
1350	6.151444e-001	3.704556e-001	1.111111e-003	
1351	6.157000e-001	3.697222e-001	1.288889e-003	
1352	6.163000e-001	3.690667e-001	1.344444e-003	
1353	6.169778e-001	3.683667e-001	1.366667e-003	
1354	6.177889e-001	3.676222e-001	1.300000e-003	
1355	6.184111e-001	3.670444e-001	1.255556e-003	
1356	6.189444e-001	3.662222e-001	1.544444e-003	
1357	6.198111e-001	3.655111e-001	1.388889e-003	
1358	6.205667e-001	3.645000e-001	1.644444e-003	
1359	6.216667e-001	3.634333e-001	1.611111e-003	
1360	6.228000e-001	3.623111e-001	1.600000e-003	
1361	6.236556e-001	3.613667e-001	1.688889e-003	
1362	6.248222e-001	3.600889e-001	1.800000e-003	
1363	6.260333e-001	3.588667e-001	1.811111e-003	
1364	6.272778e-001	3.574889e-001	1.944444e-003	
1365	6.286444e-001	3.558111e-001	2.255556e-003	
1366	6.303667e-001	3.538667e-001	2.477778e-003	
1367	6.321667e-001	3.522556e-001	2.288889e-003	
1368	6.338333e-001	3.506111e-001	2.266667e-003	
1369	6.355889e-001	3.486222e-001	2.500000e-003	
1370	6.375222e-001	3.466000e-001	2.588889e-003	
1371	6.395111e-001	3.442444e-001	2.955556e-003	
1372	6.418000e-001	3.417333e-001	3.177778e-003	
1373	6.444222e-001	3.391000e-001	3.188889e-003	
1374	6.470222e-001	3.366000e-001	3.088889e-003	
1375	6.496333e-001	3.343333e-001	2.744444e-003	
1376	6.519333e-001	3.320444e-001	2.733333e-003	
1377	6.540000e-001	3.299111e-001	2.800000e-003	
1378	6.561778e-001	3.275556e-001	2.977778e-003	
1379	6.585222e-001	3.253222e-001	2.866667e-003	
1380	6.607111e-001	3.228556e-001	3.144444e-003	
1381	6.631444e-001	3.204444e-001	3.122222e-003	
1382	6.655111e-001	3.179444e-001	3.255556e-003	
1383	6.681778e-001	3.150444e-001	3.488889e-003	
1384	6.709222e-001	3.120556e-001	3.733333e-003	
1385	6.739333e-001	3.094111e-001	3.366667e-003	
1386	6.767444e-001	3.068333e-001	3.133333e-003	
1387	6.791778e-001	3.045444e-001	2.988889e-003	
1388	6.815667e-001	3.023000e-001	2.844444e-003	
1389	6.836778e-001	3.001889e-001	2.844444e-003	
1390	6.858556e-001	2.977667e-001	3.088889e-003	
1391	6.883778e-001	2.952444e-001	3.088889e-003	
1392	6.908556e-001	2.926222e-001	3.233333e-003	
1393	6.935000e-001	2.896000e-001	3.611111e-003	
1394	6.964333e-001	2.867000e-001	3.577778e-003	
1395	6.992889e-001	2.840000e-001	3.422222e-003	
1396	7.020000e-001	2.811111e-001	3.600000e-003	
1397	7.050111e-001	2.780778e-001	3.622222e-003	
1398	7.079444e-001	2.749444e-001	3.822222e-003	
1399	7.109889e-001	2.721333e-001	3.588889e-003	
1400	7.139111e-001	2.695444e-001	3.255556e-003	
1401	7.164556e-001	2.668778e-001	3.377778e-003	
1402	7.190222e-001	2.638556e-001	3.833333e-003	
1403	7.221333e-001	2.607000e-001	3.877778e-003	
1404	7.253333e-001	2.572333e-001	4.144444e-003	
1405	7.289111e-001	2.536667e-001	4.133333e-003	
1406	7.323444e-001	2.500111e-001	4.355556e-003	
1407	7.358444e-001	2.470444e-001	3.822222e-003	
1408	7.390111e-001	2.441667e-001	3.533333e-003	
1409	7.418333e-001	2.410778e-001	3.800000e-003	
1410	7.449556e-001	2.378667e-001	3.888889e-003	
1411	7.479444e-001	2.350111e-001	3.755556e-003	
1412	7.507444e-001	2.321000e-001	3.866667e-003	
1413	7.539333e-001	2.288222e-001	3.955556e-003	
1414	7.571889e-001	2.255889e-001	3.933333e-003	
1415	7.603778e-001	2.223111e-001	4.022222e-003	
1416	7.637444e-001	2.188556e-001	4.111111e-003	
1417	7.670889e-001	2.152333e-001	4.388889e-003	
1418	7.708444e-001	2.115000e-001	4.366667e-003	
1419	7.743222e-001	2.080444e-001	4.344444e-003	
1420	7.779778e-001	2.046667e-001	4.066667e-003	
1421	7.812667e-001	2.015000e-001	3.944444e-003	
1422	7.844000e-001	1.982556e-001	4.055556e-003	
1423	7.877000e-001	1.950556e-001	3.955556e-003	
1424	7.908556e-001	1.918556e-001	4.000000e-003	
1425	7.940778e-001	1.887778e-001	3.855556e-003	
1426	7.972667e-001	1.853444e-001	4.100000e-003	
1427	8.006556e-001	1.819667e-001	4.088889e-003	
1428	8.039444e-001	1.787778e-001	3.988889e-003	
1429	8.073556e-001	1.751667e-001	4.188889e-003	
1430	8.108000e-001	1.720111e-001	3.900000e-003	
1431	8.139000e-001	1.687333e-001	4.077778e-003	
1432	8.171333e-001	1.653889e-001	4.188889e-003	
1433	8.205222e-001	1.619444e-001	4.244444e-003	
1434	8.240333e-001	1.582222e-001	4.455556e-003	
1435	8.275889e-001	1.550000e-001	4.122222e-003	
1436	8.309000e-001	1.521222e-001	3.688889e-003	
1437	8.338222e-001	1.492444e-001	3.644444e-003	
1438	8.365000e-001	1.463444e-001	3.866667e-003	
1439	8.396000e-001	1.434444e-001	3.666667e-003	
1440	8.424222e-001	1.402778e-001	4.011111e-003	
1441	8.455889e-001	1.374222e-001	3.700000e-003	
1442	8.486000e-001	1.343667e-001	3.744444e-003	
1443	8.514889e-001	1.314556e-001	3.766667e-003	
1444	8.542444e-001	1.286111e-001	3.855556e-003	
1445	8.572444e-001	1.258667e-001	3.600000e-003	
1446	8.601000e-001	1.229778e-001	3.633333e-003	
1447	8.629000e-001	1.206222e-001	3.188889e-003	
1448	8.652333e-001	1.186333e-001	2.844444e-003	
1449	8.670778e-001	1.168444e-001	2.788889e-003	
1450	8.689778e-001	1.146444e-001	3.088889e-003	
1451	8.711556e-001	1.127111e-001	2.844444e-003	
1452	8.732111e-001	1.106444e-001	2.855556e-003	
1453	8.752556e-001	1.086333e-001	2.822222e-003	
1454	8.774444e-001	1.068111e-001	2.455556e-003	
1455	8.789667e-001	1.054556e-001	2.288889e-003	
1456	8.805000e-001	1.041889e-001	2.022222e-003	
1457	8.816222e-001	1.036444e-001	1.444444e-003	
1458	8.819778e-001	1.034444e-001	1.288889e-003	
1459	8.824222e-001	1.028778e-001	1.411111e-003	
1460	8.829778e-001	1.021889e-001	1.544444e-003	
1461	8.836222e-001	1.015667e-001	1.522222e-003	
1462	8.841667e-001	1.011889e-001	1.355556e-003	
1463	8.846111e-001	1.007111e-001	1.388889e-003	
1464	8.852222e-001	1.001111e-001	1.377778e-003	
1465	8.857000e-001	9.974444e-002	1.266667e-003	
1466	8.860556e-001	9.941111e-002	1.244444e-003	
1467	8.864667e-001	9.904444e-002	1.200000e-003	
1468	8.867444e-001	9.900000e-002	9.666667e-004	
1469	8.868333e-001	9.874444e-002	1.133333e-003	
1470	8.870111e-001	9.840000e-002	1.300000e-003	
1471	8.873889e-001	9.840000e-002	9.222222e-004	
1472	8.875444e-001	9.798889e-002	1.177778e-003	
1473	8.879889e-001	9.776667e-002	9.555556e-004	
1474	8.880333e-001	9.776667e-002	9.111111e-004	
1475	8.880444e-001	9.774444e-002	9.222222e-004	
1476	8.880000e-001	9.772222e-002	9.888889e-004	
1477	8.881000e-001	9.770000e-002	9.111111e-004	
1478	8.884778e-001	9.734444e-002	8.888889e-004	
1479	8.883333e-001	9.754444e-002	8.333333e-004	
1480	8.883444e-001	9.781111e-002	5.555556e-004	
1481	8.880778e-001	9.801111e-002	6.222222e-004	
1482	8.877667e-001	9.855556e-002	3.888889e-004	
1483	8.873889e-001	9.906667e-002	2.555556e-004	
1484	8.867889e-001	9.957778e-002	3.444444e-004	
1485	8.862556e-001	1.002222e-001	2.333333e-004	
1486	8.855889e-001	1.009889e-001	1.333333e-004	
1487	8.849222e-001	1.017111e-001	7.777778e-005	
1488	8.843889e-001	1.022111e-001	1.111111e-004	
1489	8.836778e-001	1.029667e-001	6.666667e-005	
1490	8.829889e-001	1.036444e-001	7.777778e-005	
1491	8.821889e-001	1.044889e-001	3.333333e-005	
1492	8.813333e-001	1.053444e-001	3.333333e-005	
1493	8.804778e-001	1.062111e-001	2.222222e-005	
1494	8.794222e-001	1.072667e-001	2.222222e-005	
1495	8.786333e-001	1.080222e-001	5.555556e-005	
1496	8.778556e-001	1.088000e-001	5.555556e-005	
1497	8.770111e-001	1.096556e-001	4.444444e-005	
1498	8.761111e-001	1.105667e-001	3.333333e-005	
1499	8.751222e-001	1.115556e-001	3.333333e-005	
1500	8.743000e-001	1.123778e-001	3.333333e-005	
1501	8.732778e-001	1.133889e-001	4.444444e-005	
1502	8.724000e-001	1.142556e-001	5.555556e-005	
1503	8.716111e-001	1.150778e-001	2.222222e-005	
1504	8.708556e-001	1.158111e-001	4.444444e-005	
1505	8.699667e-001	1.167333e-001	1.111111e-005	
1506	8.690889e-001	1.176111e-001	1.111111e-005	
1507	8.681111e-001	1.186000e-001	0	
1508	8.673667e-001	1.193444e-001	0	
1509	8.664111e-001	1.203000e-001	0	
1510	8.655333e-001	1.211778e-001	0	
1511	8.646111e-001	1.221000e-001	0	
1512	8.637444e-001	1.229667e-001	0	
1513	8.628778e-001	1.238333e-001	0	
1514	8.620889e-001	1.246222e-001	0	
1515	8.613444e-001	1.253667e-001	0	
1516	8.605778e-001	1.261333e-001	0	
1517	8.598222e-001	1.268889e-001	0	
1518	8.588333e-001	1.278778e-001	0	
1519	8.580333e-001	1.286778e-001	0	
1520	8.570000e-001	1.297111e-001	0	
1521	8.561778e-001	1.305333e-001	0	
1522	8.554333e-001	1.312778e-001	0	
1523	8.546222e-001	1.320889e-001	0	
1524	8.539667e-001	1.327444e-001	0	
1525	8.530889e-001	1.336222e-001	0	
1526	8.521444e-001	1.345667e-001	0	
1527	8.513000e-001	1.354111e-001	0	
1528	8.504111e-001	1.363000e-001	0	
1529	8.494222e-001	1.372889e-001	0	
1530	8.484778e-001	1.382333e-001	0	
1531	8.474778e-001	1.392333e-001	0	
1532	8.465444e-001	1.401667e-001	0	
1533	8.455556e-001	1.411556e-001	0	
1534	8.447333e-001	1.419778e-001	0	
1535	8.440444e-001	1.426667e-001	0	
1536	8.430444e-001	1.436667e-001	0	
1537	8.423333e-001	1.443778e-001	0	
1538	8.415556e-001	1.451556e-001	0	
1539	8.406556e-001	1.460556e-001	0	
1540	8.397667e-001	1.469444e-001	0	
1541	8.390667e-001	1.476444e-001	0	
1542	8.382556e-001	1.484556e-001	0	
1543	8.373778e-001	1.493333e-001	0	
1544	8.364778e-001	1.502333e-001	0	
1545	8.357222e-001	1.509889e-001	0	
1546	8.349444e-001	1.517667e-001	0	
1547	8.340778e-001	1.526333e-001	0	
1548	8.333000e-001	1.534111e-001	0	
1549	8.324444e-001	1.542667e-001	0	
1550	8.316222e-001	1.550889e-001	0	
1551	8.307889e-001	1.559222e-001	0	
1552	8.298333e-001	1.568778e-001	0	
1553	8.289778e-001	1.577333e-001	0	
1554	8.282889e-001	1.584222e-001	0	
1555	8.273333e-001	1.593778e-001	0	
1556	8.264889e-001	1.602222e-001	0	
1557	8.256667e-001	1.610444e-001	0	
1558	8.247444e-001	1.619667e-001	0	
1559	8.239333e-001	1.627778e-001	0	
1560	8.230444e-001	1.636667e-001	0	
1561	8.223222e-001	1.643889e-001	0	
1562	8.216000e-001	1.651111e-001	0	
1563	8.207222e-001	1.659889e-001	0	
1564	8.197778e-001	1.669333e-001	0	
1565	8.189222e-001	1.677889e-001	0	
1566	8.180222e-001	1.686889e-001	0	
1567	8.173000e-001	1.694111e-001	0	
1568	8.164222e-001	1.702778e-001	1.111111e-005	
1569	8.157778e-001	1.708889e-001	4.444444e-005	
1570	8.149333e-001	1.717444e-001	3.333333e-005	
1571	8.142000e-001	1.724667e-001	4.444444e-005	
1572	8.134556e-001	1.732111e-001	4.444444e-005	
1573	8.128778e-001	1.737667e-001	6.666667e-005	
1574	8.122222e-001	1.744333e-001	5.555556e-005	
1575	8.114444e-001	1.751889e-001	7.777778e-005	
1576	8.106556e-001	1.759889e-001	6.666667e-005	
1577	8.098889e-001	1.767667e-001	5.555556e-005	
1578	8.091111e-001	1.775889e-001	1.111111e-005	
1579	8.084444e-001	1.782444e-001	2.222222e-005	
1580	8.076667e-001	1.789889e-001	5.555556e-005	
1581	8.068000e-001	1.798889e-001	2.222222e-005	
1582	8.061111e-001	1.805667e-001	3.333333e-005	
1583	8.054333e-001	1.812444e-001	3.333333e-005	
1584	8.046111e-001	1.820889e-001	1.111111e-005	
1585	8.040222e-001	1.826667e-001	2.222222e-005	
1586	8.033111e-001	1.833667e-001	3.333333e-005	
1587	8.025444e-001	1.841222e-001	4.444444e-005	
1588	8.016556e-001	1.850000e-001	5.555556e-005	
1589	8.008222e-001	1.858889e-001	0	
1590	8.001111e-001	1.866000e-001	0	
1591	7.995333e-001	1.871778e-001	0	
1592	7.987333e-001	1.879778e-001	0	
1593	7.979111e-001	1.888000e-001	0	
1594	7.971222e-001	1.895889e-001	0	
1595	7.963333e-001	1.903778e-001	0	
1596	7.956556e-001	1.910556e-001	0	
1597	7.947889e-001	1.919222e-001	0	
1598	7.939667e-001	1.927444e-001	0	
1599	7.929444e-001	1.937667e-001	0	
1600	7.920444e-001	1.946667e-001	0	
1601	7.912778e-001	1.954333e-001	0	
1602	7.906333e-001	1.960778e-001	0	
1603	7.899778e-001	1.967333e-001	0	
1604	7.890778e-001	1.976333e-001	0	
1605	7.881667e-001	1.985444e-001	0	
1606	7.874000e-001	1.993111e-001	0	
1607	7.865778e-001	2.001333e-001	0	
1608	7.856556e-001	2.010556e-001	0	
1609	7.848444e-001	2.018667e-001	0	
1610	7.839778e-001	2.027333e-001	0	
1611	7.830667e-001	2.036444e-001	0	
1612	7.823000e-001	2.044111e-001	0	
1613	7.816333e-001	2.050778e-001	0	
1614	7.807444e-001	2.059667e-001	0	
1615	7.797889e-001	2.069222e-001	0	
1616	7.789889e-001	2.077222e-001	0	
1617	7.781778e-001	2.085333e-001	0	
1618	7.773778e-001	2.093333e-001	0	
1619	7.767333e-001	2.099778e-001	0	
1620	7.760333e-001	2.106778e-001	0	
1621	7.751111e-001	2.116000e-001	0	
1622	7.741889e-001	2.125222e-001	0	
1623	7.733444e-001	2.133667e-001	0	
1624	7.726444e-001	2.140667e-001	0	
1625	7.719111e-001	2.148000e-001	0	
1626	7.712667e-001	2.154444e-001	0	
1627	7.705000e-001	2.162111e-001	0	
1628	7.697556e-001	2.169556e-001	0	
1629	7.691667e-001	2.175444e-001	0	
1630	7.683333e-001	2.183778e-001	0	
1631	7.676222e-001	2.190889e-001	0	
1632	7.667778e-001	2.199333e-001	0	
1633	7.659000e-001	2.208111e-001	0	
1634	7.652222e-001	2.214889e-001	0	
1635	7.646111e-001	2.221000e-001	0	
1636	7.639000e-001	2.228111e-001	0	
1637	7.630444e-001	2.236667e-001	0	
1638	7.622889e-001	2.244222e-001	0	
1639	7.616667e-001	2.250444e-001	0	
1640	7.609444e-001	2.257667e-001	0	
1641	7.601556e-001	2.265556e-001	0	
1642	7.594111e-001	2.273000e-001	0	
1643	7.586333e-001	2.280778e-001	0	
1644	7.577556e-001	2.289556e-001	0	
1645	7.569444e-001	2.297667e-001	0	
1646	7.562667e-001	2.304444e-001	0	
1647	7.555333e-001	2.311667e-001	1.111111e-005	
1648	7.548222e-001	2.318778e-001	1.111111e-005	
1649	7.541111e-001	2.325889e-001	1.111111e-005	
1650	7.533333e-001	2.333556e-001	2.222222e-005	
1651	7.526000e-001	2.341111e-001	0	
1652	7.517778e-001	2.349333e-001	0	
1653	7.509222e-001	2.357889e-001	0	
1654	7.502000e-001	2.365111e-001	0	
1655	7.494111e-001	2.373000e-001	0	
1656	7.486222e-001	2.380889e-001	0	
1657	7.478111e-001	2.389000e-001	0	
1658	7.470111e-001	2.397000e-001	0	
1659	7.461889e-001	2.405222e-001	0	
1660	7.455000e-001	2.412111e-001	0	
1661	7.449667e-001	2.417444e-001	0	
1662	7.442556e-001	2.424556e-001	0	
1663	7.434889e-001	2.432222e-001	0	
1664	7.427333e-001	2.439778e-001	0	
1665	7.420111e-001	2.447000e-001	0	
1666	7.413667e-001	2.453444e-001	0	
1667	7.406778e-001	2.460333e-001	0	
1668	7.398222e-001	2.468889e-001	0	
1669	7.390444e-001	2.476667e-001	0	
1670	7.382000e-001	2.485111e-001	0	
1671	7.375222e-001	2.491889e-001	0	
1672	7.366444e-001	2.500667e-001	0	
1673	7.359333e-001	2.507778e-001	0	
1674	7.352222e-001	2.514889e-001	0	
1675	7.345333e-001	2.521778e-001	0	
1676	7.337111e-001	2.529889e-001	1.111111e-005	
1677	7.330333e-001	2.536667e-001	1.111111e-005	
1678	7.322111e-001	2.544889e-001	1.111111e-005	
1679	7.314222e-001	2.552778e-001	1.111111e-005	
1680	7.306000e-001	2.560889e-001	2.222222e-005	
1681	7.300778e-001	2.566222e-001	1.111111e-005	
1682	7.292222e-001	2.574889e-001	0	
1683	7.285222e-001	2.581778e-001	1.111111e-005	
1684	7.277333e-001	2.589444e-001	3.333333e-005	
1685	7.269667e-001	2.597333e-001	1.111111e-005	
1686	7.262667e-001	2.604333e-001	1.111111e-005	
1687	7.256444e-001	2.610556e-001	1.111111e-005	
1688	7.249000e-001	2.618000e-001	1.111111e-005	
1689	7.242556e-001	2.624444e-001	1.111111e-005	
1690	7.235889e-001	2.631000e-001	2.222222e-005	
1691	7.229333e-001	2.637556e-001	2.222222e-005	
1692	7.220778e-001	2.646111e-001	2.222222e-005	
1693	7.214111e-001	2.652667e-001	3.333333e-005	
1694	7.207111e-001	2.659778e-001	2.222222e-005	
1695	7.200000e-001	2.667000e-001	1.111111e-005	
1696	7.191556e-001	2.675333e-001	2.222222e-005	
1697	7.181667e-001	2.685222e-001	2.222222e-005	
1698	7.174000e-001	2.692889e-001	2.222222e-005	
1699	7.167111e-001	2.699778e-001	2.222222e-005	
1700	7.159111e-001	2.707889e-001	1.111111e-005	
1701	7.152778e-001	2.714222e-001	1.111111e-005	
1702	7.147000e-001	2.720111e-001	0	
1703	7.139889e-001	2.727222e-001	0	
1704	7.131556e-001	2.735556e-001	0	
1705	7.123889e-001	2.743222e-001	0	
1706	7.118778e-001	2.748333e-001	0	
1707	7.112111e-001	2.755000e-001	0	
1708	7.103667e-001	2.763444e-001	0	
1709	7.097778e-001	2.769333e-001	0	
1710	7.089889e-001	2.777222e-001	0	
1711	7.081556e-001	2.785556e-001	0	
1712	7.074778e-001	2.792333e-001	0	
1713	7.068444e-001	2.798667e-001	0	
1714	7.060556e-001	2.806556e-001	0	
1715	7.051778e-001	2.815333e-001	0	
1716	7.044222e-001	2.822889e-001	0	
1717	7.037556e-001	2.829556e-001	0	
1718	7.030889e-001	2.836222e-001	0	
1719	7.024889e-001	2.842222e-001	0	
1720	7.017222e-001	2.849889e-001	0	
1721	7.010444e-001	2.856667e-001	0	
1722	7.003556e-001	2.863556e-001	0	
1723	6.997111e-001	2.870000e-001	0	
1724	6.990222e-001	2.876889e-001	0	
1725	6.983889e-001	2.883222e-001	0	
1726	6.979222e-001	2.887889e-001	0	
1727	6.974222e-001	2.892889e-001	0	
1728	6.967222e-001	2.899889e-001	0	
1729	6.962000e-001	2.905000e-001	1.111111e-005	
1730	6.955667e-001	2.911333e-001	1.111111e-005	
1731	6.949889e-001	2.917111e-001	1.111111e-005	
1732	6.944667e-001	2.922444e-001	0	
1733	6.937444e-001	2.929667e-001	0	
1734	6.931889e-001	2.935222e-001	0	
1735	6.925444e-001	2.941667e-001	0	
1736	6.919333e-001	2.947778e-001	0	
1737	6.913444e-001	2.953667e-001	0	
1738	6.906000e-001	2.961111e-001	0	
1739	6.899556e-001	2.967556e-001	0	
1740	6.894444e-001	2.972667e-001	0	
1741	6.888333e-001	2.978778e-001	0	
1742	6.880889e-001	2.986222e-001	0	
1743	6.872222e-001	2.994889e-001	0	
1744	6.865556e-001	3.001556e-001	0	
1745	6.859000e-001	3.008111e-001	0	
1746	6.852444e-001	3.014667e-001	0	
1747	6.844778e-001	3.022333e-001	0	
1748	6.838111e-001	3.029000e-001	0	
1749	6.828778e-001	3.038333e-001	0	
1750	6.823000e-001	3.044111e-001	0	
1751	6.815333e-001	3.051778e-001	0	
1752	6.808778e-001	3.058333e-001	0	
1753	6.802111e-001	3.065000e-001	0	
1754	6.794667e-001	3.072444e-001	0	
1755	6.787778e-001	3.079333e-001	0	
1756	6.778667e-001	3.088444e-001	0	
1757	6.771889e-001	3.095222e-001	0	
1758	6.764556e-001	3.102556e-001	0	
1759	6.757778e-001	3.109333e-001	0	
1760	6.750889e-001	3.116222e-001	0	
1761	6.744778e-001	3.122333e-001	0	
1762	6.737333e-001	3.129778e-001	0	
1763	6.731778e-001	3.135333e-001	0	
1764	6.725889e-001	3.141222e-001	0	
1765	6.719222e-001	3.147889e-001	0	
1766	6.710889e-001	3.156222e-001	0	
1767	6.705111e-001	3.162000e-001	0	
1768	6.697222e-001	3.169889e-001	0	
1769	6.691333e-001	3.175778e-001	0	
1770	6.684444e-001	3.182667e-001	0	
1771	6.678222e-001	3.188889e-001	0	
1772	6.671889e-001	3.195222e-001	0	
1773	6.664667e-001	3.202444e-001	0	
1774	6.657889e-001	3.209222e-001	0	
1775	6.652111e-001	3.215000e-001	0	
1776	6.647111e-001	3.220000e-001	0	
1777	6.640889e-001	3.226222e-001	0	
1778	6.634111e-001	3.233000e-001	0	
1779	6.627000e-001	3.240111e-001	0	
1780	6.621111e-001	3.246000e-001	0	
1781	6.615111e-001	3.252000e-001	0	
1782	6.608889e-001	3.258222e-001	0	
1783	6.602000e-001	3.265111e-001	0	
1784	6.595556e-001	3.271556e-001	0	
1785	6.588778e-001	3.278333e-001	0	
1786	6.581889e-001	3.285222e-001	0	
1787	6.574333e-001	3.292778e-001	0	
1788	6.567889e-001	3.299222e-001	0	
1789	6.561111e-001	3.306000e-001	0	
1790	6.554556e-001	3.312556e-001	0	
1791	6.546556e-001	3.320556e-001	0	
1792	6.540000e-001	3.327111e-001	0	
1793	6.534444e-001	3.332667e-001	0	
1794	6.527889e-001	3.339222e-001	0	
1795	6.522667e-001	3.344444e-001	0	
1796	6.516222e-001	3.350889e-001	0	
1797	6.510889e-001	3.356222e-001	0	
1798	6.504222e-001	3.362889e-001	0	
1799	6.496889e-001	3.370222e-001	0	
1800	6.491556e-001	3.375556e-001	0	
1801	6.485444e-001	3.381667e-001	0	
1802	6.479889e-001	3.387222e-001	0	
1803	6.472889e-001	3.394222e-001	0	
1804	6.468556e-001	3.398556e-001	0	
1805	6.462444e-001	3.404667e-001	0	
1806	6.455889e-001	3.411222e-001	0	
1807	6.449444e-001	3.417667e-001	0	
1808	6.443778e-001	3.423333e-001	0	
1809	6.435778e-001	3.431333e-001	0	
1810	6.430222e-001	3.436889e-001	0	
1811	6.423000e-001	3.444111e-001	0	
1812	6.417000e-001	3.450111e-001	0	
1813	6.411000e-001	3.456111e-001	0	
1814	6.405333e-001	3.461778e-001	0	
1815	6.396889e-001	3.470222e-001	0	
1816	6.390222e-001	3.476889e-001	0	
1817	6.384111e-001	3.483000e-001	0	
1818	6.377222e-001	3.489889e-001	0	
1819	6.370889e-001	3.496222e-001	0	
1820	6.364667e-001	3.502444e-001	0	
1821	6.359333e-001	3.507778e-001	0	
1822	6.352222e-001	3.514889e-001	0	
1823	6.346111e-001	3.521000e-001	0	
1824	6.340778e-001	3.526333e-001	0	
1825	6.335111e-001	3.532000e-001	0	
1826	6.328667e-001	3.538444e-001	0	
1827	6.321111e-001	3.546000e-001	0	
1828	6.316222e-001	3.550889e-001	0	
1829	6.309667e-001	3.557444e-001	0	
1830	6.303667e-001	3.563444e-001	0	
1831	6.298667e-001	3.568444e-001	0	
1832	6.293111e-001	3.574000e-001	0	
1833	6.286667e-001	3.580444e-001	0	
1834	6.281444e-001	3.585667e-001	0	
1835	6.276667e-001	3.590444e-001	0	
1836	6.270333e-001	3.596778e-001	0	
1837	6.265556e-001	3.601556e-001	0	
1838	6.260111e-001	3.607000e-001	0	
1839	6.253333e-001	3.613778e-001	0	
1840	6.246111e-001	3.621000e-001	0	
1841	6.239889e-001	3.627222e-001	0	
1842	6.232556e-001	3.634556e-001	0	
1843	6.226667e-001	3.640444e-001	0	
1844	6.219444e-001	3.647667e-001	0	
1845	6.213778e-001	3.653333e-001	0	
1846	6.206556e-001	3.660444e-001	1.111111e-005	
1847	6.201444e-001	3.665000e-001	6.666667e-005	
1848	6.197889e-001	3.668222e-001	1.000000e-004	
1849	6.193111e-001	3.673222e-001	7.777778e-005	
1850	6.187667e-001	3.678000e-001	1.444444e-004	
1851	6.184111e-001	3.681111e-001	1.888889e-004	
1852	6.181222e-001	3.683444e-001	2.444444e-004	
1853	6.178444e-001	3.687111e-001	1.555556e-004	
1854	6.174444e-001	3.690444e-001	2.222222e-004	
1855	6.169889e-001	3.695000e-001	2.222222e-004	
1856	6.165778e-001	3.699000e-001	2.333333e-004	
1857	6.162778e-001	3.701667e-001	2.666667e-004	
1858	6.159444e-001	3.705444e-001	2.222222e-004	
1859	6.156111e-001	3.709333e-001	1.666667e-004	
1860	6.152111e-001	3.713222e-001	1.777778e-004	
1861	6.147889e-001	3.716444e-001	2.777778e-004	
1862	6.145444e-001	3.719222e-001	2.444444e-004	
1863	6.141778e-001	3.723444e-001	1.888889e-004	
1864	6.137667e-001	3.727333e-001	2.111111e-004	
1865	6.134111e-001	3.731000e-001	2.000000e-004	
1866	6.128556e-001	3.736778e-001	1.777778e-004	
1867	6.125000e-001	3.739667e-001	2.444444e-004	
1868	6.121667e-001	3.743000e-001	2.444444e-004	
1869	6.117778e-001	3.747778e-001	1.555556e-004	
1870	6.113000e-001	3.752778e-001	1.333333e-004	
1871	6.108556e-001	3.757000e-001	1.555556e-004	
1872	6.103444e-001	3.762778e-001	8.888889e-005	
1873	6.097222e-001	3.769000e-001	8.888889e-005	
1874	6.091667e-001	3.774111e-001	1.333333e-004	
1875	6.085111e-001	3.780889e-001	1.111111e-004	
1876	6.078000e-001	3.787444e-001	1.666667e-004	
1877	6.072556e-001	3.792889e-001	1.666667e-004	
1878	6.068111e-001	3.797111e-001	1.888889e-004	
1879	6.063889e-001	3.801444e-001	1.777778e-004	
1880	6.058111e-001	3.806889e-001	2.111111e-004	
1881	6.055444e-001	3.810000e-001	1.666667e-004	
1882	6.049889e-001	3.815333e-001	1.888889e-004	
1883	6.046667e-001	3.818556e-001	1.888889e-004	
1884	6.043333e-001	3.822000e-001	1.777778e-004	
1885	6.039333e-001	3.826333e-001	1.444444e-004	
1886	6.033556e-001	3.832556e-001	1.000000e-004	
1887	6.028444e-001	3.837333e-001	1.333333e-004	
1888	6.023444e-001	3.841222e-001	2.444444e-004	
1889	6.020556e-001	3.843889e-001	2.666667e-004	
1890	6.018667e-001	3.845111e-001	3.333333e-004	
1891	6.016000e-001	3.847889e-001	3.222222e-004	
1892	6.013111e-001	3.851000e-001	3.000000e-004	
1893	6.008667e-001	3.855556e-001	2.888889e-004	
1894	6.005778e-001	3.858111e-001	3.222222e-004	
1895	6.001889e-001	3.861778e-001	3.444444e-004	
1896	5.998000e-001	3.866222e-001	2.888889e-004	
1897	5.995556e-001	3.868222e-001	3.333333e-004	
1898	5.992444e-001	3.871444e-001	3.222222e-004	
1899	5.989222e-001	3.874222e-001	3.666667e-004	
1900	5.986111e-001	3.878000e-001	3.000000e-004	
1901	5.981667e-001	3.881778e-001	3.666667e-004	
1902	5.979667e-001	3.884222e-001	3.222222e-004	
1903	5.977667e-001	3.886667e-001	2.777778e-004	
1904	5.975000e-001	3.888444e-001	3.666667e-004	
1905	5.972444e-001	3.891111e-001	3.555556e-004	
1906	5.970333e-001	3.892889e-001	3.888889e-004	
1907	5.967778e-001	3.896111e-001	3.222222e-004	
1908	5.965889e-001	3.898667e-001	2.555556e-004	
1909	5.962667e-001	3.901333e-001	3.111111e-004	
1910	5.960111e-001	3.903444e-001	3.555556e-004	
1911	5.958000e-001	3.905556e-001	3.555556e-004	
1912	5.954778e-001	3.908000e-001	4.333333e-004	
1913	5.953667e-001	3.909222e-001	4.222222e-004	
1914	5.951222e-001	3.911000e-001	4.888889e-004	
1915	5.950556e-001	3.911556e-001	5.000000e-004	
1916	5.948889e-001	3.912889e-001	5.333333e-004	
1917	5.947222e-001	3.914111e-001	5.777778e-004	
1918	5.948111e-001	3.912667e-001	6.333333e-004	
1919	5.949000e-001	3.910667e-001	7.444444e-004	
1920	5.951667e-001	3.908000e-001	7.444444e-004	
1921	5.953556e-001	3.905111e-001	8.444444e-004	
1922	5.955222e-001	3.902444e-001	9.444444e-004	
1923	5.959667e-001	3.898222e-001	9.222222e-004	
1924	5.962111e-001	3.893889e-001	1.111111e-003	
1925	5.966444e-001	3.889556e-001	1.111111e-003	
1926	5.972222e-001	3.883222e-001	1.166667e-003	
1927	5.979000e-001	3.874889e-001	1.322222e-003	
1928	5.988111e-001	3.867444e-001	1.155556e-003	
1929	5.993111e-001	3.860556e-001	1.344444e-003	
1930	5.999000e-001	3.852333e-001	1.577778e-003	
1931	6.008556e-001	3.843222e-001	1.533333e-003	
1932	6.017556e-001	3.835111e-001	1.444444e-003	
1933	6.025222e-001	3.825667e-001	1.622222e-003	
1934	6.034667e-001	3.817000e-001	1.544444e-003	
1935	6.044111e-001	3.810222e-001	1.277778e-003	
1936	6.050333e-001	3.804778e-001	1.200000e-003	
1937	6.056111e-001	3.799000e-001	1.200000e-003	
1938	6.060778e-001	3.793778e-001	1.255556e-003	
1939	6.068000e-001	3.787222e-001	1.188889e-003	
1940	6.072222e-001	3.782778e-001	1.211111e-003	
1941	6.078333e-001	3.775556e-001	1.322222e-003	
1942	6.085889e-001	3.769889e-001	1.133333e-003	
1943	6.092111e-001	3.765889e-001	9.111111e-004	
1944	6.095111e-001	3.762667e-001	9.333333e-004	
1945	6.097667e-001	3.759222e-001	1.022222e-003	
1946	6.102333e-001	3.754444e-001	1.033333e-003	
1947	6.106222e-001	3.749444e-001	1.144444e-003	
1948	6.110889e-001	3.741667e-001	1.455556e-003	
1949	6.120778e-001	3.732556e-001	1.377778e-003	
1950	6.128556e-001	3.724111e-001	1.444444e-003	
1951	6.135667e-001	3.718111e-001	1.333333e-003	
1952	6.141667e-001	3.711556e-001	1.388889e-003	
1953	6.149333e-001	3.701778e-001	1.600000e-003	
1954	6.160111e-001	3.691444e-001	1.555556e-003	
1955	6.168000e-001	3.685667e-001	1.344444e-003	
1956	6.174111e-001	3.680111e-001	1.288889e-003	
1957	6.180111e-001	3.673778e-001	1.322222e-003	
1958	6.188556e-001	3.663778e-001	1.477778e-003	
1959	6.197889e-001	3.654222e-001	1.500000e-003	
1960	6.207556e-001	3.644222e-001	1.533333e-003	
1961	6.217444e-001	3.632444e-001	1.722222e-003	
1962	6.226667e-001	3.623333e-001	1.711111e-003	
1963	6.237778e-001	3.610556e-001	1.877778e-003	
1964	6.249556e-001	3.596556e-001	2.100000e-003	
1965	6.264667e-001	3.584556e-001	1.788889e-003	
1966	6.277333e-001	3.570667e-001	1.911111e-003	
1967	6.290222e-001	3.556667e-001	2.022222e-003	
1968	6.303333e-001	3.540111e-001	2.366667e-003	
1969	6.319667e-001	3.523778e-001	2.366667e-003	
1970	6.338111e-001	3.503444e-001	2.555556e-003	
1971	6.357000e-001	3.483111e-001	2.700000e-003	
1972	6.378556e-001	3.459111e-001	2.944444e-003	
1973	6.402556e-001	3.437556e-001	2.700000e-003	
1974	6.423778e-001	3.416000e-001	2.733333e-003	
1975	6.444111e-001	3.395222e-001	2.777778e-003	
1976	6.466333e-001	3.370889e-001	2.988889e-003	
1977	6.489222e-001	3.348222e-001	2.966667e-003	
1978	6.512556e-001	3.324444e-001	3.011111e-003	
1979	6.535333e-001	3.301111e-001	3.066667e-003	
1980	6.560111e-001	3.278333e-001	2.866667e-003	
1981	6.582889e-001	3.253222e-001	3.100000e-003	
1982	6.607222e-001	3.226333e-001	3.355556e-003	
1983	6.633000e-001	3.200778e-001	3.333333e-003	
1984	6.660667e-001	3.175556e-001	3.088889e-003	
1985	6.684333e-001	3.155333e-001	2.744444e-003	
1986	6.705556e-001	3.131444e-001	3.011111e-003	
1987	6.729222e-001	3.106444e-001	3.144444e-003	
1988	6.753444e-001	3.081222e-001	3.244444e-003	
1989	6.778778e-001	3.053778e-001	3.455556e-003	
1990	6.807556e-001	3.027889e-001	3.166667e-003	
1991	6.832111e-001	3.004333e-001	3.066667e-003	
1992	6.856333e-001	2.976889e-001	3.388889e-003	
1993	6.882444e-001	2.949333e-001	3.533333e-003	
1994	6.909333e-001	2.919778e-001	3.800000e-003	
1995	6.939556e-001	2.891778e-001	3.577778e-003	
1996	6.967222e-001	2.865222e-001	3.466667e-003	
1997	6.994556e-001	2.837111e-001	3.544444e-003	
1998	7.022667e-001	2.807333e-001	3.711111e-003	
1999	7.051333e-001	2.778000e-001	3.777778e-003	
2000	7.082111e-001	2.746333e-001	3.866667e-003	
2001	7.112333e-001	2.720222e-001	3.455556e-003	
