1	4.970800e-001	4.949360e-001	0	
2	4.473560e-001	5.446560e-001	4.000000e-006	
3	4.022960e-001	5.897000e-001	2.000000e-005	
4	3.620840e-001	6.298680e-001	6.400000e-005	
5	3.261120e-001	6.657680e-001	1.360000e-004	
6	2.940160e-001	6.977200e-001	2.800000e-004	
7	2.641880e-001	7.274400e-001	3.880000e-004	
8	2.381000e-001	7.533560e-001	5.600000e-004	
9	2.153440e-001	7.757760e-001	8.960000e-004	
10	1.948560e-001	7.958760e-001	1.284000e-003	
11	1.763120e-001	8.138720e-001	1.832000e-003	
12	1.607800e-001	8.289080e-001	2.328000e-003	
13	1.476960e-001	8.412280e-001	3.092000e-003	
14	1.360720e-001	8.522240e-001	3.720000e-003	
15	1.262680e-001	8.613200e-001	4.428000e-003	
16	1.178200e-001	8.690200e-001	5.176000e-003	
17	1.112960e-001	8.746400e-001	6.080000e-003	
18	1.063880e-001	8.788000e-001	6.828000e-003	
19	1.027080e-001	8.811840e-001	8.124000e-003	
20	1.004240e-001	8.823240e-001	9.268000e-003	
21	9.972800e-002	8.818960e-001	1.039200e-002	
22	1.000280e-001	8.801880e-001	1.180000e-002	
23	1.020000e-001	8.768160e-001	1.320000e-002	
24	1.049240e-001	8.723640e-001	1.472800e-002	
25	1.090720e-001	8.668600e-001	1.608400e-002	
26	1.142320e-001	8.602800e-001	1.750400e-002	
27	1.205120e-001	8.522520e-001	1.925200e-002	
28	1.278760e-001	8.429880e-001	2.115200e-002	
29	1.361880e-001	8.325680e-001	2.326000e-002	
30	1.456240e-001	8.209040e-001	2.548800e-002	
31	1.564120e-001	8.085080e-001	2.709600e-002	
32	1.673760e-001	7.958720e-001	2.876800e-002	
33	1.795000e-001	7.815520e-001	3.096400e-002	
34	1.927760e-001	7.659400e-001	3.330000e-002	
35	2.068080e-001	7.497000e-001	3.550800e-002	
36	2.215440e-001	7.337000e-001	3.677200e-002	
37	2.361600e-001	7.178000e-001	3.805600e-002	
38	2.507720e-001	7.015840e-001	3.966000e-002	
39	2.650040e-001	6.856480e-001	4.136400e-002	
40	2.798920e-001	6.687040e-001	4.342000e-002	
41	2.954040e-001	6.518800e-001	4.473200e-002	
42	3.107560e-001	6.360520e-001	4.520800e-002	
43	3.248000e-001	6.206360e-001	4.658000e-002	
44	3.386440e-001	6.046360e-001	4.873600e-002	
45	3.529520e-001	5.892880e-001	4.977600e-002	
46	3.668960e-001	5.732800e-001	5.184000e-002	
47	3.818200e-001	5.579160e-001	5.228000e-002	
48	3.957440e-001	5.427920e-001	5.348000e-002	
49	4.094680e-001	5.274760e-001	5.507200e-002	
50	4.238880e-001	5.116440e-001	5.648400e-002	
51	4.380520e-001	4.970440e-001	5.692000e-002	
52	4.511440e-001	4.828200e-001	5.805200e-002	
53	4.640200e-001	4.689760e-001	5.902000e-002	
54	4.766000e-001	4.564560e-001	5.896000e-002	
55	4.881240e-001	4.447920e-001	5.910000e-002	
56	4.987360e-001	4.348800e-001	5.840000e-002	
57	5.071240e-001	4.266440e-001	5.824800e-002	
58	5.144440e-001	4.177480e-001	5.982400e-002	
59	5.226240e-001	4.089360e-001	6.045600e-002	
60	5.306160e-001	4.007200e-001	6.068000e-002	
61	5.385040e-001	3.921760e-001	6.133600e-002	
62	5.459120e-001	3.842560e-001	6.184800e-002	
63	5.534560e-001	3.769600e-001	6.160000e-002	
64	5.608600e-001	3.709480e-001	6.020800e-002	
65	5.647920e-001	3.664440e-001	6.078000e-002	
66	5.689560e-001	3.623920e-001	6.066800e-002	
67	5.728600e-001	3.585200e-001	6.063600e-002	
68	5.755880e-001	3.550720e-001	6.135600e-002	
69	5.796520e-001	3.510640e-001	6.130000e-002	
70	5.835200e-001	3.459400e-001	6.255600e-002	
71	5.880520e-001	3.408040e-001	6.316000e-002	
72	5.921960e-001	3.360920e-001	6.372800e-002	
73	5.964280e-001	3.311880e-001	6.440000e-002	
74	6.011040e-001	3.261000e-001	6.481200e-002	
75	6.059160e-001	3.209120e-001	6.518800e-002	
76	6.107040e-001	3.149680e-001	6.634400e-002	
77	6.154000e-001	3.106000e-001	6.601600e-002	
78	6.198760e-001	3.063520e-001	6.578800e-002	
79	6.233680e-001	3.034560e-001	6.519200e-002	
80	6.270800e-001	2.996680e-001	6.526800e-002	
81	6.300280e-001	2.961040e-001	6.588400e-002	
82	6.327920e-001	2.937960e-001	6.542800e-002	
83	6.348920e-001	2.926320e-001	6.449200e-002	
84	6.354960e-001	2.916200e-001	6.490000e-002	
85	6.367080e-001	2.896280e-001	6.568000e-002	
86	6.386040e-001	2.872920e-001	6.612000e-002	
87	6.417160e-001	2.832000e-001	6.710000e-002	
88	6.441840e-001	2.800720e-001	6.776000e-002	
89	6.480080e-001	2.756960e-001	6.831200e-002	
90	6.504920e-001	2.736920e-001	6.783200e-002	
91	6.535320e-001	2.712400e-001	6.724400e-002	
92	6.554640e-001	2.700440e-001	6.650800e-002	
93	6.560560e-001	2.696560e-001	6.630400e-002	
94	6.575480e-001	2.682320e-001	6.623600e-002	
95	6.581880e-001	2.671920e-001	6.663600e-002	
96	6.592920e-001	2.663960e-001	6.632800e-002	
97	6.597840e-001	2.646760e-001	6.755600e-002	
98	6.604120e-001	2.634880e-001	6.811600e-002	
99	6.621880e-001	2.602960e-001	6.953200e-002	
100	6.656000e-001	2.567720e-001	6.964400e-002	
101	6.677760e-001	2.552200e-001	6.902000e-002	
102	6.701840e-001	2.530600e-001	6.877200e-002	
103	6.722000e-001	2.521400e-001	6.767600e-002	
104	6.725920e-001	2.516920e-001	6.773200e-002	
105	6.733960e-001	2.505280e-001	6.809200e-002	
106	6.746560e-001	2.498640e-001	6.749600e-002	
107	6.740640e-001	2.517360e-001	6.621600e-002	
108	6.730080e-001	2.528960e-001	6.611200e-002	
109	6.727560e-001	2.535960e-001	6.566400e-002	
110	6.717680e-001	2.546480e-001	6.560000e-002	
111	6.703480e-001	2.551120e-001	6.655600e-002	
112	6.702480e-001	2.546560e-001	6.711200e-002	
113	6.703600e-001	2.538920e-001	6.776400e-002	
114	6.705040e-001	2.528280e-001	6.868400e-002	
115	6.730000e-001	2.497440e-001	6.927200e-002	
116	6.756480e-001	2.472440e-001	6.912400e-002	
117	6.776880e-001	2.457560e-001	6.857200e-002	
118	6.779920e-001	2.469200e-001	6.710400e-002	
119	6.765320e-001	2.488560e-001	6.662800e-002	
120	6.757680e-001	2.495640e-001	6.668400e-002	
121	6.746000e-001	2.506160e-001	6.680000e-002	
122	6.737440e-001	2.514800e-001	6.679200e-002	
123	6.729680e-001	2.517440e-001	6.730400e-002	
124	6.733240e-001	2.508560e-001	6.783600e-002	
125	6.734560e-001	2.493000e-001	6.926000e-002	
126	6.762640e-001	2.463080e-001	6.944400e-002	
127	6.781560e-001	2.463680e-001	6.749200e-002	
128	6.775320e-001	2.480480e-001	6.643600e-002	
129	6.766840e-001	2.494720e-001	6.586000e-002	
130	6.748520e-001	2.506680e-001	6.649600e-002	
131	6.734240e-001	2.513000e-001	6.729200e-002	
132	6.729720e-001	2.517040e-001	6.734000e-002	
133	6.730880e-001	2.507120e-001	6.821600e-002	
134	6.745520e-001	2.497640e-001	6.770000e-002	
135	6.752560e-001	2.490040e-001	6.775600e-002	
136	6.755120e-001	2.487400e-001	6.776400e-002	
137	6.760160e-001	2.498080e-001	6.619200e-002	
138	6.738760e-001	2.515000e-001	6.664000e-002	
139	6.738240e-001	2.519240e-001	6.626800e-002	
140	6.731240e-001	2.526760e-001	6.621600e-002	
141	6.724640e-001	2.532680e-001	6.628400e-002	
142	6.712040e-001	2.538600e-001	6.695200e-002	
143	6.709880e-001	2.532360e-001	6.779200e-002	
144	6.712200e-001	2.521480e-001	6.864800e-002	
145	6.716160e-001	2.516120e-001	6.878800e-002	
146	6.733080e-001	2.495640e-001	6.914400e-002	
147	6.751240e-001	2.488760e-001	6.801600e-002	
148	6.761760e-001	2.474200e-001	6.842000e-002	
149	6.770280e-001	2.479680e-001	6.702000e-002	
150	6.767120e-001	2.480280e-001	6.727600e-002	
151	6.766720e-001	2.485200e-001	6.682400e-002	
152	6.757920e-001	2.491280e-001	6.709600e-002	
153	6.749040e-001	2.504800e-001	6.663200e-002	
154	6.742280e-001	2.508320e-001	6.695600e-002	
155	6.738800e-001	2.503080e-001	6.782800e-002	
156	6.736080e-001	2.509560e-001	6.745200e-002	
157	6.740360e-001	2.500680e-001	6.791200e-002	
158	6.748600e-001	2.492640e-001	6.789200e-002	
159	6.746320e-001	2.503960e-001	6.698800e-002	
160	6.736000e-001	2.498640e-001	6.855200e-002	
161	6.747200e-001	2.483440e-001	6.895200e-002	
162	6.760480e-001	2.477080e-001	6.826000e-002	
163	6.766800e-001	2.470200e-001	6.831600e-002	
164	6.773040e-001	2.462200e-001	6.849200e-002	
165	6.779520e-001	2.457040e-001	6.836000e-002	
166	6.786240e-001	2.460880e-001	6.730400e-002	
167	6.780640e-001	2.478680e-001	6.608400e-002	
168	6.753800e-001	2.506800e-001	6.595600e-002	
169	6.739680e-001	2.516800e-001	6.636800e-002	
170	6.724600e-001	2.519960e-001	6.756000e-002	
171	6.722720e-001	2.527880e-001	6.695600e-002	
172	6.717200e-001	2.516760e-001	6.862000e-002	
173	6.729960e-001	2.498560e-001	6.916400e-002	
174	6.741840e-001	2.488600e-001	6.897200e-002	
175	6.757720e-001	2.469520e-001	6.929200e-002	
176	6.777000e-001	2.464400e-001	6.787600e-002	
177	6.773200e-001	2.484280e-001	6.626800e-002	
178	6.760400e-001	2.496120e-001	6.636400e-002	
179	6.750360e-001	2.506000e-001	6.638000e-002	
180	6.742680e-001	2.510880e-001	6.666000e-002	
181	6.734520e-001	2.512040e-001	6.736000e-002	
182	6.739560e-001	2.498360e-001	6.822400e-002	
183	6.749880e-001	2.488080e-001	6.822000e-002	
184	6.756320e-001	2.487240e-001	6.766000e-002	
185	6.751440e-001	2.492800e-001	6.759200e-002	
186	6.752200e-001	2.481680e-001	6.862800e-002	
187	6.770280e-001	2.466520e-001	6.833600e-002	
188	6.771520e-001	2.467160e-001	6.814800e-002	
189	6.777800e-001	2.466440e-001	6.759200e-002	
190	6.783280e-001	2.467400e-001	6.694800e-002	
191	6.771240e-001	2.473160e-001	6.757600e-002	
192	6.784800e-001	2.467360e-001	6.680000e-002	
193	6.769360e-001	2.487920e-001	6.628800e-002	
194	6.760120e-001	2.494760e-001	6.652800e-002	
195	6.743680e-001	2.511320e-001	6.651600e-002	
196	6.734240e-001	2.512440e-001	6.734800e-002	
197	6.738040e-001	2.513840e-001	6.682800e-002	
198	6.739480e-001	2.502520e-001	6.781600e-002	
199	6.741560e-001	2.502600e-001	6.760000e-002	
200	6.735640e-001	2.509280e-001	6.752400e-002	
201	6.738080e-001	2.506320e-001	6.757600e-002	
202	6.743160e-001	2.497120e-001	6.798800e-002	
203	6.758080e-001	2.489240e-001	6.728400e-002	
204	6.756520e-001	2.490000e-001	6.736400e-002	
205	6.752960e-001	2.485680e-001	6.815200e-002	
206	6.755520e-001	2.480680e-001	6.839600e-002	
207	6.761280e-001	2.478520e-001	6.803600e-002	
208	6.766560e-001	2.484160e-001	6.694400e-002	
209	6.759640e-001	2.498240e-001	6.622800e-002	
210	6.744600e-001	2.513080e-001	6.624800e-002	
211	6.730320e-001	2.518880e-001	6.709600e-002	
212	6.731120e-001	2.513760e-001	6.752800e-002	
213	6.729000e-001	2.511640e-001	6.795200e-002	
214	6.739600e-001	2.505920e-001	6.746400e-002	
215	6.730560e-001	2.511440e-001	6.781600e-002	
216	6.729080e-001	2.504000e-001	6.870800e-002	
217	6.740200e-001	2.485760e-001	6.942000e-002	
218	6.753760e-001	2.485400e-001	6.810000e-002	
219	6.753520e-001	2.479480e-001	6.871600e-002	
220	6.774360e-001	2.465760e-001	6.800400e-002	
221	6.786000e-001	2.458440e-001	6.757200e-002	
222	6.777840e-001	2.471800e-001	6.705200e-002	
223	6.775400e-001	2.480960e-001	6.638000e-002	
224	6.751400e-001	2.503000e-001	6.657600e-002	
225	6.742440e-001	2.502760e-001	6.749600e-002	
226	6.743800e-001	2.511200e-001	6.651600e-002	
227	6.733120e-001	2.515320e-001	6.717200e-002	
228	6.726520e-001	2.511680e-001	6.819600e-002	
229	6.739760e-001	2.485560e-001	6.948400e-002	
230	6.758320e-001	2.472000e-001	6.898400e-002	
231	6.777920e-001	2.457680e-001	6.845600e-002	
232	6.793760e-001	2.452360e-001	6.740400e-002	
233	6.791680e-001	2.458160e-001	6.703200e-002	
234	6.784600e-001	2.471160e-001	6.644000e-002	
235	6.777400e-001	2.488520e-001	6.542400e-002	
236	6.751120e-001	2.520560e-001	6.484800e-002	
237	6.723480e-001	2.533800e-001	6.628800e-002	
238	6.709640e-001	2.540800e-001	6.697200e-002	
239	6.705040e-001	2.534480e-001	6.806400e-002	
240	6.712680e-001	2.515400e-001	6.920800e-002	
241	6.734640e-001	2.497280e-001	6.882400e-002	
242	6.760960e-001	2.477680e-001	6.815200e-002	
243	6.770040e-001	2.470480e-001	6.796400e-002	
244	6.773640e-001	2.476720e-001	6.698000e-002	
245	6.765720e-001	2.487200e-001	6.672400e-002	
246	6.749880e-001	2.510680e-001	6.596000e-002	
247	6.732120e-001	2.522040e-001	6.660000e-002	
248	6.719680e-001	2.532240e-001	6.682400e-002	
249	6.715160e-001	2.525480e-001	6.795200e-002	
250	6.717600e-001	2.517560e-001	6.850000e-002	
251	6.735440e-001	2.501480e-001	6.832400e-002	
252	6.750680e-001	2.487520e-001	6.819600e-002	
253	6.755000e-001	2.479840e-001	6.853200e-002	
254	6.757800e-001	2.479320e-001	6.830400e-002	
255	6.763120e-001	2.484640e-001	6.724000e-002	
256	6.753280e-001	2.491520e-001	6.753600e-002	
257	6.751320e-001	2.492680e-001	6.761600e-002	
258	6.750200e-001	2.496600e-001	6.733600e-002	
259	6.755680e-001	2.491080e-001	6.734000e-002	
260	6.758840e-001	2.491320e-001	6.700000e-002	
261	6.748040e-001	2.504480e-001	6.676400e-002	
262	6.742840e-001	2.499880e-001	6.774400e-002	
263	6.743920e-001	2.496920e-001	6.793200e-002	
264	6.750880e-001	2.485240e-001	6.840400e-002	
265	6.755280e-001	2.484200e-001	6.806800e-002	
266	6.750120e-001	2.492280e-001	6.777600e-002	
267	6.751240e-001	2.490360e-001	6.785600e-002	
268	6.756400e-001	2.482920e-001	6.808400e-002	
269	6.757680e-001	2.493760e-001	6.687200e-002	
270	6.750680e-001	2.499160e-001	6.703200e-002	
271	6.751200e-001	2.495560e-001	6.734000e-002	
272	6.746040e-001	2.509120e-001	6.650000e-002	
273	6.728600e-001	2.523600e-001	6.679600e-002	
274	6.723000e-001	2.518160e-001	6.790000e-002	
275	6.724280e-001	2.515320e-001	6.805600e-002	
276	6.735440e-001	2.499760e-001	6.849600e-002	
277	6.752800e-001	2.486560e-001	6.808000e-002	
278	6.754960e-001	2.487240e-001	6.779600e-002	
279	6.759960e-001	2.483280e-001	6.769200e-002	
280	6.762000e-001	2.491200e-001	6.669600e-002	
281	6.756000e-001	2.503000e-001	6.611600e-002	
282	6.738360e-001	2.514920e-001	6.668800e-002	
283	6.737400e-001	2.505080e-001	6.776800e-002	
284	6.741160e-001	2.500960e-001	6.780400e-002	
285	6.745800e-001	2.494160e-001	6.802000e-002	
286	6.745920e-001	2.492520e-001	6.817200e-002	
287	6.754360e-001	2.482320e-001	6.834800e-002	
288	6.760000e-001	2.476240e-001	6.839200e-002	
289	6.761840e-001	2.474360e-001	6.839600e-002	
290	6.770960e-001	2.462920e-001	6.862800e-002	
291	6.782080e-001	2.457800e-001	6.802800e-002	
292	6.788320e-001	2.467720e-001	6.641200e-002	
293	6.763480e-001	2.491560e-001	6.651200e-002	
294	6.750800e-001	2.499680e-001	6.696800e-002	
295	6.751800e-001	2.496840e-001	6.715200e-002	
296	6.754080e-001	2.496160e-001	6.699200e-002	
297	6.755360e-001	2.488560e-001	6.762400e-002	
298	6.758400e-001	2.482640e-001	6.791200e-002	
299	6.759760e-001	2.489240e-001	6.711600e-002	
300	6.748200e-001	2.502560e-001	6.694000e-002	
301	6.744880e-001	2.491960e-001	6.833200e-002	
302	6.759000e-001	2.480160e-001	6.810000e-002	
303	6.767960e-001	2.468480e-001	6.837200e-002	
304	6.776720e-001	2.462000e-001	6.814400e-002	
305	6.788520e-001	2.459320e-001	6.723200e-002	
306	6.774160e-001	2.468800e-001	6.772000e-002	
307	6.771680e-001	2.469680e-001	6.788000e-002	
308	6.781760e-001	2.469080e-001	6.693200e-002	
309	6.768040e-001	2.483080e-001	6.690400e-002	
310	6.762880e-001	2.475320e-001	6.819600e-002	
311	6.768160e-001	2.477600e-001	6.744000e-002	
312	6.777360e-001	2.471080e-001	6.717200e-002	
313	6.768400e-001	2.484760e-001	6.670000e-002	
314	6.757120e-001	2.493880e-001	6.691600e-002	
315	6.747440e-001	2.502520e-001	6.702000e-002	
316	6.753600e-001	2.483480e-001	6.830800e-002	
317	6.758280e-001	2.488720e-001	6.731600e-002	
318	6.748640e-001	2.493280e-001	6.782400e-002	
319	6.743600e-001	2.503280e-001	6.732800e-002	
320	6.743360e-001	2.488960e-001	6.878400e-002	
321	6.757120e-001	2.484800e-001	6.782400e-002	
322	6.768080e-001	2.479080e-001	6.730000e-002	
323	6.766440e-001	2.484400e-001	6.693200e-002	
324	6.761520e-001	2.470560e-001	6.880800e-002	
325	6.774240e-001	2.465160e-001	6.807600e-002	
326	6.774120e-001	2.468720e-001	6.773200e-002	
327	6.767240e-001	2.478720e-001	6.742000e-002	
328	6.767360e-001	2.476920e-001	6.758800e-002	
329	6.762200e-001	2.477600e-001	6.803600e-002	
330	6.768720e-001	2.468680e-001	6.827600e-002	
331	6.766480e-001	2.472520e-001	6.811600e-002	
332	6.772640e-001	2.471280e-001	6.762400e-002	
333	6.771000e-001	2.467040e-001	6.821200e-002	
334	6.771760e-001	2.477120e-001	6.712800e-002	
335	6.764040e-001	2.481600e-001	6.745200e-002	
336	6.766520e-001	2.475080e-001	6.785600e-002	
337	6.780280e-001	2.462520e-001	6.773600e-002	
338	6.779480e-001	2.466600e-001	6.740800e-002	
339	6.776880e-001	2.473240e-001	6.700400e-002	
340	6.767400e-001	2.488120e-001	6.646400e-002	
341	6.757320e-001	2.508800e-001	6.540400e-002	
342	6.731160e-001	2.531760e-001	6.572400e-002	
343	6.719280e-001	2.534000e-001	6.668800e-002	
344	6.718000e-001	2.524800e-001	6.773600e-002	
345	6.721680e-001	2.522760e-001	6.757200e-002	
346	6.718840e-001	2.516960e-001	6.843600e-002	
347	6.728240e-001	2.510560e-001	6.813600e-002	
348	6.742080e-001	2.499360e-001	6.787200e-002	
349	6.749800e-001	2.486920e-001	6.834400e-002	
350	6.759080e-001	2.483880e-001	6.772000e-002	
351	6.759080e-001	2.492320e-001	6.687600e-002	
352	6.751360e-001	2.498320e-001	6.704800e-002	
353	6.750400e-001	2.497280e-001	6.724800e-002	
354	6.738400e-001	2.509320e-001	6.724400e-002	
355	6.731520e-001	2.514360e-001	6.742800e-002	
356	6.726360e-001	2.519440e-001	6.743600e-002	
357	6.734080e-001	2.503360e-001	6.827200e-002	
358	6.739360e-001	2.499640e-001	6.811600e-002	
359	6.737480e-001	2.502000e-001	6.806800e-002	
360	6.740200e-001	2.492920e-001	6.870400e-002	
361	6.758840e-001	2.467800e-001	6.935200e-002	
362	6.780800e-001	2.444400e-001	6.949600e-002	
363	6.799560e-001	2.434320e-001	6.862800e-002	
364	6.807960e-001	2.435320e-001	6.768800e-002	
365	6.793280e-001	2.456600e-001	6.702800e-002	
366	6.775640e-001	2.475720e-001	6.688000e-002	
367	6.763520e-001	2.493640e-001	6.630000e-002	
368	6.746920e-001	2.506840e-001	6.664000e-002	
369	6.741200e-001	2.507360e-001	6.716000e-002	
370	6.744640e-001	2.502800e-001	6.727200e-002	
371	6.741640e-001	2.500360e-001	6.781600e-002	
372	6.749800e-001	2.492840e-001	6.775200e-002	
373	6.748960e-001	2.487960e-001	6.832400e-002	
374	6.759000e-001	2.480200e-001	6.809600e-002	
375	6.763720e-001	2.479680e-001	6.767600e-002	
376	6.772680e-001	2.472240e-001	6.752400e-002	
377	6.764400e-001	2.487320e-001	6.684400e-002	
378	6.758720e-001	2.487200e-001	6.742400e-002	
379	6.756360e-001	2.486440e-001	6.773600e-002	
380	6.756000e-001	2.479560e-001	6.846000e-002	
381	6.775200e-001	2.462200e-001	6.827600e-002	
382	6.782600e-001	2.456400e-001	6.811600e-002	
383	6.781960e-001	2.475200e-001	6.630000e-002	
384	6.775600e-001	2.491960e-001	6.526000e-002	
385	6.758920e-001	2.517720e-001	6.435200e-002	
386	6.733920e-001	2.534920e-001	6.513200e-002	
387	6.721440e-001	2.538600e-001	6.601200e-002	
388	6.703240e-001	2.543040e-001	6.738800e-002	
389	6.695520e-001	2.540760e-001	6.838800e-002	
390	6.706120e-001	2.520720e-001	6.933200e-002	
391	6.725840e-001	2.498880e-001	6.954400e-002	
392	6.746600e-001	2.476160e-001	6.974000e-002	
393	6.765760e-001	2.467280e-001	6.871200e-002	
394	6.778400e-001	2.451280e-001	6.904800e-002	
395	6.795480e-001	2.448800e-001	6.758800e-002	
396	6.793920e-001	2.464120e-001	6.621200e-002	
397	6.779200e-001	2.487480e-001	6.534800e-002	
398	6.751560e-001	2.512480e-001	6.561200e-002	
399	6.729200e-001	2.525920e-001	6.650400e-002	
400	6.710720e-001	2.531840e-001	6.776000e-002	
401	6.720720e-001	2.512160e-001	6.872800e-002	
402	6.733840e-001	2.503640e-001	6.826800e-002	
403	6.746080e-001	2.487760e-001	6.863200e-002	
404	6.755080e-001	2.484280e-001	6.808000e-002	
405	6.761920e-001	2.481160e-001	6.770800e-002	
406	6.759600e-001	2.484880e-001	6.756800e-002	
407	6.752720e-001	2.488840e-001	6.786000e-002	
408	6.763280e-001	2.484320e-001	6.725600e-002	
409	6.765600e-001	2.485560e-001	6.690000e-002	
410	6.761160e-001	2.490240e-001	6.687600e-002	
411	6.762840e-001	2.484200e-001	6.731200e-002	
412	6.760200e-001	2.493600e-001	6.663600e-002	
413	6.748400e-001	2.505640e-001	6.661200e-002	
414	6.745520e-001	2.496360e-001	6.782800e-002	
415	6.750320e-001	2.490760e-001	6.790800e-002	
416	6.751040e-001	2.495400e-001	6.737200e-002	
417	6.747680e-001	2.502280e-001	6.702000e-002	
418	6.743760e-001	2.498880e-001	6.775200e-002	
419	6.745760e-001	2.491520e-001	6.828800e-002	
420	6.754400e-001	2.485920e-001	6.798400e-002	
421	6.758320e-001	2.472560e-001	6.892800e-002	
422	6.769160e-001	2.456880e-001	6.941200e-002	
423	6.776880e-001	2.469040e-001	6.742400e-002	
424	6.770760e-001	2.478840e-001	6.705600e-002	
425	6.762080e-001	2.487920e-001	6.701600e-002	
426	6.760000e-001	2.481880e-001	6.782800e-002	
427	6.755040e-001	2.482640e-001	6.824800e-002	
428	6.761880e-001	2.474840e-001	6.834400e-002	
429	6.777200e-001	2.458120e-001	6.848400e-002	
430	6.789200e-001	2.452400e-001	6.785600e-002	
431	6.788880e-001	2.461400e-001	6.698800e-002	
432	6.777080e-001	2.476240e-001	6.668400e-002	
433	6.771120e-001	2.468080e-001	6.809600e-002	
434	6.775360e-001	2.470240e-001	6.745600e-002	
435	6.774000e-001	2.475960e-001	6.702000e-002	
436	6.766720e-001	2.475200e-001	6.782400e-002	
437	6.767680e-001	2.469040e-001	6.834400e-002	
438	6.770840e-001	2.460320e-001	6.890000e-002	
439	6.779120e-001	2.455920e-001	6.851200e-002	
440	6.793880e-001	2.451120e-001	6.751600e-002	
441	6.788640e-001	2.467240e-001	6.642800e-002	
442	6.776880e-001	2.480200e-001	6.630800e-002	
443	6.760240e-001	2.500520e-001	6.594000e-002	
444	6.748520e-001	2.504920e-001	6.667200e-002	
445	6.740160e-001	2.517640e-001	6.623600e-002	
446	6.728840e-001	2.516560e-001	6.747600e-002	
447	6.733040e-001	2.513440e-001	6.736800e-002	
448	6.731440e-001	2.515720e-001	6.730000e-002	
449	6.733320e-001	2.511960e-001	6.748800e-002	
450	6.734320e-001	2.504720e-001	6.811200e-002	
451	6.734480e-001	2.511680e-001	6.740000e-002	
452	6.730200e-001	2.508960e-001	6.810000e-002	
453	6.741040e-001	2.500600e-001	6.785200e-002	
454	6.739760e-001	2.502000e-001	6.784000e-002	
455	6.735800e-001	2.509560e-001	6.748000e-002	
456	6.740720e-001	2.498840e-001	6.806000e-002	
457	6.749760e-001	2.486720e-001	6.836800e-002	
458	6.761800e-001	2.478480e-001	6.798800e-002	
459	6.770520e-001	2.464960e-001	6.846800e-002	
460	6.779520e-001	2.467240e-001	6.734000e-002	
461	6.772520e-001	2.470760e-001	6.768800e-002	
462	6.765480e-001	2.488480e-001	6.662000e-002	
463	6.750640e-001	2.506960e-001	6.625600e-002	
464	6.733320e-001	2.521600e-001	6.652400e-002	
465	6.723880e-001	2.524400e-001	6.718800e-002	
466	6.722320e-001	2.517800e-001	6.800400e-002	
467	6.725680e-001	2.511840e-001	6.826400e-002	
468	6.734360e-001	2.495880e-001	6.899200e-002	
469	6.748800e-001	2.481960e-001	6.894000e-002	
470	6.761760e-001	2.476040e-001	6.823600e-002	
471	6.771080e-001	2.472840e-001	6.762400e-002	
472	6.770360e-001	2.478640e-001	6.711600e-002	
473	6.757920e-001	2.506400e-001	6.558400e-002	
474	6.738760e-001	2.520400e-001	6.610000e-002	
475	6.724440e-001	2.527360e-001	6.683600e-002	
476	6.726400e-001	2.511480e-001	6.822800e-002	
477	6.740560e-001	2.495000e-001	6.846000e-002	
478	6.752200e-001	2.487840e-001	6.801200e-002	
479	6.756680e-001	2.476280e-001	6.872000e-002	
480	6.772680e-001	2.461120e-001	6.863600e-002	
481	6.778040e-001	2.453520e-001	6.886000e-002	
482	6.778160e-001	2.464160e-001	6.778400e-002	
483	6.773800e-001	2.470960e-001	6.754000e-002	
484	6.767600e-001	2.476920e-001	6.756400e-002	
485	6.763600e-001	2.485120e-001	6.714400e-002	
486	6.752000e-001	2.498000e-001	6.701600e-002	
487	6.751760e-001	2.499640e-001	6.687600e-002	
488	6.750080e-001	2.504200e-001	6.658800e-002	
489	6.740440e-001	2.511920e-001	6.678000e-002	
490	6.736960e-001	2.520440e-001	6.627600e-002	
491	6.718120e-001	2.536680e-001	6.653600e-002	
492	6.704400e-001	2.539280e-001	6.764800e-002	
493	6.714360e-001	2.526400e-001	6.794000e-002	
494	6.719920e-001	2.514880e-001	6.853600e-002	
495	6.738920e-001	2.495400e-001	6.858400e-002	
496	6.752160e-001	2.483120e-001	6.848800e-002	
497	6.764080e-001	2.470400e-001	6.856800e-002	
498	6.768080e-001	2.470960e-001	6.811200e-002	
499	6.769520e-001	2.476960e-001	6.736800e-002	
500	6.765040e-001	2.487880e-001	6.672400e-002	
501	6.755920e-001	2.505560e-001	6.586800e-002	
502	6.748720e-001	2.510440e-001	6.610000e-002	
503	6.732480e-001	2.524600e-001	6.630800e-002	
504	6.730800e-001	2.523960e-001	6.654000e-002	
505	6.728480e-001	2.521240e-001	6.704400e-002	
506	6.725720e-001	2.516400e-001	6.780400e-002	
507	6.737720e-001	2.505840e-001	6.766000e-002	
508	6.744680e-001	2.496120e-001	6.793600e-002	
509	6.755640e-001	2.486760e-001	6.777600e-002	
510	6.750720e-001	2.495400e-001	6.740400e-002	
511	6.753280e-001	2.488720e-001	6.781600e-002	
512	6.756800e-001	2.491760e-001	6.716000e-002	
513	6.753720e-001	2.494440e-001	6.720000e-002	
514	6.751640e-001	2.495840e-001	6.726800e-002	
515	6.751240e-001	2.503240e-001	6.656800e-002	
516	6.742080e-001	2.504840e-001	6.732400e-002	
517	6.746280e-001	2.498400e-001	6.754800e-002	
518	6.751160e-001	2.494760e-001	6.742400e-002	
519	6.742680e-001	2.502720e-001	6.747600e-002	
520	6.745560e-001	2.505040e-001	6.695600e-002	
521	6.745160e-001	2.501920e-001	6.730800e-002	
522	6.740360e-001	2.502240e-001	6.775600e-002	
523	6.753680e-001	2.492200e-001	6.742800e-002	
524	6.754280e-001	2.493200e-001	6.726800e-002	
525	6.753120e-001	2.500880e-001	6.661600e-002	
526	6.743040e-001	2.515240e-001	6.618800e-002	
527	6.733200e-001	2.525120e-001	6.618400e-002	
528	6.718000e-001	2.531640e-001	6.705200e-002	
529	6.715040e-001	2.532960e-001	6.721600e-002	
530	6.716760e-001	2.528080e-001	6.753200e-002	
531	6.721320e-001	2.520120e-001	6.787200e-002	
532	6.724480e-001	2.513560e-001	6.821200e-002	
533	6.737960e-001	2.500280e-001	6.819200e-002	
534	6.744680e-001	2.491600e-001	6.838800e-002	
535	6.754920e-001	2.486040e-001	6.792000e-002	
536	6.766880e-001	2.475920e-001	6.773600e-002	
537	6.768400e-001	2.484840e-001	6.669200e-002	
538	6.755560e-001	2.502200e-001	6.624000e-002	
539	6.737600e-001	2.509880e-001	6.726800e-002	
540	6.742120e-001	2.500800e-001	6.772400e-002	
541	6.740280e-001	2.508200e-001	6.716800e-002	
542	6.744560e-001	2.501480e-001	6.741200e-002	
543	6.742160e-001	2.495400e-001	6.826000e-002	
544	6.752760e-001	2.495040e-001	6.723600e-002	
545	6.748840e-001	2.501840e-001	6.694800e-002	
546	6.738880e-001	2.518840e-001	6.624400e-002	
547	6.730080e-001	2.519480e-001	6.706000e-002	
548	6.744440e-001	2.496320e-001	6.794000e-002	
549	6.748400e-001	2.488960e-001	6.828000e-002	
550	6.758280e-001	2.490920e-001	6.709600e-002	
551	6.752080e-001	2.502680e-001	6.654000e-002	
552	6.747520e-001	2.513600e-001	6.590400e-002	
553	6.728000e-001	2.525960e-001	6.662000e-002	
554	6.716200e-001	2.532400e-001	6.715600e-002	
555	6.710680e-001	2.527560e-001	6.819200e-002	
556	6.720440e-001	2.510800e-001	6.889200e-002	
557	6.740160e-001	2.487640e-001	6.923600e-002	
558	6.764480e-001	2.465760e-001	6.899200e-002	
559	6.772000e-001	2.470240e-001	6.779200e-002	
560	6.760360e-001	2.478840e-001	6.809600e-002	
561	6.773280e-001	2.471800e-001	6.750800e-002	
562	6.778960e-001	2.475200e-001	6.660000e-002	
563	6.759080e-001	2.498480e-001	6.626000e-002	
564	6.740200e-001	2.510080e-001	6.698800e-002	
565	6.734360e-001	2.514240e-001	6.715600e-002	
566	6.741400e-001	2.504800e-001	6.739600e-002	
567	6.748280e-001	2.496440e-001	6.754400e-002	
568	6.746320e-001	2.499360e-001	6.744800e-002	
569	6.740640e-001	2.499720e-001	6.798000e-002	
570	6.744320e-001	2.492480e-001	6.833600e-002	
571	6.758080e-001	2.482440e-001	6.796400e-002	
572	6.750240e-001	2.491360e-001	6.785600e-002	
573	6.753040e-001	2.486840e-001	6.802800e-002	
574	6.759560e-001	2.483520e-001	6.770800e-002	
575	6.769480e-001	2.479400e-001	6.712800e-002	
576	6.770520e-001	2.471200e-001	6.784400e-002	
577	6.774160e-001	2.476200e-001	6.698000e-002	
578	6.772520e-001	2.469160e-001	6.784800e-002	
579	6.767920e-001	2.482480e-001	6.697600e-002	
580	6.767960e-001	2.477520e-001	6.746800e-002	
581	6.765880e-001	2.475520e-001	6.787600e-002	
582	6.765000e-001	2.475480e-001	6.796800e-002	
583	6.774960e-001	2.463440e-001	6.817600e-002	
584	6.775040e-001	2.473200e-001	6.719200e-002	
585	6.763840e-001	2.488560e-001	6.677600e-002	
586	6.754920e-001	2.503040e-001	6.622000e-002	
587	6.749640e-001	2.495400e-001	6.751200e-002	
588	6.744520e-001	2.501160e-001	6.744800e-002	
589	6.742200e-001	2.500720e-001	6.772400e-002	
590	6.741880e-001	2.488240e-001	6.900400e-002	
591	6.754600e-001	2.471280e-001	6.942800e-002	
592	6.774720e-001	2.459520e-001	6.859200e-002	
593	6.785000e-001	2.457480e-001	6.776800e-002	
594	6.785760e-001	2.459600e-001	6.748000e-002	
595	6.788400e-001	2.470360e-001	6.614000e-002	
596	6.775200e-001	2.490720e-001	6.542400e-002	
597	6.753120e-001	2.518600e-001	6.484400e-002	
598	6.726080e-001	2.542680e-001	6.514000e-002	
599	6.702640e-001	2.557160e-001	6.603600e-002	
600	6.697960e-001	2.545080e-001	6.771200e-002	
601	6.703320e-001	2.527440e-001	6.894000e-002	
602	6.727440e-001	2.493960e-001	6.987600e-002	
603	6.755040e-001	2.465680e-001	6.994400e-002	
604	6.773560e-001	2.455640e-001	6.909600e-002	
605	6.780920e-001	2.459360e-001	6.798800e-002	
606	6.778040e-001	2.465600e-001	6.765200e-002	
607	6.785800e-001	2.456840e-001	6.775200e-002	
608	6.775720e-001	2.472920e-001	6.715200e-002	
609	6.762480e-001	2.501880e-001	6.558000e-002	
610	6.744440e-001	2.522560e-001	6.531600e-002	
611	6.717200e-001	2.541800e-001	6.611600e-002	
612	6.708800e-001	2.533280e-001	6.780800e-002	
613	6.708280e-001	2.518640e-001	6.932400e-002	
614	6.732760e-001	2.484040e-001	7.033600e-002	
615	6.757680e-001	2.462320e-001	7.001600e-002	
616	6.779800e-001	2.445120e-001	6.952400e-002	
617	6.801320e-001	2.424240e-001	6.946000e-002	
618	6.805600e-001	2.436440e-001	6.781200e-002	
619	6.808840e-001	2.441240e-001	6.700800e-002	
620	6.802480e-001	2.452800e-001	6.648800e-002	
621	6.789400e-001	2.478120e-001	6.526400e-002	
622	6.764680e-001	2.498800e-001	6.566800e-002	
623	6.740040e-001	2.522440e-001	6.576800e-002	
624	6.725760e-001	2.523760e-001	6.706400e-002	
625	6.724000e-001	2.527840e-001	6.683200e-002	
626	6.721200e-001	2.518160e-001	6.808000e-002	
627	6.726120e-001	2.506240e-001	6.878000e-002	
628	6.749560e-001	2.479520e-001	6.910800e-002	
629	6.769080e-001	2.459360e-001	6.917200e-002	
630	6.779520e-001	2.448960e-001	6.916800e-002	
631	6.788560e-001	2.442960e-001	6.886400e-002	
632	6.803960e-001	2.443960e-001	6.722400e-002	
633	6.792280e-001	2.464240e-001	6.636400e-002	
634	6.786000e-001	2.466520e-001	6.676400e-002	
635	6.772080e-001	2.485160e-001	6.629200e-002	
636	6.751560e-001	2.510800e-001	6.578000e-002	
637	6.735560e-001	2.516680e-001	6.679200e-002	
638	6.714280e-001	2.528600e-001	6.772800e-002	
639	6.727880e-001	2.503840e-001	6.884400e-002	
640	6.746600e-001	2.489840e-001	6.837200e-002	
641	6.757480e-001	2.469520e-001	6.931600e-002	
642	6.770760e-001	2.454400e-001	6.950000e-002	
643	6.781520e-001	2.451600e-001	6.870400e-002	
644	6.792360e-001	2.449680e-001	6.781200e-002	
645	6.792680e-001	2.456400e-001	6.710800e-002	
646	6.783800e-001	2.467240e-001	6.691200e-002	
647	6.770040e-001	2.481480e-001	6.686400e-002	
648	6.758320e-001	2.492000e-001	6.698400e-002	
649	6.746720e-001	2.516440e-001	6.570000e-002	
650	6.726880e-001	2.528040e-001	6.652400e-002	
651	6.722720e-001	2.526520e-001	6.709200e-002	
652	6.722520e-001	2.520520e-001	6.771200e-002	
653	6.727920e-001	2.510000e-001	6.822400e-002	
654	6.738320e-001	2.491160e-001	6.906800e-002	
655	6.759080e-001	2.466400e-001	6.946800e-002	
656	6.779560e-001	2.458600e-001	6.820000e-002	
657	6.786560e-001	2.454960e-001	6.786400e-002	
658	6.784040e-001	2.465160e-001	6.709600e-002	
659	6.776080e-001	2.474480e-001	6.696000e-002	
660	6.763320e-001	2.488640e-001	6.682000e-002	
661	6.758720e-001	2.505800e-001	6.556400e-002	
662	6.738000e-001	2.521360e-001	6.608000e-002	
663	6.720600e-001	2.534080e-001	6.654800e-002	
664	6.717280e-001	2.531040e-001	6.718400e-002	
665	6.720800e-001	2.520400e-001	6.789600e-002	
666	6.729480e-001	2.513480e-001	6.772000e-002	
667	6.727800e-001	2.502200e-001	6.901600e-002	
668	6.744720e-001	2.492960e-001	6.824800e-002	
669	6.763800e-001	2.468560e-001	6.878000e-002	
670	6.776920e-001	2.461400e-001	6.818400e-002	
671	6.784640e-001	2.460440e-001	6.750800e-002	
672	6.783040e-001	2.472320e-001	6.648000e-002	
673	6.771960e-001	2.489160e-001	6.590400e-002	
674	6.757560e-001	2.501840e-001	6.607600e-002	
675	6.743760e-001	2.511960e-001	6.644400e-002	
676	6.740040e-001	2.514280e-001	6.658400e-002	
677	6.733520e-001	2.521200e-001	6.654400e-002	
678	6.730480e-001	2.510560e-001	6.791200e-002	
679	6.731520e-001	2.512520e-001	6.761200e-002	
680	6.736880e-001	2.502720e-001	6.805600e-002	
681	6.746800e-001	2.490680e-001	6.826800e-002	
682	6.761240e-001	2.479280e-001	6.796400e-002	
683	6.756120e-001	2.485160e-001	6.788800e-002	
684	6.749720e-001	2.498440e-001	6.720000e-002	
685	6.744840e-001	2.498360e-001	6.769600e-002	
686	6.745560e-001	2.495040e-001	6.795600e-002	
687	6.742160e-001	2.495240e-001	6.827600e-002	
688	6.753000e-001	2.484560e-001	6.826000e-002	
689	6.758240e-001	2.481400e-001	6.805200e-002	
690	6.766960e-001	2.467280e-001	6.859200e-002	
691	6.780120e-001	2.459760e-001	6.802800e-002	
692	6.778480e-001	2.467000e-001	6.746800e-002	
693	6.769560e-001	2.475840e-001	6.747600e-002	
694	6.762760e-001	2.487280e-001	6.701200e-002	
695	6.755240e-001	2.486840e-001	6.780800e-002	
696	6.759600e-001	2.488480e-001	6.720800e-002	
697	6.744680e-001	2.495880e-001	6.796000e-002	
698	6.745120e-001	2.490800e-001	6.842400e-002	
699	6.752200e-001	2.486920e-001	6.810400e-002	
700	6.759600e-001	2.479960e-001	6.806000e-002	
701	6.774920e-001	2.462400e-001	6.828400e-002	
702	6.780080e-001	2.458120e-001	6.819600e-002	
703	6.776760e-001	2.468560e-001	6.748400e-002	
704	6.766000e-001	2.484560e-001	6.696000e-002	
705	6.757480e-001	2.490800e-001	6.718800e-002	
706	6.753240e-001	2.489360e-001	6.775600e-002	
707	6.746400e-001	2.495640e-001	6.781200e-002	
708	6.742680e-001	2.491520e-001	6.859600e-002	
709	6.751880e-001	2.480440e-001	6.878400e-002	
710	6.762760e-001	2.471240e-001	6.861600e-002	
711	6.771400e-001	2.473160e-001	6.756000e-002	
712	6.773360e-001	2.475360e-001	6.714400e-002	
713	6.771160e-001	2.489400e-001	6.596000e-002	
714	6.756040e-001	2.499160e-001	6.649600e-002	
715	6.748800e-001	2.496480e-001	6.748800e-002	
716	6.748760e-001	2.495120e-001	6.762800e-002	
717	6.747280e-001	2.486560e-001	6.863200e-002	
718	6.758560e-001	2.472320e-001	6.892800e-002	
719	6.765040e-001	2.474640e-001	6.804800e-002	
720	6.775840e-001	2.462800e-001	6.815200e-002	
721	6.781400e-001	2.455480e-001	6.832800e-002	
722	6.779280e-001	2.464040e-001	6.768400e-002	
723	6.781280e-001	2.458840e-001	6.800400e-002	
724	6.785520e-001	2.451160e-001	6.834800e-002	
725	6.783640e-001	2.459240e-001	6.772800e-002	
726	6.776600e-001	2.465080e-001	6.784800e-002	
727	6.774480e-001	2.464880e-001	6.808000e-002	
728	6.771080e-001	2.467040e-001	6.820400e-002	
729	6.774280e-001	2.463000e-001	6.828800e-002	
730	6.774680e-001	2.471120e-001	6.743600e-002	
731	6.766040e-001	2.487400e-001	6.667200e-002	
732	6.759760e-001	2.494880e-001	6.655200e-002	
733	6.741360e-001	2.518240e-001	6.605600e-002	
734	6.722000e-001	2.520160e-001	6.780000e-002	
735	6.731520e-001	2.508640e-001	6.800000e-002	
736	6.736720e-001	2.510840e-001	6.726000e-002	
737	6.737280e-001	2.507480e-001	6.754000e-002	
738	6.736640e-001	2.500840e-001	6.826800e-002	
739	6.744360e-001	2.501080e-001	6.747200e-002	
740	6.737120e-001	2.508000e-001	6.750400e-002	
741	6.739120e-001	2.508640e-001	6.724000e-002	
742	6.741840e-001	2.499280e-001	6.790400e-002	
743	6.743160e-001	2.506680e-001	6.703200e-002	
744	6.741320e-001	2.498080e-001	6.807600e-002	
745	6.741160e-001	2.500400e-001	6.786000e-002	
746	6.747000e-001	2.488520e-001	6.846400e-002	
747	6.755080e-001	2.484440e-001	6.806400e-002	
748	6.758960e-001	2.490200e-001	6.710000e-002	
749	6.751720e-001	2.493920e-001	6.745200e-002	
750	6.748400e-001	2.503520e-001	6.682400e-002	
751	6.745880e-001	2.491040e-001	6.832400e-002	
752	6.751920e-001	2.485320e-001	6.829200e-002	
753	6.763480e-001	2.480920e-001	6.757600e-002	
754	6.755080e-001	2.484880e-001	6.802000e-002	
755	6.758640e-001	2.474520e-001	6.870000e-002	
756	6.771960e-001	2.473440e-001	6.747600e-002	
757	6.777360e-001	2.467080e-001	6.757200e-002	
758	6.774480e-001	2.469280e-001	6.764000e-002	
759	6.777320e-001	2.470240e-001	6.726000e-002	
760	6.758440e-001	2.495360e-001	6.663600e-002	
761	6.741200e-001	2.505680e-001	6.732800e-002	
762	6.739000e-001	2.503720e-001	6.774400e-002	
763	6.738720e-001	2.496400e-001	6.850400e-002	
764	6.747840e-001	2.484320e-001	6.880000e-002	
765	6.752240e-001	2.488200e-001	6.797200e-002	
766	6.751280e-001	2.489400e-001	6.794800e-002	
767	6.757360e-001	2.476760e-001	6.860400e-002	
768	6.765840e-001	2.479400e-001	6.749200e-002	
769	6.765360e-001	2.479800e-001	6.750000e-002	
770	6.763160e-001	2.489760e-001	6.672400e-002	
771	6.760960e-001	2.497440e-001	6.617600e-002	
772	6.748760e-001	2.504080e-001	6.673200e-002	
773	6.741280e-001	2.510840e-001	6.680400e-002	
774	6.736040e-001	2.514480e-001	6.696400e-002	
775	6.728200e-001	2.517640e-001	6.743200e-002	
776	6.736560e-001	2.518760e-001	6.648400e-002	
777	6.734880e-001	2.512400e-001	6.728800e-002	
778	6.734720e-001	2.509800e-001	6.756400e-002	
779	6.744200e-001	2.493800e-001	6.821600e-002	
780	6.752440e-001	2.490880e-001	6.768400e-002	
781	6.749800e-001	2.498400e-001	6.719600e-002	
782	6.748040e-001	2.499200e-001	6.729200e-002	
783	6.745640e-001	2.508120e-001	6.664000e-002	
784	6.738160e-001	2.512000e-001	6.700000e-002	
785	6.726080e-001	2.521040e-001	6.730400e-002	
786	6.728480e-001	2.508520e-001	6.831600e-002	
787	6.736800e-001	2.507160e-001	6.762000e-002	
788	6.737960e-001	2.492320e-001	6.898800e-002	
789	6.749000e-001	2.473920e-001	6.972400e-002	
790	6.769640e-001	2.460240e-001	6.902800e-002	
791	6.783680e-001	2.459640e-001	6.768400e-002	
792	6.780800e-001	2.460040e-001	6.793200e-002	
793	6.775640e-001	2.468440e-001	6.760800e-002	
794	6.780480e-001	2.466320e-001	6.733600e-002	
795	6.772920e-001	2.479000e-001	6.682400e-002	
796	6.765160e-001	2.484960e-001	6.700400e-002	
797	6.757200e-001	2.496840e-001	6.661200e-002	
798	6.737000e-001	2.513040e-001	6.701200e-002	
799	6.742760e-001	2.499120e-001	6.782800e-002	
800	6.741640e-001	2.499880e-001	6.786400e-002	
801	6.748440e-001	2.490200e-001	6.815200e-002	
802	6.752920e-001	2.485600e-001	6.816400e-002	
803	6.758520e-001	2.483040e-001	6.786000e-002	
804	6.766920e-001	2.476320e-001	6.769200e-002	
805	6.764760e-001	2.476280e-001	6.791200e-002	
806	6.769960e-001	2.464320e-001	6.858800e-002	
807	6.772720e-001	2.459760e-001	6.876800e-002	
808	6.773800e-001	2.464080e-001	6.822800e-002	
809	6.775640e-001	2.460720e-001	6.838000e-002	
810	6.782320e-001	2.457600e-001	6.802400e-002	
811	6.784840e-001	2.447720e-001	6.876000e-002	
812	6.793880e-001	2.451520e-001	6.747600e-002	
813	6.792960e-001	2.452480e-001	6.747200e-002	
814	6.783240e-001	2.458840e-001	6.780800e-002	
815	6.784600e-001	2.463160e-001	6.724000e-002	
816	6.781760e-001	2.459920e-001	6.784800e-002	
817	6.785680e-001	2.461120e-001	6.733600e-002	
818	6.776240e-001	2.469080e-001	6.748400e-002	
819	6.774640e-001	2.481560e-001	6.639600e-002	
820	6.763040e-001	2.485840e-001	6.712800e-002	
821	6.757560e-001	2.495480e-001	6.671200e-002	
822	6.757720e-001	2.495240e-001	6.672000e-002	
823	6.757520e-001	2.492520e-001	6.701200e-002	
824	6.760840e-001	2.487840e-001	6.714800e-002	
825	6.750640e-001	2.500040e-001	6.694800e-002	
826	6.752000e-001	2.498480e-001	6.696800e-002	
827	6.745560e-001	2.504480e-001	6.701200e-002	
828	6.743320e-001	2.509120e-001	6.677200e-002	
829	6.730480e-001	2.516680e-001	6.730000e-002	
830	6.721360e-001	2.516520e-001	6.822800e-002	
831	6.733080e-001	2.501080e-001	6.860000e-002	
832	6.756040e-001	2.477840e-001	6.862800e-002	
833	6.772960e-001	2.451960e-001	6.952400e-002	
834	6.788080e-001	2.448840e-001	6.832400e-002	
835	6.792640e-001	2.450720e-001	6.768000e-002	
836	6.786840e-001	2.461160e-001	6.721600e-002	
837	6.777480e-001	2.480640e-001	6.620400e-002	
838	6.764800e-001	2.494960e-001	6.604000e-002	
839	6.752280e-001	2.501840e-001	6.660400e-002	
840	6.753480e-001	2.492800e-001	6.738800e-002	
841	6.755840e-001	2.494000e-001	6.703200e-002	
842	6.752840e-001	2.485640e-001	6.816800e-002	
843	6.754680e-001	2.480600e-001	6.848800e-002	
844	6.763840e-001	2.476520e-001	6.798000e-002	
845	6.771040e-001	2.472240e-001	6.768800e-002	
846	6.767800e-001	2.483680e-001	6.686800e-002	
847	6.758280e-001	2.493680e-001	6.682000e-002	
848	6.739320e-001	2.515520e-001	6.653200e-002	
849	6.734960e-001	2.511760e-001	6.734400e-002	
850	6.731640e-001	2.511760e-001	6.767600e-002	
851	6.744400e-001	2.498240e-001	6.775200e-002	
852	6.748360e-001	2.494680e-001	6.771200e-002	
853	6.754320e-001	2.485880e-001	6.799600e-002	
854	6.758280e-001	2.491360e-001	6.705200e-002	
855	6.752400e-001	2.502880e-001	6.648800e-002	
856	6.747960e-001	2.495840e-001	6.763600e-002	
857	6.752320e-001	2.489960e-001	6.778800e-002	
858	6.751760e-001	2.495200e-001	6.732000e-002	
859	6.752240e-001	2.494120e-001	6.738000e-002	
860	6.746400e-001	2.497600e-001	6.761600e-002	
861	6.737720e-001	2.499480e-001	6.829600e-002	
862	6.749640e-001	2.481880e-001	6.886400e-002	
863	6.767960e-001	2.460240e-001	6.919600e-002	
864	6.782280e-001	2.447800e-001	6.900800e-002	
865	6.795960e-001	2.442520e-001	6.816800e-002	
866	6.805320e-001	2.441440e-001	6.734000e-002	
867	6.792760e-001	2.462960e-001	6.644400e-002	
868	6.776840e-001	2.476880e-001	6.664400e-002	
869	6.760920e-001	2.491880e-001	6.673600e-002	
870	6.752600e-001	2.500920e-001	6.666400e-002	
871	6.740000e-001	2.509400e-001	6.707600e-002	
872	6.745600e-001	2.504600e-001	6.699600e-002	
873	6.737360e-001	2.513240e-001	6.695600e-002	
874	6.736760e-001	2.514480e-001	6.689200e-002	
875	6.727200e-001	2.523440e-001	6.695200e-002	
876	6.723400e-001	2.521080e-001	6.756800e-002	
877	6.721880e-001	2.519360e-001	6.789200e-002	
878	6.737840e-001	2.499080e-001	6.832400e-002	
879	6.756160e-001	2.488120e-001	6.758800e-002	
880	6.756960e-001	2.491960e-001	6.712400e-002	
881	6.758400e-001	2.485560e-001	6.762000e-002	
882	6.762960e-001	2.488320e-001	6.688800e-002	
883	6.763920e-001	2.488000e-001	6.682400e-002	
884	6.758600e-001	2.483400e-001	6.781600e-002	
885	6.761200e-001	2.483120e-001	6.758400e-002	
886	6.771800e-001	2.479960e-001	6.684000e-002	
887	6.761320e-001	2.492800e-001	6.660400e-002	
888	6.743120e-001	2.496840e-001	6.802000e-002	
889	6.745280e-001	2.490240e-001	6.846400e-002	
890	6.748920e-001	2.488440e-001	6.828000e-002	
891	6.772320e-001	2.473720e-001	6.741200e-002	
892	6.770480e-001	2.487160e-001	6.625200e-002	
893	6.752960e-001	2.497080e-001	6.701200e-002	
894	6.744920e-001	2.505480e-001	6.697600e-002	
895	6.736480e-001	2.510440e-001	6.732400e-002	
896	6.732840e-001	2.502760e-001	6.845600e-002	
897	6.741600e-001	2.492680e-001	6.858800e-002	
898	6.746160e-001	2.484960e-001	6.890400e-002	
899	6.761920e-001	2.471640e-001	6.866000e-002	
900	6.775480e-001	2.463720e-001	6.809600e-002	
901	6.777520e-001	2.463440e-001	6.792000e-002	
902	6.782840e-001	2.459040e-001	6.782800e-002	
903	6.780720e-001	2.461280e-001	6.781600e-002	
904	6.793760e-001	2.458080e-001	6.683200e-002	
905	6.790600e-001	2.459840e-001	6.697200e-002	
906	6.779960e-001	2.474280e-001	6.659200e-002	
907	6.771720e-001	2.476280e-001	6.721600e-002	
908	6.765280e-001	2.480080e-001	6.748000e-002	
909	6.763760e-001	2.482560e-001	6.738400e-002	
910	6.754640e-001	2.485240e-001	6.802800e-002	
911	6.756480e-001	2.485360e-001	6.783200e-002	
912	6.762600e-001	2.474920e-001	6.826400e-002	
913	6.772760e-001	2.460400e-001	6.870000e-002	
914	6.785480e-001	2.452960e-001	6.817200e-002	
915	6.786160e-001	2.464600e-001	6.694000e-002	
916	6.769480e-001	2.473960e-001	6.767200e-002	
917	6.766320e-001	2.481920e-001	6.719200e-002	
918	6.763680e-001	2.478960e-001	6.775200e-002	
919	6.764240e-001	2.477080e-001	6.788400e-002	
920	6.772440e-001	2.477160e-001	6.705600e-002	
921	6.768680e-001	2.473680e-001	6.778000e-002	
922	6.774400e-001	2.470560e-001	6.752000e-002	
923	6.767560e-001	2.475280e-001	6.773200e-002	
924	6.765880e-001	2.476280e-001	6.780000e-002	
925	6.767520e-001	2.473240e-001	6.794000e-002	
926	6.774800e-001	2.474000e-001	6.713600e-002	
927	6.763640e-001	2.489840e-001	6.666800e-002	
928	6.757440e-001	2.501160e-001	6.615600e-002	
929	6.747520e-001	2.507840e-001	6.648000e-002	
930	6.746680e-001	2.507160e-001	6.663200e-002	
931	6.739000e-001	2.516200e-001	6.649600e-002	
932	6.719920e-001	2.529080e-001	6.711600e-002	
933	6.723960e-001	2.515440e-001	6.807600e-002	
934	6.735800e-001	2.500080e-001	6.842800e-002	
935	6.750400e-001	2.484960e-001	6.848000e-002	
936	6.762520e-001	2.478800e-001	6.788400e-002	
937	6.770320e-001	2.458800e-001	6.910400e-002	
938	6.785960e-001	2.448560e-001	6.856400e-002	
939	6.795320e-001	2.457280e-001	6.675600e-002	
940	6.782440e-001	2.482600e-001	6.551200e-002	
941	6.764440e-001	2.483840e-001	6.718800e-002	
942	6.765680e-001	2.487240e-001	6.672400e-002	
943	6.766720e-001	2.488680e-001	6.647600e-002	
944	6.762520e-001	2.490920e-001	6.667200e-002	
945	6.751360e-001	2.497960e-001	6.708400e-002	
946	6.756040e-001	2.494160e-001	6.699600e-002	
947	6.749320e-001	2.500160e-001	6.706800e-002	
948	6.750640e-001	2.491640e-001	6.778800e-002	
949	6.744800e-001	2.499040e-001	6.763200e-002	
950	6.742720e-001	2.504600e-001	6.728400e-002	
951	6.739880e-001	2.499080e-001	6.812000e-002	
952	6.743760e-001	2.489240e-001	6.871600e-002	
953	6.763680e-001	2.468360e-001	6.881200e-002	
954	6.775280e-001	2.463920e-001	6.809600e-002	
955	6.780160e-001	2.467960e-001	6.720400e-002	
956	6.768760e-001	2.491400e-001	6.600000e-002	
957	6.750120e-001	2.503960e-001	6.660800e-002	
958	6.747640e-001	2.497680e-001	6.748400e-002	
959	6.757280e-001	2.492080e-001	6.708000e-002	
960	6.750400e-001	2.502040e-001	6.677200e-002	
961	6.740720e-001	2.514680e-001	6.647600e-002	
962	6.739360e-001	2.506760e-001	6.740400e-002	
963	6.741080e-001	2.503440e-001	6.756400e-002	
964	6.739840e-001	2.503720e-001	6.766000e-002	
965	6.741760e-001	2.501760e-001	6.766400e-002	
966	6.740120e-001	2.496360e-001	6.836800e-002	
967	6.756640e-001	2.484720e-001	6.788000e-002	
968	6.753280e-001	2.490160e-001	6.767200e-002	
969	6.759800e-001	2.488600e-001	6.717600e-002	
970	6.753920e-001	2.488560e-001	6.776800e-002	
971	6.762560e-001	2.484880e-001	6.727200e-002	
972	6.757200e-001	2.498280e-001	6.646800e-002	
973	6.752840e-001	2.498480e-001	6.688400e-002	
974	6.749840e-001	2.488640e-001	6.816800e-002	
975	6.757480e-001	2.473600e-001	6.890800e-002	
976	6.772840e-001	2.458560e-001	6.887600e-002	
977	6.787920e-001	2.450160e-001	6.820800e-002	
978	6.795680e-001	2.447480e-001	6.770000e-002	
979	6.799320e-001	2.456000e-001	6.648400e-002	
980	6.787360e-001	2.470240e-001	6.625600e-002	
981	6.781160e-001	2.475720e-001	6.632800e-002	
982	6.773520e-001	2.489520e-001	6.571200e-002	
983	6.759000e-001	2.491800e-001	6.693600e-002	
984	6.755200e-001	2.496160e-001	6.688000e-002	
985	6.756200e-001	2.496040e-001	6.679200e-002	
986	6.750400e-001	2.499640e-001	6.701200e-002	
987	6.745400e-001	2.500720e-001	6.740400e-002	
988	6.735680e-001	2.508200e-001	6.762800e-002	
989	6.740320e-001	2.499040e-001	6.808000e-002	
990	6.751680e-001	2.481600e-001	6.868800e-002	
991	6.766840e-001	2.472440e-001	6.808800e-002	
992	6.770560e-001	2.470600e-001	6.790000e-002	
993	6.780240e-001	2.460360e-001	6.795600e-002	
994	6.779040e-001	2.456080e-001	6.850400e-002	
995	6.794720e-001	2.445960e-001	6.794800e-002	
996	6.788840e-001	2.458760e-001	6.725600e-002	
997	6.782760e-001	2.465280e-001	6.721200e-002	
998	6.770680e-001	2.479800e-001	6.696800e-002	
999	6.763480e-001	2.486000e-001	6.706800e-002	
1000	6.761680e-001	2.487080e-001	6.714000e-002	
1001	6.751240e-001	2.497880e-001	6.710400e-002	
