1	0	
2	0	
3	0	
4	0	
5	0	
6	0	
7	0	
8	0	
9	0	
10	0	
11	0	
12	0	
13	0	
14	0	
15	0	
16	0	
17	0	
18	0	
19	0	
20	0	
21	0	
22	0	
23	0	
24	0	
25	0	
26	0	
27	2.500000e-005	
28	5.000000e-005	
29	7.500000e-005	
30	2.000000e-004	
31	1.500000e-004	
32	7.500000e-005	
33	1.750000e-004	
34	1.750000e-004	
35	1.500000e-004	
36	2.000000e-004	
37	7.500000e-005	
38	5.000000e-005	
39	1.000000e-004	
40	1.750000e-004	
41	2.000000e-004	
42	2.000000e-004	
43	1.750000e-004	
44	1.750000e-004	
45	7.500000e-005	
46	7.500000e-005	
47	5.000000e-005	
48	7.500000e-005	
49	1.000000e-004	
50	2.000000e-004	
51	2.250000e-004	
52	2.000000e-004	
53	1.500000e-004	
54	3.000000e-004	
55	3.250000e-004	
56	2.000000e-004	
57	2.250000e-004	
58	2.250000e-004	
59	1.500000e-004	
60	7.500000e-005	
61	1.250000e-004	
62	1.750000e-004	
63	1.500000e-004	
64	2.250000e-004	
65	1.500000e-004	
66	2.000000e-004	
67	1.250000e-004	
68	1.500000e-004	
69	1.250000e-004	
70	2.000000e-004	
71	1.500000e-004	
72	1.750000e-004	
73	2.250000e-004	
74	2.000000e-004	
75	1.000000e-004	
76	0	
77	0	
78	0	
79	0	
80	0	
81	0	
82	0	
83	0	
84	0	
85	0	
86	0	
87	0	
88	0	
89	0	
90	0	
91	0	
92	0	
93	0	
94	0	
95	0	
96	0	
97	0	
98	0	
99	0	
100	0	
101	0	
102	0	
103	0	
104	0	
105	0	
106	0	
107	2.500000e-005	
108	7.500000e-005	
109	7.500000e-005	
110	1.250000e-004	
111	2.000000e-004	
112	1.000000e-004	
113	1.250000e-004	
114	5.000000e-005	
115	7.500000e-005	
116	1.500000e-004	
117	1.000000e-004	
118	1.500000e-004	
119	1.750000e-004	
120	1.000000e-004	
121	1.750000e-004	
122	1.500000e-004	
123	1.500000e-004	
124	1.500000e-004	
125	1.500000e-004	
126	1.500000e-004	
127	1.250000e-004	
128	7.500000e-005	
129	7.500000e-005	
130	7.500000e-005	
131	1.500000e-004	
132	1.750000e-004	
133	5.000000e-005	
134	5.000000e-005	
135	1.000000e-004	
136	1.000000e-004	
137	2.500000e-004	
138	3.250000e-004	
139	2.500000e-004	
140	2.500000e-004	
141	2.500000e-004	
142	2.500000e-004	
143	3.250000e-004	
144	4.000000e-004	
145	3.750000e-004	
146	3.500000e-004	
147	3.250000e-004	
148	2.750000e-004	
149	3.000000e-004	
150	4.250000e-004	
151	3.250000e-004	
152	3.750000e-004	
153	3.750000e-004	
154	4.250000e-004	
155	4.250000e-004	
156	3.500000e-004	
157	4.250000e-004	
158	5.250000e-004	
159	4.250000e-004	
160	5.000000e-004	
161	5.750000e-004	
162	5.750000e-004	
163	5.750000e-004	
164	6.000000e-004	
165	7.000000e-004	
166	5.750000e-004	
167	5.250000e-004	
168	4.750000e-004	
169	6.000000e-004	
170	7.250000e-004	
171	7.750000e-004	
172	9.250000e-004	
173	9.750000e-004	
174	1.100000e-003	
175	9.000000e-004	
176	8.250000e-004	
177	9.000000e-004	
178	8.500000e-004	
179	9.500000e-004	
180	7.750000e-004	
181	8.750000e-004	
182	9.500000e-004	
183	1.200000e-003	
184	1.100000e-003	
185	1.300000e-003	
186	1.225000e-003	
187	1.025000e-003	
188	9.750000e-004	
189	8.000000e-004	
190	8.250000e-004	
191	8.750000e-004	
192	8.500000e-004	
193	8.750000e-004	
194	8.250000e-004	
195	8.250000e-004	
196	7.500000e-004	
197	7.750000e-004	
198	5.750000e-004	
199	5.000000e-004	
200	4.750000e-004	
201	6.000000e-004	
202	7.750000e-004	
203	8.000000e-004	
204	8.750000e-004	
205	8.500000e-004	
206	8.250000e-004	
207	9.500000e-004	
208	7.750000e-004	
209	6.000000e-004	
210	6.500000e-004	
211	6.500000e-004	
212	6.750000e-004	
213	7.500000e-004	
214	9.000000e-004	
215	8.250000e-004	
216	7.250000e-004	
217	8.250000e-004	
218	8.500000e-004	
219	8.750000e-004	
220	8.250000e-004	
221	1.050000e-003	
222	9.750000e-004	
223	8.750000e-004	
224	9.250000e-004	
225	8.000000e-004	
226	7.500000e-004	
227	8.000000e-004	
228	7.500000e-004	
229	9.250000e-004	
230	9.250000e-004	
231	1.400000e-003	
232	1.350000e-003	
233	1.225000e-003	
234	1.300000e-003	
235	1.450000e-003	
236	1.600000e-003	
237	1.300000e-003	
238	1.250000e-003	
239	1.275000e-003	
240	1.450000e-003	
241	1.275000e-003	
242	1.300000e-003	
243	1.375000e-003	
244	1.200000e-003	
245	1.475000e-003	
246	1.625000e-003	
247	1.700000e-003	
248	1.400000e-003	
249	1.275000e-003	
250	1.300000e-003	
251	1.425000e-003	
252	1.575000e-003	
253	1.275000e-003	
254	1.350000e-003	
255	1.350000e-003	
256	1.175000e-003	
257	1.300000e-003	
258	1.275000e-003	
259	1.475000e-003	
260	1.450000e-003	
261	1.225000e-003	
262	1.200000e-003	
263	1.275000e-003	
264	1.250000e-003	
265	1.175000e-003	
266	1.150000e-003	
267	1.150000e-003	
268	1.425000e-003	
269	1.425000e-003	
270	1.825000e-003	
271	1.925000e-003	
272	2.050000e-003	
273	2.000000e-003	
274	1.550000e-003	
275	1.575000e-003	
276	1.325000e-003	
277	1.600000e-003	
278	1.600000e-003	
279	1.725000e-003	
280	1.575000e-003	
281	1.400000e-003	
282	1.350000e-003	
283	1.500000e-003	
284	1.525000e-003	
285	1.575000e-003	
286	1.075000e-003	
287	7.250000e-004	
288	7.500000e-004	
289	8.500000e-004	
290	7.250000e-004	
291	8.000000e-004	
292	8.500000e-004	
293	8.250000e-004	
294	1.000000e-003	
295	1.000000e-003	
296	1.000000e-003	
297	1.225000e-003	
298	1.075000e-003	
299	1.050000e-003	
300	9.500000e-004	
301	1.000000e-003	
302	9.250000e-004	
303	8.750000e-004	
304	7.500000e-004	
305	8.250000e-004	
306	7.500000e-004	
307	8.750000e-004	
308	8.500000e-004	
309	8.500000e-004	
310	9.500000e-004	
311	1.000000e-003	
312	1.075000e-003	
313	1.050000e-003	
314	1.025000e-003	
315	1.125000e-003	
316	1.275000e-003	
317	1.200000e-003	
318	1.150000e-003	
319	1.175000e-003	
320	1.200000e-003	
321	1.475000e-003	
322	1.625000e-003	
323	1.575000e-003	
324	1.675000e-003	
325	1.725000e-003	
326	1.750000e-003	
327	1.950000e-003	
328	1.800000e-003	
329	1.875000e-003	
330	1.675000e-003	
331	1.425000e-003	
332	1.500000e-003	
333	1.825000e-003	
334	1.900000e-003	
335	2.225000e-003	
336	2.125000e-003	
337	2.175000e-003	
338	2.350000e-003	
339	2.375000e-003	
340	2.550000e-003	
341	2.200000e-003	
342	2.300000e-003	
343	2.375000e-003	
344	2.400000e-003	
345	2.350000e-003	
346	2.500000e-003	
347	2.600000e-003	
348	2.475000e-003	
349	2.425000e-003	
350	2.050000e-003	
351	2.350000e-003	
352	2.400000e-003	
353	2.825000e-003	
354	2.700000e-003	
355	3.200000e-003	
356	3.425000e-003	
357	3.325000e-003	
358	3.475000e-003	
359	3.650000e-003	
360	3.525000e-003	
361	3.150000e-003	
362	3.050000e-003	
363	3.100000e-003	
364	3.250000e-003	
365	3.025000e-003	
366	2.800000e-003	
367	2.650000e-003	
368	2.475000e-003	
369	2.275000e-003	
370	2.400000e-003	
371	2.100000e-003	
372	2.275000e-003	
373	2.325000e-003	
374	2.300000e-003	
375	2.200000e-003	
376	2.050000e-003	
377	2.325000e-003	
378	2.425000e-003	
379	3.000000e-003	
380	3.125000e-003	
381	2.900000e-003	
382	3.325000e-003	
383	3.650000e-003	
384	3.825000e-003	
385	3.575000e-003	
386	3.925000e-003	
387	3.625000e-003	
388	3.375000e-003	
389	3.250000e-003	
390	3.325000e-003	
391	3.925000e-003	
392	3.525000e-003	
393	3.075000e-003	
394	3.275000e-003	
395	3.075000e-003	
396	2.900000e-003	
397	3.125000e-003	
398	3.025000e-003	
399	2.900000e-003	
400	2.625000e-003	
401	2.475000e-003	
402	2.350000e-003	
403	2.425000e-003	
404	2.200000e-003	
405	2.175000e-003	
406	2.125000e-003	
407	2.050000e-003	
408	2.175000e-003	
409	2.525000e-003	
410	2.475000e-003	
411	2.525000e-003	
412	2.400000e-003	
413	2.425000e-003	
414	2.175000e-003	
415	2.175000e-003	
416	2.075000e-003	
417	1.950000e-003	
418	2.150000e-003	
419	1.975000e-003	
420	1.700000e-003	
421	2.000000e-003	
422	1.825000e-003	
423	1.825000e-003	
424	1.725000e-003	
425	1.775000e-003	
426	1.725000e-003	
427	1.600000e-003	
428	1.600000e-003	
429	1.600000e-003	
430	1.400000e-003	
431	1.125000e-003	
432	1.350000e-003	
433	1.275000e-003	
434	1.100000e-003	
435	1.350000e-003	
436	9.750000e-004	
437	9.250000e-004	
438	8.250000e-004	
439	7.500000e-004	
440	5.750000e-004	
441	7.250000e-004	
442	6.000000e-004	
443	5.000000e-004	
444	3.500000e-004	
445	4.000000e-004	
446	5.000000e-004	
447	5.500000e-004	
448	5.250000e-004	
449	3.750000e-004	
450	3.250000e-004	
451	4.000000e-004	
452	3.500000e-004	
453	5.250000e-004	
454	5.750000e-004	
455	3.500000e-004	
456	2.000000e-004	
457	3.000000e-004	
458	2.750000e-004	
459	3.250000e-004	
460	3.500000e-004	
461	2.250000e-004	
462	2.750000e-004	
463	2.750000e-004	
464	2.000000e-004	
465	1.500000e-004	
466	1.250000e-004	
467	1.500000e-004	
468	2.000000e-004	
469	1.250000e-004	
470	1.250000e-004	
471	1.500000e-004	
472	1.750000e-004	
473	1.000000e-004	
474	2.500000e-005	
475	2.500000e-005	
476	5.000000e-005	
477	7.500000e-005	
478	1.000000e-004	
479	7.500000e-005	
480	5.000000e-005	
481	2.500000e-005	
482	7.500000e-005	
483	7.500000e-005	
484	1.750000e-004	
485	2.250000e-004	
486	2.500000e-004	
487	2.500000e-004	
488	1.500000e-004	
489	3.000000e-004	
490	3.000000e-004	
491	2.250000e-004	
492	2.750000e-004	
493	1.750000e-004	
494	1.500000e-004	
495	2.000000e-004	
496	2.000000e-004	
497	1.500000e-004	
498	1.500000e-004	
499	2.500000e-004	
500	2.000000e-004	
501	1.750000e-004	
502	1.750000e-004	
503	1.750000e-004	
504	7.500000e-005	
505	7.500000e-005	
506	1.250000e-004	
507	5.000000e-005	
508	2.500000e-005	
509	5.000000e-005	
510	0	
511	0	
512	0	
513	0	
514	0	
515	0	
516	0	
517	0	
518	0	
519	2.500000e-005	
520	2.500000e-005	
521	2.500000e-005	
522	2.500000e-005	
523	1.000000e-004	
524	1.500000e-004	
525	1.250000e-004	
526	1.500000e-004	
527	2.250000e-004	
528	2.500000e-004	
529	1.750000e-004	
530	1.250000e-004	
531	7.500000e-005	
532	7.500000e-005	
533	7.500000e-005	
534	1.000000e-004	
535	1.000000e-004	
536	1.750000e-004	
537	2.000000e-004	
538	2.750000e-004	
539	1.750000e-004	
540	1.750000e-004	
541	1.750000e-004	
542	7.500000e-005	
543	1.250000e-004	
544	1.500000e-004	
545	5.000000e-005	
546	5.000000e-005	
547	2.500000e-005	
548	5.000000e-005	
549	7.500000e-005	
550	1.000000e-004	
551	2.000000e-004	
552	1.250000e-004	
553	1.250000e-004	
554	1.250000e-004	
555	2.000000e-004	
556	2.500000e-004	
557	1.750000e-004	
558	1.500000e-004	
559	2.500000e-004	
560	1.500000e-004	
561	2.000000e-004	
562	2.000000e-004	
563	2.250000e-004	
564	2.500000e-004	
565	3.500000e-004	
566	3.750000e-004	
567	3.500000e-004	
568	2.500000e-004	
569	2.000000e-004	
570	2.250000e-004	
571	2.750000e-004	
572	2.500000e-004	
573	2.500000e-004	
574	2.000000e-004	
575	2.000000e-004	
576	2.000000e-004	
577	2.500000e-004	
578	3.000000e-004	
579	4.250000e-004	
580	4.750000e-004	
581	4.500000e-004	
582	3.750000e-004	
583	4.000000e-004	
584	5.000000e-004	
585	5.250000e-004	
586	4.250000e-004	
587	2.750000e-004	
588	2.500000e-004	
589	2.000000e-004	
590	1.750000e-004	
591	2.250000e-004	
592	3.250000e-004	
593	3.250000e-004	
594	3.250000e-004	
595	1.250000e-004	
596	1.250000e-004	
597	2.500000e-004	
598	1.500000e-004	
599	1.000000e-004	
600	2.500000e-005	
601	0	
602	0	
603	0	
604	0	
605	0	
606	0	
607	0	
608	0	
609	0	
610	0	
611	0	
612	0	
613	0	
614	0	
615	0	
616	0	
617	0	
618	0	
619	0	
620	0	
621	0	
622	0	
623	0	
624	0	
625	0	
626	0	
627	0	
628	0	
629	0	
630	0	
631	0	
632	0	
633	2.500000e-005	
634	1.250000e-004	
635	1.250000e-004	
636	2.000000e-004	
637	2.000000e-004	
638	2.500000e-004	
639	3.000000e-004	
640	2.750000e-004	
641	2.500000e-004	
642	1.500000e-004	
643	2.000000e-004	
644	1.000000e-004	
645	2.500000e-005	
646	5.000000e-005	
647	2.500000e-005	
648	0	
649	0	
650	0	
651	0	
652	0	
653	0	
654	0	
655	0	
656	0	
657	0	
658	0	
659	0	
660	0	
661	0	
662	0	
663	0	
664	0	
665	0	
666	0	
667	0	
668	0	
669	0	
670	0	
671	0	
672	0	
673	0	
674	0	
675	0	
676	0	
677	0	
678	0	
679	0	
680	0	
681	0	
682	0	
683	0	
684	0	
685	0	
686	0	
687	0	
688	0	
689	0	
690	0	
691	0	
692	0	
693	0	
694	0	
695	0	
696	0	
697	0	
698	0	
699	0	
700	0	
701	0	
702	0	
703	0	
704	0	
705	0	
706	0	
707	0	
708	0	
709	0	
710	0	
711	0	
712	0	
713	0	
714	0	
715	0	
716	0	
717	0	
718	0	
719	0	
720	0	
721	0	
722	0	
723	0	
724	0	
725	0	
726	0	
727	0	
728	0	
729	0	
730	0	
731	0	
732	0	
733	0	
734	0	
735	0	
736	0	
737	0	
738	0	
739	0	
740	0	
741	2.500000e-005	
742	5.000000e-005	
743	5.000000e-005	
744	7.500000e-005	
745	5.000000e-005	
746	7.500000e-005	
747	5.000000e-005	
748	5.000000e-005	
749	7.500000e-005	
750	7.500000e-005	
751	7.500000e-005	
752	1.000000e-004	
753	7.500000e-005	
754	1.250000e-004	
755	1.250000e-004	
756	1.750000e-004	
757	5.000000e-005	
758	7.500000e-005	
759	5.000000e-005	
760	2.500000e-005	
761	2.500000e-005	
762	2.500000e-005	
763	7.500000e-005	
764	2.500000e-005	
765	2.500000e-005	
766	7.500000e-005	
767	7.500000e-005	
768	1.250000e-004	
769	1.250000e-004	
770	1.250000e-004	
771	2.500000e-005	
772	0	
773	0	
774	0	
775	0	
776	0	
777	0	
778	0	
779	0	
780	0	
781	0	
782	0	
783	0	
784	0	
785	0	
786	0	
787	0	
788	0	
789	0	
790	2.500000e-005	
791	0	
792	0	
793	0	
794	0	
795	0	
796	0	
797	0	
798	0	
799	0	
800	0	
801	0	
802	0	
803	2.500000e-005	
804	5.000000e-005	
805	2.500000e-005	
806	2.500000e-005	
807	0	
808	0	
809	0	
810	0	
811	0	
812	0	
813	0	
814	0	
815	0	
816	0	
817	0	
818	0	
819	0	
820	0	
821	0	
822	0	
823	0	
824	0	
825	0	
826	0	
827	0	
828	0	
829	0	
830	0	
831	0	
832	0	
833	0	
834	0	
835	0	
836	0	
837	0	
838	0	
839	0	
840	0	
841	0	
842	0	
843	0	
844	0	
845	0	
846	0	
847	2.500000e-005	
848	1.000000e-004	
849	2.000000e-004	
850	2.000000e-004	
851	2.000000e-004	
852	3.000000e-004	
853	4.750000e-004	
854	6.500000e-004	
855	9.500000e-004	
856	9.000000e-004	
857	8.500000e-004	
858	7.500000e-004	
859	8.500000e-004	
860	1.100000e-003	
861	1.075000e-003	
862	9.750000e-004	
863	9.500000e-004	
864	1.175000e-003	
865	1.000000e-003	
866	1.025000e-003	
867	1.050000e-003	
868	1.250000e-003	
869	1.375000e-003	
870	1.675000e-003	
871	1.825000e-003	
872	2.075000e-003	
873	2.275000e-003	
874	2.000000e-003	
875	2.050000e-003	
876	2.150000e-003	
877	2.100000e-003	
878	1.900000e-003	
879	1.825000e-003	
880	1.800000e-003	
881	2.150000e-003	
882	2.350000e-003	
883	1.850000e-003	
884	1.850000e-003	
885	1.825000e-003	
886	1.875000e-003	
887	1.700000e-003	
888	1.225000e-003	
889	1.125000e-003	
890	9.500000e-004	
891	1.025000e-003	
892	6.750000e-004	
893	7.000000e-004	
894	9.000000e-004	
895	8.500000e-004	
896	7.250000e-004	
897	7.750000e-004	
898	6.750000e-004	
899	7.250000e-004	
900	1.000000e-003	
901	9.250000e-004	
902	8.250000e-004	
903	8.250000e-004	
904	9.750000e-004	
905	1.050000e-003	
906	8.000000e-004	
907	8.250000e-004	
908	8.250000e-004	
909	8.000000e-004	
910	8.000000e-004	
911	6.750000e-004	
912	6.750000e-004	
913	3.500000e-004	
914	4.750000e-004	
915	4.750000e-004	
916	5.500000e-004	
917	5.500000e-004	
918	4.750000e-004	
919	4.750000e-004	
920	4.000000e-004	
921	5.000000e-004	
922	3.250000e-004	
923	3.750000e-004	
924	3.250000e-004	
925	3.500000e-004	
926	5.000000e-004	
927	3.750000e-004	
928	4.500000e-004	
929	3.250000e-004	
930	4.500000e-004	
931	5.000000e-004	
932	4.500000e-004	
933	4.000000e-004	
934	4.750000e-004	
935	4.250000e-004	
936	3.750000e-004	
937	4.750000e-004	
938	4.500000e-004	
939	4.500000e-004	
940	3.750000e-004	
941	3.750000e-004	
942	3.750000e-004	
943	3.000000e-004	
944	2.250000e-004	
945	2.000000e-004	
946	5.000000e-005	
947	7.500000e-005	
948	1.750000e-004	
949	2.000000e-004	
950	1.500000e-004	
951	3.250000e-004	
952	3.500000e-004	
953	2.500000e-004	
954	2.250000e-004	
955	2.250000e-004	
956	2.500000e-004	
957	3.750000e-004	
958	3.250000e-004	
959	4.000000e-004	
960	5.000000e-004	
961	4.500000e-004	
962	3.500000e-004	
963	3.500000e-004	
964	4.000000e-004	
965	4.000000e-004	
966	2.250000e-004	
967	4.000000e-004	
968	4.500000e-004	
969	4.250000e-004	
970	5.000000e-004	
971	6.500000e-004	
972	6.000000e-004	
973	6.250000e-004	
974	4.000000e-004	
975	3.250000e-004	
976	2.500000e-004	
977	3.250000e-004	
978	3.500000e-004	
979	2.750000e-004	
980	4.000000e-004	
981	5.000000e-004	
982	3.750000e-004	
983	2.250000e-004	
984	1.000000e-004	
985	1.000000e-004	
986	5.000000e-005	
987	5.000000e-005	
988	5.000000e-005	
989	0	
990	0	
991	0	
992	0	
993	0	
994	0	
995	2.500000e-005	
996	7.500000e-005	
997	7.500000e-005	
998	1.000000e-004	
999	5.000000e-005	
1000	7.500000e-005	
1001	7.500000e-005	
1002	5.000000e-005	
1003	1.000000e-004	
1004	1.250000e-004	
1005	1.750000e-004	
1006	1.750000e-004	
1007	2.500000e-004	
1008	2.750000e-004	
1009	3.250000e-004	
1010	2.500000e-004	
1011	3.500000e-004	
1012	3.500000e-004	
1013	4.500000e-004	
1014	4.250000e-004	
1015	4.250000e-004	
1016	2.750000e-004	
1017	1.250000e-004	
1018	2.250000e-004	
1019	2.000000e-004	
1020	2.000000e-004	
1021	1.750000e-004	
1022	1.000000e-004	
1023	5.000000e-005	
1024	1.000000e-004	
1025	7.500000e-005	
1026	1.500000e-004	
1027	1.500000e-004	
1028	1.250000e-004	
1029	1.750000e-004	
1030	2.250000e-004	
1031	1.250000e-004	
1032	7.500000e-005	
1033	1.250000e-004	
1034	7.500000e-005	
1035	1.000000e-004	
1036	7.500000e-005	
1037	7.500000e-005	
1038	1.000000e-004	
1039	2.500000e-005	
1040	2.500000e-005	
1041	2.500000e-005	
1042	5.000000e-005	
1043	1.000000e-004	
1044	1.500000e-004	
1045	7.500000e-005	
1046	7.500000e-005	
1047	1.250000e-004	
1048	7.500000e-005	
1049	7.500000e-005	
1050	2.500000e-005	
1051	0	
1052	0	
1053	0	
1054	0	
1055	0	
1056	0	
1057	0	
1058	0	
1059	0	
1060	0	
1061	0	
1062	0	
1063	0	
1064	2.500000e-005	
1065	5.000000e-005	
1066	7.500000e-005	
1067	0	
1068	0	
1069	0	
1070	0	
1071	0	
1072	0	
1073	0	
1074	0	
1075	0	
1076	0	
1077	0	
1078	0	
1079	0	
1080	0	
1081	0	
1082	0	
1083	0	
1084	0	
1085	0	
1086	0	
1087	0	
1088	0	
1089	0	
1090	0	
1091	0	
1092	0	
1093	0	
1094	0	
1095	0	
1096	0	
1097	0	
1098	0	
1099	0	
1100	0	
1101	0	
1102	0	
1103	0	
1104	0	
1105	0	
1106	0	
1107	2.500000e-005	
1108	5.000000e-005	
1109	1.000000e-004	
1110	1.000000e-004	
1111	7.500000e-005	
1112	7.500000e-005	
1113	1.250000e-004	
1114	2.500000e-004	
1115	2.500000e-004	
1116	2.500000e-004	
1117	1.500000e-004	
1118	1.000000e-004	
1119	1.750000e-004	
1120	1.750000e-004	
1121	3.500000e-004	
1122	3.500000e-004	
1123	1.750000e-004	
1124	1.250000e-004	
1125	1.750000e-004	
1126	2.000000e-004	
1127	1.000000e-004	
1128	1.250000e-004	
1129	7.500000e-005	
1130	5.000000e-005	
1131	2.500000e-005	
1132	1.000000e-004	
1133	1.000000e-004	
1134	7.500000e-005	
1135	1.750000e-004	
1136	1.000000e-004	
1137	1.000000e-004	
1138	1.500000e-004	
1139	1.500000e-004	
1140	1.250000e-004	
1141	2.000000e-004	
1142	7.500000e-005	
1143	1.250000e-004	
1144	1.500000e-004	
1145	3.000000e-004	
1146	4.500000e-004	
1147	4.750000e-004	
1148	4.750000e-004	
1149	4.750000e-004	
1150	5.000000e-004	
1151	4.250000e-004	
1152	4.250000e-004	
1153	3.750000e-004	
1154	2.000000e-004	
1155	2.000000e-004	
1156	1.250000e-004	
1157	2.000000e-004	
1158	2.000000e-004	
1159	2.250000e-004	
1160	2.250000e-004	
1161	2.250000e-004	
1162	1.500000e-004	
1163	1.500000e-004	
1164	1.000000e-004	
1165	2.500000e-005	
1166	2.500000e-005	
1167	2.500000e-005	
1168	2.500000e-005	
1169	5.000000e-005	
1170	5.000000e-005	
1171	1.500000e-004	
1172	2.000000e-004	
1173	1.750000e-004	
1174	2.500000e-004	
1175	2.500000e-004	
1176	3.250000e-004	
1177	3.500000e-004	
1178	3.500000e-004	
1179	3.750000e-004	
1180	4.750000e-004	
1181	3.250000e-004	
1182	4.500000e-004	
1183	5.250000e-004	
1184	5.500000e-004	
1185	6.000000e-004	
1186	5.500000e-004	
1187	6.250000e-004	
1188	7.750000e-004	
1189	6.250000e-004	
1190	7.000000e-004	
1191	8.000000e-004	
1192	8.750000e-004	
1193	7.250000e-004	
1194	7.750000e-004	
1195	7.750000e-004	
1196	9.750000e-004	
1197	7.500000e-004	
1198	6.500000e-004	
1199	8.750000e-004	
1200	8.000000e-004	
1201	7.750000e-004	
1202	5.750000e-004	
1203	7.750000e-004	
1204	7.500000e-004	
1205	9.250000e-004	
1206	1.025000e-003	
1207	9.500000e-004	
1208	1.000000e-003	
1209	1.275000e-003	
1210	1.225000e-003	
1211	1.050000e-003	
1212	1.200000e-003	
1213	1.400000e-003	
1214	1.425000e-003	
1215	1.575000e-003	
1216	1.750000e-003	
1217	1.400000e-003	
1218	1.575000e-003	
1219	1.450000e-003	
1220	1.500000e-003	
1221	1.575000e-003	
1222	1.550000e-003	
1223	1.475000e-003	
1224	1.450000e-003	
1225	1.425000e-003	
1226	1.600000e-003	
1227	1.575000e-003	
1228	1.725000e-003	
1229	1.475000e-003	
1230	1.400000e-003	
1231	1.350000e-003	
1232	1.575000e-003	
1233	1.925000e-003	
1234	2.050000e-003	
1235	2.200000e-003	
1236	2.225000e-003	
1237	2.075000e-003	
1238	2.225000e-003	
1239	2.375000e-003	
1240	2.000000e-003	
1241	1.900000e-003	
1242	1.700000e-003	
1243	2.025000e-003	
1244	2.275000e-003	
1245	2.350000e-003	
1246	2.175000e-003	
1247	2.075000e-003	
1248	2.000000e-003	
1249	2.125000e-003	
1250	2.350000e-003	
1251	2.550000e-003	
1252	2.625000e-003	
1253	2.675000e-003	
1254	2.600000e-003	
1255	2.350000e-003	
1256	2.525000e-003	
1257	2.625000e-003	
1258	2.300000e-003	
1259	2.575000e-003	
1260	2.025000e-003	
1261	1.700000e-003	
1262	1.675000e-003	
1263	2.000000e-003	
1264	2.200000e-003	
1265	2.675000e-003	
1266	2.675000e-003	
1267	3.200000e-003	
1268	3.250000e-003	
1269	3.525000e-003	
1270	2.900000e-003	
1271	3.275000e-003	
1272	2.775000e-003	
1273	2.475000e-003	
1274	2.450000e-003	
1275	2.375000e-003	
1276	2.550000e-003	
1277	2.425000e-003	
1278	2.250000e-003	
1279	2.400000e-003	
1280	2.500000e-003	
1281	2.700000e-003	
1282	2.675000e-003	
1283	2.600000e-003	
1284	2.450000e-003	
1285	2.600000e-003	
1286	2.600000e-003	
1287	2.925000e-003	
1288	2.600000e-003	
1289	2.250000e-003	
1290	2.600000e-003	
1291	2.175000e-003	
1292	2.900000e-003	
1293	2.775000e-003	
1294	2.675000e-003	
1295	2.450000e-003	
1296	2.225000e-003	
1297	2.225000e-003	
1298	2.525000e-003	
1299	2.575000e-003	
1300	2.750000e-003	
1301	2.650000e-003	
1302	2.500000e-003	
1303	2.700000e-003	
1304	2.750000e-003	
1305	2.250000e-003	
1306	2.425000e-003	
1307	2.750000e-003	
1308	2.525000e-003	
1309	2.450000e-003	
1310	2.400000e-003	
1311	2.500000e-003	
1312	2.100000e-003	
1313	2.025000e-003	
1314	2.000000e-003	
1315	1.850000e-003	
1316	1.725000e-003	
1317	1.350000e-003	
1318	1.300000e-003	
1319	1.100000e-003	
1320	1.025000e-003	
1321	8.500000e-004	
1322	1.100000e-003	
1323	9.750000e-004	
1324	9.750000e-004	
1325	1.025000e-003	
1326	1.075000e-003	
1327	1.250000e-003	
1328	1.300000e-003	
1329	1.250000e-003	
1330	1.175000e-003	
1331	1.200000e-003	
1332	1.200000e-003	
1333	1.225000e-003	
1334	1.175000e-003	
1335	8.500000e-004	
1336	9.000000e-004	
1337	9.000000e-004	
1338	1.100000e-003	
1339	1.000000e-003	
1340	1.050000e-003	
1341	8.750000e-004	
1342	1.025000e-003	
1343	1.100000e-003	
1344	1.025000e-003	
1345	9.750000e-004	
1346	7.750000e-004	
1347	6.250000e-004	
1348	6.500000e-004	
1349	3.750000e-004	
1350	4.750000e-004	
1351	5.250000e-004	
1352	4.250000e-004	
1353	5.500000e-004	
1354	5.500000e-004	
1355	6.500000e-004	
1356	8.500000e-004	
1357	8.750000e-004	
1358	7.750000e-004	
1359	5.750000e-004	
1360	5.500000e-004	
1361	5.000000e-004	
1362	5.500000e-004	
1363	4.000000e-004	
1364	4.500000e-004	
1365	4.250000e-004	
1366	4.750000e-004	
1367	3.250000e-004	
1368	3.000000e-004	
1369	3.250000e-004	
1370	5.000000e-004	
1371	6.000000e-004	
1372	6.500000e-004	
1373	5.000000e-004	
1374	4.000000e-004	
1375	4.750000e-004	
1376	4.500000e-004	
1377	4.000000e-004	
1378	2.750000e-004	
1379	1.750000e-004	
1380	2.500000e-004	
1381	2.000000e-004	
1382	1.250000e-004	
1383	1.750000e-004	
1384	2.000000e-004	
1385	2.250000e-004	
1386	2.500000e-004	
1387	3.750000e-004	
1388	4.000000e-004	
1389	4.250000e-004	
1390	4.750000e-004	
1391	5.500000e-004	
1392	6.250000e-004	
1393	5.500000e-004	
1394	6.500000e-004	
1395	7.000000e-004	
1396	7.000000e-004	
1397	6.250000e-004	
1398	6.250000e-004	
1399	4.750000e-004	
1400	5.000000e-004	
1401	7.000000e-004	
1402	7.000000e-004	
1403	5.750000e-004	
1404	6.000000e-004	
1405	5.000000e-004	
1406	5.250000e-004	
1407	7.250000e-004	
1408	6.500000e-004	
1409	7.250000e-004	
1410	7.000000e-004	
1411	5.000000e-004	
1412	4.750000e-004	
1413	5.500000e-004	
1414	6.250000e-004	
1415	5.750000e-004	
1416	5.250000e-004	
1417	4.500000e-004	
1418	4.750000e-004	
1419	4.000000e-004	
1420	3.500000e-004	
1421	4.250000e-004	
1422	3.750000e-004	
1423	3.000000e-004	
1424	3.000000e-004	
1425	2.500000e-004	
1426	2.250000e-004	
1427	1.500000e-004	
1428	5.000000e-005	
1429	5.000000e-005	
1430	7.500000e-005	
1431	5.000000e-005	
1432	5.000000e-005	
1433	2.500000e-005	
1434	7.500000e-005	
1435	1.000000e-004	
1436	1.250000e-004	
1437	1.250000e-004	
1438	7.500000e-005	
1439	5.000000e-005	
1440	1.500000e-004	
1441	1.250000e-004	
1442	2.000000e-004	
1443	2.500000e-004	
1444	2.250000e-004	
1445	3.750000e-004	
1446	4.750000e-004	
1447	5.750000e-004	
1448	6.000000e-004	
1449	5.750000e-004	
1450	6.750000e-004	
1451	5.500000e-004	
1452	7.750000e-004	
1453	8.750000e-004	
1454	6.250000e-004	
1455	6.750000e-004	
1456	8.750000e-004	
1457	6.750000e-004	
1458	4.750000e-004	
1459	6.250000e-004	
1460	6.750000e-004	
1461	5.250000e-004	
1462	5.000000e-004	
1463	4.250000e-004	
1464	2.250000e-004	
1465	2.000000e-004	
1466	2.000000e-004	
1467	2.500000e-004	
1468	1.000000e-004	
1469	7.500000e-005	
1470	1.250000e-004	
1471	1.000000e-004	
1472	1.000000e-004	
1473	1.000000e-004	
1474	2.500000e-005	
1475	2.500000e-005	
1476	2.500000e-005	
1477	5.000000e-005	
1478	5.000000e-005	
1479	5.000000e-005	
1480	2.500000e-005	
1481	2.500000e-005	
1482	5.000000e-005	
1483	7.500000e-005	
1484	7.500000e-005	
1485	7.500000e-005	
1486	5.000000e-005	
1487	1.000000e-004	
1488	1.000000e-004	
1489	7.500000e-005	
1490	5.000000e-005	
1491	2.500000e-005	
1492	2.500000e-005	
1493	7.500000e-005	
1494	1.500000e-004	
1495	2.000000e-004	
1496	1.750000e-004	
1497	1.750000e-004	
1498	1.750000e-004	
1499	2.000000e-004	
1500	2.750000e-004	
1501	2.750000e-004	
1502	2.000000e-004	
1503	1.500000e-004	
1504	7.500000e-005	
1505	7.500000e-005	
1506	1.250000e-004	
1507	2.000000e-004	
1508	2.000000e-004	
1509	2.250000e-004	
1510	2.750000e-004	
1511	2.750000e-004	
1512	1.250000e-004	
1513	1.250000e-004	
1514	2.500000e-005	
1515	0	
1516	0	
1517	0	
1518	0	
1519	0	
1520	0	
1521	0	
1522	0	
1523	0	
1524	0	
1525	0	
1526	0	
1527	0	
1528	0	
1529	0	
1530	0	
1531	0	
1532	0	
1533	0	
1534	0	
1535	0	
1536	0	
1537	0	
1538	0	
1539	0	
1540	0	
1541	0	
1542	0	
1543	0	
1544	0	
1545	0	
1546	0	
1547	0	
1548	0	
1549	0	
1550	0	
1551	0	
1552	0	
1553	0	
1554	0	
1555	0	
1556	0	
1557	0	
1558	0	
1559	0	
1560	0	
1561	0	
1562	0	
1563	0	
1564	0	
1565	0	
1566	0	
1567	0	
1568	0	
1569	0	
1570	0	
1571	0	
1572	0	
1573	0	
1574	0	
1575	0	
1576	0	
1577	0	
1578	0	
1579	0	
1580	0	
1581	0	
1582	0	
1583	0	
1584	0	
1585	0	
1586	0	
1587	0	
1588	0	
1589	0	
1590	0	
1591	0	
1592	0	
1593	0	
1594	0	
1595	0	
1596	0	
1597	0	
1598	2.500000e-005	
1599	0	
1600	0	
1601	0	
1602	0	
1603	0	
1604	0	
1605	0	
1606	0	
1607	0	
1608	0	
1609	0	
1610	0	
1611	0	
1612	0	
1613	0	
1614	0	
1615	0	
1616	0	
1617	0	
1618	0	
1619	0	
1620	0	
1621	0	
1622	0	
1623	0	
1624	2.500000e-005	
1625	1.000000e-004	
1626	2.750000e-004	
1627	3.250000e-004	
1628	2.500000e-004	
1629	1.500000e-004	
1630	2.250000e-004	
1631	3.000000e-004	
1632	4.000000e-004	
1633	3.500000e-004	
1634	5.000000e-004	
1635	6.000000e-004	
1636	3.500000e-004	
1637	4.500000e-004	
1638	4.500000e-004	
1639	3.750000e-004	
1640	4.500000e-004	
1641	5.000000e-004	
1642	4.750000e-004	
1643	3.250000e-004	
1644	4.250000e-004	
1645	5.000000e-004	
1646	6.000000e-004	
1647	5.250000e-004	
1648	7.500000e-004	
1649	7.750000e-004	
1650	8.750000e-004	
1651	8.750000e-004	
1652	8.750000e-004	
1653	1.150000e-003	
1654	1.200000e-003	
1655	1.125000e-003	
1656	1.100000e-003	
1657	1.300000e-003	
1658	1.175000e-003	
1659	1.050000e-003	
1660	9.500000e-004	
1661	9.250000e-004	
1662	7.750000e-004	
1663	7.750000e-004	
1664	8.000000e-004	
1665	7.000000e-004	
1666	6.000000e-004	
1667	7.500000e-004	
1668	9.250000e-004	
1669	7.750000e-004	
1670	6.750000e-004	
1671	6.500000e-004	
1672	9.500000e-004	
1673	1.075000e-003	
1674	9.000000e-004	
1675	9.500000e-004	
1676	8.000000e-004	
1677	9.250000e-004	
1678	9.500000e-004	
1679	1.175000e-003	
1680	1.625000e-003	
1681	1.400000e-003	
1682	1.150000e-003	
1683	1.300000e-003	
1684	1.325000e-003	
1685	1.425000e-003	
1686	1.575000e-003	
1687	1.050000e-003	
1688	1.400000e-003	
1689	1.425000e-003	
1690	1.600000e-003	
1691	1.350000e-003	
1692	1.325000e-003	
1693	1.500000e-003	
1694	1.325000e-003	
1695	1.300000e-003	
1696	1.325000e-003	
1697	1.425000e-003	
1698	1.300000e-003	
1699	1.075000e-003	
1700	9.500000e-004	
1701	7.750000e-004	
1702	4.250000e-004	
1703	4.000000e-004	
1704	3.500000e-004	
1705	2.250000e-004	
1706	2.500000e-004	
1707	1.500000e-004	
1708	1.000000e-004	
1709	1.500000e-004	
1710	2.500000e-005	
1711	2.500000e-005	
1712	7.500000e-005	
1713	1.000000e-004	
1714	1.000000e-004	
1715	5.000000e-005	
1716	2.500000e-005	
1717	2.500000e-005	
1718	2.500000e-005	
1719	2.500000e-005	
1720	2.500000e-005	
1721	2.500000e-005	
1722	5.000000e-005	
1723	1.000000e-004	
1724	7.500000e-005	
1725	5.000000e-005	
1726	2.500000e-005	
1727	2.500000e-005	
1728	2.500000e-005	
1729	5.000000e-005	
1730	2.500000e-005	
1731	0	
1732	0	
1733	0	
1734	0	
1735	0	
1736	0	
1737	0	
1738	0	
1739	0	
1740	0	
1741	0	
1742	0	
1743	0	
1744	0	
1745	0	
1746	0	
1747	0	
1748	0	
1749	0	
1750	0	
1751	0	
1752	0	
1753	0	
1754	0	
1755	2.500000e-005	
1756	2.500000e-005	
1757	7.500000e-005	
1758	1.250000e-004	
1759	1.500000e-004	
1760	2.000000e-004	
1761	2.750000e-004	
1762	3.000000e-004	
1763	3.000000e-004	
1764	2.500000e-004	
1765	1.500000e-004	
1766	7.500000e-005	
1767	1.750000e-004	
1768	1.750000e-004	
1769	1.750000e-004	
1770	1.750000e-004	
1771	2.000000e-004	
1772	2.000000e-004	
1773	2.250000e-004	
1774	7.500000e-005	
1775	7.500000e-005	
1776	7.500000e-005	
1777	1.500000e-004	
1778	2.000000e-004	
1779	2.000000e-004	
1780	7.500000e-005	
1781	1.000000e-004	
1782	1.250000e-004	
1783	1.750000e-004	
1784	2.250000e-004	
1785	1.500000e-004	
1786	2.000000e-004	
1787	2.250000e-004	
1788	2.000000e-004	
1789	7.500000e-005	
1790	5.000000e-005	
1791	2.500000e-005	
1792	2.500000e-005	
1793	7.500000e-005	
1794	1.000000e-004	
1795	1.250000e-004	
1796	1.750000e-004	
1797	1.250000e-004	
1798	1.000000e-004	
1799	5.000000e-005	
1800	7.500000e-005	
1801	5.000000e-005	
1802	7.500000e-005	
1803	1.500000e-004	
1804	1.250000e-004	
1805	1.750000e-004	
1806	1.500000e-004	
1807	7.500000e-005	
1808	5.000000e-005	
1809	1.750000e-004	
1810	1.000000e-004	
1811	1.000000e-004	
1812	5.000000e-005	
1813	1.250000e-004	
1814	1.500000e-004	
1815	1.500000e-004	
1816	1.250000e-004	
1817	2.500000e-004	
1818	2.500000e-004	
1819	2.000000e-004	
1820	2.250000e-004	
1821	4.000000e-004	
1822	3.500000e-004	
1823	4.500000e-004	
1824	4.500000e-004	
1825	5.000000e-004	
1826	6.250000e-004	
1827	5.250000e-004	
1828	4.500000e-004	
1829	3.500000e-004	
1830	5.000000e-004	
1831	5.750000e-004	
1832	8.250000e-004	
1833	7.250000e-004	
1834	8.500000e-004	
1835	8.500000e-004	
1836	7.000000e-004	
1837	8.500000e-004	
1838	8.500000e-004	
1839	1.000000e-003	
1840	7.750000e-004	
1841	1.000000e-003	
1842	8.500000e-004	
1843	7.750000e-004	
1844	8.000000e-004	
1845	8.500000e-004	
1846	9.500000e-004	
1847	1.225000e-003	
1848	1.250000e-003	
1849	1.175000e-003	
1850	1.175000e-003	
1851	1.050000e-003	
1852	1.275000e-003	
1853	1.200000e-003	
1854	1.200000e-003	
1855	1.200000e-003	
1856	1.200000e-003	
1857	1.275000e-003	
1858	1.325000e-003	
1859	1.250000e-003	
1860	1.075000e-003	
1861	1.000000e-003	
1862	8.750000e-004	
1863	8.500000e-004	
1864	8.250000e-004	
1865	8.000000e-004	
1866	8.250000e-004	
1867	8.000000e-004	
1868	8.250000e-004	
1869	7.750000e-004	
1870	7.000000e-004	
1871	7.750000e-004	
1872	6.000000e-004	
1873	5.750000e-004	
1874	7.250000e-004	
1875	8.750000e-004	
1876	8.500000e-004	
1877	9.000000e-004	
1878	9.000000e-004	
1879	1.050000e-003	
1880	8.750000e-004	
1881	1.000000e-003	
1882	1.325000e-003	
1883	1.200000e-003	
1884	1.475000e-003	
1885	1.500000e-003	
1886	1.475000e-003	
1887	1.475000e-003	
1888	1.725000e-003	
1889	1.375000e-003	
1890	1.400000e-003	
1891	1.325000e-003	
1892	9.750000e-004	
1893	8.250000e-004	
1894	1.050000e-003	
1895	1.000000e-003	
1896	8.000000e-004	
1897	7.750000e-004	
1898	7.750000e-004	
1899	7.250000e-004	
1900	5.750000e-004	
1901	5.250000e-004	
1902	4.500000e-004	
1903	3.750000e-004	
1904	3.500000e-004	
1905	3.500000e-004	
1906	4.250000e-004	
1907	3.500000e-004	
1908	2.250000e-004	
1909	3.750000e-004	
1910	5.500000e-004	
1911	5.500000e-004	
1912	5.750000e-004	
1913	5.250000e-004	
1914	4.750000e-004	
1915	5.000000e-004	
1916	4.250000e-004	
1917	3.750000e-004	
1918	2.750000e-004	
1919	1.250000e-004	
1920	1.750000e-004	
1921	2.750000e-004	
1922	3.000000e-004	
1923	2.500000e-004	
1924	2.500000e-004	
1925	2.500000e-004	
1926	2.000000e-004	
1927	1.250000e-004	
1928	1.500000e-004	
1929	1.000000e-004	
1930	2.000000e-004	
1931	2.250000e-004	
1932	3.000000e-004	
1933	2.750000e-004	
1934	1.750000e-004	
1935	2.000000e-004	
1936	2.500000e-004	
1937	3.250000e-004	
1938	2.500000e-004	
1939	2.000000e-004	
1940	1.750000e-004	
1941	2.250000e-004	
1942	3.500000e-004	
1943	3.000000e-004	
1944	2.250000e-004	
1945	1.250000e-004	
1946	7.500000e-005	
1947	0	
1948	0	
1949	0	
1950	0	
1951	0	
1952	0	
1953	0	
1954	0	
1955	0	
1956	0	
1957	0	
1958	0	
1959	0	
1960	0	
1961	0	
1962	0	
1963	0	
1964	0	
1965	0	
1966	0	
1967	0	
1968	0	
1969	0	
1970	0	
1971	0	
1972	0	
1973	0	
1974	0	
1975	0	
1976	0	
1977	0	
1978	0	
1979	2.500000e-005	
1980	1.000000e-004	
1981	1.250000e-004	
1982	2.250000e-004	
1983	2.250000e-004	
1984	3.750000e-004	
1985	2.250000e-004	
1986	1.250000e-004	
1987	1.500000e-004	
1988	1.000000e-004	
1989	5.000000e-005	
1990	2.500000e-005	
1991	7.500000e-005	
1992	2.500000e-005	
1993	7.500000e-005	
1994	7.500000e-005	
1995	7.500000e-005	
1996	7.500000e-005	
1997	7.500000e-005	
1998	1.000000e-004	
1999	2.000000e-004	
2000	1.250000e-004	
2001	1.750000e-004	
2002	2.000000e-004	
2003	1.500000e-004	
2004	1.500000e-004	
2005	2.250000e-004	
2006	1.750000e-004	
2007	1.500000e-004	
2008	1.750000e-004	
2009	1.750000e-004	
2010	3.000000e-004	
2011	2.500000e-004	
2012	3.250000e-004	
2013	3.500000e-004	
2014	2.750000e-004	
2015	3.250000e-004	
2016	2.500000e-004	
2017	2.000000e-004	
2018	2.250000e-004	
2019	3.250000e-004	
2020	3.750000e-004	
2021	3.250000e-004	
2022	3.500000e-004	
2023	4.250000e-004	
2024	3.750000e-004	
2025	4.250000e-004	
2026	3.750000e-004	
2027	3.000000e-004	
2028	3.250000e-004	
2029	3.000000e-004	
2030	2.750000e-004	
2031	3.000000e-004	
2032	2.000000e-004	
2033	2.500000e-004	
2034	3.000000e-004	
2035	4.000000e-004	
2036	5.500000e-004	
2037	7.250000e-004	
2038	5.750000e-004	
2039	5.750000e-004	
2040	6.000000e-004	
2041	7.500000e-004	
2042	9.250000e-004	
2043	7.500000e-004	
2044	7.750000e-004	
2045	6.250000e-004	
2046	6.250000e-004	
2047	5.250000e-004	
2048	5.250000e-004	
2049	4.000000e-004	
2050	3.750000e-004	
2051	6.000000e-004	
2052	5.250000e-004	
2053	4.750000e-004	
2054	5.500000e-004	
2055	6.750000e-004	
2056	6.750000e-004	
2057	6.750000e-004	
2058	6.750000e-004	
2059	7.250000e-004	
2060	6.250000e-004	
2061	5.000000e-004	
2062	5.250000e-004	
2063	2.500000e-004	
2064	2.500000e-004	
2065	2.750000e-004	
2066	2.000000e-004	
2067	1.500000e-004	
2068	2.000000e-004	
2069	1.500000e-004	
2070	2.000000e-004	
2071	2.250000e-004	
2072	3.000000e-004	
2073	4.250000e-004	
2074	2.750000e-004	
2075	3.500000e-004	
2076	3.250000e-004	
2077	3.500000e-004	
2078	3.500000e-004	
2079	4.000000e-004	
2080	3.500000e-004	
2081	4.500000e-004	
2082	4.750000e-004	
2083	4.250000e-004	
2084	4.750000e-004	
2085	4.750000e-004	
2086	3.750000e-004	
2087	2.750000e-004	
2088	3.500000e-004	
2089	7.500000e-005	
2090	2.500000e-005	
2091	2.500000e-005	
2092	7.500000e-005	
2093	7.500000e-005	
2094	7.500000e-005	
2095	5.000000e-005	
2096	7.500000e-005	
2097	1.000000e-004	
2098	7.500000e-005	
2099	7.500000e-005	
2100	0	
2101	0	
2102	0	
2103	0	
2104	0	
2105	0	
2106	0	
2107	0	
2108	0	
2109	0	
2110	0	
2111	0	
2112	0	
2113	0	
2114	0	
2115	0	
2116	0	
2117	0	
2118	0	
2119	0	
2120	0	
2121	0	
2122	0	
2123	0	
2124	2.500000e-005	
2125	2.500000e-005	
2126	7.500000e-005	
2127	1.250000e-004	
2128	1.250000e-004	
2129	1.250000e-004	
2130	2.250000e-004	
2131	2.000000e-004	
2132	1.750000e-004	
2133	3.500000e-004	
2134	4.000000e-004	
2135	4.500000e-004	
2136	5.250000e-004	
2137	6.000000e-004	
2138	4.750000e-004	
2139	4.750000e-004	
2140	6.250000e-004	
2141	6.750000e-004	
2142	8.000000e-004	
2143	8.000000e-004	
2144	6.500000e-004	
2145	5.750000e-004	
2146	7.000000e-004	
2147	6.750000e-004	
2148	4.500000e-004	
2149	4.500000e-004	
2150	4.000000e-004	
2151	4.000000e-004	
2152	3.000000e-004	
2153	3.250000e-004	
2154	3.750000e-004	
2155	4.000000e-004	
2156	2.750000e-004	
2157	3.500000e-004	
2158	4.500000e-004	
2159	3.750000e-004	
2160	3.000000e-004	
2161	3.250000e-004	
2162	5.500000e-004	
2163	6.500000e-004	
2164	8.250000e-004	
2165	9.500000e-004	
2166	8.500000e-004	
2167	7.250000e-004	
2168	8.500000e-004	
2169	7.500000e-004	
2170	6.250000e-004	
2171	6.250000e-004	
2172	9.750000e-004	
2173	9.000000e-004	
2174	1.050000e-003	
2175	1.150000e-003	
2176	1.400000e-003	
2177	1.425000e-003	
2178	1.500000e-003	
2179	1.475000e-003	
2180	1.300000e-003	
2181	1.100000e-003	
2182	8.500000e-004	
2183	9.250000e-004	
2184	1.075000e-003	
2185	1.275000e-003	
2186	1.100000e-003	
2187	7.500000e-004	
2188	7.000000e-004	
2189	8.500000e-004	
2190	8.750000e-004	
2191	9.000000e-004	
2192	9.250000e-004	
2193	1.050000e-003	
2194	8.750000e-004	
2195	9.500000e-004	
2196	9.500000e-004	
2197	8.750000e-004	
2198	1.175000e-003	
2199	1.125000e-003	
2200	1.050000e-003	
2201	9.750000e-004	
2202	8.250000e-004	
2203	7.750000e-004	
2204	7.750000e-004	
2205	8.750000e-004	
2206	9.250000e-004	
2207	9.500000e-004	
2208	9.250000e-004	
2209	9.000000e-004	
2210	8.000000e-004	
2211	1.025000e-003	
2212	1.050000e-003	
2213	1.350000e-003	
2214	1.300000e-003	
2215	1.450000e-003	
2216	1.225000e-003	
2217	1.375000e-003	
2218	1.525000e-003	
2219	1.525000e-003	
2220	1.625000e-003	
2221	1.550000e-003	
2222	1.425000e-003	
2223	1.800000e-003	
2224	1.625000e-003	
2225	2.050000e-003	
2226	1.975000e-003	
2227	2.400000e-003	
2228	2.375000e-003	
2229	2.600000e-003	
2230	2.525000e-003	
2231	2.800000e-003	
2232	2.400000e-003	
2233	2.150000e-003	
2234	2.150000e-003	
2235	2.200000e-003	
2236	2.425000e-003	
2237	2.175000e-003	
2238	2.200000e-003	
2239	2.275000e-003	
2240	2.375000e-003	
2241	2.350000e-003	
2242	2.250000e-003	
2243	2.650000e-003	
2244	2.325000e-003	
2245	2.225000e-003	
2246	2.300000e-003	
2247	2.150000e-003	
2248	2.375000e-003	
2249	2.550000e-003	
2250	2.625000e-003	
2251	2.275000e-003	
2252	2.325000e-003	
2253	2.275000e-003	
2254	2.450000e-003	
2255	2.375000e-003	
2256	2.750000e-003	
2257	3.375000e-003	
2258	3.100000e-003	
2259	2.975000e-003	
2260	2.775000e-003	
2261	2.850000e-003	
2262	2.925000e-003	
2263	2.775000e-003	
2264	3.000000e-003	
2265	2.925000e-003	
2266	3.025000e-003	
2267	2.775000e-003	
2268	3.200000e-003	
2269	3.000000e-003	
2270	3.200000e-003	
2271	3.375000e-003	
2272	3.550000e-003	
2273	3.400000e-003	
2274	3.375000e-003	
2275	3.400000e-003	
2276	4.000000e-003	
2277	4.050000e-003	
2278	3.825000e-003	
2279	3.650000e-003	
2280	3.700000e-003	
2281	3.350000e-003	
2282	3.250000e-003	
2283	2.575000e-003	
2284	2.625000e-003	
2285	2.675000e-003	
2286	2.600000e-003	
2287	2.525000e-003	
2288	2.425000e-003	
2289	2.450000e-003	
2290	2.225000e-003	
2291	2.300000e-003	
2292	2.300000e-003	
2293	2.325000e-003	
2294	2.425000e-003	
2295	1.925000e-003	
2296	2.400000e-003	
2297	2.825000e-003	
2298	2.525000e-003	
2299	2.225000e-003	
2300	2.400000e-003	
2301	2.250000e-003	
2302	2.150000e-003	
2303	2.075000e-003	
2304	1.850000e-003	
2305	2.025000e-003	
2306	2.450000e-003	
2307	2.100000e-003	
2308	1.975000e-003	
2309	1.850000e-003	
2310	1.775000e-003	
2311	1.550000e-003	
2312	1.500000e-003	
2313	1.375000e-003	
2314	1.075000e-003	
2315	8.750000e-004	
2316	1.050000e-003	
2317	1.275000e-003	
2318	1.550000e-003	
2319	1.350000e-003	
2320	1.400000e-003	
2321	1.450000e-003	
2322	1.200000e-003	
2323	1.125000e-003	
2324	1.100000e-003	
2325	1.200000e-003	
2326	8.500000e-004	
2327	1.025000e-003	
2328	1.100000e-003	
2329	1.250000e-003	
2330	1.625000e-003	
2331	1.575000e-003	
2332	1.675000e-003	
2333	1.475000e-003	
2334	1.350000e-003	
2335	1.225000e-003	
2336	1.050000e-003	
2337	9.750000e-004	
2338	7.750000e-004	
2339	8.500000e-004	
2340	7.500000e-004	
2341	6.250000e-004	
2342	9.500000e-004	
2343	8.250000e-004	
2344	8.250000e-004	
2345	1.000000e-003	
2346	7.750000e-004	
2347	7.000000e-004	
2348	7.500000e-004	
2349	8.000000e-004	
2350	8.250000e-004	
2351	5.500000e-004	
2352	6.000000e-004	
2353	5.500000e-004	
2354	5.250000e-004	
2355	4.250000e-004	
2356	3.000000e-004	
2357	3.500000e-004	
2358	2.250000e-004	
2359	1.250000e-004	
2360	1.750000e-004	
2361	1.750000e-004	
2362	5.000000e-005	
2363	2.500000e-005	
2364	5.000000e-005	
2365	5.000000e-005	
2366	2.500000e-005	
2367	0	
2368	0	
2369	0	
2370	0	
2371	0	
2372	0	
2373	0	
2374	0	
2375	0	
2376	0	
2377	0	
2378	0	
2379	0	
2380	0	
2381	0	
2382	0	
2383	0	
2384	0	
2385	0	
2386	0	
2387	0	
2388	0	
2389	0	
2390	0	
2391	0	
2392	0	
2393	0	
2394	0	
2395	0	
2396	0	
2397	0	
2398	0	
2399	0	
2400	0	
2401	0	
2402	0	
2403	0	
2404	0	
2405	0	
2406	0	
2407	0	
2408	0	
2409	0	
2410	0	
2411	0	
2412	0	
2413	0	
2414	0	
2415	0	
2416	0	
2417	0	
2418	0	
2419	0	
2420	0	
2421	0	
2422	0	
2423	0	
2424	0	
2425	0	
2426	0	
2427	0	
2428	0	
2429	0	
2430	2.500000e-005	
2431	2.500000e-005	
2432	2.500000e-005	
2433	0	
2434	0	
2435	0	
2436	0	
2437	0	
2438	0	
2439	0	
2440	0	
2441	0	
2442	0	
2443	0	
2444	0	
2445	0	
2446	0	
2447	0	
2448	0	
2449	0	
2450	0	
2451	0	
2452	0	
2453	0	
2454	0	
2455	0	
2456	0	
2457	0	
2458	0	
2459	0	
2460	0	
2461	0	
2462	0	
2463	0	
2464	0	
2465	0	
2466	0	
2467	0	
2468	0	
2469	0	
2470	0	
2471	0	
2472	0	
2473	0	
2474	0	
2475	0	
2476	0	
2477	0	
2478	0	
2479	0	
2480	0	
2481	0	
2482	0	
2483	0	
2484	0	
2485	0	
2486	0	
2487	0	
2488	2.500000e-005	
2489	2.500000e-005	
2490	5.000000e-005	
2491	5.000000e-005	
2492	2.500000e-005	
2493	2.500000e-005	
2494	2.500000e-005	
2495	2.500000e-005	
2496	0	
2497	0	
2498	0	
2499	0	
2500	0	
2501	2.500000e-005	
2502	2.500000e-005	
2503	2.500000e-005	
2504	5.000000e-005	
2505	0	
2506	0	
2507	0	
2508	0	
2509	0	
2510	0	
2511	0	
2512	0	
2513	0	
2514	0	
2515	0	
2516	0	
2517	0	
2518	0	
2519	0	
2520	0	
2521	0	
2522	0	
2523	0	
2524	0	
2525	0	
2526	0	
2527	0	
2528	0	
2529	0	
2530	0	
2531	0	
2532	0	
2533	0	
2534	0	
2535	0	
2536	0	
2537	0	
2538	0	
2539	0	
2540	0	
2541	0	
2542	0	
2543	0	
2544	0	
2545	0	
2546	0	
2547	0	
2548	0	
2549	0	
2550	0	
2551	0	
2552	0	
2553	0	
2554	0	
2555	0	
2556	0	
2557	0	
2558	0	
2559	0	
2560	0	
2561	0	
2562	0	
2563	0	
2564	0	
2565	0	
2566	0	
2567	0	
2568	0	
2569	0	
2570	0	
2571	0	
2572	0	
2573	0	
2574	0	
2575	0	
2576	0	
2577	0	
2578	0	
2579	0	
2580	0	
2581	0	
2582	0	
2583	0	
2584	0	
2585	0	
2586	0	
2587	0	
2588	0	
2589	0	
2590	0	
2591	0	
2592	0	
2593	0	
2594	0	
2595	0	
2596	0	
2597	0	
2598	0	
2599	0	
2600	2.500000e-005	
2601	5.000000e-005	
2602	0	
2603	0	
2604	0	
2605	0	
2606	0	
2607	0	
2608	0	
2609	0	
2610	0	
2611	0	
2612	0	
2613	0	
2614	0	
2615	0	
2616	0	
2617	0	
2618	0	
2619	0	
2620	0	
2621	0	
2622	0	
2623	0	
2624	0	
2625	0	
2626	0	
2627	0	
2628	0	
2629	0	
2630	0	
2631	0	
2632	0	
2633	0	
2634	0	
2635	0	
2636	0	
2637	0	
2638	2.500000e-005	
2639	2.500000e-005	
2640	5.000000e-005	
2641	7.500000e-005	
2642	1.000000e-004	
2643	1.000000e-004	
2644	1.000000e-004	
2645	1.000000e-004	
2646	1.000000e-004	
2647	1.250000e-004	
2648	7.500000e-005	
2649	1.250000e-004	
2650	2.250000e-004	
2651	2.000000e-004	
2652	3.000000e-004	
2653	2.750000e-004	
2654	2.000000e-004	
2655	2.750000e-004	
2656	1.500000e-004	
2657	1.750000e-004	
2658	5.000000e-005	
2659	0	
2660	0	
2661	0	
2662	0	
2663	0	
2664	0	
2665	0	
2666	0	
2667	0	
2668	0	
2669	0	
2670	0	
2671	0	
2672	0	
2673	0	
2674	0	
2675	0	
2676	0	
2677	0	
2678	0	
2679	0	
2680	0	
2681	0	
2682	0	
2683	0	
2684	0	
2685	0	
2686	0	
2687	0	
2688	0	
2689	0	
2690	0	
2691	0	
2692	0	
2693	0	
2694	0	
2695	0	
2696	0	
2697	0	
2698	0	
2699	0	
2700	0	
2701	0	
2702	0	
2703	0	
2704	2.500000e-005	
2705	2.500000e-005	
2706	2.500000e-005	
2707	0	
2708	0	
2709	0	
2710	0	
2711	0	
2712	0	
2713	0	
2714	0	
2715	0	
2716	0	
2717	0	
2718	0	
2719	0	
2720	0	
2721	0	
2722	0	
2723	0	
2724	0	
2725	0	
2726	0	
2727	0	
2728	0	
2729	0	
2730	0	
2731	2.500000e-005	
2732	2.500000e-005	
2733	2.500000e-005	
2734	2.500000e-005	
2735	2.500000e-005	
2736	2.500000e-005	
2737	0	
2738	0	
2739	0	
2740	0	
2741	0	
2742	0	
2743	0	
2744	0	
2745	0	
2746	0	
2747	0	
2748	0	
2749	0	
2750	0	
2751	0	
2752	0	
2753	0	
2754	0	
2755	0	
2756	0	
2757	0	
2758	0	
2759	0	
2760	0	
2761	0	
2762	0	
2763	0	
2764	0	
2765	2.500000e-005	
2766	7.500000e-005	
2767	5.000000e-005	
2768	2.000000e-004	
2769	2.250000e-004	
2770	2.500000e-004	
2771	4.250000e-004	
2772	4.000000e-004	
2773	4.000000e-004	
2774	4.750000e-004	
2775	3.000000e-004	
2776	3.500000e-004	
2777	4.750000e-004	
2778	4.250000e-004	
2779	4.500000e-004	
2780	4.500000e-004	
2781	5.000000e-004	
2782	4.750000e-004	
2783	4.250000e-004	
2784	5.250000e-004	
2785	4.750000e-004	
2786	4.250000e-004	
2787	4.250000e-004	
2788	4.500000e-004	
2789	4.750000e-004	
2790	4.500000e-004	
2791	4.000000e-004	
2792	3.250000e-004	
2793	3.750000e-004	
2794	4.500000e-004	
2795	4.750000e-004	
2796	5.250000e-004	
2797	6.250000e-004	
2798	5.750000e-004	
2799	5.000000e-004	
2800	4.750000e-004	
2801	5.750000e-004	
2802	5.000000e-004	
2803	4.750000e-004	
2804	4.750000e-004	
2805	5.500000e-004	
2806	6.250000e-004	
2807	6.750000e-004	
2808	6.250000e-004	
2809	7.250000e-004	
2810	6.500000e-004	
2811	6.500000e-004	
2812	6.500000e-004	
2813	6.750000e-004	
2814	7.750000e-004	
2815	6.000000e-004	
2816	7.000000e-004	
2817	5.500000e-004	
2818	7.250000e-004	
2819	9.500000e-004	
2820	9.250000e-004	
2821	8.000000e-004	
2822	7.500000e-004	
2823	8.250000e-004	
2824	9.000000e-004	
2825	8.000000e-004	
2826	6.750000e-004	
2827	4.750000e-004	
2828	4.250000e-004	
2829	5.500000e-004	
2830	7.250000e-004	
2831	8.000000e-004	
2832	7.000000e-004	
2833	6.000000e-004	
2834	6.750000e-004	
2835	9.750000e-004	
2836	7.250000e-004	
2837	7.500000e-004	
2838	4.750000e-004	
2839	5.500000e-004	
2840	3.250000e-004	
2841	2.750000e-004	
2842	3.500000e-004	
2843	2.500000e-004	
2844	3.000000e-004	
2845	4.250000e-004	
2846	4.000000e-004	
2847	3.750000e-004	
2848	4.750000e-004	
2849	6.750000e-004	
2850	6.000000e-004	
2851	6.750000e-004	
2852	5.500000e-004	
2853	6.500000e-004	
2854	6.750000e-004	
2855	8.500000e-004	
2856	9.500000e-004	
2857	1.125000e-003	
2858	1.000000e-003	
2859	9.500000e-004	
2860	1.225000e-003	
2861	9.250000e-004	
2862	1.075000e-003	
2863	1.000000e-003	
2864	9.000000e-004	
2865	7.750000e-004	
2866	9.000000e-004	
2867	1.050000e-003	
2868	1.225000e-003	
2869	1.525000e-003	
2870	1.400000e-003	
2871	1.225000e-003	
2872	1.450000e-003	
2873	1.425000e-003	
2874	1.700000e-003	
2875	1.800000e-003	
2876	1.825000e-003	
2877	1.650000e-003	
2878	2.000000e-003	
2879	1.950000e-003	
2880	1.950000e-003	
2881	2.025000e-003	
2882	2.425000e-003	
2883	2.500000e-003	
2884	2.725000e-003	
2885	2.750000e-003	
2886	2.400000e-003	
2887	2.450000e-003	
2888	2.275000e-003	
2889	2.000000e-003	
2890	2.100000e-003	
2891	1.925000e-003	
2892	2.050000e-003	
2893	1.925000e-003	
2894	1.800000e-003	
2895	1.925000e-003	
2896	2.025000e-003	
2897	2.275000e-003	
2898	2.150000e-003	
2899	1.700000e-003	
2900	1.750000e-003	
2901	1.650000e-003	
2902	1.275000e-003	
2903	1.125000e-003	
2904	1.325000e-003	
2905	1.075000e-003	
2906	1.000000e-003	
2907	8.500000e-004	
2908	8.000000e-004	
2909	8.000000e-004	
2910	1.000000e-003	
2911	1.050000e-003	
2912	1.175000e-003	
2913	1.125000e-003	
2914	9.750000e-004	
2915	9.000000e-004	
2916	7.500000e-004	
2917	7.000000e-004	
2918	5.250000e-004	
2919	6.000000e-004	
2920	7.500000e-004	
2921	7.250000e-004	
2922	8.250000e-004	
2923	9.000000e-004	
2924	8.750000e-004	
2925	9.500000e-004	
2926	9.500000e-004	
2927	8.750000e-004	
2928	8.000000e-004	
2929	8.500000e-004	
2930	9.250000e-004	
2931	8.000000e-004	
2932	7.750000e-004	
2933	8.750000e-004	
2934	8.500000e-004	
2935	7.750000e-004	
2936	9.500000e-004	
2937	1.125000e-003	
2938	9.750000e-004	
2939	1.100000e-003	
2940	9.750000e-004	
2941	8.750000e-004	
2942	7.750000e-004	
2943	7.750000e-004	
2944	7.250000e-004	
2945	6.000000e-004	
2946	4.500000e-004	
2947	5.250000e-004	
2948	5.250000e-004	
2949	4.750000e-004	
2950	4.750000e-004	
2951	3.750000e-004	
2952	3.750000e-004	
2953	4.000000e-004	
2954	4.750000e-004	
2955	3.500000e-004	
2956	2.500000e-004	
2957	2.250000e-004	
2958	1.250000e-004	
2959	7.500000e-005	
2960	7.500000e-005	
2961	7.500000e-005	
2962	2.500000e-005	
2963	2.500000e-005	
2964	2.500000e-005	
2965	2.500000e-005	
2966	0	
2967	0	
2968	0	
2969	0	
2970	0	
2971	0	
2972	0	
2973	0	
2974	0	
2975	0	
2976	0	
2977	0	
2978	0	
2979	0	
2980	0	
2981	0	
2982	0	
2983	0	
2984	0	
2985	0	
2986	0	
2987	0	
2988	0	
2989	0	
2990	0	
2991	0	
2992	0	
2993	0	
2994	0	
2995	0	
2996	0	
2997	0	
2998	0	
2999	0	
3000	0	
3001	0	
