1	0	
2	0	
3	0	
4	0	
5	0	
6	0	
7	0	
8	0	
9	0	
10	0	
11	0	
12	0	
13	0	
14	0	
15	0	
16	0	
17	0	
18	0	
19	0	
20	0	
21	0	
22	0	
23	0	
24	0	
25	0	
26	0	
27	0	
28	0	
29	0	
30	0	
31	0	
32	0	
33	0	
34	0	
35	0	
36	0	
37	0	
38	0	
39	0	
40	0	
41	0	
42	0	
43	0	
44	0	
45	0	
46	0	
47	0	
48	0	
49	0	
50	0	
51	0	
52	0	
53	0	
54	0	
55	0	
56	0	
57	0	
58	0	
59	0	
60	0	
61	0	
62	0	
63	0	
64	0	
65	0	
66	0	
67	0	
68	0	
69	0	
70	0	
71	0	
72	0	
73	0	
74	0	
75	0	
76	0	
77	0	
78	0	
79	0	
80	0	
81	0	
82	0	
83	0	
84	0	
85	0	
86	0	
87	0	
88	0	
89	0	
90	0	
91	0	
92	0	
93	0	
94	0	
95	0	
96	0	
97	0	
98	0	
99	0	
100	0	
101	0	
102	0	
103	0	
104	0	
105	0	
106	0	
107	0	
108	0	
109	0	
110	0	
111	0	
112	0	
113	0	
114	0	
115	0	
116	0	
117	0	
118	0	
119	0	
120	0	
121	0	
122	0	
123	0	
124	0	
125	0	
126	0	
127	0	
128	0	
129	0	
130	0	
131	0	
132	0	
133	0	
134	0	
135	0	
136	0	
137	0	
138	0	
139	0	
140	0	
141	0	
142	0	
143	0	
144	0	
145	0	
146	0	
147	0	
148	0	
149	0	
150	0	
151	0	
152	0	
153	0	
154	0	
155	0	
156	0	
157	0	
158	0	
159	0	
160	0	
161	0	
162	0	
163	0	
164	0	
165	0	
166	2.500000e-005	
167	5.000000e-005	
168	2.500000e-005	
169	0	
170	0	
171	0	
172	0	
173	0	
174	0	
175	0	
176	0	
177	0	
178	0	
179	0	
180	0	
181	0	
182	0	
183	0	
184	0	
185	0	
186	0	
187	0	
188	0	
189	0	
190	0	
191	0	
192	0	
193	0	
194	0	
195	0	
196	0	
197	0	
198	0	
199	0	
200	0	
201	0	
202	0	
203	0	
204	0	
205	0	
206	0	
207	0	
208	0	
209	0	
210	0	
211	0	
212	0	
213	0	
214	0	
215	0	
216	0	
217	0	
218	0	
219	0	
220	0	
221	0	
222	0	
223	0	
224	0	
225	0	
226	0	
227	0	
228	0	
229	0	
230	0	
231	0	
232	0	
233	0	
234	0	
235	0	
236	0	
237	0	
238	0	
239	0	
240	0	
241	0	
242	0	
243	0	
244	0	
245	0	
246	0	
247	0	
248	0	
249	0	
250	0	
251	0	
252	0	
253	0	
254	0	
255	0	
256	0	
257	0	
258	0	
259	0	
260	0	
261	0	
262	0	
263	0	
264	0	
265	0	
266	0	
267	0	
268	0	
269	0	
270	0	
271	0	
272	0	
273	0	
274	0	
275	0	
276	0	
277	0	
278	0	
279	0	
280	0	
281	0	
282	0	
283	0	
284	0	
285	0	
286	0	
287	0	
288	0	
289	0	
290	0	
291	0	
292	0	
293	0	
294	0	
295	0	
296	0	
297	0	
298	0	
299	0	
300	0	
301	0	
302	0	
303	0	
304	0	
305	0	
306	0	
307	0	
308	0	
309	0	
310	0	
311	0	
312	0	
313	0	
314	2.500000e-005	
315	5.000000e-005	
316	5.000000e-005	
317	7.500000e-005	
318	1.000000e-004	
319	5.000000e-005	
320	2.500000e-005	
321	2.500000e-005	
322	2.500000e-005	
323	2.500000e-005	
324	2.500000e-005	
325	2.500000e-005	
326	5.000000e-005	
327	2.500000e-005	
328	5.000000e-005	
329	5.000000e-005	
330	2.500000e-005	
331	5.000000e-005	
332	2.500000e-005	
333	2.500000e-005	
334	5.000000e-005	
335	2.500000e-005	
336	2.500000e-005	
337	0	
338	0	
339	0	
340	0	
341	0	
342	0	
343	0	
344	0	
345	0	
346	0	
347	0	
348	0	
349	0	
350	0	
351	0	
352	0	
353	0	
354	0	
355	0	
356	0	
357	0	
358	0	
359	0	
360	0	
361	0	
362	0	
363	0	
364	0	
365	0	
366	0	
367	0	
368	0	
369	0	
370	0	
371	0	
372	0	
373	0	
374	0	
375	0	
376	0	
377	0	
378	0	
379	0	
380	0	
381	0	
382	0	
383	0	
384	0	
385	0	
386	0	
387	0	
388	0	
389	0	
390	0	
391	2.500000e-005	
392	5.000000e-005	
393	7.500000e-005	
394	7.500000e-005	
395	0	
396	0	
397	0	
398	0	
399	0	
400	0	
401	0	
402	0	
403	0	
404	0	
405	0	
406	0	
407	0	
408	0	
409	0	
410	0	
411	0	
412	0	
413	0	
414	0	
415	0	
416	0	
417	0	
418	0	
419	0	
420	0	
421	0	
422	0	
423	0	
424	0	
425	0	
426	0	
427	0	
428	0	
429	0	
430	0	
431	0	
432	0	
433	0	
434	0	
435	0	
436	0	
437	0	
438	0	
439	0	
440	0	
441	0	
442	0	
443	2.500000e-005	
444	1.000000e-004	
445	1.000000e-004	
446	5.000000e-005	
447	5.000000e-005	
448	2.500000e-005	
449	5.000000e-005	
450	0	
451	0	
452	0	
453	0	
454	0	
455	0	
456	0	
457	0	
458	0	
459	0	
460	0	
461	0	
462	0	
463	0	
464	0	
465	0	
466	0	
467	0	
468	0	
469	0	
470	0	
471	0	
472	0	
473	0	
474	0	
475	0	
476	0	
477	0	
478	0	
479	0	
480	0	
481	0	
482	0	
483	0	
484	2.500000e-005	
485	5.000000e-005	
486	7.500000e-005	
487	1.000000e-004	
488	2.250000e-004	
489	1.500000e-004	
490	2.000000e-004	
491	1.750000e-004	
492	1.500000e-004	
493	1.500000e-004	
494	1.750000e-004	
495	1.250000e-004	
496	1.250000e-004	
497	1.250000e-004	
498	1.250000e-004	
499	1.250000e-004	
500	2.500000e-004	
501	3.000000e-004	
502	2.500000e-004	
503	2.500000e-004	
504	2.000000e-004	
505	2.750000e-004	
506	2.750000e-004	
507	4.000000e-004	
508	3.500000e-004	
509	3.500000e-004	
510	3.750000e-004	
511	4.250000e-004	
512	5.000000e-004	
513	5.000000e-004	
514	4.500000e-004	
515	4.000000e-004	
516	4.750000e-004	
517	5.250000e-004	
518	6.000000e-004	
519	6.000000e-004	
520	6.500000e-004	
521	7.000000e-004	
522	7.500000e-004	
523	8.500000e-004	
524	6.500000e-004	
525	6.750000e-004	
526	6.000000e-004	
527	5.500000e-004	
528	6.000000e-004	
529	8.000000e-004	
530	6.500000e-004	
531	5.500000e-004	
532	5.500000e-004	
533	7.250000e-004	
534	5.250000e-004	
535	5.750000e-004	
536	6.750000e-004	
537	7.000000e-004	
538	6.750000e-004	
539	4.750000e-004	
540	4.500000e-004	
541	5.000000e-004	
542	5.750000e-004	
543	5.500000e-004	
544	4.500000e-004	
545	5.000000e-004	
546	3.750000e-004	
547	3.500000e-004	
548	4.750000e-004	
549	7.500000e-004	
550	8.000000e-004	
551	7.750000e-004	
552	8.750000e-004	
553	8.000000e-004	
554	7.750000e-004	
555	8.000000e-004	
556	6.250000e-004	
557	7.750000e-004	
558	9.500000e-004	
559	1.225000e-003	
560	1.125000e-003	
561	1.450000e-003	
562	1.525000e-003	
563	1.425000e-003	
564	1.400000e-003	
565	1.300000e-003	
566	1.200000e-003	
567	1.225000e-003	
568	1.050000e-003	
569	1.125000e-003	
570	1.175000e-003	
571	9.750000e-004	
572	9.000000e-004	
573	8.250000e-004	
574	1.150000e-003	
575	1.175000e-003	
576	1.100000e-003	
577	1.275000e-003	
578	1.175000e-003	
579	7.500000e-004	
580	7.250000e-004	
581	6.500000e-004	
582	6.000000e-004	
583	8.000000e-004	
584	9.000000e-004	
585	1.050000e-003	
586	1.200000e-003	
587	1.000000e-003	
588	8.250000e-004	
589	8.000000e-004	
590	8.750000e-004	
591	9.000000e-004	
592	9.250000e-004	
593	1.100000e-003	
594	1.000000e-003	
595	1.150000e-003	
596	1.050000e-003	
597	9.500000e-004	
598	1.000000e-003	
599	1.200000e-003	
600	1.375000e-003	
601	1.600000e-003	
602	1.600000e-003	
603	1.525000e-003	
604	1.725000e-003	
605	1.975000e-003	
606	1.625000e-003	
607	1.975000e-003	
608	1.750000e-003	
609	1.600000e-003	
610	1.700000e-003	
611	1.775000e-003	
612	1.775000e-003	
613	1.850000e-003	
614	1.800000e-003	
615	2.150000e-003	
616	2.025000e-003	
617	1.775000e-003	
618	1.675000e-003	
619	1.725000e-003	
620	1.900000e-003	
621	1.550000e-003	
622	1.650000e-003	
623	1.775000e-003	
624	1.550000e-003	
625	1.775000e-003	
626	1.675000e-003	
627	1.675000e-003	
628	1.450000e-003	
629	9.500000e-004	
630	1.050000e-003	
631	1.075000e-003	
632	1.325000e-003	
633	1.175000e-003	
634	1.075000e-003	
635	1.050000e-003	
636	1.200000e-003	
637	1.225000e-003	
638	1.225000e-003	
639	1.250000e-003	
640	1.275000e-003	
641	1.325000e-003	
642	1.325000e-003	
643	1.500000e-003	
644	1.750000e-003	
645	1.675000e-003	
646	1.825000e-003	
647	1.725000e-003	
648	1.700000e-003	
649	1.725000e-003	
650	1.775000e-003	
651	1.925000e-003	
652	1.550000e-003	
653	1.125000e-003	
654	1.250000e-003	
655	1.250000e-003	
656	1.325000e-003	
657	1.200000e-003	
658	1.100000e-003	
659	1.175000e-003	
660	1.100000e-003	
661	1.150000e-003	
662	1.500000e-003	
663	1.325000e-003	
664	1.125000e-003	
665	1.375000e-003	
666	1.450000e-003	
667	1.400000e-003	
668	1.125000e-003	
669	1.250000e-003	
670	1.150000e-003	
671	1.375000e-003	
672	1.500000e-003	
673	1.500000e-003	
674	1.475000e-003	
675	1.475000e-003	
676	1.725000e-003	
677	1.875000e-003	
678	1.550000e-003	
679	1.275000e-003	
680	1.275000e-003	
681	1.350000e-003	
682	1.375000e-003	
683	1.675000e-003	
684	1.750000e-003	
685	1.650000e-003	
686	1.450000e-003	
687	1.525000e-003	
688	1.425000e-003	
689	1.350000e-003	
690	1.300000e-003	
691	1.300000e-003	
692	9.750000e-004	
693	9.250000e-004	
694	1.200000e-003	
695	1.350000e-003	
696	1.225000e-003	
697	1.175000e-003	
698	1.350000e-003	
699	1.250000e-003	
700	1.150000e-003	
701	1.100000e-003	
702	1.250000e-003	
703	1.450000e-003	
704	1.450000e-003	
705	1.325000e-003	
706	1.350000e-003	
707	1.100000e-003	
708	1.575000e-003	
709	1.475000e-003	
710	1.700000e-003	
711	1.400000e-003	
712	1.800000e-003	
713	1.675000e-003	
714	1.600000e-003	
715	1.675000e-003	
716	1.550000e-003	
717	1.725000e-003	
718	1.900000e-003	
719	1.925000e-003	
720	1.600000e-003	
721	1.675000e-003	
722	1.600000e-003	
723	1.675000e-003	
724	1.300000e-003	
725	1.375000e-003	
726	1.500000e-003	
727	1.575000e-003	
728	1.700000e-003	
729	1.525000e-003	
730	1.425000e-003	
731	1.450000e-003	
732	1.375000e-003	
733	1.750000e-003	
734	1.650000e-003	
735	1.575000e-003	
736	1.525000e-003	
737	1.325000e-003	
738	1.250000e-003	
739	1.175000e-003	
740	1.250000e-003	
741	1.025000e-003	
742	8.250000e-004	
743	1.000000e-003	
744	7.500000e-004	
745	7.750000e-004	
746	8.750000e-004	
747	1.000000e-003	
748	1.200000e-003	
749	1.275000e-003	
750	1.450000e-003	
751	1.475000e-003	
752	1.525000e-003	
753	1.575000e-003	
754	1.475000e-003	
755	1.475000e-003	
756	1.400000e-003	
757	1.375000e-003	
758	1.200000e-003	
759	1.150000e-003	
760	1.500000e-003	
761	1.175000e-003	
762	1.200000e-003	
763	1.400000e-003	
764	1.375000e-003	
765	1.550000e-003	
766	1.300000e-003	
767	1.050000e-003	
768	1.150000e-003	
769	7.750000e-004	
770	8.000000e-004	
771	8.750000e-004	
772	8.500000e-004	
773	8.750000e-004	
774	1.000000e-003	
775	1.175000e-003	
776	1.275000e-003	
777	1.350000e-003	
778	1.125000e-003	
779	1.000000e-003	
780	1.025000e-003	
781	1.025000e-003	
782	8.750000e-004	
783	6.750000e-004	
784	6.500000e-004	
785	5.250000e-004	
786	6.500000e-004	
787	6.000000e-004	
788	6.750000e-004	
789	9.250000e-004	
790	6.750000e-004	
791	7.500000e-004	
792	9.250000e-004	
793	1.025000e-003	
794	1.050000e-003	
795	1.250000e-003	
796	1.000000e-003	
797	1.150000e-003	
798	1.075000e-003	
799	1.125000e-003	
800	1.075000e-003	
801	1.000000e-003	
802	1.200000e-003	
803	1.375000e-003	
804	1.375000e-003	
805	1.475000e-003	
806	1.300000e-003	
807	9.000000e-004	
808	9.000000e-004	
809	1.100000e-003	
810	1.125000e-003	
811	1.350000e-003	
812	1.175000e-003	
813	8.750000e-004	
814	8.000000e-004	
815	6.000000e-004	
816	6.250000e-004	
817	7.750000e-004	
818	6.250000e-004	
819	7.250000e-004	
820	6.250000e-004	
821	4.000000e-004	
822	1.750000e-004	
823	2.250000e-004	
824	3.250000e-004	
825	3.250000e-004	
826	2.250000e-004	
827	1.500000e-004	
828	1.500000e-004	
829	2.500000e-004	
830	2.500000e-004	
831	2.250000e-004	
832	2.750000e-004	
833	2.000000e-004	
834	3.000000e-004	
835	1.250000e-004	
836	1.500000e-004	
837	2.000000e-004	
838	1.000000e-004	
839	7.500000e-005	
840	7.500000e-005	
841	7.500000e-005	
842	7.500000e-005	
843	7.500000e-005	
844	7.500000e-005	
845	1.000000e-004	
846	1.250000e-004	
847	1.500000e-004	
848	2.000000e-004	
849	2.500000e-004	
850	1.750000e-004	
851	1.750000e-004	
852	1.750000e-004	
853	1.750000e-004	
854	2.500000e-004	
855	2.500000e-004	
856	2.750000e-004	
857	2.750000e-004	
858	4.000000e-004	
859	4.750000e-004	
860	4.500000e-004	
861	3.750000e-004	
862	4.000000e-004	
863	2.500000e-004	
864	2.500000e-004	
865	3.750000e-004	
866	3.250000e-004	
867	3.750000e-004	
868	4.250000e-004	
869	4.250000e-004	
870	4.500000e-004	
871	4.000000e-004	
872	3.250000e-004	
873	2.750000e-004	
874	1.250000e-004	
875	1.750000e-004	
876	1.000000e-004	
877	1.750000e-004	
878	2.500000e-004	
879	3.000000e-004	
880	4.000000e-004	
881	4.250000e-004	
882	3.750000e-004	
883	6.500000e-004	
884	5.500000e-004	
885	5.000000e-004	
886	4.750000e-004	
887	3.250000e-004	
888	4.000000e-004	
889	4.750000e-004	
890	5.000000e-004	
891	4.250000e-004	
892	5.000000e-004	
893	5.250000e-004	
894	5.500000e-004	
895	4.000000e-004	
896	5.250000e-004	
897	5.250000e-004	
898	6.750000e-004	
899	5.500000e-004	
900	5.250000e-004	
901	5.500000e-004	
902	7.250000e-004	
903	6.000000e-004	
904	4.750000e-004	
905	2.250000e-004	
906	2.500000e-004	
907	4.000000e-004	
908	6.750000e-004	
909	5.750000e-004	
910	6.000000e-004	
911	6.500000e-004	
912	4.250000e-004	
913	4.000000e-004	
914	3.500000e-004	
915	3.750000e-004	
916	5.250000e-004	
917	4.750000e-004	
918	5.250000e-004	
919	6.000000e-004	
920	5.750000e-004	
921	9.250000e-004	
922	8.000000e-004	
923	6.500000e-004	
924	7.500000e-004	
925	6.750000e-004	
926	6.000000e-004	
927	7.500000e-004	
928	6.500000e-004	
929	6.000000e-004	
930	5.250000e-004	
931	6.500000e-004	
932	4.500000e-004	
933	4.000000e-004	
934	4.500000e-004	
935	5.250000e-004	
936	5.250000e-004	
937	5.500000e-004	
938	5.250000e-004	
939	6.500000e-004	
940	6.500000e-004	
941	6.750000e-004	
942	6.750000e-004	
943	7.750000e-004	
944	6.250000e-004	
945	5.750000e-004	
946	5.750000e-004	
947	6.500000e-004	
948	5.750000e-004	
949	5.750000e-004	
950	5.500000e-004	
951	5.250000e-004	
952	4.250000e-004	
953	2.750000e-004	
954	2.250000e-004	
955	2.500000e-004	
956	4.250000e-004	
957	3.250000e-004	
958	5.000000e-004	
959	4.250000e-004	
960	4.500000e-004	
961	6.500000e-004	
962	5.500000e-004	
963	6.500000e-004	
964	5.250000e-004	
965	5.500000e-004	
966	5.250000e-004	
967	7.000000e-004	
968	6.000000e-004	
969	5.000000e-004	
970	4.500000e-004	
971	5.000000e-004	
972	4.500000e-004	
973	5.000000e-004	
974	3.250000e-004	
975	5.000000e-004	
976	5.750000e-004	
977	4.500000e-004	
978	6.000000e-004	
979	5.250000e-004	
980	5.000000e-004	
981	5.500000e-004	
982	6.000000e-004	
983	4.750000e-004	
984	5.000000e-004	
985	5.750000e-004	
986	4.000000e-004	
987	4.250000e-004	
988	5.250000e-004	
989	5.000000e-004	
990	5.000000e-004	
991	6.500000e-004	
992	5.500000e-004	
993	5.750000e-004	
994	4.250000e-004	
995	4.500000e-004	
996	4.250000e-004	
997	4.000000e-004	
998	2.250000e-004	
999	2.250000e-004	
1000	3.000000e-004	
1001	1.250000e-004	
1002	1.000000e-004	
1003	1.500000e-004	
1004	1.000000e-004	
1005	1.000000e-004	
1006	1.500000e-004	
1007	1.250000e-004	
1008	1.500000e-004	
1009	1.000000e-004	
1010	7.500000e-005	
1011	0	
1012	0	
1013	0	
1014	0	
1015	0	
1016	0	
1017	0	
1018	0	
1019	0	
1020	0	
1021	0	
1022	0	
1023	0	
1024	0	
1025	0	
1026	0	
1027	0	
1028	0	
1029	0	
1030	0	
1031	0	
1032	0	
1033	0	
1034	0	
1035	2.500000e-005	
1036	5.000000e-005	
1037	5.000000e-005	
1038	1.250000e-004	
1039	1.750000e-004	
1040	1.000000e-004	
1041	1.250000e-004	
1042	1.500000e-004	
1043	2.000000e-004	
1044	1.500000e-004	
1045	1.250000e-004	
1046	1.250000e-004	
1047	1.750000e-004	
1048	2.000000e-004	
1049	1.500000e-004	
1050	1.750000e-004	
1051	1.000000e-004	
1052	1.000000e-004	
1053	1.000000e-004	
1054	1.250000e-004	
1055	7.500000e-005	
1056	1.000000e-004	
1057	1.250000e-004	
1058	1.000000e-004	
1059	1.750000e-004	
1060	2.250000e-004	
1061	2.500000e-004	
1062	2.500000e-004	
1063	3.500000e-004	
1064	3.500000e-004	
1065	3.500000e-004	
1066	4.000000e-004	
1067	4.000000e-004	
1068	3.750000e-004	
1069	3.500000e-004	
1070	3.250000e-004	
1071	2.500000e-004	
1072	3.000000e-004	
1073	2.750000e-004	
1074	2.250000e-004	
1075	1.750000e-004	
1076	1.500000e-004	
1077	1.500000e-004	
1078	7.500000e-005	
1079	7.500000e-005	
1080	1.250000e-004	
1081	2.250000e-004	
1082	5.000000e-005	
1083	5.000000e-005	
1084	2.500000e-005	
1085	0	
1086	0	
1087	0	
1088	0	
1089	0	
1090	0	
1091	0	
1092	0	
1093	0	
1094	0	
1095	0	
1096	0	
1097	0	
1098	0	
1099	0	
1100	0	
1101	0	
1102	0	
1103	2.500000e-005	
1104	2.500000e-005	
1105	5.000000e-005	
1106	5.000000e-005	
1107	7.500000e-005	
1108	7.500000e-005	
1109	5.000000e-005	
1110	0	
1111	0	
1112	0	
1113	0	
1114	0	
1115	0	
1116	0	
1117	0	
1118	0	
1119	0	
1120	0	
1121	0	
1122	0	
1123	0	
1124	0	
1125	0	
1126	0	
1127	0	
1128	0	
1129	0	
1130	0	
1131	0	
1132	0	
1133	0	
1134	0	
1135	0	
1136	0	
1137	0	
1138	0	
1139	0	
1140	0	
1141	0	
1142	0	
1143	0	
1144	0	
1145	0	
1146	0	
1147	0	
1148	0	
1149	0	
1150	2.500000e-005	
1151	5.000000e-005	
1152	1.250000e-004	
1153	2.500000e-005	
1154	0	
1155	0	
1156	0	
1157	0	
1158	0	
1159	0	
1160	0	
1161	0	
1162	0	
1163	0	
1164	0	
1165	0	
1166	0	
1167	0	
1168	0	
1169	2.500000e-005	
1170	2.500000e-005	
1171	5.000000e-005	
1172	7.500000e-005	
1173	7.500000e-005	
1174	2.500000e-005	
1175	5.000000e-005	
1176	0	
1177	0	
1178	0	
1179	0	
1180	0	
1181	0	
1182	0	
1183	0	
1184	0	
1185	0	
1186	0	
1187	0	
1188	2.500000e-005	
1189	2.500000e-005	
1190	2.500000e-005	
1191	5.000000e-005	
1192	2.500000e-005	
1193	0	
1194	0	
1195	0	
1196	0	
1197	0	
1198	0	
1199	0	
1200	0	
1201	0	
1202	0	
1203	0	
1204	0	
1205	0	
1206	0	
1207	0	
1208	0	
1209	0	
1210	0	
1211	0	
1212	0	
1213	0	
1214	0	
1215	2.500000e-005	
1216	5.000000e-005	
1217	0	
1218	0	
1219	0	
1220	0	
1221	0	
1222	0	
1223	0	
1224	0	
1225	0	
1226	0	
1227	0	
1228	0	
1229	0	
1230	0	
1231	0	
1232	0	
1233	0	
1234	0	
1235	0	
1236	0	
1237	0	
1238	0	
1239	0	
1240	0	
1241	0	
1242	0	
1243	0	
1244	0	
1245	0	
1246	0	
1247	0	
1248	0	
1249	0	
1250	0	
1251	0	
1252	0	
1253	2.500000e-005	
1254	7.500000e-005	
1255	1.500000e-004	
1256	1.750000e-004	
1257	1.250000e-004	
1258	1.500000e-004	
1259	1.000000e-004	
1260	5.000000e-005	
1261	2.500000e-005	
1262	0	
1263	0	
1264	0	
1265	0	
1266	0	
1267	0	
1268	0	
1269	0	
1270	0	
1271	0	
1272	0	
1273	0	
1274	0	
1275	0	
1276	0	
1277	0	
1278	0	
1279	0	
1280	0	
1281	0	
1282	0	
1283	2.500000e-005	
1284	5.000000e-005	
1285	5.000000e-005	
1286	2.500000e-005	
1287	2.500000e-005	
1288	5.000000e-005	
1289	7.500000e-005	
1290	5.000000e-005	
1291	1.250000e-004	
1292	1.750000e-004	
1293	1.000000e-004	
1294	1.250000e-004	
1295	1.250000e-004	
1296	1.750000e-004	
1297	1.750000e-004	
1298	1.500000e-004	
1299	7.500000e-005	
1300	1.000000e-004	
1301	7.500000e-005	
1302	1.250000e-004	
1303	1.500000e-004	
1304	5.000000e-005	
1305	1.250000e-004	
1306	2.500000e-005	
1307	5.000000e-005	
1308	2.500000e-005	
1309	5.000000e-005	
1310	7.500000e-005	
1311	5.000000e-005	
1312	7.500000e-005	
1313	1.250000e-004	
1314	1.750000e-004	
1315	2.000000e-004	
1316	1.250000e-004	
1317	1.000000e-004	
1318	1.250000e-004	
1319	1.750000e-004	
1320	1.250000e-004	
1321	5.000000e-005	
1322	1.000000e-004	
1323	2.500000e-005	
1324	2.500000e-005	
1325	5.000000e-005	
1326	5.000000e-005	
1327	5.000000e-005	
1328	5.000000e-005	
1329	7.500000e-005	
1330	7.500000e-005	
1331	1.000000e-004	
1332	1.000000e-004	
1333	5.000000e-005	
1334	5.000000e-005	
1335	5.000000e-005	
1336	1.000000e-004	
1337	2.500000e-005	
1338	5.000000e-005	
1339	0	
1340	0	
1341	0	
1342	0	
1343	0	
1344	0	
1345	0	
1346	0	
1347	0	
1348	0	
1349	0	
1350	2.500000e-005	
1351	0	
1352	0	
1353	0	
1354	0	
1355	0	
1356	0	
1357	0	
1358	2.500000e-005	
1359	2.500000e-005	
1360	2.500000e-005	
1361	2.500000e-005	
1362	7.500000e-005	
1363	1.000000e-004	
1364	1.250000e-004	
1365	2.250000e-004	
1366	1.000000e-004	
1367	1.250000e-004	
1368	1.750000e-004	
1369	1.750000e-004	
1370	2.000000e-004	
1371	3.000000e-004	
1372	3.250000e-004	
1373	3.500000e-004	
1374	2.500000e-004	
1375	1.750000e-004	
1376	2.000000e-004	
1377	1.500000e-004	
1378	1.250000e-004	
1379	1.750000e-004	
1380	5.000000e-005	
1381	5.000000e-005	
1382	1.000000e-004	
1383	7.500000e-005	
1384	2.500000e-005	
1385	5.000000e-005	
1386	5.000000e-005	
1387	5.000000e-005	
1388	5.000000e-005	
1389	1.000000e-004	
1390	7.500000e-005	
1391	1.750000e-004	
1392	2.500000e-004	
1393	2.000000e-004	
1394	2.250000e-004	
1395	1.750000e-004	
1396	2.250000e-004	
1397	2.250000e-004	
1398	2.500000e-004	
1399	3.000000e-004	
1400	2.000000e-004	
1401	1.500000e-004	
1402	2.000000e-004	
1403	2.750000e-004	
1404	2.250000e-004	
1405	2.750000e-004	
1406	3.750000e-004	
1407	4.250000e-004	
1408	3.500000e-004	
1409	4.000000e-004	
1410	4.000000e-004	
1411	5.250000e-004	
1412	4.750000e-004	
1413	5.500000e-004	
1414	4.500000e-004	
1415	5.250000e-004	
1416	7.000000e-004	
1417	6.750000e-004	
1418	6.250000e-004	
1419	5.250000e-004	
1420	5.750000e-004	
1421	6.500000e-004	
1422	6.250000e-004	
1423	5.000000e-004	
1424	7.000000e-004	
1425	6.500000e-004	
1426	5.500000e-004	
1427	5.500000e-004	
1428	6.000000e-004	
1429	4.500000e-004	
1430	4.000000e-004	
1431	4.000000e-004	
1432	5.500000e-004	
1433	6.500000e-004	
1434	6.000000e-004	
1435	5.250000e-004	
1436	4.250000e-004	
1437	4.500000e-004	
1438	5.500000e-004	
1439	4.750000e-004	
1440	2.500000e-004	
1441	3.250000e-004	
1442	2.000000e-004	
1443	2.000000e-004	
1444	1.750000e-004	
1445	1.500000e-004	
1446	1.750000e-004	
1447	1.500000e-004	
1448	3.500000e-004	
1449	4.250000e-004	
1450	3.500000e-004	
1451	5.250000e-004	
1452	4.750000e-004	
1453	5.000000e-004	
1454	2.500000e-004	
1455	4.000000e-004	
1456	3.250000e-004	
1457	3.500000e-004	
1458	2.000000e-004	
1459	1.500000e-004	
1460	1.250000e-004	
1461	7.500000e-005	
1462	1.000000e-004	
1463	1.250000e-004	
1464	7.500000e-005	
1465	0	
1466	0	
1467	0	
1468	2.500000e-005	
1469	5.000000e-005	
1470	1.250000e-004	
1471	1.250000e-004	
1472	1.500000e-004	
1473	1.750000e-004	
1474	1.250000e-004	
1475	2.000000e-004	
1476	2.750000e-004	
1477	3.000000e-004	
1478	3.000000e-004	
1479	4.250000e-004	
1480	5.000000e-004	
1481	4.000000e-004	
1482	3.250000e-004	
1483	3.000000e-004	
1484	3.750000e-004	
1485	3.250000e-004	
1486	3.500000e-004	
1487	3.250000e-004	
1488	2.500000e-004	
1489	2.500000e-004	
1490	2.500000e-004	
1491	2.750000e-004	
1492	3.250000e-004	
1493	4.000000e-004	
1494	4.500000e-004	
1495	3.750000e-004	
1496	3.500000e-004	
1497	4.500000e-004	
1498	4.250000e-004	
1499	4.000000e-004	
1500	5.500000e-004	
1501	6.250000e-004	
1502	6.750000e-004	
1503	5.750000e-004	
1504	5.250000e-004	
1505	6.000000e-004	
1506	4.500000e-004	
1507	5.250000e-004	
1508	6.500000e-004	
1509	6.750000e-004	
1510	6.250000e-004	
1511	6.500000e-004	
1512	5.750000e-004	
1513	4.500000e-004	
1514	5.500000e-004	
1515	5.250000e-004	
1516	5.500000e-004	
1517	5.750000e-004	
1518	5.000000e-004	
1519	4.000000e-004	
1520	4.750000e-004	
1521	5.500000e-004	
1522	6.250000e-004	
1523	8.250000e-004	
1524	9.500000e-004	
1525	1.050000e-003	
1526	9.500000e-004	
1527	7.500000e-004	
1528	9.500000e-004	
1529	9.250000e-004	
1530	9.500000e-004	
1531	8.250000e-004	
1532	7.250000e-004	
1533	8.000000e-004	
1534	6.750000e-004	
1535	6.500000e-004	
1536	6.500000e-004	
1537	4.750000e-004	
1538	5.000000e-004	
1539	4.500000e-004	
1540	4.250000e-004	
1541	6.750000e-004	
1542	6.750000e-004	
1543	5.500000e-004	
1544	6.750000e-004	
1545	5.750000e-004	
1546	4.000000e-004	
1547	4.750000e-004	
1548	5.500000e-004	
1549	4.250000e-004	
1550	4.750000e-004	
1551	5.250000e-004	
1552	5.500000e-004	
1553	5.500000e-004	
1554	6.500000e-004	
1555	5.750000e-004	
1556	7.250000e-004	
1557	6.500000e-004	
1558	7.000000e-004	
1559	7.000000e-004	
1560	7.500000e-004	
1561	7.750000e-004	
1562	8.750000e-004	
1563	9.500000e-004	
1564	8.750000e-004	
1565	8.250000e-004	
1566	1.100000e-003	
1567	1.100000e-003	
1568	1.025000e-003	
1569	8.000000e-004	
1570	9.500000e-004	
1571	1.225000e-003	
1572	1.050000e-003	
1573	7.750000e-004	
1574	8.750000e-004	
1575	6.500000e-004	
1576	7.500000e-004	
1577	7.500000e-004	
1578	7.250000e-004	
1579	5.500000e-004	
1580	9.000000e-004	
1581	8.500000e-004	
1582	8.000000e-004	
1583	6.250000e-004	
1584	7.250000e-004	
1585	6.500000e-004	
1586	5.750000e-004	
1587	5.500000e-004	
1588	4.750000e-004	
1589	5.000000e-004	
1590	4.000000e-004	
1591	4.250000e-004	
1592	4.500000e-004	
1593	5.000000e-004	
1594	4.500000e-004	
1595	3.500000e-004	
1596	2.750000e-004	
1597	2.750000e-004	
1598	3.750000e-004	
1599	4.500000e-004	
1600	5.000000e-004	
1601	4.500000e-004	
1602	5.250000e-004	
1603	5.750000e-004	
1604	5.250000e-004	
1605	5.000000e-004	
1606	4.500000e-004	
1607	4.250000e-004	
1608	5.000000e-004	
1609	5.000000e-004	
1610	5.750000e-004	
1611	5.500000e-004	
1612	6.500000e-004	
1613	6.750000e-004	
1614	7.500000e-004	
1615	6.500000e-004	
1616	5.750000e-004	
1617	6.250000e-004	
1618	5.500000e-004	
1619	5.750000e-004	
1620	4.250000e-004	
1621	3.250000e-004	
1622	2.250000e-004	
1623	1.750000e-004	
1624	2.000000e-004	
1625	1.750000e-004	
1626	1.250000e-004	
1627	1.250000e-004	
1628	5.000000e-005	
1629	7.500000e-005	
1630	7.500000e-005	
1631	1.000000e-004	
1632	1.500000e-004	
1633	1.000000e-004	
1634	1.250000e-004	
1635	1.250000e-004	
1636	2.250000e-004	
1637	2.000000e-004	
1638	2.250000e-004	
1639	2.750000e-004	
1640	3.500000e-004	
1641	3.750000e-004	
1642	2.750000e-004	
1643	2.500000e-004	
1644	2.500000e-004	
1645	3.250000e-004	
1646	3.000000e-004	
1647	2.250000e-004	
1648	1.750000e-004	
1649	3.250000e-004	
1650	2.000000e-004	
1651	1.750000e-004	
1652	2.250000e-004	
1653	2.250000e-004	
1654	2.250000e-004	
1655	2.500000e-004	
1656	3.250000e-004	
1657	2.000000e-004	
1658	2.250000e-004	
1659	1.500000e-004	
1660	1.000000e-004	
1661	2.500000e-004	
1662	2.000000e-004	
1663	2.500000e-004	
1664	3.750000e-004	
1665	5.000000e-004	
1666	5.500000e-004	
1667	4.000000e-004	
1668	3.750000e-004	
1669	3.000000e-004	
1670	3.750000e-004	
1671	3.750000e-004	
1672	4.500000e-004	
1673	3.750000e-004	
1674	4.000000e-004	
1675	3.750000e-004	
1676	3.750000e-004	
1677	3.500000e-004	
1678	5.750000e-004	
1679	5.250000e-004	
1680	5.250000e-004	
1681	3.250000e-004	
1682	4.000000e-004	
1683	3.750000e-004	
1684	3.750000e-004	
1685	3.750000e-004	
1686	4.000000e-004	
1687	4.750000e-004	
1688	5.750000e-004	
1689	5.500000e-004	
1690	5.250000e-004	
1691	4.500000e-004	
1692	4.000000e-004	
1693	2.750000e-004	
1694	4.000000e-004	
1695	4.000000e-004	
1696	4.000000e-004	
1697	4.000000e-004	
1698	4.750000e-004	
1699	5.500000e-004	
1700	5.250000e-004	
1701	6.000000e-004	
1702	6.500000e-004	
1703	7.250000e-004	
1704	6.000000e-004	
1705	4.250000e-004	
1706	4.750000e-004	
1707	3.500000e-004	
1708	3.250000e-004	
1709	4.250000e-004	
1710	3.500000e-004	
1711	4.250000e-004	
1712	3.250000e-004	
1713	4.000000e-004	
1714	3.250000e-004	
1715	3.000000e-004	
1716	3.000000e-004	
1717	3.250000e-004	
1718	2.250000e-004	
1719	3.500000e-004	
1720	2.750000e-004	
1721	3.750000e-004	
1722	4.000000e-004	
1723	5.500000e-004	
1724	7.000000e-004	
1725	5.750000e-004	
1726	6.000000e-004	
1727	6.000000e-004	
1728	5.000000e-004	
1729	5.500000e-004	
1730	6.500000e-004	
1731	7.250000e-004	
1732	6.500000e-004	
1733	7.250000e-004	
1734	6.250000e-004	
1735	5.000000e-004	
1736	5.500000e-004	
1737	5.750000e-004	
1738	5.500000e-004	
1739	5.750000e-004	
1740	7.000000e-004	
1741	5.250000e-004	
1742	7.500000e-004	
1743	8.500000e-004	
1744	8.250000e-004	
1745	8.750000e-004	
1746	8.000000e-004	
1747	7.000000e-004	
1748	7.500000e-004	
1749	7.750000e-004	
1750	7.500000e-004	
1751	6.000000e-004	
1752	4.250000e-004	
1753	4.750000e-004	
1754	7.000000e-004	
1755	5.750000e-004	
1756	5.000000e-004	
1757	4.750000e-004	
1758	4.750000e-004	
1759	5.000000e-004	
1760	5.250000e-004	
1761	5.500000e-004	
1762	4.500000e-004	
1763	4.250000e-004	
1764	5.250000e-004	
1765	4.500000e-004	
1766	5.000000e-004	
1767	4.750000e-004	
1768	5.750000e-004	
1769	5.750000e-004	
1770	5.000000e-004	
1771	4.500000e-004	
1772	5.500000e-004	
1773	4.500000e-004	
1774	5.250000e-004	
1775	5.000000e-004	
1776	6.000000e-004	
1777	6.000000e-004	
1778	5.750000e-004	
1779	7.250000e-004	
1780	7.500000e-004	
1781	8.500000e-004	
1782	7.500000e-004	
1783	6.250000e-004	
1784	6.000000e-004	
1785	7.500000e-004	
1786	8.750000e-004	
1787	8.500000e-004	
1788	9.000000e-004	
1789	7.500000e-004	
1790	7.000000e-004	
1791	9.000000e-004	
1792	1.025000e-003	
1793	9.500000e-004	
1794	9.500000e-004	
1795	1.150000e-003	
1796	1.275000e-003	
1797	1.300000e-003	
1798	1.125000e-003	
1799	1.100000e-003	
1800	1.175000e-003	
1801	1.200000e-003	
1802	1.225000e-003	
1803	1.150000e-003	
1804	1.025000e-003	
1805	1.250000e-003	
1806	1.325000e-003	
1807	1.275000e-003	
1808	1.300000e-003	
1809	1.300000e-003	
1810	1.275000e-003	
1811	1.225000e-003	
1812	1.200000e-003	
1813	1.300000e-003	
1814	9.500000e-004	
1815	8.000000e-004	
1816	9.500000e-004	
1817	9.000000e-004	
1818	8.250000e-004	
1819	9.250000e-004	
1820	7.250000e-004	
1821	7.000000e-004	
1822	7.500000e-004	
1823	7.000000e-004	
1824	8.000000e-004	
1825	6.250000e-004	
1826	7.500000e-004	
1827	8.000000e-004	
1828	9.250000e-004	
1829	1.025000e-003	
1830	9.750000e-004	
1831	9.750000e-004	
1832	9.750000e-004	
1833	8.000000e-004	
1834	1.025000e-003	
1835	1.000000e-003	
1836	7.750000e-004	
1837	9.250000e-004	
1838	8.500000e-004	
1839	9.750000e-004	
1840	8.500000e-004	
1841	8.750000e-004	
1842	6.750000e-004	
1843	8.000000e-004	
1844	8.000000e-004	
1845	8.250000e-004	
1846	8.000000e-004	
1847	7.750000e-004	
1848	9.000000e-004	
1849	8.750000e-004	
1850	8.500000e-004	
1851	8.750000e-004	
1852	8.750000e-004	
1853	1.125000e-003	
1854	9.500000e-004	
1855	9.250000e-004	
1856	9.000000e-004	
1857	9.750000e-004	
1858	7.500000e-004	
1859	6.250000e-004	
1860	6.750000e-004	
1861	4.750000e-004	
1862	3.250000e-004	
1863	2.500000e-004	
1864	2.250000e-004	
1865	2.500000e-004	
1866	2.250000e-004	
1867	3.250000e-004	
1868	3.000000e-004	
1869	4.500000e-004	
1870	3.250000e-004	
1871	2.750000e-004	
1872	4.250000e-004	
1873	4.500000e-004	
1874	3.250000e-004	
1875	4.000000e-004	
1876	4.500000e-004	
1877	4.500000e-004	
1878	5.250000e-004	
1879	5.500000e-004	
1880	7.000000e-004	
1881	6.000000e-004	
1882	4.000000e-004	
1883	4.250000e-004	
1884	4.250000e-004	
1885	5.250000e-004	
1886	4.750000e-004	
1887	4.750000e-004	
1888	5.750000e-004	
1889	6.750000e-004	
1890	5.000000e-004	
1891	5.000000e-004	
1892	4.750000e-004	
1893	6.000000e-004	
1894	5.000000e-004	
1895	5.500000e-004	
1896	4.750000e-004	
1897	5.750000e-004	
1898	6.250000e-004	
1899	4.250000e-004	
1900	5.250000e-004	
1901	5.250000e-004	
1902	7.250000e-004	
1903	8.250000e-004	
1904	6.750000e-004	
1905	5.750000e-004	
1906	4.500000e-004	
1907	4.750000e-004	
1908	4.500000e-004	
1909	3.250000e-004	
1910	4.000000e-004	
1911	4.000000e-004	
1912	4.000000e-004	
1913	5.500000e-004	
1914	6.250000e-004	
1915	5.000000e-004	
1916	5.000000e-004	
1917	5.750000e-004	
1918	6.250000e-004	
1919	6.250000e-004	
1920	6.000000e-004	
1921	6.750000e-004	
1922	6.250000e-004	
1923	5.500000e-004	
1924	6.000000e-004	
1925	8.000000e-004	
1926	6.750000e-004	
1927	6.500000e-004	
1928	6.000000e-004	
1929	6.500000e-004	
1930	7.250000e-004	
1931	5.750000e-004	
1932	5.000000e-004	
1933	6.000000e-004	
1934	5.750000e-004	
1935	4.750000e-004	
1936	5.000000e-004	
1937	6.000000e-004	
1938	5.500000e-004	
1939	4.500000e-004	
1940	3.000000e-004	
1941	4.000000e-004	
1942	3.250000e-004	
1943	4.250000e-004	
1944	3.000000e-004	
1945	3.500000e-004	
1946	4.000000e-004	
1947	4.250000e-004	
1948	3.000000e-004	
1949	3.250000e-004	
1950	3.000000e-004	
1951	3.500000e-004	
1952	3.250000e-004	
1953	2.500000e-004	
1954	2.500000e-004	
1955	2.500000e-004	
1956	2.500000e-004	
1957	2.250000e-004	
1958	2.750000e-004	
1959	2.250000e-004	
1960	3.000000e-004	
1961	2.000000e-004	
1962	2.000000e-004	
1963	2.500000e-004	
1964	2.500000e-004	
1965	2.750000e-004	
1966	2.250000e-004	
1967	2.750000e-004	
1968	3.750000e-004	
1969	4.000000e-004	
1970	5.000000e-004	
1971	4.750000e-004	
1972	4.000000e-004	
1973	4.750000e-004	
1974	4.250000e-004	
1975	3.750000e-004	
1976	4.500000e-004	
1977	6.250000e-004	
1978	6.750000e-004	
1979	7.750000e-004	
1980	8.750000e-004	
1981	7.500000e-004	
1982	5.750000e-004	
1983	7.250000e-004	
1984	8.250000e-004	
1985	7.250000e-004	
1986	7.500000e-004	
1987	5.500000e-004	
1988	4.750000e-004	
1989	5.000000e-004	
1990	4.750000e-004	
1991	3.750000e-004	
1992	2.750000e-004	
1993	3.500000e-004	
1994	2.500000e-004	
1995	1.250000e-004	
1996	1.000000e-004	
1997	1.250000e-004	
1998	1.750000e-004	
1999	1.250000e-004	
2000	1.750000e-004	
2001	1.500000e-004	
2002	2.250000e-004	
2003	2.000000e-004	
2004	3.000000e-004	
2005	2.750000e-004	
2006	2.250000e-004	
2007	3.000000e-004	
2008	3.500000e-004	
2009	3.500000e-004	
2010	4.250000e-004	
2011	3.250000e-004	
2012	2.250000e-004	
2013	3.250000e-004	
2014	4.500000e-004	
2015	4.500000e-004	
2016	4.000000e-004	
2017	4.750000e-004	
2018	4.250000e-004	
2019	4.000000e-004	
2020	4.250000e-004	
2021	4.000000e-004	
2022	4.750000e-004	
2023	3.750000e-004	
2024	3.500000e-004	
2025	3.250000e-004	
2026	3.500000e-004	
2027	3.250000e-004	
2028	2.500000e-004	
2029	2.250000e-004	
2030	2.000000e-004	
2031	2.750000e-004	
2032	2.000000e-004	
2033	2.000000e-004	
2034	2.500000e-004	
2035	2.500000e-004	
2036	1.250000e-004	
2037	1.500000e-004	
2038	1.250000e-004	
2039	1.250000e-004	
2040	1.250000e-004	
2041	5.000000e-005	
2042	2.500000e-005	
2043	5.000000e-005	
2044	5.000000e-005	
2045	5.000000e-005	
2046	1.000000e-004	
2047	7.500000e-005	
2048	5.000000e-005	
2049	7.500000e-005	
2050	1.250000e-004	
2051	1.000000e-004	
2052	1.250000e-004	
2053	7.500000e-005	
2054	1.250000e-004	
2055	7.500000e-005	
2056	7.500000e-005	
2057	1.000000e-004	
2058	7.500000e-005	
2059	7.500000e-005	
2060	1.000000e-004	
2061	7.500000e-005	
2062	1.250000e-004	
2063	2.500000e-005	
2064	1.000000e-004	
2065	2.500000e-004	
2066	2.000000e-004	
2067	3.250000e-004	
2068	2.750000e-004	
2069	3.250000e-004	
2070	4.000000e-004	
2071	3.750000e-004	
2072	3.500000e-004	
2073	3.000000e-004	
2074	4.000000e-004	
2075	4.250000e-004	
2076	5.000000e-004	
2077	5.250000e-004	
2078	4.500000e-004	
2079	5.000000e-004	
2080	5.250000e-004	
2081	6.500000e-004	
2082	5.500000e-004	
2083	4.750000e-004	
2084	4.000000e-004	
2085	2.750000e-004	
2086	2.250000e-004	
2087	1.250000e-004	
2088	1.000000e-004	
2089	1.500000e-004	
2090	1.500000e-004	
2091	1.000000e-004	
2092	1.000000e-004	
2093	5.000000e-005	
2094	2.500000e-005	
2095	7.500000e-005	
2096	2.500000e-005	
2097	7.500000e-005	
2098	7.500000e-005	
2099	1.000000e-004	
2100	1.500000e-004	
2101	5.000000e-005	
2102	7.500000e-005	
2103	5.000000e-005	
2104	2.500000e-005	
2105	2.500000e-005	
2106	2.500000e-005	
2107	0	
2108	0	
2109	0	
2110	0	
2111	0	
2112	0	
2113	0	
2114	0	
2115	0	
2116	0	
2117	0	
2118	0	
2119	0	
2120	0	
2121	0	
2122	0	
2123	0	
2124	0	
2125	0	
2126	0	
2127	0	
2128	0	
2129	0	
2130	0	
2131	2.500000e-005	
2132	2.500000e-005	
2133	1.000000e-004	
2134	1.750000e-004	
2135	1.250000e-004	
2136	2.250000e-004	
2137	2.750000e-004	
2138	3.000000e-004	
2139	3.500000e-004	
2140	4.250000e-004	
2141	4.250000e-004	
2142	5.250000e-004	
2143	4.750000e-004	
2144	6.250000e-004	
2145	5.250000e-004	
2146	4.750000e-004	
2147	5.250000e-004	
2148	4.750000e-004	
2149	5.000000e-004	
2150	6.250000e-004	
2151	6.000000e-004	
2152	7.250000e-004	
2153	4.500000e-004	
2154	4.250000e-004	
2155	3.500000e-004	
2156	1.500000e-004	
2157	4.250000e-004	
2158	4.000000e-004	
2159	5.750000e-004	
2160	5.250000e-004	
2161	5.500000e-004	
2162	6.500000e-004	
2163	4.750000e-004	
2164	5.750000e-004	
2165	6.250000e-004	
2166	7.500000e-004	
2167	9.000000e-004	
2168	7.000000e-004	
2169	6.250000e-004	
2170	7.250000e-004	
2171	5.250000e-004	
2172	5.750000e-004	
2173	7.250000e-004	
2174	8.500000e-004	
2175	6.250000e-004	
2176	6.250000e-004	
2177	4.750000e-004	
2178	5.750000e-004	
2179	6.750000e-004	
2180	8.000000e-004	
2181	7.250000e-004	
2182	6.500000e-004	
2183	6.000000e-004	
2184	8.500000e-004	
2185	8.500000e-004	
2186	9.000000e-004	
2187	8.500000e-004	
2188	9.000000e-004	
2189	8.250000e-004	
2190	1.100000e-003	
2191	9.250000e-004	
2192	1.050000e-003	
2193	1.075000e-003	
2194	1.350000e-003	
2195	1.250000e-003	
2196	1.200000e-003	
2197	1.125000e-003	
2198	1.050000e-003	
2199	8.500000e-004	
2200	1.000000e-003	
2201	1.075000e-003	
2202	1.125000e-003	
2203	1.125000e-003	
2204	9.750000e-004	
2205	8.500000e-004	
2206	8.500000e-004	
2207	8.500000e-004	
2208	7.250000e-004	
2209	9.250000e-004	
2210	7.750000e-004	
2211	7.750000e-004	
2212	8.250000e-004	
2213	8.000000e-004	
2214	1.200000e-003	
2215	1.250000e-003	
2216	1.300000e-003	
2217	1.275000e-003	
2218	1.375000e-003	
2219	1.325000e-003	
2220	1.575000e-003	
2221	1.500000e-003	
2222	1.500000e-003	
2223	1.350000e-003	
2224	1.300000e-003	
2225	1.225000e-003	
2226	1.575000e-003	
2227	1.475000e-003	
2228	1.475000e-003	
2229	1.300000e-003	
2230	9.500000e-004	
2231	9.250000e-004	
2232	1.075000e-003	
2233	1.200000e-003	
2234	1.300000e-003	
2235	1.250000e-003	
2236	1.250000e-003	
2237	1.150000e-003	
2238	1.250000e-003	
2239	1.100000e-003	
2240	1.250000e-003	
2241	1.075000e-003	
2242	1.000000e-003	
2243	1.150000e-003	
2244	1.050000e-003	
2245	1.050000e-003	
2246	9.000000e-004	
2247	8.500000e-004	
2248	8.000000e-004	
2249	9.750000e-004	
2250	1.050000e-003	
2251	1.350000e-003	
2252	1.100000e-003	
2253	9.750000e-004	
2254	1.075000e-003	
2255	1.300000e-003	
2256	1.350000e-003	
2257	1.475000e-003	
2258	1.450000e-003	
2259	1.600000e-003	
2260	1.675000e-003	
2261	1.675000e-003	
2262	1.625000e-003	
2263	1.275000e-003	
2264	1.250000e-003	
2265	1.150000e-003	
2266	1.225000e-003	
2267	1.200000e-003	
2268	1.225000e-003	
2269	1.200000e-003	
2270	1.150000e-003	
2271	1.375000e-003	
2272	1.350000e-003	
2273	1.300000e-003	
2274	1.575000e-003	
2275	1.650000e-003	
2276	1.625000e-003	
2277	1.475000e-003	
2278	1.350000e-003	
2279	1.300000e-003	
2280	1.425000e-003	
2281	1.500000e-003	
2282	1.475000e-003	
2283	1.375000e-003	
2284	1.250000e-003	
2285	1.025000e-003	
2286	1.225000e-003	
2287	1.100000e-003	
2288	1.300000e-003	
2289	1.375000e-003	
2290	1.275000e-003	
2291	1.750000e-003	
2292	1.725000e-003	
2293	1.525000e-003	
2294	1.475000e-003	
2295	1.375000e-003	
2296	1.075000e-003	
2297	1.375000e-003	
2298	1.150000e-003	
2299	1.100000e-003	
2300	1.100000e-003	
2301	1.325000e-003	
2302	1.225000e-003	
2303	1.400000e-003	
2304	1.350000e-003	
2305	1.575000e-003	
2306	1.625000e-003	
2307	1.550000e-003	
2308	1.500000e-003	
2309	1.375000e-003	
2310	1.275000e-003	
2311	8.500000e-004	
2312	8.500000e-004	
2313	8.500000e-004	
2314	8.250000e-004	
2315	1.000000e-003	
2316	9.000000e-004	
2317	8.500000e-004	
2318	7.000000e-004	
2319	8.500000e-004	
2320	7.000000e-004	
2321	6.500000e-004	
2322	7.500000e-004	
2323	7.750000e-004	
2324	6.000000e-004	
2325	5.250000e-004	
2326	4.750000e-004	
2327	4.250000e-004	
2328	5.000000e-004	
2329	5.250000e-004	
2330	6.750000e-004	
2331	5.250000e-004	
2332	3.750000e-004	
2333	4.000000e-004	
2334	4.250000e-004	
2335	4.750000e-004	
2336	5.500000e-004	
2337	5.000000e-004	
2338	4.250000e-004	
2339	4.500000e-004	
2340	4.750000e-004	
2341	4.750000e-004	
2342	5.250000e-004	
2343	5.500000e-004	
2344	5.750000e-004	
2345	6.500000e-004	
2346	6.000000e-004	
2347	6.250000e-004	
2348	7.250000e-004	
2349	8.750000e-004	
2350	7.500000e-004	
2351	7.750000e-004	
2352	6.250000e-004	
2353	6.000000e-004	
2354	7.750000e-004	
2355	7.250000e-004	
2356	7.750000e-004	
2357	7.500000e-004	
2358	7.750000e-004	
2359	8.750000e-004	
2360	1.025000e-003	
2361	1.050000e-003	
2362	1.150000e-003	
2363	1.175000e-003	
2364	1.100000e-003	
2365	9.500000e-004	
2366	1.000000e-003	
2367	8.250000e-004	
2368	8.500000e-004	
2369	8.000000e-004	
2370	6.000000e-004	
2371	6.250000e-004	
2372	6.500000e-004	
2373	6.500000e-004	
2374	6.250000e-004	
2375	5.500000e-004	
2376	6.500000e-004	
2377	6.500000e-004	
2378	7.500000e-004	
2379	6.500000e-004	
2380	7.500000e-004	
2381	7.500000e-004	
2382	9.000000e-004	
2383	8.250000e-004	
2384	6.000000e-004	
2385	6.750000e-004	
2386	8.250000e-004	
2387	8.000000e-004	
2388	5.750000e-004	
2389	5.500000e-004	
2390	6.250000e-004	
2391	7.250000e-004	
2392	6.250000e-004	
2393	5.000000e-004	
2394	6.250000e-004	
2395	8.000000e-004	
2396	8.500000e-004	
2397	6.250000e-004	
2398	7.500000e-004	
2399	7.250000e-004	
2400	6.500000e-004	
2401	6.500000e-004	
2402	5.250000e-004	
2403	4.000000e-004	
2404	4.250000e-004	
2405	5.750000e-004	
2406	5.500000e-004	
2407	5.500000e-004	
2408	4.250000e-004	
2409	4.500000e-004	
2410	3.750000e-004	
2411	3.750000e-004	
2412	3.000000e-004	
2413	1.500000e-004	
2414	1.000000e-004	
2415	5.000000e-005	
2416	2.500000e-005	
2417	2.500000e-005	
2418	5.000000e-005	
2419	5.000000e-005	
2420	0	
2421	0	
2422	0	
2423	0	
2424	0	
2425	0	
2426	0	
2427	0	
2428	0	
2429	0	
2430	0	
2431	0	
2432	0	
2433	0	
2434	0	
2435	0	
2436	0	
2437	0	
2438	0	
2439	0	
2440	0	
2441	0	
2442	0	
2443	0	
2444	0	
2445	0	
2446	0	
2447	0	
2448	0	
2449	0	
2450	0	
2451	0	
2452	0	
2453	0	
2454	0	
2455	0	
2456	0	
2457	0	
2458	0	
2459	0	
2460	0	
2461	0	
2462	0	
2463	0	
2464	0	
2465	0	
2466	0	
2467	0	
2468	0	
2469	0	
2470	0	
2471	0	
2472	0	
2473	0	
2474	0	
2475	0	
2476	0	
2477	0	
2478	0	
2479	0	
2480	0	
2481	0	
2482	0	
2483	0	
2484	0	
2485	0	
2486	0	
2487	0	
2488	0	
2489	0	
2490	0	
2491	0	
2492	0	
2493	0	
2494	0	
2495	0	
2496	0	
2497	0	
2498	0	
2499	0	
2500	0	
2501	0	
2502	0	
2503	0	
2504	0	
2505	0	
2506	0	
2507	0	
2508	0	
2509	0	
2510	0	
2511	0	
2512	0	
2513	0	
2514	0	
2515	0	
2516	0	
2517	0	
2518	0	
2519	0	
2520	0	
2521	0	
2522	0	
2523	0	
2524	0	
2525	0	
2526	0	
2527	0	
2528	0	
2529	0	
2530	0	
2531	0	
2532	0	
2533	0	
2534	0	
2535	0	
2536	0	
2537	0	
2538	0	
2539	0	
2540	0	
2541	2.500000e-005	
2542	5.000000e-005	
2543	2.500000e-005	
2544	7.500000e-005	
2545	1.250000e-004	
2546	1.250000e-004	
2547	1.250000e-004	
2548	1.250000e-004	
2549	1.250000e-004	
2550	1.500000e-004	
2551	1.750000e-004	
2552	2.750000e-004	
2553	2.000000e-004	
2554	1.750000e-004	
2555	1.500000e-004	
2556	1.250000e-004	
2557	7.500000e-005	
2558	7.500000e-005	
2559	5.000000e-005	
2560	5.000000e-005	
2561	2.500000e-005	
2562	2.500000e-005	
2563	7.500000e-005	
2564	5.000000e-005	
2565	2.500000e-005	
2566	5.000000e-005	
2567	5.000000e-005	
2568	1.000000e-004	
2569	7.500000e-005	
2570	7.500000e-005	
2571	5.000000e-005	
2572	1.000000e-004	
2573	5.000000e-005	
2574	0	
2575	0	
2576	2.500000e-005	
2577	0	
2578	0	
2579	0	
2580	0	
2581	0	
2582	0	
2583	0	
2584	0	
2585	0	
2586	0	
2587	0	
2588	0	
2589	0	
2590	0	
2591	0	
2592	0	
2593	0	
2594	0	
2595	0	
2596	0	
2597	2.500000e-005	
2598	2.500000e-005	
2599	7.500000e-005	
2600	7.500000e-005	
2601	7.500000e-005	
2602	1.000000e-004	
2603	1.000000e-004	
2604	1.250000e-004	
2605	1.000000e-004	
2606	7.500000e-005	
2607	7.500000e-005	
2608	7.500000e-005	
2609	1.500000e-004	
2610	2.000000e-004	
2611	1.750000e-004	
2612	1.750000e-004	
2613	1.250000e-004	
2614	7.500000e-005	
2615	5.000000e-005	
2616	5.000000e-005	
2617	7.500000e-005	
2618	7.500000e-005	
2619	1.000000e-004	
2620	5.000000e-005	
2621	1.250000e-004	
2622	5.000000e-005	
2623	7.500000e-005	
2624	1.000000e-004	
2625	1.500000e-004	
2626	2.500000e-005	
2627	2.500000e-005	
2628	5.000000e-005	
2629	5.000000e-005	
2630	1.500000e-004	
2631	2.500000e-005	
2632	2.500000e-005	
2633	5.000000e-005	
2634	5.000000e-005	
2635	5.000000e-005	
2636	5.000000e-005	
2637	5.000000e-005	
2638	0	
2639	0	
2640	0	
2641	0	
2642	0	
2643	0	
2644	0	
2645	0	
2646	0	
2647	0	
2648	0	
2649	0	
2650	0	
2651	0	
2652	0	
2653	0	
2654	0	
2655	0	
2656	0	
2657	0	
2658	0	
2659	0	
2660	2.500000e-005	
2661	5.000000e-005	
2662	5.000000e-005	
2663	2.500000e-005	
2664	5.000000e-005	
2665	5.000000e-005	
2666	7.500000e-005	
2667	1.000000e-004	
2668	7.500000e-005	
2669	5.000000e-005	
2670	5.000000e-005	
2671	5.000000e-005	
2672	7.500000e-005	
2673	7.500000e-005	
2674	7.500000e-005	
2675	1.500000e-004	
2676	7.500000e-005	
2677	5.000000e-005	
2678	5.000000e-005	
2679	7.500000e-005	
2680	1.000000e-004	
2681	7.500000e-005	
2682	7.500000e-005	
2683	1.000000e-004	
2684	1.250000e-004	
2685	1.000000e-004	
2686	1.000000e-004	
2687	1.000000e-004	
2688	1.500000e-004	
2689	1.000000e-004	
2690	1.250000e-004	
2691	1.000000e-004	
2692	1.500000e-004	
2693	1.000000e-004	
2694	2.500000e-005	
2695	2.500000e-005	
2696	2.500000e-005	
2697	7.500000e-005	
2698	1.000000e-004	
2699	1.500000e-004	
2700	1.750000e-004	
2701	7.500000e-005	
2702	2.500000e-005	
2703	0	
2704	0	
2705	0	
2706	0	
2707	0	
2708	0	
2709	0	
2710	2.500000e-005	
2711	0	
2712	0	
2713	0	
2714	0	
2715	0	
2716	0	
2717	0	
2718	0	
2719	0	
2720	0	
2721	0	
2722	0	
2723	0	
2724	0	
2725	0	
2726	0	
2727	0	
2728	0	
2729	0	
2730	0	
2731	0	
2732	0	
2733	0	
2734	0	
2735	0	
2736	0	
2737	0	
2738	0	
2739	0	
2740	0	
2741	0	
2742	0	
2743	0	
2744	0	
2745	0	
2746	0	
2747	0	
2748	0	
2749	0	
2750	0	
2751	0	
2752	0	
2753	0	
2754	0	
2755	0	
2756	0	
2757	0	
2758	0	
2759	0	
2760	0	
2761	0	
2762	0	
2763	0	
2764	0	
2765	0	
2766	0	
2767	0	
2768	0	
2769	0	
2770	2.500000e-005	
2771	7.500000e-005	
2772	1.250000e-004	
2773	1.000000e-004	
2774	2.500000e-005	
2775	5.000000e-005	
2776	5.000000e-005	
2777	1.250000e-004	
2778	1.250000e-004	
2779	2.250000e-004	
2780	2.500000e-004	
2781	2.250000e-004	
2782	2.250000e-004	
2783	2.000000e-004	
2784	3.000000e-004	
2785	2.500000e-004	
2786	2.750000e-004	
2787	1.500000e-004	
2788	2.000000e-004	
2789	1.250000e-004	
2790	1.500000e-004	
2791	1.500000e-004	
2792	1.500000e-004	
2793	1.750000e-004	
2794	2.000000e-004	
2795	2.000000e-004	
2796	2.500000e-004	
2797	1.750000e-004	
2798	2.500000e-004	
2799	1.750000e-004	
2800	7.500000e-005	
2801	1.250000e-004	
2802	1.500000e-004	
2803	1.250000e-004	
2804	1.000000e-004	
2805	1.250000e-004	
2806	2.000000e-004	
2807	3.250000e-004	
2808	4.000000e-004	
2809	4.750000e-004	
2810	3.750000e-004	
2811	4.250000e-004	
2812	3.500000e-004	
2813	3.500000e-004	
2814	3.750000e-004	
2815	5.000000e-004	
2816	3.250000e-004	
2817	2.250000e-004	
2818	1.750000e-004	
2819	1.500000e-004	
2820	1.250000e-004	
2821	1.000000e-004	
2822	7.500000e-005	
2823	5.000000e-005	
2824	5.000000e-005	
2825	1.000000e-004	
2826	1.000000e-004	
2827	1.000000e-004	
2828	7.500000e-005	
2829	5.000000e-005	
2830	2.500000e-005	
2831	2.500000e-005	
2832	5.000000e-005	
2833	1.000000e-004	
2834	1.000000e-004	
2835	1.000000e-004	
2836	1.750000e-004	
2837	5.000000e-005	
2838	0	
2839	0	
2840	0	
2841	5.000000e-005	
2842	7.500000e-005	
2843	1.250000e-004	
2844	1.750000e-004	
2845	2.000000e-004	
2846	2.250000e-004	
2847	2.250000e-004	
2848	2.000000e-004	
2849	2.000000e-004	
2850	1.750000e-004	
2851	1.750000e-004	
2852	1.000000e-004	
2853	1.000000e-004	
2854	1.500000e-004	
2855	2.000000e-004	
2856	2.000000e-004	
2857	3.250000e-004	
2858	3.500000e-004	
2859	3.750000e-004	
2860	4.250000e-004	
2861	4.250000e-004	
2862	3.500000e-004	
2863	4.000000e-004	
2864	2.500000e-004	
2865	1.500000e-004	
2866	2.000000e-004	
2867	2.500000e-004	
2868	2.500000e-004	
2869	2.750000e-004	
2870	2.500000e-004	
2871	2.500000e-004	
2872	4.250000e-004	
2873	4.250000e-004	
2874	4.750000e-004	
2875	5.750000e-004	
2876	5.000000e-004	
2877	4.000000e-004	
2878	3.000000e-004	
2879	3.750000e-004	
2880	4.000000e-004	
2881	4.750000e-004	
2882	6.250000e-004	
2883	4.250000e-004	
2884	4.000000e-004	
2885	3.750000e-004	
2886	3.750000e-004	
2887	3.500000e-004	
2888	3.250000e-004	
2889	3.500000e-004	
2890	5.250000e-004	
2891	6.000000e-004	
2892	6.000000e-004	
2893	3.750000e-004	
2894	3.000000e-004	
2895	1.750000e-004	
2896	2.250000e-004	
2897	1.750000e-004	
2898	2.000000e-004	
2899	4.000000e-004	
2900	5.500000e-004	
2901	5.750000e-004	
2902	5.250000e-004	
2903	5.750000e-004	
2904	3.500000e-004	
2905	2.250000e-004	
2906	2.500000e-004	
2907	2.250000e-004	
2908	4.500000e-004	
2909	3.250000e-004	
2910	2.500000e-004	
2911	2.250000e-004	
2912	2.750000e-004	
2913	2.500000e-004	
2914	3.250000e-004	
2915	3.500000e-004	
2916	2.500000e-004	
2917	3.500000e-004	
2918	3.250000e-004	
2919	3.500000e-004	
2920	2.750000e-004	
2921	3.250000e-004	
2922	3.000000e-004	
2923	3.500000e-004	
2924	3.000000e-004	
2925	3.500000e-004	
2926	2.500000e-004	
2927	2.750000e-004	
2928	3.500000e-004	
2929	3.250000e-004	
2930	3.750000e-004	
2931	3.000000e-004	
2932	4.000000e-004	
2933	4.750000e-004	
2934	3.750000e-004	
2935	5.500000e-004	
2936	4.500000e-004	
2937	5.000000e-004	
2938	6.500000e-004	
2939	5.250000e-004	
2940	5.000000e-004	
2941	5.000000e-004	
2942	5.250000e-004	
2943	7.000000e-004	
2944	7.000000e-004	
2945	6.500000e-004	
2946	6.500000e-004	
2947	5.750000e-004	
2948	6.000000e-004	
2949	5.750000e-004	
2950	5.500000e-004	
2951	6.500000e-004	
2952	5.000000e-004	
2953	6.250000e-004	
2954	5.500000e-004	
2955	7.750000e-004	
2956	8.500000e-004	
2957	8.500000e-004	
2958	7.250000e-004	
2959	7.500000e-004	
2960	7.000000e-004	
2961	6.000000e-004	
2962	6.750000e-004	
2963	6.000000e-004	
2964	6.000000e-004	
2965	7.000000e-004	
2966	7.500000e-004	
2967	8.500000e-004	
2968	8.750000e-004	
2969	9.250000e-004	
2970	9.000000e-004	
2971	8.750000e-004	
2972	1.025000e-003	
2973	7.750000e-004	
2974	7.500000e-004	
2975	6.500000e-004	
2976	6.500000e-004	
2977	5.500000e-004	
2978	5.750000e-004	
2979	5.250000e-004	
2980	6.500000e-004	
2981	6.250000e-004	
2982	6.250000e-004	
2983	7.500000e-004	
2984	5.500000e-004	
2985	5.000000e-004	
2986	4.000000e-004	
2987	5.000000e-004	
2988	4.500000e-004	
2989	4.500000e-004	
2990	4.250000e-004	
2991	4.500000e-004	
2992	4.250000e-004	
2993	5.250000e-004	
2994	6.500000e-004	
2995	5.750000e-004	
2996	5.000000e-004	
2997	5.500000e-004	
2998	5.250000e-004	
2999	5.000000e-004	
3000	5.500000e-004	
3001	5.250000e-004	
