1	0	
2	0	
3	0	
4	0	
5	0	
6	0	
7	0	
8	0	
9	0	
10	0	
11	0	
12	0	
13	0	
14	0	
15	0	
16	0	
17	0	
18	0	
19	0	
20	0	
21	0	
22	0	
23	0	
24	0	
25	0	
26	0	
27	0	
28	0	
29	0	
30	0	
31	0	
32	0	
33	0	
34	0	
35	0	
36	0	
37	0	
38	0	
39	0	
40	0	
41	0	
42	0	
43	0	
44	0	
45	0	
46	0	
47	0	
48	0	
49	0	
50	0	
51	0	
52	0	
53	0	
54	0	
55	0	
56	0	
57	0	
58	0	
59	0	
60	0	
61	0	
62	0	
63	0	
64	0	
65	0	
66	0	
67	0	
68	0	
69	0	
70	0	
71	0	
72	0	
73	0	
74	0	
75	0	
76	0	
77	0	
78	0	
79	0	
80	0	
81	0	
82	0	
83	0	
84	0	
85	0	
86	0	
87	0	
88	0	
89	0	
90	0	
91	0	
92	0	
93	0	
94	0	
95	0	
96	0	
97	0	
98	0	
99	0	
100	0	
101	0	
102	0	
103	0	
104	0	
105	0	
106	0	
107	0	
108	0	
109	0	
110	0	
111	0	
112	0	
113	0	
114	0	
115	0	
116	0	
117	0	
118	0	
119	0	
120	0	
121	0	
122	0	
123	0	
124	0	
125	0	
126	0	
127	0	
128	0	
129	0	
130	0	
131	0	
132	0	
133	0	
134	0	
135	0	
136	0	
137	0	
138	0	
139	0	
140	0	
141	0	
142	0	
143	0	
144	0	
145	0	
146	0	
147	0	
148	0	
149	0	
150	0	
151	0	
152	0	
153	0	
154	0	
155	0	
156	0	
157	0	
158	0	
159	0	
160	0	
161	2.500000e-005	
162	5.000000e-005	
163	5.000000e-005	
164	7.500000e-005	
165	5.000000e-005	
166	5.000000e-005	
167	5.000000e-005	
168	2.500000e-005	
169	5.000000e-005	
170	2.500000e-005	
171	2.500000e-005	
172	5.000000e-005	
173	1.000000e-004	
174	7.500000e-005	
175	1.500000e-004	
176	7.500000e-005	
177	7.500000e-005	
178	1.750000e-004	
179	1.250000e-004	
180	1.250000e-004	
181	2.000000e-004	
182	1.000000e-004	
183	7.500000e-005	
184	1.000000e-004	
185	1.500000e-004	
186	1.250000e-004	
187	7.500000e-005	
188	2.500000e-005	
189	2.500000e-005	
190	0	
191	0	
192	0	
193	2.500000e-005	
194	7.500000e-005	
195	7.500000e-005	
196	1.250000e-004	
197	2.000000e-004	
198	1.750000e-004	
199	1.000000e-004	
200	1.250000e-004	
201	1.000000e-004	
202	1.250000e-004	
203	1.500000e-004	
204	1.000000e-004	
205	5.000000e-005	
206	1.000000e-004	
207	5.000000e-005	
208	7.500000e-005	
209	1.250000e-004	
210	1.000000e-004	
211	7.500000e-005	
212	7.500000e-005	
213	1.000000e-004	
214	1.250000e-004	
215	7.500000e-005	
216	1.000000e-004	
217	7.500000e-005	
218	1.000000e-004	
219	1.250000e-004	
220	1.000000e-004	
221	1.500000e-004	
222	2.250000e-004	
223	2.250000e-004	
224	2.000000e-004	
225	2.000000e-004	
226	2.750000e-004	
227	2.750000e-004	
228	3.250000e-004	
229	3.000000e-004	
230	4.250000e-004	
231	5.250000e-004	
232	6.000000e-004	
233	5.000000e-004	
234	5.500000e-004	
235	7.250000e-004	
236	4.750000e-004	
237	3.500000e-004	
238	3.000000e-004	
239	2.750000e-004	
240	2.500000e-004	
241	2.250000e-004	
242	2.750000e-004	
243	2.750000e-004	
244	3.500000e-004	
245	2.250000e-004	
246	3.000000e-004	
247	3.250000e-004	
248	1.750000e-004	
249	2.000000e-004	
250	2.500000e-004	
251	1.750000e-004	
252	2.750000e-004	
253	2.000000e-004	
254	1.000000e-004	
255	2.500000e-005	
256	0	
257	0	
258	0	
259	0	
260	0	
261	0	
262	0	
263	0	
264	0	
265	0	
266	0	
267	0	
268	0	
269	0	
270	0	
271	0	
272	0	
273	0	
274	0	
275	0	
276	2.500000e-005	
277	0	
278	0	
279	0	
280	0	
281	0	
282	0	
283	0	
284	0	
285	0	
286	0	
287	0	
288	0	
289	0	
290	0	
291	0	
292	0	
293	0	
294	0	
295	0	
296	0	
297	0	
298	0	
299	0	
300	0	
301	0	
302	0	
303	0	
304	0	
305	0	
306	0	
307	0	
308	0	
309	0	
310	0	
311	0	
312	0	
313	0	
314	0	
315	0	
316	0	
317	0	
318	0	
319	0	
320	0	
321	0	
322	0	
323	0	
324	0	
325	0	
326	0	
327	0	
328	0	
329	0	
330	0	
331	0	
332	0	
333	0	
334	0	
335	0	
336	0	
337	0	
338	0	
339	0	
340	0	
341	0	
342	0	
343	0	
344	0	
345	0	
346	0	
347	0	
348	0	
349	0	
350	0	
351	2.500000e-005	
352	5.000000e-005	
353	5.000000e-005	
354	7.500000e-005	
355	1.000000e-004	
356	2.250000e-004	
357	1.750000e-004	
358	2.500000e-004	
359	3.000000e-004	
360	2.000000e-004	
361	1.500000e-004	
362	1.000000e-004	
363	5.000000e-005	
364	2.500000e-005	
365	2.500000e-005	
366	5.000000e-005	
367	5.000000e-005	
368	5.000000e-005	
369	2.500000e-005	
370	2.500000e-005	
371	0	
372	0	
373	0	
374	0	
375	0	
376	0	
377	0	
378	0	
379	0	
380	0	
381	2.500000e-005	
382	2.500000e-005	
383	2.500000e-005	
384	7.500000e-005	
385	7.500000e-005	
386	1.250000e-004	
387	1.250000e-004	
388	1.000000e-004	
389	2.250000e-004	
390	2.500000e-004	
391	2.750000e-004	
392	2.750000e-004	
393	2.250000e-004	
394	1.500000e-004	
395	1.000000e-004	
396	1.000000e-004	
397	1.500000e-004	
398	2.500000e-005	
399	0	
400	0	
401	0	
402	0	
403	0	
404	0	
405	0	
406	0	
407	0	
408	0	
409	0	
410	0	
411	0	
412	0	
413	0	
414	0	
415	2.500000e-005	
416	7.500000e-005	
417	7.500000e-005	
418	5.000000e-005	
419	5.000000e-005	
420	7.500000e-005	
421	1.500000e-004	
422	2.000000e-004	
423	1.250000e-004	
424	7.500000e-005	
425	7.500000e-005	
426	5.000000e-005	
427	0	
428	0	
429	0	
430	0	
431	0	
432	0	
433	0	
434	0	
435	0	
436	0	
437	0	
438	0	
439	0	
440	0	
441	0	
442	0	
443	0	
444	0	
445	0	
446	0	
447	2.500000e-005	
448	0	
449	0	
450	2.500000e-005	
451	0	
452	0	
453	0	
454	0	
455	0	
456	0	
457	0	
458	0	
459	0	
460	0	
461	0	
462	0	
463	0	
464	0	
465	0	
466	0	
467	0	
468	0	
469	0	
470	0	
471	0	
472	0	
473	0	
474	0	
475	0	
476	0	
477	0	
478	2.500000e-005	
479	5.000000e-005	
480	2.500000e-005	
481	7.500000e-005	
482	1.000000e-004	
483	1.000000e-004	
484	1.750000e-004	
485	2.750000e-004	
486	3.250000e-004	
487	3.500000e-004	
488	4.250000e-004	
489	5.750000e-004	
490	4.750000e-004	
491	5.000000e-004	
492	5.250000e-004	
493	6.500000e-004	
494	8.000000e-004	
495	6.750000e-004	
496	5.750000e-004	
497	5.250000e-004	
498	4.750000e-004	
499	4.500000e-004	
500	5.500000e-004	
501	7.000000e-004	
502	8.000000e-004	
503	1.000000e-003	
504	9.000000e-004	
505	9.000000e-004	
506	9.250000e-004	
507	9.500000e-004	
508	1.100000e-003	
509	1.150000e-003	
510	1.250000e-003	
511	1.400000e-003	
512	1.475000e-003	
513	1.725000e-003	
514	1.500000e-003	
515	1.575000e-003	
516	1.750000e-003	
517	2.225000e-003	
518	2.225000e-003	
519	2.225000e-003	
520	2.275000e-003	
521	2.225000e-003	
522	2.200000e-003	
523	2.300000e-003	
524	2.500000e-003	
525	2.850000e-003	
526	2.925000e-003	
527	3.175000e-003	
528	2.875000e-003	
529	2.825000e-003	
530	2.825000e-003	
531	2.925000e-003	
532	3.200000e-003	
533	3.075000e-003	
534	3.075000e-003	
535	3.600000e-003	
536	3.875000e-003	
537	4.500000e-003	
538	4.000000e-003	
539	3.950000e-003	
540	4.000000e-003	
541	4.300000e-003	
542	4.150000e-003	
543	4.400000e-003	
544	4.550000e-003	
545	4.925000e-003	
546	4.925000e-003	
547	4.725000e-003	
548	4.500000e-003	
549	4.650000e-003	
550	4.350000e-003	
551	4.475000e-003	
552	4.400000e-003	
553	4.550000e-003	
554	4.325000e-003	
555	4.900000e-003	
556	5.100000e-003	
557	5.625000e-003	
558	5.550000e-003	
559	6.000000e-003	
560	5.600000e-003	
561	5.600000e-003	
562	5.900000e-003	
563	5.625000e-003	
564	5.200000e-003	
565	5.400000e-003	
566	5.875000e-003	
567	5.775000e-003	
568	5.950000e-003	
569	5.375000e-003	
570	5.525000e-003	
571	5.075000e-003	
572	4.800000e-003	
573	4.975000e-003	
574	4.375000e-003	
575	4.625000e-003	
576	5.000000e-003	
577	6.125000e-003	
578	6.075000e-003	
579	6.600000e-003	
580	6.250000e-003	
581	6.725000e-003	
582	6.775000e-003	
583	6.300000e-003	
584	6.150000e-003	
585	6.250000e-003	
586	6.800000e-003	
587	6.175000e-003	
588	5.925000e-003	
589	6.575000e-003	
590	6.625000e-003	
591	7.050000e-003	
592	6.925000e-003	
593	6.375000e-003	
594	6.125000e-003	
595	6.175000e-003	
596	6.400000e-003	
597	6.275000e-003	
598	6.375000e-003	
599	6.500000e-003	
600	6.250000e-003	
601	6.650000e-003	
602	6.325000e-003	
603	6.025000e-003	
604	6.025000e-003	
605	5.975000e-003	
606	5.800000e-003	
607	5.750000e-003	
608	5.450000e-003	
609	5.200000e-003	
610	5.275000e-003	
611	5.050000e-003	
612	4.825000e-003	
613	4.550000e-003	
614	4.800000e-003	
615	4.575000e-003	
616	4.225000e-003	
617	4.450000e-003	
618	3.875000e-003	
619	3.400000e-003	
620	3.825000e-003	
621	3.700000e-003	
622	2.750000e-003	
623	2.250000e-003	
624	1.925000e-003	
625	1.800000e-003	
626	1.650000e-003	
627	1.575000e-003	
628	1.375000e-003	
629	1.450000e-003	
630	1.550000e-003	
631	1.275000e-003	
632	1.125000e-003	
633	9.000000e-004	
634	8.500000e-004	
635	7.750000e-004	
636	7.750000e-004	
637	6.500000e-004	
638	6.250000e-004	
639	5.750000e-004	
640	5.750000e-004	
641	6.500000e-004	
642	5.500000e-004	
643	6.000000e-004	
644	4.750000e-004	
645	2.250000e-004	
646	1.000000e-004	
647	1.000000e-004	
648	1.500000e-004	
649	1.250000e-004	
650	7.500000e-005	
651	5.000000e-005	
652	1.250000e-004	
653	1.000000e-004	
654	7.500000e-005	
655	1.250000e-004	
656	5.000000e-005	
657	5.000000e-005	
658	0	
659	0	
660	0	
661	0	
662	0	
663	0	
664	0	
665	0	
666	0	
667	0	
668	0	
669	0	
670	0	
671	0	
672	0	
673	0	
674	0	
675	0	
676	0	
677	0	
678	0	
679	0	
680	0	
681	0	
682	0	
683	0	
684	0	
685	0	
686	0	
687	0	
688	0	
689	0	
690	0	
691	0	
692	0	
693	0	
694	0	
695	0	
696	0	
697	0	
698	0	
699	0	
700	0	
701	0	
702	0	
703	0	
704	0	
705	0	
706	0	
707	0	
708	0	
709	0	
710	0	
711	0	
712	0	
713	0	
714	0	
715	0	
716	0	
717	0	
718	0	
719	0	
720	0	
721	0	
722	0	
723	0	
724	0	
725	0	
726	0	
727	2.500000e-005	
728	2.500000e-005	
729	5.000000e-005	
730	2.500000e-005	
731	0	
732	0	
733	0	
734	0	
735	0	
736	0	
737	0	
738	0	
739	0	
740	0	
741	0	
742	0	
743	0	
744	0	
745	0	
746	0	
747	0	
748	0	
749	0	
750	0	
751	0	
752	0	
753	0	
754	0	
755	0	
756	0	
757	0	
758	0	
759	0	
760	0	
761	0	
762	0	
763	2.500000e-005	
764	0	
765	0	
766	0	
767	0	
768	0	
769	0	
770	0	
771	0	
772	0	
773	0	
774	0	
775	0	
776	0	
777	0	
778	0	
779	0	
780	0	
781	0	
782	0	
783	0	
784	0	
785	0	
786	0	
787	0	
788	0	
789	0	
790	0	
791	0	
792	0	
793	0	
794	0	
795	0	
796	0	
797	0	
798	0	
799	0	
800	0	
801	0	
802	0	
803	0	
804	0	
805	0	
806	0	
807	0	
808	0	
809	0	
810	0	
811	0	
812	0	
813	0	
814	0	
815	0	
816	0	
817	0	
818	0	
819	0	
820	2.500000e-005	
821	2.500000e-005	
822	2.500000e-005	
823	0	
824	0	
825	0	
826	0	
827	0	
828	0	
829	0	
830	0	
831	2.500000e-005	
832	2.500000e-005	
833	5.000000e-005	
834	2.500000e-005	
835	2.500000e-005	
836	0	
837	0	
838	0	
839	0	
840	0	
841	0	
842	0	
843	0	
844	0	
845	0	
846	0	
847	0	
848	0	
849	0	
850	0	
851	0	
852	0	
853	0	
854	0	
855	0	
856	0	
857	0	
858	0	
859	0	
860	0	
861	0	
862	0	
863	0	
864	0	
865	0	
866	0	
867	0	
868	0	
869	0	
870	0	
871	0	
872	0	
873	0	
874	0	
875	0	
876	0	
877	0	
878	0	
879	0	
880	0	
881	0	
882	0	
883	0	
884	0	
885	0	
886	0	
887	0	
888	0	
889	0	
890	0	
891	0	
892	0	
893	0	
894	0	
895	0	
896	0	
897	0	
898	0	
899	0	
900	0	
901	0	
902	0	
903	0	
904	0	
905	0	
906	0	
907	0	
908	0	
909	0	
910	0	
911	0	
912	0	
913	0	
914	0	
915	0	
916	0	
917	0	
918	0	
919	0	
920	0	
921	0	
922	0	
923	0	
924	0	
925	0	
926	0	
927	0	
928	0	
929	0	
930	0	
931	0	
932	0	
933	0	
934	0	
935	2.500000e-005	
936	7.500000e-005	
937	5.000000e-005	
938	2.500000e-005	
939	0	
940	0	
941	0	
942	0	
943	0	
944	0	
945	0	
946	0	
947	0	
948	0	
949	0	
950	0	
951	0	
952	0	
953	0	
954	0	
955	0	
956	0	
957	0	
958	0	
959	0	
960	0	
961	0	
962	0	
963	0	
964	0	
965	0	
966	0	
967	0	
968	0	
969	0	
970	0	
971	0	
972	0	
973	0	
974	0	
975	0	
976	0	
977	0	
978	0	
979	0	
980	0	
981	0	
982	0	
983	0	
984	0	
985	0	
986	0	
987	0	
988	0	
989	0	
990	0	
991	0	
992	0	
993	0	
994	0	
995	0	
996	0	
997	0	
998	0	
999	0	
1000	0	
1001	0	
1002	0	
1003	0	
1004	0	
1005	0	
1006	0	
1007	0	
1008	0	
1009	0	
1010	0	
1011	0	
1012	0	
1013	0	
1014	0	
1015	0	
1016	0	
1017	0	
1018	0	
1019	0	
1020	0	
1021	0	
1022	0	
1023	0	
1024	0	
1025	0	
1026	0	
1027	0	
1028	0	
1029	0	
1030	0	
1031	0	
1032	0	
1033	0	
1034	0	
1035	0	
1036	0	
1037	0	
1038	0	
1039	0	
1040	0	
1041	0	
1042	0	
1043	0	
1044	0	
1045	0	
1046	0	
1047	0	
1048	0	
1049	0	
1050	0	
1051	0	
1052	0	
1053	0	
1054	0	
1055	0	
1056	0	
1057	0	
1058	0	
1059	0	
1060	0	
1061	0	
1062	0	
1063	0	
1064	0	
1065	0	
1066	0	
1067	0	
1068	0	
1069	0	
1070	0	
1071	0	
1072	2.500000e-005	
1073	0	
1074	0	
1075	0	
1076	0	
1077	0	
1078	0	
1079	0	
1080	0	
1081	0	
1082	0	
1083	0	
1084	0	
1085	0	
1086	0	
1087	0	
1088	0	
1089	0	
1090	0	
1091	0	
1092	0	
1093	0	
1094	0	
1095	0	
1096	0	
1097	0	
1098	0	
1099	0	
1100	0	
1101	0	
1102	0	
1103	0	
1104	0	
1105	0	
1106	0	
1107	0	
1108	0	
1109	0	
1110	0	
1111	0	
1112	0	
1113	0	
1114	0	
1115	2.500000e-005	
1116	2.500000e-005	
1117	0	
1118	0	
1119	0	
1120	0	
1121	0	
1122	0	
1123	0	
1124	0	
1125	0	
1126	0	
1127	0	
1128	0	
1129	0	
1130	0	
1131	0	
1132	0	
1133	0	
1134	0	
1135	0	
1136	0	
1137	0	
1138	0	
1139	0	
1140	0	
1141	0	
1142	0	
1143	0	
1144	0	
1145	0	
1146	0	
1147	0	
1148	0	
1149	0	
1150	0	
1151	0	
1152	0	
1153	0	
1154	0	
1155	0	
1156	0	
1157	0	
1158	0	
1159	0	
1160	0	
1161	0	
1162	0	
1163	0	
1164	0	
1165	0	
1166	0	
1167	0	
1168	0	
1169	0	
1170	0	
1171	0	
1172	0	
1173	0	
1174	0	
1175	0	
1176	0	
1177	0	
1178	0	
1179	0	
1180	0	
1181	0	
1182	0	
1183	0	
1184	0	
1185	0	
1186	0	
1187	0	
1188	0	
1189	0	
1190	0	
1191	0	
1192	0	
1193	0	
1194	0	
1195	0	
1196	0	
1197	0	
1198	0	
1199	0	
1200	0	
1201	0	
1202	0	
1203	0	
1204	0	
1205	0	
1206	0	
1207	0	
1208	0	
1209	0	
1210	0	
1211	0	
1212	0	
1213	0	
1214	0	
1215	0	
1216	0	
1217	0	
1218	0	
1219	0	
1220	0	
1221	0	
1222	0	
1223	0	
1224	0	
1225	0	
1226	0	
1227	0	
1228	0	
1229	0	
1230	0	
1231	0	
1232	0	
1233	0	
1234	0	
1235	0	
1236	0	
1237	0	
1238	0	
1239	0	
1240	0	
1241	0	
1242	0	
1243	0	
1244	0	
1245	0	
1246	0	
1247	0	
1248	0	
1249	0	
1250	0	
1251	0	
1252	0	
1253	0	
1254	0	
1255	0	
1256	2.500000e-005	
1257	1.000000e-004	
1258	1.250000e-004	
1259	1.750000e-004	
1260	2.000000e-004	
1261	3.500000e-004	
1262	2.750000e-004	
1263	2.500000e-004	
1264	1.750000e-004	
1265	2.000000e-004	
1266	1.750000e-004	
1267	1.000000e-004	
1268	5.000000e-005	
1269	2.500000e-005	
1270	0	
1271	0	
1272	0	
1273	0	
1274	0	
1275	0	
1276	0	
1277	0	
1278	0	
1279	0	
1280	0	
1281	0	
1282	0	
1283	0	
1284	0	
1285	0	
1286	0	
1287	0	
1288	0	
1289	0	
1290	0	
1291	0	
1292	0	
1293	0	
1294	0	
1295	0	
1296	0	
1297	0	
1298	0	
1299	0	
1300	0	
1301	0	
1302	0	
1303	0	
1304	0	
1305	0	
1306	0	
1307	0	
1308	0	
1309	0	
1310	0	
1311	0	
1312	0	
1313	0	
1314	0	
1315	0	
1316	0	
1317	0	
1318	0	
1319	0	
1320	0	
1321	0	
1322	0	
1323	0	
1324	0	
1325	0	
1326	0	
1327	0	
1328	0	
1329	0	
1330	0	
1331	0	
1332	0	
1333	0	
1334	0	
1335	0	
1336	0	
1337	0	
1338	0	
1339	0	
1340	0	
1341	0	
1342	0	
1343	0	
1344	0	
1345	0	
1346	0	
1347	0	
1348	0	
1349	0	
1350	0	
1351	0	
1352	0	
1353	0	
1354	0	
1355	0	
1356	0	
1357	2.500000e-005	
1358	2.500000e-005	
1359	0	
1360	0	
1361	2.500000e-005	
1362	0	
1363	0	
1364	0	
1365	0	
1366	0	
1367	0	
1368	0	
1369	0	
1370	0	
1371	0	
1372	0	
1373	0	
1374	0	
1375	0	
1376	0	
1377	0	
1378	0	
1379	0	
1380	0	
1381	0	
1382	0	
1383	0	
1384	0	
1385	0	
1386	0	
1387	0	
1388	0	
1389	0	
1390	0	
1391	0	
1392	0	
1393	2.500000e-005	
1394	2.500000e-005	
1395	7.500000e-005	
1396	7.500000e-005	
1397	7.500000e-005	
1398	1.750000e-004	
1399	2.000000e-004	
1400	2.250000e-004	
1401	2.250000e-004	
1402	3.000000e-004	
1403	3.250000e-004	
1404	2.500000e-004	
1405	3.500000e-004	
1406	4.750000e-004	
1407	5.250000e-004	
1408	6.000000e-004	
1409	5.250000e-004	
1410	4.250000e-004	
1411	5.500000e-004	
1412	6.000000e-004	
1413	7.750000e-004	
1414	6.750000e-004	
1415	5.750000e-004	
1416	5.750000e-004	
1417	5.750000e-004	
1418	5.750000e-004	
1419	7.000000e-004	
1420	4.250000e-004	
1421	5.000000e-004	
1422	3.750000e-004	
1423	4.250000e-004	
1424	4.000000e-004	
1425	4.000000e-004	
1426	4.500000e-004	
1427	4.000000e-004	
1428	3.750000e-004	
1429	4.000000e-004	
1430	4.000000e-004	
1431	4.500000e-004	
1432	5.000000e-004	
1433	4.250000e-004	
1434	4.250000e-004	
1435	4.750000e-004	
1436	4.750000e-004	
1437	7.000000e-004	
1438	6.250000e-004	
1439	7.750000e-004	
1440	8.750000e-004	
1441	1.050000e-003	
1442	1.150000e-003	
1443	1.175000e-003	
1444	1.150000e-003	
1445	1.100000e-003	
1446	1.025000e-003	
1447	9.500000e-004	
1448	9.250000e-004	
1449	8.750000e-004	
1450	9.000000e-004	
1451	9.250000e-004	
1452	9.500000e-004	
1453	1.075000e-003	
1454	1.275000e-003	
1455	1.100000e-003	
1456	1.250000e-003	
1457	1.225000e-003	
1458	1.250000e-003	
1459	1.375000e-003	
1460	1.425000e-003	
1461	1.450000e-003	
1462	1.425000e-003	
1463	1.400000e-003	
1464	1.450000e-003	
1465	1.400000e-003	
1466	1.550000e-003	
1467	1.550000e-003	
1468	1.675000e-003	
1469	1.775000e-003	
1470	1.900000e-003	
1471	1.875000e-003	
1472	1.875000e-003	
1473	2.100000e-003	
1474	2.175000e-003	
1475	2.175000e-003	
1476	1.775000e-003	
1477	2.125000e-003	
1478	2.325000e-003	
1479	2.525000e-003	
1480	3.400000e-003	
1481	2.975000e-003	
1482	2.925000e-003	
1483	3.250000e-003	
1484	3.075000e-003	
1485	3.450000e-003	
1486	3.625000e-003	
1487	3.700000e-003	
1488	3.850000e-003	
1489	3.625000e-003	
1490	3.525000e-003	
1491	3.550000e-003	
1492	3.500000e-003	
1493	3.175000e-003	
1494	3.500000e-003	
1495	3.700000e-003	
1496	3.450000e-003	
1497	3.650000e-003	
1498	3.850000e-003	
1499	3.325000e-003	
1500	3.825000e-003	
1501	3.950000e-003	
1502	4.075000e-003	
1503	3.925000e-003	
1504	3.800000e-003	
1505	4.275000e-003	
1506	4.050000e-003	
1507	3.575000e-003	
1508	3.400000e-003	
1509	3.575000e-003	
1510	3.375000e-003	
1511	3.400000e-003	
1512	3.025000e-003	
1513	2.850000e-003	
1514	2.625000e-003	
1515	2.500000e-003	
1516	2.700000e-003	
1517	2.650000e-003	
1518	2.575000e-003	
1519	2.500000e-003	
1520	2.100000e-003	
1521	2.400000e-003	
1522	2.425000e-003	
1523	2.575000e-003	
1524	2.900000e-003	
1525	2.650000e-003	
1526	2.500000e-003	
1527	2.250000e-003	
1528	2.050000e-003	
1529	2.000000e-003	
1530	2.275000e-003	
1531	2.275000e-003	
1532	2.125000e-003	
1533	2.075000e-003	
1534	2.500000e-003	
1535	2.075000e-003	
1536	2.225000e-003	
1537	2.400000e-003	
1538	2.375000e-003	
1539	2.500000e-003	
1540	2.300000e-003	
1541	2.275000e-003	
1542	2.350000e-003	
1543	2.475000e-003	
1544	2.325000e-003	
1545	2.750000e-003	
1546	2.475000e-003	
1547	2.400000e-003	
1548	2.375000e-003	
1549	2.075000e-003	
1550	2.625000e-003	
1551	2.875000e-003	
1552	3.000000e-003	
1553	3.300000e-003	
1554	2.950000e-003	
1555	2.450000e-003	
1556	2.925000e-003	
1557	2.850000e-003	
1558	2.575000e-003	
1559	2.525000e-003	
1560	2.300000e-003	
1561	2.550000e-003	
1562	2.825000e-003	
1563	3.150000e-003	
1564	3.100000e-003	
1565	2.825000e-003	
1566	3.100000e-003	
1567	3.125000e-003	
1568	3.175000e-003	
1569	2.875000e-003	
1570	2.750000e-003	
1571	3.075000e-003	
1572	2.775000e-003	
1573	2.425000e-003	
1574	2.425000e-003	
1575	2.525000e-003	
1576	2.275000e-003	
1577	2.175000e-003	
1578	2.200000e-003	
1579	2.225000e-003	
1580	2.275000e-003	
1581	2.300000e-003	
1582	2.350000e-003	
1583	2.400000e-003	
1584	2.575000e-003	
1585	2.275000e-003	
1586	2.825000e-003	
1587	2.850000e-003	
1588	2.600000e-003	
1589	2.575000e-003	
1590	2.500000e-003	
1591	2.350000e-003	
1592	1.850000e-003	
1593	2.000000e-003	
1594	1.600000e-003	
1595	1.475000e-003	
1596	1.425000e-003	
1597	1.700000e-003	
1598	1.825000e-003	
1599	1.725000e-003	
1600	1.950000e-003	
1601	1.700000e-003	
1602	1.600000e-003	
1603	1.450000e-003	
1604	1.350000e-003	
1605	1.650000e-003	
1606	1.500000e-003	
1607	1.500000e-003	
1608	1.250000e-003	
1609	1.125000e-003	
1610	1.225000e-003	
1611	1.150000e-003	
1612	1.325000e-003	
1613	1.175000e-003	
1614	1.150000e-003	
1615	1.025000e-003	
1616	1.275000e-003	
1617	9.000000e-004	
1618	9.500000e-004	
1619	1.000000e-003	
1620	9.750000e-004	
1621	8.000000e-004	
1622	7.000000e-004	
1623	5.500000e-004	
1624	7.000000e-004	
1625	6.000000e-004	
1626	8.250000e-004	
1627	7.500000e-004	
1628	8.000000e-004	
1629	7.000000e-004	
1630	7.500000e-004	
1631	7.750000e-004	
1632	7.500000e-004	
1633	7.750000e-004	
1634	8.250000e-004	
1635	8.500000e-004	
1636	8.000000e-004	
1637	8.000000e-004	
1638	6.750000e-004	
1639	8.250000e-004	
1640	7.000000e-004	
1641	6.250000e-004	
1642	6.000000e-004	
1643	5.750000e-004	
1644	6.250000e-004	
1645	7.250000e-004	
1646	6.750000e-004	
1647	7.250000e-004	
1648	5.750000e-004	
1649	5.750000e-004	
1650	4.750000e-004	
1651	5.750000e-004	
1652	4.500000e-004	
1653	3.750000e-004	
1654	5.250000e-004	
1655	4.750000e-004	
1656	5.000000e-004	
1657	5.500000e-004	
1658	5.000000e-004	
1659	4.500000e-004	
1660	5.500000e-004	
1661	7.000000e-004	
1662	8.500000e-004	
1663	6.750000e-004	
1664	6.000000e-004	
1665	6.250000e-004	
1666	5.500000e-004	
1667	5.250000e-004	
1668	5.750000e-004	
1669	6.750000e-004	
1670	7.000000e-004	
1671	6.250000e-004	
1672	6.000000e-004	
1673	5.250000e-004	
1674	6.250000e-004	
1675	5.750000e-004	
1676	5.250000e-004	
1677	6.250000e-004	
1678	7.750000e-004	
1679	7.250000e-004	
1680	7.500000e-004	
1681	6.000000e-004	
1682	7.250000e-004	
1683	6.750000e-004	
1684	4.500000e-004	
1685	7.250000e-004	
1686	8.250000e-004	
1687	7.500000e-004	
1688	7.500000e-004	
1689	7.000000e-004	
1690	7.250000e-004	
1691	5.000000e-004	
1692	4.250000e-004	
1693	4.750000e-004	
1694	4.000000e-004	
1695	2.750000e-004	
1696	2.500000e-004	
1697	3.250000e-004	
1698	4.250000e-004	
1699	5.000000e-004	
1700	4.500000e-004	
1701	3.750000e-004	
1702	3.000000e-004	
1703	2.250000e-004	
1704	3.250000e-004	
1705	4.250000e-004	
1706	4.000000e-004	
1707	4.500000e-004	
1708	3.750000e-004	
1709	4.750000e-004	
1710	5.250000e-004	
1711	6.500000e-004	
1712	6.000000e-004	
1713	3.000000e-004	
1714	1.250000e-004	
1715	5.000000e-005	
1716	1.250000e-004	
1717	1.750000e-004	
1718	1.500000e-004	
1719	1.500000e-004	
1720	2.500000e-004	
1721	2.000000e-004	
1722	1.250000e-004	
1723	1.000000e-004	
1724	2.500000e-005	
1725	0	
1726	0	
1727	0	
1728	0	
1729	0	
1730	0	
1731	0	
1732	0	
1733	0	
1734	0	
1735	0	
1736	0	
1737	0	
1738	0	
1739	0	
1740	0	
1741	0	
1742	0	
1743	0	
1744	0	
1745	0	
1746	0	
1747	0	
1748	0	
1749	0	
1750	0	
1751	0	
1752	0	
1753	0	
1754	0	
1755	0	
1756	0	
1757	0	
1758	0	
1759	0	
1760	0	
1761	0	
1762	0	
1763	0	
1764	0	
1765	0	
1766	0	
1767	0	
1768	0	
1769	0	
1770	0	
1771	0	
1772	0	
1773	0	
1774	0	
1775	0	
1776	0	
1777	0	
1778	0	
1779	0	
1780	0	
1781	0	
1782	0	
1783	0	
1784	0	
1785	0	
1786	0	
1787	0	
1788	0	
1789	0	
1790	0	
1791	0	
1792	0	
1793	0	
1794	0	
1795	0	
1796	0	
1797	0	
1798	0	
1799	0	
1800	0	
1801	0	
1802	0	
1803	0	
1804	0	
1805	0	
1806	0	
1807	0	
1808	0	
1809	0	
1810	0	
1811	0	
1812	0	
1813	0	
1814	0	
1815	0	
1816	0	
1817	0	
1818	0	
1819	0	
1820	0	
1821	0	
1822	0	
1823	0	
1824	0	
1825	0	
1826	0	
1827	0	
1828	0	
1829	0	
1830	0	
1831	0	
1832	0	
1833	0	
1834	0	
1835	0	
1836	0	
1837	0	
1838	0	
1839	0	
1840	0	
1841	2.500000e-005	
1842	7.500000e-005	
1843	5.000000e-005	
1844	1.000000e-004	
1845	1.250000e-004	
1846	1.500000e-004	
1847	1.500000e-004	
1848	2.500000e-004	
1849	3.250000e-004	
1850	2.750000e-004	
1851	3.000000e-004	
1852	4.750000e-004	
1853	5.250000e-004	
1854	3.250000e-004	
1855	3.500000e-004	
1856	5.500000e-004	
1857	5.750000e-004	
1858	5.500000e-004	
1859	6.500000e-004	
1860	3.750000e-004	
1861	2.250000e-004	
1862	2.500000e-004	
1863	3.000000e-004	
1864	2.750000e-004	
1865	3.000000e-004	
1866	3.000000e-004	
1867	3.500000e-004	
1868	4.000000e-004	
1869	4.000000e-004	
1870	4.000000e-004	
1871	6.000000e-004	
1872	7.500000e-004	
1873	5.500000e-004	
1874	6.750000e-004	
1875	8.000000e-004	
1876	7.750000e-004	
1877	7.500000e-004	
1878	5.750000e-004	
1879	4.500000e-004	
1880	4.250000e-004	
1881	2.750000e-004	
1882	2.000000e-004	
1883	1.250000e-004	
1884	1.250000e-004	
1885	2.500000e-005	
1886	0	
1887	0	
1888	0	
1889	0	
1890	0	
1891	0	
1892	0	
1893	0	
1894	0	
1895	0	
1896	0	
1897	0	
1898	0	
1899	0	
1900	0	
1901	0	
1902	0	
1903	0	
1904	0	
1905	0	
1906	0	
1907	0	
1908	0	
1909	0	
1910	0	
1911	0	
1912	0	
1913	0	
1914	0	
1915	0	
1916	0	
1917	0	
1918	0	
1919	0	
1920	0	
1921	0	
1922	0	
1923	0	
1924	0	
1925	0	
1926	0	
1927	0	
1928	0	
1929	0	
1930	0	
1931	0	
1932	0	
1933	0	
1934	0	
1935	0	
1936	0	
1937	0	
1938	0	
1939	0	
1940	0	
1941	0	
1942	0	
1943	0	
1944	0	
1945	0	
1946	0	
1947	0	
1948	0	
1949	0	
1950	0	
1951	0	
1952	0	
1953	0	
1954	0	
1955	0	
1956	0	
1957	0	
1958	0	
1959	0	
1960	0	
1961	0	
1962	0	
1963	0	
1964	0	
1965	2.500000e-005	
1966	5.000000e-005	
1967	5.000000e-005	
1968	7.500000e-005	
1969	0	
1970	0	
1971	0	
1972	0	
1973	0	
1974	0	
1975	0	
1976	2.500000e-005	
1977	2.500000e-005	
1978	2.500000e-005	
1979	0	
1980	0	
1981	0	
1982	0	
1983	0	
1984	0	
1985	0	
1986	0	
1987	0	
1988	0	
1989	0	
1990	0	
1991	0	
1992	0	
1993	0	
1994	0	
1995	0	
1996	0	
1997	0	
1998	0	
1999	0	
2000	0	
2001	0	
2002	0	
2003	0	
2004	0	
2005	0	
2006	0	
2007	0	
2008	0	
2009	0	
2010	0	
2011	0	
2012	0	
2013	0	
2014	0	
2015	0	
2016	0	
2017	0	
2018	0	
2019	0	
2020	0	
2021	0	
2022	0	
2023	0	
2024	0	
2025	0	
2026	0	
2027	0	
2028	0	
2029	0	
2030	0	
2031	0	
2032	0	
2033	0	
2034	0	
2035	0	
2036	0	
2037	0	
2038	0	
2039	0	
2040	0	
2041	0	
2042	0	
2043	0	
2044	0	
2045	0	
2046	0	
2047	0	
2048	0	
2049	0	
2050	0	
2051	0	
2052	0	
2053	0	
2054	0	
2055	0	
2056	0	
2057	0	
2058	0	
2059	0	
2060	0	
2061	0	
2062	0	
2063	0	
2064	0	
2065	0	
2066	0	
2067	0	
2068	0	
2069	0	
2070	0	
2071	0	
2072	0	
2073	2.500000e-005	
2074	2.500000e-005	
2075	2.500000e-005	
2076	0	
2077	0	
2078	0	
2079	0	
2080	0	
2081	0	
2082	0	
2083	2.500000e-005	
2084	0	
2085	0	
2086	0	
2087	0	
2088	0	
2089	0	
2090	0	
2091	0	
2092	0	
2093	0	
2094	0	
2095	0	
2096	0	
2097	0	
2098	0	
2099	0	
2100	0	
2101	0	
2102	2.500000e-005	
2103	7.500000e-005	
2104	1.000000e-004	
2105	1.000000e-004	
2106	1.500000e-004	
2107	2.250000e-004	
2108	3.250000e-004	
2109	2.750000e-004	
2110	2.000000e-004	
2111	1.250000e-004	
2112	2.000000e-004	
2113	2.000000e-004	
2114	1.500000e-004	
2115	1.500000e-004	
2116	3.000000e-004	
2117	4.500000e-004	
2118	3.500000e-004	
2119	4.750000e-004	
2120	4.250000e-004	
2121	4.750000e-004	
2122	4.500000e-004	
2123	4.500000e-004	
2124	5.250000e-004	
2125	5.000000e-004	
2126	4.750000e-004	
2127	4.250000e-004	
2128	4.500000e-004	
2129	4.250000e-004	
2130	4.750000e-004	
2131	5.250000e-004	
2132	7.250000e-004	
2133	6.500000e-004	
2134	6.000000e-004	
2135	5.000000e-004	
2136	4.250000e-004	
2137	4.250000e-004	
2138	5.000000e-004	
2139	5.250000e-004	
2140	5.750000e-004	
2141	5.750000e-004	
2142	3.500000e-004	
2143	3.250000e-004	
2144	4.250000e-004	
2145	4.000000e-004	
2146	2.750000e-004	
2147	3.750000e-004	
2148	5.000000e-004	
2149	4.750000e-004	
2150	4.500000e-004	
2151	3.500000e-004	
2152	4.750000e-004	
2153	3.500000e-004	
2154	2.000000e-004	
2155	1.750000e-004	
2156	1.750000e-004	
2157	1.500000e-004	
2158	1.250000e-004	
2159	1.750000e-004	
2160	1.500000e-004	
2161	1.500000e-004	
2162	1.500000e-004	
2163	1.500000e-004	
2164	2.500000e-004	
2165	2.250000e-004	
2166	1.750000e-004	
2167	1.750000e-004	
2168	2.250000e-004	
2169	2.500000e-004	
2170	2.500000e-004	
2171	1.500000e-004	
2172	5.000000e-005	
2173	1.500000e-004	
2174	1.250000e-004	
2175	1.000000e-004	
2176	2.000000e-004	
2177	1.500000e-004	
2178	2.500000e-004	
2179	1.750000e-004	
2180	1.250000e-004	
2181	1.500000e-004	
2182	1.500000e-004	
2183	7.500000e-005	
2184	1.250000e-004	
2185	1.250000e-004	
2186	7.500000e-005	
2187	2.500000e-005	
2188	5.000000e-005	
2189	7.500000e-005	
2190	5.000000e-005	
2191	5.000000e-005	
2192	1.000000e-004	
2193	1.250000e-004	
2194	1.000000e-004	
2195	2.250000e-004	
2196	1.500000e-004	
2197	1.750000e-004	
2198	3.000000e-004	
2199	3.000000e-004	
2200	3.000000e-004	
2201	3.750000e-004	
2202	4.250000e-004	
2203	4.000000e-004	
2204	4.250000e-004	
2205	5.000000e-004	
2206	3.750000e-004	
2207	4.000000e-004	
2208	3.000000e-004	
2209	2.750000e-004	
2210	3.750000e-004	
2211	4.500000e-004	
2212	4.000000e-004	
2213	3.000000e-004	
2214	3.750000e-004	
2215	4.500000e-004	
2216	5.250000e-004	
2217	6.500000e-004	
2218	6.000000e-004	
2219	5.250000e-004	
2220	5.000000e-004	
2221	6.000000e-004	
2222	5.750000e-004	
2223	6.750000e-004	
2224	6.250000e-004	
2225	5.500000e-004	
2226	6.000000e-004	
2227	6.000000e-004	
2228	6.250000e-004	
2229	6.750000e-004	
2230	6.750000e-004	
2231	5.500000e-004	
2232	4.250000e-004	
2233	4.500000e-004	
2234	5.250000e-004	
2235	6.250000e-004	
2236	4.750000e-004	
2237	4.750000e-004	
2238	4.750000e-004	
2239	4.500000e-004	
2240	4.500000e-004	
2241	3.250000e-004	
2242	2.750000e-004	
2243	2.250000e-004	
2244	2.500000e-004	
2245	1.500000e-004	
2246	1.250000e-004	
2247	1.750000e-004	
2248	1.750000e-004	
2249	1.500000e-004	
2250	2.000000e-004	
2251	2.500000e-004	
2252	2.250000e-004	
2253	2.250000e-004	
2254	1.750000e-004	
2255	1.000000e-004	
2256	2.250000e-004	
2257	1.750000e-004	
2258	1.750000e-004	
2259	2.250000e-004	
2260	2.750000e-004	
2261	2.500000e-004	
2262	5.000000e-005	
2263	2.500000e-005	
2264	0	
2265	0	
2266	0	
2267	0	
2268	0	
2269	0	
2270	0	
2271	0	
2272	0	
2273	0	
2274	0	
2275	0	
2276	0	
2277	0	
2278	0	
2279	0	
2280	0	
2281	0	
2282	0	
2283	0	
2284	0	
2285	0	
2286	0	
2287	0	
2288	0	
2289	0	
2290	0	
2291	0	
2292	0	
2293	0	
2294	0	
2295	0	
2296	0	
2297	0	
2298	0	
2299	0	
2300	0	
2301	0	
2302	0	
2303	2.500000e-005	
2304	5.000000e-005	
2305	5.000000e-005	
2306	7.500000e-005	
2307	1.000000e-004	
2308	1.000000e-004	
2309	1.250000e-004	
2310	1.500000e-004	
2311	2.000000e-004	
2312	3.750000e-004	
2313	3.250000e-004	
2314	3.000000e-004	
2315	3.250000e-004	
2316	3.500000e-004	
2317	3.250000e-004	
2318	3.250000e-004	
2319	3.250000e-004	
2320	3.500000e-004	
2321	4.500000e-004	
2322	6.250000e-004	
2323	4.750000e-004	
2324	3.750000e-004	
2325	3.250000e-004	
2326	3.000000e-004	
2327	3.750000e-004	
2328	4.750000e-004	
2329	4.000000e-004	
2330	3.000000e-004	
2331	3.000000e-004	
2332	2.750000e-004	
2333	4.000000e-004	
2334	2.250000e-004	
2335	1.750000e-004	
2336	1.750000e-004	
2337	2.500000e-004	
2338	1.250000e-004	
2339	1.250000e-004	
2340	1.250000e-004	
2341	1.000000e-004	
2342	7.500000e-005	
2343	7.500000e-005	
2344	7.500000e-005	
2345	7.500000e-005	
2346	1.750000e-004	
2347	1.250000e-004	
2348	7.500000e-005	
2349	1.000000e-004	
2350	1.250000e-004	
2351	2.000000e-004	
2352	1.750000e-004	
2353	1.750000e-004	
2354	2.250000e-004	
2355	2.250000e-004	
2356	2.500000e-004	
2357	2.500000e-004	
2358	3.250000e-004	
2359	4.000000e-004	
2360	3.500000e-004	
2361	3.750000e-004	
2362	6.000000e-004	
2363	5.250000e-004	
2364	6.000000e-004	
2365	4.750000e-004	
2366	5.500000e-004	
2367	6.000000e-004	
2368	4.000000e-004	
2369	4.500000e-004	
2370	6.000000e-004	
2371	6.750000e-004	
2372	6.750000e-004	
2373	7.500000e-004	
2374	6.750000e-004	
2375	5.500000e-004	
2376	3.250000e-004	
2377	3.000000e-004	
2378	3.500000e-004	
2379	3.250000e-004	
2380	3.250000e-004	
2381	4.750000e-004	
2382	5.000000e-004	
2383	3.500000e-004	
2384	3.750000e-004	
2385	4.250000e-004	
2386	3.500000e-004	
2387	2.500000e-004	
2388	2.750000e-004	
2389	3.000000e-004	
2390	4.500000e-004	
2391	3.500000e-004	
2392	5.250000e-004	
2393	4.500000e-004	
2394	4.000000e-004	
2395	3.750000e-004	
2396	3.750000e-004	
2397	5.000000e-004	
2398	3.750000e-004	
2399	3.500000e-004	
2400	4.750000e-004	
2401	5.250000e-004	
2402	7.500000e-004	
2403	8.000000e-004	
2404	7.750000e-004	
2405	6.250000e-004	
2406	5.250000e-004	
2407	6.000000e-004	
2408	6.250000e-004	
2409	6.250000e-004	
2410	7.750000e-004	
2411	8.000000e-004	
2412	9.000000e-004	
2413	9.500000e-004	
2414	7.500000e-004	
2415	8.250000e-004	
2416	8.750000e-004	
2417	6.500000e-004	
2418	6.750000e-004	
2419	5.750000e-004	
2420	7.250000e-004	
2421	7.000000e-004	
2422	7.750000e-004	
2423	8.500000e-004	
2424	8.250000e-004	
2425	7.500000e-004	
2426	9.000000e-004	
2427	8.500000e-004	
2428	9.250000e-004	
2429	8.750000e-004	
2430	1.175000e-003	
2431	1.200000e-003	
2432	1.500000e-003	
2433	1.250000e-003	
2434	1.300000e-003	
2435	1.150000e-003	
2436	1.400000e-003	
2437	1.300000e-003	
2438	9.500000e-004	
2439	8.250000e-004	
2440	7.500000e-004	
2441	7.250000e-004	
2442	9.250000e-004	
2443	8.500000e-004	
2444	7.500000e-004	
2445	8.000000e-004	
2446	8.250000e-004	
2447	8.000000e-004	
2448	7.250000e-004	
2449	7.500000e-004	
2450	6.250000e-004	
2451	5.250000e-004	
2452	8.250000e-004	
2453	4.250000e-004	
2454	3.750000e-004	
2455	4.000000e-004	
2456	6.500000e-004	
2457	6.000000e-004	
2458	6.500000e-004	
2459	7.750000e-004	
2460	7.250000e-004	
2461	8.250000e-004	
2462	7.000000e-004	
2463	9.750000e-004	
2464	1.100000e-003	
2465	1.300000e-003	
2466	1.350000e-003	
2467	1.200000e-003	
2468	1.400000e-003	
2469	1.250000e-003	
2470	1.325000e-003	
2471	1.150000e-003	
2472	1.300000e-003	
2473	1.275000e-003	
2474	1.175000e-003	
2475	1.350000e-003	
2476	1.400000e-003	
2477	1.425000e-003	
2478	1.325000e-003	
2479	1.125000e-003	
2480	1.275000e-003	
2481	1.150000e-003	
2482	1.075000e-003	
2483	9.250000e-004	
2484	9.000000e-004	
2485	1.050000e-003	
2486	1.075000e-003	
2487	1.025000e-003	
2488	1.175000e-003	
2489	1.375000e-003	
2490	1.350000e-003	
2491	1.350000e-003	
2492	1.500000e-003	
2493	1.525000e-003	
2494	1.450000e-003	
2495	1.350000e-003	
2496	1.325000e-003	
2497	1.275000e-003	
2498	1.450000e-003	
2499	1.350000e-003	
2500	1.275000e-003	
2501	1.350000e-003	
2502	1.300000e-003	
2503	1.050000e-003	
2504	9.250000e-004	
2505	5.750000e-004	
2506	4.750000e-004	
2507	7.250000e-004	
2508	6.750000e-004	
2509	6.500000e-004	
2510	5.500000e-004	
2511	3.000000e-004	
2512	2.750000e-004	
2513	3.000000e-004	
2514	3.750000e-004	
2515	3.250000e-004	
2516	4.000000e-004	
2517	4.500000e-004	
2518	4.500000e-004	
2519	3.750000e-004	
2520	4.250000e-004	
2521	5.250000e-004	
2522	5.250000e-004	
2523	5.500000e-004	
2524	6.000000e-004	
2525	3.750000e-004	
2526	3.000000e-004	
2527	2.250000e-004	
2528	3.750000e-004	
2529	3.000000e-004	
2530	3.250000e-004	
2531	3.750000e-004	
2532	4.500000e-004	
2533	5.500000e-004	
2534	6.000000e-004	
2535	6.500000e-004	
2536	8.000000e-004	
2537	7.500000e-004	
2538	7.250000e-004	
2539	7.500000e-004	
2540	7.250000e-004	
2541	9.750000e-004	
2542	9.750000e-004	
2543	1.000000e-003	
2544	1.100000e-003	
2545	1.025000e-003	
2546	1.000000e-003	
2547	1.025000e-003	
2548	1.475000e-003	
2549	1.175000e-003	
2550	1.100000e-003	
2551	1.300000e-003	
2552	1.450000e-003	
2553	1.625000e-003	
2554	1.825000e-003	
2555	2.025000e-003	
2556	1.925000e-003	
2557	1.675000e-003	
2558	1.450000e-003	
2559	1.150000e-003	
2560	1.100000e-003	
2561	1.150000e-003	
2562	1.150000e-003	
2563	1.200000e-003	
2564	1.025000e-003	
2565	9.750000e-004	
2566	9.750000e-004	
2567	8.500000e-004	
2568	8.500000e-004	
2569	7.250000e-004	
2570	9.000000e-004	
2571	9.000000e-004	
2572	9.250000e-004	
2573	1.050000e-003	
2574	1.225000e-003	
2575	1.200000e-003	
2576	1.325000e-003	
2577	1.275000e-003	
2578	1.375000e-003	
2579	1.125000e-003	
2580	1.100000e-003	
2581	9.750000e-004	
2582	9.750000e-004	
2583	1.100000e-003	
2584	1.050000e-003	
2585	8.250000e-004	
2586	9.750000e-004	
2587	5.750000e-004	
2588	6.000000e-004	
2589	7.250000e-004	
2590	7.000000e-004	
2591	6.250000e-004	
2592	8.250000e-004	
2593	8.000000e-004	
2594	8.000000e-004	
2595	7.500000e-004	
2596	9.000000e-004	
2597	1.025000e-003	
2598	1.200000e-003	
2599	1.300000e-003	
2600	1.325000e-003	
2601	1.500000e-003	
2602	1.425000e-003	
2603	1.325000e-003	
2604	1.625000e-003	
2605	1.550000e-003	
2606	1.675000e-003	
2607	1.575000e-003	
2608	1.650000e-003	
2609	1.400000e-003	
2610	1.600000e-003	
2611	1.725000e-003	
2612	1.750000e-003	
2613	1.925000e-003	
2614	1.650000e-003	
2615	2.175000e-003	
2616	2.225000e-003	
2617	2.575000e-003	
2618	2.550000e-003	
2619	1.925000e-003	
2620	2.025000e-003	
2621	1.875000e-003	
2622	1.650000e-003	
2623	1.650000e-003	
2624	1.875000e-003	
2625	1.750000e-003	
2626	1.750000e-003	
2627	1.950000e-003	
2628	2.175000e-003	
2629	2.150000e-003	
2630	2.000000e-003	
2631	2.050000e-003	
2632	2.100000e-003	
2633	2.025000e-003	
2634	2.250000e-003	
2635	2.250000e-003	
2636	2.475000e-003	
2637	2.575000e-003	
2638	2.325000e-003	
2639	2.325000e-003	
2640	2.475000e-003	
2641	2.525000e-003	
2642	2.875000e-003	
2643	2.900000e-003	
2644	2.800000e-003	
2645	2.600000e-003	
2646	2.600000e-003	
2647	2.400000e-003	
2648	1.925000e-003	
2649	2.025000e-003	
2650	2.225000e-003	
2651	2.375000e-003	
2652	2.275000e-003	
2653	2.275000e-003	
2654	2.275000e-003	
2655	2.150000e-003	
2656	2.300000e-003	
2657	1.950000e-003	
2658	1.925000e-003	
2659	1.875000e-003	
2660	1.850000e-003	
2661	1.500000e-003	
2662	1.525000e-003	
2663	1.550000e-003	
2664	1.175000e-003	
2665	1.100000e-003	
2666	1.250000e-003	
2667	1.375000e-003	
2668	1.300000e-003	
2669	1.225000e-003	
2670	1.375000e-003	
2671	1.175000e-003	
2672	1.625000e-003	
2673	1.800000e-003	
2674	1.750000e-003	
2675	1.725000e-003	
2676	2.050000e-003	
2677	2.375000e-003	
2678	2.375000e-003	
2679	2.600000e-003	
2680	2.675000e-003	
2681	2.550000e-003	
2682	2.200000e-003	
2683	2.525000e-003	
2684	2.500000e-003	
2685	2.550000e-003	
2686	2.025000e-003	
2687	2.200000e-003	
2688	2.125000e-003	
2689	2.200000e-003	
2690	2.125000e-003	
2691	2.150000e-003	
2692	2.200000e-003	
2693	2.275000e-003	
2694	2.200000e-003	
2695	1.975000e-003	
2696	1.575000e-003	
2697	1.500000e-003	
2698	1.425000e-003	
2699	1.675000e-003	
2700	1.675000e-003	
2701	1.250000e-003	
2702	1.325000e-003	
2703	1.200000e-003	
2704	8.750000e-004	
2705	9.250000e-004	
2706	9.250000e-004	
2707	8.750000e-004	
2708	8.750000e-004	
2709	8.500000e-004	
2710	9.250000e-004	
2711	8.000000e-004	
2712	8.500000e-004	
2713	9.000000e-004	
2714	1.050000e-003	
2715	1.000000e-003	
2716	7.750000e-004	
2717	8.000000e-004	
2718	8.250000e-004	
2719	6.500000e-004	
2720	7.000000e-004	
2721	7.250000e-004	
2722	7.000000e-004	
2723	7.500000e-004	
2724	6.750000e-004	
2725	5.750000e-004	
2726	5.750000e-004	
2727	5.500000e-004	
2728	8.000000e-004	
2729	7.000000e-004	
2730	6.000000e-004	
2731	8.250000e-004	
2732	8.250000e-004	
2733	9.000000e-004	
2734	8.500000e-004	
2735	7.750000e-004	
2736	7.000000e-004	
2737	7.250000e-004	
2738	8.500000e-004	
2739	6.250000e-004	
2740	8.750000e-004	
2741	5.750000e-004	
2742	5.750000e-004	
2743	5.750000e-004	
2744	6.750000e-004	
2745	5.750000e-004	
2746	5.000000e-004	
2747	4.500000e-004	
2748	4.750000e-004	
2749	5.000000e-004	
2750	3.750000e-004	
2751	1.250000e-004	
2752	2.000000e-004	
2753	1.500000e-004	
2754	1.750000e-004	
2755	1.500000e-004	
2756	1.750000e-004	
2757	1.000000e-004	
2758	7.500000e-005	
2759	7.500000e-005	
2760	1.250000e-004	
2761	7.500000e-005	
2762	2.500000e-005	
2763	2.500000e-005	
2764	2.500000e-005	
2765	5.000000e-005	
2766	5.000000e-005	
2767	7.500000e-005	
2768	7.500000e-005	
2769	1.000000e-004	
2770	0	
2771	0	
2772	0	
2773	5.000000e-005	
2774	0	
2775	0	
2776	0	
2777	0	
2778	0	
2779	0	
2780	0	
2781	0	
2782	0	
2783	0	
2784	0	
2785	0	
2786	0	
2787	0	
2788	0	
2789	0	
2790	2.500000e-005	
2791	1.000000e-004	
2792	1.000000e-004	
2793	1.500000e-004	
2794	2.000000e-004	
2795	1.000000e-004	
2796	7.500000e-005	
2797	5.000000e-005	
2798	7.500000e-005	
2799	2.500000e-005	
2800	5.000000e-005	
2801	5.000000e-005	
2802	1.000000e-004	
2803	1.250000e-004	
2804	1.250000e-004	
2805	1.750000e-004	
2806	1.750000e-004	
2807	1.750000e-004	
2808	1.500000e-004	
2809	2.250000e-004	
2810	1.000000e-004	
2811	7.500000e-005	
2812	7.500000e-005	
2813	7.500000e-005	
2814	2.500000e-005	
2815	5.000000e-005	
2816	7.500000e-005	
2817	7.500000e-005	
2818	5.000000e-005	
2819	1.250000e-004	
2820	2.500000e-005	
2821	2.500000e-005	
2822	2.500000e-005	
2823	7.500000e-005	
2824	7.500000e-005	
2825	1.250000e-004	
2826	1.500000e-004	
2827	2.000000e-004	
2828	1.750000e-004	
2829	1.000000e-004	
2830	1.250000e-004	
2831	1.500000e-004	
2832	1.000000e-004	
2833	1.000000e-004	
2834	7.500000e-005	
2835	1.000000e-004	
2836	5.000000e-005	
2837	0	
2838	0	
2839	0	
2840	2.500000e-005	
2841	5.000000e-005	
2842	7.500000e-005	
2843	7.500000e-005	
2844	2.500000e-005	
2845	0	
2846	0	
2847	0	
2848	0	
2849	0	
2850	0	
2851	0	
2852	0	
2853	0	
2854	0	
2855	0	
2856	0	
2857	0	
2858	0	
2859	0	
2860	0	
2861	0	
2862	0	
2863	0	
2864	0	
2865	0	
2866	0	
2867	0	
2868	0	
2869	0	
2870	0	
2871	0	
2872	0	
2873	0	
2874	0	
2875	0	
2876	0	
2877	0	
2878	0	
2879	0	
2880	0	
2881	0	
2882	0	
2883	0	
2884	0	
2885	0	
2886	0	
2887	0	
2888	0	
2889	0	
2890	0	
2891	0	
2892	0	
2893	0	
2894	0	
2895	0	
2896	0	
2897	0	
2898	0	
2899	0	
2900	0	
2901	0	
2902	0	
2903	0	
2904	0	
2905	0	
2906	0	
2907	0	
2908	0	
2909	0	
2910	0	
2911	0	
2912	0	
2913	0	
2914	2.500000e-005	
2915	5.000000e-005	
2916	1.750000e-004	
2917	2.000000e-004	
2918	2.500000e-004	
2919	2.500000e-004	
2920	1.500000e-004	
2921	1.750000e-004	
2922	1.500000e-004	
2923	2.750000e-004	
2924	4.250000e-004	
2925	4.750000e-004	
2926	2.750000e-004	
2927	2.500000e-004	
2928	2.750000e-004	
2929	1.750000e-004	
2930	2.250000e-004	
2931	1.250000e-004	
2932	1.250000e-004	
2933	1.000000e-004	
2934	5.000000e-005	
2935	1.500000e-004	
2936	1.500000e-004	
2937	7.500000e-005	
2938	1.000000e-004	
2939	1.750000e-004	
2940	1.000000e-004	
2941	1.000000e-004	
2942	2.500000e-005	
2943	0	
2944	0	
2945	0	
2946	0	
2947	0	
2948	0	
2949	0	
2950	0	
2951	0	
2952	0	
2953	0	
2954	0	
2955	0	
2956	0	
2957	0	
2958	0	
2959	0	
2960	0	
2961	0	
2962	0	
2963	0	
2964	0	
2965	0	
2966	0	
2967	0	
2968	0	
2969	0	
2970	0	
2971	0	
2972	0	
2973	0	
2974	0	
2975	0	
2976	0	
2977	0	
2978	0	
2979	0	
2980	0	
2981	0	
2982	0	
2983	0	
2984	0	
2985	0	
2986	0	
2987	0	
2988	0	
2989	0	
2990	0	
2991	0	
2992	0	
2993	0	
2994	0	
2995	0	
2996	0	
2997	0	
2998	0	
2999	0	
3000	0	
3001	0	
