1	0	
2	0	
3	0	
4	0	
5	0	
6	0	
7	0	
8	0	
9	0	
10	0	
11	0	
12	0	
13	0	
14	0	
15	0	
16	0	
17	0	
18	0	
19	0	
20	0	
21	0	
22	0	
23	0	
24	0	
25	0	
26	0	
27	0	
28	0	
29	0	
30	0	
31	0	
32	0	
33	0	
34	0	
35	0	
36	0	
37	0	
38	0	
39	0	
40	0	
41	0	
42	0	
43	0	
44	0	
45	0	
46	0	
47	0	
48	0	
49	0	
50	0	
51	0	
52	0	
53	0	
54	0	
55	0	
56	0	
57	0	
58	0	
59	0	
60	0	
61	0	
62	0	
63	0	
64	0	
65	0	
66	0	
67	0	
68	0	
69	0	
70	0	
71	0	
72	0	
73	0	
74	0	
75	2.500000e-005	
76	2.500000e-005	
77	5.000000e-005	
78	2.500000e-005	
79	0	
80	0	
81	0	
82	0	
83	0	
84	0	
85	0	
86	0	
87	0	
88	0	
89	0	
90	0	
91	0	
92	0	
93	0	
94	0	
95	0	
96	0	
97	0	
98	0	
99	0	
100	0	
101	0	
102	0	
103	0	
104	0	
105	0	
106	0	
107	0	
108	0	
109	0	
110	0	
111	0	
112	0	
113	0	
114	0	
115	0	
116	0	
117	0	
118	0	
119	0	
120	0	
121	0	
122	0	
123	0	
124	0	
125	0	
126	0	
127	0	
128	0	
129	0	
130	0	
131	0	
132	0	
133	0	
134	0	
135	0	
136	0	
137	0	
138	0	
139	0	
140	0	
141	0	
142	0	
143	0	
144	0	
145	0	
146	0	
147	0	
148	0	
149	0	
150	0	
151	0	
152	0	
153	0	
154	0	
155	0	
156	0	
157	0	
158	0	
159	0	
160	0	
161	0	
162	0	
163	0	
164	0	
165	0	
166	0	
167	2.500000e-005	
168	2.500000e-005	
169	5.000000e-005	
170	7.500000e-005	
171	2.500000e-005	
172	5.000000e-005	
173	5.000000e-005	
174	5.000000e-005	
175	2.500000e-005	
176	2.500000e-005	
177	5.000000e-005	
178	5.000000e-005	
179	2.500000e-005	
180	5.000000e-005	
181	7.500000e-005	
182	5.000000e-005	
183	7.500000e-005	
184	1.750000e-004	
185	1.750000e-004	
186	1.750000e-004	
187	5.000000e-005	
188	2.500000e-005	
189	2.500000e-005	
190	0	
191	0	
192	0	
193	0	
194	0	
195	0	
196	0	
197	0	
198	0	
199	0	
200	0	
201	0	
202	0	
203	0	
204	0	
205	0	
206	0	
207	0	
208	0	
209	0	
210	0	
211	0	
212	0	
213	0	
214	0	
215	0	
216	0	
217	0	
218	0	
219	0	
220	0	
221	0	
222	0	
223	0	
224	0	
225	0	
226	0	
227	0	
228	0	
229	0	
230	0	
231	0	
232	0	
233	0	
234	0	
235	0	
236	0	
237	0	
238	0	
239	0	
240	0	
241	0	
242	0	
243	0	
244	0	
245	0	
246	0	
247	0	
248	0	
249	2.500000e-005	
250	2.500000e-005	
251	5.000000e-005	
252	5.000000e-005	
253	7.500000e-005	
254	5.000000e-005	
255	2.500000e-005	
256	2.500000e-005	
257	0	
258	0	
259	0	
260	0	
261	0	
262	0	
263	0	
264	0	
265	0	
266	0	
267	0	
268	0	
269	0	
270	0	
271	0	
272	0	
273	0	
274	0	
275	0	
276	0	
277	0	
278	0	
279	0	
280	0	
281	0	
282	0	
283	0	
284	2.500000e-005	
285	7.500000e-005	
286	5.000000e-005	
287	2.500000e-005	
288	7.500000e-005	
289	5.000000e-005	
290	7.500000e-005	
291	1.250000e-004	
292	1.500000e-004	
293	1.500000e-004	
294	1.750000e-004	
295	1.250000e-004	
296	1.500000e-004	
297	1.000000e-004	
298	1.500000e-004	
299	1.000000e-004	
300	1.000000e-004	
301	2.000000e-004	
302	2.250000e-004	
303	1.750000e-004	
304	2.000000e-004	
305	2.500000e-004	
306	1.000000e-004	
307	5.000000e-005	
308	7.500000e-005	
309	7.500000e-005	
310	1.000000e-004	
311	2.500000e-005	
312	0	
313	0	
314	0	
315	0	
316	0	
317	0	
318	0	
319	0	
320	0	
321	0	
322	0	
323	0	
324	0	
325	0	
326	0	
327	0	
328	0	
329	0	
330	0	
331	0	
332	0	
333	0	
334	0	
335	0	
336	0	
337	0	
338	0	
339	0	
340	0	
341	0	
342	0	
343	0	
344	0	
345	0	
346	0	
347	0	
348	0	
349	0	
350	0	
351	0	
352	0	
353	0	
354	0	
355	0	
356	0	
357	0	
358	0	
359	0	
360	0	
361	0	
362	0	
363	0	
364	0	
365	0	
366	0	
367	0	
368	0	
369	0	
370	0	
371	0	
372	0	
373	0	
374	0	
375	0	
376	0	
377	0	
378	0	
379	0	
380	0	
381	0	
382	0	
383	0	
384	0	
385	0	
386	0	
387	0	
388	0	
389	0	
390	0	
391	0	
392	0	
393	0	
394	0	
395	0	
396	0	
397	0	
398	0	
399	0	
400	0	
401	0	
402	0	
403	0	
404	0	
405	0	
406	0	
407	0	
408	0	
409	0	
410	0	
411	0	
412	0	
413	0	
414	0	
415	0	
416	0	
417	0	
418	0	
419	0	
420	0	
421	0	
422	0	
423	0	
424	0	
425	0	
426	0	
427	0	
428	0	
429	0	
430	0	
431	0	
432	0	
433	0	
434	0	
435	0	
436	0	
437	0	
438	0	
439	0	
440	0	
441	0	
442	0	
443	0	
444	0	
445	0	
446	0	
447	0	
448	0	
449	0	
450	0	
451	0	
452	0	
453	0	
454	0	
455	0	
456	0	
457	0	
458	0	
459	0	
460	0	
461	0	
462	0	
463	0	
464	0	
465	0	
466	0	
467	0	
468	0	
469	0	
470	0	
471	0	
472	0	
473	0	
474	0	
475	0	
476	2.500000e-005	
477	7.500000e-005	
478	1.000000e-004	
479	7.500000e-005	
480	7.500000e-005	
481	7.500000e-005	
482	1.250000e-004	
483	7.500000e-005	
484	5.000000e-005	
485	5.000000e-005	
486	7.500000e-005	
487	5.000000e-005	
488	0	
489	0	
490	0	
491	0	
492	0	
493	0	
494	0	
495	0	
496	2.500000e-005	
497	7.500000e-005	
498	1.500000e-004	
499	1.500000e-004	
500	1.750000e-004	
501	1.000000e-004	
502	1.250000e-004	
503	1.500000e-004	
504	1.750000e-004	
505	2.000000e-004	
506	2.500000e-004	
507	3.500000e-004	
508	3.250000e-004	
509	3.000000e-004	
510	2.750000e-004	
511	2.250000e-004	
512	2.750000e-004	
513	2.500000e-004	
514	2.500000e-004	
515	4.000000e-004	
516	4.250000e-004	
517	5.000000e-004	
518	4.000000e-004	
519	5.000000e-004	
520	3.000000e-004	
521	4.250000e-004	
522	3.750000e-004	
523	3.750000e-004	
524	4.750000e-004	
525	4.250000e-004	
526	3.500000e-004	
527	5.250000e-004	
528	6.000000e-004	
529	6.500000e-004	
530	6.000000e-004	
531	4.500000e-004	
532	4.500000e-004	
533	4.500000e-004	
534	4.250000e-004	
535	3.500000e-004	
536	4.000000e-004	
537	5.250000e-004	
538	5.000000e-004	
539	5.000000e-004	
540	6.000000e-004	
541	6.750000e-004	
542	6.500000e-004	
543	8.250000e-004	
544	6.750000e-004	
545	5.000000e-004	
546	4.750000e-004	
547	5.000000e-004	
548	5.500000e-004	
549	6.000000e-004	
550	6.000000e-004	
551	7.750000e-004	
552	7.500000e-004	
553	5.750000e-004	
554	7.500000e-004	
555	6.000000e-004	
556	5.250000e-004	
557	5.500000e-004	
558	6.000000e-004	
559	5.250000e-004	
560	6.750000e-004	
561	6.750000e-004	
562	7.750000e-004	
563	6.500000e-004	
564	7.000000e-004	
565	6.750000e-004	
566	5.500000e-004	
567	5.500000e-004	
568	7.500000e-004	
569	8.750000e-004	
570	7.500000e-004	
571	7.500000e-004	
572	6.750000e-004	
573	4.000000e-004	
574	3.750000e-004	
575	2.000000e-004	
576	3.000000e-004	
577	3.250000e-004	
578	3.250000e-004	
579	3.250000e-004	
580	3.750000e-004	
581	4.250000e-004	
582	3.500000e-004	
583	3.250000e-004	
584	3.000000e-004	
585	3.250000e-004	
586	3.750000e-004	
587	4.500000e-004	
588	2.750000e-004	
589	2.500000e-004	
590	3.500000e-004	
591	5.000000e-004	
592	4.000000e-004	
593	4.250000e-004	
594	4.750000e-004	
595	5.500000e-004	
596	4.500000e-004	
597	4.500000e-004	
598	4.750000e-004	
599	4.250000e-004	
600	4.500000e-004	
601	5.500000e-004	
602	5.750000e-004	
603	5.000000e-004	
604	4.750000e-004	
605	5.750000e-004	
606	7.750000e-004	
607	7.250000e-004	
608	6.000000e-004	
609	4.500000e-004	
610	4.250000e-004	
611	5.000000e-004	
612	6.750000e-004	
613	6.750000e-004	
614	8.500000e-004	
615	9.250000e-004	
616	8.750000e-004	
617	7.750000e-004	
618	7.750000e-004	
619	9.750000e-004	
620	8.750000e-004	
621	9.000000e-004	
622	8.500000e-004	
623	1.000000e-003	
624	9.000000e-004	
625	7.500000e-004	
626	7.500000e-004	
627	5.000000e-004	
628	4.250000e-004	
629	4.750000e-004	
630	5.250000e-004	
631	5.000000e-004	
632	3.000000e-004	
633	3.500000e-004	
634	5.250000e-004	
635	6.000000e-004	
636	4.500000e-004	
637	4.500000e-004	
638	2.000000e-004	
639	2.500000e-004	
640	4.000000e-004	
641	5.000000e-004	
642	4.500000e-004	
643	5.000000e-004	
644	5.500000e-004	
645	5.750000e-004	
646	6.500000e-004	
647	5.500000e-004	
648	6.750000e-004	
649	5.500000e-004	
650	4.250000e-004	
651	4.250000e-004	
652	6.500000e-004	
653	5.750000e-004	
654	5.250000e-004	
655	5.500000e-004	
656	5.000000e-004	
657	4.000000e-004	
658	4.500000e-004	
659	6.000000e-004	
660	6.500000e-004	
661	7.500000e-004	
662	5.750000e-004	
663	6.250000e-004	
664	5.250000e-004	
665	6.000000e-004	
666	5.250000e-004	
667	5.250000e-004	
668	5.750000e-004	
669	5.750000e-004	
670	5.750000e-004	
671	5.500000e-004	
672	6.000000e-004	
673	7.750000e-004	
674	7.500000e-004	
675	6.500000e-004	
676	5.750000e-004	
677	6.000000e-004	
678	7.250000e-004	
679	9.000000e-004	
680	1.025000e-003	
681	1.050000e-003	
682	1.275000e-003	
683	1.350000e-003	
684	1.450000e-003	
685	1.500000e-003	
686	1.475000e-003	
687	1.450000e-003	
688	1.425000e-003	
689	1.325000e-003	
690	1.225000e-003	
691	1.350000e-003	
692	1.450000e-003	
693	1.525000e-003	
694	1.750000e-003	
695	1.625000e-003	
696	1.500000e-003	
697	1.450000e-003	
698	1.750000e-003	
699	1.675000e-003	
700	1.500000e-003	
701	1.775000e-003	
702	1.650000e-003	
703	1.825000e-003	
704	1.675000e-003	
705	1.625000e-003	
706	1.825000e-003	
707	1.625000e-003	
708	1.725000e-003	
709	1.675000e-003	
710	1.500000e-003	
711	1.575000e-003	
712	1.600000e-003	
713	1.525000e-003	
714	1.575000e-003	
715	1.750000e-003	
716	1.675000e-003	
717	1.825000e-003	
718	1.950000e-003	
719	1.925000e-003	
720	1.775000e-003	
721	1.625000e-003	
722	1.525000e-003	
723	1.525000e-003	
724	1.225000e-003	
725	1.225000e-003	
726	1.550000e-003	
727	1.575000e-003	
728	1.475000e-003	
729	1.475000e-003	
730	1.625000e-003	
731	1.550000e-003	
732	1.550000e-003	
733	1.725000e-003	
734	1.725000e-003	
735	1.950000e-003	
736	2.100000e-003	
737	2.175000e-003	
738	2.500000e-003	
739	2.025000e-003	
740	2.075000e-003	
741	1.950000e-003	
742	2.125000e-003	
743	2.600000e-003	
744	2.550000e-003	
745	2.550000e-003	
746	2.325000e-003	
747	2.425000e-003	
748	2.175000e-003	
749	2.225000e-003	
750	2.025000e-003	
751	2.300000e-003	
752	2.525000e-003	
753	2.275000e-003	
754	2.100000e-003	
755	2.375000e-003	
756	2.425000e-003	
757	2.375000e-003	
758	2.250000e-003	
759	2.450000e-003	
760	2.925000e-003	
761	2.700000e-003	
762	2.675000e-003	
763	2.375000e-003	
764	2.300000e-003	
765	2.275000e-003	
766	2.025000e-003	
767	2.600000e-003	
768	2.475000e-003	
769	2.175000e-003	
770	2.200000e-003	
771	2.250000e-003	
772	2.350000e-003	
773	2.425000e-003	
774	2.325000e-003	
775	2.150000e-003	
776	2.225000e-003	
777	2.225000e-003	
778	2.100000e-003	
779	1.925000e-003	
780	1.700000e-003	
781	1.550000e-003	
782	1.600000e-003	
783	1.650000e-003	
784	1.650000e-003	
785	1.575000e-003	
786	1.900000e-003	
787	1.750000e-003	
788	1.575000e-003	
789	1.850000e-003	
790	1.600000e-003	
791	1.750000e-003	
792	1.850000e-003	
793	1.700000e-003	
794	1.725000e-003	
795	1.375000e-003	
796	1.475000e-003	
797	1.400000e-003	
798	1.500000e-003	
799	1.550000e-003	
800	1.375000e-003	
801	1.475000e-003	
802	1.400000e-003	
803	1.350000e-003	
804	1.425000e-003	
805	1.450000e-003	
806	1.250000e-003	
807	1.500000e-003	
808	1.450000e-003	
809	1.275000e-003	
810	1.300000e-003	
811	1.325000e-003	
812	1.300000e-003	
813	1.250000e-003	
814	1.275000e-003	
815	1.300000e-003	
816	1.275000e-003	
817	1.375000e-003	
818	1.200000e-003	
819	1.175000e-003	
820	1.125000e-003	
821	1.050000e-003	
822	8.750000e-004	
823	9.000000e-004	
824	7.250000e-004	
825	7.000000e-004	
826	7.250000e-004	
827	7.500000e-004	
828	7.000000e-004	
829	6.750000e-004	
830	7.250000e-004	
831	7.250000e-004	
832	6.750000e-004	
833	7.500000e-004	
834	9.250000e-004	
835	1.000000e-003	
836	8.500000e-004	
837	9.500000e-004	
838	1.050000e-003	
839	1.175000e-003	
840	1.225000e-003	
841	9.500000e-004	
842	1.050000e-003	
843	1.050000e-003	
844	1.075000e-003	
845	1.200000e-003	
846	1.225000e-003	
847	1.125000e-003	
848	1.025000e-003	
849	8.750000e-004	
850	9.750000e-004	
851	1.275000e-003	
852	1.475000e-003	
853	1.250000e-003	
854	1.375000e-003	
855	1.450000e-003	
856	1.600000e-003	
857	1.700000e-003	
858	1.525000e-003	
859	1.925000e-003	
860	1.925000e-003	
861	1.650000e-003	
862	1.825000e-003	
863	2.025000e-003	
864	1.700000e-003	
865	1.725000e-003	
866	1.975000e-003	
867	1.825000e-003	
868	2.150000e-003	
869	1.900000e-003	
870	1.975000e-003	
871	1.750000e-003	
872	1.875000e-003	
873	2.000000e-003	
874	2.400000e-003	
875	2.575000e-003	
876	2.800000e-003	
877	2.450000e-003	
878	2.575000e-003	
879	2.775000e-003	
880	2.775000e-003	
881	2.825000e-003	
882	2.950000e-003	
883	3.150000e-003	
884	3.075000e-003	
885	3.300000e-003	
886	3.025000e-003	
887	2.675000e-003	
888	2.625000e-003	
889	2.750000e-003	
890	3.350000e-003	
891	3.250000e-003	
892	3.325000e-003	
893	3.100000e-003	
894	3.150000e-003	
895	2.925000e-003	
896	3.025000e-003	
897	2.950000e-003	
898	2.900000e-003	
899	3.125000e-003	
900	3.050000e-003	
901	3.025000e-003	
902	2.925000e-003	
903	2.725000e-003	
904	3.050000e-003	
905	2.625000e-003	
906	2.725000e-003	
907	2.500000e-003	
908	2.700000e-003	
909	2.425000e-003	
910	2.250000e-003	
911	2.275000e-003	
912	1.750000e-003	
913	1.600000e-003	
914	1.675000e-003	
915	1.825000e-003	
916	1.800000e-003	
917	1.925000e-003	
918	1.925000e-003	
919	1.800000e-003	
920	1.500000e-003	
921	1.575000e-003	
922	1.400000e-003	
923	1.525000e-003	
924	1.350000e-003	
925	1.425000e-003	
926	1.125000e-003	
927	1.175000e-003	
928	1.400000e-003	
929	1.425000e-003	
930	1.450000e-003	
931	1.150000e-003	
932	1.275000e-003	
933	1.150000e-003	
934	1.075000e-003	
935	1.225000e-003	
936	1.175000e-003	
937	1.000000e-003	
938	9.500000e-004	
939	7.750000e-004	
940	7.000000e-004	
941	6.000000e-004	
942	6.500000e-004	
943	5.000000e-004	
944	5.750000e-004	
945	5.500000e-004	
946	6.500000e-004	
947	7.500000e-004	
948	6.500000e-004	
949	6.500000e-004	
950	7.500000e-004	
951	8.000000e-004	
952	7.250000e-004	
953	6.750000e-004	
954	8.750000e-004	
955	8.000000e-004	
956	5.750000e-004	
957	4.750000e-004	
958	4.250000e-004	
959	3.750000e-004	
960	3.250000e-004	
961	4.250000e-004	
962	3.750000e-004	
963	5.250000e-004	
964	4.750000e-004	
965	3.250000e-004	
966	2.500000e-004	
967	2.000000e-004	
968	2.000000e-004	
969	1.250000e-004	
970	2.000000e-004	
971	1.500000e-004	
972	7.500000e-005	
973	2.500000e-005	
974	5.000000e-005	
975	7.500000e-005	
976	1.000000e-004	
977	1.000000e-004	
978	5.000000e-005	
979	5.000000e-005	
980	5.000000e-005	
981	5.000000e-005	
982	5.000000e-005	
983	0	
984	0	
985	0	
986	0	
987	0	
988	0	
989	0	
990	0	
991	0	
992	0	
993	0	
994	0	
995	0	
996	0	
997	0	
998	0	
999	0	
1000	0	
1001	0	
1002	0	
1003	0	
1004	0	
1005	0	
1006	0	
1007	0	
1008	0	
1009	2.500000e-005	
1010	2.500000e-005	
1011	0	
1012	0	
1013	0	
1014	0	
1015	0	
1016	0	
1017	0	
1018	0	
1019	0	
1020	0	
1021	0	
1022	0	
1023	0	
1024	0	
1025	0	
1026	0	
1027	0	
1028	0	
1029	0	
1030	0	
1031	0	
1032	0	
1033	0	
1034	0	
1035	0	
1036	0	
1037	0	
1038	0	
1039	0	
1040	0	
1041	0	
1042	0	
1043	0	
1044	0	
1045	0	
1046	0	
1047	0	
1048	0	
1049	0	
1050	0	
1051	0	
1052	0	
1053	0	
1054	0	
1055	0	
1056	0	
1057	0	
1058	0	
1059	0	
1060	0	
1061	0	
1062	0	
1063	0	
1064	0	
1065	0	
1066	0	
1067	0	
1068	0	
1069	0	
1070	0	
1071	0	
1072	0	
1073	0	
1074	0	
1075	0	
1076	0	
1077	0	
1078	0	
1079	0	
1080	0	
1081	0	
1082	0	
1083	0	
1084	0	
1085	0	
1086	0	
1087	0	
1088	0	
1089	0	
1090	0	
1091	0	
1092	0	
1093	0	
1094	0	
1095	0	
1096	0	
1097	0	
1098	0	
1099	2.500000e-005	
1100	2.500000e-005	
1101	0	
1102	0	
1103	0	
1104	0	
1105	0	
1106	0	
1107	0	
1108	0	
1109	0	
1110	0	
1111	0	
1112	0	
1113	0	
1114	0	
1115	2.500000e-005	
1116	5.000000e-005	
1117	2.500000e-005	
1118	5.000000e-005	
1119	5.000000e-005	
1120	1.000000e-004	
1121	1.500000e-004	
1122	1.750000e-004	
1123	1.500000e-004	
1124	1.500000e-004	
1125	2.000000e-004	
1126	1.250000e-004	
1127	1.500000e-004	
1128	1.000000e-004	
1129	1.000000e-004	
1130	1.250000e-004	
1131	0	
1132	2.500000e-005	
1133	2.500000e-005	
1134	5.000000e-005	
1135	5.000000e-005	
1136	7.500000e-005	
1137	5.000000e-005	
1138	0	
1139	0	
1140	0	
1141	0	
1142	0	
1143	0	
1144	0	
1145	0	
1146	0	
1147	0	
1148	2.500000e-005	
1149	0	
1150	0	
1151	0	
1152	0	
1153	0	
1154	0	
1155	0	
1156	0	
1157	0	
1158	0	
1159	0	
1160	0	
1161	0	
1162	0	
1163	0	
1164	0	
1165	0	
1166	0	
1167	0	
1168	0	
1169	0	
1170	0	
1171	0	
1172	0	
1173	0	
1174	0	
1175	0	
1176	0	
1177	0	
1178	0	
1179	0	
1180	0	
1181	0	
1182	0	
1183	0	
1184	0	
1185	0	
1186	0	
1187	0	
1188	0	
1189	0	
1190	0	
1191	0	
1192	0	
1193	0	
1194	0	
1195	0	
1196	0	
1197	0	
1198	0	
1199	0	
1200	0	
1201	0	
1202	0	
1203	0	
1204	0	
1205	0	
1206	2.500000e-005	
1207	5.000000e-005	
1208	5.000000e-005	
1209	5.000000e-005	
1210	7.500000e-005	
1211	1.500000e-004	
1212	1.000000e-004	
1213	2.750000e-004	
1214	4.250000e-004	
1215	3.750000e-004	
1216	3.500000e-004	
1217	3.250000e-004	
1218	2.250000e-004	
1219	2.500000e-004	
1220	2.750000e-004	
1221	3.000000e-004	
1222	2.250000e-004	
1223	1.750000e-004	
1224	1.750000e-004	
1225	3.500000e-004	
1226	3.750000e-004	
1227	2.750000e-004	
1228	3.250000e-004	
1229	2.750000e-004	
1230	4.000000e-004	
1231	4.250000e-004	
1232	5.500000e-004	
1233	5.250000e-004	
1234	4.750000e-004	
1235	3.500000e-004	
1236	4.250000e-004	
1237	4.000000e-004	
1238	3.750000e-004	
1239	5.000000e-004	
1240	4.500000e-004	
1241	3.500000e-004	
1242	2.250000e-004	
1243	3.250000e-004	
1244	3.250000e-004	
1245	4.750000e-004	
1246	5.000000e-004	
1247	4.250000e-004	
1248	3.250000e-004	
1249	3.250000e-004	
1250	3.250000e-004	
1251	3.750000e-004	
1252	2.500000e-004	
1253	2.750000e-004	
1254	2.750000e-004	
1255	3.750000e-004	
1256	2.750000e-004	
1257	3.000000e-004	
1258	3.250000e-004	
1259	3.750000e-004	
1260	3.500000e-004	
1261	4.250000e-004	
1262	4.750000e-004	
1263	2.750000e-004	
1264	2.500000e-004	
1265	2.250000e-004	
1266	3.250000e-004	
1267	2.500000e-004	
1268	1.500000e-004	
1269	1.250000e-004	
1270	1.250000e-004	
1271	1.000000e-004	
1272	1.750000e-004	
1273	1.500000e-004	
1274	1.250000e-004	
1275	1.500000e-004	
1276	1.500000e-004	
1277	7.500000e-005	
1278	5.000000e-005	
1279	2.500000e-005	
1280	0	
1281	0	
1282	0	
1283	0	
1284	0	
1285	0	
1286	2.500000e-005	
1287	0	
1288	0	
1289	0	
1290	0	
1291	0	
1292	0	
1293	0	
1294	0	
1295	0	
1296	0	
1297	0	
1298	0	
1299	0	
1300	0	
1301	0	
1302	0	
1303	0	
1304	0	
1305	0	
1306	0	
1307	0	
1308	0	
1309	0	
1310	0	
1311	0	
1312	0	
1313	0	
1314	0	
1315	0	
1316	0	
1317	0	
1318	0	
1319	0	
1320	0	
1321	0	
1322	0	
1323	0	
1324	0	
1325	0	
1326	0	
1327	0	
1328	0	
1329	0	
1330	0	
1331	0	
1332	0	
1333	0	
1334	0	
1335	0	
1336	0	
1337	0	
1338	0	
1339	0	
1340	0	
1341	0	
1342	0	
1343	0	
1344	0	
1345	0	
1346	0	
1347	0	
1348	0	
1349	0	
1350	0	
1351	0	
1352	0	
1353	0	
1354	0	
1355	0	
1356	0	
1357	0	
1358	0	
1359	0	
1360	0	
1361	0	
1362	0	
1363	0	
1364	0	
1365	0	
1366	0	
1367	0	
1368	0	
1369	0	
1370	0	
1371	0	
1372	0	
1373	0	
1374	0	
1375	0	
1376	0	
1377	0	
1378	0	
1379	0	
1380	0	
1381	0	
1382	0	
1383	0	
1384	0	
1385	0	
1386	0	
1387	0	
1388	0	
1389	0	
1390	0	
1391	0	
1392	0	
1393	0	
1394	0	
1395	0	
1396	0	
1397	0	
1398	0	
1399	0	
1400	0	
1401	0	
1402	0	
1403	0	
1404	0	
1405	0	
1406	0	
1407	0	
1408	0	
1409	0	
1410	0	
1411	0	
1412	2.500000e-005	
1413	1.000000e-004	
1414	1.000000e-004	
1415	0	
1416	0	
1417	0	
1418	0	
1419	0	
1420	0	
1421	0	
1422	0	
1423	0	
1424	0	
1425	0	
1426	0	
1427	0	
1428	0	
1429	0	
1430	0	
1431	0	
1432	0	
1433	0	
1434	0	
1435	0	
1436	0	
1437	0	
1438	0	
1439	0	
1440	0	
1441	0	
1442	0	
1443	0	
1444	0	
1445	0	
1446	0	
1447	0	
1448	0	
1449	0	
1450	0	
1451	2.500000e-005	
1452	2.500000e-005	
1453	2.500000e-005	
1454	5.000000e-005	
1455	7.500000e-005	
1456	0	
1457	0	
1458	0	
1459	0	
1460	0	
1461	2.500000e-005	
1462	5.000000e-005	
1463	1.000000e-004	
1464	1.000000e-004	
1465	1.250000e-004	
1466	2.500000e-005	
1467	2.500000e-005	
1468	1.000000e-004	
1469	7.500000e-005	
1470	5.000000e-005	
1471	5.000000e-005	
1472	7.500000e-005	
1473	7.500000e-005	
1474	1.000000e-004	
1475	1.000000e-004	
1476	1.500000e-004	
1477	1.250000e-004	
1478	1.000000e-004	
1479	7.500000e-005	
1480	1.000000e-004	
1481	1.000000e-004	
1482	2.500000e-005	
1483	0	
1484	0	
1485	0	
1486	0	
1487	0	
1488	0	
1489	0	
1490	0	
1491	0	
1492	0	
1493	0	
1494	0	
1495	0	
1496	0	
1497	0	
1498	0	
1499	0	
1500	0	
1501	0	
1502	0	
1503	0	
1504	0	
1505	0	
1506	0	
1507	0	
1508	0	
1509	0	
1510	0	
1511	0	
1512	0	
1513	0	
1514	0	
1515	0	
1516	0	
1517	0	
1518	0	
1519	0	
1520	0	
1521	0	
1522	0	
1523	0	
1524	0	
1525	0	
1526	0	
1527	0	
1528	0	
1529	0	
1530	0	
1531	2.500000e-005	
1532	5.000000e-005	
1533	1.250000e-004	
1534	1.750000e-004	
1535	2.250000e-004	
1536	1.500000e-004	
1537	1.250000e-004	
1538	1.500000e-004	
1539	1.750000e-004	
1540	2.500000e-004	
1541	2.000000e-004	
1542	1.250000e-004	
1543	1.500000e-004	
1544	1.750000e-004	
1545	1.750000e-004	
1546	1.750000e-004	
1547	1.250000e-004	
1548	2.500000e-005	
1549	0	
1550	0	
1551	0	
1552	0	
1553	0	
1554	0	
1555	0	
1556	0	
1557	0	
1558	0	
1559	0	
1560	0	
1561	0	
1562	0	
1563	0	
1564	0	
1565	0	
1566	0	
1567	2.500000e-005	
1568	5.000000e-005	
1569	5.000000e-005	
1570	2.500000e-005	
1571	2.500000e-005	
1572	2.500000e-005	
1573	2.500000e-005	
1574	5.000000e-005	
1575	7.500000e-005	
1576	2.500000e-005	
1577	2.500000e-005	
1578	2.500000e-005	
1579	2.500000e-005	
1580	2.500000e-005	
1581	5.000000e-005	
1582	5.000000e-005	
1583	0	
1584	0	
1585	0	
1586	2.500000e-005	
1587	5.000000e-005	
1588	5.000000e-005	
1589	5.000000e-005	
1590	5.000000e-005	
1591	2.500000e-005	
1592	1.250000e-004	
1593	7.500000e-005	
1594	5.000000e-005	
1595	7.500000e-005	
1596	1.250000e-004	
1597	1.250000e-004	
1598	2.250000e-004	
1599	2.250000e-004	
1600	2.750000e-004	
1601	1.750000e-004	
1602	2.000000e-004	
1603	2.250000e-004	
1604	2.000000e-004	
1605	2.500000e-004	
1606	3.500000e-004	
1607	3.750000e-004	
1608	3.500000e-004	
1609	3.250000e-004	
1610	3.500000e-004	
1611	3.500000e-004	
1612	2.750000e-004	
1613	3.750000e-004	
1614	2.750000e-004	
1615	3.000000e-004	
1616	3.250000e-004	
1617	2.250000e-004	
1618	2.500000e-004	
1619	3.250000e-004	
1620	4.500000e-004	
1621	4.000000e-004	
1622	4.000000e-004	
1623	2.000000e-004	
1624	2.750000e-004	
1625	2.000000e-004	
1626	2.750000e-004	
1627	1.000000e-004	
1628	1.250000e-004	
1629	1.750000e-004	
1630	2.000000e-004	
1631	1.500000e-004	
1632	2.750000e-004	
1633	3.000000e-004	
1634	3.250000e-004	
1635	2.500000e-004	
1636	2.000000e-004	
1637	2.750000e-004	
1638	4.750000e-004	
1639	4.500000e-004	
1640	5.000000e-004	
1641	2.750000e-004	
1642	2.750000e-004	
1643	2.500000e-004	
1644	2.750000e-004	
1645	2.250000e-004	
1646	3.000000e-004	
1647	2.750000e-004	
1648	2.000000e-004	
1649	1.500000e-004	
1650	1.750000e-004	
1651	2.000000e-004	
1652	2.000000e-004	
1653	2.250000e-004	
1654	3.250000e-004	
1655	3.250000e-004	
1656	5.500000e-004	
1657	7.000000e-004	
1658	7.250000e-004	
1659	5.250000e-004	
1660	5.000000e-004	
1661	3.000000e-004	
1662	3.750000e-004	
1663	3.250000e-004	
1664	2.750000e-004	
1665	1.250000e-004	
1666	1.000000e-004	
1667	2.000000e-004	
1668	1.250000e-004	
1669	2.500000e-004	
1670	2.000000e-004	
1671	2.000000e-004	
1672	1.750000e-004	
1673	2.500000e-004	
1674	2.750000e-004	
1675	2.750000e-004	
1676	1.500000e-004	
1677	1.750000e-004	
1678	1.500000e-004	
1679	1.750000e-004	
1680	1.500000e-004	
1681	1.250000e-004	
1682	1.000000e-004	
1683	7.500000e-005	
1684	1.000000e-004	
1685	7.500000e-005	
1686	5.000000e-005	
1687	5.000000e-005	
1688	5.000000e-005	
1689	7.500000e-005	
1690	1.250000e-004	
1691	1.000000e-004	
1692	1.000000e-004	
1693	1.000000e-004	
1694	1.750000e-004	
1695	2.250000e-004	
1696	7.500000e-005	
1697	2.500000e-005	
1698	5.000000e-005	
1699	1.000000e-004	
1700	2.500000e-005	
1701	0	
1702	0	
1703	0	
1704	2.500000e-005	
1705	2.500000e-005	
1706	0	
1707	0	
1708	0	
1709	0	
1710	0	
1711	0	
1712	0	
1713	0	
1714	0	
1715	0	
1716	0	
1717	0	
1718	0	
1719	0	
1720	0	
1721	0	
1722	0	
1723	0	
1724	0	
1725	0	
1726	0	
1727	0	
1728	0	
1729	0	
1730	0	
1731	0	
1732	0	
1733	0	
1734	0	
1735	0	
1736	0	
1737	0	
1738	0	
1739	0	
1740	0	
1741	0	
1742	0	
1743	0	
1744	0	
1745	0	
1746	0	
1747	0	
1748	0	
1749	0	
1750	0	
1751	0	
1752	0	
1753	0	
1754	0	
1755	0	
1756	0	
1757	0	
1758	0	
1759	0	
1760	0	
1761	2.500000e-005	
1762	2.500000e-005	
1763	1.000000e-004	
1764	1.000000e-004	
1765	2.500000e-005	
1766	2.500000e-005	
1767	5.000000e-005	
1768	0	
1769	0	
1770	0	
1771	0	
1772	0	
1773	0	
1774	0	
1775	0	
1776	0	
1777	0	
1778	0	
1779	0	
1780	0	
1781	0	
1782	0	
1783	0	
1784	0	
1785	0	
1786	0	
1787	0	
1788	0	
1789	0	
1790	0	
1791	0	
1792	0	
1793	0	
1794	0	
1795	0	
1796	0	
1797	0	
1798	0	
1799	0	
1800	0	
1801	0	
1802	0	
1803	0	
1804	0	
1805	0	
1806	0	
1807	0	
1808	0	
1809	0	
1810	0	
1811	0	
1812	0	
1813	0	
1814	0	
1815	0	
1816	0	
1817	0	
1818	0	
1819	0	
1820	0	
1821	0	
1822	0	
1823	0	
1824	0	
1825	0	
1826	0	
1827	0	
1828	0	
1829	0	
1830	0	
1831	0	
1832	0	
1833	0	
1834	0	
1835	0	
1836	0	
1837	0	
1838	0	
1839	0	
1840	0	
1841	0	
1842	0	
1843	0	
1844	0	
1845	0	
1846	0	
1847	0	
1848	0	
1849	0	
1850	0	
1851	0	
1852	0	
1853	0	
1854	0	
1855	0	
1856	0	
1857	0	
1858	0	
1859	0	
1860	0	
1861	0	
1862	0	
1863	0	
1864	0	
1865	0	
1866	0	
1867	0	
1868	0	
1869	0	
1870	0	
1871	0	
1872	0	
1873	0	
1874	0	
1875	0	
1876	0	
1877	0	
1878	0	
1879	0	
1880	0	
1881	0	
1882	0	
1883	0	
1884	0	
1885	0	
1886	0	
1887	0	
1888	0	
1889	0	
1890	0	
1891	0	
1892	0	
1893	0	
1894	0	
1895	0	
1896	0	
1897	0	
1898	0	
1899	0	
1900	0	
1901	0	
1902	0	
1903	0	
1904	0	
1905	0	
1906	0	
1907	0	
1908	0	
1909	0	
1910	0	
1911	0	
1912	0	
1913	0	
1914	0	
1915	0	
1916	0	
1917	0	
1918	0	
1919	0	
1920	0	
1921	0	
1922	0	
1923	0	
1924	0	
1925	0	
1926	0	
1927	0	
1928	0	
1929	0	
1930	0	
1931	0	
1932	0	
1933	0	
1934	0	
1935	0	
1936	0	
1937	0	
1938	0	
1939	0	
1940	0	
1941	0	
1942	0	
1943	0	
1944	0	
1945	2.500000e-005	
1946	5.000000e-005	
1947	7.500000e-005	
1948	5.000000e-005	
1949	5.000000e-005	
1950	7.500000e-005	
1951	1.000000e-004	
1952	7.500000e-005	
1953	1.500000e-004	
1954	1.500000e-004	
1955	2.000000e-004	
1956	2.250000e-004	
1957	3.000000e-004	
1958	3.500000e-004	
1959	3.250000e-004	
1960	3.250000e-004	
1961	4.250000e-004	
1962	5.000000e-004	
1963	7.250000e-004	
1964	8.000000e-004	
1965	7.500000e-004	
1966	6.250000e-004	
1967	7.500000e-004	
1968	6.750000e-004	
1969	7.250000e-004	
1970	7.000000e-004	
1971	8.000000e-004	
1972	6.500000e-004	
1973	6.750000e-004	
1974	5.000000e-004	
1975	4.250000e-004	
1976	5.500000e-004	
1977	4.250000e-004	
1978	5.500000e-004	
1979	6.000000e-004	
1980	5.250000e-004	
1981	5.250000e-004	
1982	4.750000e-004	
1983	4.750000e-004	
1984	4.750000e-004	
1985	4.250000e-004	
1986	3.000000e-004	
1987	1.750000e-004	
1988	2.750000e-004	
1989	2.000000e-004	
1990	2.750000e-004	
1991	2.000000e-004	
1992	2.250000e-004	
1993	2.500000e-004	
1994	2.000000e-004	
1995	2.000000e-004	
1996	1.750000e-004	
1997	1.750000e-004	
1998	1.500000e-004	
1999	1.500000e-004	
2000	1.750000e-004	
2001	1.250000e-004	
2002	1.750000e-004	
2003	1.750000e-004	
2004	1.750000e-004	
2005	1.750000e-004	
2006	1.500000e-004	
2007	1.000000e-004	
2008	1.500000e-004	
2009	1.000000e-004	
2010	1.250000e-004	
2011	1.750000e-004	
2012	2.250000e-004	
2013	1.750000e-004	
2014	2.250000e-004	
2015	2.250000e-004	
2016	2.750000e-004	
2017	4.500000e-004	
2018	6.000000e-004	
2019	5.750000e-004	
2020	6.250000e-004	
2021	7.000000e-004	
2022	4.000000e-004	
2023	3.250000e-004	
2024	2.750000e-004	
2025	1.250000e-004	
2026	1.250000e-004	
2027	1.750000e-004	
2028	1.250000e-004	
2029	7.500000e-005	
2030	1.250000e-004	
2031	2.250000e-004	
2032	2.750000e-004	
2033	3.250000e-004	
2034	2.250000e-004	
2035	2.500000e-004	
2036	3.750000e-004	
2037	3.750000e-004	
2038	5.250000e-004	
2039	5.500000e-004	
2040	6.500000e-004	
2041	5.000000e-004	
2042	4.250000e-004	
2043	2.000000e-004	
2044	2.000000e-004	
2045	3.750000e-004	
2046	5.750000e-004	
2047	6.000000e-004	
2048	7.000000e-004	
2049	9.750000e-004	
2050	1.175000e-003	
2051	9.000000e-004	
2052	1.025000e-003	
2053	9.000000e-004	
2054	9.000000e-004	
2055	9.500000e-004	
2056	1.200000e-003	
2057	1.200000e-003	
2058	1.200000e-003	
2059	1.225000e-003	
2060	1.350000e-003	
2061	1.175000e-003	
2062	1.475000e-003	
2063	1.275000e-003	
2064	1.050000e-003	
2065	1.125000e-003	
2066	1.150000e-003	
2067	1.225000e-003	
2068	1.425000e-003	
2069	1.600000e-003	
2070	1.375000e-003	
2071	1.425000e-003	
2072	1.175000e-003	
2073	8.500000e-004	
2074	1.150000e-003	
2075	1.225000e-003	
2076	1.300000e-003	
2077	1.550000e-003	
2078	1.475000e-003	
2079	1.550000e-003	
2080	1.550000e-003	
2081	1.675000e-003	
2082	1.625000e-003	
2083	1.850000e-003	
2084	1.925000e-003	
2085	1.975000e-003	
2086	1.975000e-003	
2087	1.900000e-003	
2088	1.675000e-003	
2089	1.575000e-003	
2090	1.575000e-003	
2091	1.675000e-003	
2092	1.775000e-003	
2093	1.800000e-003	
2094	1.850000e-003	
2095	1.950000e-003	
2096	1.850000e-003	
2097	2.175000e-003	
2098	1.950000e-003	
2099	1.775000e-003	
2100	1.825000e-003	
2101	2.125000e-003	
2102	2.050000e-003	
2103	1.975000e-003	
2104	1.850000e-003	
2105	1.925000e-003	
2106	2.200000e-003	
2107	2.275000e-003	
2108	2.075000e-003	
2109	2.250000e-003	
2110	2.275000e-003	
2111	2.350000e-003	
2112	2.175000e-003	
2113	2.375000e-003	
2114	1.925000e-003	
2115	2.025000e-003	
2116	1.950000e-003	
2117	2.125000e-003	
2118	2.125000e-003	
2119	2.250000e-003	
2120	2.350000e-003	
2121	2.425000e-003	
2122	2.350000e-003	
2123	2.875000e-003	
2124	3.050000e-003	
2125	3.025000e-003	
2126	2.675000e-003	
2127	2.600000e-003	
2128	2.850000e-003	
2129	2.750000e-003	
2130	2.400000e-003	
2131	2.475000e-003	
2132	2.300000e-003	
2133	2.475000e-003	
2134	2.225000e-003	
2135	2.500000e-003	
2136	2.600000e-003	
2137	2.675000e-003	
2138	2.775000e-003	
2139	2.725000e-003	
2140	2.600000e-003	
2141	2.375000e-003	
2142	2.725000e-003	
2143	2.700000e-003	
2144	2.825000e-003	
2145	2.850000e-003	
2146	3.000000e-003	
2147	3.125000e-003	
2148	3.125000e-003	
2149	3.275000e-003	
2150	3.000000e-003	
2151	3.325000e-003	
2152	3.500000e-003	
2153	3.725000e-003	
2154	3.625000e-003	
2155	3.750000e-003	
2156	3.750000e-003	
2157	3.825000e-003	
2158	3.700000e-003	
2159	3.450000e-003	
2160	3.725000e-003	
2161	3.150000e-003	
2162	3.575000e-003	
2163	3.600000e-003	
2164	3.425000e-003	
2165	3.450000e-003	
2166	3.775000e-003	
2167	3.550000e-003	
2168	3.925000e-003	
2169	3.950000e-003	
2170	3.750000e-003	
2171	4.425000e-003	
2172	4.600000e-003	
2173	4.550000e-003	
2174	4.350000e-003	
2175	4.375000e-003	
2176	4.575000e-003	
2177	4.700000e-003	
2178	4.475000e-003	
2179	4.250000e-003	
2180	4.650000e-003	
2181	4.775000e-003	
2182	4.725000e-003	
2183	4.275000e-003	
2184	4.450000e-003	
2185	4.050000e-003	
2186	4.025000e-003	
2187	4.100000e-003	
2188	3.925000e-003	
2189	3.450000e-003	
2190	3.525000e-003	
2191	3.200000e-003	
2192	3.350000e-003	
2193	3.450000e-003	
2194	3.275000e-003	
2195	3.125000e-003	
2196	3.450000e-003	
2197	3.650000e-003	
2198	3.550000e-003	
2199	3.250000e-003	
2200	3.250000e-003	
2201	3.150000e-003	
2202	3.075000e-003	
2203	2.725000e-003	
2204	2.350000e-003	
2205	2.625000e-003	
2206	2.525000e-003	
2207	2.300000e-003	
2208	2.275000e-003	
2209	2.675000e-003	
2210	2.675000e-003	
2211	2.925000e-003	
2212	2.800000e-003	
2213	2.675000e-003	
2214	2.850000e-003	
2215	3.000000e-003	
2216	2.950000e-003	
2217	2.675000e-003	
2218	2.675000e-003	
2219	2.650000e-003	
2220	2.350000e-003	
2221	1.850000e-003	
2222	1.725000e-003	
2223	1.900000e-003	
2224	1.725000e-003	
2225	2.125000e-003	
2226	2.200000e-003	
2227	2.275000e-003	
2228	2.025000e-003	
2229	2.150000e-003	
2230	2.200000e-003	
2231	2.300000e-003	
2232	2.125000e-003	
2233	2.025000e-003	
2234	1.775000e-003	
2235	1.800000e-003	
2236	1.575000e-003	
2237	1.675000e-003	
2238	1.425000e-003	
2239	1.150000e-003	
2240	1.025000e-003	
2241	8.000000e-004	
2242	1.000000e-003	
2243	9.250000e-004	
2244	9.000000e-004	
2245	8.250000e-004	
2246	9.250000e-004	
2247	8.750000e-004	
2248	8.000000e-004	
2249	7.500000e-004	
2250	7.250000e-004	
2251	7.000000e-004	
2252	7.000000e-004	
2253	7.500000e-004	
2254	7.000000e-004	
2255	7.000000e-004	
2256	8.750000e-004	
2257	8.500000e-004	
2258	6.000000e-004	
2259	6.500000e-004	
2260	6.500000e-004	
2261	6.500000e-004	
2262	6.250000e-004	
2263	8.000000e-004	
2264	6.000000e-004	
2265	7.750000e-004	
2266	6.500000e-004	
2267	7.250000e-004	
2268	9.250000e-004	
2269	9.250000e-004	
2270	9.000000e-004	
2271	1.075000e-003	
2272	1.175000e-003	
2273	1.050000e-003	
2274	1.025000e-003	
2275	6.750000e-004	
2276	2.250000e-004	
2277	1.500000e-004	
2278	2.500000e-005	
2279	4.750000e-004	
2280	6.250000e-004	
2281	6.750000e-004	
2282	7.750000e-004	
2283	8.500000e-004	
2284	7.750000e-004	
2285	8.750000e-004	
2286	6.500000e-004	
2287	6.750000e-004	
2288	6.000000e-004	
2289	6.250000e-004	
2290	6.750000e-004	
2291	5.750000e-004	
2292	8.750000e-004	
2293	6.000000e-004	
2294	6.250000e-004	
2295	6.500000e-004	
2296	5.250000e-004	
2297	6.750000e-004	
2298	5.750000e-004	
2299	4.000000e-004	
2300	4.250000e-004	
2301	4.500000e-004	
2302	5.250000e-004	
2303	5.250000e-004	
2304	4.000000e-004	
2305	2.500000e-004	
2306	1.500000e-004	
2307	1.000000e-004	
2308	7.500000e-005	
2309	0	
2310	0	
2311	0	
2312	0	
2313	0	
2314	0	
2315	0	
2316	0	
2317	0	
2318	0	
2319	0	
2320	0	
2321	0	
2322	0	
2323	0	
2324	0	
2325	0	
2326	0	
2327	0	
2328	0	
2329	0	
2330	0	
2331	0	
2332	0	
2333	0	
2334	0	
2335	0	
2336	0	
2337	0	
2338	0	
2339	0	
2340	0	
2341	0	
2342	0	
2343	0	
2344	0	
2345	0	
2346	0	
2347	0	
2348	0	
2349	0	
2350	0	
2351	0	
2352	0	
2353	0	
2354	0	
2355	0	
2356	0	
2357	0	
2358	0	
2359	0	
2360	0	
2361	0	
2362	0	
2363	0	
2364	0	
2365	0	
2366	0	
2367	0	
2368	0	
2369	0	
2370	0	
2371	0	
2372	0	
2373	0	
2374	0	
2375	0	
2376	0	
2377	0	
2378	0	
2379	0	
2380	0	
2381	0	
2382	0	
2383	0	
2384	0	
2385	0	
2386	0	
2387	0	
2388	0	
2389	0	
2390	0	
2391	0	
2392	0	
2393	2.500000e-005	
2394	5.000000e-005	
2395	5.000000e-005	
2396	2.500000e-005	
2397	2.500000e-005	
2398	0	
2399	0	
2400	0	
2401	0	
2402	0	
2403	0	
2404	0	
2405	0	
2406	0	
2407	0	
2408	2.500000e-005	
2409	1.000000e-004	
2410	1.000000e-004	
2411	1.500000e-004	
2412	2.250000e-004	
2413	3.000000e-004	
2414	2.000000e-004	
2415	1.000000e-004	
2416	1.500000e-004	
2417	1.000000e-004	
2418	2.000000e-004	
2419	1.750000e-004	
2420	2.250000e-004	
2421	2.750000e-004	
2422	2.000000e-004	
2423	2.500000e-004	
2424	2.500000e-005	
2425	0	
2426	0	
2427	0	
2428	0	
2429	0	
2430	0	
2431	0	
2432	0	
2433	0	
2434	0	
2435	0	
2436	0	
2437	2.500000e-005	
2438	2.500000e-005	
2439	0	
2440	0	
2441	0	
2442	0	
2443	0	
2444	0	
2445	0	
2446	0	
2447	0	
2448	0	
2449	0	
2450	0	
2451	0	
2452	0	
2453	0	
2454	0	
2455	0	
2456	0	
2457	0	
2458	0	
2459	0	
2460	0	
2461	0	
2462	0	
2463	0	
2464	0	
2465	0	
2466	0	
2467	0	
2468	0	
2469	0	
2470	0	
2471	0	
2472	0	
2473	0	
2474	0	
2475	0	
2476	0	
2477	0	
2478	0	
2479	0	
2480	0	
2481	0	
2482	2.500000e-005	
2483	0	
2484	0	
2485	0	
2486	0	
2487	0	
2488	0	
2489	0	
2490	0	
2491	0	
2492	0	
2493	0	
2494	0	
2495	0	
2496	0	
2497	0	
2498	0	
2499	0	
2500	0	
2501	0	
2502	0	
2503	0	
2504	0	
2505	0	
2506	0	
2507	0	
2508	0	
2509	0	
2510	0	
2511	2.500000e-005	
2512	2.500000e-005	
2513	2.500000e-005	
2514	2.500000e-005	
2515	0	
2516	0	
2517	0	
2518	2.500000e-005	
2519	5.000000e-005	
2520	7.500000e-005	
2521	5.000000e-005	
2522	1.500000e-004	
2523	1.500000e-004	
2524	1.250000e-004	
2525	1.500000e-004	
2526	1.250000e-004	
2527	1.750000e-004	
2528	1.750000e-004	
2529	2.500000e-004	
2530	3.000000e-004	
2531	3.000000e-004	
2532	2.000000e-004	
2533	2.750000e-004	
2534	2.750000e-004	
2535	2.500000e-004	
2536	3.250000e-004	
2537	4.500000e-004	
2538	4.500000e-004	
2539	5.250000e-004	
2540	4.750000e-004	
2541	5.250000e-004	
2542	5.250000e-004	
2543	5.500000e-004	
2544	5.000000e-004	
2545	4.750000e-004	
2546	3.750000e-004	
2547	4.000000e-004	
2548	4.500000e-004	
2549	4.000000e-004	
2550	4.750000e-004	
2551	4.250000e-004	
2552	5.750000e-004	
2553	4.750000e-004	
2554	6.000000e-004	
2555	5.000000e-004	
2556	4.750000e-004	
2557	6.000000e-004	
2558	4.250000e-004	
2559	4.000000e-004	
2560	3.750000e-004	
2561	3.250000e-004	
2562	2.000000e-004	
2563	1.000000e-004	
2564	2.500000e-005	
2565	0	
2566	0	
2567	0	
2568	2.500000e-005	
2569	0	
2570	0	
2571	0	
2572	0	
2573	0	
2574	0	
2575	0	
2576	0	
2577	0	
2578	0	
2579	0	
2580	0	
2581	0	
2582	0	
2583	0	
2584	0	
2585	0	
2586	0	
2587	0	
2588	0	
2589	0	
2590	0	
2591	0	
2592	0	
2593	0	
2594	0	
2595	2.500000e-005	
2596	7.500000e-005	
2597	2.500000e-004	
2598	2.250000e-004	
2599	5.000000e-005	
2600	1.000000e-004	
2601	2.500000e-005	
2602	0	
2603	0	
2604	0	
2605	0	
2606	0	
2607	0	
2608	0	
2609	0	
2610	0	
2611	0	
2612	0	
2613	0	
2614	0	
2615	0	
2616	0	
2617	0	
2618	0	
2619	0	
2620	0	
2621	0	
2622	0	
2623	0	
2624	0	
2625	0	
2626	0	
2627	0	
2628	0	
2629	0	
2630	0	
2631	0	
2632	0	
2633	0	
2634	0	
2635	0	
2636	0	
2637	0	
2638	0	
2639	0	
2640	0	
2641	0	
2642	0	
2643	0	
2644	0	
2645	0	
2646	0	
2647	0	
2648	0	
2649	0	
2650	0	
2651	0	
2652	0	
2653	0	
2654	0	
2655	0	
2656	0	
2657	0	
2658	0	
2659	0	
2660	0	
2661	0	
2662	0	
2663	0	
2664	0	
2665	0	
2666	0	
2667	0	
2668	0	
2669	0	
2670	0	
2671	0	
2672	0	
2673	0	
2674	0	
2675	0	
2676	0	
2677	0	
2678	0	
2679	0	
2680	0	
2681	0	
2682	0	
2683	0	
2684	0	
2685	0	
2686	0	
2687	0	
2688	0	
2689	0	
2690	0	
2691	0	
2692	0	
2693	0	
2694	0	
2695	0	
2696	0	
2697	0	
2698	0	
2699	0	
2700	0	
2701	0	
2702	0	
2703	0	
2704	0	
2705	0	
2706	0	
2707	0	
2708	0	
2709	0	
2710	0	
2711	0	
2712	0	
2713	0	
2714	0	
2715	0	
2716	0	
2717	0	
2718	0	
2719	0	
2720	0	
2721	0	
2722	0	
2723	0	
2724	0	
2725	0	
2726	0	
2727	0	
2728	0	
2729	0	
2730	0	
2731	0	
2732	0	
2733	0	
2734	0	
2735	0	
2736	0	
2737	0	
2738	0	
2739	0	
2740	0	
2741	0	
2742	0	
2743	0	
2744	0	
2745	0	
2746	0	
2747	0	
2748	0	
2749	0	
2750	0	
2751	0	
2752	0	
2753	0	
2754	0	
2755	0	
2756	0	
2757	2.500000e-005	
2758	0	
2759	0	
2760	0	
2761	0	
2762	0	
2763	0	
2764	0	
2765	0	
2766	0	
2767	0	
2768	0	
2769	0	
2770	0	
2771	0	
2772	0	
2773	0	
2774	0	
2775	0	
2776	0	
2777	0	
2778	0	
2779	0	
2780	0	
2781	0	
2782	0	
2783	0	
2784	0	
2785	0	
2786	0	
2787	0	
2788	0	
2789	0	
2790	0	
2791	0	
2792	0	
2793	0	
2794	0	
2795	0	
2796	0	
2797	0	
2798	0	
2799	0	
2800	0	
2801	0	
2802	0	
2803	0	
2804	0	
2805	0	
2806	0	
2807	0	
2808	0	
2809	0	
2810	0	
2811	0	
2812	0	
2813	0	
2814	0	
2815	0	
2816	0	
2817	0	
2818	0	
2819	0	
2820	0	
2821	0	
2822	5.000000e-005	
2823	2.500000e-005	
2824	5.000000e-005	
2825	2.500000e-005	
2826	7.500000e-005	
2827	1.000000e-004	
2828	1.000000e-004	
2829	7.500000e-005	
2830	1.250000e-004	
2831	1.000000e-004	
2832	5.000000e-005	
2833	1.000000e-004	
2834	5.000000e-005	
2835	0	
2836	0	
2837	0	
2838	0	
2839	0	
2840	0	
2841	0	
2842	0	
2843	0	
2844	0	
2845	0	
2846	0	
2847	0	
2848	0	
2849	0	
2850	0	
2851	0	
2852	0	
2853	2.500000e-005	
2854	2.500000e-005	
2855	2.500000e-005	
2856	2.500000e-005	
2857	2.500000e-005	
2858	2.500000e-005	
2859	2.500000e-005	
2860	5.000000e-005	
2861	5.000000e-005	
2862	2.500000e-005	
2863	1.000000e-004	
2864	1.500000e-004	
2865	1.750000e-004	
2866	7.500000e-005	
2867	5.000000e-005	
2868	1.000000e-004	
2869	1.000000e-004	
2870	5.000000e-005	
2871	1.000000e-004	
2872	1.000000e-004	
2873	1.250000e-004	
2874	1.500000e-004	
2875	1.250000e-004	
2876	1.000000e-004	
2877	7.500000e-005	
2878	0	
2879	2.500000e-005	
2880	2.500000e-005	
2881	1.250000e-004	
2882	1.250000e-004	
2883	5.000000e-005	
2884	1.000000e-004	
2885	7.500000e-005	
2886	1.500000e-004	
2887	2.000000e-004	
2888	2.000000e-004	
2889	1.750000e-004	
2890	1.750000e-004	
2891	1.500000e-004	
2892	2.250000e-004	
2893	2.250000e-004	
2894	1.750000e-004	
2895	2.000000e-004	
2896	2.000000e-004	
2897	1.500000e-004	
2898	2.250000e-004	
2899	1.500000e-004	
2900	2.250000e-004	
2901	1.250000e-004	
2902	1.750000e-004	
2903	1.250000e-004	
2904	1.000000e-004	
2905	1.000000e-004	
2906	5.000000e-005	
2907	5.000000e-005	
2908	1.250000e-004	
2909	1.500000e-004	
2910	1.500000e-004	
2911	1.500000e-004	
2912	2.000000e-004	
2913	1.750000e-004	
2914	1.250000e-004	
2915	1.000000e-004	
2916	7.500000e-005	
2917	1.250000e-004	
2918	1.000000e-004	
2919	1.000000e-004	
2920	5.000000e-005	
2921	7.500000e-005	
2922	1.000000e-004	
2923	1.000000e-004	
2924	5.000000e-005	
2925	7.500000e-005	
2926	1.000000e-004	
2927	7.500000e-005	
2928	1.000000e-004	
2929	1.250000e-004	
2930	1.500000e-004	
2931	7.500000e-005	
2932	5.000000e-005	
2933	2.500000e-005	
2934	5.000000e-005	
2935	0	
2936	0	
2937	0	
2938	0	
2939	0	
2940	0	
2941	0	
2942	0	
2943	0	
2944	0	
2945	0	
2946	0	
2947	0	
2948	0	
2949	0	
2950	0	
2951	0	
2952	0	
2953	0	
2954	0	
2955	0	
2956	0	
2957	0	
2958	0	
2959	0	
2960	0	
2961	0	
2962	0	
2963	0	
2964	0	
2965	0	
2966	0	
2967	0	
2968	0	
2969	0	
2970	0	
2971	0	
2972	2.500000e-005	
2973	2.500000e-005	
2974	2.500000e-005	
2975	5.000000e-005	
2976	1.000000e-004	
2977	1.000000e-004	
2978	2.250000e-004	
2979	2.750000e-004	
2980	3.250000e-004	
2981	2.750000e-004	
2982	3.000000e-004	
2983	3.250000e-004	
2984	2.500000e-004	
2985	1.500000e-004	
2986	1.250000e-004	
2987	1.750000e-004	
2988	1.500000e-004	
2989	2.250000e-004	
2990	1.750000e-004	
2991	1.000000e-004	
2992	1.000000e-004	
2993	1.750000e-004	
2994	1.500000e-004	
2995	1.500000e-004	
2996	2.000000e-004	
2997	3.000000e-004	
2998	2.250000e-004	
2999	1.750000e-004	
3000	5.000000e-005	
3001	5.000000e-005	
