1	0	
2	0	
3	0	
4	0	
5	0	
6	0	
7	0	
8	0	
9	0	
10	0	
11	0	
12	0	
13	0	
14	0	
15	0	
16	0	
17	0	
18	0	
19	0	
20	0	
21	0	
22	0	
23	0	
24	0	
25	0	
26	0	
27	0	
28	0	
29	0	
30	0	
31	0	
32	0	
33	0	
34	0	
35	0	
36	0	
37	0	
38	0	
39	0	
40	0	
41	0	
42	0	
43	0	
44	0	
45	0	
46	0	
47	0	
48	0	
49	0	
50	0	
51	0	
52	0	
53	0	
54	0	
55	0	
56	0	
57	0	
58	0	
59	0	
60	0	
61	0	
62	0	
63	0	
64	0	
65	0	
66	0	
67	0	
68	0	
69	0	
70	0	
71	2.500000e-005	
72	5.000000e-005	
73	0	
74	0	
75	0	
76	0	
77	0	
78	0	
79	0	
80	0	
81	0	
82	0	
83	0	
84	0	
85	0	
86	0	
87	0	
88	0	
89	0	
90	0	
91	0	
92	0	
93	0	
94	0	
95	0	
96	0	
97	0	
98	0	
99	0	
100	0	
101	0	
102	0	
103	0	
104	0	
105	0	
106	0	
107	0	
108	0	
109	0	
110	0	
111	0	
112	0	
113	0	
114	2.500000e-005	
115	0	
116	0	
117	0	
118	0	
119	0	
120	0	
121	0	
122	0	
123	0	
124	0	
125	0	
126	0	
127	0	
128	0	
129	0	
130	0	
131	0	
132	0	
133	0	
134	0	
135	0	
136	0	
137	0	
138	0	
139	0	
140	0	
141	0	
142	0	
143	0	
144	0	
145	0	
146	0	
147	0	
148	0	
149	0	
150	0	
151	0	
152	0	
153	0	
154	2.500000e-005	
155	2.500000e-005	
156	2.500000e-005	
157	5.000000e-005	
158	0	
159	0	
160	0	
161	0	
162	0	
163	0	
164	0	
165	0	
166	0	
167	0	
168	2.500000e-005	
169	5.000000e-005	
170	1.000000e-004	
171	7.500000e-005	
172	0	
173	0	
174	0	
175	0	
176	0	
177	0	
178	0	
179	0	
180	0	
181	0	
182	0	
183	0	
184	0	
185	0	
186	0	
187	0	
188	0	
189	2.500000e-005	
190	2.500000e-005	
191	5.000000e-005	
192	5.000000e-005	
193	5.000000e-005	
194	0	
195	2.500000e-005	
196	2.500000e-005	
197	2.500000e-005	
198	2.500000e-005	
199	5.000000e-005	
200	5.000000e-005	
201	5.000000e-005	
202	1.250000e-004	
203	1.000000e-004	
204	5.000000e-005	
205	2.500000e-005	
206	0	
207	0	
208	0	
209	0	
210	0	
211	0	
212	0	
213	0	
214	0	
215	0	
216	2.500000e-005	
217	5.000000e-005	
218	5.000000e-005	
219	7.500000e-005	
220	1.000000e-004	
221	2.500000e-005	
222	2.500000e-005	
223	2.500000e-005	
224	2.500000e-005	
225	0	
226	0	
227	0	
228	0	
229	0	
230	0	
231	0	
232	0	
233	0	
234	0	
235	0	
236	0	
237	0	
238	0	
239	0	
240	0	
241	0	
242	0	
243	0	
244	0	
245	0	
246	0	
247	2.500000e-005	
248	2.500000e-005	
249	5.000000e-005	
250	5.000000e-005	
251	7.500000e-005	
252	1.250000e-004	
253	5.000000e-005	
254	7.500000e-005	
255	5.000000e-005	
256	0	
257	0	
258	0	
259	0	
260	0	
261	0	
262	0	
263	0	
264	2.500000e-005	
265	5.000000e-005	
266	7.500000e-005	
267	1.000000e-004	
268	7.500000e-005	
269	5.000000e-005	
270	5.000000e-005	
271	1.000000e-004	
272	7.500000e-005	
273	5.000000e-005	
274	5.000000e-005	
275	5.000000e-005	
276	5.000000e-005	
277	2.500000e-005	
278	7.500000e-005	
279	7.500000e-005	
280	5.000000e-005	
281	5.000000e-005	
282	2.500000e-005	
283	0	
284	0	
285	0	
286	0	
287	0	
288	0	
289	0	
290	0	
291	0	
292	0	
293	0	
294	0	
295	0	
296	0	
297	0	
298	0	
299	0	
300	0	
301	0	
302	0	
303	0	
304	0	
305	0	
306	0	
307	0	
308	0	
309	0	
310	0	
311	0	
312	0	
313	0	
314	0	
315	0	
316	0	
317	0	
318	0	
319	0	
320	2.500000e-005	
321	7.500000e-005	
322	1.000000e-004	
323	7.500000e-005	
324	1.250000e-004	
325	1.500000e-004	
326	5.000000e-005	
327	2.500000e-005	
328	2.500000e-005	
329	2.500000e-005	
330	5.000000e-005	
331	7.500000e-005	
332	1.000000e-004	
333	1.000000e-004	
334	5.000000e-005	
335	5.000000e-005	
336	5.000000e-005	
337	7.500000e-005	
338	7.500000e-005	
339	7.500000e-005	
340	0	
341	0	
342	0	
343	0	
344	2.500000e-005	
345	0	
346	0	
347	0	
348	5.000000e-005	
349	5.000000e-005	
350	7.500000e-005	
351	1.000000e-004	
352	1.000000e-004	
353	1.250000e-004	
354	1.750000e-004	
355	1.250000e-004	
356	2.500000e-005	
357	5.000000e-005	
358	2.500000e-005	
359	2.500000e-005	
360	2.500000e-005	
361	2.500000e-005	
362	5.000000e-005	
363	7.500000e-005	
364	1.250000e-004	
365	2.000000e-004	
366	1.250000e-004	
367	1.500000e-004	
368	5.000000e-005	
369	2.500000e-005	
370	2.500000e-005	
371	5.000000e-005	
372	2.500000e-005	
373	2.500000e-005	
374	0	
375	0	
376	0	
377	0	
378	0	
379	0	
380	0	
381	0	
382	0	
383	0	
384	0	
385	0	
386	0	
387	0	
388	0	
389	0	
390	0	
391	0	
392	0	
393	0	
394	0	
395	0	
396	0	
397	0	
398	0	
399	2.500000e-005	
400	2.500000e-005	
401	0	
402	0	
403	0	
404	0	
405	2.500000e-005	
406	2.500000e-005	
407	1.000000e-004	
408	2.500000e-005	
409	7.500000e-005	
410	5.000000e-005	
411	2.500000e-005	
412	5.000000e-005	
413	5.000000e-005	
414	5.000000e-005	
415	7.500000e-005	
416	7.500000e-005	
417	5.000000e-005	
418	7.500000e-005	
419	1.500000e-004	
420	5.000000e-005	
421	7.500000e-005	
422	7.500000e-005	
423	2.500000e-005	
424	2.500000e-005	
425	2.500000e-005	
426	0	
427	0	
428	0	
429	0	
430	0	
431	0	
432	0	
433	0	
434	0	
435	0	
436	0	
437	0	
438	0	
439	2.500000e-005	
440	5.000000e-005	
441	7.500000e-005	
442	1.000000e-004	
443	1.250000e-004	
444	1.250000e-004	
445	1.250000e-004	
446	1.250000e-004	
447	7.500000e-005	
448	1.000000e-004	
449	1.250000e-004	
450	1.250000e-004	
451	1.250000e-004	
452	1.000000e-004	
453	7.500000e-005	
454	5.000000e-005	
455	0	
456	0	
457	0	
458	0	
459	0	
460	0	
461	0	
462	0	
463	0	
464	0	
465	0	
466	0	
467	0	
468	0	
469	0	
470	0	
471	0	
472	0	
473	0	
474	0	
475	0	
476	0	
477	0	
478	0	
479	0	
480	0	
481	0	
482	0	
483	0	
484	0	
485	0	
486	0	
487	0	
488	0	
489	0	
490	0	
491	0	
492	0	
493	0	
494	0	
495	0	
496	0	
497	0	
498	0	
499	0	
500	0	
501	0	
502	0	
503	0	
504	0	
505	2.500000e-005	
506	5.000000e-005	
507	1.000000e-004	
508	1.750000e-004	
509	1.250000e-004	
510	7.500000e-005	
511	1.000000e-004	
512	1.500000e-004	
513	1.250000e-004	
514	2.000000e-004	
515	1.250000e-004	
516	1.250000e-004	
517	7.500000e-005	
518	1.250000e-004	
519	1.000000e-004	
520	5.000000e-005	
521	7.500000e-005	
522	0	
523	0	
524	0	
525	0	
526	0	
527	0	
528	0	
529	0	
530	0	
531	0	
532	0	
533	0	
534	0	
535	0	
536	0	
537	0	
538	0	
539	0	
540	0	
541	0	
542	0	
543	0	
544	0	
545	0	
546	0	
547	0	
548	0	
549	0	
550	0	
551	0	
552	0	
553	0	
554	0	
555	0	
556	0	
557	0	
558	0	
559	0	
560	0	
561	0	
562	0	
563	0	
564	0	
565	0	
566	0	
567	0	
568	0	
569	0	
570	0	
571	0	
572	0	
573	0	
574	0	
575	0	
576	0	
577	0	
578	0	
579	0	
580	0	
581	0	
582	0	
583	0	
584	0	
585	0	
586	0	
587	0	
588	0	
589	0	
590	0	
591	0	
592	2.500000e-005	
593	5.000000e-005	
594	1.000000e-004	
595	7.500000e-005	
596	5.000000e-005	
597	7.500000e-005	
598	1.750000e-004	
599	2.000000e-004	
600	1.750000e-004	
601	1.500000e-004	
602	1.000000e-004	
603	1.500000e-004	
604	1.500000e-004	
605	2.000000e-004	
606	2.250000e-004	
607	1.000000e-004	
608	1.750000e-004	
609	1.750000e-004	
610	2.500000e-004	
611	2.750000e-004	
612	2.250000e-004	
613	2.750000e-004	
614	3.250000e-004	
615	2.500000e-004	
616	3.250000e-004	
617	2.750000e-004	
618	2.750000e-004	
619	1.750000e-004	
620	1.250000e-004	
621	5.000000e-005	
622	5.000000e-005	
623	5.000000e-005	
624	5.000000e-005	
625	2.500000e-005	
626	2.500000e-005	
627	2.500000e-005	
628	5.000000e-005	
629	0	
630	0	
631	0	
632	0	
633	0	
634	0	
635	0	
636	0	
637	0	
638	0	
639	0	
640	0	
641	0	
642	0	
643	0	
644	0	
645	0	
646	0	
647	0	
648	0	
649	0	
650	0	
651	0	
652	0	
653	0	
654	0	
655	0	
656	0	
657	0	
658	0	
659	0	
660	0	
661	0	
662	0	
663	0	
664	0	
665	0	
666	0	
667	0	
668	0	
669	0	
670	0	
671	0	
672	0	
673	0	
674	0	
675	0	
676	0	
677	0	
678	0	
679	0	
680	0	
681	0	
682	0	
683	0	
684	0	
685	0	
686	0	
687	0	
688	0	
689	0	
690	0	
691	0	
692	0	
693	0	
694	0	
695	0	
696	0	
697	0	
698	0	
699	0	
700	0	
701	0	
702	0	
703	0	
704	0	
705	0	
706	0	
707	0	
708	0	
709	0	
710	0	
711	0	
712	0	
713	0	
714	0	
715	0	
716	0	
717	0	
718	0	
719	0	
720	0	
721	0	
722	0	
723	0	
724	0	
725	2.500000e-005	
726	5.000000e-005	
727	2.500000e-005	
728	2.500000e-005	
729	0	
730	0	
731	0	
732	0	
733	0	
734	0	
735	0	
736	0	
737	0	
738	0	
739	0	
740	0	
741	0	
742	0	
743	0	
744	0	
745	0	
746	0	
747	0	
748	0	
749	0	
750	0	
751	0	
752	0	
753	0	
754	0	
755	0	
756	0	
757	0	
758	0	
759	0	
760	0	
761	0	
762	0	
763	0	
764	0	
765	0	
766	0	
767	0	
768	0	
769	0	
770	0	
771	0	
772	0	
773	0	
774	0	
775	0	
776	0	
777	0	
778	0	
779	0	
780	0	
781	0	
782	0	
783	0	
784	0	
785	0	
786	0	
787	0	
788	0	
789	0	
790	0	
791	0	
792	0	
793	0	
794	0	
795	0	
796	0	
797	0	
798	0	
799	0	
800	0	
801	0	
802	0	
803	0	
804	0	
805	0	
806	0	
807	0	
808	0	
809	0	
810	0	
811	0	
812	0	
813	0	
814	0	
815	0	
816	0	
817	0	
818	0	
819	0	
820	0	
821	0	
822	0	
823	0	
824	0	
825	0	
826	0	
827	0	
828	0	
829	0	
830	0	
831	0	
832	0	
833	0	
834	0	
835	0	
836	0	
837	0	
838	0	
839	0	
840	0	
841	0	
842	0	
843	0	
844	0	
845	0	
846	0	
847	0	
848	0	
849	0	
850	0	
851	0	
852	0	
853	0	
854	0	
855	0	
856	0	
857	0	
858	0	
859	0	
860	0	
861	0	
862	0	
863	0	
864	0	
865	0	
866	0	
867	0	
868	0	
869	0	
870	0	
871	0	
872	0	
873	0	
874	0	
875	0	
876	0	
877	0	
878	0	
879	0	
880	0	
881	2.500000e-005	
882	5.000000e-005	
883	5.000000e-005	
884	5.000000e-005	
885	5.000000e-005	
886	2.500000e-005	
887	2.500000e-005	
888	2.500000e-005	
889	2.500000e-005	
890	0	
891	0	
892	0	
893	2.500000e-005	
894	5.000000e-005	
895	1.250000e-004	
896	1.750000e-004	
897	2.500000e-005	
898	7.500000e-005	
899	5.000000e-005	
900	7.500000e-005	
901	1.250000e-004	
902	7.500000e-005	
903	1.000000e-004	
904	7.500000e-005	
905	7.500000e-005	
906	5.000000e-005	
907	7.500000e-005	
908	7.500000e-005	
909	1.000000e-004	
910	7.500000e-005	
911	1.250000e-004	
912	1.250000e-004	
913	1.500000e-004	
914	1.500000e-004	
915	1.750000e-004	
916	1.750000e-004	
917	2.750000e-004	
918	2.500000e-004	
919	1.750000e-004	
920	1.750000e-004	
921	2.000000e-004	
922	2.500000e-004	
923	2.000000e-004	
924	2.250000e-004	
925	2.000000e-004	
926	2.250000e-004	
927	2.250000e-004	
928	1.000000e-004	
929	1.250000e-004	
930	1.500000e-004	
931	1.750000e-004	
932	1.750000e-004	
933	2.500000e-004	
934	2.750000e-004	
935	2.250000e-004	
936	1.750000e-004	
937	2.500000e-004	
938	3.750000e-004	
939	3.750000e-004	
940	4.500000e-004	
941	3.750000e-004	
942	4.500000e-004	
943	5.250000e-004	
944	4.500000e-004	
945	3.500000e-004	
946	2.750000e-004	
947	2.000000e-004	
948	3.750000e-004	
949	3.000000e-004	
950	2.000000e-004	
951	1.750000e-004	
952	1.750000e-004	
953	1.750000e-004	
954	1.750000e-004	
955	2.500000e-004	
956	2.750000e-004	
957	3.000000e-004	
958	3.500000e-004	
959	3.000000e-004	
960	3.750000e-004	
961	4.750000e-004	
962	3.750000e-004	
963	4.250000e-004	
964	3.250000e-004	
965	2.750000e-004	
966	2.250000e-004	
967	2.500000e-004	
968	3.000000e-004	
969	3.000000e-004	
970	3.750000e-004	
971	3.000000e-004	
972	3.250000e-004	
973	3.500000e-004	
974	4.500000e-004	
975	4.500000e-004	
976	4.500000e-004	
977	5.750000e-004	
978	5.750000e-004	
979	4.500000e-004	
980	4.750000e-004	
981	3.250000e-004	
982	3.250000e-004	
983	2.750000e-004	
984	3.250000e-004	
985	1.750000e-004	
986	1.750000e-004	
987	1.500000e-004	
988	7.500000e-005	
989	2.500000e-004	
990	1.500000e-004	
991	2.500000e-004	
992	3.750000e-004	
993	5.250000e-004	
994	2.500000e-004	
995	2.500000e-004	
996	2.750000e-004	
997	1.750000e-004	
998	2.750000e-004	
999	2.500000e-004	
1000	3.000000e-004	
1001	2.750000e-004	
1002	3.000000e-004	
1003	2.750000e-004	
1004	2.500000e-004	
1005	2.500000e-004	
1006	3.500000e-004	
1007	3.250000e-004	
1008	3.000000e-004	
1009	3.000000e-004	
1010	2.500000e-004	
1011	2.750000e-004	
1012	3.500000e-004	
1013	4.250000e-004	
1014	4.000000e-004	
1015	2.750000e-004	
1016	4.000000e-004	
1017	2.500000e-004	
1018	2.000000e-004	
1019	2.750000e-004	
1020	2.750000e-004	
1021	4.500000e-004	
1022	4.000000e-004	
1023	4.250000e-004	
1024	3.750000e-004	
1025	4.750000e-004	
1026	5.000000e-004	
1027	3.500000e-004	
1028	4.000000e-004	
1029	4.750000e-004	
1030	6.000000e-004	
1031	5.750000e-004	
1032	4.750000e-004	
1033	4.250000e-004	
1034	4.250000e-004	
1035	6.250000e-004	
1036	6.750000e-004	
1037	6.500000e-004	
1038	6.250000e-004	
1039	6.250000e-004	
1040	7.250000e-004	
1041	7.000000e-004	
1042	7.250000e-004	
1043	8.750000e-004	
1044	8.500000e-004	
1045	8.750000e-004	
1046	9.000000e-004	
1047	9.500000e-004	
1048	9.500000e-004	
1049	8.750000e-004	
1050	1.225000e-003	
1051	1.125000e-003	
1052	1.075000e-003	
1053	1.425000e-003	
1054	1.050000e-003	
1055	9.000000e-004	
1056	1.050000e-003	
1057	1.225000e-003	
1058	1.100000e-003	
1059	1.175000e-003	
1060	1.350000e-003	
1061	1.325000e-003	
1062	1.350000e-003	
1063	1.550000e-003	
1064	1.475000e-003	
1065	1.650000e-003	
1066	1.175000e-003	
1067	1.300000e-003	
1068	1.275000e-003	
1069	1.000000e-003	
1070	1.225000e-003	
1071	1.100000e-003	
1072	1.100000e-003	
1073	1.375000e-003	
1074	1.325000e-003	
1075	1.175000e-003	
1076	9.750000e-004	
1077	1.050000e-003	
1078	1.250000e-003	
1079	1.325000e-003	
1080	1.400000e-003	
1081	1.425000e-003	
1082	1.225000e-003	
1083	1.150000e-003	
1084	9.250000e-004	
1085	1.100000e-003	
1086	1.100000e-003	
1087	1.050000e-003	
1088	9.750000e-004	
1089	9.250000e-004	
1090	7.750000e-004	
1091	5.750000e-004	
1092	7.500000e-004	
1093	8.250000e-004	
1094	8.000000e-004	
1095	8.750000e-004	
1096	9.250000e-004	
1097	8.500000e-004	
1098	9.750000e-004	
1099	1.000000e-003	
1100	9.750000e-004	
1101	1.175000e-003	
1102	9.500000e-004	
1103	1.075000e-003	
1104	1.275000e-003	
1105	1.325000e-003	
1106	1.450000e-003	
1107	1.400000e-003	
1108	1.400000e-003	
1109	1.475000e-003	
1110	1.550000e-003	
1111	1.550000e-003	
1112	1.825000e-003	
1113	1.775000e-003	
1114	1.550000e-003	
1115	1.425000e-003	
1116	1.475000e-003	
1117	1.750000e-003	
1118	1.625000e-003	
1119	1.675000e-003	
1120	1.575000e-003	
1121	1.575000e-003	
1122	1.775000e-003	
1123	1.850000e-003	
1124	1.525000e-003	
1125	1.675000e-003	
1126	1.500000e-003	
1127	1.700000e-003	
1128	1.625000e-003	
1129	1.600000e-003	
1130	1.625000e-003	
1131	1.800000e-003	
1132	1.600000e-003	
1133	1.500000e-003	
1134	1.325000e-003	
1135	1.525000e-003	
1136	1.525000e-003	
1137	1.325000e-003	
1138	1.475000e-003	
1139	1.425000e-003	
1140	1.575000e-003	
1141	1.800000e-003	
1142	1.475000e-003	
1143	1.575000e-003	
1144	1.575000e-003	
1145	1.850000e-003	
1146	1.625000e-003	
1147	1.825000e-003	
1148	1.700000e-003	
1149	1.775000e-003	
1150	1.700000e-003	
1151	1.700000e-003	
1152	1.725000e-003	
1153	1.475000e-003	
1154	1.425000e-003	
1155	1.250000e-003	
1156	1.475000e-003	
1157	1.450000e-003	
1158	1.525000e-003	
1159	1.775000e-003	
1160	1.450000e-003	
1161	1.350000e-003	
1162	1.350000e-003	
1163	1.500000e-003	
1164	1.350000e-003	
1165	1.400000e-003	
1166	1.475000e-003	
1167	1.775000e-003	
1168	1.925000e-003	
1169	1.775000e-003	
1170	1.775000e-003	
1171	1.575000e-003	
1172	1.575000e-003	
1173	1.900000e-003	
1174	1.950000e-003	
1175	2.100000e-003	
1176	1.800000e-003	
1177	1.825000e-003	
1178	1.925000e-003	
1179	1.725000e-003	
1180	1.475000e-003	
1181	1.500000e-003	
1182	1.575000e-003	
1183	1.400000e-003	
1184	1.375000e-003	
1185	1.200000e-003	
1186	1.225000e-003	
1187	1.200000e-003	
1188	1.275000e-003	
1189	1.400000e-003	
1190	1.575000e-003	
1191	1.550000e-003	
1192	1.575000e-003	
1193	1.500000e-003	
1194	1.375000e-003	
1195	1.325000e-003	
1196	1.425000e-003	
1197	1.525000e-003	
1198	1.325000e-003	
1199	1.500000e-003	
1200	1.400000e-003	
1201	1.350000e-003	
1202	1.300000e-003	
1203	1.275000e-003	
1204	1.375000e-003	
1205	1.525000e-003	
1206	1.500000e-003	
1207	1.450000e-003	
1208	1.550000e-003	
1209	1.625000e-003	
1210	1.300000e-003	
1211	1.325000e-003	
1212	1.225000e-003	
1213	1.200000e-003	
1214	1.400000e-003	
1215	1.350000e-003	
1216	1.350000e-003	
1217	1.000000e-003	
1218	1.025000e-003	
1219	9.750000e-004	
1220	8.750000e-004	
1221	9.500000e-004	
1222	1.000000e-003	
1223	1.150000e-003	
1224	1.200000e-003	
1225	1.175000e-003	
1226	1.100000e-003	
1227	1.000000e-003	
1228	9.500000e-004	
1229	1.050000e-003	
1230	1.075000e-003	
1231	1.150000e-003	
1232	1.275000e-003	
1233	1.425000e-003	
1234	1.100000e-003	
1235	1.100000e-003	
1236	1.175000e-003	
1237	1.300000e-003	
1238	1.350000e-003	
1239	1.300000e-003	
1240	1.275000e-003	
1241	1.150000e-003	
1242	1.025000e-003	
1243	1.100000e-003	
1244	9.500000e-004	
1245	1.100000e-003	
1246	1.200000e-003	
1247	9.500000e-004	
1248	7.500000e-004	
1249	8.250000e-004	
1250	8.250000e-004	
1251	8.250000e-004	
1252	9.000000e-004	
1253	1.050000e-003	
1254	1.000000e-003	
1255	1.150000e-003	
1256	1.125000e-003	
1257	7.750000e-004	
1258	7.750000e-004	
1259	7.250000e-004	
1260	8.500000e-004	
1261	8.250000e-004	
1262	8.000000e-004	
1263	8.000000e-004	
1264	1.025000e-003	
1265	1.100000e-003	
1266	1.375000e-003	
1267	1.375000e-003	
1268	1.600000e-003	
1269	1.500000e-003	
1270	1.400000e-003	
1271	1.350000e-003	
1272	1.125000e-003	
1273	1.250000e-003	
1274	1.100000e-003	
1275	1.125000e-003	
1276	1.250000e-003	
1277	1.200000e-003	
1278	1.175000e-003	
1279	1.250000e-003	
1280	1.125000e-003	
1281	1.175000e-003	
1282	9.500000e-004	
1283	9.500000e-004	
1284	1.025000e-003	
1285	9.750000e-004	
1286	9.000000e-004	
1287	8.750000e-004	
1288	9.500000e-004	
1289	1.150000e-003	
1290	1.275000e-003	
1291	1.275000e-003	
1292	1.300000e-003	
1293	1.325000e-003	
1294	1.175000e-003	
1295	8.500000e-004	
1296	8.750000e-004	
1297	9.500000e-004	
1298	8.500000e-004	
1299	1.050000e-003	
1300	9.250000e-004	
1301	8.000000e-004	
1302	1.075000e-003	
1303	9.500000e-004	
1304	7.500000e-004	
1305	7.250000e-004	
1306	7.250000e-004	
1307	6.750000e-004	
1308	7.000000e-004	
1309	8.750000e-004	
1310	9.750000e-004	
1311	9.750000e-004	
1312	1.100000e-003	
1313	1.175000e-003	
1314	1.150000e-003	
1315	1.025000e-003	
1316	1.200000e-003	
1317	9.750000e-004	
1318	9.500000e-004	
1319	9.000000e-004	
1320	7.250000e-004	
1321	7.500000e-004	
1322	6.750000e-004	
1323	7.500000e-004	
1324	1.025000e-003	
1325	7.500000e-004	
1326	7.250000e-004	
1327	7.500000e-004	
1328	7.250000e-004	
1329	7.250000e-004	
1330	6.250000e-004	
1331	7.500000e-004	
1332	7.250000e-004	
1333	6.500000e-004	
1334	9.250000e-004	
1335	8.500000e-004	
1336	8.250000e-004	
1337	7.750000e-004	
1338	6.750000e-004	
1339	6.500000e-004	
1340	5.500000e-004	
1341	5.750000e-004	
1342	7.000000e-004	
1343	5.500000e-004	
1344	6.750000e-004	
1345	7.250000e-004	
1346	7.750000e-004	
1347	6.000000e-004	
1348	6.250000e-004	
1349	8.500000e-004	
1350	8.000000e-004	
1351	7.250000e-004	
1352	7.250000e-004	
1353	8.250000e-004	
1354	8.000000e-004	
1355	8.000000e-004	
1356	6.500000e-004	
1357	8.750000e-004	
1358	9.000000e-004	
1359	1.050000e-003	
1360	1.025000e-003	
1361	9.000000e-004	
1362	9.250000e-004	
1363	8.750000e-004	
1364	1.000000e-003	
1365	1.025000e-003	
1366	1.125000e-003	
1367	1.100000e-003	
1368	9.750000e-004	
1369	9.000000e-004	
1370	8.500000e-004	
1371	8.250000e-004	
1372	7.250000e-004	
1373	6.750000e-004	
1374	7.750000e-004	
1375	9.500000e-004	
1376	1.025000e-003	
1377	1.100000e-003	
1378	1.000000e-003	
1379	1.000000e-003	
1380	1.050000e-003	
1381	9.000000e-004	
1382	1.175000e-003	
1383	1.500000e-003	
1384	1.150000e-003	
1385	1.225000e-003	
1386	1.150000e-003	
1387	1.250000e-003	
1388	1.125000e-003	
1389	1.150000e-003	
1390	1.075000e-003	
1391	1.125000e-003	
1392	1.125000e-003	
1393	1.275000e-003	
1394	1.150000e-003	
1395	1.100000e-003	
1396	1.050000e-003	
1397	9.250000e-004	
1398	9.000000e-004	
1399	1.050000e-003	
1400	1.000000e-003	
1401	1.025000e-003	
1402	1.100000e-003	
1403	8.250000e-004	
1404	8.250000e-004	
1405	6.000000e-004	
1406	8.250000e-004	
1407	9.250000e-004	
1408	8.750000e-004	
1409	8.250000e-004	
1410	8.250000e-004	
1411	8.000000e-004	
1412	7.750000e-004	
1413	8.750000e-004	
1414	1.050000e-003	
1415	1.175000e-003	
1416	1.200000e-003	
1417	1.100000e-003	
1418	1.025000e-003	
1419	1.025000e-003	
1420	9.500000e-004	
1421	1.100000e-003	
1422	1.000000e-003	
1423	1.075000e-003	
1424	1.250000e-003	
1425	1.275000e-003	
1426	1.150000e-003	
1427	1.300000e-003	
1428	1.050000e-003	
1429	1.075000e-003	
1430	1.050000e-003	
1431	1.025000e-003	
1432	9.750000e-004	
1433	8.750000e-004	
1434	1.000000e-003	
1435	9.250000e-004	
1436	9.000000e-004	
1437	8.750000e-004	
1438	8.000000e-004	
1439	8.750000e-004	
1440	8.250000e-004	
1441	9.250000e-004	
1442	1.000000e-003	
1443	1.100000e-003	
1444	1.050000e-003	
1445	1.025000e-003	
1446	1.350000e-003	
1447	1.075000e-003	
1448	1.150000e-003	
1449	1.000000e-003	
1450	1.225000e-003	
1451	1.000000e-003	
1452	9.000000e-004	
1453	8.500000e-004	
1454	1.000000e-003	
1455	1.000000e-003	
1456	1.075000e-003	
1457	8.750000e-004	
1458	8.250000e-004	
1459	8.750000e-004	
1460	6.750000e-004	
1461	8.000000e-004	
1462	8.750000e-004	
1463	9.750000e-004	
1464	9.500000e-004	
1465	8.750000e-004	
1466	6.250000e-004	
1467	6.250000e-004	
1468	6.250000e-004	
1469	6.250000e-004	
1470	7.250000e-004	
1471	7.250000e-004	
1472	8.000000e-004	
1473	6.750000e-004	
1474	5.500000e-004	
1475	6.750000e-004	
1476	6.500000e-004	
1477	6.250000e-004	
1478	4.750000e-004	
1479	4.000000e-004	
1480	5.250000e-004	
1481	4.500000e-004	
1482	5.000000e-004	
1483	3.500000e-004	
1484	3.500000e-004	
1485	3.250000e-004	
1486	3.750000e-004	
1487	3.250000e-004	
1488	3.250000e-004	
1489	3.000000e-004	
1490	2.750000e-004	
1491	3.250000e-004	
1492	3.000000e-004	
1493	3.250000e-004	
1494	2.750000e-004	
1495	2.000000e-004	
1496	2.500000e-004	
1497	2.500000e-004	
1498	2.250000e-004	
1499	1.000000e-004	
1500	1.500000e-004	
1501	1.750000e-004	
1502	1.500000e-004	
1503	1.500000e-004	
1504	1.000000e-004	
1505	1.000000e-004	
1506	5.000000e-005	
1507	2.500000e-005	
1508	5.000000e-005	
1509	5.000000e-005	
1510	1.500000e-004	
1511	1.500000e-004	
1512	2.250000e-004	
1513	2.000000e-004	
1514	1.500000e-004	
1515	1.500000e-004	
1516	2.000000e-004	
1517	3.000000e-004	
1518	2.750000e-004	
1519	3.000000e-004	
1520	2.250000e-004	
1521	3.250000e-004	
1522	2.500000e-004	
1523	2.250000e-004	
1524	2.250000e-004	
1525	3.250000e-004	
1526	3.750000e-004	
1527	2.750000e-004	
1528	3.500000e-004	
1529	2.000000e-004	
1530	2.000000e-004	
1531	1.750000e-004	
1532	2.000000e-004	
1533	3.250000e-004	
1534	3.000000e-004	
1535	2.250000e-004	
1536	2.500000e-004	
1537	2.500000e-004	
1538	2.500000e-004	
1539	2.500000e-004	
1540	3.250000e-004	
1541	3.500000e-004	
1542	4.250000e-004	
1543	4.000000e-004	
1544	3.500000e-004	
1545	3.000000e-004	
1546	4.500000e-004	
1547	3.000000e-004	
1548	2.500000e-004	
1549	2.500000e-004	
1550	3.000000e-004	
1551	1.250000e-004	
1552	2.500000e-005	
1553	2.500000e-005	
1554	2.500000e-005	
1555	7.500000e-005	
1556	1.250000e-004	
1557	7.500000e-005	
1558	7.500000e-005	
1559	1.250000e-004	
1560	1.250000e-004	
1561	1.250000e-004	
1562	1.500000e-004	
1563	1.500000e-004	
1564	1.500000e-004	
1565	1.250000e-004	
1566	1.750000e-004	
1567	2.250000e-004	
1568	2.500000e-004	
1569	3.500000e-004	
1570	3.250000e-004	
1571	3.000000e-004	
1572	2.500000e-004	
1573	2.500000e-004	
1574	1.750000e-004	
1575	2.500000e-004	
1576	2.500000e-004	
1577	1.500000e-004	
1578	1.750000e-004	
1579	1.750000e-004	
1580	1.500000e-004	
1581	1.000000e-004	
1582	7.500000e-005	
1583	1.000000e-004	
1584	1.000000e-004	
1585	2.000000e-004	
1586	1.750000e-004	
1587	1.500000e-004	
1588	1.250000e-004	
1589	1.250000e-004	
1590	7.500000e-005	
1591	5.000000e-005	
1592	5.000000e-005	
1593	5.000000e-005	
1594	2.500000e-005	
1595	0	
1596	0	
1597	0	
1598	2.500000e-005	
1599	2.500000e-005	
1600	2.500000e-005	
1601	2.500000e-005	
1602	5.000000e-005	
1603	7.500000e-005	
1604	7.500000e-005	
1605	1.250000e-004	
1606	1.250000e-004	
1607	1.250000e-004	
1608	1.250000e-004	
1609	1.250000e-004	
1610	2.000000e-004	
1611	1.750000e-004	
1612	1.500000e-004	
1613	1.750000e-004	
1614	1.750000e-004	
1615	2.250000e-004	
1616	2.250000e-004	
1617	1.000000e-004	
1618	2.000000e-004	
1619	2.750000e-004	
1620	2.500000e-004	
1621	2.500000e-004	
1622	2.750000e-004	
1623	2.000000e-004	
1624	1.000000e-004	
1625	1.000000e-004	
1626	0	
1627	0	
1628	0	
1629	0	
1630	0	
1631	0	
1632	0	
1633	0	
1634	0	
1635	0	
1636	0	
1637	0	
1638	0	
1639	0	
1640	0	
1641	0	
1642	0	
1643	0	
1644	0	
1645	0	
1646	0	
1647	0	
1648	5.000000e-005	
1649	0	
1650	0	
1651	0	
1652	0	
1653	0	
1654	0	
1655	0	
1656	0	
1657	0	
1658	0	
1659	0	
1660	0	
1661	2.500000e-005	
1662	5.000000e-005	
1663	5.000000e-005	
1664	7.500000e-005	
1665	7.500000e-005	
1666	7.500000e-005	
1667	7.500000e-005	
1668	7.500000e-005	
1669	7.500000e-005	
1670	5.000000e-005	
1671	7.500000e-005	
1672	7.500000e-005	
1673	5.000000e-005	
1674	5.000000e-005	
1675	0	
1676	0	
1677	0	
1678	0	
1679	0	
1680	2.500000e-005	
1681	2.500000e-005	
1682	2.500000e-005	
1683	2.500000e-005	
1684	0	
1685	0	
1686	0	
1687	0	
1688	0	
1689	0	
1690	0	
1691	0	
1692	0	
1693	0	
1694	0	
1695	0	
1696	0	
1697	0	
1698	0	
1699	0	
1700	0	
1701	0	
1702	0	
1703	0	
1704	0	
1705	0	
1706	0	
1707	0	
1708	0	
1709	0	
1710	0	
1711	0	
1712	0	
1713	0	
1714	0	
1715	0	
1716	0	
1717	0	
1718	0	
1719	0	
1720	0	
1721	0	
1722	0	
1723	0	
1724	0	
1725	0	
1726	0	
1727	0	
1728	0	
1729	0	
1730	0	
1731	0	
1732	0	
1733	0	
1734	0	
1735	0	
1736	0	
1737	0	
1738	0	
1739	0	
1740	0	
1741	0	
1742	0	
1743	0	
1744	0	
1745	0	
1746	0	
1747	0	
1748	0	
1749	0	
1750	0	
1751	0	
1752	0	
1753	0	
1754	0	
1755	0	
1756	0	
1757	0	
1758	0	
1759	0	
1760	0	
1761	0	
1762	0	
1763	0	
1764	0	
1765	0	
1766	0	
1767	0	
1768	0	
1769	0	
1770	0	
1771	0	
1772	0	
1773	0	
1774	0	
1775	0	
1776	0	
1777	0	
1778	0	
1779	0	
1780	0	
1781	0	
1782	0	
1783	0	
1784	0	
1785	0	
1786	0	
1787	0	
1788	0	
1789	0	
1790	0	
1791	0	
1792	0	
1793	0	
1794	0	
1795	0	
1796	0	
1797	0	
1798	0	
1799	0	
1800	0	
1801	0	
1802	0	
1803	0	
1804	0	
1805	0	
1806	0	
1807	0	
1808	0	
1809	0	
1810	0	
1811	0	
1812	0	
1813	0	
1814	0	
1815	0	
1816	0	
1817	0	
1818	0	
1819	0	
1820	0	
1821	0	
1822	0	
1823	0	
1824	0	
1825	0	
1826	0	
1827	0	
1828	0	
1829	0	
1830	2.500000e-005	
1831	7.500000e-005	
1832	1.000000e-004	
1833	1.000000e-004	
1834	1.250000e-004	
1835	1.000000e-004	
1836	1.500000e-004	
1837	1.250000e-004	
1838	1.500000e-004	
1839	7.500000e-005	
1840	2.500000e-005	
1841	0	
1842	0	
1843	0	
1844	0	
1845	0	
1846	0	
1847	0	
1848	0	
1849	0	
1850	0	
1851	0	
1852	0	
1853	0	
1854	0	
1855	0	
1856	0	
1857	0	
1858	0	
1859	0	
1860	0	
1861	0	
1862	0	
1863	0	
1864	0	
1865	0	
1866	0	
1867	0	
1868	0	
1869	0	
1870	0	
1871	2.500000e-005	
1872	2.500000e-005	
1873	0	
1874	0	
1875	0	
1876	0	
1877	0	
1878	0	
1879	0	
1880	0	
1881	0	
1882	0	
1883	0	
1884	0	
1885	0	
1886	0	
1887	0	
1888	0	
1889	0	
1890	0	
1891	0	
1892	0	
1893	0	
1894	0	
1895	0	
1896	0	
1897	0	
1898	2.500000e-005	
1899	2.500000e-005	
1900	7.500000e-005	
1901	5.000000e-005	
1902	2.500000e-005	
1903	5.000000e-005	
1904	5.000000e-005	
1905	7.500000e-005	
1906	1.000000e-004	
1907	1.250000e-004	
1908	1.250000e-004	
1909	1.750000e-004	
1910	3.000000e-004	
1911	4.250000e-004	
1912	4.500000e-004	
1913	3.750000e-004	
1914	4.000000e-004	
1915	4.250000e-004	
1916	5.000000e-004	
1917	5.000000e-004	
1918	2.750000e-004	
1919	2.750000e-004	
1920	2.250000e-004	
1921	2.000000e-004	
1922	2.000000e-004	
1923	2.250000e-004	
1924	1.250000e-004	
1925	5.000000e-005	
1926	5.000000e-005	
1927	5.000000e-005	
1928	1.000000e-004	
1929	7.500000e-005	
1930	2.500000e-005	
1931	2.500000e-005	
1932	0	
1933	2.500000e-005	
1934	5.000000e-005	
1935	7.500000e-005	
1936	7.500000e-005	
1937	7.500000e-005	
1938	2.500000e-005	
1939	0	
1940	0	
1941	0	
1942	0	
1943	0	
1944	0	
1945	0	
1946	0	
1947	0	
1948	0	
1949	0	
1950	0	
1951	0	
1952	0	
1953	0	
1954	0	
1955	0	
1956	0	
1957	0	
1958	0	
1959	0	
1960	0	
1961	0	
1962	0	
1963	0	
1964	2.500000e-005	
1965	2.500000e-005	
1966	5.000000e-005	
1967	7.500000e-005	
1968	7.500000e-005	
1969	1.000000e-004	
1970	1.000000e-004	
1971	2.000000e-004	
1972	1.750000e-004	
1973	2.000000e-004	
1974	2.750000e-004	
1975	2.500000e-004	
1976	2.250000e-004	
1977	2.750000e-004	
1978	3.000000e-004	
1979	2.250000e-004	
1980	2.250000e-004	
1981	3.500000e-004	
1982	4.500000e-004	
1983	4.000000e-004	
1984	3.000000e-004	
1985	3.750000e-004	
1986	2.750000e-004	
1987	3.000000e-004	
1988	4.000000e-004	
1989	3.000000e-004	
1990	3.000000e-004	
1991	2.250000e-004	
1992	3.250000e-004	
1993	2.750000e-004	
1994	2.500000e-004	
1995	1.250000e-004	
1996	0	
1997	5.000000e-005	
1998	2.500000e-005	
1999	7.500000e-005	
2000	2.750000e-004	
2001	3.500000e-004	
2002	4.500000e-004	
2003	6.500000e-004	
2004	7.750000e-004	
2005	5.750000e-004	
2006	6.000000e-004	
2007	5.500000e-004	
2008	7.000000e-004	
2009	7.250000e-004	
2010	8.500000e-004	
2011	8.750000e-004	
2012	7.750000e-004	
2013	5.750000e-004	
2014	5.000000e-004	
2015	4.250000e-004	
2016	4.250000e-004	
2017	4.750000e-004	
2018	5.500000e-004	
2019	4.250000e-004	
2020	4.000000e-004	
2021	4.000000e-004	
2022	4.250000e-004	
2023	3.750000e-004	
2024	4.000000e-004	
2025	4.000000e-004	
2026	4.000000e-004	
2027	4.250000e-004	
2028	4.000000e-004	
2029	4.250000e-004	
2030	4.750000e-004	
2031	4.500000e-004	
2032	5.250000e-004	
2033	5.000000e-004	
2034	5.500000e-004	
2035	4.000000e-004	
2036	3.250000e-004	
2037	3.250000e-004	
2038	3.250000e-004	
2039	3.000000e-004	
2040	2.250000e-004	
2041	2.000000e-004	
2042	1.750000e-004	
2043	1.750000e-004	
2044	1.500000e-004	
2045	2.500000e-005	
2046	0	
2047	0	
2048	0	
2049	0	
2050	0	
2051	0	
2052	0	
2053	0	
2054	0	
2055	0	
2056	0	
2057	0	
2058	0	
2059	0	
2060	0	
2061	0	
2062	0	
2063	0	
2064	0	
2065	0	
2066	0	
2067	0	
2068	2.500000e-005	
2069	2.500000e-005	
2070	5.000000e-005	
2071	2.500000e-005	
2072	5.000000e-005	
2073	2.500000e-005	
2074	5.000000e-005	
2075	5.000000e-005	
2076	2.500000e-005	
2077	0	
2078	0	
2079	0	
2080	0	
2081	0	
2082	0	
2083	0	
2084	0	
2085	0	
2086	0	
2087	0	
2088	0	
2089	0	
2090	0	
2091	0	
2092	0	
2093	0	
2094	0	
2095	0	
2096	0	
2097	0	
2098	0	
2099	0	
2100	0	
2101	0	
2102	0	
2103	0	
2104	0	
2105	0	
2106	0	
2107	0	
2108	0	
2109	0	
2110	0	
2111	0	
2112	0	
2113	0	
2114	0	
2115	0	
2116	0	
2117	0	
2118	0	
2119	0	
2120	0	
2121	0	
2122	0	
2123	0	
2124	2.500000e-005	
2125	0	
2126	0	
2127	0	
2128	0	
2129	0	
2130	0	
2131	0	
2132	0	
2133	0	
2134	2.500000e-005	
2135	1.000000e-004	
2136	1.000000e-004	
2137	1.000000e-004	
2138	1.000000e-004	
2139	7.500000e-005	
2140	1.750000e-004	
2141	2.250000e-004	
2142	2.750000e-004	
2143	2.250000e-004	
2144	2.000000e-004	
2145	1.750000e-004	
2146	2.750000e-004	
2147	3.000000e-004	
2148	3.000000e-004	
2149	2.750000e-004	
2150	3.000000e-004	
2151	3.250000e-004	
2152	3.500000e-004	
2153	3.500000e-004	
2154	4.750000e-004	
2155	3.500000e-004	
2156	3.500000e-004	
2157	3.250000e-004	
2158	2.750000e-004	
2159	2.000000e-004	
2160	1.500000e-004	
2161	1.750000e-004	
2162	1.750000e-004	
2163	2.000000e-004	
2164	2.500000e-004	
2165	2.750000e-004	
2166	2.500000e-004	
2167	2.250000e-004	
2168	1.250000e-004	
2169	7.500000e-005	
2170	1.250000e-004	
2171	1.500000e-004	
2172	2.000000e-004	
2173	2.000000e-004	
2174	2.000000e-004	
2175	1.500000e-004	
2176	1.250000e-004	
2177	7.500000e-005	
2178	1.250000e-004	
2179	1.250000e-004	
2180	1.250000e-004	
2181	1.250000e-004	
2182	5.000000e-005	
2183	1.000000e-004	
2184	1.000000e-004	
2185	1.000000e-004	
2186	1.250000e-004	
2187	1.000000e-004	
2188	1.000000e-004	
2189	5.000000e-005	
2190	1.250000e-004	
2191	1.750000e-004	
2192	1.750000e-004	
2193	1.750000e-004	
2194	2.250000e-004	
2195	1.000000e-004	
2196	1.500000e-004	
2197	2.250000e-004	
2198	2.250000e-004	
2199	1.750000e-004	
2200	1.500000e-004	
2201	2.500000e-004	
2202	2.250000e-004	
2203	2.250000e-004	
2204	1.750000e-004	
2205	1.750000e-004	
2206	1.750000e-004	
2207	2.000000e-004	
2208	1.500000e-004	
2209	1.500000e-004	
2210	1.750000e-004	
2211	2.250000e-004	
2212	2.500000e-004	
2213	2.500000e-004	
2214	1.000000e-004	
2215	1.500000e-004	
2216	2.250000e-004	
2217	1.750000e-004	
2218	2.000000e-004	
2219	1.000000e-004	
2220	1.500000e-004	
2221	1.500000e-004	
2222	2.500000e-004	
2223	1.750000e-004	
2224	1.250000e-004	
2225	1.250000e-004	
2226	1.750000e-004	
2227	1.250000e-004	
2228	2.000000e-004	
2229	2.500000e-004	
2230	2.000000e-004	
2231	1.000000e-004	
2232	1.000000e-004	
2233	1.000000e-004	
2234	1.250000e-004	
2235	7.500000e-005	
2236	1.250000e-004	
2237	1.000000e-004	
2238	7.500000e-005	
2239	1.000000e-004	
2240	1.500000e-004	
2241	1.250000e-004	
2242	2.500000e-004	
2243	3.250000e-004	
2244	3.250000e-004	
2245	3.500000e-004	
2246	3.500000e-004	
2247	3.000000e-004	
2248	2.500000e-004	
2249	3.500000e-004	
2250	1.750000e-004	
2251	2.500000e-004	
2252	2.250000e-004	
2253	2.000000e-004	
2254	2.000000e-004	
2255	2.000000e-004	
2256	3.000000e-004	
2257	3.250000e-004	
2258	3.750000e-004	
2259	3.000000e-004	
2260	3.250000e-004	
2261	5.000000e-004	
2262	4.500000e-004	
2263	4.500000e-004	
2264	4.500000e-004	
2265	3.500000e-004	
2266	2.750000e-004	
2267	2.500000e-004	
2268	1.750000e-004	
2269	2.000000e-004	
2270	2.000000e-004	
2271	2.500000e-004	
2272	1.750000e-004	
2273	2.750000e-004	
2274	2.250000e-004	
2275	3.000000e-004	
2276	5.250000e-004	
2277	5.500000e-004	
2278	4.000000e-004	
2279	3.500000e-004	
2280	4.750000e-004	
2281	4.250000e-004	
2282	5.250000e-004	
2283	4.000000e-004	
2284	3.750000e-004	
2285	3.250000e-004	
2286	4.750000e-004	
2287	4.750000e-004	
2288	4.750000e-004	
2289	4.250000e-004	
2290	2.750000e-004	
2291	2.250000e-004	
2292	1.750000e-004	
2293	2.250000e-004	
2294	2.500000e-004	
2295	2.250000e-004	
2296	2.250000e-004	
2297	2.250000e-004	
2298	2.500000e-004	
2299	2.750000e-004	
2300	1.750000e-004	
2301	2.000000e-004	
2302	2.250000e-004	
2303	1.500000e-004	
2304	1.500000e-004	
2305	2.250000e-004	
2306	2.000000e-004	
2307	1.500000e-004	
2308	1.250000e-004	
2309	2.250000e-004	
2310	2.250000e-004	
2311	1.750000e-004	
2312	1.250000e-004	
2313	7.500000e-005	
2314	2.500000e-005	
2315	2.500000e-005	
2316	7.500000e-005	
2317	7.500000e-005	
2318	1.000000e-004	
2319	1.500000e-004	
2320	1.750000e-004	
2321	1.750000e-004	
2322	1.750000e-004	
2323	1.500000e-004	
2324	1.000000e-004	
2325	1.000000e-004	
2326	2.000000e-004	
2327	2.000000e-004	
2328	7.500000e-005	
2329	5.000000e-005	
2330	7.500000e-005	
2331	1.250000e-004	
2332	1.000000e-004	
2333	1.000000e-004	
2334	5.000000e-005	
2335	5.000000e-005	
2336	7.500000e-005	
2337	1.000000e-004	
2338	1.000000e-004	
2339	5.000000e-005	
2340	5.000000e-005	
2341	1.000000e-004	
2342	7.500000e-005	
2343	1.000000e-004	
2344	7.500000e-005	
2345	2.500000e-005	
2346	0	
2347	0	
2348	0	
2349	0	
2350	0	
2351	0	
2352	0	
2353	0	
2354	0	
2355	0	
2356	0	
2357	0	
2358	0	
2359	0	
2360	0	
2361	0	
2362	0	
2363	0	
2364	0	
2365	0	
2366	0	
2367	0	
2368	0	
2369	0	
2370	0	
2371	0	
2372	0	
2373	0	
2374	0	
2375	0	
2376	0	
2377	0	
2378	0	
2379	0	
2380	0	
2381	0	
2382	0	
2383	0	
2384	0	
2385	0	
2386	0	
2387	0	
2388	0	
2389	0	
2390	0	
2391	0	
2392	0	
2393	0	
2394	0	
2395	0	
2396	0	
2397	0	
2398	0	
2399	0	
2400	0	
2401	0	
2402	0	
2403	0	
2404	0	
2405	0	
2406	0	
2407	0	
2408	0	
2409	0	
2410	0	
2411	0	
2412	0	
2413	0	
2414	0	
2415	0	
2416	2.500000e-005	
2417	5.000000e-005	
2418	5.000000e-005	
2419	7.500000e-005	
2420	1.000000e-004	
2421	1.000000e-004	
2422	1.500000e-004	
2423	2.500000e-005	
2424	2.500000e-005	
2425	5.000000e-005	
2426	5.000000e-005	
2427	7.500000e-005	
2428	7.500000e-005	
2429	1.250000e-004	
2430	1.500000e-004	
2431	1.000000e-004	
2432	1.000000e-004	
2433	5.000000e-005	
2434	1.250000e-004	
2435	2.000000e-004	
2436	2.500000e-004	
2437	3.250000e-004	
2438	2.500000e-004	
2439	2.250000e-004	
2440	3.000000e-004	
2441	3.500000e-004	
2442	3.250000e-004	
2443	3.500000e-004	
2444	2.000000e-004	
2445	2.000000e-004	
2446	2.500000e-004	
2447	1.500000e-004	
2448	7.500000e-005	
2449	1.250000e-004	
2450	1.000000e-004	
2451	1.500000e-004	
2452	2.250000e-004	
2453	2.500000e-004	
2454	2.750000e-004	
2455	2.000000e-004	
2456	1.250000e-004	
2457	1.250000e-004	
2458	1.000000e-004	
2459	1.250000e-004	
2460	1.750000e-004	
2461	2.500000e-004	
2462	2.250000e-004	
2463	2.000000e-004	
2464	2.000000e-004	
2465	1.500000e-004	
2466	7.500000e-005	
2467	1.250000e-004	
2468	2.000000e-004	
2469	1.500000e-004	
2470	1.500000e-004	
2471	2.250000e-004	
2472	2.000000e-004	
2473	1.000000e-004	
2474	1.750000e-004	
2475	1.250000e-004	
2476	1.250000e-004	
2477	2.500000e-005	
2478	5.000000e-005	
2479	5.000000e-005	
2480	2.500000e-005	
2481	5.000000e-005	
2482	1.750000e-004	
2483	1.000000e-004	
2484	1.250000e-004	
2485	1.250000e-004	
2486	7.500000e-005	
2487	1.000000e-004	
2488	1.250000e-004	
2489	1.250000e-004	
2490	1.250000e-004	
2491	2.000000e-004	
2492	1.250000e-004	
2493	7.500000e-005	
2494	7.500000e-005	
2495	1.500000e-004	
2496	1.250000e-004	
2497	1.000000e-004	
2498	5.000000e-005	
2499	7.500000e-005	
2500	5.000000e-005	
2501	5.000000e-005	
2502	7.500000e-005	
2503	5.000000e-005	
2504	5.000000e-005	
2505	7.500000e-005	
2506	1.500000e-004	
2507	1.500000e-004	
2508	1.000000e-004	
2509	7.500000e-005	
2510	1.000000e-004	
2511	1.250000e-004	
2512	1.750000e-004	
2513	2.250000e-004	
2514	2.250000e-004	
2515	2.500000e-004	
2516	2.500000e-004	
2517	2.500000e-004	
2518	2.750000e-004	
2519	1.250000e-004	
2520	1.250000e-004	
2521	1.000000e-004	
2522	1.750000e-004	
2523	1.750000e-004	
2524	2.250000e-004	
2525	3.250000e-004	
2526	4.000000e-004	
2527	4.000000e-004	
2528	3.250000e-004	
2529	3.000000e-004	
2530	4.250000e-004	
2531	3.500000e-004	
2532	4.500000e-004	
2533	4.500000e-004	
2534	4.250000e-004	
2535	3.500000e-004	
2536	3.500000e-004	
2537	3.250000e-004	
2538	3.750000e-004	
2539	2.500000e-004	
2540	2.750000e-004	
2541	2.750000e-004	
2542	3.250000e-004	
2543	2.000000e-004	
2544	3.500000e-004	
2545	2.000000e-004	
2546	2.000000e-004	
2547	1.750000e-004	
2548	2.000000e-004	
2549	1.750000e-004	
2550	2.250000e-004	
2551	2.750000e-004	
2552	3.000000e-004	
2553	2.750000e-004	
2554	3.750000e-004	
2555	4.000000e-004	
2556	4.500000e-004	
2557	3.750000e-004	
2558	5.250000e-004	
2559	4.750000e-004	
2560	4.000000e-004	
2561	4.250000e-004	
2562	3.250000e-004	
2563	3.000000e-004	
2564	3.250000e-004	
2565	3.250000e-004	
2566	2.750000e-004	
2567	3.500000e-004	
2568	2.750000e-004	
2569	2.500000e-004	
2570	2.500000e-004	
2571	2.000000e-004	
2572	1.250000e-004	
2573	2.000000e-004	
2574	4.250000e-004	
2575	4.000000e-004	
2576	2.500000e-004	
2577	2.250000e-004	
2578	2.000000e-004	
2579	2.250000e-004	
2580	2.500000e-004	
2581	3.000000e-004	
2582	2.000000e-004	
2583	2.000000e-004	
2584	1.500000e-004	
2585	1.250000e-004	
2586	1.000000e-004	
2587	7.500000e-005	
2588	0	
2589	0	
2590	0	
2591	0	
2592	0	
2593	0	
2594	0	
2595	0	
2596	0	
2597	0	
2598	0	
2599	0	
2600	0	
2601	0	
2602	0	
2603	0	
2604	0	
2605	0	
2606	0	
2607	0	
2608	0	
2609	0	
2610	0	
2611	0	
2612	0	
2613	0	
2614	0	
2615	0	
2616	0	
2617	0	
2618	0	
2619	0	
2620	0	
2621	0	
2622	0	
2623	0	
2624	0	
2625	0	
2626	0	
2627	0	
2628	2.500000e-005	
2629	2.500000e-005	
2630	7.500000e-005	
2631	1.000000e-004	
2632	1.000000e-004	
2633	1.000000e-004	
2634	1.000000e-004	
2635	7.500000e-005	
2636	5.000000e-005	
2637	5.000000e-005	
2638	7.500000e-005	
2639	2.500000e-005	
2640	5.000000e-005	
2641	2.500000e-005	
2642	2.500000e-005	
2643	2.500000e-005	
2644	5.000000e-005	
2645	7.500000e-005	
2646	5.000000e-005	
2647	7.500000e-005	
2648	5.000000e-005	
2649	7.500000e-005	
2650	7.500000e-005	
2651	1.250000e-004	
2652	1.000000e-004	
2653	1.000000e-004	
2654	1.750000e-004	
2655	2.000000e-004	
2656	2.500000e-004	
2657	2.000000e-004	
2658	1.750000e-004	
2659	1.750000e-004	
2660	1.750000e-004	
2661	2.000000e-004	
2662	1.500000e-004	
2663	1.750000e-004	
2664	1.500000e-004	
2665	1.500000e-004	
2666	1.500000e-004	
2667	1.000000e-004	
2668	1.000000e-004	
2669	1.000000e-004	
2670	1.250000e-004	
2671	1.000000e-004	
2672	1.000000e-004	
2673	7.500000e-005	
2674	1.000000e-004	
2675	1.500000e-004	
2676	1.500000e-004	
2677	5.000000e-005	
2678	7.500000e-005	
2679	7.500000e-005	
2680	5.000000e-005	
2681	7.500000e-005	
2682	7.500000e-005	
2683	2.500000e-005	
2684	7.500000e-005	
2685	7.500000e-005	
2686	2.500000e-005	
2687	2.500000e-005	
2688	5.000000e-005	
2689	5.000000e-005	
2690	5.000000e-005	
2691	1.000000e-004	
2692	1.250000e-004	
2693	1.000000e-004	
2694	1.250000e-004	
2695	7.500000e-005	
2696	1.500000e-004	
2697	2.250000e-004	
2698	1.750000e-004	
2699	1.000000e-004	
2700	7.500000e-005	
2701	1.250000e-004	
2702	1.250000e-004	
2703	5.000000e-005	
2704	2.500000e-005	
2705	0	
2706	0	
2707	0	
2708	0	
2709	0	
2710	0	
2711	0	
2712	0	
2713	0	
2714	0	
2715	0	
2716	0	
2717	0	
2718	2.500000e-005	
2719	5.000000e-005	
2720	7.500000e-005	
2721	1.000000e-004	
2722	1.500000e-004	
2723	1.500000e-004	
2724	3.000000e-004	
2725	4.000000e-004	
2726	3.750000e-004	
2727	4.000000e-004	
2728	4.750000e-004	
2729	4.750000e-004	
2730	4.750000e-004	
2731	5.000000e-004	
2732	5.250000e-004	
2733	6.000000e-004	
2734	5.000000e-004	
2735	6.000000e-004	
2736	6.750000e-004	
2737	7.000000e-004	
2738	6.750000e-004	
2739	8.000000e-004	
2740	6.500000e-004	
2741	7.250000e-004	
2742	7.250000e-004	
2743	6.250000e-004	
2744	7.000000e-004	
2745	7.000000e-004	
2746	9.250000e-004	
2747	7.250000e-004	
2748	9.250000e-004	
2749	8.750000e-004	
2750	7.750000e-004	
2751	8.500000e-004	
2752	8.500000e-004	
2753	7.500000e-004	
2754	7.500000e-004	
2755	6.750000e-004	
2756	8.750000e-004	
2757	9.500000e-004	
2758	8.250000e-004	
2759	9.000000e-004	
2760	1.025000e-003	
2761	8.750000e-004	
2762	7.750000e-004	
2763	8.250000e-004	
2764	8.500000e-004	
2765	8.500000e-004	
2766	8.500000e-004	
2767	7.500000e-004	
2768	6.000000e-004	
2769	4.500000e-004	
2770	3.500000e-004	
2771	2.500000e-004	
2772	2.500000e-004	
2773	4.250000e-004	
2774	6.250000e-004	
2775	7.500000e-004	
2776	7.750000e-004	
2777	8.250000e-004	
2778	9.500000e-004	
2779	1.150000e-003	
2780	1.425000e-003	
2781	1.525000e-003	
2782	1.275000e-003	
2783	1.375000e-003	
2784	1.375000e-003	
2785	1.350000e-003	
2786	1.225000e-003	
2787	1.275000e-003	
2788	1.300000e-003	
2789	1.250000e-003	
2790	1.250000e-003	
2791	1.250000e-003	
2792	1.175000e-003	
2793	1.250000e-003	
2794	1.100000e-003	
2795	1.200000e-003	
2796	1.275000e-003	
2797	1.325000e-003	
2798	1.325000e-003	
2799	1.275000e-003	
2800	1.200000e-003	
2801	1.075000e-003	
2802	1.025000e-003	
2803	9.750000e-004	
2804	1.200000e-003	
2805	1.125000e-003	
2806	9.500000e-004	
2807	8.000000e-004	
2808	1.150000e-003	
2809	1.025000e-003	
2810	8.500000e-004	
2811	9.250000e-004	
2812	8.750000e-004	
2813	7.250000e-004	
2814	6.750000e-004	
2815	8.250000e-004	
2816	7.250000e-004	
2817	8.000000e-004	
2818	9.250000e-004	
2819	9.250000e-004	
2820	9.750000e-004	
2821	1.150000e-003	
2822	1.025000e-003	
2823	1.050000e-003	
2824	1.050000e-003	
2825	9.250000e-004	
2826	7.500000e-004	
2827	7.500000e-004	
2828	7.500000e-004	
2829	8.000000e-004	
2830	6.250000e-004	
2831	7.000000e-004	
2832	8.000000e-004	
2833	9.000000e-004	
2834	1.075000e-003	
2835	9.250000e-004	
2836	1.125000e-003	
2837	1.025000e-003	
2838	1.050000e-003	
2839	1.000000e-003	
2840	1.075000e-003	
2841	1.000000e-003	
2842	1.050000e-003	
2843	9.250000e-004	
2844	1.075000e-003	
2845	9.750000e-004	
2846	1.050000e-003	
2847	1.050000e-003	
2848	1.175000e-003	
2849	1.225000e-003	
2850	1.225000e-003	
2851	1.525000e-003	
2852	1.675000e-003	
2853	1.675000e-003	
2854	1.775000e-003	
2855	1.550000e-003	
2856	1.700000e-003	
2857	1.800000e-003	
2858	1.625000e-003	
2859	1.850000e-003	
2860	1.625000e-003	
2861	1.725000e-003	
2862	1.900000e-003	
2863	1.775000e-003	
2864	1.975000e-003	
2865	1.900000e-003	
2866	1.775000e-003	
2867	1.625000e-003	
2868	1.700000e-003	
2869	1.825000e-003	
2870	1.750000e-003	
2871	1.625000e-003	
2872	1.850000e-003	
2873	1.675000e-003	
2874	1.650000e-003	
2875	1.800000e-003	
2876	1.725000e-003	
2877	1.875000e-003	
2878	1.700000e-003	
2879	1.825000e-003	
2880	1.525000e-003	
2881	1.500000e-003	
2882	1.525000e-003	
2883	1.475000e-003	
2884	1.600000e-003	
2885	1.625000e-003	
2886	1.600000e-003	
2887	1.600000e-003	
2888	1.900000e-003	
2889	1.925000e-003	
2890	1.900000e-003	
2891	1.925000e-003	
2892	1.800000e-003	
2893	1.850000e-003	
2894	1.850000e-003	
2895	1.875000e-003	
2896	1.900000e-003	
2897	1.925000e-003	
2898	2.250000e-003	
2899	1.900000e-003	
2900	1.850000e-003	
2901	2.150000e-003	
2902	2.100000e-003	
2903	2.075000e-003	
2904	2.075000e-003	
2905	1.950000e-003	
2906	2.150000e-003	
2907	2.175000e-003	
2908	2.025000e-003	
2909	2.100000e-003	
2910	1.950000e-003	
2911	1.775000e-003	
2912	2.100000e-003	
2913	2.325000e-003	
2914	2.150000e-003	
2915	2.050000e-003	
2916	2.100000e-003	
2917	1.950000e-003	
2918	2.050000e-003	
2919	2.250000e-003	
2920	2.100000e-003	
2921	2.175000e-003	
2922	2.375000e-003	
2923	2.125000e-003	
2924	2.025000e-003	
2925	1.925000e-003	
2926	1.850000e-003	
2927	1.800000e-003	
2928	2.175000e-003	
2929	2.175000e-003	
2930	2.500000e-003	
2931	2.300000e-003	
2932	2.225000e-003	
2933	2.475000e-003	
2934	2.175000e-003	
2935	1.925000e-003	
2936	2.050000e-003	
2937	2.050000e-003	
2938	2.100000e-003	
2939	1.825000e-003	
2940	1.950000e-003	
2941	1.725000e-003	
2942	1.825000e-003	
2943	1.950000e-003	
2944	1.975000e-003	
2945	1.825000e-003	
2946	1.775000e-003	
2947	1.575000e-003	
2948	1.400000e-003	
2949	1.400000e-003	
2950	1.425000e-003	
2951	1.525000e-003	
2952	1.675000e-003	
2953	2.025000e-003	
2954	1.825000e-003	
2955	1.675000e-003	
2956	1.775000e-003	
2957	1.275000e-003	
2958	1.225000e-003	
2959	1.475000e-003	
2960	1.525000e-003	
2961	1.725000e-003	
2962	1.575000e-003	
2963	1.425000e-003	
2964	1.625000e-003	
2965	1.600000e-003	
2966	1.675000e-003	
2967	1.700000e-003	
2968	1.575000e-003	
2969	1.650000e-003	
2970	1.575000e-003	
2971	1.600000e-003	
2972	1.375000e-003	
2973	1.650000e-003	
2974	1.750000e-003	
2975	1.775000e-003	
2976	1.825000e-003	
2977	1.625000e-003	
2978	1.625000e-003	
2979	1.750000e-003	
2980	1.750000e-003	
2981	1.650000e-003	
2982	1.450000e-003	
2983	1.450000e-003	
2984	1.475000e-003	
2985	1.275000e-003	
2986	1.275000e-003	
2987	1.325000e-003	
2988	1.100000e-003	
2989	1.100000e-003	
2990	1.125000e-003	
2991	1.175000e-003	
2992	1.225000e-003	
2993	1.200000e-003	
2994	1.275000e-003	
2995	1.400000e-003	
2996	1.350000e-003	
2997	1.250000e-003	
2998	1.225000e-003	
2999	1.300000e-003	
3000	1.225000e-003	
3001	1.275000e-003	
