1	0	
2	0	
3	0	
4	0	
5	0	
6	0	
7	0	
8	0	
9	0	
10	0	
11	0	
12	0	
13	0	
14	0	
15	0	
16	0	
17	0	
18	0	
19	0	
20	0	
21	0	
22	0	
23	0	
24	0	
25	0	
26	0	
27	0	
28	0	
29	0	
30	0	
31	0	
32	0	
33	0	
34	2.500000e-005	
35	0	
36	0	
37	0	
38	0	
39	0	
40	0	
41	0	
42	0	
43	0	
44	0	
45	0	
46	0	
47	0	
48	0	
49	0	
50	0	
51	0	
52	0	
53	0	
54	0	
55	0	
56	0	
57	0	
58	0	
59	0	
60	0	
61	0	
62	0	
63	0	
64	0	
65	0	
66	0	
67	0	
68	0	
69	0	
70	0	
71	0	
72	0	
73	2.500000e-005	
74	2.500000e-005	
75	5.000000e-005	
76	5.000000e-005	
77	2.500000e-005	
78	0	
79	0	
80	0	
81	0	
82	0	
83	0	
84	0	
85	0	
86	0	
87	0	
88	0	
89	0	
90	0	
91	0	
92	0	
93	0	
94	0	
95	0	
96	0	
97	0	
98	0	
99	0	
100	0	
101	0	
102	0	
103	0	
104	0	
105	0	
106	0	
107	0	
108	0	
109	0	
110	0	
111	0	
112	0	
113	0	
114	0	
115	0	
116	0	
117	0	
118	0	
119	0	
120	0	
121	0	
122	0	
123	0	
124	0	
125	0	
126	0	
127	0	
128	0	
129	0	
130	0	
131	0	
132	0	
133	0	
134	0	
135	0	
136	0	
137	0	
138	0	
139	0	
140	0	
141	0	
142	0	
143	0	
144	2.500000e-005	
145	2.500000e-005	
146	2.500000e-005	
147	5.000000e-005	
148	1.000000e-004	
149	1.000000e-004	
150	1.250000e-004	
151	1.000000e-004	
152	1.000000e-004	
153	1.000000e-004	
154	1.250000e-004	
155	5.000000e-005	
156	5.000000e-005	
157	5.000000e-005	
158	5.000000e-005	
159	1.000000e-004	
160	1.750000e-004	
161	1.500000e-004	
162	1.500000e-004	
163	2.000000e-004	
164	2.750000e-004	
165	2.500000e-004	
166	2.250000e-004	
167	2.500000e-004	
168	3.250000e-004	
169	2.500000e-004	
170	3.000000e-004	
171	3.000000e-004	
172	1.250000e-004	
173	1.500000e-004	
174	1.500000e-004	
175	2.000000e-004	
176	1.750000e-004	
177	3.250000e-004	
178	1.500000e-004	
179	2.500000e-004	
180	3.000000e-004	
181	3.000000e-004	
182	3.500000e-004	
183	2.250000e-004	
184	1.500000e-004	
185	1.500000e-004	
186	1.250000e-004	
187	1.250000e-004	
188	1.250000e-004	
189	1.500000e-004	
190	2.000000e-004	
191	1.750000e-004	
192	3.000000e-004	
193	2.750000e-004	
194	2.750000e-004	
195	2.250000e-004	
196	2.500000e-004	
197	1.750000e-004	
198	2.000000e-004	
199	2.250000e-004	
200	2.250000e-004	
201	2.250000e-004	
202	2.250000e-004	
203	3.500000e-004	
204	2.250000e-004	
205	2.250000e-004	
206	2.000000e-004	
207	2.000000e-004	
208	2.000000e-004	
209	1.250000e-004	
210	1.000000e-004	
211	7.500000e-005	
212	1.000000e-004	
213	1.000000e-004	
214	7.500000e-005	
215	1.250000e-004	
216	2.500000e-005	
217	0	
218	0	
219	0	
220	0	
221	0	
222	0	
223	0	
224	0	
225	0	
226	0	
227	0	
228	0	
229	0	
230	0	
231	0	
232	0	
233	0	
234	0	
235	0	
236	0	
237	0	
238	0	
239	0	
240	0	
241	0	
242	0	
243	0	
244	0	
245	0	
246	0	
247	0	
248	0	
249	0	
250	0	
251	2.500000e-005	
252	2.500000e-005	
253	2.500000e-005	
254	0	
255	0	
256	0	
257	0	
258	0	
259	0	
260	0	
261	0	
262	0	
263	0	
264	0	
265	0	
266	0	
267	0	
268	0	
269	0	
270	0	
271	0	
272	0	
273	0	
274	0	
275	0	
276	0	
277	0	
278	0	
279	0	
280	0	
281	0	
282	0	
283	0	
284	0	
285	0	
286	0	
287	0	
288	0	
289	0	
290	2.500000e-005	
291	7.500000e-005	
292	1.250000e-004	
293	7.500000e-005	
294	7.500000e-005	
295	1.000000e-004	
296	1.250000e-004	
297	2.500000e-004	
298	3.250000e-004	
299	3.500000e-004	
300	2.750000e-004	
301	2.000000e-004	
302	2.250000e-004	
303	2.250000e-004	
304	2.500000e-004	
305	1.750000e-004	
306	2.500000e-004	
307	4.000000e-004	
308	1.750000e-004	
309	2.000000e-004	
310	2.250000e-004	
311	3.250000e-004	
312	3.750000e-004	
313	4.000000e-004	
314	3.750000e-004	
315	3.250000e-004	
316	3.000000e-004	
317	2.750000e-004	
318	3.250000e-004	
319	4.000000e-004	
320	2.250000e-004	
321	1.000000e-004	
322	1.250000e-004	
323	1.750000e-004	
324	2.000000e-004	
325	2.500000e-004	
326	2.000000e-004	
327	1.250000e-004	
328	1.500000e-004	
329	2.500000e-005	
330	2.500000e-005	
331	2.500000e-005	
332	7.500000e-005	
333	1.000000e-004	
334	1.000000e-004	
335	5.000000e-005	
336	7.500000e-005	
337	2.500000e-005	
338	5.000000e-005	
339	1.500000e-004	
340	1.000000e-004	
341	1.000000e-004	
342	1.250000e-004	
343	2.500000e-004	
344	2.250000e-004	
345	7.500000e-005	
346	1.000000e-004	
347	7.500000e-005	
348	2.500000e-005	
349	7.500000e-005	
350	7.500000e-005	
351	5.000000e-005	
352	5.000000e-005	
353	1.000000e-004	
354	1.500000e-004	
355	2.000000e-004	
356	2.000000e-004	
357	1.750000e-004	
358	2.500000e-004	
359	1.750000e-004	
360	1.000000e-004	
361	1.500000e-004	
362	1.000000e-004	
363	1.000000e-004	
364	7.500000e-005	
365	5.000000e-005	
366	7.500000e-005	
367	2.500000e-005	
368	0	
369	0	
370	0	
371	0	
372	0	
373	0	
374	0	
375	2.500000e-005	
376	2.500000e-005	
377	2.500000e-005	
378	5.000000e-005	
379	5.000000e-005	
380	7.500000e-005	
381	1.000000e-004	
382	1.750000e-004	
383	1.750000e-004	
384	1.250000e-004	
385	2.250000e-004	
386	3.250000e-004	
387	1.750000e-004	
388	1.000000e-004	
389	7.500000e-005	
390	5.000000e-005	
391	5.000000e-005	
392	1.000000e-004	
393	1.500000e-004	
394	2.250000e-004	
395	2.750000e-004	
396	3.750000e-004	
397	3.500000e-004	
398	2.250000e-004	
399	2.250000e-004	
400	2.500000e-004	
401	2.000000e-004	
402	2.250000e-004	
403	3.000000e-004	
404	3.500000e-004	
405	2.250000e-004	
406	1.500000e-004	
407	2.750000e-004	
408	3.500000e-004	
409	4.250000e-004	
410	3.500000e-004	
411	3.250000e-004	
412	3.500000e-004	
413	4.000000e-004	
414	3.750000e-004	
415	3.000000e-004	
416	3.250000e-004	
417	4.000000e-004	
418	4.000000e-004	
419	3.000000e-004	
420	4.000000e-004	
421	4.000000e-004	
422	4.500000e-004	
423	5.000000e-004	
424	3.750000e-004	
425	4.750000e-004	
426	3.750000e-004	
427	3.250000e-004	
428	4.250000e-004	
429	5.750000e-004	
430	6.000000e-004	
431	6.000000e-004	
432	5.250000e-004	
433	4.750000e-004	
434	6.000000e-004	
435	6.000000e-004	
436	6.000000e-004	
437	6.250000e-004	
438	8.250000e-004	
439	6.750000e-004	
440	6.000000e-004	
441	6.000000e-004	
442	7.250000e-004	
443	6.000000e-004	
444	4.750000e-004	
445	5.000000e-004	
446	5.250000e-004	
447	5.250000e-004	
448	4.250000e-004	
449	4.250000e-004	
450	5.000000e-004	
451	6.500000e-004	
452	7.500000e-004	
453	6.000000e-004	
454	6.750000e-004	
455	7.250000e-004	
456	7.250000e-004	
457	7.000000e-004	
458	6.500000e-004	
459	5.500000e-004	
460	6.250000e-004	
461	7.000000e-004	
462	6.500000e-004	
463	8.250000e-004	
464	1.075000e-003	
465	1.075000e-003	
466	7.750000e-004	
467	7.000000e-004	
468	6.250000e-004	
469	8.000000e-004	
470	6.500000e-004	
471	6.750000e-004	
472	8.500000e-004	
473	1.025000e-003	
474	1.175000e-003	
475	1.075000e-003	
476	1.050000e-003	
477	1.200000e-003	
478	8.250000e-004	
479	9.000000e-004	
480	9.000000e-004	
481	7.250000e-004	
482	7.500000e-004	
483	8.500000e-004	
484	7.250000e-004	
485	8.250000e-004	
486	9.000000e-004	
487	8.750000e-004	
488	8.750000e-004	
489	1.000000e-003	
490	1.100000e-003	
491	1.275000e-003	
492	1.550000e-003	
493	1.500000e-003	
494	1.150000e-003	
495	9.500000e-004	
496	1.100000e-003	
497	1.125000e-003	
498	1.025000e-003	
499	1.025000e-003	
500	9.750000e-004	
501	1.100000e-003	
502	1.450000e-003	
503	1.300000e-003	
504	1.050000e-003	
505	8.500000e-004	
506	8.250000e-004	
507	5.500000e-004	
508	5.250000e-004	
509	6.250000e-004	
510	7.500000e-004	
511	6.750000e-004	
512	5.250000e-004	
513	6.250000e-004	
514	6.250000e-004	
515	7.500000e-004	
516	8.000000e-004	
517	1.050000e-003	
518	7.750000e-004	
519	6.750000e-004	
520	6.750000e-004	
521	7.000000e-004	
522	7.750000e-004	
523	6.750000e-004	
524	6.750000e-004	
525	9.000000e-004	
526	7.500000e-004	
527	6.250000e-004	
528	6.750000e-004	
529	5.500000e-004	
530	3.500000e-004	
531	4.000000e-004	
532	2.500000e-004	
533	1.750000e-004	
534	3.250000e-004	
535	3.500000e-004	
536	3.000000e-004	
537	3.250000e-004	
538	3.000000e-004	
539	3.000000e-004	
540	2.250000e-004	
541	2.750000e-004	
542	3.250000e-004	
543	3.500000e-004	
544	3.750000e-004	
545	4.250000e-004	
546	4.500000e-004	
547	3.500000e-004	
548	3.500000e-004	
549	3.750000e-004	
550	6.500000e-004	
551	4.750000e-004	
552	7.000000e-004	
553	7.750000e-004	
554	6.250000e-004	
555	5.500000e-004	
556	7.500000e-004	
557	7.000000e-004	
558	6.750000e-004	
559	8.750000e-004	
560	8.000000e-004	
561	6.500000e-004	
562	8.500000e-004	
563	9.250000e-004	
564	8.000000e-004	
565	8.750000e-004	
566	8.250000e-004	
567	9.750000e-004	
568	9.500000e-004	
569	9.750000e-004	
570	9.250000e-004	
571	1.150000e-003	
572	1.500000e-003	
573	1.450000e-003	
574	1.150000e-003	
575	1.050000e-003	
576	1.000000e-003	
577	1.075000e-003	
578	1.325000e-003	
579	1.400000e-003	
580	1.275000e-003	
581	1.300000e-003	
582	1.375000e-003	
583	1.575000e-003	
584	1.525000e-003	
585	1.750000e-003	
586	1.575000e-003	
587	1.625000e-003	
588	1.775000e-003	
589	1.825000e-003	
590	1.850000e-003	
591	1.775000e-003	
592	1.475000e-003	
593	1.775000e-003	
594	1.825000e-003	
595	1.775000e-003	
596	1.525000e-003	
597	1.550000e-003	
598	1.500000e-003	
599	1.450000e-003	
600	1.450000e-003	
601	1.525000e-003	
602	1.575000e-003	
603	1.900000e-003	
604	1.750000e-003	
605	1.850000e-003	
606	1.725000e-003	
607	1.900000e-003	
608	2.300000e-003	
609	2.350000e-003	
610	2.150000e-003	
611	2.400000e-003	
612	2.400000e-003	
613	2.400000e-003	
614	2.175000e-003	
615	1.725000e-003	
616	1.650000e-003	
617	2.050000e-003	
618	2.200000e-003	
619	2.425000e-003	
620	2.175000e-003	
621	2.000000e-003	
622	2.050000e-003	
623	2.075000e-003	
624	1.900000e-003	
625	1.875000e-003	
626	1.900000e-003	
627	2.075000e-003	
628	2.025000e-003	
629	1.925000e-003	
630	1.975000e-003	
631	2.000000e-003	
632	1.800000e-003	
633	1.700000e-003	
634	1.525000e-003	
635	1.700000e-003	
636	1.875000e-003	
637	1.825000e-003	
638	2.175000e-003	
639	2.250000e-003	
640	2.275000e-003	
641	2.225000e-003	
642	2.375000e-003	
643	2.400000e-003	
644	2.800000e-003	
645	2.575000e-003	
646	2.550000e-003	
647	2.775000e-003	
648	2.650000e-003	
649	2.275000e-003	
650	2.375000e-003	
651	2.175000e-003	
652	2.375000e-003	
653	2.050000e-003	
654	2.050000e-003	
655	1.900000e-003	
656	2.150000e-003	
657	2.250000e-003	
658	1.850000e-003	
659	1.700000e-003	
660	1.450000e-003	
661	1.400000e-003	
662	1.575000e-003	
663	1.950000e-003	
664	1.900000e-003	
665	1.800000e-003	
666	1.800000e-003	
667	1.700000e-003	
668	1.800000e-003	
669	1.650000e-003	
670	1.800000e-003	
671	1.675000e-003	
672	1.425000e-003	
673	1.675000e-003	
674	1.600000e-003	
675	1.575000e-003	
676	1.275000e-003	
677	1.050000e-003	
678	8.750000e-004	
679	8.000000e-004	
680	7.000000e-004	
681	5.750000e-004	
682	4.000000e-004	
683	3.000000e-004	
684	3.250000e-004	
685	4.500000e-004	
686	5.000000e-004	
687	3.750000e-004	
688	6.000000e-004	
689	6.500000e-004	
690	5.000000e-004	
691	5.750000e-004	
692	5.500000e-004	
693	5.250000e-004	
694	5.500000e-004	
695	6.250000e-004	
696	7.250000e-004	
697	9.250000e-004	
698	8.000000e-004	
699	9.750000e-004	
700	9.000000e-004	
701	9.250000e-004	
702	8.000000e-004	
703	1.000000e-003	
704	1.225000e-003	
705	1.150000e-003	
706	1.025000e-003	
707	1.125000e-003	
708	1.150000e-003	
709	1.050000e-003	
710	1.250000e-003	
711	1.425000e-003	
712	1.500000e-003	
713	1.675000e-003	
714	1.575000e-003	
715	1.475000e-003	
716	1.225000e-003	
717	1.050000e-003	
718	1.050000e-003	
719	1.150000e-003	
720	1.275000e-003	
721	1.275000e-003	
722	9.750000e-004	
723	1.125000e-003	
724	1.125000e-003	
725	9.000000e-004	
726	1.000000e-003	
727	7.250000e-004	
728	8.750000e-004	
729	1.075000e-003	
730	1.100000e-003	
731	1.150000e-003	
732	1.125000e-003	
733	1.450000e-003	
734	1.325000e-003	
735	1.275000e-003	
736	1.150000e-003	
737	1.050000e-003	
738	1.300000e-003	
739	1.150000e-003	
740	1.450000e-003	
741	1.350000e-003	
742	1.200000e-003	
743	1.375000e-003	
744	1.150000e-003	
745	1.050000e-003	
746	1.075000e-003	
747	1.275000e-003	
748	1.100000e-003	
749	1.325000e-003	
750	1.450000e-003	
751	1.300000e-003	
752	1.175000e-003	
753	1.000000e-003	
754	1.000000e-003	
755	9.000000e-004	
756	1.125000e-003	
757	8.000000e-004	
758	8.750000e-004	
759	9.750000e-004	
760	1.025000e-003	
761	9.250000e-004	
762	9.000000e-004	
763	6.250000e-004	
764	6.250000e-004	
765	9.250000e-004	
766	1.075000e-003	
767	1.075000e-003	
768	1.075000e-003	
769	9.500000e-004	
770	8.250000e-004	
771	9.250000e-004	
772	9.500000e-004	
773	8.500000e-004	
774	9.750000e-004	
775	1.175000e-003	
776	1.100000e-003	
777	9.250000e-004	
778	6.000000e-004	
779	7.750000e-004	
780	6.750000e-004	
781	6.250000e-004	
782	4.000000e-004	
783	2.500000e-004	
784	2.750000e-004	
785	2.500000e-004	
786	3.500000e-004	
787	3.750000e-004	
788	3.250000e-004	
789	2.250000e-004	
790	2.500000e-004	
791	2.750000e-004	
792	2.750000e-004	
793	2.000000e-004	
794	2.250000e-004	
795	2.000000e-004	
796	2.500000e-004	
797	3.250000e-004	
798	3.750000e-004	
799	2.750000e-004	
800	2.750000e-004	
801	3.750000e-004	
802	2.500000e-004	
803	2.000000e-004	
804	4.250000e-004	
805	2.500000e-004	
806	2.500000e-004	
807	2.000000e-004	
808	2.750000e-004	
809	3.000000e-004	
810	2.000000e-004	
811	1.250000e-004	
812	2.000000e-004	
813	1.000000e-004	
814	7.500000e-005	
815	1.000000e-004	
816	5.000000e-005	
817	5.000000e-005	
818	1.000000e-004	
819	1.000000e-004	
820	5.000000e-005	
821	1.000000e-004	
822	2.500000e-005	
823	2.500000e-005	
824	2.500000e-005	
825	5.000000e-005	
826	7.500000e-005	
827	1.250000e-004	
828	1.000000e-004	
829	1.750000e-004	
830	7.500000e-005	
831	1.250000e-004	
832	1.000000e-004	
833	1.750000e-004	
834	1.250000e-004	
835	1.000000e-004	
836	7.500000e-005	
837	5.000000e-005	
838	1.000000e-004	
839	1.500000e-004	
840	1.750000e-004	
841	1.500000e-004	
842	1.750000e-004	
843	2.250000e-004	
844	2.000000e-004	
845	1.500000e-004	
846	7.500000e-005	
847	5.000000e-005	
848	2.500000e-005	
849	2.500000e-005	
850	5.000000e-005	
851	0	
852	0	
853	0	
854	0	
855	0	
856	0	
857	0	
858	0	
859	0	
860	0	
861	0	
862	0	
863	0	
864	0	
865	0	
866	0	
867	0	
868	0	
869	0	
870	0	
871	0	
872	0	
873	0	
874	0	
875	0	
876	0	
877	0	
878	0	
879	0	
880	0	
881	0	
882	2.500000e-005	
883	5.000000e-005	
884	1.000000e-004	
885	5.000000e-005	
886	1.250000e-004	
887	1.750000e-004	
888	2.000000e-004	
889	2.250000e-004	
890	2.500000e-004	
891	2.500000e-004	
892	2.500000e-004	
893	2.250000e-004	
894	2.500000e-004	
895	4.000000e-004	
896	3.500000e-004	
897	4.750000e-004	
898	4.750000e-004	
899	5.000000e-004	
900	4.000000e-004	
901	4.500000e-004	
902	4.500000e-004	
903	3.750000e-004	
904	3.250000e-004	
905	4.000000e-004	
906	4.000000e-004	
907	5.500000e-004	
908	4.750000e-004	
909	5.000000e-004	
910	4.750000e-004	
911	6.000000e-004	
912	6.250000e-004	
913	8.000000e-004	
914	7.250000e-004	
915	8.000000e-004	
916	8.250000e-004	
917	8.750000e-004	
918	6.250000e-004	
919	4.750000e-004	
920	4.500000e-004	
921	3.000000e-004	
922	2.500000e-004	
923	3.000000e-004	
924	5.250000e-004	
925	4.500000e-004	
926	4.500000e-004	
927	5.500000e-004	
928	5.000000e-004	
929	5.250000e-004	
930	5.750000e-004	
931	5.250000e-004	
932	6.250000e-004	
933	7.000000e-004	
934	6.750000e-004	
935	6.000000e-004	
936	5.750000e-004	
937	7.750000e-004	
938	8.250000e-004	
939	7.000000e-004	
940	7.750000e-004	
941	8.750000e-004	
942	9.250000e-004	
943	8.000000e-004	
944	7.750000e-004	
945	8.250000e-004	
946	8.500000e-004	
947	8.750000e-004	
948	9.500000e-004	
949	9.000000e-004	
950	8.750000e-004	
951	7.000000e-004	
952	7.750000e-004	
953	8.500000e-004	
954	9.000000e-004	
955	7.000000e-004	
956	8.250000e-004	
957	7.000000e-004	
958	4.250000e-004	
959	5.500000e-004	
960	4.250000e-004	
961	5.000000e-004	
962	4.000000e-004	
963	4.250000e-004	
964	4.000000e-004	
965	2.500000e-004	
966	1.250000e-004	
967	1.500000e-004	
968	1.500000e-004	
969	5.000000e-005	
970	0	
971	0	
972	0	
973	0	
974	0	
975	0	
976	0	
977	0	
978	0	
979	0	
980	0	
981	0	
982	0	
983	0	
984	0	
985	0	
986	0	
987	0	
988	0	
989	0	
990	0	
991	0	
992	0	
993	0	
994	0	
995	0	
996	0	
997	0	
998	0	
999	0	
1000	0	
1001	0	
1002	0	
1003	0	
1004	0	
1005	0	
1006	0	
1007	0	
1008	0	
1009	0	
1010	0	
1011	0	
1012	0	
1013	0	
1014	0	
1015	0	
1016	0	
1017	0	
1018	0	
1019	0	
1020	0	
1021	0	
1022	0	
1023	0	
1024	0	
1025	0	
1026	0	
1027	0	
1028	0	
1029	0	
1030	0	
1031	0	
1032	0	
1033	0	
1034	0	
1035	0	
1036	0	
1037	0	
1038	0	
1039	0	
1040	0	
1041	0	
1042	0	
1043	0	
1044	0	
1045	0	
1046	0	
1047	0	
1048	2.500000e-005	
1049	1.000000e-004	
1050	2.250000e-004	
1051	2.000000e-004	
1052	2.500000e-004	
1053	3.250000e-004	
1054	2.250000e-004	
1055	3.000000e-004	
1056	1.750000e-004	
1057	3.250000e-004	
1058	2.500000e-004	
1059	3.000000e-004	
1060	3.500000e-004	
1061	4.500000e-004	
1062	5.000000e-004	
1063	4.500000e-004	
1064	4.750000e-004	
1065	5.500000e-004	
1066	4.750000e-004	
1067	5.250000e-004	
1068	6.750000e-004	
1069	7.250000e-004	
1070	8.000000e-004	
1071	7.500000e-004	
1072	7.500000e-004	
1073	7.000000e-004	
1074	8.000000e-004	
1075	7.250000e-004	
1076	6.250000e-004	
1077	5.000000e-004	
1078	5.250000e-004	
1079	5.750000e-004	
1080	6.250000e-004	
1081	7.000000e-004	
1082	8.000000e-004	
1083	7.250000e-004	
1084	8.000000e-004	
1085	7.250000e-004	
1086	5.750000e-004	
1087	7.000000e-004	
1088	7.750000e-004	
1089	6.250000e-004	
1090	6.000000e-004	
1091	6.000000e-004	
1092	6.250000e-004	
1093	4.500000e-004	
1094	4.250000e-004	
1095	3.250000e-004	
1096	3.000000e-004	
1097	4.750000e-004	
1098	4.750000e-004	
1099	4.000000e-004	
1100	4.500000e-004	
1101	4.250000e-004	
1102	4.000000e-004	
1103	4.500000e-004	
1104	3.500000e-004	
1105	3.750000e-004	
1106	4.500000e-004	
1107	3.250000e-004	
1108	2.500000e-004	
1109	2.250000e-004	
1110	3.500000e-004	
1111	2.750000e-004	
1112	3.500000e-004	
1113	3.250000e-004	
1114	2.500000e-004	
1115	1.000000e-004	
1116	2.500000e-005	
1117	0	
1118	0	
1119	0	
1120	0	
1121	0	
1122	0	
1123	0	
1124	0	
1125	0	
1126	0	
1127	0	
1128	0	
1129	0	
1130	0	
1131	0	
1132	0	
1133	0	
1134	0	
1135	0	
1136	0	
1137	0	
1138	0	
1139	0	
1140	0	
1141	0	
1142	0	
1143	0	
1144	0	
1145	0	
1146	0	
1147	0	
1148	0	
1149	0	
1150	0	
1151	0	
1152	0	
1153	0	
1154	0	
1155	0	
1156	0	
1157	0	
1158	0	
1159	0	
1160	0	
1161	0	
1162	0	
1163	0	
1164	0	
1165	0	
1166	0	
1167	0	
1168	0	
1169	0	
1170	0	
1171	0	
1172	0	
1173	0	
1174	0	
1175	0	
1176	0	
1177	0	
1178	0	
1179	0	
1180	0	
1181	0	
1182	0	
1183	0	
1184	0	
1185	0	
1186	0	
1187	0	
1188	0	
1189	0	
1190	0	
1191	0	
1192	0	
1193	0	
1194	0	
1195	0	
1196	0	
1197	0	
1198	0	
1199	0	
1200	0	
1201	0	
1202	0	
1203	0	
1204	0	
1205	0	
1206	0	
1207	0	
1208	0	
1209	0	
1210	0	
1211	0	
1212	0	
1213	0	
1214	0	
1215	0	
1216	0	
1217	0	
1218	0	
1219	0	
1220	0	
1221	0	
1222	0	
1223	0	
1224	0	
1225	0	
1226	0	
1227	0	
1228	0	
1229	0	
1230	0	
1231	0	
1232	0	
1233	0	
1234	0	
1235	0	
1236	0	
1237	0	
1238	0	
1239	0	
1240	0	
1241	2.500000e-005	
1242	1.000000e-004	
1243	7.500000e-005	
1244	1.250000e-004	
1245	1.750000e-004	
1246	1.250000e-004	
1247	1.500000e-004	
1248	1.750000e-004	
1249	2.000000e-004	
1250	1.750000e-004	
1251	1.500000e-004	
1252	3.250000e-004	
1253	3.250000e-004	
1254	2.500000e-004	
1255	3.000000e-004	
1256	3.500000e-004	
1257	3.500000e-004	
1258	3.000000e-004	
1259	2.250000e-004	
1260	3.500000e-004	
1261	2.500000e-004	
1262	2.000000e-004	
1263	3.250000e-004	
1264	3.000000e-004	
1265	3.750000e-004	
1266	4.500000e-004	
1267	4.750000e-004	
1268	6.250000e-004	
1269	4.750000e-004	
1270	3.250000e-004	
1271	4.000000e-004	
1272	4.250000e-004	
1273	4.000000e-004	
1274	3.750000e-004	
1275	3.750000e-004	
1276	3.000000e-004	
1277	3.000000e-004	
1278	3.500000e-004	
1279	4.500000e-004	
1280	5.250000e-004	
1281	5.500000e-004	
1282	5.250000e-004	
1283	5.250000e-004	
1284	3.500000e-004	
1285	3.750000e-004	
1286	3.750000e-004	
1287	3.250000e-004	
1288	4.500000e-004	
1289	6.000000e-004	
1290	5.500000e-004	
1291	6.250000e-004	
1292	6.500000e-004	
1293	5.750000e-004	
1294	3.750000e-004	
1295	4.250000e-004	
1296	5.000000e-004	
1297	6.500000e-004	
1298	5.750000e-004	
1299	5.250000e-004	
1300	5.250000e-004	
1301	5.750000e-004	
1302	4.500000e-004	
1303	4.500000e-004	
1304	4.250000e-004	
1305	3.750000e-004	
1306	3.500000e-004	
1307	3.750000e-004	
1308	4.250000e-004	
1309	4.500000e-004	
1310	3.000000e-004	
1311	2.500000e-004	
1312	2.750000e-004	
1313	2.500000e-004	
1314	3.250000e-004	
1315	3.250000e-004	
1316	4.250000e-004	
1317	3.250000e-004	
1318	5.500000e-004	
1319	3.750000e-004	
1320	4.500000e-004	
1321	5.750000e-004	
1322	5.750000e-004	
1323	6.250000e-004	
1324	7.000000e-004	
1325	5.250000e-004	
1326	3.750000e-004	
1327	4.500000e-004	
1328	3.500000e-004	
1329	2.500000e-004	
1330	3.000000e-004	
1331	3.250000e-004	
1332	2.750000e-004	
1333	2.750000e-004	
1334	4.250000e-004	
1335	3.750000e-004	
1336	3.500000e-004	
1337	2.500000e-004	
1338	2.000000e-004	
1339	2.500000e-004	
1340	2.000000e-004	
1341	1.500000e-004	
1342	1.500000e-004	
1343	1.250000e-004	
1344	2.500000e-005	
1345	2.500000e-005	
1346	0	
1347	0	
1348	0	
1349	0	
1350	0	
1351	0	
1352	0	
1353	0	
1354	0	
1355	0	
1356	0	
1357	0	
1358	0	
1359	0	
1360	0	
1361	0	
1362	0	
1363	0	
1364	0	
1365	0	
1366	0	
1367	0	
1368	0	
1369	0	
1370	0	
1371	0	
1372	0	
1373	0	
1374	0	
1375	0	
1376	0	
1377	0	
1378	0	
1379	0	
1380	0	
1381	0	
1382	0	
1383	0	
1384	0	
1385	0	
1386	0	
1387	0	
1388	2.500000e-005	
1389	2.500000e-005	
1390	0	
1391	0	
1392	0	
1393	0	
1394	0	
1395	0	
1396	0	
1397	0	
1398	0	
1399	0	
1400	0	
1401	0	
1402	0	
1403	0	
1404	0	
1405	0	
1406	0	
1407	0	
1408	0	
1409	0	
1410	0	
1411	0	
1412	0	
1413	0	
1414	0	
1415	0	
1416	0	
1417	0	
1418	0	
1419	0	
1420	0	
1421	0	
1422	0	
1423	0	
1424	0	
1425	0	
1426	0	
1427	0	
1428	0	
1429	0	
1430	0	
1431	0	
1432	0	
1433	0	
1434	0	
1435	0	
1436	0	
1437	0	
1438	0	
1439	0	
1440	0	
1441	0	
1442	0	
1443	0	
1444	0	
1445	0	
1446	2.500000e-005	
1447	0	
1448	0	
1449	0	
1450	0	
1451	0	
1452	0	
1453	0	
1454	0	
1455	0	
1456	0	
1457	0	
1458	0	
1459	0	
1460	0	
1461	0	
1462	0	
1463	0	
1464	0	
1465	0	
1466	0	
1467	0	
1468	0	
1469	0	
1470	0	
1471	0	
1472	0	
1473	0	
1474	0	
1475	0	
1476	0	
1477	0	
1478	0	
1479	0	
1480	0	
1481	0	
1482	0	
1483	0	
1484	0	
1485	0	
1486	0	
1487	0	
1488	0	
1489	0	
1490	0	
1491	0	
1492	0	
1493	0	
1494	0	
1495	0	
1496	0	
1497	0	
1498	0	
1499	0	
1500	0	
1501	0	
1502	0	
1503	0	
1504	0	
1505	0	
1506	0	
1507	0	
1508	0	
1509	0	
1510	0	
1511	0	
1512	0	
1513	0	
1514	0	
1515	0	
1516	0	
1517	0	
1518	0	
1519	0	
1520	0	
1521	0	
1522	0	
1523	0	
1524	0	
1525	0	
1526	0	
1527	0	
1528	0	
1529	0	
1530	0	
1531	0	
1532	0	
1533	0	
1534	0	
1535	0	
1536	0	
1537	0	
1538	0	
1539	0	
1540	0	
1541	0	
1542	0	
1543	0	
1544	0	
1545	0	
1546	2.500000e-005	
1547	7.500000e-005	
1548	1.000000e-004	
1549	1.250000e-004	
1550	5.000000e-005	
1551	0	
1552	0	
1553	0	
1554	0	
1555	0	
1556	0	
1557	0	
1558	0	
1559	0	
1560	0	
1561	0	
1562	0	
1563	0	
1564	0	
1565	0	
1566	0	
1567	0	
1568	0	
1569	0	
1570	0	
1571	0	
1572	0	
1573	0	
1574	0	
1575	0	
1576	0	
1577	0	
1578	2.500000e-005	
1579	1.000000e-004	
1580	1.250000e-004	
1581	2.250000e-004	
1582	1.500000e-004	
1583	1.500000e-004	
1584	1.750000e-004	
1585	2.250000e-004	
1586	2.500000e-004	
1587	2.750000e-004	
1588	1.750000e-004	
1589	2.500000e-004	
1590	3.250000e-004	
1591	2.750000e-004	
1592	2.500000e-004	
1593	3.500000e-004	
1594	2.500000e-004	
1595	2.250000e-004	
1596	2.750000e-004	
1597	4.500000e-004	
1598	4.750000e-004	
1599	3.500000e-004	
1600	3.000000e-004	
1601	3.250000e-004	
1602	4.750000e-004	
1603	5.000000e-004	
1604	4.750000e-004	
1605	4.750000e-004	
1606	5.750000e-004	
1607	7.250000e-004	
1608	5.750000e-004	
1609	5.750000e-004	
1610	5.000000e-004	
1611	4.250000e-004	
1612	5.000000e-004	
1613	4.500000e-004	
1614	5.750000e-004	
1615	7.500000e-004	
1616	8.000000e-004	
1617	7.750000e-004	
1618	6.500000e-004	
1619	6.000000e-004	
1620	5.750000e-004	
1621	7.000000e-004	
1622	7.750000e-004	
1623	9.000000e-004	
1624	1.000000e-003	
1625	1.125000e-003	
1626	1.100000e-003	
1627	1.125000e-003	
1628	1.175000e-003	
1629	1.225000e-003	
1630	1.075000e-003	
1631	1.000000e-003	
1632	8.250000e-004	
1633	9.250000e-004	
1634	1.100000e-003	
1635	9.750000e-004	
1636	8.750000e-004	
1637	8.500000e-004	
1638	9.250000e-004	
1639	7.000000e-004	
1640	7.750000e-004	
1641	8.750000e-004	
1642	8.250000e-004	
1643	9.500000e-004	
1644	9.500000e-004	
1645	1.125000e-003	
1646	1.050000e-003	
1647	1.250000e-003	
1648	1.425000e-003	
1649	1.325000e-003	
1650	1.250000e-003	
1651	1.150000e-003	
1652	1.175000e-003	
1653	1.275000e-003	
1654	1.025000e-003	
1655	1.150000e-003	
1656	1.325000e-003	
1657	1.125000e-003	
1658	1.350000e-003	
1659	1.125000e-003	
1660	1.075000e-003	
1661	1.025000e-003	
1662	1.375000e-003	
1663	1.475000e-003	
1664	1.350000e-003	
1665	1.350000e-003	
1666	1.175000e-003	
1667	1.125000e-003	
1668	1.275000e-003	
1669	1.175000e-003	
1670	1.200000e-003	
1671	1.450000e-003	
1672	1.325000e-003	
1673	1.275000e-003	
1674	1.200000e-003	
1675	1.250000e-003	
1676	1.200000e-003	
1677	1.325000e-003	
1678	1.325000e-003	
1679	1.300000e-003	
1680	1.250000e-003	
1681	1.550000e-003	
1682	1.750000e-003	
1683	1.625000e-003	
1684	1.800000e-003	
1685	2.225000e-003	
1686	2.750000e-003	
1687	2.500000e-003	
1688	2.400000e-003	
1689	2.650000e-003	
1690	2.650000e-003	
1691	2.750000e-003	
1692	2.800000e-003	
1693	2.850000e-003	
1694	2.725000e-003	
1695	2.700000e-003	
1696	2.925000e-003	
1697	2.850000e-003	
1698	2.825000e-003	
1699	3.050000e-003	
1700	3.250000e-003	
1701	3.175000e-003	
1702	3.200000e-003	
1703	2.875000e-003	
1704	2.775000e-003	
1705	3.100000e-003	
1706	2.675000e-003	
1707	2.825000e-003	
1708	2.725000e-003	
1709	2.675000e-003	
1710	2.750000e-003	
1711	2.425000e-003	
1712	2.575000e-003	
1713	2.825000e-003	
1714	2.700000e-003	
1715	2.800000e-003	
1716	2.725000e-003	
1717	2.650000e-003	
1718	2.575000e-003	
1719	2.550000e-003	
1720	2.875000e-003	
1721	2.775000e-003	
1722	2.375000e-003	
1723	2.475000e-003	
1724	2.600000e-003	
1725	2.300000e-003	
1726	1.925000e-003	
1727	1.425000e-003	
1728	1.325000e-003	
1729	1.150000e-003	
1730	1.375000e-003	
1731	1.300000e-003	
1732	1.675000e-003	
1733	1.950000e-003	
1734	2.325000e-003	
1735	1.975000e-003	
1736	1.700000e-003	
1737	1.575000e-003	
1738	1.725000e-003	
1739	1.800000e-003	
1740	1.425000e-003	
1741	1.750000e-003	
1742	1.625000e-003	
1743	1.600000e-003	
1744	1.750000e-003	
1745	1.550000e-003	
1746	1.525000e-003	
1747	1.875000e-003	
1748	1.775000e-003	
1749	1.650000e-003	
1750	1.825000e-003	
1751	1.675000e-003	
1752	1.425000e-003	
1753	1.225000e-003	
1754	1.500000e-003	
1755	1.500000e-003	
1756	1.600000e-003	
1757	1.475000e-003	
1758	1.600000e-003	
1759	1.700000e-003	
1760	1.225000e-003	
1761	1.525000e-003	
1762	1.650000e-003	
1763	1.725000e-003	
1764	1.775000e-003	
1765	1.425000e-003	
1766	1.225000e-003	
1767	1.150000e-003	
1768	1.225000e-003	
1769	1.475000e-003	
1770	1.450000e-003	
1771	1.700000e-003	
1772	1.925000e-003	
1773	2.100000e-003	
1774	1.975000e-003	
1775	1.900000e-003	
1776	2.000000e-003	
1777	1.925000e-003	
1778	1.975000e-003	
1779	1.925000e-003	
1780	1.975000e-003	
1781	2.000000e-003	
1782	2.000000e-003	
1783	1.900000e-003	
1784	1.825000e-003	
1785	1.625000e-003	
1786	1.600000e-003	
1787	1.625000e-003	
1788	1.450000e-003	
1789	1.725000e-003	
1790	1.500000e-003	
1791	1.975000e-003	
1792	1.775000e-003	
1793	1.475000e-003	
1794	1.625000e-003	
1795	1.675000e-003	
1796	1.875000e-003	
1797	1.500000e-003	
1798	1.800000e-003	
1799	1.525000e-003	
1800	1.475000e-003	
1801	1.550000e-003	
1802	1.475000e-003	
1803	1.475000e-003	
1804	1.725000e-003	
1805	1.550000e-003	
1806	1.550000e-003	
1807	1.475000e-003	
1808	1.575000e-003	
1809	1.650000e-003	
1810	1.625000e-003	
1811	1.500000e-003	
1812	1.350000e-003	
1813	1.500000e-003	
1814	1.400000e-003	
1815	1.150000e-003	
1816	1.250000e-003	
1817	1.225000e-003	
1818	1.100000e-003	
1819	1.125000e-003	
1820	1.325000e-003	
1821	1.425000e-003	
1822	1.500000e-003	
1823	1.625000e-003	
1824	1.675000e-003	
1825	1.950000e-003	
1826	1.625000e-003	
1827	1.575000e-003	
1828	1.450000e-003	
1829	1.475000e-003	
1830	1.625000e-003	
1831	1.725000e-003	
1832	1.675000e-003	
1833	1.400000e-003	
1834	1.375000e-003	
1835	1.675000e-003	
1836	1.500000e-003	
1837	1.425000e-003	
1838	1.175000e-003	
1839	1.275000e-003	
1840	1.350000e-003	
1841	1.200000e-003	
1842	1.100000e-003	
1843	9.750000e-004	
1844	9.000000e-004	
1845	8.500000e-004	
1846	8.250000e-004	
1847	7.750000e-004	
1848	6.500000e-004	
1849	7.250000e-004	
1850	8.250000e-004	
1851	8.250000e-004	
1852	8.750000e-004	
1853	9.000000e-004	
1854	8.500000e-004	
1855	9.500000e-004	
1856	6.500000e-004	
1857	6.250000e-004	
1858	6.000000e-004	
1859	7.250000e-004	
1860	7.000000e-004	
1861	6.750000e-004	
1862	5.250000e-004	
1863	8.000000e-004	
1864	1.050000e-003	
1865	8.000000e-004	
1866	7.250000e-004	
1867	6.750000e-004	
1868	8.000000e-004	
1869	7.750000e-004	
1870	5.500000e-004	
1871	7.500000e-004	
1872	4.250000e-004	
1873	3.750000e-004	
1874	3.250000e-004	
1875	3.500000e-004	
1876	3.250000e-004	
1877	4.500000e-004	
1878	3.750000e-004	
1879	5.500000e-004	
1880	4.750000e-004	
1881	5.750000e-004	
1882	5.500000e-004	
1883	5.750000e-004	
1884	6.500000e-004	
1885	6.250000e-004	
1886	5.250000e-004	
1887	7.000000e-004	
1888	6.250000e-004	
1889	5.500000e-004	
1890	4.750000e-004	
1891	2.750000e-004	
1892	2.250000e-004	
1893	2.750000e-004	
1894	3.250000e-004	
1895	3.500000e-004	
1896	3.750000e-004	
1897	4.250000e-004	
1898	6.250000e-004	
1899	4.750000e-004	
1900	3.250000e-004	
1901	3.250000e-004	
1902	3.250000e-004	
1903	1.750000e-004	
1904	1.250000e-004	
1905	7.500000e-005	
1906	5.000000e-005	
1907	0	
1908	0	
1909	0	
1910	0	
1911	0	
1912	0	
1913	0	
1914	0	
1915	0	
1916	0	
1917	0	
1918	0	
1919	0	
1920	2.500000e-005	
1921	2.500000e-005	
1922	5.000000e-005	
1923	5.000000e-005	
1924	7.500000e-005	
1925	1.250000e-004	
1926	2.000000e-004	
1927	1.250000e-004	
1928	2.000000e-004	
1929	2.500000e-004	
1930	3.500000e-004	
1931	2.250000e-004	
1932	3.000000e-004	
1933	2.500000e-004	
1934	4.750000e-004	
1935	4.250000e-004	
1936	3.250000e-004	
1937	3.500000e-004	
1938	2.750000e-004	
1939	3.250000e-004	
1940	4.750000e-004	
1941	5.250000e-004	
1942	5.000000e-004	
1943	5.250000e-004	
1944	6.250000e-004	
1945	5.000000e-004	
1946	5.500000e-004	
1947	7.500000e-004	
1948	5.500000e-004	
1949	4.000000e-004	
1950	5.000000e-004	
1951	5.000000e-004	
1952	4.250000e-004	
1953	3.750000e-004	
1954	5.000000e-004	
1955	4.000000e-004	
1956	3.000000e-004	
1957	3.000000e-004	
1958	3.000000e-004	
1959	3.750000e-004	
1960	4.500000e-004	
1961	4.500000e-004	
1962	3.000000e-004	
1963	2.750000e-004	
1964	3.500000e-004	
1965	3.500000e-004	
1966	4.750000e-004	
1967	4.500000e-004	
1968	5.250000e-004	
1969	5.750000e-004	
1970	5.250000e-004	
1971	5.000000e-004	
1972	5.750000e-004	
1973	6.000000e-004	
1974	6.750000e-004	
1975	6.000000e-004	
1976	6.500000e-004	
1977	6.500000e-004	
1978	7.750000e-004	
1979	7.250000e-004	
1980	7.250000e-004	
1981	6.750000e-004	
1982	6.500000e-004	
1983	6.250000e-004	
1984	4.500000e-004	
1985	3.000000e-004	
1986	3.000000e-004	
1987	2.000000e-004	
1988	2.250000e-004	
1989	1.500000e-004	
1990	1.250000e-004	
1991	1.750000e-004	
1992	1.000000e-004	
1993	7.500000e-005	
1994	1.500000e-004	
1995	1.750000e-004	
1996	1.250000e-004	
1997	7.500000e-005	
1998	7.500000e-005	
1999	7.500000e-005	
2000	5.000000e-005	
2001	7.500000e-005	
2002	7.500000e-005	
2003	5.000000e-005	
2004	0	
2005	0	
2006	0	
2007	0	
2008	0	
2009	0	
2010	0	
2011	0	
2012	0	
2013	0	
2014	0	
2015	0	
2016	0	
2017	0	
2018	0	
2019	0	
2020	0	
2021	0	
2022	0	
2023	0	
2024	0	
2025	0	
2026	0	
2027	0	
2028	0	
2029	0	
2030	2.500000e-005	
2031	0	
2032	0	
2033	0	
2034	0	
2035	0	
2036	0	
2037	0	
2038	0	
2039	0	
2040	0	
2041	0	
2042	0	
2043	0	
2044	0	
2045	0	
2046	0	
2047	0	
2048	0	
2049	0	
2050	0	
2051	0	
2052	0	
2053	0	
2054	0	
2055	0	
2056	0	
2057	0	
2058	0	
2059	0	
2060	0	
2061	0	
2062	0	
2063	0	
2064	0	
2065	0	
2066	0	
2067	0	
2068	0	
2069	0	
2070	0	
2071	0	
2072	0	
2073	0	
2074	0	
2075	0	
2076	0	
2077	0	
2078	0	
2079	0	
2080	0	
2081	0	
2082	0	
2083	0	
2084	0	
2085	0	
2086	0	
2087	0	
2088	0	
2089	0	
2090	0	
2091	0	
2092	0	
2093	0	
2094	0	
2095	0	
2096	0	
2097	0	
2098	0	
2099	0	
2100	0	
2101	0	
2102	0	
2103	0	
2104	0	
2105	0	
2106	0	
2107	0	
2108	0	
2109	0	
2110	0	
2111	0	
2112	0	
2113	0	
2114	0	
2115	0	
2116	0	
2117	2.500000e-005	
2118	0	
2119	0	
2120	0	
2121	0	
2122	0	
2123	0	
2124	0	
2125	0	
2126	0	
2127	0	
2128	0	
2129	0	
2130	0	
2131	0	
2132	0	
2133	0	
2134	0	
2135	0	
2136	0	
2137	0	
2138	0	
2139	0	
2140	0	
2141	0	
2142	0	
2143	0	
2144	0	
2145	0	
2146	0	
2147	0	
2148	0	
2149	0	
2150	0	
2151	0	
2152	0	
2153	0	
2154	0	
2155	0	
2156	0	
2157	0	
2158	0	
2159	0	
2160	0	
2161	0	
2162	0	
2163	0	
2164	0	
2165	0	
2166	0	
2167	0	
2168	0	
2169	0	
2170	0	
2171	0	
2172	0	
2173	0	
2174	0	
2175	0	
2176	0	
2177	0	
2178	0	
2179	0	
2180	0	
2181	0	
2182	0	
2183	0	
2184	0	
2185	0	
2186	0	
2187	0	
2188	0	
2189	0	
2190	0	
2191	0	
2192	0	
2193	0	
2194	0	
2195	0	
2196	0	
2197	0	
2198	0	
2199	0	
2200	0	
2201	0	
2202	0	
2203	0	
2204	0	
2205	0	
2206	0	
2207	0	
2208	0	
2209	0	
2210	0	
2211	0	
2212	0	
2213	0	
2214	0	
2215	0	
2216	0	
2217	0	
2218	0	
2219	0	
2220	0	
2221	0	
2222	0	
2223	0	
2224	0	
2225	0	
2226	0	
2227	0	
2228	0	
2229	0	
2230	0	
2231	0	
2232	0	
2233	0	
2234	0	
2235	0	
2236	0	
2237	0	
2238	0	
2239	0	
2240	0	
2241	0	
2242	0	
2243	0	
2244	0	
2245	2.500000e-005	
2246	5.000000e-005	
2247	5.000000e-005	
2248	7.500000e-005	
2249	0	
2250	5.000000e-005	
2251	5.000000e-005	
2252	7.500000e-005	
2253	1.000000e-004	
2254	1.250000e-004	
2255	2.000000e-004	
2256	1.750000e-004	
2257	1.750000e-004	
2258	1.500000e-004	
2259	1.500000e-004	
2260	1.250000e-004	
2261	1.750000e-004	
2262	2.000000e-004	
2263	2.500000e-004	
2264	2.500000e-004	
2265	3.000000e-004	
2266	3.250000e-004	
2267	3.750000e-004	
2268	3.750000e-004	
2269	5.000000e-004	
2270	8.000000e-004	
2271	6.250000e-004	
2272	6.500000e-004	
2273	5.250000e-004	
2274	7.000000e-004	
2275	6.000000e-004	
2276	5.250000e-004	
2277	4.250000e-004	
2278	4.250000e-004	
2279	4.750000e-004	
2280	7.000000e-004	
2281	7.750000e-004	
2282	5.750000e-004	
2283	6.750000e-004	
2284	7.000000e-004	
2285	6.750000e-004	
2286	7.250000e-004	
2287	6.000000e-004	
2288	4.750000e-004	
2289	4.500000e-004	
2290	4.000000e-004	
2291	4.000000e-004	
2292	4.000000e-004	
2293	4.750000e-004	
2294	5.000000e-004	
2295	6.750000e-004	
2296	5.750000e-004	
2297	6.000000e-004	
2298	7.250000e-004	
2299	7.500000e-004	
2300	5.750000e-004	
2301	6.500000e-004	
2302	8.250000e-004	
2303	8.000000e-004	
2304	8.500000e-004	
2305	9.000000e-004	
2306	9.000000e-004	
2307	8.500000e-004	
2308	8.750000e-004	
2309	9.750000e-004	
2310	9.750000e-004	
2311	9.500000e-004	
2312	9.000000e-004	
2313	8.500000e-004	
2314	9.000000e-004	
2315	1.075000e-003	
2316	1.050000e-003	
2317	9.250000e-004	
2318	1.000000e-003	
2319	1.125000e-003	
2320	1.050000e-003	
2321	1.075000e-003	
2322	1.075000e-003	
2323	1.025000e-003	
2324	1.125000e-003	
2325	1.025000e-003	
2326	9.250000e-004	
2327	8.250000e-004	
2328	8.250000e-004	
2329	6.250000e-004	
2330	8.750000e-004	
2331	1.075000e-003	
2332	1.250000e-003	
2333	9.750000e-004	
2334	1.100000e-003	
2335	9.000000e-004	
2336	7.500000e-004	
2337	1.000000e-003	
2338	1.050000e-003	
2339	9.500000e-004	
2340	8.750000e-004	
2341	8.000000e-004	
2342	9.000000e-004	
2343	8.500000e-004	
2344	9.250000e-004	
2345	8.750000e-004	
2346	8.500000e-004	
2347	9.750000e-004	
2348	1.025000e-003	
2349	9.000000e-004	
2350	8.500000e-004	
2351	8.750000e-004	
2352	8.250000e-004	
2353	7.500000e-004	
2354	7.500000e-004	
2355	6.500000e-004	
2356	5.500000e-004	
2357	6.000000e-004	
2358	5.000000e-004	
2359	4.750000e-004	
2360	5.000000e-004	
2361	3.250000e-004	
2362	3.250000e-004	
2363	3.250000e-004	
2364	2.000000e-004	
2365	1.750000e-004	
2366	1.750000e-004	
2367	1.750000e-004	
2368	1.500000e-004	
2369	7.500000e-005	
2370	5.000000e-005	
2371	5.000000e-005	
2372	1.000000e-004	
2373	7.500000e-005	
2374	7.500000e-005	
2375	1.250000e-004	
2376	1.500000e-004	
2377	1.750000e-004	
2378	2.000000e-004	
2379	1.750000e-004	
2380	1.500000e-004	
2381	1.500000e-004	
2382	7.500000e-005	
2383	5.000000e-005	
2384	5.000000e-005	
2385	2.500000e-005	
2386	2.500000e-005	
2387	2.500000e-005	
2388	0	
2389	0	
2390	0	
2391	0	
2392	0	
2393	0	
2394	0	
2395	0	
2396	0	
2397	0	
2398	0	
2399	2.500000e-005	
2400	0	
2401	0	
2402	0	
2403	0	
2404	0	
2405	0	
2406	0	
2407	0	
2408	0	
2409	0	
2410	0	
2411	0	
2412	0	
2413	0	
2414	0	
2415	0	
2416	0	
2417	0	
2418	0	
2419	0	
2420	0	
2421	0	
2422	0	
2423	0	
2424	0	
2425	0	
2426	0	
2427	0	
2428	0	
2429	0	
2430	0	
2431	0	
2432	0	
2433	0	
2434	0	
2435	0	
2436	0	
2437	0	
2438	0	
2439	0	
2440	0	
2441	0	
2442	0	
2443	0	
2444	0	
2445	0	
2446	0	
2447	2.500000e-005	
2448	0	
2449	0	
2450	0	
2451	0	
2452	0	
2453	0	
2454	0	
2455	0	
2456	0	
2457	0	
2458	0	
2459	0	
2460	0	
2461	0	
2462	0	
2463	0	
2464	0	
2465	0	
2466	0	
2467	0	
2468	0	
2469	0	
2470	0	
2471	0	
2472	0	
2473	0	
2474	0	
2475	0	
2476	0	
2477	0	
2478	0	
2479	0	
2480	0	
2481	0	
2482	0	
2483	0	
2484	0	
2485	0	
2486	0	
2487	0	
2488	0	
2489	0	
2490	0	
2491	0	
2492	0	
2493	0	
2494	0	
2495	0	
2496	0	
2497	0	
2498	0	
2499	0	
2500	0	
2501	0	
2502	0	
2503	0	
2504	0	
2505	0	
2506	0	
2507	0	
2508	0	
2509	0	
2510	0	
2511	0	
2512	0	
2513	0	
2514	0	
2515	0	
2516	0	
2517	0	
2518	0	
2519	0	
2520	0	
2521	0	
2522	0	
2523	0	
2524	0	
2525	0	
2526	0	
2527	0	
2528	0	
2529	0	
2530	0	
2531	0	
2532	0	
2533	0	
2534	0	
2535	0	
2536	0	
2537	2.500000e-005	
2538	1.000000e-004	
2539	1.500000e-004	
2540	2.250000e-004	
2541	1.750000e-004	
2542	2.500000e-005	
2543	2.500000e-005	
2544	5.000000e-005	
2545	5.000000e-005	
2546	1.250000e-004	
2547	1.750000e-004	
2548	1.250000e-004	
2549	2.000000e-004	
2550	2.750000e-004	
2551	2.500000e-004	
2552	3.500000e-004	
2553	3.000000e-004	
2554	3.750000e-004	
2555	4.750000e-004	
2556	5.000000e-004	
2557	5.500000e-004	
2558	6.250000e-004	
2559	6.000000e-004	
2560	6.500000e-004	
2561	8.750000e-004	
2562	6.500000e-004	
2563	7.000000e-004	
2564	7.750000e-004	
2565	6.750000e-004	
2566	6.750000e-004	
2567	8.750000e-004	
2568	9.500000e-004	
2569	1.125000e-003	
2570	1.225000e-003	
2571	1.050000e-003	
2572	1.075000e-003	
2573	1.050000e-003	
2574	1.425000e-003	
2575	1.100000e-003	
2576	9.750000e-004	
2577	8.250000e-004	
2578	8.500000e-004	
2579	8.500000e-004	
2580	1.125000e-003	
2581	9.750000e-004	
2582	1.100000e-003	
2583	1.150000e-003	
2584	1.125000e-003	
2585	8.750000e-004	
2586	8.250000e-004	
2587	8.000000e-004	
2588	1.025000e-003	
2589	8.750000e-004	
2590	7.500000e-004	
2591	5.750000e-004	
2592	7.250000e-004	
2593	7.500000e-004	
2594	6.000000e-004	
2595	5.250000e-004	
2596	3.500000e-004	
2597	4.250000e-004	
2598	4.250000e-004	
2599	4.000000e-004	
2600	5.000000e-004	
2601	3.750000e-004	
2602	2.000000e-004	
2603	2.500000e-004	
2604	1.750000e-004	
2605	5.000000e-005	
2606	2.500000e-005	
2607	2.500000e-005	
2608	5.000000e-005	
2609	1.000000e-004	
2610	1.250000e-004	
2611	1.750000e-004	
2612	1.750000e-004	
2613	3.500000e-004	
2614	3.500000e-004	
2615	2.750000e-004	
2616	2.750000e-004	
2617	2.250000e-004	
2618	1.750000e-004	
2619	2.000000e-004	
2620	2.750000e-004	
2621	3.250000e-004	
2622	3.500000e-004	
2623	4.250000e-004	
2624	3.750000e-004	
2625	3.000000e-004	
2626	2.750000e-004	
2627	2.750000e-004	
2628	2.250000e-004	
2629	2.750000e-004	
2630	1.750000e-004	
2631	2.000000e-004	
2632	2.000000e-004	
2633	2.000000e-004	
2634	2.000000e-004	
2635	1.750000e-004	
2636	2.000000e-004	
2637	1.000000e-004	
2638	1.000000e-004	
2639	2.500000e-005	
2640	0	
2641	0	
2642	0	
2643	0	
2644	0	
2645	0	
2646	0	
2647	0	
2648	0	
2649	0	
2650	0	
2651	0	
2652	0	
2653	0	
2654	0	
2655	0	
2656	0	
2657	0	
2658	0	
2659	0	
2660	0	
2661	0	
2662	0	
2663	0	
2664	0	
2665	0	
2666	0	
2667	0	
2668	0	
2669	0	
2670	0	
2671	0	
2672	0	
2673	0	
2674	0	
2675	0	
2676	0	
2677	0	
2678	0	
2679	0	
2680	0	
2681	0	
2682	2.500000e-005	
2683	5.000000e-005	
2684	2.500000e-005	
2685	5.000000e-005	
2686	7.500000e-005	
2687	5.000000e-005	
2688	5.000000e-005	
2689	2.500000e-005	
2690	5.000000e-005	
2691	5.000000e-005	
2692	5.000000e-005	
2693	5.000000e-005	
2694	2.500000e-005	
2695	7.500000e-005	
2696	5.000000e-005	
2697	7.500000e-005	
2698	1.000000e-004	
2699	1.750000e-004	
2700	7.500000e-005	
2701	5.000000e-005	
2702	7.500000e-005	
2703	5.000000e-005	
2704	7.500000e-005	
2705	0	
2706	0	
2707	0	
2708	0	
2709	0	
2710	0	
2711	0	
2712	0	
2713	0	
2714	0	
2715	0	
2716	0	
2717	0	
2718	0	
2719	0	
2720	0	
2721	0	
2722	0	
2723	0	
2724	0	
2725	0	
2726	0	
2727	0	
2728	0	
2729	0	
2730	0	
2731	0	
2732	0	
2733	0	
2734	0	
2735	0	
2736	0	
2737	0	
2738	0	
2739	0	
2740	0	
2741	0	
2742	0	
2743	7.500000e-005	
2744	5.000000e-005	
2745	2.500000e-005	
2746	0	
2747	2.500000e-005	
2748	2.500000e-005	
2749	5.000000e-005	
2750	0	
2751	0	
2752	0	
2753	0	
2754	0	
2755	0	
2756	0	
2757	0	
2758	0	
2759	0	
2760	0	
2761	0	
2762	0	
2763	0	
2764	0	
2765	0	
2766	2.500000e-005	
2767	5.000000e-005	
2768	5.000000e-005	
2769	7.500000e-005	
2770	1.000000e-004	
2771	1.500000e-004	
2772	2.000000e-004	
2773	1.500000e-004	
2774	1.000000e-004	
2775	1.750000e-004	
2776	2.500000e-004	
2777	3.250000e-004	
2778	3.250000e-004	
2779	2.750000e-004	
2780	2.000000e-004	
2781	2.000000e-004	
2782	2.750000e-004	
2783	3.000000e-004	
2784	2.500000e-004	
2785	2.250000e-004	
2786	2.250000e-004	
2787	3.000000e-004	
2788	3.500000e-004	
2789	4.250000e-004	
2790	4.000000e-004	
2791	3.000000e-004	
2792	3.500000e-004	
2793	2.750000e-004	
2794	3.000000e-004	
2795	3.500000e-004	
2796	2.750000e-004	
2797	3.250000e-004	
2798	3.000000e-004	
2799	3.500000e-004	
2800	4.250000e-004	
2801	3.750000e-004	
2802	3.250000e-004	
2803	3.250000e-004	
2804	3.750000e-004	
2805	3.250000e-004	
2806	3.000000e-004	
2807	3.750000e-004	
2808	3.250000e-004	
2809	2.750000e-004	
2810	2.500000e-004	
2811	3.500000e-004	
2812	4.000000e-004	
2813	4.250000e-004	
2814	3.250000e-004	
2815	4.500000e-004	
2816	4.500000e-004	
2817	3.500000e-004	
2818	4.750000e-004	
2819	4.500000e-004	
2820	2.750000e-004	
2821	2.750000e-004	
2822	2.500000e-004	
2823	1.750000e-004	
2824	2.750000e-004	
2825	2.000000e-004	
2826	1.750000e-004	
2827	2.250000e-004	
2828	2.750000e-004	
2829	1.000000e-004	
2830	1.000000e-004	
2831	1.500000e-004	
2832	2.250000e-004	
2833	3.000000e-004	
2834	3.750000e-004	
2835	4.000000e-004	
2836	4.000000e-004	
2837	3.750000e-004	
2838	4.750000e-004	
2839	6.500000e-004	
2840	5.750000e-004	
2841	5.250000e-004	
2842	6.000000e-004	
2843	5.750000e-004	
2844	6.750000e-004	
2845	7.250000e-004	
2846	8.250000e-004	
2847	6.500000e-004	
2848	7.000000e-004	
2849	7.000000e-004	
2850	9.000000e-004	
2851	1.000000e-003	
2852	8.500000e-004	
2853	9.500000e-004	
2854	9.000000e-004	
2855	1.000000e-003	
2856	8.750000e-004	
2857	9.250000e-004	
2858	8.250000e-004	
2859	1.050000e-003	
2860	1.175000e-003	
2861	1.025000e-003	
2862	1.000000e-003	
2863	1.125000e-003	
2864	1.200000e-003	
2865	9.750000e-004	
2866	9.500000e-004	
2867	1.025000e-003	
2868	1.025000e-003	
2869	1.125000e-003	
2870	1.125000e-003	
2871	1.075000e-003	
2872	1.075000e-003	
2873	9.250000e-004	
2874	7.000000e-004	
2875	9.750000e-004	
2876	9.250000e-004	
2877	1.225000e-003	
2878	1.250000e-003	
2879	1.300000e-003	
2880	1.500000e-003	
2881	1.700000e-003	
2882	1.625000e-003	
2883	1.650000e-003	
2884	1.700000e-003	
2885	1.925000e-003	
2886	2.025000e-003	
2887	1.625000e-003	
2888	1.950000e-003	
2889	2.100000e-003	
2890	2.600000e-003	
2891	2.225000e-003	
2892	2.400000e-003	
2893	2.225000e-003	
2894	2.375000e-003	
2895	2.350000e-003	
2896	2.525000e-003	
2897	2.550000e-003	
2898	2.800000e-003	
2899	2.800000e-003	
2900	2.600000e-003	
2901	3.025000e-003	
2902	3.100000e-003	
2903	3.025000e-003	
2904	3.250000e-003	
2905	2.800000e-003	
2906	2.975000e-003	
2907	2.875000e-003	
2908	2.575000e-003	
2909	2.650000e-003	
2910	2.475000e-003	
2911	2.700000e-003	
2912	2.800000e-003	
2913	2.925000e-003	
2914	2.625000e-003	
2915	2.200000e-003	
2916	2.450000e-003	
2917	2.675000e-003	
2918	2.525000e-003	
2919	2.475000e-003	
2920	1.925000e-003	
2921	1.650000e-003	
2922	1.925000e-003	
2923	1.825000e-003	
2924	1.575000e-003	
2925	1.925000e-003	
2926	2.225000e-003	
2927	1.950000e-003	
2928	2.025000e-003	
2929	2.100000e-003	
2930	2.225000e-003	
2931	2.075000e-003	
2932	1.875000e-003	
2933	1.925000e-003	
2934	1.500000e-003	
2935	1.600000e-003	
2936	1.725000e-003	
2937	1.675000e-003	
2938	1.850000e-003	
2939	1.900000e-003	
2940	1.900000e-003	
2941	1.825000e-003	
2942	1.575000e-003	
2943	1.750000e-003	
2944	2.000000e-003	
2945	1.950000e-003	
2946	1.975000e-003	
2947	1.700000e-003	
2948	1.700000e-003	
2949	1.950000e-003	
2950	1.850000e-003	
2951	1.850000e-003	
2952	1.750000e-003	
2953	1.675000e-003	
2954	1.925000e-003	
2955	2.000000e-003	
2956	1.975000e-003	
2957	2.250000e-003	
2958	2.275000e-003	
2959	2.200000e-003	
2960	2.050000e-003	
2961	2.100000e-003	
2962	1.875000e-003	
2963	2.050000e-003	
2964	2.075000e-003	
2965	2.175000e-003	
2966	2.050000e-003	
2967	2.100000e-003	
2968	2.100000e-003	
2969	2.500000e-003	
2970	2.425000e-003	
2971	2.475000e-003	
2972	2.400000e-003	
2973	2.300000e-003	
2974	2.500000e-003	
2975	2.250000e-003	
2976	2.450000e-003	
2977	2.250000e-003	
2978	2.100000e-003	
2979	1.950000e-003	
2980	1.975000e-003	
2981	1.875000e-003	
2982	1.575000e-003	
2983	1.625000e-003	
2984	1.400000e-003	
2985	1.475000e-003	
2986	1.700000e-003	
2987	1.500000e-003	
2988	1.625000e-003	
2989	1.200000e-003	
2990	1.225000e-003	
2991	1.350000e-003	
2992	1.500000e-003	
2993	1.450000e-003	
2994	1.325000e-003	
2995	1.375000e-003	
2996	1.400000e-003	
2997	1.175000e-003	
2998	1.150000e-003	
2999	1.250000e-003	
3000	1.275000e-003	
3001	1.450000e-003	
