1	0	
2	0	
3	0	
4	0	
5	0	
6	0	
7	0	
8	0	
9	0	
10	0	
11	0	
12	0	
13	0	
14	0	
15	0	
16	0	
17	0	
18	0	
19	0	
20	0	
21	0	
22	0	
23	2.500000e-005	
24	2.500000e-005	
25	2.500000e-005	
26	2.500000e-005	
27	2.500000e-005	
28	2.500000e-005	
29	5.000000e-005	
30	5.000000e-005	
31	5.000000e-005	
32	5.000000e-005	
33	1.000000e-004	
34	5.000000e-005	
35	7.500000e-005	
36	7.500000e-005	
37	7.500000e-005	
38	1.000000e-004	
39	1.000000e-004	
40	7.500000e-005	
41	2.500000e-005	
42	2.500000e-005	
43	2.500000e-005	
44	2.500000e-005	
45	2.500000e-005	
46	2.500000e-005	
47	0	
48	0	
49	0	
50	0	
51	0	
52	0	
53	0	
54	0	
55	0	
56	0	
57	0	
58	0	
59	2.500000e-005	
60	2.500000e-005	
61	0	
62	0	
63	0	
64	0	
65	0	
66	0	
67	0	
68	0	
69	0	
70	0	
71	0	
72	0	
73	0	
74	0	
75	0	
76	0	
77	0	
78	0	
79	0	
80	0	
81	0	
82	0	
83	0	
84	0	
85	0	
86	0	
87	0	
88	0	
89	0	
90	0	
91	0	
92	0	
93	0	
94	0	
95	0	
96	0	
97	0	
98	0	
99	0	
100	0	
101	0	
102	0	
103	0	
104	0	
105	0	
106	0	
107	0	
108	0	
109	0	
110	0	
111	0	
112	0	
113	0	
114	0	
115	0	
116	0	
117	0	
118	0	
119	0	
120	0	
121	0	
122	0	
123	0	
124	0	
125	0	
126	0	
127	0	
128	0	
129	0	
130	0	
131	0	
132	0	
133	0	
134	0	
135	0	
136	0	
137	0	
138	0	
139	0	
140	2.500000e-005	
141	2.500000e-005	
142	5.000000e-005	
143	5.000000e-005	
144	5.000000e-005	
145	1.000000e-004	
146	1.000000e-004	
147	5.000000e-005	
148	2.500000e-005	
149	5.000000e-005	
150	1.000000e-004	
151	5.000000e-005	
152	2.500000e-005	
153	7.500000e-005	
154	5.000000e-005	
155	5.000000e-005	
156	5.000000e-005	
157	5.000000e-005	
158	5.000000e-005	
159	2.500000e-005	
160	0	
161	0	
162	0	
163	2.500000e-005	
164	0	
165	0	
166	0	
167	0	
168	0	
169	0	
170	0	
171	0	
172	0	
173	0	
174	0	
175	0	
176	0	
177	0	
178	0	
179	0	
180	0	
181	0	
182	0	
183	0	
184	0	
185	0	
186	0	
187	0	
188	0	
189	0	
190	0	
191	0	
192	0	
193	0	
194	0	
195	2.500000e-005	
196	0	
197	0	
198	0	
199	0	
200	0	
201	0	
202	0	
203	0	
204	0	
205	0	
206	0	
207	0	
208	0	
209	0	
210	0	
211	0	
212	0	
213	0	
214	0	
215	0	
216	0	
217	0	
218	0	
219	0	
220	0	
221	0	
222	0	
223	0	
224	0	
225	0	
226	0	
227	0	
228	0	
229	0	
230	0	
231	0	
232	0	
233	0	
234	0	
235	0	
236	0	
237	0	
238	0	
239	0	
240	0	
241	0	
242	0	
243	0	
244	0	
245	0	
246	0	
247	0	
248	0	
249	0	
250	0	
251	0	
252	0	
253	0	
254	0	
255	0	
256	0	
257	0	
258	0	
259	0	
260	0	
261	0	
262	0	
263	0	
264	0	
265	0	
266	0	
267	0	
268	0	
269	0	
270	0	
271	2.500000e-005	
272	0	
273	0	
274	0	
275	0	
276	0	
277	0	
278	0	
279	0	
280	0	
281	0	
282	0	
283	0	
284	0	
285	0	
286	0	
287	0	
288	0	
289	0	
290	0	
291	0	
292	0	
293	0	
294	0	
295	0	
296	0	
297	0	
298	0	
299	0	
300	0	
301	0	
302	2.500000e-005	
303	7.500000e-005	
304	5.000000e-005	
305	1.000000e-004	
306	1.250000e-004	
307	1.250000e-004	
308	1.500000e-004	
309	1.250000e-004	
310	1.750000e-004	
311	1.500000e-004	
312	1.000000e-004	
313	7.500000e-005	
314	5.000000e-005	
315	5.000000e-005	
316	5.000000e-005	
317	5.000000e-005	
318	5.000000e-005	
319	2.500000e-005	
320	2.500000e-005	
321	5.000000e-005	
322	5.000000e-005	
323	5.000000e-005	
324	2.500000e-005	
325	7.500000e-005	
326	2.500000e-005	
327	2.500000e-005	
328	5.000000e-005	
329	2.500000e-005	
330	2.500000e-005	
331	2.500000e-005	
332	2.500000e-005	
333	7.500000e-005	
334	5.000000e-005	
335	7.500000e-005	
336	5.000000e-005	
337	5.000000e-005	
338	7.500000e-005	
339	7.500000e-005	
340	1.000000e-004	
341	7.500000e-005	
342	5.000000e-005	
343	5.000000e-005	
344	7.500000e-005	
345	7.500000e-005	
346	1.250000e-004	
347	1.250000e-004	
348	1.250000e-004	
349	7.500000e-005	
350	7.500000e-005	
351	7.500000e-005	
352	7.500000e-005	
353	1.000000e-004	
354	7.500000e-005	
355	5.000000e-005	
356	7.500000e-005	
357	5.000000e-005	
358	1.250000e-004	
359	1.000000e-004	
360	7.500000e-005	
361	1.250000e-004	
362	1.000000e-004	
363	1.500000e-004	
364	1.000000e-004	
365	1.250000e-004	
366	1.250000e-004	
367	1.000000e-004	
368	1.000000e-004	
369	7.500000e-005	
370	1.000000e-004	
371	1.250000e-004	
372	1.500000e-004	
373	2.250000e-004	
374	1.750000e-004	
375	2.250000e-004	
376	7.500000e-005	
377	7.500000e-005	
378	7.500000e-005	
379	2.500000e-005	
380	2.500000e-005	
381	0	
382	0	
383	0	
384	0	
385	0	
386	0	
387	0	
388	0	
389	0	
390	0	
391	0	
392	0	
393	0	
394	0	
395	0	
396	0	
397	2.500000e-005	
398	5.000000e-005	
399	5.000000e-005	
400	7.500000e-005	
401	5.000000e-005	
402	2.500000e-005	
403	2.500000e-005	
404	5.000000e-005	
405	7.500000e-005	
406	5.000000e-005	
407	0	
408	0	
409	0	
410	0	
411	0	
412	0	
413	0	
414	0	
415	0	
416	0	
417	0	
418	0	
419	0	
420	2.500000e-005	
421	5.000000e-005	
422	5.000000e-005	
423	2.500000e-005	
424	0	
425	0	
426	0	
427	0	
428	2.500000e-005	
429	2.500000e-005	
430	5.000000e-005	
431	5.000000e-005	
432	7.500000e-005	
433	1.000000e-004	
434	1.750000e-004	
435	1.750000e-004	
436	1.000000e-004	
437	1.500000e-004	
438	1.500000e-004	
439	1.750000e-004	
440	1.750000e-004	
441	7.500000e-005	
442	7.500000e-005	
443	0	
444	0	
445	0	
446	0	
447	0	
448	0	
449	0	
450	0	
451	0	
452	0	
453	2.500000e-005	
454	7.500000e-005	
455	5.000000e-005	
456	5.000000e-005	
457	1.250000e-004	
458	1.500000e-004	
459	1.250000e-004	
460	1.250000e-004	
461	1.000000e-004	
462	1.000000e-004	
463	5.000000e-005	
464	5.000000e-005	
465	2.500000e-005	
466	0	
467	0	
468	0	
469	0	
470	0	
471	0	
472	0	
473	0	
474	2.500000e-005	
475	5.000000e-005	
476	5.000000e-005	
477	2.500000e-005	
478	0	
479	0	
480	0	
481	0	
482	0	
483	0	
484	0	
485	0	
486	0	
487	0	
488	0	
489	0	
490	0	
491	0	
492	0	
493	0	
494	0	
495	0	
496	0	
497	0	
498	0	
499	0	
500	0	
501	0	
502	0	
503	0	
504	0	
505	0	
506	0	
507	0	
508	0	
509	0	
510	0	
511	0	
512	0	
513	0	
514	0	
515	0	
516	0	
517	0	
518	0	
519	0	
520	0	
521	0	
522	0	
523	0	
524	0	
525	0	
526	0	
527	0	
528	0	
529	0	
530	0	
531	0	
532	0	
533	0	
534	0	
535	0	
536	0	
537	0	
538	0	
539	0	
540	0	
541	0	
542	0	
543	0	
544	0	
545	0	
546	0	
547	0	
548	0	
549	0	
550	0	
551	0	
552	0	
553	0	
554	0	
555	0	
556	0	
557	0	
558	0	
559	2.500000e-005	
560	7.500000e-005	
561	1.000000e-004	
562	1.250000e-004	
563	2.500000e-005	
564	2.500000e-005	
565	2.500000e-005	
566	7.500000e-005	
567	7.500000e-005	
568	2.500000e-005	
569	2.500000e-005	
570	5.000000e-005	
571	5.000000e-005	
572	7.500000e-005	
573	7.500000e-005	
574	7.500000e-005	
575	5.000000e-005	
576	5.000000e-005	
577	5.000000e-005	
578	2.500000e-005	
579	5.000000e-005	
580	7.500000e-005	
581	5.000000e-005	
582	2.500000e-005	
583	2.500000e-005	
584	7.500000e-005	
585	7.500000e-005	
586	7.500000e-005	
587	1.000000e-004	
588	1.000000e-004	
589	1.250000e-004	
590	1.250000e-004	
591	1.000000e-004	
592	1.250000e-004	
593	7.500000e-005	
594	2.500000e-005	
595	2.500000e-005	
596	0	
597	0	
598	0	
599	0	
600	0	
601	0	
602	0	
603	0	
604	0	
605	0	
606	0	
607	0	
608	0	
609	0	
610	0	
611	0	
612	0	
613	0	
614	0	
615	0	
616	0	
617	0	
618	0	
619	0	
620	0	
621	0	
622	0	
623	0	
624	0	
625	0	
626	0	
627	0	
628	0	
629	0	
630	0	
631	0	
632	0	
633	0	
634	2.500000e-005	
635	1.000000e-004	
636	7.500000e-005	
637	2.500000e-005	
638	2.500000e-005	
639	2.500000e-005	
640	5.000000e-005	
641	0	
642	0	
643	0	
644	0	
645	0	
646	0	
647	0	
648	0	
649	0	
650	0	
651	0	
652	0	
653	0	
654	0	
655	0	
656	0	
657	0	
658	0	
659	0	
660	0	
661	0	
662	0	
663	0	
664	0	
665	0	
666	0	
667	0	
668	0	
669	0	
670	0	
671	0	
672	0	
673	0	
674	0	
675	0	
676	0	
677	0	
678	0	
679	0	
680	0	
681	0	
682	0	
683	0	
684	0	
685	0	
686	0	
687	0	
688	0	
689	0	
690	0	
691	2.500000e-005	
692	7.500000e-005	
693	5.000000e-005	
694	2.500000e-005	
695	2.500000e-005	
696	2.500000e-005	
697	5.000000e-005	
698	1.500000e-004	
699	2.250000e-004	
700	3.000000e-004	
701	2.750000e-004	
702	2.500000e-004	
703	3.000000e-004	
704	3.250000e-004	
705	3.000000e-004	
706	4.000000e-004	
707	4.000000e-004	
708	2.500000e-004	
709	1.750000e-004	
710	2.500000e-004	
711	1.000000e-004	
712	1.250000e-004	
713	1.750000e-004	
714	2.250000e-004	
715	3.250000e-004	
716	2.250000e-004	
717	2.250000e-004	
718	1.750000e-004	
719	0	
720	0	
721	0	
722	2.500000e-005	
723	2.500000e-005	
724	2.500000e-005	
725	5.000000e-005	
726	2.500000e-005	
727	5.000000e-005	
728	7.500000e-005	
729	1.250000e-004	
730	2.000000e-004	
731	1.000000e-004	
732	1.750000e-004	
733	2.000000e-004	
734	2.500000e-004	
735	2.250000e-004	
736	2.750000e-004	
737	3.250000e-004	
738	3.750000e-004	
739	3.000000e-004	
740	3.250000e-004	
741	4.250000e-004	
742	4.250000e-004	
743	4.500000e-004	
744	4.250000e-004	
745	3.500000e-004	
746	4.250000e-004	
747	4.000000e-004	
748	4.750000e-004	
749	5.500000e-004	
750	5.750000e-004	
751	4.500000e-004	
752	4.750000e-004	
753	4.750000e-004	
754	3.250000e-004	
755	1.750000e-004	
756	1.750000e-004	
757	1.750000e-004	
758	3.250000e-004	
759	2.750000e-004	
760	3.500000e-004	
761	4.000000e-004	
762	4.500000e-004	
763	4.500000e-004	
764	3.750000e-004	
765	2.750000e-004	
766	2.750000e-004	
767	2.750000e-004	
768	2.750000e-004	
769	2.000000e-004	
770	2.250000e-004	
771	1.500000e-004	
772	1.500000e-004	
773	1.750000e-004	
774	1.750000e-004	
775	1.500000e-004	
776	1.750000e-004	
777	1.250000e-004	
778	5.000000e-005	
779	7.500000e-005	
780	1.250000e-004	
781	1.000000e-004	
782	1.000000e-004	
783	1.000000e-004	
784	1.250000e-004	
785	1.250000e-004	
786	1.250000e-004	
787	1.250000e-004	
788	7.500000e-005	
789	2.500000e-005	
790	2.500000e-005	
791	2.500000e-005	
792	0	
793	0	
794	0	
795	0	
796	2.500000e-005	
797	2.500000e-005	
798	2.500000e-005	
799	1.000000e-004	
800	5.000000e-005	
801	5.000000e-005	
802	7.500000e-005	
803	1.000000e-004	
804	5.000000e-005	
805	5.000000e-005	
806	5.000000e-005	
807	2.500000e-005	
808	5.000000e-005	
809	5.000000e-005	
810	2.500000e-005	
811	7.500000e-005	
812	7.500000e-005	
813	7.500000e-005	
814	1.000000e-004	
815	7.500000e-005	
816	7.500000e-005	
817	7.500000e-005	
818	7.500000e-005	
819	1.250000e-004	
820	1.000000e-004	
821	1.250000e-004	
822	5.000000e-005	
823	1.500000e-004	
824	2.250000e-004	
825	3.250000e-004	
826	3.250000e-004	
827	1.500000e-004	
828	1.000000e-004	
829	2.500000e-005	
830	0	
831	0	
832	0	
833	7.500000e-005	
834	5.000000e-005	
835	2.500000e-005	
836	2.500000e-005	
837	0	
838	0	
839	0	
840	0	
841	0	
842	0	
843	0	
844	0	
845	0	
846	0	
847	0	
848	0	
849	0	
850	0	
851	0	
852	0	
853	0	
854	0	
855	0	
856	0	
857	0	
858	0	
859	0	
860	0	
861	0	
862	0	
863	0	
864	0	
865	0	
866	0	
867	0	
868	0	
869	0	
870	0	
871	0	
872	0	
873	0	
874	0	
875	0	
876	0	
877	0	
878	0	
879	0	
880	0	
881	0	
882	0	
883	0	
884	0	
885	0	
886	0	
887	0	
888	0	
889	0	
890	0	
891	0	
892	0	
893	0	
894	0	
895	0	
896	0	
897	0	
898	0	
899	0	
900	0	
901	0	
902	0	
903	0	
904	0	
905	0	
906	0	
907	0	
908	0	
909	0	
910	2.500000e-005	
911	5.000000e-005	
912	1.000000e-004	
913	1.500000e-004	
914	1.250000e-004	
915	1.000000e-004	
916	1.000000e-004	
917	5.000000e-005	
918	7.500000e-005	
919	1.000000e-004	
920	1.500000e-004	
921	2.250000e-004	
922	2.250000e-004	
923	3.000000e-004	
924	3.000000e-004	
925	3.750000e-004	
926	3.250000e-004	
927	2.250000e-004	
928	2.000000e-004	
929	2.500000e-004	
930	2.750000e-004	
931	3.500000e-004	
932	3.250000e-004	
933	4.250000e-004	
934	3.000000e-004	
935	3.000000e-004	
936	2.750000e-004	
937	3.250000e-004	
938	2.500000e-004	
939	2.750000e-004	
940	3.250000e-004	
941	4.000000e-004	
942	2.750000e-004	
943	2.000000e-004	
944	2.500000e-004	
945	3.500000e-004	
946	3.000000e-004	
947	3.000000e-004	
948	3.500000e-004	
949	3.750000e-004	
950	3.750000e-004	
951	3.000000e-004	
952	3.750000e-004	
953	3.000000e-004	
954	3.500000e-004	
955	2.750000e-004	
956	3.250000e-004	
957	3.000000e-004	
958	3.000000e-004	
959	3.500000e-004	
960	3.250000e-004	
961	2.750000e-004	
962	2.250000e-004	
963	4.250000e-004	
964	3.500000e-004	
965	3.000000e-004	
966	2.500000e-004	
967	3.750000e-004	
968	3.750000e-004	
969	2.250000e-004	
970	2.500000e-004	
971	2.250000e-004	
972	2.250000e-004	
973	3.250000e-004	
974	3.500000e-004	
975	4.750000e-004	
976	4.250000e-004	
977	3.500000e-004	
978	4.000000e-004	
979	4.500000e-004	
980	4.500000e-004	
981	3.250000e-004	
982	3.500000e-004	
983	3.000000e-004	
984	3.750000e-004	
985	6.000000e-004	
986	5.250000e-004	
987	5.250000e-004	
988	5.500000e-004	
989	5.000000e-004	
990	5.500000e-004	
991	5.500000e-004	
992	5.000000e-004	
993	3.500000e-004	
994	3.500000e-004	
995	5.500000e-004	
996	6.750000e-004	
997	7.250000e-004	
998	7.000000e-004	
999	8.000000e-004	
1000	8.000000e-004	
1001	7.000000e-004	
1002	8.000000e-004	
1003	6.500000e-004	
1004	7.750000e-004	
1005	9.000000e-004	
1006	9.500000e-004	
1007	9.500000e-004	
1008	1.125000e-003	
1009	9.500000e-004	
1010	1.050000e-003	
1011	1.300000e-003	
1012	1.400000e-003	
1013	1.200000e-003	
1014	1.125000e-003	
1015	1.425000e-003	
1016	1.525000e-003	
1017	1.250000e-003	
1018	1.150000e-003	
1019	1.350000e-003	
1020	1.200000e-003	
1021	1.325000e-003	
1022	1.500000e-003	
1023	1.450000e-003	
1024	1.675000e-003	
1025	1.725000e-003	
1026	1.525000e-003	
1027	1.625000e-003	
1028	1.625000e-003	
1029	1.900000e-003	
1030	1.900000e-003	
1031	2.000000e-003	
1032	1.925000e-003	
1033	1.850000e-003	
1034	1.825000e-003	
1035	1.800000e-003	
1036	1.950000e-003	
1037	1.925000e-003	
1038	1.825000e-003	
1039	2.025000e-003	
1040	1.850000e-003	
1041	1.650000e-003	
1042	1.950000e-003	
1043	2.375000e-003	
1044	2.375000e-003	
1045	2.125000e-003	
1046	2.150000e-003	
1047	2.350000e-003	
1048	2.325000e-003	
1049	2.350000e-003	
1050	2.725000e-003	
1051	2.600000e-003	
1052	2.825000e-003	
1053	2.650000e-003	
1054	2.625000e-003	
1055	2.700000e-003	
1056	2.525000e-003	
1057	2.475000e-003	
1058	2.575000e-003	
1059	2.550000e-003	
1060	2.425000e-003	
1061	2.050000e-003	
1062	2.275000e-003	
1063	2.275000e-003	
1064	2.475000e-003	
1065	2.500000e-003	
1066	2.400000e-003	
1067	2.275000e-003	
1068	2.400000e-003	
1069	2.675000e-003	
1070	2.750000e-003	
1071	2.725000e-003	
1072	2.800000e-003	
1073	2.650000e-003	
1074	2.525000e-003	
1075	2.725000e-003	
1076	2.575000e-003	
1077	2.700000e-003	
1078	2.450000e-003	
1079	2.500000e-003	
1080	2.500000e-003	
1081	2.500000e-003	
1082	2.425000e-003	
1083	2.650000e-003	
1084	2.450000e-003	
1085	2.575000e-003	
1086	2.250000e-003	
1087	2.175000e-003	
1088	2.425000e-003	
1089	2.200000e-003	
1090	2.075000e-003	
1091	2.100000e-003	
1092	2.075000e-003	
1093	2.375000e-003	
1094	2.225000e-003	
1095	2.325000e-003	
1096	2.450000e-003	
1097	2.325000e-003	
1098	2.125000e-003	
1099	2.050000e-003	
1100	2.150000e-003	
1101	1.825000e-003	
1102	1.850000e-003	
1103	2.225000e-003	
1104	2.050000e-003	
1105	2.275000e-003	
1106	2.300000e-003	
1107	2.350000e-003	
1108	2.525000e-003	
1109	2.650000e-003	
1110	2.675000e-003	
1111	3.025000e-003	
1112	2.900000e-003	
1113	2.900000e-003	
1114	2.850000e-003	
1115	3.275000e-003	
1116	3.125000e-003	
1117	3.000000e-003	
1118	2.900000e-003	
1119	3.125000e-003	
1120	3.300000e-003	
1121	3.450000e-003	
1122	3.475000e-003	
1123	3.200000e-003	
1124	3.375000e-003	
1125	3.100000e-003	
1126	3.225000e-003	
1127	3.375000e-003	
1128	3.550000e-003	
1129	3.800000e-003	
1130	3.850000e-003	
1131	3.500000e-003	
1132	3.550000e-003	
1133	3.725000e-003	
1134	3.675000e-003	
1135	3.600000e-003	
1136	3.175000e-003	
1137	3.100000e-003	
1138	2.875000e-003	
1139	2.775000e-003	
1140	2.950000e-003	
1141	3.100000e-003	
1142	3.175000e-003	
1143	3.025000e-003	
1144	2.675000e-003	
1145	2.750000e-003	
1146	2.825000e-003	
1147	3.200000e-003	
1148	2.925000e-003	
1149	2.950000e-003	
1150	2.525000e-003	
1151	2.600000e-003	
1152	2.425000e-003	
1153	2.400000e-003	
1154	2.400000e-003	
1155	2.625000e-003	
1156	2.250000e-003	
1157	2.200000e-003	
1158	2.350000e-003	
1159	2.225000e-003	
1160	2.400000e-003	
1161	2.700000e-003	
1162	2.475000e-003	
1163	2.300000e-003	
1164	2.700000e-003	
1165	2.575000e-003	
1166	2.300000e-003	
1167	1.925000e-003	
1168	1.600000e-003	
1169	1.500000e-003	
1170	1.425000e-003	
1171	1.275000e-003	
1172	1.375000e-003	
1173	1.650000e-003	
1174	1.800000e-003	
1175	1.525000e-003	
1176	1.475000e-003	
1177	1.225000e-003	
1178	1.150000e-003	
1179	1.275000e-003	
1180	1.250000e-003	
1181	1.300000e-003	
1182	1.075000e-003	
1183	1.000000e-003	
1184	8.250000e-004	
1185	9.000000e-004	
1186	8.250000e-004	
1187	8.500000e-004	
1188	7.750000e-004	
1189	7.500000e-004	
1190	8.000000e-004	
1191	8.750000e-004	
1192	9.750000e-004	
1193	9.250000e-004	
1194	9.500000e-004	
1195	9.750000e-004	
1196	1.175000e-003	
1197	1.225000e-003	
1198	1.375000e-003	
1199	1.275000e-003	
1200	1.225000e-003	
1201	1.275000e-003	
1202	1.400000e-003	
1203	1.400000e-003	
1204	1.450000e-003	
1205	1.150000e-003	
1206	1.100000e-003	
1207	9.250000e-004	
1208	1.050000e-003	
1209	8.500000e-004	
1210	7.000000e-004	
1211	6.250000e-004	
1212	6.000000e-004	
1213	5.750000e-004	
1214	4.750000e-004	
1215	4.500000e-004	
1216	3.250000e-004	
1217	3.750000e-004	
1218	4.250000e-004	
1219	4.000000e-004	
1220	5.000000e-004	
1221	5.250000e-004	
1222	4.250000e-004	
1223	3.750000e-004	
1224	3.250000e-004	
1225	3.750000e-004	
1226	2.750000e-004	
1227	2.000000e-004	
1228	2.000000e-004	
1229	3.250000e-004	
1230	2.000000e-004	
1231	2.500000e-004	
1232	3.250000e-004	
1233	3.250000e-004	
1234	3.500000e-004	
1235	3.750000e-004	
1236	3.000000e-004	
1237	4.250000e-004	
1238	4.500000e-004	
1239	4.500000e-004	
1240	4.500000e-004	
1241	4.250000e-004	
1242	3.750000e-004	
1243	3.000000e-004	
1244	3.000000e-004	
1245	4.000000e-004	
1246	4.250000e-004	
1247	5.000000e-004	
1248	5.250000e-004	
1249	6.000000e-004	
1250	5.000000e-004	
1251	5.000000e-004	
1252	5.500000e-004	
1253	5.250000e-004	
1254	6.750000e-004	
1255	7.750000e-004	
1256	7.250000e-004	
1257	6.000000e-004	
1258	5.250000e-004	
1259	4.500000e-004	
1260	6.000000e-004	
1261	5.750000e-004	
1262	5.750000e-004	
1263	5.000000e-004	
1264	6.250000e-004	
1265	7.500000e-004	
1266	7.250000e-004	
1267	8.250000e-004	
1268	8.000000e-004	
1269	8.250000e-004	
1270	7.000000e-004	
1271	6.000000e-004	
1272	5.250000e-004	
1273	5.000000e-004	
1274	5.250000e-004	
1275	6.000000e-004	
1276	6.250000e-004	
1277	6.500000e-004	
1278	5.000000e-004	
1279	4.500000e-004	
1280	5.250000e-004	
1281	6.000000e-004	
1282	5.250000e-004	
1283	4.500000e-004	
1284	5.250000e-004	
1285	7.000000e-004	
1286	7.500000e-004	
1287	6.250000e-004	
1288	6.750000e-004	
1289	5.000000e-004	
1290	3.000000e-004	
1291	3.250000e-004	
1292	4.500000e-004	
1293	4.500000e-004	
1294	4.500000e-004	
1295	6.000000e-004	
1296	6.250000e-004	
1297	7.000000e-004	
1298	5.500000e-004	
1299	5.500000e-004	
1300	6.000000e-004	
1301	6.000000e-004	
1302	5.000000e-004	
1303	5.500000e-004	
1304	5.000000e-004	
1305	5.250000e-004	
1306	4.750000e-004	
1307	5.250000e-004	
1308	5.000000e-004	
1309	6.000000e-004	
1310	5.750000e-004	
1311	6.250000e-004	
1312	4.750000e-004	
1313	5.000000e-004	
1314	6.000000e-004	
1315	4.750000e-004	
1316	4.500000e-004	
1317	6.000000e-004	
1318	5.250000e-004	
1319	4.500000e-004	
1320	4.500000e-004	
1321	5.000000e-004	
1322	4.000000e-004	
1323	5.000000e-004	
1324	4.750000e-004	
1325	5.250000e-004	
1326	4.000000e-004	
1327	3.250000e-004	
1328	3.000000e-004	
1329	2.000000e-004	
1330	2.750000e-004	
1331	3.250000e-004	
1332	3.750000e-004	
1333	2.750000e-004	
1334	2.250000e-004	
1335	7.500000e-005	
1336	7.500000e-005	
1337	5.000000e-005	
1338	5.000000e-005	
1339	7.500000e-005	
1340	2.500000e-005	
1341	0	
1342	0	
1343	0	
1344	0	
1345	0	
1346	0	
1347	0	
1348	0	
1349	0	
1350	0	
1351	0	
1352	0	
1353	0	
1354	0	
1355	0	
1356	0	
1357	0	
1358	0	
1359	0	
1360	0	
1361	0	
1362	0	
1363	0	
1364	0	
1365	0	
1366	0	
1367	0	
1368	0	
1369	0	
1370	0	
1371	0	
1372	0	
1373	0	
1374	0	
1375	0	
1376	0	
1377	0	
1378	0	
1379	0	
1380	0	
1381	0	
1382	0	
1383	0	
1384	0	
1385	0	
1386	0	
1387	0	
1388	0	
1389	0	
1390	0	
1391	0	
1392	0	
1393	0	
1394	0	
1395	0	
1396	0	
1397	0	
1398	0	
1399	0	
1400	0	
1401	0	
1402	0	
1403	0	
1404	0	
1405	0	
1406	0	
1407	0	
1408	0	
1409	0	
1410	0	
1411	0	
1412	0	
1413	2.500000e-005	
1414	7.500000e-005	
1415	1.500000e-004	
1416	2.000000e-004	
1417	3.250000e-004	
1418	2.500000e-004	
1419	2.750000e-004	
1420	2.500000e-004	
1421	2.750000e-004	
1422	3.250000e-004	
1423	3.250000e-004	
1424	2.750000e-004	
1425	1.750000e-004	
1426	2.250000e-004	
1427	2.250000e-004	
1428	1.750000e-004	
1429	1.750000e-004	
1430	1.250000e-004	
1431	1.250000e-004	
1432	2.000000e-004	
1433	1.750000e-004	
1434	2.000000e-004	
1435	1.750000e-004	
1436	1.500000e-004	
1437	7.500000e-005	
1438	7.500000e-005	
1439	7.500000e-005	
1440	7.500000e-005	
1441	5.000000e-005	
1442	7.500000e-005	
1443	5.000000e-005	
1444	5.000000e-005	
1445	1.250000e-004	
1446	2.000000e-004	
1447	1.750000e-004	
1448	5.000000e-005	
1449	0	
1450	0	
1451	0	
1452	0	
1453	0	
1454	0	
1455	0	
1456	0	
1457	0	
1458	0	
1459	0	
1460	0	
1461	0	
1462	0	
1463	0	
1464	0	
1465	0	
1466	0	
1467	0	
1468	0	
1469	0	
1470	0	
1471	0	
1472	0	
1473	0	
1474	0	
1475	0	
1476	0	
1477	0	
1478	0	
1479	0	
1480	0	
1481	0	
1482	0	
1483	0	
1484	0	
1485	0	
1486	0	
1487	0	
1488	0	
1489	0	
1490	0	
1491	0	
1492	0	
1493	0	
1494	0	
1495	0	
1496	0	
1497	0	
1498	0	
1499	0	
1500	0	
1501	0	
1502	0	
1503	0	
1504	0	
1505	0	
1506	0	
1507	0	
1508	0	
1509	0	
1510	0	
1511	0	
1512	0	
1513	0	
1514	0	
1515	0	
1516	0	
1517	0	
1518	0	
1519	0	
1520	0	
1521	2.500000e-005	
1522	2.500000e-005	
1523	2.500000e-005	
1524	7.500000e-005	
1525	5.000000e-005	
1526	2.500000e-005	
1527	5.000000e-005	
1528	5.000000e-005	
1529	5.000000e-005	
1530	5.000000e-005	
1531	2.500000e-005	
1532	0	
1533	0	
1534	0	
1535	0	
1536	0	
1537	0	
1538	0	
1539	0	
1540	0	
1541	0	
1542	0	
1543	0	
1544	0	
1545	0	
1546	0	
1547	0	
1548	0	
1549	0	
1550	0	
1551	0	
1552	0	
1553	0	
1554	0	
1555	0	
1556	0	
1557	0	
1558	0	
1559	0	
1560	0	
1561	0	
1562	0	
1563	0	
1564	0	
1565	0	
1566	0	
1567	0	
1568	0	
1569	0	
1570	0	
1571	0	
1572	0	
1573	0	
1574	0	
1575	0	
1576	0	
1577	0	
1578	0	
1579	0	
1580	0	
1581	0	
1582	0	
1583	0	
1584	0	
1585	0	
1586	0	
1587	0	
1588	0	
1589	0	
1590	0	
1591	0	
1592	0	
1593	0	
1594	0	
1595	0	
1596	0	
1597	0	
1598	0	
1599	0	
1600	0	
1601	0	
1602	0	
1603	0	
1604	0	
1605	0	
1606	0	
1607	0	
1608	0	
1609	0	
1610	0	
1611	0	
1612	0	
1613	0	
1614	0	
1615	0	
1616	0	
1617	0	
1618	0	
1619	0	
1620	0	
1621	0	
1622	0	
1623	0	
1624	0	
1625	0	
1626	0	
1627	0	
1628	0	
1629	0	
1630	0	
1631	0	
1632	0	
1633	0	
1634	0	
1635	0	
1636	0	
1637	0	
1638	0	
1639	0	
1640	0	
1641	0	
1642	0	
1643	0	
1644	0	
1645	0	
1646	0	
1647	0	
1648	0	
1649	0	
1650	0	
1651	0	
1652	0	
1653	0	
1654	0	
1655	0	
1656	0	
1657	0	
1658	0	
1659	0	
1660	0	
1661	0	
1662	0	
1663	0	
1664	0	
1665	0	
1666	0	
1667	0	
1668	0	
1669	0	
1670	0	
1671	0	
1672	0	
1673	0	
1674	0	
1675	0	
1676	0	
1677	0	
1678	0	
1679	0	
1680	0	
1681	0	
1682	0	
1683	0	
1684	0	
1685	0	
1686	0	
1687	0	
1688	0	
1689	0	
1690	0	
1691	0	
1692	0	
1693	0	
1694	0	
1695	0	
1696	0	
1697	0	
1698	0	
1699	0	
1700	0	
1701	0	
1702	0	
1703	0	
1704	0	
1705	0	
1706	0	
1707	0	
1708	0	
1709	0	
1710	0	
1711	0	
1712	0	
1713	0	
1714	0	
1715	0	
1716	0	
1717	0	
1718	0	
1719	0	
1720	0	
1721	0	
1722	0	
1723	0	
1724	0	
1725	0	
1726	0	
1727	0	
1728	0	
1729	0	
1730	0	
1731	0	
1732	0	
1733	0	
1734	0	
1735	0	
1736	0	
1737	0	
1738	0	
1739	0	
1740	0	
1741	0	
1742	0	
1743	0	
1744	0	
1745	0	
1746	0	
1747	0	
1748	0	
1749	0	
1750	0	
1751	0	
1752	0	
1753	0	
1754	0	
1755	0	
1756	0	
1757	0	
1758	0	
1759	0	
1760	0	
1761	0	
1762	0	
1763	0	
1764	0	
1765	0	
1766	0	
1767	0	
1768	2.500000e-005	
1769	2.500000e-005	
1770	2.500000e-005	
1771	2.500000e-005	
1772	2.500000e-005	
1773	2.500000e-005	
1774	5.000000e-005	
1775	1.000000e-004	
1776	5.000000e-005	
1777	5.000000e-005	
1778	1.000000e-004	
1779	7.500000e-005	
1780	7.500000e-005	
1781	1.000000e-004	
1782	7.500000e-005	
1783	5.000000e-005	
1784	1.500000e-004	
1785	1.750000e-004	
1786	3.000000e-004	
1787	3.500000e-004	
1788	3.000000e-004	
1789	3.500000e-004	
1790	2.500000e-004	
1791	2.500000e-004	
1792	3.500000e-004	
1793	4.250000e-004	
1794	3.500000e-004	
1795	3.750000e-004	
1796	4.250000e-004	
1797	4.250000e-004	
1798	3.750000e-004	
1799	2.000000e-004	
1800	3.000000e-004	
1801	2.250000e-004	
1802	2.750000e-004	
1803	2.000000e-004	
1804	2.000000e-004	
1805	1.750000e-004	
1806	1.750000e-004	
1807	2.000000e-004	
1808	1.500000e-004	
1809	1.500000e-004	
1810	1.500000e-004	
1811	1.000000e-004	
1812	7.500000e-005	
1813	5.000000e-005	
1814	1.250000e-004	
1815	2.250000e-004	
1816	4.000000e-004	
1817	4.000000e-004	
1818	3.250000e-004	
1819	3.500000e-004	
1820	5.250000e-004	
1821	4.000000e-004	
1822	3.500000e-004	
1823	4.000000e-004	
1824	2.500000e-004	
1825	2.000000e-004	
1826	2.250000e-004	
1827	2.500000e-004	
1828	2.500000e-004	
1829	2.000000e-004	
1830	3.250000e-004	
1831	4.000000e-004	
1832	3.250000e-004	
1833	2.500000e-004	
1834	2.000000e-004	
1835	3.000000e-004	
1836	3.250000e-004	
1837	2.000000e-004	
1838	1.750000e-004	
1839	1.500000e-004	
1840	1.000000e-004	
1841	1.750000e-004	
1842	1.250000e-004	
1843	2.500000e-005	
1844	5.000000e-005	
1845	5.000000e-005	
1846	7.500000e-005	
1847	7.500000e-005	
1848	2.500000e-005	
1849	2.500000e-005	
1850	0	
1851	0	
1852	0	
1853	0	
1854	0	
1855	0	
1856	0	
1857	0	
1858	0	
1859	0	
1860	0	
1861	0	
1862	0	
1863	0	
1864	0	
1865	0	
1866	0	
1867	0	
1868	0	
1869	0	
1870	0	
1871	0	
1872	0	
1873	0	
1874	0	
1875	2.500000e-005	
1876	2.500000e-005	
1877	2.500000e-005	
1878	7.500000e-005	
1879	5.000000e-005	
1880	5.000000e-005	
1881	5.000000e-005	
1882	2.500000e-005	
1883	2.500000e-005	
1884	2.500000e-005	
1885	2.500000e-005	
1886	0	
1887	0	
1888	0	
1889	0	
1890	0	
1891	0	
1892	0	
1893	0	
1894	0	
1895	0	
1896	0	
1897	0	
1898	0	
1899	0	
1900	2.500000e-005	
1901	2.500000e-005	
1902	5.000000e-005	
1903	1.000000e-004	
1904	5.000000e-005	
1905	2.500000e-005	
1906	0	
1907	2.500000e-005	
1908	2.500000e-005	
1909	0	
1910	0	
1911	0	
1912	0	
1913	0	
1914	0	
1915	0	
1916	0	
1917	0	
1918	0	
1919	0	
1920	0	
1921	0	
1922	0	
1923	0	
1924	0	
1925	0	
1926	0	
1927	0	
1928	0	
1929	0	
1930	0	
1931	0	
1932	0	
1933	0	
1934	0	
1935	0	
1936	2.500000e-005	
1937	2.500000e-005	
1938	2.500000e-005	
1939	5.000000e-005	
1940	5.000000e-005	
1941	5.000000e-005	
1942	7.500000e-005	
1943	5.000000e-005	
1944	2.500000e-005	
1945	2.500000e-005	
1946	2.500000e-005	
1947	2.500000e-005	
1948	5.000000e-005	
1949	1.250000e-004	
1950	1.500000e-004	
1951	2.000000e-004	
1952	2.500000e-004	
1953	1.500000e-004	
1954	1.250000e-004	
1955	1.000000e-004	
1956	1.500000e-004	
1957	1.000000e-004	
1958	1.250000e-004	
1959	1.000000e-004	
1960	1.250000e-004	
1961	1.250000e-004	
1962	2.000000e-004	
1963	2.000000e-004	
1964	2.000000e-004	
1965	2.500000e-004	
1966	2.500000e-004	
1967	3.000000e-004	
1968	2.500000e-004	
1969	2.750000e-004	
1970	3.000000e-004	
1971	3.250000e-004	
1972	3.000000e-004	
1973	3.250000e-004	
1974	2.000000e-004	
1975	2.000000e-004	
1976	1.750000e-004	
1977	1.750000e-004	
1978	1.250000e-004	
1979	1.250000e-004	
1980	1.500000e-004	
1981	1.500000e-004	
1982	1.000000e-004	
1983	1.000000e-004	
1984	1.750000e-004	
1985	1.500000e-004	
1986	7.500000e-005	
1987	5.000000e-005	
1988	7.500000e-005	
1989	5.000000e-005	
1990	7.500000e-005	
1991	1.250000e-004	
1992	1.000000e-004	
1993	0	
1994	0	
1995	2.500000e-005	
1996	0	
1997	0	
1998	0	
1999	0	
2000	0	
2001	0	
2002	0	
2003	0	
2004	0	
2005	0	
2006	0	
2007	0	
2008	0	
2009	0	
2010	0	
2011	0	
2012	0	
2013	0	
2014	0	
2015	0	
2016	0	
2017	0	
2018	0	
2019	0	
2020	0	
2021	0	
2022	0	
2023	0	
2024	0	
2025	0	
2026	0	
2027	0	
2028	0	
2029	2.500000e-005	
2030	7.500000e-005	
2031	7.500000e-005	
2032	1.750000e-004	
2033	1.000000e-004	
2034	0	
2035	0	
2036	0	
2037	0	
2038	0	
2039	0	
2040	0	
2041	0	
2042	0	
2043	0	
2044	0	
2045	0	
2046	0	
2047	0	
2048	0	
2049	0	
2050	0	
2051	0	
2052	0	
2053	0	
2054	0	
2055	0	
2056	0	
2057	0	
2058	2.500000e-005	
2059	2.500000e-005	
2060	2.500000e-005	
2061	2.500000e-005	
2062	5.000000e-005	
2063	5.000000e-005	
2064	5.000000e-005	
2065	2.500000e-005	
2066	2.500000e-005	
2067	5.000000e-005	
2068	2.500000e-005	
2069	5.000000e-005	
2070	2.500000e-005	
2071	5.000000e-005	
2072	5.000000e-005	
2073	5.000000e-005	
2074	1.000000e-004	
2075	1.250000e-004	
2076	1.000000e-004	
2077	1.000000e-004	
2078	7.500000e-005	
2079	7.500000e-005	
2080	1.000000e-004	
2081	5.000000e-005	
2082	2.500000e-005	
2083	0	
2084	0	
2085	0	
2086	0	
2087	0	
2088	0	
2089	0	
2090	0	
2091	0	
2092	0	
2093	0	
2094	0	
2095	0	
2096	0	
2097	0	
2098	0	
2099	0	
2100	0	
2101	0	
2102	0	
2103	0	
2104	0	
2105	0	
2106	0	
2107	0	
2108	0	
2109	0	
2110	0	
2111	0	
2112	0	
2113	0	
2114	0	
2115	0	
2116	0	
2117	0	
2118	0	
2119	0	
2120	0	
2121	0	
2122	0	
2123	0	
2124	0	
2125	0	
2126	0	
2127	0	
2128	0	
2129	0	
2130	0	
2131	0	
2132	0	
2133	0	
2134	0	
2135	0	
2136	0	
2137	0	
2138	0	
2139	0	
2140	0	
2141	0	
2142	0	
2143	0	
2144	0	
2145	0	
2146	0	
2147	0	
2148	0	
2149	0	
2150	0	
2151	0	
2152	0	
2153	0	
2154	0	
2155	0	
2156	0	
2157	0	
2158	0	
2159	0	
2160	0	
2161	0	
2162	0	
2163	0	
2164	0	
2165	0	
2166	2.500000e-005	
2167	2.500000e-005	
2168	2.500000e-005	
2169	7.500000e-005	
2170	1.250000e-004	
2171	7.500000e-005	
2172	7.500000e-005	
2173	2.500000e-005	
2174	2.500000e-005	
2175	5.000000e-005	
2176	2.500000e-005	
2177	5.000000e-005	
2178	2.500000e-005	
2179	7.500000e-005	
2180	5.000000e-005	
2181	1.000000e-004	
2182	7.500000e-005	
2183	1.000000e-004	
2184	1.750000e-004	
2185	1.750000e-004	
2186	1.500000e-004	
2187	1.500000e-004	
2188	1.250000e-004	
2189	1.000000e-004	
2190	1.000000e-004	
2191	1.000000e-004	
2192	1.250000e-004	
2193	1.250000e-004	
2194	1.500000e-004	
2195	1.500000e-004	
2196	2.000000e-004	
2197	1.500000e-004	
2198	2.000000e-004	
2199	1.500000e-004	
2200	1.250000e-004	
2201	1.000000e-004	
2202	1.250000e-004	
2203	1.000000e-004	
2204	7.500000e-005	
2205	1.000000e-004	
2206	1.000000e-004	
2207	1.250000e-004	
2208	7.500000e-005	
2209	7.500000e-005	
2210	1.000000e-004	
2211	2.500000e-005	
2212	1.000000e-004	
2213	1.250000e-004	
2214	7.500000e-005	
2215	1.250000e-004	
2216	1.250000e-004	
2217	2.000000e-004	
2218	1.000000e-004	
2219	1.000000e-004	
2220	7.500000e-005	
2221	5.000000e-005	
2222	5.000000e-005	
2223	7.500000e-005	
2224	1.000000e-004	
2225	2.000000e-004	
2226	1.750000e-004	
2227	2.250000e-004	
2228	1.500000e-004	
2229	1.250000e-004	
2230	1.250000e-004	
2231	2.500000e-004	
2232	3.000000e-004	
2233	3.250000e-004	
2234	3.500000e-004	
2235	3.500000e-004	
2236	5.000000e-004	
2237	5.000000e-004	
2238	4.750000e-004	
2239	4.000000e-004	
2240	3.250000e-004	
2241	3.500000e-004	
2242	2.500000e-004	
2243	2.500000e-004	
2244	2.500000e-004	
2245	3.000000e-004	
2246	2.750000e-004	
2247	2.000000e-004	
2248	2.000000e-004	
2249	3.000000e-004	
2250	1.750000e-004	
2251	2.250000e-004	
2252	2.250000e-004	
2253	2.750000e-004	
2254	4.000000e-004	
2255	2.750000e-004	
2256	2.250000e-004	
2257	2.250000e-004	
2258	2.000000e-004	
2259	2.250000e-004	
2260	2.000000e-004	
2261	2.250000e-004	
2262	2.500000e-004	
2263	2.250000e-004	
2264	2.000000e-004	
2265	3.500000e-004	
2266	2.500000e-004	
2267	2.500000e-004	
2268	1.250000e-004	
2269	1.500000e-004	
2270	2.500000e-004	
2271	2.500000e-004	
2272	1.750000e-004	
2273	2.750000e-004	
2274	4.000000e-004	
2275	4.000000e-004	
2276	2.750000e-004	
2277	3.750000e-004	
2278	4.250000e-004	
2279	3.750000e-004	
2280	3.250000e-004	
2281	5.000000e-004	
2282	5.000000e-004	
2283	4.500000e-004	
2284	3.500000e-004	
2285	3.500000e-004	
2286	5.000000e-004	
2287	6.500000e-004	
2288	5.750000e-004	
2289	6.500000e-004	
2290	7.500000e-004	
2291	6.500000e-004	
2292	5.000000e-004	
2293	4.750000e-004	
2294	5.250000e-004	
2295	4.250000e-004	
2296	3.000000e-004	
2297	2.750000e-004	
2298	4.500000e-004	
2299	4.750000e-004	
2300	3.750000e-004	
2301	3.250000e-004	
2302	4.000000e-004	
2303	5.000000e-004	
2304	5.000000e-004	
2305	5.500000e-004	
2306	7.000000e-004	
2307	5.750000e-004	
2308	5.000000e-004	
2309	4.500000e-004	
2310	3.750000e-004	
2311	4.000000e-004	
2312	3.000000e-004	
2313	2.750000e-004	
2314	3.000000e-004	
2315	1.500000e-004	
2316	2.000000e-004	
2317	1.750000e-004	
2318	2.000000e-004	
2319	2.500000e-004	
2320	1.750000e-004	
2321	5.000000e-005	
2322	7.500000e-005	
2323	1.000000e-004	
2324	1.000000e-004	
2325	1.000000e-004	
2326	5.000000e-005	
2327	2.500000e-005	
2328	2.500000e-005	
2329	0	
2330	0	
2331	0	
2332	0	
2333	0	
2334	0	
2335	0	
2336	0	
2337	0	
2338	0	
2339	0	
2340	0	
2341	0	
2342	0	
2343	0	
2344	0	
2345	0	
2346	0	
2347	0	
2348	0	
2349	0	
2350	0	
2351	0	
2352	0	
2353	0	
2354	0	
2355	0	
2356	0	
2357	0	
2358	0	
2359	0	
2360	0	
2361	0	
2362	0	
2363	0	
2364	0	
2365	0	
2366	0	
2367	0	
2368	0	
2369	0	
2370	0	
2371	2.500000e-005	
2372	7.500000e-005	
2373	1.500000e-004	
2374	2.250000e-004	
2375	3.750000e-004	
2376	3.500000e-004	
2377	3.250000e-004	
2378	3.750000e-004	
2379	2.500000e-004	
2380	3.500000e-004	
2381	3.500000e-004	
2382	3.000000e-004	
2383	2.000000e-004	
2384	3.000000e-004	
2385	3.500000e-004	
2386	4.500000e-004	
2387	4.500000e-004	
2388	4.000000e-004	
2389	3.250000e-004	
2390	4.000000e-004	
2391	3.250000e-004	
2392	4.750000e-004	
2393	6.250000e-004	
2394	6.250000e-004	
2395	5.250000e-004	
2396	7.000000e-004	
2397	7.500000e-004	
2398	5.750000e-004	
2399	5.000000e-004	
2400	4.500000e-004	
2401	4.000000e-004	
2402	4.250000e-004	
2403	3.500000e-004	
2404	5.000000e-004	
2405	4.250000e-004	
2406	4.000000e-004	
2407	4.250000e-004	
2408	4.500000e-004	
2409	4.500000e-004	
2410	3.500000e-004	
2411	2.750000e-004	
2412	2.250000e-004	
2413	3.250000e-004	
2414	3.000000e-004	
2415	3.750000e-004	
2416	2.750000e-004	
2417	1.750000e-004	
2418	1.500000e-004	
2419	2.500000e-004	
2420	3.000000e-004	
2421	3.250000e-004	
2422	2.500000e-004	
2423	2.750000e-004	
2424	3.000000e-004	
2425	2.250000e-004	
2426	3.750000e-004	
2427	3.750000e-004	
2428	4.500000e-004	
2429	4.500000e-004	
2430	6.250000e-004	
2431	6.000000e-004	
2432	5.000000e-004	
2433	5.000000e-004	
2434	4.000000e-004	
2435	3.750000e-004	
2436	4.750000e-004	
2437	3.500000e-004	
2438	3.500000e-004	
2439	5.000000e-004	
2440	5.500000e-004	
2441	6.000000e-004	
2442	5.750000e-004	
2443	4.250000e-004	
2444	4.000000e-004	
2445	4.500000e-004	
2446	5.500000e-004	
2447	5.500000e-004	
2448	7.000000e-004	
2449	8.250000e-004	
2450	7.250000e-004	
2451	6.750000e-004	
2452	7.500000e-004	
2453	9.000000e-004	
2454	7.500000e-004	
2455	1.000000e-003	
2456	1.100000e-003	
2457	1.000000e-003	
2458	1.150000e-003	
2459	9.000000e-004	
2460	1.050000e-003	
2461	1.050000e-003	
2462	1.350000e-003	
2463	1.400000e-003	
2464	1.400000e-003	
2465	1.325000e-003	
2466	1.325000e-003	
2467	1.275000e-003	
2468	1.225000e-003	
2469	1.375000e-003	
2470	1.375000e-003	
2471	1.375000e-003	
2472	1.300000e-003	
2473	1.300000e-003	
2474	1.375000e-003	
2475	1.350000e-003	
2476	1.575000e-003	
2477	1.525000e-003	
2478	1.425000e-003	
2479	1.400000e-003	
2480	1.275000e-003	
2481	1.125000e-003	
2482	1.425000e-003	
2483	1.350000e-003	
2484	1.125000e-003	
2485	1.425000e-003	
2486	1.375000e-003	
2487	1.550000e-003	
2488	1.425000e-003	
2489	1.600000e-003	
2490	1.400000e-003	
2491	1.675000e-003	
2492	1.600000e-003	
2493	1.450000e-003	
2494	1.475000e-003	
2495	1.375000e-003	
2496	1.675000e-003	
2497	1.875000e-003	
2498	1.675000e-003	
2499	1.675000e-003	
2500	1.675000e-003	
2501	1.625000e-003	
2502	1.550000e-003	
2503	1.550000e-003	
2504	1.725000e-003	
2505	1.550000e-003	
2506	1.325000e-003	
2507	1.575000e-003	
2508	1.725000e-003	
2509	1.875000e-003	
2510	1.700000e-003	
2511	1.575000e-003	
2512	1.625000e-003	
2513	1.575000e-003	
2514	1.600000e-003	
2515	1.500000e-003	
2516	1.425000e-003	
2517	1.550000e-003	
2518	1.550000e-003	
2519	1.475000e-003	
2520	1.375000e-003	
2521	1.625000e-003	
2522	1.500000e-003	
2523	1.375000e-003	
2524	1.400000e-003	
2525	1.675000e-003	
2526	1.600000e-003	
2527	1.775000e-003	
2528	1.800000e-003	
2529	1.800000e-003	
2530	1.750000e-003	
2531	2.000000e-003	
2532	2.025000e-003	
2533	1.850000e-003	
2534	2.000000e-003	
2535	2.050000e-003	
2536	1.975000e-003	
2537	2.025000e-003	
2538	1.900000e-003	
2539	2.000000e-003	
2540	2.150000e-003	
2541	1.975000e-003	
2542	2.250000e-003	
2543	1.875000e-003	
2544	1.650000e-003	
2545	1.500000e-003	
2546	1.275000e-003	
2547	1.500000e-003	
2548	1.950000e-003	
2549	2.025000e-003	
2550	2.025000e-003	
2551	2.150000e-003	
2552	2.025000e-003	
2553	1.875000e-003	
2554	1.800000e-003	
2555	1.625000e-003	
2556	1.450000e-003	
2557	1.700000e-003	
2558	1.550000e-003	
2559	1.675000e-003	
2560	1.900000e-003	
2561	1.800000e-003	
2562	1.750000e-003	
2563	1.700000e-003	
2564	1.750000e-003	
2565	1.650000e-003	
2566	1.550000e-003	
2567	1.475000e-003	
2568	1.475000e-003	
2569	1.550000e-003	
2570	1.600000e-003	
2571	1.675000e-003	
2572	1.675000e-003	
2573	1.550000e-003	
2574	1.825000e-003	
2575	1.600000e-003	
2576	1.350000e-003	
2577	1.550000e-003	
2578	1.650000e-003	
2579	1.525000e-003	
2580	1.925000e-003	
2581	1.975000e-003	
2582	1.900000e-003	
2583	1.775000e-003	
2584	1.825000e-003	
2585	1.650000e-003	
2586	1.600000e-003	
2587	1.275000e-003	
2588	1.225000e-003	
2589	1.425000e-003	
2590	1.575000e-003	
2591	1.350000e-003	
2592	1.400000e-003	
2593	1.500000e-003	
2594	1.425000e-003	
2595	1.300000e-003	
2596	1.250000e-003	
2597	1.150000e-003	
2598	1.250000e-003	
2599	1.325000e-003	
2600	1.450000e-003	
2601	1.525000e-003	
2602	1.275000e-003	
2603	1.275000e-003	
2604	1.300000e-003	
2605	1.250000e-003	
2606	1.375000e-003	
2607	1.450000e-003	
2608	1.375000e-003	
2609	1.450000e-003	
2610	1.450000e-003	
2611	1.475000e-003	
2612	1.425000e-003	
2613	1.700000e-003	
2614	1.800000e-003	
2615	1.800000e-003	
2616	1.600000e-003	
2617	1.725000e-003	
2618	1.575000e-003	
2619	1.675000e-003	
2620	1.575000e-003	
2621	1.600000e-003	
2622	1.550000e-003	
2623	1.500000e-003	
2624	1.775000e-003	
2625	1.625000e-003	
2626	1.525000e-003	
2627	1.575000e-003	
2628	1.600000e-003	
2629	1.600000e-003	
2630	1.575000e-003	
2631	1.675000e-003	
2632	1.800000e-003	
2633	1.650000e-003	
2634	1.600000e-003	
2635	1.700000e-003	
2636	1.600000e-003	
2637	1.600000e-003	
2638	1.550000e-003	
2639	1.625000e-003	
2640	1.600000e-003	
2641	1.625000e-003	
2642	1.625000e-003	
2643	1.375000e-003	
2644	1.375000e-003	
2645	1.325000e-003	
2646	1.375000e-003	
2647	1.300000e-003	
2648	1.350000e-003	
2649	1.425000e-003	
2650	1.100000e-003	
2651	1.100000e-003	
2652	1.225000e-003	
2653	1.025000e-003	
2654	1.025000e-003	
2655	9.500000e-004	
2656	1.050000e-003	
2657	1.075000e-003	
2658	9.750000e-004	
2659	1.125000e-003	
2660	1.375000e-003	
2661	1.200000e-003	
2662	1.325000e-003	
2663	9.500000e-004	
2664	1.075000e-003	
2665	1.075000e-003	
2666	1.100000e-003	
2667	1.100000e-003	
2668	9.250000e-004	
2669	1.025000e-003	
2670	1.100000e-003	
2671	8.500000e-004	
2672	8.500000e-004	
2673	8.250000e-004	
2674	7.000000e-004	
2675	8.750000e-004	
2676	7.500000e-004	
2677	8.750000e-004	
2678	8.750000e-004	
2679	1.050000e-003	
2680	1.075000e-003	
2681	1.050000e-003	
2682	1.100000e-003	
2683	1.075000e-003	
2684	1.100000e-003	
2685	1.175000e-003	
2686	1.150000e-003	
2687	1.175000e-003	
2688	1.300000e-003	
2689	1.175000e-003	
2690	1.125000e-003	
2691	1.100000e-003	
2692	1.025000e-003	
2693	1.250000e-003	
2694	1.300000e-003	
2695	1.425000e-003	
2696	1.100000e-003	
2697	1.100000e-003	
2698	1.100000e-003	
2699	1.250000e-003	
2700	1.025000e-003	
2701	7.750000e-004	
2702	7.500000e-004	
2703	6.500000e-004	
2704	7.250000e-004	
2705	5.750000e-004	
2706	6.250000e-004	
2707	6.000000e-004	
2708	6.500000e-004	
2709	6.000000e-004	
2710	3.000000e-004	
2711	4.000000e-004	
2712	4.000000e-004	
2713	5.750000e-004	
2714	6.750000e-004	
2715	6.000000e-004	
2716	5.000000e-004	
2717	4.000000e-004	
2718	4.000000e-004	
2719	4.500000e-004	
2720	4.250000e-004	
2721	4.000000e-004	
2722	4.750000e-004	
2723	6.000000e-004	
2724	6.000000e-004	
2725	4.000000e-004	
2726	3.250000e-004	
2727	2.750000e-004	
2728	3.750000e-004	
2729	3.000000e-004	
2730	3.750000e-004	
2731	4.500000e-004	
2732	4.000000e-004	
2733	4.750000e-004	
2734	5.500000e-004	
2735	4.500000e-004	
2736	4.750000e-004	
2737	5.750000e-004	
2738	4.250000e-004	
2739	4.250000e-004	
2740	4.500000e-004	
2741	5.000000e-004	
2742	4.000000e-004	
2743	5.250000e-004	
2744	3.750000e-004	
2745	4.000000e-004	
2746	4.750000e-004	
2747	3.000000e-004	
2748	2.250000e-004	
2749	2.000000e-004	
2750	3.000000e-004	
2751	4.000000e-004	
2752	3.750000e-004	
2753	3.500000e-004	
2754	2.250000e-004	
2755	1.750000e-004	
2756	1.750000e-004	
2757	1.000000e-004	
2758	2.250000e-004	
2759	1.000000e-004	
2760	1.000000e-004	
2761	1.750000e-004	
2762	3.000000e-004	
2763	4.250000e-004	
2764	4.250000e-004	
2765	5.250000e-004	
2766	4.750000e-004	
2767	5.500000e-004	
2768	4.500000e-004	
2769	5.250000e-004	
2770	7.000000e-004	
2771	6.000000e-004	
2772	4.500000e-004	
2773	4.000000e-004	
2774	4.000000e-004	
2775	4.000000e-004	
2776	4.000000e-004	
2777	2.500000e-004	
2778	3.500000e-004	
2779	3.000000e-004	
2780	3.500000e-004	
2781	2.750000e-004	
2782	2.000000e-004	
2783	2.000000e-004	
2784	1.500000e-004	
2785	2.000000e-004	
2786	1.250000e-004	
2787	1.500000e-004	
2788	5.000000e-005	
2789	0	
2790	0	
2791	0	
2792	2.500000e-005	
2793	2.500000e-005	
2794	0	
2795	0	
2796	0	
2797	0	
2798	0	
2799	0	
2800	0	
2801	0	
2802	0	
2803	0	
2804	0	
2805	0	
2806	0	
2807	0	
2808	0	
2809	0	
2810	0	
2811	0	
2812	0	
2813	0	
2814	0	
2815	0	
2816	0	
2817	0	
2818	0	
2819	0	
2820	0	
2821	0	
2822	0	
2823	0	
2824	0	
2825	0	
2826	2.500000e-005	
2827	5.000000e-005	
2828	1.000000e-004	
2829	7.500000e-005	
2830	2.500000e-005	
2831	2.500000e-005	
2832	0	
2833	0	
2834	0	
2835	0	
2836	0	
2837	0	
2838	0	
2839	0	
2840	0	
2841	0	
2842	0	
2843	0	
2844	0	
2845	0	
2846	0	
2847	0	
2848	0	
2849	0	
2850	0	
2851	0	
2852	0	
2853	0	
2854	0	
2855	0	
2856	2.500000e-005	
2857	0	
2858	0	
2859	0	
2860	0	
2861	0	
2862	0	
2863	0	
2864	0	
2865	0	
2866	0	
2867	0	
2868	2.500000e-005	
2869	7.500000e-005	
2870	2.500000e-005	
2871	5.000000e-005	
2872	2.500000e-005	
2873	2.500000e-005	
2874	0	
2875	0	
2876	0	
2877	0	
2878	0	
2879	0	
2880	0	
2881	0	
2882	0	
2883	0	
2884	0	
2885	0	
2886	0	
2887	0	
2888	0	
2889	0	
2890	0	
2891	0	
2892	0	
2893	0	
2894	0	
2895	0	
2896	0	
2897	0	
2898	0	
2899	0	
2900	0	
2901	0	
2902	0	
2903	0	
2904	0	
2905	0	
2906	0	
2907	0	
2908	0	
2909	0	
2910	0	
2911	0	
2912	0	
2913	0	
2914	0	
2915	0	
2916	0	
2917	0	
2918	0	
2919	0	
2920	0	
2921	0	
2922	0	
2923	0	
2924	0	
2925	0	
2926	0	
2927	0	
2928	0	
2929	0	
2930	0	
2931	0	
2932	0	
2933	0	
2934	0	
2935	0	
2936	0	
2937	0	
2938	0	
2939	0	
2940	0	
2941	0	
2942	0	
2943	0	
2944	0	
2945	0	
2946	0	
2947	0	
2948	0	
2949	0	
2950	0	
2951	0	
2952	0	
2953	0	
2954	0	
2955	0	
2956	0	
2957	0	
2958	0	
2959	0	
2960	0	
2961	0	
2962	0	
2963	0	
2964	0	
2965	0	
2966	0	
2967	0	
2968	0	
2969	0	
2970	0	
2971	0	
2972	0	
2973	0	
2974	0	
2975	0	
2976	0	
2977	0	
2978	0	
2979	0	
2980	0	
2981	0	
2982	0	
2983	0	
2984	0	
2985	0	
2986	0	
2987	0	
2988	0	
2989	0	
2990	0	
2991	0	
2992	0	
2993	0	
2994	0	
2995	0	
2996	0	
2997	0	
2998	0	
2999	2.500000e-005	
3000	2.500000e-005	
3001	2.500000e-005	
