1	0	
2	0	
3	0	
4	0	
5	0	
6	0	
7	0	
8	0	
9	0	
10	0	
11	0	
12	0	
13	0	
14	0	
15	0	
16	0	
17	0	
18	0	
19	0	
20	0	
21	2.500000e-005	
22	1.500000e-004	
23	1.250000e-004	
24	2.500000e-004	
25	2.750000e-004	
26	2.250000e-004	
27	2.500000e-004	
28	4.250000e-004	
29	5.000000e-004	
30	5.500000e-004	
31	4.500000e-004	
32	7.500000e-004	
33	9.000000e-004	
34	7.250000e-004	
35	6.750000e-004	
36	7.500000e-004	
37	7.750000e-004	
38	1.000000e-003	
39	1.200000e-003	
40	1.425000e-003	
41	1.275000e-003	
42	1.375000e-003	
43	1.400000e-003	
44	1.675000e-003	
45	1.375000e-003	
46	1.475000e-003	
47	1.675000e-003	
48	1.825000e-003	
49	1.750000e-003	
50	1.800000e-003	
51	1.925000e-003	
52	1.675000e-003	
53	1.450000e-003	
54	1.700000e-003	
55	1.925000e-003	
56	1.825000e-003	
57	2.000000e-003	
58	1.975000e-003	
59	2.375000e-003	
60	2.200000e-003	
61	2.150000e-003	
62	2.575000e-003	
63	2.025000e-003	
64	2.050000e-003	
65	2.200000e-003	
66	1.900000e-003	
67	1.800000e-003	
68	1.775000e-003	
69	1.650000e-003	
70	1.700000e-003	
71	1.700000e-003	
72	1.400000e-003	
73	1.575000e-003	
74	1.750000e-003	
75	1.825000e-003	
76	2.100000e-003	
77	2.025000e-003	
78	2.475000e-003	
79	2.150000e-003	
80	2.350000e-003	
81	2.550000e-003	
82	2.825000e-003	
83	2.775000e-003	
84	3.125000e-003	
85	3.150000e-003	
86	3.150000e-003	
87	2.775000e-003	
88	2.900000e-003	
89	2.600000e-003	
90	2.575000e-003	
91	2.750000e-003	
92	2.800000e-003	
93	3.400000e-003	
94	3.600000e-003	
95	3.350000e-003	
96	3.500000e-003	
97	3.175000e-003	
98	3.450000e-003	
99	3.725000e-003	
100	3.725000e-003	
101	3.525000e-003	
102	3.350000e-003	
103	3.450000e-003	
104	3.475000e-003	
105	3.700000e-003	
106	3.525000e-003	
107	3.250000e-003	
108	3.800000e-003	
109	3.775000e-003	
110	4.125000e-003	
111	4.700000e-003	
112	4.850000e-003	
113	4.775000e-003	
114	5.375000e-003	
115	5.425000e-003	
116	5.200000e-003	
117	5.375000e-003	
118	5.800000e-003	
119	5.925000e-003	
120	5.800000e-003	
121	5.550000e-003	
122	5.350000e-003	
123	5.525000e-003	
124	5.675000e-003	
125	5.225000e-003	
126	5.725000e-003	
127	6.025000e-003	
128	5.950000e-003	
129	5.775000e-003	
130	6.025000e-003	
131	5.700000e-003	
132	5.975000e-003	
133	5.800000e-003	
134	6.100000e-003	
135	6.500000e-003	
136	6.575000e-003	
137	6.400000e-003	
138	5.800000e-003	
139	6.375000e-003	
140	6.975000e-003	
141	6.450000e-003	
142	6.400000e-003	
143	6.450000e-003	
144	6.675000e-003	
145	7.375000e-003	
146	7.225000e-003	
147	6.875000e-003	
148	7.100000e-003	
149	7.100000e-003	
150	6.075000e-003	
151	6.975000e-003	
152	6.975000e-003	
153	7.300000e-003	
154	7.125000e-003	
155	6.775000e-003	
156	6.575000e-003	
157	6.175000e-003	
158	6.300000e-003	
159	6.075000e-003	
160	5.375000e-003	
161	4.625000e-003	
162	4.675000e-003	
163	4.300000e-003	
164	4.300000e-003	
165	4.050000e-003	
166	4.125000e-003	
167	3.900000e-003	
168	3.575000e-003	
169	2.775000e-003	
170	2.700000e-003	
171	2.100000e-003	
172	1.550000e-003	
173	1.800000e-003	
174	1.675000e-003	
175	1.550000e-003	
176	1.425000e-003	
177	1.375000e-003	
178	1.450000e-003	
179	1.375000e-003	
180	1.525000e-003	
181	1.050000e-003	
182	7.250000e-004	
183	7.250000e-004	
184	3.250000e-004	
185	1.250000e-004	
186	5.000000e-005	
187	2.500000e-005	
188	0	
189	0	
190	0	
191	0	
192	0	
193	0	
194	0	
195	0	
196	0	
197	0	
198	0	
199	0	
200	0	
201	0	
202	0	
203	0	
204	0	
205	0	
206	0	
207	0	
208	0	
209	0	
210	0	
211	0	
212	0	
213	0	
214	0	
215	0	
216	0	
217	0	
218	0	
219	0	
220	0	
221	0	
222	0	
223	0	
224	0	
225	0	
226	0	
227	0	
228	0	
229	0	
230	0	
231	0	
232	0	
233	0	
234	0	
235	0	
236	0	
237	0	
238	0	
239	0	
240	0	
241	0	
242	0	
243	0	
244	0	
245	0	
246	0	
247	0	
248	0	
249	0	
250	0	
251	0	
252	0	
253	0	
254	0	
255	0	
256	0	
257	0	
258	0	
259	0	
260	0	
261	0	
262	0	
263	0	
264	0	
265	0	
266	0	
267	0	
268	0	
269	0	
270	0	
271	0	
272	0	
273	0	
274	0	
275	0	
276	0	
277	0	
278	0	
279	0	
280	0	
281	0	
282	0	
283	0	
284	0	
285	0	
286	0	
287	0	
288	0	
289	0	
290	0	
291	0	
292	0	
293	0	
294	0	
295	0	
296	0	
297	0	
298	0	
299	0	
300	0	
301	0	
302	0	
303	0	
304	0	
305	0	
306	0	
307	0	
308	0	
309	0	
310	0	
311	0	
312	0	
313	0	
314	0	
315	0	
316	0	
317	0	
318	0	
319	0	
320	0	
321	0	
322	0	
323	0	
324	0	
325	0	
326	0	
327	0	
328	0	
329	0	
330	0	
331	0	
332	0	
333	0	
334	0	
335	0	
336	0	
337	0	
338	0	
339	0	
340	2.500000e-005	
341	2.500000e-005	
342	0	
343	0	
344	0	
345	0	
346	0	
347	0	
348	0	
349	0	
350	0	
351	0	
352	0	
353	0	
354	0	
355	0	
356	0	
357	0	
358	0	
359	0	
360	0	
361	0	
362	0	
363	0	
364	0	
365	0	
366	0	
367	0	
368	0	
369	0	
370	0	
371	0	
372	0	
373	0	
374	0	
375	0	
376	0	
377	0	
378	0	
379	0	
380	0	
381	0	
382	0	
383	0	
384	0	
385	0	
386	0	
387	0	
388	0	
389	0	
390	0	
391	2.500000e-005	
392	2.500000e-005	
393	0	
394	0	
395	0	
396	0	
397	0	
398	0	
399	0	
400	0	
401	0	
402	0	
403	0	
404	0	
405	0	
406	0	
407	0	
408	0	
409	0	
410	0	
411	0	
412	0	
413	0	
414	0	
415	0	
416	0	
417	0	
418	0	
419	0	
420	0	
421	0	
422	0	
423	0	
424	0	
425	0	
426	0	
427	0	
428	0	
429	0	
430	0	
431	0	
432	0	
433	0	
434	0	
435	0	
436	0	
437	0	
438	0	
439	0	
440	0	
441	0	
442	0	
443	0	
444	0	
445	0	
446	0	
447	0	
448	0	
449	0	
450	0	
451	0	
452	0	
453	0	
454	0	
455	0	
456	0	
457	0	
458	0	
459	0	
460	0	
461	0	
462	0	
463	0	
464	0	
465	2.500000e-005	
466	5.000000e-005	
467	5.000000e-005	
468	5.000000e-005	
469	7.500000e-005	
470	5.000000e-005	
471	5.000000e-005	
472	2.500000e-005	
473	2.500000e-005	
474	2.500000e-005	
475	0	
476	0	
477	0	
478	0	
479	0	
480	0	
481	0	
482	0	
483	0	
484	0	
485	0	
486	0	
487	0	
488	0	
489	0	
490	0	
491	0	
492	0	
493	0	
494	0	
495	0	
496	0	
497	0	
498	0	
499	0	
500	0	
501	0	
502	0	
503	0	
504	0	
505	0	
506	0	
507	0	
508	0	
509	0	
510	0	
511	0	
512	0	
513	0	
514	0	
515	0	
516	0	
517	0	
518	0	
519	0	
520	0	
521	0	
522	0	
523	0	
524	0	
525	0	
526	0	
527	0	
528	0	
529	0	
530	0	
531	0	
532	0	
533	0	
534	0	
535	0	
536	0	
537	0	
538	0	
539	0	
540	0	
541	0	
542	0	
543	0	
544	0	
545	0	
546	0	
547	0	
548	0	
549	0	
550	0	
551	0	
552	0	
553	0	
554	0	
555	0	
556	0	
557	0	
558	0	
559	0	
560	2.500000e-005	
561	7.500000e-005	
562	5.000000e-005	
563	2.500000e-005	
564	2.500000e-005	
565	7.500000e-005	
566	1.000000e-004	
567	7.500000e-005	
568	7.500000e-005	
569	5.000000e-005	
570	2.500000e-005	
571	1.000000e-004	
572	1.500000e-004	
573	2.000000e-004	
574	1.250000e-004	
575	2.250000e-004	
576	2.000000e-004	
577	2.250000e-004	
578	2.000000e-004	
579	2.000000e-004	
580	1.500000e-004	
581	1.500000e-004	
582	1.250000e-004	
583	1.500000e-004	
584	2.500000e-004	
585	3.750000e-004	
586	3.250000e-004	
587	1.750000e-004	
588	1.500000e-004	
589	2.750000e-004	
590	3.000000e-004	
591	3.000000e-004	
592	2.250000e-004	
593	2.500000e-004	
594	2.500000e-004	
595	3.500000e-004	
596	2.500000e-004	
597	3.000000e-004	
598	3.000000e-004	
599	2.250000e-004	
600	1.250000e-004	
601	2.000000e-004	
602	3.500000e-004	
603	4.750000e-004	
604	2.750000e-004	
605	3.000000e-004	
606	4.000000e-004	
607	4.750000e-004	
608	4.750000e-004	
609	3.750000e-004	
610	4.500000e-004	
611	3.500000e-004	
612	4.500000e-004	
613	2.750000e-004	
614	3.000000e-004	
615	3.250000e-004	
616	4.250000e-004	
617	3.750000e-004	
618	6.000000e-004	
619	6.000000e-004	
620	6.250000e-004	
621	7.500000e-004	
622	6.250000e-004	
623	6.500000e-004	
624	5.000000e-004	
625	6.250000e-004	
626	7.500000e-004	
627	7.500000e-004	
628	8.000000e-004	
629	5.750000e-004	
630	6.500000e-004	
631	7.000000e-004	
632	8.000000e-004	
633	8.750000e-004	
634	9.250000e-004	
635	9.500000e-004	
636	9.000000e-004	
637	9.250000e-004	
638	8.750000e-004	
639	1.050000e-003	
640	1.200000e-003	
641	1.200000e-003	
642	1.025000e-003	
643	1.100000e-003	
644	1.025000e-003	
645	1.050000e-003	
646	1.000000e-003	
647	9.500000e-004	
648	6.750000e-004	
649	1.150000e-003	
650	1.175000e-003	
651	1.050000e-003	
652	1.050000e-003	
653	1.275000e-003	
654	1.200000e-003	
655	1.050000e-003	
656	1.100000e-003	
657	1.400000e-003	
658	1.875000e-003	
659	1.950000e-003	
660	2.075000e-003	
661	2.050000e-003	
662	2.025000e-003	
663	2.300000e-003	
664	2.475000e-003	
665	2.600000e-003	
666	2.600000e-003	
667	2.500000e-003	
668	2.575000e-003	
669	2.500000e-003	
670	2.750000e-003	
671	2.650000e-003	
672	2.400000e-003	
673	2.050000e-003	
674	2.125000e-003	
675	1.900000e-003	
676	1.700000e-003	
677	1.850000e-003	
678	2.050000e-003	
679	2.200000e-003	
680	2.225000e-003	
681	2.300000e-003	
682	2.050000e-003	
683	2.075000e-003	
684	2.175000e-003	
685	2.625000e-003	
686	2.775000e-003	
687	2.825000e-003	
688	2.975000e-003	
689	2.750000e-003	
690	2.100000e-003	
691	2.525000e-003	
692	2.525000e-003	
693	2.275000e-003	
694	2.700000e-003	
695	3.425000e-003	
696	3.325000e-003	
697	3.225000e-003	
698	2.775000e-003	
699	3.000000e-003	
700	3.250000e-003	
701	3.400000e-003	
702	3.175000e-003	
703	2.725000e-003	
704	2.600000e-003	
705	2.600000e-003	
706	2.575000e-003	
707	2.400000e-003	
708	2.400000e-003	
709	2.300000e-003	
710	2.400000e-003	
711	2.525000e-003	
712	2.875000e-003	
713	2.550000e-003	
714	2.600000e-003	
715	2.250000e-003	
716	2.150000e-003	
717	2.500000e-003	
718	2.775000e-003	
719	2.775000e-003	
720	2.500000e-003	
721	2.700000e-003	
722	3.100000e-003	
723	3.375000e-003	
724	3.550000e-003	
725	2.925000e-003	
726	3.000000e-003	
727	3.125000e-003	
728	3.300000e-003	
729	3.250000e-003	
730	3.350000e-003	
731	3.050000e-003	
732	3.175000e-003	
733	3.650000e-003	
734	3.600000e-003	
735	3.575000e-003	
736	4.225000e-003	
737	4.225000e-003	
738	4.275000e-003	
739	4.500000e-003	
740	4.850000e-003	
741	5.300000e-003	
742	5.300000e-003	
743	4.650000e-003	
744	4.350000e-003	
745	3.825000e-003	
746	3.800000e-003	
747	3.675000e-003	
748	3.750000e-003	
749	3.525000e-003	
750	2.850000e-003	
751	2.425000e-003	
752	2.750000e-003	
753	3.100000e-003	
754	3.125000e-003	
755	2.675000e-003	
756	2.400000e-003	
757	2.375000e-003	
758	2.150000e-003	
759	2.475000e-003	
760	2.050000e-003	
761	2.300000e-003	
762	2.350000e-003	
763	2.325000e-003	
764	2.000000e-003	
765	1.850000e-003	
766	1.700000e-003	
767	1.600000e-003	
768	2.125000e-003	
769	2.300000e-003	
770	1.900000e-003	
771	1.750000e-003	
772	2.050000e-003	
773	2.475000e-003	
774	2.325000e-003	
775	1.800000e-003	
776	2.075000e-003	
777	1.725000e-003	
778	1.700000e-003	
779	1.600000e-003	
780	1.675000e-003	
781	1.700000e-003	
782	1.725000e-003	
783	1.300000e-003	
784	1.325000e-003	
785	9.500000e-004	
786	9.750000e-004	
787	1.000000e-003	
788	1.050000e-003	
789	1.075000e-003	
790	9.500000e-004	
791	7.500000e-004	
792	7.500000e-004	
793	8.500000e-004	
794	7.500000e-004	
795	8.250000e-004	
796	9.500000e-004	
797	9.500000e-004	
798	9.500000e-004	
799	8.000000e-004	
800	6.750000e-004	
801	6.000000e-004	
802	5.000000e-004	
803	6.750000e-004	
804	9.000000e-004	
805	3.750000e-004	
806	3.250000e-004	
807	3.500000e-004	
808	3.000000e-004	
809	4.000000e-004	
810	4.500000e-004	
811	4.250000e-004	
812	5.000000e-004	
813	5.750000e-004	
814	6.000000e-004	
815	5.750000e-004	
816	4.500000e-004	
817	5.250000e-004	
818	4.750000e-004	
819	4.000000e-004	
820	5.000000e-004	
821	6.250000e-004	
822	5.500000e-004	
823	3.500000e-004	
824	2.750000e-004	
825	1.750000e-004	
826	1.250000e-004	
827	1.750000e-004	
828	1.750000e-004	
829	2.000000e-004	
830	1.750000e-004	
831	2.750000e-004	
832	7.500000e-005	
833	2.500000e-005	
834	7.500000e-005	
835	5.000000e-005	
836	0	
837	0	
838	0	
839	0	
840	0	
841	0	
842	0	
843	0	
844	0	
845	0	
846	0	
847	0	
848	0	
849	0	
850	0	
851	0	
852	0	
853	0	
854	0	
855	0	
856	0	
857	0	
858	0	
859	0	
860	0	
861	0	
862	0	
863	0	
864	0	
865	0	
866	0	
867	0	
868	0	
869	0	
870	0	
871	0	
872	0	
873	0	
874	0	
875	0	
876	0	
877	0	
878	0	
879	0	
880	0	
881	0	
882	0	
883	0	
884	0	
885	0	
886	0	
887	0	
888	0	
889	0	
890	0	
891	0	
892	0	
893	0	
894	0	
895	0	
896	0	
897	0	
898	0	
899	0	
900	0	
901	0	
902	0	
903	0	
904	0	
905	0	
906	0	
907	0	
908	0	
909	0	
910	0	
911	0	
912	0	
913	0	
914	0	
915	0	
916	0	
917	0	
918	0	
919	0	
920	0	
921	0	
922	0	
923	0	
924	0	
925	0	
926	0	
927	0	
928	0	
929	0	
930	0	
931	0	
932	0	
933	0	
934	2.500000e-005	
935	2.500000e-005	
936	7.500000e-005	
937	7.500000e-005	
938	0	
939	0	
940	0	
941	0	
942	0	
943	0	
944	0	
945	0	
946	0	
947	0	
948	0	
949	0	
950	0	
951	0	
952	0	
953	0	
954	0	
955	0	
956	0	
957	0	
958	0	
959	0	
960	0	
961	0	
962	0	
963	0	
964	0	
965	0	
966	0	
967	0	
968	0	
969	0	
970	0	
971	0	
972	0	
973	0	
974	0	
975	0	
976	0	
977	0	
978	0	
979	0	
980	0	
981	0	
982	0	
983	0	
984	0	
985	0	
986	0	
987	0	
988	0	
989	0	
990	0	
991	0	
992	0	
993	0	
994	0	
995	0	
996	0	
997	0	
998	0	
999	0	
1000	0	
1001	0	
1002	0	
1003	0	
1004	0	
1005	0	
1006	0	
1007	0	
1008	0	
1009	0	
1010	0	
1011	0	
1012	0	
1013	0	
1014	0	
1015	0	
1016	0	
1017	0	
1018	0	
1019	0	
1020	0	
1021	0	
1022	0	
1023	0	
1024	0	
1025	0	
1026	0	
1027	0	
1028	0	
1029	0	
1030	0	
1031	0	
1032	0	
1033	0	
1034	0	
1035	0	
1036	0	
1037	0	
1038	0	
1039	0	
1040	0	
1041	0	
1042	0	
1043	0	
1044	0	
1045	0	
1046	0	
1047	0	
1048	0	
1049	0	
1050	0	
1051	0	
1052	0	
1053	0	
1054	0	
1055	0	
1056	0	
1057	0	
1058	0	
1059	0	
1060	0	
1061	0	
1062	0	
1063	0	
1064	0	
1065	0	
1066	0	
1067	0	
1068	0	
1069	0	
1070	0	
1071	0	
1072	0	
1073	0	
1074	0	
1075	0	
1076	0	
1077	0	
1078	0	
1079	0	
1080	0	
1081	0	
1082	0	
1083	0	
1084	0	
1085	0	
1086	0	
1087	0	
1088	0	
1089	0	
1090	0	
1091	0	
1092	0	
1093	0	
1094	0	
1095	0	
1096	0	
1097	0	
1098	0	
1099	0	
1100	2.500000e-005	
1101	7.500000e-005	
1102	2.500000e-005	
1103	2.500000e-005	
1104	2.500000e-005	
1105	2.500000e-005	
1106	0	
1107	0	
1108	0	
1109	0	
1110	2.500000e-005	
1111	2.500000e-005	
1112	7.500000e-005	
1113	7.500000e-005	
1114	2.500000e-005	
1115	0	
1116	0	
1117	0	
1118	0	
1119	0	
1120	0	
1121	0	
1122	0	
1123	0	
1124	0	
1125	0	
1126	0	
1127	0	
1128	0	
1129	0	
1130	0	
1131	0	
1132	0	
1133	0	
1134	0	
1135	0	
1136	0	
1137	0	
1138	0	
1139	0	
1140	0	
1141	0	
1142	0	
1143	0	
1144	0	
1145	0	
1146	0	
1147	0	
1148	0	
1149	0	
1150	0	
1151	0	
1152	0	
1153	0	
1154	0	
1155	0	
1156	0	
1157	0	
1158	0	
1159	0	
1160	0	
1161	0	
1162	0	
1163	0	
1164	2.500000e-005	
1165	1.500000e-004	
1166	1.500000e-004	
1167	7.500000e-005	
1168	5.000000e-005	
1169	7.500000e-005	
1170	1.000000e-004	
1171	1.000000e-004	
1172	1.250000e-004	
1173	2.000000e-004	
1174	2.000000e-004	
1175	3.500000e-004	
1176	2.000000e-004	
1177	2.000000e-004	
1178	2.000000e-004	
1179	2.500000e-004	
1180	4.500000e-004	
1181	5.500000e-004	
1182	6.750000e-004	
1183	7.500000e-004	
1184	7.250000e-004	
1185	8.000000e-004	
1186	7.500000e-004	
1187	8.750000e-004	
1188	1.000000e-003	
1189	8.250000e-004	
1190	8.500000e-004	
1191	1.000000e-003	
1192	1.075000e-003	
1193	1.125000e-003	
1194	1.025000e-003	
1195	9.750000e-004	
1196	9.000000e-004	
1197	7.500000e-004	
1198	1.025000e-003	
1199	1.025000e-003	
1200	9.750000e-004	
1201	9.000000e-004	
1202	1.100000e-003	
1203	1.150000e-003	
1204	1.500000e-003	
1205	1.650000e-003	
1206	1.950000e-003	
1207	1.900000e-003	
1208	1.925000e-003	
1209	1.725000e-003	
1210	1.475000e-003	
1211	1.350000e-003	
1212	1.625000e-003	
1213	1.700000e-003	
1214	1.800000e-003	
1215	1.725000e-003	
1216	1.525000e-003	
1217	1.550000e-003	
1218	1.300000e-003	
1219	1.050000e-003	
1220	1.075000e-003	
1221	1.150000e-003	
1222	1.375000e-003	
1223	1.425000e-003	
1224	1.500000e-003	
1225	1.425000e-003	
1226	1.300000e-003	
1227	1.350000e-003	
1228	1.550000e-003	
1229	1.625000e-003	
1230	1.475000e-003	
1231	1.850000e-003	
1232	1.600000e-003	
1233	1.825000e-003	
1234	1.625000e-003	
1235	1.575000e-003	
1236	1.800000e-003	
1237	1.725000e-003	
1238	1.800000e-003	
1239	2.000000e-003	
1240	1.625000e-003	
1241	2.000000e-003	
1242	1.650000e-003	
1243	1.875000e-003	
1244	2.325000e-003	
1245	2.025000e-003	
1246	2.025000e-003	
1247	2.150000e-003	
1248	1.975000e-003	
1249	1.975000e-003	
1250	1.600000e-003	
1251	1.650000e-003	
1252	1.525000e-003	
1253	1.625000e-003	
1254	1.775000e-003	
1255	1.825000e-003	
1256	1.925000e-003	
1257	1.850000e-003	
1258	1.825000e-003	
1259	1.725000e-003	
1260	1.800000e-003	
1261	2.075000e-003	
1262	2.650000e-003	
1263	2.650000e-003	
1264	2.400000e-003	
1265	2.500000e-003	
1266	2.400000e-003	
1267	2.575000e-003	
1268	2.475000e-003	
1269	2.550000e-003	
1270	2.625000e-003	
1271	3.100000e-003	
1272	3.325000e-003	
1273	3.100000e-003	
1274	3.150000e-003	
1275	3.000000e-003	
1276	3.425000e-003	
1277	3.425000e-003	
1278	2.975000e-003	
1279	3.125000e-003	
1280	3.100000e-003	
1281	3.550000e-003	
1282	3.375000e-003	
1283	3.175000e-003	
1284	3.200000e-003	
1285	3.150000e-003	
1286	3.200000e-003	
1287	3.425000e-003	
1288	3.625000e-003	
1289	3.575000e-003	
1290	3.150000e-003	
1291	2.650000e-003	
1292	2.500000e-003	
1293	2.625000e-003	
1294	2.725000e-003	
1295	2.775000e-003	
1296	3.150000e-003	
1297	3.050000e-003	
1298	3.125000e-003	
1299	3.000000e-003	
1300	3.100000e-003	
1301	2.525000e-003	
1302	2.400000e-003	
1303	2.525000e-003	
1304	2.925000e-003	
1305	3.250000e-003	
1306	3.425000e-003	
1307	3.250000e-003	
1308	3.375000e-003	
1309	3.100000e-003	
1310	3.275000e-003	
1311	3.225000e-003	
1312	2.875000e-003	
1313	2.525000e-003	
1314	2.600000e-003	
1315	2.700000e-003	
1316	2.550000e-003	
1317	2.400000e-003	
1318	2.525000e-003	
1319	2.300000e-003	
1320	2.175000e-003	
1321	2.175000e-003	
1322	2.100000e-003	
1323	2.175000e-003	
1324	2.450000e-003	
1325	2.575000e-003	
1326	2.625000e-003	
1327	2.475000e-003	
1328	2.650000e-003	
1329	2.500000e-003	
1330	2.200000e-003	
1331	2.250000e-003	
1332	2.025000e-003	
1333	2.050000e-003	
1334	1.975000e-003	
1335	1.775000e-003	
1336	2.350000e-003	
1337	2.025000e-003	
1338	2.150000e-003	
1339	2.450000e-003	
1340	2.525000e-003	
1341	2.425000e-003	
1342	2.350000e-003	
1343	2.200000e-003	
1344	2.375000e-003	
1345	2.075000e-003	
1346	1.800000e-003	
1347	1.600000e-003	
1348	1.625000e-003	
1349	1.550000e-003	
1350	1.375000e-003	
1351	1.150000e-003	
1352	1.175000e-003	
1353	1.700000e-003	
1354	1.650000e-003	
1355	1.675000e-003	
1356	1.475000e-003	
1357	1.675000e-003	
1358	1.400000e-003	
1359	1.325000e-003	
1360	1.100000e-003	
1361	1.200000e-003	
1362	1.075000e-003	
1363	1.200000e-003	
1364	1.225000e-003	
1365	1.050000e-003	
1366	8.750000e-004	
1367	1.075000e-003	
1368	9.750000e-004	
1369	6.750000e-004	
1370	6.000000e-004	
1371	6.250000e-004	
1372	5.500000e-004	
1373	8.250000e-004	
1374	7.750000e-004	
1375	5.000000e-004	
1376	4.000000e-004	
1377	4.500000e-004	
1378	5.500000e-004	
1379	5.000000e-004	
1380	5.750000e-004	
1381	6.000000e-004	
1382	5.750000e-004	
1383	4.750000e-004	
1384	4.500000e-004	
1385	5.500000e-004	
1386	7.000000e-004	
1387	7.000000e-004	
1388	5.750000e-004	
1389	6.250000e-004	
1390	9.000000e-004	
1391	9.250000e-004	
1392	6.250000e-004	
1393	5.500000e-004	
1394	6.250000e-004	
1395	5.750000e-004	
1396	4.500000e-004	
1397	5.250000e-004	
1398	6.000000e-004	
1399	5.000000e-004	
1400	3.500000e-004	
1401	3.000000e-004	
1402	2.750000e-004	
1403	2.750000e-004	
1404	1.250000e-004	
1405	5.000000e-005	
1406	0	
1407	0	
1408	0	
1409	0	
1410	0	
1411	0	
1412	0	
1413	0	
1414	0	
1415	0	
1416	0	
1417	0	
1418	0	
1419	0	
1420	0	
1421	0	
1422	0	
1423	0	
1424	0	
1425	0	
1426	0	
1427	0	
1428	0	
1429	0	
1430	0	
1431	0	
1432	0	
1433	0	
1434	0	
1435	0	
1436	0	
1437	0	
1438	0	
1439	0	
1440	0	
1441	0	
1442	0	
1443	0	
1444	0	
1445	0	
1446	0	
1447	0	
1448	0	
1449	0	
1450	0	
1451	0	
1452	0	
1453	0	
1454	0	
1455	0	
1456	0	
1457	0	
1458	0	
1459	0	
1460	0	
1461	0	
1462	0	
1463	0	
1464	0	
1465	0	
1466	0	
1467	0	
1468	0	
1469	0	
1470	0	
1471	0	
1472	0	
1473	0	
1474	0	
1475	0	
1476	0	
1477	0	
1478	0	
1479	0	
1480	0	
1481	0	
1482	0	
1483	0	
1484	0	
1485	0	
1486	0	
1487	0	
1488	0	
1489	0	
1490	0	
1491	0	
1492	0	
1493	0	
1494	0	
1495	0	
1496	0	
1497	0	
1498	0	
1499	0	
1500	0	
1501	0	
1502	0	
1503	0	
1504	0	
1505	0	
1506	0	
1507	0	
1508	0	
1509	0	
1510	0	
1511	0	
1512	0	
1513	0	
1514	0	
1515	0	
1516	0	
1517	0	
1518	0	
1519	0	
1520	2.500000e-005	
1521	5.000000e-005	
1522	5.000000e-005	
1523	1.000000e-004	
1524	7.500000e-005	
1525	2.500000e-005	
1526	0	
1527	0	
1528	0	
1529	0	
1530	0	
1531	0	
1532	0	
1533	0	
1534	0	
1535	0	
1536	0	
1537	0	
1538	0	
1539	0	
1540	0	
1541	0	
1542	0	
1543	0	
1544	0	
1545	0	
1546	0	
1547	0	
1548	0	
1549	0	
1550	0	
1551	0	
1552	0	
1553	0	
1554	0	
1555	0	
1556	0	
1557	0	
1558	0	
1559	0	
1560	0	
1561	0	
1562	0	
1563	0	
1564	0	
1565	0	
1566	2.500000e-005	
1567	5.000000e-005	
1568	7.500000e-005	
1569	5.000000e-005	
1570	5.000000e-005	
1571	1.000000e-004	
1572	7.500000e-005	
1573	5.000000e-005	
1574	2.500000e-005	
1575	2.500000e-005	
1576	5.000000e-005	
1577	5.000000e-005	
1578	2.500000e-005	
1579	0	
1580	0	
1581	0	
1582	0	
1583	0	
1584	0	
1585	0	
1586	0	
1587	0	
1588	0	
1589	0	
1590	0	
1591	0	
1592	0	
1593	0	
1594	0	
1595	0	
1596	0	
1597	0	
1598	0	
1599	0	
1600	0	
1601	0	
1602	0	
1603	0	
1604	0	
1605	0	
1606	0	
1607	0	
1608	0	
1609	0	
1610	0	
1611	0	
1612	0	
1613	0	
1614	0	
1615	0	
1616	0	
1617	0	
1618	0	
1619	0	
1620	0	
1621	0	
1622	0	
1623	0	
1624	0	
1625	0	
1626	0	
1627	0	
1628	0	
1629	0	
1630	0	
1631	0	
1632	0	
1633	0	
1634	0	
1635	0	
1636	0	
1637	0	
1638	0	
1639	0	
1640	0	
1641	2.500000e-005	
1642	0	
1643	2.500000e-005	
1644	5.000000e-005	
1645	1.000000e-004	
1646	2.500000e-005	
1647	2.500000e-005	
1648	2.500000e-005	
1649	2.500000e-005	
1650	7.500000e-005	
1651	5.000000e-005	
1652	5.000000e-005	
1653	5.000000e-005	
1654	2.500000e-005	
1655	7.500000e-005	
1656	1.000000e-004	
1657	5.000000e-005	
1658	5.000000e-005	
1659	2.500000e-005	
1660	5.000000e-005	
1661	0	
1662	0	
1663	0	
1664	0	
1665	0	
1666	0	
1667	0	
1668	0	
1669	0	
1670	0	
1671	0	
1672	0	
1673	0	
1674	0	
1675	0	
1676	0	
1677	0	
1678	0	
1679	0	
1680	0	
1681	0	
1682	0	
1683	0	
1684	0	
1685	0	
1686	0	
1687	0	
1688	0	
1689	0	
1690	0	
1691	0	
1692	0	
1693	0	
1694	0	
1695	0	
1696	0	
1697	0	
1698	0	
1699	0	
1700	0	
1701	0	
1702	0	
1703	0	
1704	0	
1705	0	
1706	0	
1707	0	
1708	0	
1709	0	
1710	0	
1711	0	
1712	0	
1713	0	
1714	0	
1715	0	
1716	0	
1717	0	
1718	0	
1719	0	
1720	0	
1721	0	
1722	0	
1723	0	
1724	0	
1725	0	
1726	0	
1727	0	
1728	0	
1729	0	
1730	0	
1731	0	
1732	0	
1733	0	
1734	0	
1735	0	
1736	0	
1737	0	
1738	0	
1739	0	
1740	0	
1741	0	
1742	0	
1743	0	
1744	0	
1745	0	
1746	0	
1747	0	
1748	0	
1749	0	
1750	2.500000e-005	
1751	7.500000e-005	
1752	2.500000e-005	
1753	5.000000e-005	
1754	7.500000e-005	
1755	1.500000e-004	
1756	1.250000e-004	
1757	2.000000e-004	
1758	2.500000e-004	
1759	2.250000e-004	
1760	3.500000e-004	
1761	3.500000e-004	
1762	3.750000e-004	
1763	4.500000e-004	
1764	5.500000e-004	
1765	3.250000e-004	
1766	4.750000e-004	
1767	6.250000e-004	
1768	8.000000e-004	
1769	6.500000e-004	
1770	5.500000e-004	
1771	6.750000e-004	
1772	9.250000e-004	
1773	1.000000e-003	
1774	1.000000e-003	
1775	1.175000e-003	
1776	1.225000e-003	
1777	1.500000e-003	
1778	1.400000e-003	
1779	1.450000e-003	
1780	1.400000e-003	
1781	1.475000e-003	
1782	1.600000e-003	
1783	1.800000e-003	
1784	1.550000e-003	
1785	1.650000e-003	
1786	1.775000e-003	
1787	1.900000e-003	
1788	1.450000e-003	
1789	1.575000e-003	
1790	1.800000e-003	
1791	1.775000e-003	
1792	1.925000e-003	
1793	2.000000e-003	
1794	1.700000e-003	
1795	1.875000e-003	
1796	2.375000e-003	
1797	2.725000e-003	
1798	2.200000e-003	
1799	2.500000e-003	
1800	2.800000e-003	
1801	2.500000e-003	
1802	2.475000e-003	
1803	2.625000e-003	
1804	2.750000e-003	
1805	2.650000e-003	
1806	2.825000e-003	
1807	2.700000e-003	
1808	2.800000e-003	
1809	2.600000e-003	
1810	2.875000e-003	
1811	2.775000e-003	
1812	3.250000e-003	
1813	3.475000e-003	
1814	3.425000e-003	
1815	4.075000e-003	
1816	4.175000e-003	
1817	4.350000e-003	
1818	4.225000e-003	
1819	4.325000e-003	
1820	4.500000e-003	
1821	4.650000e-003	
1822	4.650000e-003	
1823	4.750000e-003	
1824	4.875000e-003	
1825	4.725000e-003	
1826	4.875000e-003	
1827	4.600000e-003	
1828	4.425000e-003	
1829	4.425000e-003	
1830	4.300000e-003	
1831	4.025000e-003	
1832	3.950000e-003	
1833	3.600000e-003	
1834	3.925000e-003	
1835	4.375000e-003	
1836	4.525000e-003	
1837	4.275000e-003	
1838	4.300000e-003	
1839	4.100000e-003	
1840	4.400000e-003	
1841	4.975000e-003	
1842	4.550000e-003	
1843	4.350000e-003	
1844	4.575000e-003	
1845	4.125000e-003	
1846	4.050000e-003	
1847	4.325000e-003	
1848	4.400000e-003	
1849	4.475000e-003	
1850	4.250000e-003	
1851	4.025000e-003	
1852	3.800000e-003	
1853	3.875000e-003	
1854	3.725000e-003	
1855	3.875000e-003	
1856	3.950000e-003	
1857	3.625000e-003	
1858	3.375000e-003	
1859	3.375000e-003	
1860	3.475000e-003	
1861	3.450000e-003	
1862	3.200000e-003	
1863	3.075000e-003	
1864	3.200000e-003	
1865	2.725000e-003	
1866	2.725000e-003	
1867	3.100000e-003	
1868	3.250000e-003	
1869	2.750000e-003	
1870	2.575000e-003	
1871	2.375000e-003	
1872	2.050000e-003	
1873	1.975000e-003	
1874	1.800000e-003	
1875	1.800000e-003	
1876	1.875000e-003	
1877	1.775000e-003	
1878	1.600000e-003	
1879	1.525000e-003	
1880	1.200000e-003	
1881	1.075000e-003	
1882	9.250000e-004	
1883	1.175000e-003	
1884	1.300000e-003	
1885	1.500000e-003	
1886	1.775000e-003	
1887	1.825000e-003	
1888	1.650000e-003	
1889	1.925000e-003	
1890	1.850000e-003	
1891	1.850000e-003	
1892	1.750000e-003	
1893	1.525000e-003	
1894	1.375000e-003	
1895	1.300000e-003	
1896	1.275000e-003	
1897	1.300000e-003	
1898	1.300000e-003	
1899	1.250000e-003	
1900	1.000000e-003	
1901	1.125000e-003	
1902	9.750000e-004	
1903	7.750000e-004	
1904	7.500000e-004	
1905	7.250000e-004	
1906	5.500000e-004	
1907	3.500000e-004	
1908	2.500000e-004	
1909	3.500000e-004	
1910	3.750000e-004	
1911	3.250000e-004	
1912	4.500000e-004	
1913	4.500000e-004	
1914	5.250000e-004	
1915	5.750000e-004	
1916	5.750000e-004	
1917	7.250000e-004	
1918	6.500000e-004	
1919	6.500000e-004	
1920	5.250000e-004	
1921	4.250000e-004	
1922	5.000000e-004	
1923	3.500000e-004	
1924	3.500000e-004	
1925	2.750000e-004	
1926	2.750000e-004	
1927	3.750000e-004	
1928	3.000000e-004	
1929	2.750000e-004	
1930	2.500000e-004	
1931	2.250000e-004	
1932	3.250000e-004	
1933	1.750000e-004	
1934	1.750000e-004	
1935	5.000000e-005	
1936	5.000000e-005	
1937	2.500000e-005	
1938	7.500000e-005	
1939	1.000000e-004	
1940	1.250000e-004	
1941	1.250000e-004	
1942	1.000000e-004	
1943	7.500000e-005	
1944	2.500000e-005	
1945	2.500000e-005	
1946	2.500000e-005	
1947	2.500000e-005	
1948	0	
1949	0	
1950	0	
1951	0	
1952	0	
1953	0	
1954	0	
1955	0	
1956	0	
1957	0	
1958	0	
1959	0	
1960	0	
1961	0	
1962	0	
1963	0	
1964	0	
1965	0	
1966	0	
1967	0	
1968	0	
1969	0	
1970	0	
1971	0	
1972	0	
1973	0	
1974	0	
1975	0	
1976	0	
1977	2.500000e-005	
1978	5.000000e-005	
1979	2.500000e-005	
1980	7.500000e-005	
1981	7.500000e-005	
1982	5.000000e-005	
1983	2.500000e-005	
1984	5.000000e-005	
1985	2.500000e-005	
1986	2.500000e-005	
1987	0	
1988	0	
1989	0	
1990	0	
1991	0	
1992	0	
1993	0	
1994	0	
1995	0	
1996	0	
1997	0	
1998	0	
1999	0	
2000	0	
2001	0	
2002	0	
2003	0	
2004	0	
2005	0	
2006	0	
2007	0	
2008	0	
2009	0	
2010	0	
2011	0	
2012	0	
2013	0	
2014	0	
2015	0	
2016	0	
2017	0	
2018	0	
2019	0	
2020	0	
2021	0	
2022	0	
2023	0	
2024	0	
2025	0	
2026	0	
2027	0	
2028	0	
2029	0	
2030	0	
2031	0	
2032	0	
2033	0	
2034	0	
2035	0	
2036	0	
2037	0	
2038	2.500000e-005	
2039	5.000000e-005	
2040	2.500000e-005	
2041	2.500000e-005	
2042	2.500000e-005	
2043	0	
2044	0	
2045	0	
2046	0	
2047	0	
2048	0	
2049	0	
2050	0	
2051	0	
2052	0	
2053	0	
2054	0	
2055	0	
2056	0	
2057	0	
2058	0	
2059	0	
2060	0	
2061	0	
2062	0	
2063	0	
2064	0	
2065	0	
2066	0	
2067	0	
2068	0	
2069	0	
2070	0	
2071	0	
2072	0	
2073	0	
2074	0	
2075	0	
2076	0	
2077	0	
2078	0	
2079	0	
2080	0	
2081	0	
2082	0	
2083	0	
2084	0	
2085	0	
2086	0	
2087	0	
2088	0	
2089	0	
2090	0	
2091	0	
2092	0	
2093	0	
2094	0	
2095	0	
2096	0	
2097	0	
2098	0	
2099	0	
2100	0	
2101	0	
2102	0	
2103	0	
2104	0	
2105	0	
2106	0	
2107	0	
2108	0	
2109	0	
2110	0	
2111	0	
2112	0	
2113	0	
2114	0	
2115	0	
2116	0	
2117	0	
2118	0	
2119	0	
2120	0	
2121	0	
2122	0	
2123	0	
2124	0	
2125	0	
2126	0	
2127	0	
2128	0	
2129	0	
2130	0	
2131	0	
2132	0	
2133	0	
2134	0	
2135	0	
2136	0	
2137	0	
2138	0	
2139	0	
2140	0	
2141	0	
2142	0	
2143	0	
2144	0	
2145	0	
2146	0	
2147	0	
2148	0	
2149	0	
2150	0	
2151	0	
2152	0	
2153	0	
2154	0	
2155	0	
2156	0	
2157	0	
2158	0	
2159	2.500000e-005	
2160	5.000000e-005	
2161	5.000000e-005	
2162	2.500000e-005	
2163	0	
2164	0	
2165	0	
2166	0	
2167	0	
2168	0	
2169	0	
2170	0	
2171	0	
2172	0	
2173	0	
2174	0	
2175	0	
2176	0	
2177	0	
2178	0	
2179	0	
2180	0	
2181	0	
2182	0	
2183	0	
2184	0	
2185	0	
2186	0	
2187	0	
2188	0	
2189	0	
2190	0	
2191	0	
2192	0	
2193	0	
2194	0	
2195	0	
2196	0	
2197	0	
2198	0	
2199	0	
2200	0	
2201	0	
2202	0	
2203	0	
2204	0	
2205	0	
2206	0	
2207	0	
2208	0	
2209	0	
2210	0	
2211	0	
2212	0	
2213	0	
2214	0	
2215	0	
2216	0	
2217	0	
2218	0	
2219	0	
2220	0	
2221	0	
2222	0	
2223	0	
2224	0	
2225	0	
2226	0	
2227	0	
2228	0	
2229	0	
2230	0	
2231	0	
2232	0	
2233	0	
2234	0	
2235	0	
2236	0	
2237	0	
2238	0	
2239	0	
2240	0	
2241	0	
2242	0	
2243	0	
2244	0	
2245	0	
2246	0	
2247	0	
2248	0	
2249	0	
2250	0	
2251	0	
2252	0	
2253	0	
2254	0	
2255	0	
2256	0	
2257	0	
2258	0	
2259	0	
2260	0	
2261	0	
2262	0	
2263	0	
2264	0	
2265	0	
2266	0	
2267	0	
2268	0	
2269	0	
2270	0	
2271	0	
2272	0	
2273	0	
2274	0	
2275	0	
2276	0	
2277	0	
2278	0	
2279	0	
2280	0	
2281	0	
2282	0	
2283	0	
2284	0	
2285	0	
2286	0	
2287	0	
2288	0	
2289	0	
2290	0	
2291	0	
2292	0	
2293	0	
2294	0	
2295	0	
2296	0	
2297	0	
2298	0	
2299	0	
2300	0	
2301	0	
2302	0	
2303	0	
2304	0	
2305	0	
2306	0	
2307	0	
2308	0	
2309	0	
2310	0	
2311	0	
2312	0	
2313	0	
2314	0	
2315	0	
2316	0	
2317	0	
2318	0	
2319	0	
2320	0	
2321	0	
2322	0	
2323	0	
2324	0	
2325	0	
2326	0	
2327	0	
2328	0	
2329	0	
2330	0	
2331	0	
2332	0	
2333	0	
2334	0	
2335	0	
2336	0	
2337	0	
2338	0	
2339	0	
2340	0	
2341	0	
2342	0	
2343	0	
2344	0	
2345	0	
2346	0	
2347	0	
2348	0	
2349	0	
2350	0	
2351	0	
2352	0	
2353	0	
2354	0	
2355	0	
2356	0	
2357	0	
2358	0	
2359	0	
2360	0	
2361	0	
2362	0	
2363	0	
2364	0	
2365	0	
2366	0	
2367	0	
2368	0	
2369	0	
2370	0	
2371	2.500000e-005	
2372	1.250000e-004	
2373	2.250000e-004	
2374	1.750000e-004	
2375	1.750000e-004	
2376	1.250000e-004	
2377	1.500000e-004	
2378	2.250000e-004	
2379	2.000000e-004	
2380	2.500000e-004	
2381	2.250000e-004	
2382	2.000000e-004	
2383	2.250000e-004	
2384	4.000000e-004	
2385	4.500000e-004	
2386	3.500000e-004	
2387	4.000000e-004	
2388	3.750000e-004	
2389	5.500000e-004	
2390	4.250000e-004	
2391	3.000000e-004	
2392	3.500000e-004	
2393	4.000000e-004	
2394	5.000000e-004	
2395	7.000000e-004	
2396	1.000000e-003	
2397	9.750000e-004	
2398	1.300000e-003	
2399	1.475000e-003	
2400	1.525000e-003	
2401	1.800000e-003	
2402	2.000000e-003	
2403	2.400000e-003	
2404	2.600000e-003	
2405	2.850000e-003	
2406	2.900000e-003	
2407	3.125000e-003	
2408	2.950000e-003	
2409	3.075000e-003	
2410	3.150000e-003	
2411	3.475000e-003	
2412	3.375000e-003	
2413	3.150000e-003	
2414	3.250000e-003	
2415	3.350000e-003	
2416	2.825000e-003	
2417	3.075000e-003	
2418	3.100000e-003	
2419	2.975000e-003	
2420	3.450000e-003	
2421	3.500000e-003	
2422	3.825000e-003	
2423	3.725000e-003	
2424	3.950000e-003	
2425	4.325000e-003	
2426	4.325000e-003	
2427	4.900000e-003	
2428	4.775000e-003	
2429	4.500000e-003	
2430	4.900000e-003	
2431	5.775000e-003	
2432	6.250000e-003	
2433	6.350000e-003	
2434	6.325000e-003	
2435	5.925000e-003	
2436	6.750000e-003	
2437	6.275000e-003	
2438	5.975000e-003	
2439	6.300000e-003	
2440	6.250000e-003	
2441	6.550000e-003	
2442	6.775000e-003	
2443	6.375000e-003	
2444	6.875000e-003	
2445	7.125000e-003	
2446	7.325000e-003	
2447	7.450000e-003	
2448	7.750000e-003	
2449	8.150000e-003	
2450	7.025000e-003	
2451	7.275000e-003	
2452	7.475000e-003	
2453	7.425000e-003	
2454	8.025000e-003	
2455	8.225000e-003	
2456	7.600000e-003	
2457	8.250000e-003	
2458	7.425000e-003	
2459	6.750000e-003	
2460	6.950000e-003	
2461	7.525000e-003	
2462	7.150000e-003	
2463	6.650000e-003	
2464	6.125000e-003	
2465	5.850000e-003	
2466	5.500000e-003	
2467	4.800000e-003	
2468	4.175000e-003	
2469	3.550000e-003	
2470	3.900000e-003	
2471	3.900000e-003	
2472	3.675000e-003	
2473	4.250000e-003	
2474	3.800000e-003	
2475	4.075000e-003	
2476	3.750000e-003	
2477	3.525000e-003	
2478	3.600000e-003	
2479	3.425000e-003	
2480	3.750000e-003	
2481	3.700000e-003	
2482	3.725000e-003	
2483	3.900000e-003	
2484	3.600000e-003	
2485	3.475000e-003	
2486	2.575000e-003	
2487	2.075000e-003	
2488	2.100000e-003	
2489	1.975000e-003	
2490	1.875000e-003	
2491	1.775000e-003	
2492	1.400000e-003	
2493	1.225000e-003	
2494	8.250000e-004	
2495	7.000000e-004	
2496	6.500000e-004	
2497	3.000000e-004	
2498	1.000000e-004	
2499	5.000000e-005	
2500	1.000000e-004	
2501	5.000000e-005	
2502	0	
2503	0	
2504	0	
2505	0	
2506	0	
2507	0	
2508	0	
2509	0	
2510	0	
2511	0	
2512	0	
2513	0	
2514	0	
2515	0	
2516	0	
2517	0	
2518	0	
2519	0	
2520	0	
2521	0	
2522	0	
2523	0	
2524	0	
2525	0	
2526	0	
2527	0	
2528	0	
2529	0	
2530	0	
2531	0	
2532	0	
2533	0	
2534	0	
2535	0	
2536	0	
2537	0	
2538	0	
2539	0	
2540	0	
2541	0	
2542	0	
2543	0	
2544	0	
2545	0	
2546	0	
2547	0	
2548	0	
2549	0	
2550	0	
2551	0	
2552	0	
2553	2.500000e-005	
2554	0	
2555	0	
2556	0	
2557	0	
2558	0	
2559	0	
2560	0	
2561	0	
2562	0	
2563	0	
2564	0	
2565	0	
2566	0	
2567	0	
2568	0	
2569	0	
2570	0	
2571	0	
2572	0	
2573	0	
2574	0	
2575	0	
2576	0	
2577	0	
2578	0	
2579	0	
2580	0	
2581	0	
2582	0	
2583	0	
2584	0	
2585	0	
2586	0	
2587	0	
2588	0	
2589	2.500000e-005	
2590	2.500000e-005	
2591	0	
2592	0	
2593	0	
2594	0	
2595	0	
2596	0	
2597	0	
2598	0	
2599	0	
2600	0	
2601	0	
2602	0	
2603	0	
2604	0	
2605	0	
2606	0	
2607	0	
2608	0	
2609	0	
2610	0	
2611	0	
2612	0	
2613	0	
2614	0	
2615	0	
2616	0	
2617	0	
2618	0	
2619	0	
2620	0	
2621	0	
2622	0	
2623	0	
2624	0	
2625	0	
2626	0	
2627	0	
2628	0	
2629	0	
2630	0	
2631	0	
2632	0	
2633	0	
2634	0	
2635	0	
2636	0	
2637	0	
2638	0	
2639	0	
2640	0	
2641	0	
2642	0	
2643	0	
2644	0	
2645	0	
2646	0	
2647	0	
2648	0	
2649	0	
2650	0	
2651	0	
2652	0	
2653	0	
2654	0	
2655	0	
2656	0	
2657	0	
2658	0	
2659	0	
2660	0	
2661	0	
2662	0	
2663	0	
2664	0	
2665	0	
2666	0	
2667	0	
2668	0	
2669	0	
2670	0	
2671	0	
2672	0	
2673	0	
2674	0	
2675	0	
2676	0	
2677	0	
2678	0	
2679	0	
2680	0	
2681	0	
2682	0	
2683	0	
2684	0	
2685	0	
2686	0	
2687	0	
2688	0	
2689	0	
2690	0	
2691	0	
2692	0	
2693	0	
2694	0	
2695	0	
2696	0	
2697	0	
2698	0	
2699	0	
2700	0	
2701	0	
2702	0	
2703	0	
2704	0	
2705	0	
2706	0	
2707	0	
2708	0	
2709	0	
2710	0	
2711	0	
2712	0	
2713	0	
2714	0	
2715	0	
2716	0	
2717	0	
2718	0	
2719	2.500000e-005	
2720	7.500000e-005	
2721	5.000000e-005	
2722	2.500000e-005	
2723	2.500000e-005	
2724	5.000000e-005	
2725	5.000000e-005	
2726	2.500000e-005	
2727	7.500000e-005	
2728	1.000000e-004	
2729	2.500000e-005	
2730	2.500000e-005	
2731	2.500000e-005	
2732	0	
2733	0	
2734	0	
2735	0	
2736	0	
2737	0	
2738	0	
2739	0	
2740	0	
2741	0	
2742	0	
2743	0	
2744	0	
2745	0	
2746	0	
2747	0	
2748	0	
2749	0	
2750	0	
2751	0	
2752	0	
2753	0	
2754	0	
2755	0	
2756	0	
2757	0	
2758	0	
2759	0	
2760	0	
2761	0	
2762	0	
2763	0	
2764	0	
2765	0	
2766	0	
2767	0	
2768	0	
2769	0	
2770	0	
2771	0	
2772	0	
2773	0	
2774	0	
2775	0	
2776	0	
2777	0	
2778	0	
2779	0	
2780	0	
2781	0	
2782	0	
2783	0	
2784	0	
2785	0	
2786	0	
2787	0	
2788	0	
2789	0	
2790	0	
2791	0	
2792	0	
2793	0	
2794	0	
2795	0	
2796	0	
2797	0	
2798	0	
2799	0	
2800	0	
2801	0	
2802	0	
2803	0	
2804	0	
2805	0	
2806	0	
2807	0	
2808	0	
2809	0	
2810	0	
2811	0	
2812	0	
2813	0	
2814	0	
2815	0	
2816	0	
2817	0	
2818	0	
2819	0	
2820	0	
2821	0	
2822	0	
2823	0	
2824	0	
2825	0	
2826	0	
2827	2.500000e-005	
2828	1.000000e-004	
2829	1.000000e-004	
2830	5.000000e-005	
2831	5.000000e-005	
2832	1.250000e-004	
2833	7.500000e-005	
2834	5.000000e-005	
2835	7.500000e-005	
2836	7.500000e-005	
2837	1.750000e-004	
2838	2.000000e-004	
2839	1.250000e-004	
2840	2.000000e-004	
2841	5.000000e-005	
2842	2.500000e-005	
2843	5.000000e-005	
2844	1.250000e-004	
2845	1.500000e-004	
2846	1.250000e-004	
2847	5.000000e-005	
2848	7.500000e-005	
2849	5.000000e-005	
2850	5.000000e-005	
2851	2.500000e-005	
2852	0	
2853	0	
2854	0	
2855	0	
2856	0	
2857	0	
2858	0	
2859	0	
2860	0	
2861	0	
2862	0	
2863	0	
2864	0	
2865	0	
2866	0	
2867	0	
2868	0	
2869	0	
2870	0	
2871	0	
2872	0	
2873	0	
2874	0	
2875	0	
2876	0	
2877	2.500000e-005	
2878	2.500000e-005	
2879	2.500000e-005	
2880	1.000000e-004	
2881	1.000000e-004	
2882	7.500000e-005	
2883	7.500000e-005	
2884	5.000000e-005	
2885	1.250000e-004	
2886	1.500000e-004	
2887	1.500000e-004	
2888	2.000000e-004	
2889	1.500000e-004	
2890	2.500000e-005	
2891	5.000000e-005	
2892	2.500000e-005	
2893	2.500000e-005	
2894	0	
2895	0	
2896	0	
2897	0	
2898	0	
2899	0	
2900	0	
2901	0	
2902	0	
2903	0	
2904	0	
2905	0	
2906	0	
2907	0	
2908	0	
2909	0	
2910	0	
2911	0	
2912	0	
2913	0	
2914	0	
2915	0	
2916	0	
2917	0	
2918	0	
2919	0	
2920	2.500000e-005	
2921	7.500000e-005	
2922	7.500000e-005	
2923	1.000000e-004	
2924	5.000000e-005	
2925	2.500000e-005	
2926	1.000000e-004	
2927	7.500000e-005	
2928	7.500000e-005	
2929	1.000000e-004	
2930	5.000000e-005	
2931	2.500000e-005	
2932	2.500000e-005	
2933	2.500000e-005	
2934	5.000000e-005	
2935	1.250000e-004	
2936	7.500000e-005	
2937	1.500000e-004	
2938	1.000000e-004	
2939	1.500000e-004	
2940	2.500000e-004	
2941	2.250000e-004	
2942	3.500000e-004	
2943	2.750000e-004	
2944	2.250000e-004	
2945	1.000000e-004	
2946	1.000000e-004	
2947	1.250000e-004	
2948	1.500000e-004	
2949	2.000000e-004	
2950	2.500000e-004	
2951	3.000000e-004	
2952	3.500000e-004	
2953	5.000000e-004	
2954	3.750000e-004	
2955	2.000000e-004	
2956	2.000000e-004	
2957	1.750000e-004	
2958	1.750000e-004	
2959	2.250000e-004	
2960	3.500000e-004	
2961	3.500000e-004	
2962	3.750000e-004	
2963	4.250000e-004	
2964	3.500000e-004	
2965	1.750000e-004	
2966	1.000000e-004	
2967	1.500000e-004	
2968	2.750000e-004	
2969	3.000000e-004	
2970	2.750000e-004	
2971	2.000000e-004	
2972	2.500000e-004	
2973	3.000000e-004	
2974	3.250000e-004	
2975	3.750000e-004	
2976	4.000000e-004	
2977	6.000000e-004	
2978	5.250000e-004	
2979	4.250000e-004	
2980	5.250000e-004	
2981	5.250000e-004	
2982	5.500000e-004	
2983	5.750000e-004	
2984	7.000000e-004	
2985	7.500000e-004	
2986	7.750000e-004	
2987	5.750000e-004	
2988	5.250000e-004	
2989	6.000000e-004	
2990	6.750000e-004	
2991	7.750000e-004	
2992	7.750000e-004	
2993	9.000000e-004	
2994	1.100000e-003	
2995	1.025000e-003	
2996	1.525000e-003	
2997	1.250000e-003	
2998	1.300000e-003	
2999	1.425000e-003	
3000	1.300000e-003	
3001	1.475000e-003	
