1	0	
2	0	
3	0	
4	0	
5	0	
6	0	
7	0	
8	0	
9	0	
10	0	
11	0	
12	0	
13	0	
14	0	
15	0	
16	0	
17	0	
18	0	
19	0	
20	0	
21	0	
22	0	
23	0	
24	0	
25	0	
26	0	
27	0	
28	0	
29	0	
30	0	
31	0	
32	0	
33	0	
34	0	
35	0	
36	0	
37	0	
38	0	
39	0	
40	0	
41	0	
42	0	
43	0	
44	0	
45	2.500000e-005	
46	1.000000e-004	
47	1.500000e-004	
48	2.250000e-004	
49	3.250000e-004	
50	6.500000e-004	
51	9.750000e-004	
52	9.250000e-004	
53	8.250000e-004	
54	1.000000e-003	
55	1.200000e-003	
56	1.300000e-003	
57	1.375000e-003	
58	2.125000e-003	
59	2.300000e-003	
60	2.500000e-003	
61	2.875000e-003	
62	3.125000e-003	
63	3.175000e-003	
64	3.425000e-003	
65	3.800000e-003	
66	4.025000e-003	
67	3.650000e-003	
68	3.375000e-003	
69	3.875000e-003	
70	3.975000e-003	
71	4.625000e-003	
72	4.625000e-003	
73	5.075000e-003	
74	5.450000e-003	
75	5.375000e-003	
76	5.950000e-003	
77	6.200000e-003	
78	5.725000e-003	
79	5.950000e-003	
80	6.075000e-003	
81	5.450000e-003	
82	5.725000e-003	
83	6.275000e-003	
84	6.200000e-003	
85	6.500000e-003	
86	6.575000e-003	
87	6.875000e-003	
88	6.750000e-003	
89	7.050000e-003	
90	6.875000e-003	
91	6.875000e-003	
92	7.700000e-003	
93	7.375000e-003	
94	7.575000e-003	
95	7.850000e-003	
96	7.800000e-003	
97	7.925000e-003	
98	7.725000e-003	
99	7.850000e-003	
100	7.275000e-003	
101	6.925000e-003	
102	7.325000e-003	
103	7.600000e-003	
104	7.200000e-003	
105	7.600000e-003	
106	7.400000e-003	
107	8.025000e-003	
108	7.725000e-003	
109	7.375000e-003	
110	8.125000e-003	
111	7.775000e-003	
112	7.525000e-003	
113	7.950000e-003	
114	7.725000e-003	
115	7.375000e-003	
116	7.150000e-003	
117	7.900000e-003	
118	8.650000e-003	
119	7.700000e-003	
120	7.750000e-003	
121	7.975000e-003	
122	7.250000e-003	
123	6.225000e-003	
124	6.400000e-003	
125	6.600000e-003	
126	5.850000e-003	
127	5.150000e-003	
128	5.650000e-003	
129	5.700000e-003	
130	5.250000e-003	
131	4.525000e-003	
132	4.225000e-003	
133	4.350000e-003	
134	4.100000e-003	
135	3.750000e-003	
136	3.875000e-003	
137	3.650000e-003	
138	3.800000e-003	
139	3.425000e-003	
140	3.250000e-003	
141	3.200000e-003	
142	2.700000e-003	
143	2.125000e-003	
144	1.900000e-003	
145	1.750000e-003	
146	1.775000e-003	
147	1.475000e-003	
148	1.650000e-003	
149	1.350000e-003	
150	1.400000e-003	
151	1.425000e-003	
152	1.375000e-003	
153	1.025000e-003	
154	8.250000e-004	
155	7.750000e-004	
156	8.250000e-004	
157	7.000000e-004	
158	7.500000e-004	
159	7.000000e-004	
160	8.500000e-004	
161	1.025000e-003	
162	6.000000e-004	
163	8.250000e-004	
164	6.000000e-004	
165	6.250000e-004	
166	5.250000e-004	
167	5.250000e-004	
168	5.000000e-004	
169	4.250000e-004	
170	2.750000e-004	
171	2.250000e-004	
172	1.000000e-004	
173	1.250000e-004	
174	5.000000e-005	
175	0	
176	0	
177	0	
178	0	
179	0	
180	0	
181	0	
182	0	
183	0	
184	0	
185	0	
186	0	
187	0	
188	0	
189	0	
190	0	
191	0	
192	0	
193	0	
194	0	
195	0	
196	0	
197	0	
198	0	
199	0	
200	0	
201	0	
202	0	
203	0	
204	0	
205	0	
206	0	
207	0	
208	0	
209	0	
210	0	
211	0	
212	0	
213	0	
214	0	
215	0	
216	0	
217	0	
218	0	
219	0	
220	0	
221	0	
222	0	
223	0	
224	0	
225	0	
226	0	
227	0	
228	0	
229	0	
230	0	
231	0	
232	0	
233	0	
234	0	
235	0	
236	0	
237	0	
238	0	
239	0	
240	0	
241	0	
242	0	
243	0	
244	0	
245	0	
246	0	
247	0	
248	2.500000e-005	
249	0	
250	0	
251	0	
252	2.500000e-005	
253	0	
254	0	
255	0	
256	0	
257	0	
258	0	
259	0	
260	0	
261	0	
262	0	
263	0	
264	0	
265	0	
266	0	
267	0	
268	0	
269	0	
270	0	
271	0	
272	0	
273	0	
274	0	
275	0	
276	0	
277	0	
278	0	
279	0	
280	0	
281	0	
282	0	
283	0	
284	0	
285	0	
286	0	
287	0	
288	0	
289	0	
290	0	
291	0	
292	0	
293	0	
294	0	
295	0	
296	0	
297	0	
298	0	
299	0	
300	0	
301	0	
302	0	
303	0	
304	0	
305	0	
306	0	
307	0	
308	0	
309	0	
310	0	
311	0	
312	0	
313	0	
314	0	
315	0	
316	0	
317	0	
318	0	
319	0	
320	0	
321	0	
322	0	
323	0	
324	0	
325	0	
326	0	
327	0	
328	0	
329	0	
330	0	
331	0	
332	0	
333	0	
334	0	
335	0	
336	0	
337	0	
338	0	
339	0	
340	0	
341	0	
342	0	
343	0	
344	0	
345	0	
346	0	
347	0	
348	0	
349	0	
350	0	
351	0	
352	0	
353	0	
354	0	
355	0	
356	0	
357	0	
358	0	
359	0	
360	0	
361	0	
362	0	
363	0	
364	0	
365	0	
366	0	
367	0	
368	0	
369	0	
370	0	
371	2.500000e-005	
372	5.000000e-005	
373	1.000000e-004	
374	5.000000e-005	
375	5.000000e-005	
376	7.500000e-005	
377	1.000000e-004	
378	1.500000e-004	
379	2.000000e-004	
380	1.000000e-004	
381	5.000000e-005	
382	0	
383	0	
384	0	
385	0	
386	0	
387	0	
388	0	
389	0	
390	0	
391	0	
392	0	
393	0	
394	0	
395	0	
396	0	
397	0	
398	0	
399	0	
400	0	
401	0	
402	0	
403	0	
404	0	
405	0	
406	0	
407	0	
408	0	
409	0	
410	0	
411	2.500000e-005	
412	5.000000e-005	
413	5.000000e-005	
414	5.000000e-005	
415	2.500000e-005	
416	7.500000e-005	
417	5.000000e-005	
418	0	
419	0	
420	0	
421	0	
422	0	
423	0	
424	0	
425	0	
426	0	
427	0	
428	0	
429	0	
430	0	
431	0	
432	0	
433	0	
434	0	
435	0	
436	0	
437	0	
438	0	
439	0	
440	0	
441	0	
442	0	
443	0	
444	0	
445	0	
446	0	
447	2.500000e-005	
448	1.000000e-004	
449	5.000000e-005	
450	1.000000e-004	
451	1.750000e-004	
452	1.000000e-004	
453	1.250000e-004	
454	7.500000e-005	
455	2.500000e-005	
456	0	
457	0	
458	0	
459	5.000000e-005	
460	0	
461	0	
462	0	
463	0	
464	0	
465	0	
466	0	
467	0	
468	0	
469	0	
470	0	
471	0	
472	0	
473	0	
474	0	
475	0	
476	0	
477	0	
478	0	
479	0	
480	2.500000e-005	
481	5.000000e-005	
482	7.500000e-005	
483	7.500000e-005	
484	1.000000e-004	
485	7.500000e-005	
486	1.250000e-004	
487	1.750000e-004	
488	1.750000e-004	
489	2.250000e-004	
490	1.500000e-004	
491	1.000000e-004	
492	1.500000e-004	
493	1.500000e-004	
494	1.500000e-004	
495	2.250000e-004	
496	1.500000e-004	
497	2.500000e-004	
498	3.250000e-004	
499	4.250000e-004	
500	3.250000e-004	
501	3.250000e-004	
502	2.500000e-004	
503	3.500000e-004	
504	3.000000e-004	
505	1.750000e-004	
506	2.500000e-004	
507	3.250000e-004	
508	2.250000e-004	
509	2.250000e-004	
510	1.750000e-004	
511	1.500000e-004	
512	1.000000e-004	
513	1.000000e-004	
514	1.000000e-004	
515	1.250000e-004	
516	1.500000e-004	
517	1.000000e-004	
518	1.750000e-004	
519	1.000000e-004	
520	1.250000e-004	
521	1.250000e-004	
522	1.250000e-004	
523	1.000000e-004	
524	7.500000e-005	
525	1.000000e-004	
526	2.500000e-005	
527	2.500000e-005	
528	5.000000e-005	
529	7.500000e-005	
530	2.500000e-005	
531	2.500000e-005	
532	2.500000e-005	
533	5.000000e-005	
534	7.500000e-005	
535	7.500000e-005	
536	1.750000e-004	
537	1.000000e-004	
538	1.000000e-004	
539	1.000000e-004	
540	1.500000e-004	
541	3.000000e-004	
542	2.250000e-004	
543	3.000000e-004	
544	2.500000e-004	
545	3.250000e-004	
546	4.000000e-004	
547	4.500000e-004	
548	3.500000e-004	
549	3.500000e-004	
550	3.500000e-004	
551	3.750000e-004	
552	4.250000e-004	
553	5.500000e-004	
554	4.250000e-004	
555	3.250000e-004	
556	5.000000e-004	
557	3.500000e-004	
558	3.750000e-004	
559	5.250000e-004	
560	5.250000e-004	
561	3.500000e-004	
562	3.500000e-004	
563	2.750000e-004	
564	3.000000e-004	
565	4.500000e-004	
566	5.750000e-004	
567	5.250000e-004	
568	5.500000e-004	
569	4.250000e-004	
570	4.500000e-004	
571	5.250000e-004	
572	6.500000e-004	
573	8.250000e-004	
574	7.500000e-004	
575	7.750000e-004	
576	7.750000e-004	
577	7.250000e-004	
578	6.250000e-004	
579	7.750000e-004	
580	7.250000e-004	
581	7.250000e-004	
582	8.000000e-004	
583	1.225000e-003	
584	8.000000e-004	
585	5.250000e-004	
586	5.250000e-004	
587	6.000000e-004	
588	4.750000e-004	
589	5.000000e-004	
590	4.500000e-004	
591	3.500000e-004	
592	4.250000e-004	
593	5.250000e-004	
594	5.000000e-004	
595	6.000000e-004	
596	4.750000e-004	
597	6.500000e-004	
598	5.750000e-004	
599	8.250000e-004	
600	5.500000e-004	
601	7.000000e-004	
602	1.000000e-003	
603	7.500000e-004	
604	7.750000e-004	
605	7.750000e-004	
606	8.500000e-004	
607	1.025000e-003	
608	1.225000e-003	
609	1.325000e-003	
610	1.325000e-003	
611	1.350000e-003	
612	1.350000e-003	
613	1.100000e-003	
614	1.275000e-003	
615	1.325000e-003	
616	1.500000e-003	
617	1.475000e-003	
618	1.675000e-003	
619	1.625000e-003	
620	1.450000e-003	
621	1.675000e-003	
622	1.450000e-003	
623	1.450000e-003	
624	1.700000e-003	
625	1.850000e-003	
626	1.900000e-003	
627	1.975000e-003	
628	2.100000e-003	
629	1.875000e-003	
630	1.950000e-003	
631	2.225000e-003	
632	2.300000e-003	
633	2.000000e-003	
634	1.925000e-003	
635	2.075000e-003	
636	1.975000e-003	
637	2.375000e-003	
638	2.150000e-003	
639	2.125000e-003	
640	2.125000e-003	
641	1.900000e-003	
642	2.450000e-003	
643	2.550000e-003	
644	2.725000e-003	
645	2.525000e-003	
646	2.400000e-003	
647	2.650000e-003	
648	2.500000e-003	
649	2.850000e-003	
650	3.000000e-003	
651	3.150000e-003	
652	2.975000e-003	
653	3.025000e-003	
654	3.700000e-003	
655	3.125000e-003	
656	3.150000e-003	
657	3.300000e-003	
658	3.625000e-003	
659	3.500000e-003	
660	3.700000e-003	
661	3.525000e-003	
662	3.775000e-003	
663	3.700000e-003	
664	3.775000e-003	
665	3.450000e-003	
666	3.850000e-003	
667	4.475000e-003	
668	4.600000e-003	
669	4.450000e-003	
670	4.100000e-003	
671	4.500000e-003	
672	4.750000e-003	
673	4.400000e-003	
674	4.300000e-003	
675	4.550000e-003	
676	3.975000e-003	
677	3.975000e-003	
678	4.350000e-003	
679	4.400000e-003	
680	4.250000e-003	
681	4.300000e-003	
682	4.025000e-003	
683	3.525000e-003	
684	3.375000e-003	
685	3.200000e-003	
686	3.125000e-003	
687	2.750000e-003	
688	2.225000e-003	
689	2.050000e-003	
690	2.050000e-003	
691	2.000000e-003	
692	2.225000e-003	
693	1.875000e-003	
694	1.825000e-003	
695	1.700000e-003	
696	1.875000e-003	
697	1.950000e-003	
698	2.100000e-003	
699	2.575000e-003	
700	2.575000e-003	
701	2.800000e-003	
702	2.650000e-003	
703	2.800000e-003	
704	2.300000e-003	
705	2.150000e-003	
706	2.225000e-003	
707	1.925000e-003	
708	2.025000e-003	
709	2.075000e-003	
710	1.950000e-003	
711	2.450000e-003	
712	2.075000e-003	
713	2.100000e-003	
714	1.725000e-003	
715	1.600000e-003	
716	1.325000e-003	
717	1.275000e-003	
718	1.025000e-003	
719	9.250000e-004	
720	1.200000e-003	
721	1.275000e-003	
722	9.500000e-004	
723	1.125000e-003	
724	1.325000e-003	
725	1.325000e-003	
726	1.325000e-003	
727	1.350000e-003	
728	1.225000e-003	
729	1.125000e-003	
730	1.025000e-003	
731	8.000000e-004	
732	5.750000e-004	
733	5.500000e-004	
734	4.250000e-004	
735	3.000000e-004	
736	4.250000e-004	
737	2.750000e-004	
738	1.750000e-004	
739	1.250000e-004	
740	1.750000e-004	
741	3.000000e-004	
742	2.750000e-004	
743	4.500000e-004	
744	5.000000e-004	
745	5.250000e-004	
746	6.750000e-004	
747	6.000000e-004	
748	6.250000e-004	
749	7.250000e-004	
750	6.000000e-004	
751	7.750000e-004	
752	7.750000e-004	
753	8.500000e-004	
754	9.000000e-004	
755	9.500000e-004	
756	1.000000e-003	
757	8.750000e-004	
758	1.200000e-003	
759	1.425000e-003	
760	1.475000e-003	
761	1.225000e-003	
762	1.275000e-003	
763	1.325000e-003	
764	1.125000e-003	
765	1.100000e-003	
766	1.075000e-003	
767	1.050000e-003	
768	1.175000e-003	
769	1.050000e-003	
770	1.075000e-003	
771	1.000000e-003	
772	8.000000e-004	
773	7.500000e-004	
774	5.750000e-004	
775	6.250000e-004	
776	7.500000e-004	
777	7.750000e-004	
778	6.750000e-004	
779	6.750000e-004	
780	8.250000e-004	
781	6.750000e-004	
782	6.750000e-004	
783	4.000000e-004	
784	3.000000e-004	
785	2.250000e-004	
786	2.500000e-004	
787	3.250000e-004	
788	3.250000e-004	
789	2.000000e-004	
790	3.000000e-004	
791	2.750000e-004	
792	3.500000e-004	
793	2.250000e-004	
794	1.750000e-004	
795	1.750000e-004	
796	1.250000e-004	
797	2.250000e-004	
798	1.250000e-004	
799	1.000000e-004	
800	2.500000e-005	
801	2.500000e-005	
802	0	
803	0	
804	0	
805	0	
806	0	
807	0	
808	0	
809	0	
810	0	
811	0	
812	0	
813	0	
814	0	
815	0	
816	0	
817	0	
818	0	
819	0	
820	0	
821	0	
822	0	
823	0	
824	0	
825	0	
826	0	
827	0	
828	0	
829	0	
830	0	
831	0	
832	0	
833	0	
834	0	
835	0	
836	0	
837	0	
838	0	
839	0	
840	0	
841	0	
842	0	
843	0	
844	0	
845	0	
846	0	
847	0	
848	0	
849	0	
850	2.500000e-005	
851	5.000000e-005	
852	0	
853	0	
854	0	
855	0	
856	0	
857	0	
858	0	
859	0	
860	0	
861	0	
862	0	
863	0	
864	0	
865	0	
866	0	
867	0	
868	0	
869	0	
870	0	
871	0	
872	0	
873	0	
874	0	
875	0	
876	0	
877	0	
878	0	
879	0	
880	0	
881	0	
882	0	
883	0	
884	0	
885	0	
886	0	
887	0	
888	0	
889	0	
890	0	
891	0	
892	0	
893	0	
894	0	
895	0	
896	0	
897	0	
898	0	
899	0	
900	0	
901	0	
902	0	
903	0	
904	0	
905	0	
906	0	
907	0	
908	0	
909	0	
910	0	
911	0	
912	0	
913	0	
914	0	
915	0	
916	0	
917	0	
918	0	
919	0	
920	0	
921	0	
922	0	
923	0	
924	0	
925	0	
926	0	
927	0	
928	0	
929	0	
930	0	
931	0	
932	0	
933	0	
934	0	
935	0	
936	0	
937	0	
938	0	
939	0	
940	0	
941	0	
942	0	
943	0	
944	0	
945	0	
946	0	
947	0	
948	0	
949	0	
950	0	
951	0	
952	0	
953	0	
954	0	
955	0	
956	0	
957	0	
958	0	
959	0	
960	0	
961	2.500000e-005	
962	2.500000e-005	
963	7.500000e-005	
964	7.500000e-005	
965	1.000000e-004	
966	1.250000e-004	
967	2.500000e-005	
968	5.000000e-005	
969	0	
970	0	
971	2.500000e-005	
972	1.000000e-004	
973	0	
974	0	
975	0	
976	0	
977	0	
978	0	
979	0	
980	0	
981	0	
982	0	
983	2.500000e-005	
984	7.500000e-005	
985	1.250000e-004	
986	7.500000e-005	
987	5.000000e-005	
988	5.000000e-005	
989	1.000000e-004	
990	1.000000e-004	
991	1.750000e-004	
992	1.750000e-004	
993	1.250000e-004	
994	1.250000e-004	
995	1.500000e-004	
996	7.500000e-005	
997	1.500000e-004	
998	7.500000e-005	
999	1.000000e-004	
1000	2.000000e-004	
1001	2.250000e-004	
1002	2.250000e-004	
1003	2.250000e-004	
1004	3.250000e-004	
1005	3.750000e-004	
1006	4.750000e-004	
1007	5.000000e-004	
1008	5.500000e-004	
1009	6.750000e-004	
1010	8.250000e-004	
1011	9.250000e-004	
1012	8.750000e-004	
1013	7.500000e-004	
1014	9.000000e-004	
1015	7.750000e-004	
1016	7.500000e-004	
1017	6.500000e-004	
1018	6.750000e-004	
1019	5.250000e-004	
1020	6.000000e-004	
1021	4.750000e-004	
1022	5.500000e-004	
1023	6.250000e-004	
1024	6.250000e-004	
1025	6.250000e-004	
1026	4.250000e-004	
1027	4.000000e-004	
1028	4.750000e-004	
1029	4.000000e-004	
1030	3.500000e-004	
1031	4.500000e-004	
1032	5.250000e-004	
1033	5.000000e-004	
1034	5.000000e-004	
1035	7.000000e-004	
1036	6.750000e-004	
1037	4.750000e-004	
1038	3.500000e-004	
1039	3.000000e-004	
1040	2.500000e-004	
1041	3.750000e-004	
1042	3.750000e-004	
1043	2.750000e-004	
1044	3.250000e-004	
1045	4.000000e-004	
1046	4.250000e-004	
1047	4.750000e-004	
1048	5.000000e-004	
1049	4.500000e-004	
1050	5.250000e-004	
1051	5.750000e-004	
1052	5.250000e-004	
1053	6.250000e-004	
1054	6.000000e-004	
1055	4.250000e-004	
1056	3.500000e-004	
1057	2.000000e-004	
1058	1.250000e-004	
1059	1.000000e-004	
1060	1.750000e-004	
1061	1.000000e-004	
1062	1.000000e-004	
1063	1.500000e-004	
1064	2.000000e-004	
1065	1.750000e-004	
1066	2.250000e-004	
1067	1.250000e-004	
1068	1.250000e-004	
1069	1.250000e-004	
1070	1.250000e-004	
1071	1.000000e-004	
1072	1.750000e-004	
1073	2.750000e-004	
1074	1.500000e-004	
1075	1.500000e-004	
1076	1.250000e-004	
1077	1.250000e-004	
1078	1.750000e-004	
1079	1.500000e-004	
1080	1.000000e-004	
1081	1.250000e-004	
1082	7.500000e-005	
1083	1.250000e-004	
1084	1.500000e-004	
1085	7.500000e-005	
1086	1.500000e-004	
1087	3.000000e-004	
1088	3.750000e-004	
1089	3.000000e-004	
1090	3.750000e-004	
1091	3.000000e-004	
1092	4.500000e-004	
1093	6.750000e-004	
1094	7.250000e-004	
1095	7.000000e-004	
1096	9.000000e-004	
1097	9.500000e-004	
1098	1.075000e-003	
1099	1.025000e-003	
1100	1.050000e-003	
1101	1.200000e-003	
1102	1.275000e-003	
1103	1.100000e-003	
1104	1.200000e-003	
1105	1.150000e-003	
1106	5.750000e-004	
1107	8.000000e-004	
1108	8.750000e-004	
1109	1.125000e-003	
1110	9.250000e-004	
1111	8.500000e-004	
1112	1.025000e-003	
1113	1.025000e-003	
1114	9.750000e-004	
1115	1.025000e-003	
1116	1.075000e-003	
1117	1.250000e-003	
1118	1.225000e-003	
1119	9.500000e-004	
1120	9.000000e-004	
1121	8.750000e-004	
1122	1.000000e-003	
1123	1.200000e-003	
1124	1.125000e-003	
1125	1.150000e-003	
1126	1.000000e-003	
1127	1.125000e-003	
1128	9.250000e-004	
1129	6.500000e-004	
1130	3.750000e-004	
1131	3.000000e-004	
1132	3.500000e-004	
1133	3.500000e-004	
1134	2.750000e-004	
1135	2.500000e-004	
1136	3.000000e-004	
1137	1.750000e-004	
1138	1.250000e-004	
1139	1.000000e-004	
1140	5.000000e-005	
1141	7.500000e-005	
1142	5.000000e-005	
1143	7.500000e-005	
1144	7.500000e-005	
1145	5.000000e-005	
1146	5.000000e-005	
1147	2.500000e-005	
1148	5.000000e-005	
1149	5.000000e-005	
1150	7.500000e-005	
1151	5.000000e-005	
1152	1.000000e-004	
1153	2.500000e-005	
1154	5.000000e-005	
1155	5.000000e-005	
1156	2.500000e-005	
1157	0	
1158	0	
1159	0	
1160	0	
1161	0	
1162	0	
1163	0	
1164	0	
1165	0	
1166	0	
1167	2.500000e-005	
1168	1.000000e-004	
1169	1.000000e-004	
1170	2.500000e-005	
1171	2.500000e-005	
1172	5.000000e-005	
1173	0	
1174	0	
1175	0	
1176	0	
1177	0	
1178	0	
1179	0	
1180	0	
1181	0	
1182	0	
1183	0	
1184	0	
1185	0	
1186	0	
1187	0	
1188	0	
1189	0	
1190	0	
1191	0	
1192	0	
1193	0	
1194	0	
1195	0	
1196	0	
1197	0	
1198	0	
1199	0	
1200	0	
1201	0	
1202	0	
1203	0	
1204	0	
1205	0	
1206	0	
1207	0	
1208	0	
1209	0	
1210	0	
1211	0	
1212	0	
1213	0	
1214	0	
1215	0	
1216	0	
1217	0	
1218	0	
1219	0	
1220	0	
1221	0	
1222	0	
1223	0	
1224	0	
1225	0	
1226	0	
1227	0	
1228	0	
1229	0	
1230	0	
1231	0	
1232	0	
1233	0	
1234	0	
1235	2.500000e-005	
1236	1.000000e-004	
1237	2.000000e-004	
1238	2.500000e-004	
1239	3.000000e-004	
1240	4.500000e-004	
1241	7.000000e-004	
1242	6.250000e-004	
1243	7.500000e-004	
1244	7.750000e-004	
1245	6.750000e-004	
1246	7.750000e-004	
1247	9.500000e-004	
1248	1.100000e-003	
1249	1.075000e-003	
1250	1.000000e-003	
1251	1.275000e-003	
1252	1.275000e-003	
1253	1.475000e-003	
1254	1.450000e-003	
1255	1.700000e-003	
1256	1.900000e-003	
1257	1.700000e-003	
1258	1.900000e-003	
1259	2.425000e-003	
1260	2.675000e-003	
1261	2.500000e-003	
1262	2.650000e-003	
1263	2.275000e-003	
1264	2.500000e-003	
1265	2.325000e-003	
1266	2.275000e-003	
1267	2.225000e-003	
1268	2.525000e-003	
1269	2.600000e-003	
1270	2.850000e-003	
1271	3.250000e-003	
1272	3.400000e-003	
1273	3.725000e-003	
1274	3.575000e-003	
1275	3.425000e-003	
1276	3.575000e-003	
1277	3.275000e-003	
1278	2.925000e-003	
1279	3.000000e-003	
1280	2.925000e-003	
1281	3.200000e-003	
1282	2.975000e-003	
1283	2.775000e-003	
1284	2.725000e-003	
1285	3.200000e-003	
1286	3.300000e-003	
1287	3.475000e-003	
1288	3.200000e-003	
1289	3.250000e-003	
1290	3.175000e-003	
1291	3.300000e-003	
1292	3.450000e-003	
1293	3.400000e-003	
1294	3.475000e-003	
1295	3.625000e-003	
1296	4.000000e-003	
1297	4.250000e-003	
1298	3.875000e-003	
1299	3.625000e-003	
1300	3.650000e-003	
1301	3.350000e-003	
1302	3.600000e-003	
1303	3.750000e-003	
1304	3.375000e-003	
1305	3.675000e-003	
1306	3.725000e-003	
1307	3.700000e-003	
1308	3.600000e-003	
1309	3.500000e-003	
1310	3.800000e-003	
1311	3.450000e-003	
1312	3.750000e-003	
1313	4.400000e-003	
1314	4.250000e-003	
1315	4.725000e-003	
1316	4.825000e-003	
1317	4.675000e-003	
1318	4.325000e-003	
1319	4.750000e-003	
1320	4.475000e-003	
1321	4.500000e-003	
1322	4.750000e-003	
1323	4.825000e-003	
1324	4.950000e-003	
1325	4.925000e-003	
1326	5.075000e-003	
1327	4.750000e-003	
1328	4.950000e-003	
1329	4.575000e-003	
1330	4.150000e-003	
1331	4.100000e-003	
1332	4.075000e-003	
1333	4.350000e-003	
1334	4.525000e-003	
1335	4.100000e-003	
1336	4.175000e-003	
1337	3.800000e-003	
1338	3.475000e-003	
1339	3.400000e-003	
1340	3.475000e-003	
1341	3.175000e-003	
1342	2.400000e-003	
1343	1.825000e-003	
1344	1.825000e-003	
1345	1.750000e-003	
1346	1.600000e-003	
1347	2.275000e-003	
1348	2.475000e-003	
1349	2.100000e-003	
1350	1.925000e-003	
1351	2.250000e-003	
1352	2.150000e-003	
1353	2.075000e-003	
1354	2.275000e-003	
1355	2.275000e-003	
1356	2.025000e-003	
1357	1.400000e-003	
1358	9.500000e-004	
1359	8.750000e-004	
1360	5.750000e-004	
1361	3.750000e-004	
1362	4.000000e-004	
1363	1.750000e-004	
1364	1.500000e-004	
1365	1.500000e-004	
1366	1.500000e-004	
1367	1.500000e-004	
1368	7.500000e-005	
1369	1.250000e-004	
1370	1.000000e-004	
1371	5.000000e-005	
1372	2.500000e-005	
1373	0	
1374	0	
1375	0	
1376	0	
1377	0	
1378	0	
1379	0	
1380	0	
1381	0	
1382	0	
1383	0	
1384	0	
1385	0	
1386	0	
1387	0	
1388	0	
1389	0	
1390	0	
1391	0	
1392	0	
1393	0	
1394	0	
1395	0	
1396	0	
1397	0	
1398	0	
1399	0	
1400	0	
1401	0	
1402	0	
1403	0	
1404	0	
1405	0	
1406	0	
1407	0	
1408	0	
1409	0	
1410	0	
1411	0	
1412	0	
1413	0	
1414	0	
1415	0	
1416	0	
1417	0	
1418	0	
1419	0	
1420	0	
1421	0	
1422	0	
1423	0	
1424	0	
1425	2.500000e-005	
1426	0	
1427	0	
1428	2.500000e-005	
1429	0	
1430	0	
1431	0	
1432	0	
1433	2.500000e-005	
1434	5.000000e-005	
1435	2.500000e-005	
1436	2.500000e-005	
1437	0	
1438	2.500000e-005	
1439	0	
1440	0	
1441	0	
1442	0	
1443	0	
1444	0	
1445	0	
1446	0	
1447	0	
1448	0	
1449	0	
1450	0	
1451	0	
1452	0	
1453	0	
1454	0	
1455	0	
1456	0	
1457	0	
1458	0	
1459	0	
1460	0	
1461	0	
1462	0	
1463	0	
1464	0	
1465	0	
1466	0	
1467	0	
1468	0	
1469	0	
1470	0	
1471	0	
1472	0	
1473	0	
1474	0	
1475	0	
1476	0	
1477	2.500000e-005	
1478	7.500000e-005	
1479	1.000000e-004	
1480	5.000000e-005	
1481	7.500000e-005	
1482	5.000000e-005	
1483	5.000000e-005	
1484	5.000000e-005	
1485	0	
1486	0	
1487	0	
1488	0	
1489	0	
1490	0	
1491	0	
1492	0	
1493	0	
1494	0	
1495	0	
1496	0	
1497	0	
1498	0	
1499	0	
1500	0	
1501	0	
1502	0	
1503	0	
1504	0	
1505	0	
1506	0	
1507	0	
1508	0	
1509	0	
1510	0	
1511	2.500000e-005	
1512	2.500000e-005	
1513	2.500000e-005	
1514	2.500000e-005	
1515	0	
1516	0	
1517	0	
1518	0	
1519	0	
1520	0	
1521	0	
1522	0	
1523	0	
1524	2.500000e-005	
1525	2.500000e-005	
1526	2.500000e-005	
1527	5.000000e-005	
1528	5.000000e-005	
1529	2.500000e-005	
1530	0	
1531	0	
1532	0	
1533	0	
1534	0	
1535	0	
1536	0	
1537	0	
1538	0	
1539	0	
1540	0	
1541	0	
1542	0	
1543	0	
1544	0	
1545	0	
1546	0	
1547	0	
1548	0	
1549	0	
1550	0	
1551	0	
1552	0	
1553	2.500000e-005	
1554	1.000000e-004	
1555	2.250000e-004	
1556	2.500000e-004	
1557	3.000000e-004	
1558	3.250000e-004	
1559	4.000000e-004	
1560	4.000000e-004	
1561	3.500000e-004	
1562	5.250000e-004	
1563	6.250000e-004	
1564	5.500000e-004	
1565	8.000000e-004	
1566	7.500000e-004	
1567	8.000000e-004	
1568	8.000000e-004	
1569	9.250000e-004	
1570	9.500000e-004	
1571	1.200000e-003	
1572	1.300000e-003	
1573	1.125000e-003	
1574	8.750000e-004	
1575	8.750000e-004	
1576	9.000000e-004	
1577	1.200000e-003	
1578	1.150000e-003	
1579	1.200000e-003	
1580	1.175000e-003	
1581	1.450000e-003	
1582	1.475000e-003	
1583	1.100000e-003	
1584	9.250000e-004	
1585	1.000000e-003	
1586	8.000000e-004	
1587	8.750000e-004	
1588	9.750000e-004	
1589	6.250000e-004	
1590	3.750000e-004	
1591	4.250000e-004	
1592	1.500000e-004	
1593	1.250000e-004	
1594	7.500000e-005	
1595	7.500000e-005	
1596	7.500000e-005	
1597	1.250000e-004	
1598	7.500000e-005	
1599	0	
1600	0	
1601	0	
1602	0	
1603	0	
1604	0	
1605	0	
1606	0	
1607	0	
1608	0	
1609	0	
1610	0	
1611	0	
1612	0	
1613	0	
1614	0	
1615	0	
1616	0	
1617	0	
1618	0	
1619	0	
1620	0	
1621	0	
1622	0	
1623	0	
1624	2.500000e-005	
1625	7.500000e-005	
1626	7.500000e-005	
1627	1.000000e-004	
1628	5.000000e-005	
1629	1.500000e-004	
1630	1.000000e-004	
1631	1.500000e-004	
1632	7.500000e-005	
1633	5.000000e-005	
1634	7.500000e-005	
1635	2.500000e-005	
1636	7.500000e-005	
1637	7.500000e-005	
1638	5.000000e-005	
1639	7.500000e-005	
1640	0	
1641	0	
1642	0	
1643	2.500000e-005	
1644	7.500000e-005	
1645	5.000000e-005	
1646	7.500000e-005	
1647	1.250000e-004	
1648	1.250000e-004	
1649	1.500000e-004	
1650	5.000000e-005	
1651	2.500000e-005	
1652	0	
1653	0	
1654	0	
1655	0	
1656	2.500000e-005	
1657	2.500000e-005	
1658	5.000000e-005	
1659	5.000000e-005	
1660	7.500000e-005	
1661	1.000000e-004	
1662	7.500000e-005	
1663	2.500000e-005	
1664	2.500000e-005	
1665	7.500000e-005	
1666	2.500000e-005	
1667	0	
1668	0	
1669	0	
1670	5.000000e-005	
1671	5.000000e-005	
1672	1.250000e-004	
1673	1.500000e-004	
1674	7.500000e-005	
1675	1.000000e-004	
1676	1.750000e-004	
1677	7.500000e-005	
1678	7.500000e-005	
1679	1.250000e-004	
1680	1.250000e-004	
1681	1.500000e-004	
1682	1.750000e-004	
1683	3.000000e-004	
1684	3.500000e-004	
1685	4.250000e-004	
1686	3.750000e-004	
1687	3.000000e-004	
1688	2.250000e-004	
1689	2.500000e-004	
1690	2.500000e-004	
1691	1.250000e-004	
1692	2.000000e-004	
1693	1.000000e-004	
1694	1.250000e-004	
1695	1.750000e-004	
1696	2.000000e-004	
1697	2.250000e-004	
1698	3.000000e-004	
1699	3.500000e-004	
1700	4.250000e-004	
1701	4.750000e-004	
1702	5.000000e-004	
1703	4.250000e-004	
1704	3.750000e-004	
1705	4.000000e-004	
1706	2.500000e-004	
1707	1.500000e-004	
1708	1.500000e-004	
1709	1.500000e-004	
1710	2.250000e-004	
1711	2.750000e-004	
1712	2.500000e-004	
1713	3.000000e-004	
1714	3.500000e-004	
1715	3.250000e-004	
1716	2.750000e-004	
1717	2.250000e-004	
1718	2.750000e-004	
1719	3.750000e-004	
1720	3.500000e-004	
1721	3.000000e-004	
1722	7.500000e-005	
1723	7.500000e-005	
1724	2.000000e-004	
1725	1.500000e-004	
1726	3.000000e-004	
1727	3.250000e-004	
1728	2.750000e-004	
1729	3.250000e-004	
1730	5.250000e-004	
1731	5.500000e-004	
1732	5.500000e-004	
1733	4.500000e-004	
1734	5.000000e-004	
1735	3.250000e-004	
1736	3.000000e-004	
1737	3.750000e-004	
1738	5.500000e-004	
1739	4.750000e-004	
1740	5.500000e-004	
1741	6.000000e-004	
1742	7.250000e-004	
1743	8.250000e-004	
1744	9.500000e-004	
1745	8.500000e-004	
1746	9.000000e-004	
1747	1.025000e-003	
1748	8.750000e-004	
1749	1.175000e-003	
1750	1.350000e-003	
1751	1.425000e-003	
1752	1.275000e-003	
1753	1.275000e-003	
1754	1.175000e-003	
1755	1.175000e-003	
1756	9.250000e-004	
1757	1.175000e-003	
1758	1.400000e-003	
1759	1.250000e-003	
1760	1.375000e-003	
1761	1.225000e-003	
1762	1.325000e-003	
1763	1.175000e-003	
1764	7.250000e-004	
1765	5.500000e-004	
1766	4.000000e-004	
1767	4.000000e-004	
1768	3.750000e-004	
1769	3.750000e-004	
1770	6.250000e-004	
1771	5.500000e-004	
1772	7.500000e-004	
1773	5.500000e-004	
1774	5.500000e-004	
1775	6.750000e-004	
1776	7.000000e-004	
1777	8.750000e-004	
1778	1.125000e-003	
1779	1.125000e-003	
1780	1.050000e-003	
1781	1.000000e-003	
1782	9.500000e-004	
1783	8.000000e-004	
1784	9.750000e-004	
1785	1.075000e-003	
1786	7.250000e-004	
1787	8.000000e-004	
1788	1.050000e-003	
1789	1.050000e-003	
1790	7.750000e-004	
1791	6.500000e-004	
1792	5.250000e-004	
1793	4.750000e-004	
1794	2.750000e-004	
1795	1.250000e-004	
1796	1.250000e-004	
1797	1.000000e-004	
1798	1.250000e-004	
1799	5.000000e-005	
1800	2.500000e-005	
1801	0	
1802	0	
1803	0	
1804	0	
1805	0	
1806	0	
1807	0	
1808	0	
1809	0	
1810	0	
1811	0	
1812	0	
1813	0	
1814	0	
1815	0	
1816	0	
1817	0	
1818	0	
1819	5.000000e-005	
1820	1.500000e-004	
1821	2.250000e-004	
1822	1.750000e-004	
1823	1.750000e-004	
1824	1.750000e-004	
1825	2.750000e-004	
1826	3.250000e-004	
1827	4.000000e-004	
1828	4.000000e-004	
1829	4.750000e-004	
1830	4.000000e-004	
1831	5.500000e-004	
1832	5.500000e-004	
1833	5.500000e-004	
1834	7.750000e-004	
1835	8.750000e-004	
1836	1.125000e-003	
1837	1.150000e-003	
1838	1.025000e-003	
1839	9.000000e-004	
1840	1.000000e-003	
1841	1.025000e-003	
1842	1.075000e-003	
1843	1.100000e-003	
1844	1.075000e-003	
1845	8.250000e-004	
1846	7.250000e-004	
1847	7.250000e-004	
1848	9.250000e-004	
1849	8.750000e-004	
1850	9.750000e-004	
1851	1.125000e-003	
1852	1.400000e-003	
1853	1.150000e-003	
1854	1.225000e-003	
1855	1.300000e-003	
1856	1.275000e-003	
1857	1.300000e-003	
1858	1.100000e-003	
1859	1.400000e-003	
1860	1.500000e-003	
1861	1.450000e-003	
1862	1.625000e-003	
1863	1.575000e-003	
1864	1.500000e-003	
1865	1.550000e-003	
1866	1.700000e-003	
1867	1.950000e-003	
1868	2.050000e-003	
1869	2.125000e-003	
1870	2.525000e-003	
1871	2.525000e-003	
1872	2.550000e-003	
1873	2.650000e-003	
1874	2.700000e-003	
1875	2.725000e-003	
1876	3.250000e-003	
1877	2.950000e-003	
1878	2.475000e-003	
1879	2.475000e-003	
1880	2.425000e-003	
1881	2.500000e-003	
1882	2.825000e-003	
1883	2.675000e-003	
1884	2.800000e-003	
1885	3.525000e-003	
1886	3.650000e-003	
1887	3.675000e-003	
1888	3.975000e-003	
1889	4.400000e-003	
1890	4.000000e-003	
1891	4.025000e-003	
1892	4.325000e-003	
1893	4.175000e-003	
1894	4.550000e-003	
1895	4.525000e-003	
1896	4.175000e-003	
1897	3.800000e-003	
1898	4.000000e-003	
1899	4.075000e-003	
1900	4.475000e-003	
1901	4.550000e-003	
1902	3.975000e-003	
1903	3.675000e-003	
1904	3.500000e-003	
1905	3.600000e-003	
1906	3.450000e-003	
1907	3.425000e-003	
1908	3.775000e-003	
1909	4.075000e-003	
1910	3.775000e-003	
1911	3.575000e-003	
1912	2.825000e-003	
1913	2.825000e-003	
1914	2.425000e-003	
1915	2.175000e-003	
1916	2.475000e-003	
1917	2.775000e-003	
1918	2.200000e-003	
1919	2.350000e-003	
1920	2.425000e-003	
1921	1.975000e-003	
1922	2.300000e-003	
1923	2.350000e-003	
1924	2.400000e-003	
1925	2.450000e-003	
1926	2.250000e-003	
1927	2.175000e-003	
1928	2.150000e-003	
1929	1.850000e-003	
1930	1.925000e-003	
1931	1.575000e-003	
1932	1.625000e-003	
1933	1.675000e-003	
1934	1.550000e-003	
1935	1.700000e-003	
1936	1.950000e-003	
1937	1.325000e-003	
1938	1.500000e-003	
1939	1.325000e-003	
1940	1.375000e-003	
1941	1.600000e-003	
1942	1.900000e-003	
1943	2.075000e-003	
1944	1.850000e-003	
1945	1.675000e-003	
1946	1.525000e-003	
1947	1.475000e-003	
1948	1.600000e-003	
1949	1.125000e-003	
1950	9.250000e-004	
1951	1.050000e-003	
1952	1.100000e-003	
1953	1.100000e-003	
1954	1.125000e-003	
1955	1.225000e-003	
1956	1.425000e-003	
1957	1.275000e-003	
1958	1.175000e-003	
1959	1.150000e-003	
1960	1.000000e-003	
1961	1.250000e-003	
1962	1.500000e-003	
1963	1.425000e-003	
1964	1.675000e-003	
1965	1.600000e-003	
1966	1.675000e-003	
1967	1.325000e-003	
1968	1.325000e-003	
1969	1.175000e-003	
1970	1.300000e-003	
1971	1.375000e-003	
1972	1.375000e-003	
1973	1.350000e-003	
1974	1.225000e-003	
1975	1.375000e-003	
1976	1.375000e-003	
1977	1.550000e-003	
1978	1.425000e-003	
1979	1.425000e-003	
1980	1.225000e-003	
1981	1.225000e-003	
1982	1.625000e-003	
1983	1.725000e-003	
1984	1.725000e-003	
1985	1.100000e-003	
1986	1.075000e-003	
1987	9.500000e-004	
1988	7.750000e-004	
1989	7.250000e-004	
1990	6.750000e-004	
1991	5.750000e-004	
1992	5.250000e-004	
1993	5.750000e-004	
1994	5.000000e-004	
1995	5.750000e-004	
1996	4.750000e-004	
1997	5.000000e-004	
1998	4.500000e-004	
1999	4.250000e-004	
2000	3.000000e-004	
2001	3.750000e-004	
2002	2.750000e-004	
2003	2.500000e-004	
2004	2.750000e-004	
2005	3.750000e-004	
2006	2.750000e-004	
2007	3.000000e-004	
2008	2.000000e-004	
2009	2.750000e-004	
2010	3.250000e-004	
2011	1.750000e-004	
2012	1.500000e-004	
2013	2.750000e-004	
2014	3.250000e-004	
2015	2.250000e-004	
2016	2.250000e-004	
2017	3.000000e-004	
2018	3.000000e-004	
2019	2.750000e-004	
2020	2.750000e-004	
2021	3.250000e-004	
2022	1.750000e-004	
2023	1.250000e-004	
2024	1.500000e-004	
2025	1.000000e-004	
2026	7.500000e-005	
2027	5.000000e-005	
2028	5.000000e-005	
2029	5.000000e-005	
2030	5.000000e-005	
2031	1.000000e-004	
2032	7.500000e-005	
2033	7.500000e-005	
2034	2.500000e-005	
2035	2.500000e-005	
2036	1.750000e-004	
2037	3.000000e-004	
2038	3.000000e-004	
2039	3.250000e-004	
2040	3.500000e-004	
2041	4.000000e-004	
2042	3.250000e-004	
2043	2.750000e-004	
2044	4.750000e-004	
2045	5.000000e-004	
2046	5.500000e-004	
2047	5.000000e-004	
2048	4.000000e-004	
2049	4.750000e-004	
2050	5.250000e-004	
2051	6.250000e-004	
2052	5.000000e-004	
2053	3.750000e-004	
2054	5.250000e-004	
2055	4.250000e-004	
2056	4.000000e-004	
2057	2.750000e-004	
2058	2.750000e-004	
2059	2.750000e-004	
2060	2.750000e-004	
2061	5.000000e-005	
2062	1.000000e-004	
2063	1.750000e-004	
2064	1.500000e-004	
2065	2.500000e-004	
2066	1.250000e-004	
2067	1.750000e-004	
2068	7.500000e-005	
2069	7.500000e-005	
2070	5.000000e-005	
2071	2.500000e-005	
2072	5.000000e-005	
2073	5.000000e-005	
2074	7.500000e-005	
2075	5.000000e-005	
2076	0	
2077	0	
2078	0	
2079	0	
2080	0	
2081	0	
2082	0	
2083	0	
2084	0	
2085	0	
2086	0	
2087	0	
2088	0	
2089	0	
2090	0	
2091	0	
2092	0	
2093	0	
2094	0	
2095	0	
2096	0	
2097	0	
2098	0	
2099	0	
2100	0	
2101	0	
2102	0	
2103	0	
2104	0	
2105	0	
2106	0	
2107	0	
2108	0	
2109	0	
2110	0	
2111	0	
2112	0	
2113	0	
2114	0	
2115	0	
2116	0	
2117	0	
2118	0	
2119	0	
2120	0	
2121	0	
2122	0	
2123	0	
2124	0	
2125	0	
2126	0	
2127	0	
2128	0	
2129	0	
2130	0	
2131	0	
2132	0	
2133	0	
2134	0	
2135	0	
2136	0	
2137	0	
2138	0	
2139	0	
2140	0	
2141	0	
2142	0	
2143	0	
2144	0	
2145	0	
2146	2.500000e-005	
2147	5.000000e-005	
2148	5.000000e-005	
2149	7.500000e-005	
2150	7.500000e-005	
2151	5.000000e-005	
2152	7.500000e-005	
2153	1.250000e-004	
2154	2.750000e-004	
2155	2.250000e-004	
2156	2.000000e-004	
2157	1.250000e-004	
2158	2.250000e-004	
2159	2.750000e-004	
2160	3.000000e-004	
2161	1.750000e-004	
2162	1.250000e-004	
2163	2.250000e-004	
2164	1.500000e-004	
2165	1.250000e-004	
2166	1.250000e-004	
2167	7.500000e-005	
2168	1.250000e-004	
2169	0	
2170	0	
2171	2.500000e-005	
2172	2.500000e-005	
2173	2.500000e-005	
2174	2.500000e-005	
2175	0	
2176	0	
2177	0	
2178	0	
2179	0	
2180	0	
2181	0	
2182	0	
2183	0	
2184	0	
2185	0	
2186	0	
2187	0	
2188	0	
2189	0	
2190	0	
2191	0	
2192	0	
2193	0	
2194	0	
2195	0	
2196	0	
2197	0	
2198	0	
2199	0	
2200	0	
2201	0	
2202	0	
2203	0	
2204	0	
2205	0	
2206	0	
2207	0	
2208	0	
2209	0	
2210	2.500000e-005	
2211	1.000000e-004	
2212	1.250000e-004	
2213	2.000000e-004	
2214	3.250000e-004	
2215	4.250000e-004	
2216	3.750000e-004	
2217	4.250000e-004	
2218	2.750000e-004	
2219	2.750000e-004	
2220	1.000000e-004	
2221	1.250000e-004	
2222	2.250000e-004	
2223	1.750000e-004	
2224	2.000000e-004	
2225	1.250000e-004	
2226	1.000000e-004	
2227	1.000000e-004	
2228	1.750000e-004	
2229	1.750000e-004	
2230	2.000000e-004	
2231	3.000000e-004	
2232	3.000000e-004	
2233	3.250000e-004	
2234	4.250000e-004	
2235	2.750000e-004	
2236	3.250000e-004	
2237	4.500000e-004	
2238	5.000000e-004	
2239	5.000000e-004	
2240	4.500000e-004	
2241	4.000000e-004	
2242	6.250000e-004	
2243	6.750000e-004	
2244	5.500000e-004	
2245	4.000000e-004	
2246	4.000000e-004	
2247	4.000000e-004	
2248	4.750000e-004	
2249	6.750000e-004	
2250	6.750000e-004	
2251	7.750000e-004	
2252	5.000000e-004	
2253	4.000000e-004	
2254	6.000000e-004	
2255	4.000000e-004	
2256	5.000000e-004	
2257	4.500000e-004	
2258	4.250000e-004	
2259	5.000000e-004	
2260	5.000000e-004	
2261	7.000000e-004	
2262	5.750000e-004	
2263	6.000000e-004	
2264	6.750000e-004	
2265	5.250000e-004	
2266	8.250000e-004	
2267	9.500000e-004	
2268	9.750000e-004	
2269	1.050000e-003	
2270	1.025000e-003	
2271	1.000000e-003	
2272	8.500000e-004	
2273	9.750000e-004	
2274	1.150000e-003	
2275	1.300000e-003	
2276	1.300000e-003	
2277	1.150000e-003	
2278	9.500000e-004	
2279	1.100000e-003	
2280	9.750000e-004	
2281	9.500000e-004	
2282	9.000000e-004	
2283	6.250000e-004	
2284	6.000000e-004	
2285	7.250000e-004	
2286	6.000000e-004	
2287	6.750000e-004	
2288	7.250000e-004	
2289	7.500000e-004	
2290	7.250000e-004	
2291	6.500000e-004	
2292	8.500000e-004	
2293	7.250000e-004	
2294	9.500000e-004	
2295	9.750000e-004	
2296	9.250000e-004	
2297	9.250000e-004	
2298	1.025000e-003	
2299	1.400000e-003	
2300	1.200000e-003	
2301	1.250000e-003	
2302	1.100000e-003	
2303	1.325000e-003	
2304	1.325000e-003	
2305	1.175000e-003	
2306	1.425000e-003	
2307	1.225000e-003	
2308	9.000000e-004	
2309	8.500000e-004	
2310	7.500000e-004	
2311	5.750000e-004	
2312	8.000000e-004	
2313	7.500000e-004	
2314	7.250000e-004	
2315	4.250000e-004	
2316	4.000000e-004	
2317	3.750000e-004	
2318	3.750000e-004	
2319	4.000000e-004	
2320	4.750000e-004	
2321	5.250000e-004	
2322	5.750000e-004	
2323	5.000000e-004	
2324	3.500000e-004	
2325	4.000000e-004	
2326	4.500000e-004	
2327	4.750000e-004	
2328	4.500000e-004	
2329	3.250000e-004	
2330	3.500000e-004	
2331	4.750000e-004	
2332	4.500000e-004	
2333	5.250000e-004	
2334	5.500000e-004	
2335	5.250000e-004	
2336	4.000000e-004	
2337	5.000000e-004	
2338	6.000000e-004	
2339	5.250000e-004	
2340	3.000000e-004	
2341	2.750000e-004	
2342	3.500000e-004	
2343	4.000000e-004	
2344	3.750000e-004	
2345	4.000000e-004	
2346	3.750000e-004	
2347	3.750000e-004	
2348	4.500000e-004	
2349	7.250000e-004	
2350	6.000000e-004	
2351	6.250000e-004	
2352	5.750000e-004	
2353	5.500000e-004	
2354	4.750000e-004	
2355	3.250000e-004	
2356	3.500000e-004	
2357	3.500000e-004	
2358	4.000000e-004	
2359	2.750000e-004	
2360	2.000000e-004	
2361	2.250000e-004	
2362	1.750000e-004	
2363	2.750000e-004	
2364	4.000000e-004	
2365	3.500000e-004	
2366	2.500000e-004	
2367	3.000000e-004	
2368	4.250000e-004	
2369	4.750000e-004	
2370	5.250000e-004	
2371	6.250000e-004	
2372	8.000000e-004	
2373	1.050000e-003	
2374	1.125000e-003	
2375	1.225000e-003	
2376	1.125000e-003	
2377	1.050000e-003	
2378	1.000000e-003	
2379	1.125000e-003	
2380	1.125000e-003	
2381	1.025000e-003	
2382	8.500000e-004	
2383	1.150000e-003	
2384	7.750000e-004	
2385	6.500000e-004	
2386	8.000000e-004	
2387	8.750000e-004	
2388	8.500000e-004	
2389	9.250000e-004	
2390	8.750000e-004	
2391	9.000000e-004	
2392	8.500000e-004	
2393	1.075000e-003	
2394	8.500000e-004	
2395	5.750000e-004	
2396	6.750000e-004	
2397	8.000000e-004	
2398	7.500000e-004	
2399	9.000000e-004	
2400	8.500000e-004	
2401	8.250000e-004	
2402	6.250000e-004	
2403	7.250000e-004	
2404	7.250000e-004	
2405	8.500000e-004	
2406	5.500000e-004	
2407	7.000000e-004	
2408	6.500000e-004	
2409	7.750000e-004	
2410	9.750000e-004	
2411	1.075000e-003	
2412	9.000000e-004	
2413	9.250000e-004	
2414	7.500000e-004	
2415	8.750000e-004	
2416	8.500000e-004	
2417	7.250000e-004	
2418	8.500000e-004	
2419	8.500000e-004	
2420	1.250000e-003	
2421	1.050000e-003	
2422	1.100000e-003	
2423	1.425000e-003	
2424	1.450000e-003	
2425	1.700000e-003	
2426	1.550000e-003	
2427	1.325000e-003	
2428	9.750000e-004	
2429	8.000000e-004	
2430	6.750000e-004	
2431	7.500000e-004	
2432	6.500000e-004	
2433	6.500000e-004	
2434	7.000000e-004	
2435	7.250000e-004	
2436	5.000000e-004	
2437	4.500000e-004	
2438	5.500000e-004	
2439	5.500000e-004	
2440	5.750000e-004	
2441	6.000000e-004	
2442	6.250000e-004	
2443	8.000000e-004	
2444	8.750000e-004	
2445	9.000000e-004	
2446	7.250000e-004	
2447	8.500000e-004	
2448	8.250000e-004	
2449	6.500000e-004	
2450	6.750000e-004	
2451	6.000000e-004	
2452	6.250000e-004	
2453	9.500000e-004	
2454	1.100000e-003	
2455	1.225000e-003	
2456	1.225000e-003	
2457	1.250000e-003	
2458	1.200000e-003	
2459	1.250000e-003	
2460	1.275000e-003	
2461	1.500000e-003	
2462	1.525000e-003	
2463	1.675000e-003	
2464	1.800000e-003	
2465	1.600000e-003	
2466	1.675000e-003	
2467	1.875000e-003	
2468	2.000000e-003	
2469	2.400000e-003	
2470	2.450000e-003	
2471	2.325000e-003	
2472	2.275000e-003	
2473	2.625000e-003	
2474	2.700000e-003	
2475	2.475000e-003	
2476	2.475000e-003	
2477	2.750000e-003	
2478	2.600000e-003	
2479	2.200000e-003	
2480	2.450000e-003	
2481	2.525000e-003	
2482	2.600000e-003	
2483	2.450000e-003	
2484	2.875000e-003	
2485	2.625000e-003	
2486	2.575000e-003	
2487	2.875000e-003	
2488	2.925000e-003	
2489	2.700000e-003	
2490	2.900000e-003	
2491	3.200000e-003	
2492	3.250000e-003	
2493	3.125000e-003	
2494	2.900000e-003	
2495	3.125000e-003	
2496	3.375000e-003	
2497	3.575000e-003	
2498	3.650000e-003	
2499	3.525000e-003	
2500	3.325000e-003	
2501	2.800000e-003	
2502	2.575000e-003	
2503	2.800000e-003	
2504	2.525000e-003	
2505	2.575000e-003	
2506	2.150000e-003	
2507	2.325000e-003	
2508	2.625000e-003	
2509	2.725000e-003	
2510	2.850000e-003	
2511	3.125000e-003	
2512	3.275000e-003	
2513	3.175000e-003	
2514	3.450000e-003	
2515	3.225000e-003	
2516	3.200000e-003	
2517	3.200000e-003	
2518	2.675000e-003	
2519	2.675000e-003	
2520	2.425000e-003	
2521	2.525000e-003	
2522	2.400000e-003	
2523	2.400000e-003	
2524	2.150000e-003	
2525	2.050000e-003	
2526	1.925000e-003	
2527	1.750000e-003	
2528	1.625000e-003	
2529	1.475000e-003	
2530	1.200000e-003	
2531	1.475000e-003	
2532	1.500000e-003	
2533	1.750000e-003	
2534	1.750000e-003	
2535	1.675000e-003	
2536	1.250000e-003	
2537	9.250000e-004	
2538	8.250000e-004	
2539	7.750000e-004	
2540	6.500000e-004	
2541	8.000000e-004	
2542	9.250000e-004	
2543	9.500000e-004	
2544	9.000000e-004	
2545	8.250000e-004	
2546	7.000000e-004	
2547	7.750000e-004	
2548	6.750000e-004	
2549	6.750000e-004	
2550	5.250000e-004	
2551	4.750000e-004	
2552	5.000000e-004	
2553	6.000000e-004	
2554	6.500000e-004	
2555	5.750000e-004	
2556	4.750000e-004	
2557	4.750000e-004	
2558	4.000000e-004	
2559	2.500000e-004	
2560	3.500000e-004	
2561	4.000000e-004	
2562	4.750000e-004	
2563	6.250000e-004	
2564	5.000000e-004	
2565	4.250000e-004	
2566	3.750000e-004	
2567	4.750000e-004	
2568	5.000000e-004	
2569	5.250000e-004	
2570	5.500000e-004	
2571	5.500000e-004	
2572	5.500000e-004	
2573	4.750000e-004	
2574	6.000000e-004	
2575	4.750000e-004	
2576	4.500000e-004	
2577	3.750000e-004	
2578	4.000000e-004	
2579	3.750000e-004	
2580	4.500000e-004	
2581	5.750000e-004	
2582	4.250000e-004	
2583	5.500000e-004	
2584	3.750000e-004	
2585	4.250000e-004	
2586	3.250000e-004	
2587	3.000000e-004	
2588	3.000000e-004	
2589	1.500000e-004	
2590	1.750000e-004	
2591	7.500000e-005	
2592	1.250000e-004	
2593	1.250000e-004	
2594	1.000000e-004	
2595	7.500000e-005	
2596	5.000000e-005	
2597	7.500000e-005	
2598	1.500000e-004	
2599	1.750000e-004	
2600	1.500000e-004	
2601	1.000000e-004	
2602	7.500000e-005	
2603	7.500000e-005	
2604	5.000000e-005	
2605	2.500000e-005	
2606	7.500000e-005	
2607	1.250000e-004	
2608	1.000000e-004	
2609	5.000000e-005	
2610	7.500000e-005	
2611	1.500000e-004	
2612	1.250000e-004	
2613	1.500000e-004	
2614	3.000000e-004	
2615	2.000000e-004	
2616	1.250000e-004	
2617	1.250000e-004	
2618	1.500000e-004	
2619	1.500000e-004	
2620	1.250000e-004	
2621	1.250000e-004	
2622	1.500000e-004	
2623	1.500000e-004	
2624	2.250000e-004	
2625	2.750000e-004	
2626	2.500000e-004	
2627	2.500000e-004	
2628	2.500000e-004	
2629	3.500000e-004	
2630	3.500000e-004	
2631	2.250000e-004	
2632	2.250000e-004	
2633	3.000000e-004	
2634	2.000000e-004	
2635	2.250000e-004	
2636	2.250000e-004	
2637	1.250000e-004	
2638	1.750000e-004	
2639	2.500000e-005	
2640	5.000000e-005	
2641	0	
2642	0	
2643	0	
2644	0	
2645	2.500000e-005	
2646	7.500000e-005	
2647	7.500000e-005	
2648	5.000000e-005	
2649	1.000000e-004	
2650	1.250000e-004	
2651	5.000000e-005	
2652	0	
2653	0	
2654	0	
2655	0	
2656	0	
2657	0	
2658	0	
2659	0	
2660	0	
2661	0	
2662	0	
2663	0	
2664	0	
2665	0	
2666	0	
2667	0	
2668	0	
2669	0	
2670	0	
2671	0	
2672	0	
2673	0	
2674	0	
2675	0	
2676	0	
2677	0	
2678	0	
2679	2.500000e-005	
2680	0	
2681	0	
2682	0	
2683	2.500000e-005	
2684	2.500000e-005	
2685	0	
2686	0	
2687	0	
2688	0	
2689	0	
2690	2.500000e-005	
2691	2.500000e-005	
2692	5.000000e-005	
2693	2.500000e-005	
2694	0	
2695	0	
2696	0	
2697	0	
2698	0	
2699	0	
2700	0	
2701	0	
2702	0	
2703	0	
2704	0	
2705	0	
2706	0	
2707	0	
2708	0	
2709	0	
2710	0	
2711	0	
2712	0	
2713	0	
2714	0	
2715	0	
2716	0	
2717	2.500000e-005	
2718	7.500000e-005	
2719	7.500000e-005	
2720	0	
2721	0	
2722	0	
2723	0	
2724	0	
2725	0	
2726	0	
2727	0	
2728	0	
2729	0	
2730	0	
2731	0	
2732	0	
2733	0	
2734	0	
2735	0	
2736	0	
2737	0	
2738	0	
2739	0	
2740	0	
2741	0	
2742	0	
2743	0	
2744	0	
2745	2.500000e-005	
2746	1.250000e-004	
2747	1.250000e-004	
2748	2.500000e-004	
2749	3.000000e-004	
2750	3.000000e-004	
2751	3.000000e-004	
2752	2.000000e-004	
2753	1.500000e-004	
2754	1.250000e-004	
2755	1.250000e-004	
2756	2.000000e-004	
2757	1.750000e-004	
2758	1.000000e-004	
2759	1.750000e-004	
2760	2.000000e-004	
2761	2.250000e-004	
2762	2.500000e-004	
2763	1.750000e-004	
2764	2.750000e-004	
2765	3.750000e-004	
2766	3.250000e-004	
2767	4.000000e-004	
2768	4.500000e-004	
2769	3.750000e-004	
2770	5.500000e-004	
2771	6.000000e-004	
2772	6.750000e-004	
2773	4.500000e-004	
2774	5.000000e-004	
2775	7.500000e-004	
2776	6.250000e-004	
2777	4.000000e-004	
2778	3.750000e-004	
2779	5.000000e-004	
2780	5.000000e-004	
2781	3.500000e-004	
2782	3.250000e-004	
2783	2.500000e-004	
2784	1.500000e-004	
2785	1.000000e-004	
2786	1.500000e-004	
2787	1.500000e-004	
2788	1.500000e-004	
2789	2.250000e-004	
2790	2.500000e-004	
2791	3.750000e-004	
2792	3.500000e-004	
2793	2.500000e-004	
2794	3.000000e-004	
2795	4.250000e-004	
2796	6.750000e-004	
2797	6.750000e-004	
2798	6.250000e-004	
2799	7.750000e-004	
2800	9.000000e-004	
2801	9.000000e-004	
2802	9.500000e-004	
2803	7.750000e-004	
2804	6.000000e-004	
2805	5.500000e-004	
2806	6.500000e-004	
2807	7.500000e-004	
2808	6.750000e-004	
2809	5.750000e-004	
2810	7.500000e-004	
2811	8.750000e-004	
2812	6.250000e-004	
2813	4.250000e-004	
2814	5.000000e-004	
2815	3.750000e-004	
2816	5.500000e-004	
2817	4.750000e-004	
2818	5.500000e-004	
2819	5.500000e-004	
2820	5.000000e-004	
2821	5.500000e-004	
2822	5.500000e-004	
2823	7.000000e-004	
2824	7.250000e-004	
2825	4.250000e-004	
2826	3.500000e-004	
2827	4.750000e-004	
2828	4.000000e-004	
2829	3.500000e-004	
2830	3.500000e-004	
2831	4.250000e-004	
2832	2.750000e-004	
2833	3.500000e-004	
2834	2.250000e-004	
2835	1.250000e-004	
2836	5.000000e-005	
2837	5.000000e-005	
2838	0	
2839	0	
2840	0	
2841	0	
2842	0	
2843	0	
2844	0	
2845	0	
2846	0	
2847	0	
2848	0	
2849	0	
2850	0	
2851	0	
2852	0	
2853	0	
2854	0	
2855	0	
2856	0	
2857	0	
2858	0	
2859	0	
2860	0	
2861	0	
2862	0	
2863	0	
2864	0	
2865	0	
2866	0	
2867	2.500000e-005	
2868	7.500000e-005	
2869	7.500000e-005	
2870	7.500000e-005	
2871	7.500000e-005	
2872	5.000000e-005	
2873	0	
2874	0	
2875	0	
2876	0	
2877	0	
2878	0	
2879	0	
2880	0	
2881	0	
2882	0	
2883	0	
2884	0	
2885	0	
2886	0	
2887	0	
2888	0	
2889	0	
2890	0	
2891	0	
2892	0	
2893	0	
2894	0	
2895	0	
2896	0	
2897	2.500000e-005	
2898	7.500000e-005	
2899	5.000000e-005	
2900	1.000000e-004	
2901	1.750000e-004	
2902	1.250000e-004	
2903	2.500000e-004	
2904	1.500000e-004	
2905	2.500000e-004	
2906	4.000000e-004	
2907	4.000000e-004	
2908	5.750000e-004	
2909	4.750000e-004	
2910	5.000000e-004	
2911	5.500000e-004	
2912	6.000000e-004	
2913	5.750000e-004	
2914	5.500000e-004	
2915	5.250000e-004	
2916	5.000000e-004	
2917	7.500000e-004	
2918	6.750000e-004	
2919	8.750000e-004	
2920	5.500000e-004	
2921	6.500000e-004	
2922	7.250000e-004	
2923	8.750000e-004	
2924	1.025000e-003	
2925	1.200000e-003	
2926	1.575000e-003	
2927	1.650000e-003	
2928	2.025000e-003	
2929	1.975000e-003	
2930	1.775000e-003	
2931	2.075000e-003	
2932	1.850000e-003	
2933	1.775000e-003	
2934	1.700000e-003	
2935	1.825000e-003	
2936	2.100000e-003	
2937	2.375000e-003	
2938	2.325000e-003	
2939	2.500000e-003	
2940	2.550000e-003	
2941	2.900000e-003	
2942	2.150000e-003	
2943	2.050000e-003	
2944	2.150000e-003	
2945	2.125000e-003	
2946	2.225000e-003	
2947	2.275000e-003	
2948	2.700000e-003	
2949	2.425000e-003	
2950	2.175000e-003	
2951	2.075000e-003	
2952	2.175000e-003	
2953	2.400000e-003	
2954	2.275000e-003	
2955	2.550000e-003	
2956	2.525000e-003	
2957	2.925000e-003	
2958	2.500000e-003	
2959	2.800000e-003	
2960	2.575000e-003	
2961	2.550000e-003	
2962	3.000000e-003	
2963	2.875000e-003	
2964	2.775000e-003	
2965	2.275000e-003	
2966	2.125000e-003	
2967	2.225000e-003	
2968	2.475000e-003	
2969	2.500000e-003	
2970	2.750000e-003	
2971	2.625000e-003	
2972	2.575000e-003	
2973	2.575000e-003	
2974	2.575000e-003	
2975	2.350000e-003	
2976	2.075000e-003	
2977	2.375000e-003	
2978	2.250000e-003	
2979	2.250000e-003	
2980	2.150000e-003	
2981	2.375000e-003	
2982	2.375000e-003	
2983	2.150000e-003	
2984	2.100000e-003	
2985	1.950000e-003	
2986	1.875000e-003	
2987	1.850000e-003	
2988	1.650000e-003	
2989	1.625000e-003	
2990	1.425000e-003	
2991	1.450000e-003	
2992	1.400000e-003	
2993	1.250000e-003	
2994	1.375000e-003	
2995	1.600000e-003	
2996	1.750000e-003	
2997	1.775000e-003	
2998	1.900000e-003	
2999	1.850000e-003	
3000	1.975000e-003	
3001	1.450000e-003	
