1	0	
2	0	
3	0	
4	0	
5	0	
6	0	
7	0	
8	0	
9	2.500000e-005	
10	1.250000e-004	
11	2.000000e-004	
12	2.250000e-004	
13	2.750000e-004	
14	3.250000e-004	
15	2.500000e-004	
16	2.250000e-004	
17	3.500000e-004	
18	4.500000e-004	
19	7.250000e-004	
20	8.000000e-004	
21	9.000000e-004	
22	1.125000e-003	
23	1.125000e-003	
24	1.325000e-003	
25	1.300000e-003	
26	1.100000e-003	
27	9.500000e-004	
28	1.350000e-003	
29	1.450000e-003	
30	1.625000e-003	
31	1.925000e-003	
32	1.500000e-003	
33	1.550000e-003	
34	1.825000e-003	
35	1.825000e-003	
36	1.700000e-003	
37	1.875000e-003	
38	2.575000e-003	
39	2.300000e-003	
40	2.350000e-003	
41	2.550000e-003	
42	3.300000e-003	
43	3.250000e-003	
44	3.200000e-003	
45	3.450000e-003	
46	3.600000e-003	
47	3.400000e-003	
48	3.225000e-003	
49	3.075000e-003	
50	3.300000e-003	
51	3.325000e-003	
52	3.500000e-003	
53	3.400000e-003	
54	3.050000e-003	
55	3.025000e-003	
56	3.200000e-003	
57	3.600000e-003	
58	3.750000e-003	
59	3.900000e-003	
60	3.600000e-003	
61	3.750000e-003	
62	3.750000e-003	
63	3.900000e-003	
64	4.150000e-003	
65	4.100000e-003	
66	4.625000e-003	
67	4.725000e-003	
68	4.450000e-003	
69	4.050000e-003	
70	4.200000e-003	
71	4.250000e-003	
72	4.125000e-003	
73	4.600000e-003	
74	5.325000e-003	
75	5.250000e-003	
76	5.125000e-003	
77	5.400000e-003	
78	5.725000e-003	
79	5.200000e-003	
80	5.800000e-003	
81	5.325000e-003	
82	5.675000e-003	
83	5.575000e-003	
84	5.850000e-003	
85	5.975000e-003	
86	5.650000e-003	
87	5.725000e-003	
88	5.925000e-003	
89	6.000000e-003	
90	5.000000e-003	
91	5.375000e-003	
92	5.975000e-003	
93	6.150000e-003	
94	6.125000e-003	
95	6.300000e-003	
96	6.425000e-003	
97	6.850000e-003	
98	7.275000e-003	
99	6.700000e-003	
100	6.275000e-003	
101	5.575000e-003	
102	6.200000e-003	
103	5.700000e-003	
104	5.375000e-003	
105	4.400000e-003	
106	4.475000e-003	
107	4.500000e-003	
108	4.325000e-003	
109	4.425000e-003	
110	4.225000e-003	
111	4.775000e-003	
112	3.900000e-003	
113	3.500000e-003	
114	3.825000e-003	
115	3.500000e-003	
116	3.650000e-003	
117	4.025000e-003	
118	3.975000e-003	
119	4.600000e-003	
120	4.675000e-003	
121	5.175000e-003	
122	4.725000e-003	
123	4.550000e-003	
124	4.375000e-003	
125	5.025000e-003	
126	4.875000e-003	
127	4.900000e-003	
128	5.775000e-003	
129	5.150000e-003	
130	4.975000e-003	
131	4.225000e-003	
132	3.175000e-003	
133	2.650000e-003	
134	2.225000e-003	
135	2.075000e-003	
136	2.050000e-003	
137	2.325000e-003	
138	2.275000e-003	
139	1.950000e-003	
140	2.100000e-003	
141	2.350000e-003	
142	2.000000e-003	
143	2.125000e-003	
144	2.175000e-003	
145	2.450000e-003	
146	2.125000e-003	
147	2.100000e-003	
148	2.050000e-003	
149	2.025000e-003	
150	2.100000e-003	
151	1.900000e-003	
152	1.600000e-003	
153	1.550000e-003	
154	1.325000e-003	
155	1.325000e-003	
156	1.200000e-003	
157	1.225000e-003	
158	1.475000e-003	
159	1.225000e-003	
160	1.250000e-003	
161	1.125000e-003	
162	1.200000e-003	
163	1.075000e-003	
164	8.750000e-004	
165	1.125000e-003	
166	1.200000e-003	
167	1.200000e-003	
168	1.250000e-003	
169	1.050000e-003	
170	1.100000e-003	
171	1.250000e-003	
172	9.250000e-004	
173	6.750000e-004	
174	1.250000e-004	
175	0	
176	0	
177	0	
178	2.500000e-005	
179	2.500000e-005	
180	0	
181	0	
182	0	
183	0	
184	0	
185	0	
186	0	
187	0	
188	0	
189	0	
190	0	
191	0	
192	0	
193	0	
194	0	
195	0	
196	0	
197	0	
198	0	
199	0	
200	0	
201	0	
202	0	
203	0	
204	0	
205	0	
206	0	
207	0	
208	0	
209	0	
210	0	
211	0	
212	0	
213	0	
214	0	
215	0	
216	0	
217	0	
218	0	
219	0	
220	0	
221	0	
222	0	
223	0	
224	0	
225	0	
226	0	
227	0	
228	0	
229	2.500000e-005	
230	0	
231	0	
232	0	
233	0	
234	0	
235	0	
236	0	
237	0	
238	0	
239	0	
240	0	
241	0	
242	0	
243	0	
244	0	
245	0	
246	0	
247	0	
248	0	
249	0	
250	0	
251	0	
252	0	
253	0	
254	0	
255	0	
256	0	
257	0	
258	0	
259	0	
260	0	
261	0	
262	0	
263	0	
264	0	
265	0	
266	0	
267	0	
268	0	
269	0	
270	2.500000e-005	
271	2.500000e-005	
272	0	
273	0	
274	0	
275	0	
276	0	
277	0	
278	0	
279	0	
280	0	
281	0	
282	0	
283	0	
284	0	
285	0	
286	0	
287	0	
288	0	
289	0	
290	0	
291	0	
292	0	
293	0	
294	0	
295	0	
296	0	
297	0	
298	0	
299	0	
300	0	
301	0	
302	0	
303	0	
304	0	
305	0	
306	0	
307	0	
308	0	
309	0	
310	0	
311	0	
312	0	
313	0	
314	0	
315	0	
316	0	
317	0	
318	0	
319	0	
320	0	
321	0	
322	0	
323	0	
324	0	
325	2.500000e-005	
326	0	
327	0	
328	0	
329	0	
330	0	
331	0	
332	0	
333	0	
334	0	
335	0	
336	0	
337	0	
338	0	
339	0	
340	0	
341	0	
342	0	
343	0	
344	0	
345	0	
346	0	
347	0	
348	0	
349	0	
350	0	
351	0	
352	0	
353	0	
354	0	
355	0	
356	0	
357	0	
358	0	
359	0	
360	0	
361	0	
362	0	
363	0	
364	0	
365	0	
366	0	
367	0	
368	0	
369	0	
370	0	
371	0	
372	0	
373	2.500000e-005	
374	2.500000e-005	
375	2.500000e-005	
376	2.500000e-005	
377	2.500000e-005	
378	7.500000e-005	
379	5.000000e-005	
380	2.500000e-005	
381	5.000000e-005	
382	2.500000e-005	
383	0	
384	0	
385	0	
386	0	
387	0	
388	0	
389	0	
390	0	
391	0	
392	0	
393	0	
394	2.500000e-005	
395	5.000000e-005	
396	0	
397	0	
398	0	
399	0	
400	0	
401	0	
402	0	
403	0	
404	0	
405	0	
406	0	
407	0	
408	0	
409	2.500000e-005	
410	7.500000e-005	
411	7.500000e-005	
412	7.500000e-005	
413	7.500000e-005	
414	0	
415	0	
416	0	
417	0	
418	0	
419	0	
420	0	
421	0	
422	2.500000e-005	
423	0	
424	0	
425	0	
426	0	
427	0	
428	0	
429	0	
430	0	
431	0	
432	0	
433	0	
434	0	
435	0	
436	0	
437	0	
438	0	
439	0	
440	0	
441	0	
442	0	
443	0	
444	0	
445	0	
446	0	
447	0	
448	0	
449	0	
450	0	
451	0	
452	0	
453	0	
454	0	
455	0	
456	0	
457	0	
458	0	
459	0	
460	0	
461	0	
462	0	
463	0	
464	0	
465	0	
466	0	
467	0	
468	0	
469	0	
470	0	
471	0	
472	0	
473	0	
474	0	
475	0	
476	0	
477	0	
478	0	
479	0	
480	0	
481	0	
482	0	
483	0	
484	0	
485	0	
486	0	
487	0	
488	0	
489	0	
490	0	
491	0	
492	0	
493	0	
494	0	
495	0	
496	0	
497	0	
498	0	
499	0	
500	0	
501	0	
502	0	
503	0	
504	0	
505	0	
506	0	
507	0	
508	0	
509	0	
510	0	
511	0	
512	0	
513	0	
514	0	
515	0	
516	0	
517	0	
518	0	
519	0	
520	0	
521	0	
522	0	
523	0	
524	0	
525	0	
526	0	
527	2.500000e-005	
528	1.000000e-004	
529	1.500000e-004	
530	1.750000e-004	
531	1.750000e-004	
532	2.250000e-004	
533	2.250000e-004	
534	3.750000e-004	
535	4.250000e-004	
536	3.750000e-004	
537	2.000000e-004	
538	3.250000e-004	
539	5.000000e-004	
540	2.750000e-004	
541	2.250000e-004	
542	2.750000e-004	
543	2.750000e-004	
544	2.750000e-004	
545	3.500000e-004	
546	4.000000e-004	
547	4.000000e-004	
548	4.000000e-004	
549	5.000000e-004	
550	6.000000e-004	
551	6.500000e-004	
552	6.250000e-004	
553	7.750000e-004	
554	7.750000e-004	
555	8.000000e-004	
556	6.750000e-004	
557	8.500000e-004	
558	9.000000e-004	
559	8.750000e-004	
560	7.000000e-004	
561	8.250000e-004	
562	8.750000e-004	
563	6.750000e-004	
564	6.750000e-004	
565	7.000000e-004	
566	6.000000e-004	
567	6.500000e-004	
568	5.750000e-004	
569	6.500000e-004	
570	6.500000e-004	
571	5.250000e-004	
572	4.750000e-004	
573	6.250000e-004	
574	5.500000e-004	
575	5.250000e-004	
576	5.500000e-004	
577	5.000000e-004	
578	5.250000e-004	
579	5.750000e-004	
580	8.750000e-004	
581	7.250000e-004	
582	6.500000e-004	
583	7.250000e-004	
584	7.750000e-004	
585	9.500000e-004	
586	1.150000e-003	
587	1.400000e-003	
588	1.275000e-003	
589	1.200000e-003	
590	1.550000e-003	
591	1.425000e-003	
592	1.300000e-003	
593	1.350000e-003	
594	1.325000e-003	
595	1.350000e-003	
596	1.375000e-003	
597	1.300000e-003	
598	1.200000e-003	
599	1.200000e-003	
600	1.125000e-003	
601	1.300000e-003	
602	1.275000e-003	
603	1.400000e-003	
604	1.450000e-003	
605	1.650000e-003	
606	1.675000e-003	
607	1.625000e-003	
608	1.575000e-003	
609	1.675000e-003	
610	1.525000e-003	
611	1.550000e-003	
612	1.675000e-003	
613	1.650000e-003	
614	1.500000e-003	
615	1.625000e-003	
616	2.000000e-003	
617	1.575000e-003	
618	1.675000e-003	
619	1.675000e-003	
620	1.650000e-003	
621	1.775000e-003	
622	1.575000e-003	
623	1.400000e-003	
624	1.400000e-003	
625	1.600000e-003	
626	1.675000e-003	
627	1.775000e-003	
628	1.600000e-003	
629	1.675000e-003	
630	1.950000e-003	
631	2.050000e-003	
632	2.025000e-003	
633	2.500000e-003	
634	2.800000e-003	
635	2.200000e-003	
636	1.975000e-003	
637	1.975000e-003	
638	2.075000e-003	
639	2.025000e-003	
640	2.175000e-003	
641	1.925000e-003	
642	1.900000e-003	
643	1.675000e-003	
644	1.675000e-003	
645	1.600000e-003	
646	1.575000e-003	
647	1.750000e-003	
648	1.800000e-003	
649	1.775000e-003	
650	1.725000e-003	
651	1.975000e-003	
652	2.225000e-003	
653	2.550000e-003	
654	2.650000e-003	
655	2.700000e-003	
656	2.925000e-003	
657	2.975000e-003	
658	2.950000e-003	
659	3.125000e-003	
660	3.150000e-003	
661	2.850000e-003	
662	2.900000e-003	
663	2.950000e-003	
664	3.100000e-003	
665	3.325000e-003	
666	3.400000e-003	
667	3.850000e-003	
668	3.675000e-003	
669	3.800000e-003	
670	4.200000e-003	
671	3.950000e-003	
672	3.675000e-003	
673	3.400000e-003	
674	3.600000e-003	
675	3.925000e-003	
676	3.775000e-003	
677	4.275000e-003	
678	3.775000e-003	
679	4.175000e-003	
680	4.025000e-003	
681	4.250000e-003	
682	4.575000e-003	
683	4.425000e-003	
684	4.675000e-003	
685	4.325000e-003	
686	4.375000e-003	
687	3.775000e-003	
688	3.600000e-003	
689	3.500000e-003	
690	3.575000e-003	
691	3.825000e-003	
692	4.350000e-003	
693	4.425000e-003	
694	4.725000e-003	
695	4.225000e-003	
696	4.475000e-003	
697	4.550000e-003	
698	3.900000e-003	
699	4.025000e-003	
700	4.050000e-003	
701	3.950000e-003	
702	4.125000e-003	
703	3.850000e-003	
704	3.400000e-003	
705	3.075000e-003	
706	2.900000e-003	
707	2.775000e-003	
708	2.675000e-003	
709	2.425000e-003	
710	2.350000e-003	
711	2.425000e-003	
712	2.375000e-003	
713	1.725000e-003	
714	1.725000e-003	
715	1.400000e-003	
716	1.600000e-003	
717	1.575000e-003	
718	1.400000e-003	
719	1.225000e-003	
720	1.050000e-003	
721	1.125000e-003	
722	8.750000e-004	
723	7.250000e-004	
724	5.000000e-004	
725	3.000000e-004	
726	3.000000e-004	
727	4.750000e-004	
728	6.000000e-004	
729	6.500000e-004	
730	6.000000e-004	
731	6.000000e-004	
732	4.500000e-004	
733	5.000000e-004	
734	5.750000e-004	
735	5.500000e-004	
736	4.000000e-004	
737	4.000000e-004	
738	4.000000e-004	
739	4.750000e-004	
740	3.500000e-004	
741	2.250000e-004	
742	1.750000e-004	
743	1.500000e-004	
744	1.000000e-004	
745	1.500000e-004	
746	1.500000e-004	
747	1.750000e-004	
748	2.250000e-004	
749	1.250000e-004	
750	5.000000e-005	
751	0	
752	0	
753	0	
754	0	
755	0	
756	0	
757	2.500000e-005	
758	5.000000e-005	
759	7.500000e-005	
760	1.000000e-004	
761	1.750000e-004	
762	1.750000e-004	
763	1.500000e-004	
764	2.750000e-004	
765	1.750000e-004	
766	2.500000e-005	
767	5.000000e-005	
768	1.750000e-004	
769	1.750000e-004	
770	1.500000e-004	
771	7.500000e-005	
772	1.250000e-004	
773	5.000000e-005	
774	1.000000e-004	
775	2.250000e-004	
776	3.500000e-004	
777	3.250000e-004	
778	4.000000e-004	
779	4.000000e-004	
780	3.500000e-004	
781	4.000000e-004	
782	2.500000e-004	
783	2.000000e-004	
784	2.500000e-004	
785	1.750000e-004	
786	1.750000e-004	
787	5.000000e-005	
788	0	
789	0	
790	0	
791	0	
792	0	
793	0	
794	0	
795	0	
796	0	
797	0	
798	0	
799	0	
800	0	
801	0	
802	0	
803	0	
804	0	
805	0	
806	0	
807	0	
808	0	
809	0	
810	0	
811	0	
812	0	
813	0	
814	0	
815	0	
816	0	
817	0	
818	0	
819	0	
820	0	
821	0	
822	0	
823	0	
824	0	
825	0	
826	0	
827	0	
828	0	
829	0	
830	0	
831	0	
832	0	
833	0	
834	0	
835	0	
836	0	
837	2.500000e-005	
838	0	
839	0	
840	0	
841	0	
842	0	
843	0	
844	0	
845	0	
846	0	
847	0	
848	0	
849	0	
850	0	
851	0	
852	0	
853	0	
854	0	
855	0	
856	0	
857	0	
858	0	
859	0	
860	0	
861	0	
862	0	
863	0	
864	0	
865	0	
866	0	
867	0	
868	0	
869	0	
870	0	
871	0	
872	0	
873	0	
874	0	
875	0	
876	0	
877	0	
878	0	
879	0	
880	0	
881	0	
882	2.500000e-005	
883	2.500000e-005	
884	2.500000e-005	
885	0	
886	0	
887	0	
888	0	
889	0	
890	0	
891	0	
892	0	
893	0	
894	0	
895	0	
896	0	
897	0	
898	0	
899	0	
900	0	
901	0	
902	0	
903	0	
904	0	
905	0	
906	0	
907	0	
908	0	
909	0	
910	0	
911	0	
912	0	
913	0	
914	0	
915	0	
916	0	
917	0	
918	0	
919	0	
920	0	
921	0	
922	0	
923	0	
924	0	
925	0	
926	0	
927	0	
928	0	
929	2.500000e-005	
930	1.000000e-004	
931	1.500000e-004	
932	3.000000e-004	
933	3.500000e-004	
934	2.750000e-004	
935	5.500000e-004	
936	5.250000e-004	
937	5.750000e-004	
938	5.750000e-004	
939	6.750000e-004	
940	6.250000e-004	
941	5.500000e-004	
942	4.500000e-004	
943	4.750000e-004	
944	3.250000e-004	
945	4.000000e-004	
946	4.000000e-004	
947	1.750000e-004	
948	1.250000e-004	
949	2.500000e-005	
950	2.500000e-005	
951	2.500000e-005	
952	2.500000e-005	
953	2.500000e-005	
954	2.500000e-005	
955	2.500000e-005	
956	2.500000e-005	
957	5.000000e-005	
958	2.500000e-005	
959	0	
960	0	
961	0	
962	0	
963	0	
964	0	
965	2.500000e-005	
966	2.500000e-005	
967	2.500000e-005	
968	1.500000e-004	
969	3.250000e-004	
970	1.750000e-004	
971	1.250000e-004	
972	1.500000e-004	
973	7.500000e-005	
974	7.500000e-005	
975	7.500000e-005	
976	1.000000e-004	
977	5.000000e-005	
978	0	
979	0	
980	0	
981	0	
982	0	
983	0	
984	0	
985	0	
986	0	
987	0	
988	0	
989	0	
990	0	
991	0	
992	0	
993	0	
994	0	
995	0	
996	0	
997	0	
998	2.500000e-005	
999	2.500000e-005	
1000	5.000000e-005	
1001	7.500000e-005	
1002	5.000000e-005	
1003	2.500000e-005	
1004	5.000000e-005	
1005	2.500000e-005	
1006	2.500000e-005	
1007	2.500000e-005	
1008	5.000000e-005	
1009	7.500000e-005	
1010	1.250000e-004	
1011	5.000000e-005	
1012	5.000000e-005	
1013	1.000000e-004	
1014	1.000000e-004	
1015	1.750000e-004	
1016	2.000000e-004	
1017	2.750000e-004	
1018	4.000000e-004	
1019	2.500000e-004	
1020	2.500000e-004	
1021	2.500000e-004	
1022	2.250000e-004	
1023	2.750000e-004	
1024	1.250000e-004	
1025	1.250000e-004	
1026	1.250000e-004	
1027	1.500000e-004	
1028	1.750000e-004	
1029	1.500000e-004	
1030	7.500000e-005	
1031	7.500000e-005	
1032	1.250000e-004	
1033	7.500000e-005	
1034	1.000000e-004	
1035	1.000000e-004	
1036	1.000000e-004	
1037	2.500000e-004	
1038	2.000000e-004	
1039	1.500000e-004	
1040	1.000000e-004	
1041	1.500000e-004	
1042	1.750000e-004	
1043	1.500000e-004	
1044	1.250000e-004	
1045	2.000000e-004	
1046	1.500000e-004	
1047	2.250000e-004	
1048	1.500000e-004	
1049	1.250000e-004	
1050	1.000000e-004	
1051	1.250000e-004	
1052	2.000000e-004	
1053	2.000000e-004	
1054	2.500000e-004	
1055	1.000000e-004	
1056	1.250000e-004	
1057	1.750000e-004	
1058	2.250000e-004	
1059	2.250000e-004	
1060	1.250000e-004	
1061	1.250000e-004	
1062	2.000000e-004	
1063	2.000000e-004	
1064	2.000000e-004	
1065	2.500000e-004	
1066	2.000000e-004	
1067	2.250000e-004	
1068	2.500000e-004	
1069	2.250000e-004	
1070	3.000000e-004	
1071	3.500000e-004	
1072	3.750000e-004	
1073	4.250000e-004	
1074	4.750000e-004	
1075	3.750000e-004	
1076	3.750000e-004	
1077	3.250000e-004	
1078	3.000000e-004	
1079	2.500000e-004	
1080	4.000000e-004	
1081	4.500000e-004	
1082	4.000000e-004	
1083	3.000000e-004	
1084	3.000000e-004	
1085	3.750000e-004	
1086	2.750000e-004	
1087	2.500000e-004	
1088	2.750000e-004	
1089	3.250000e-004	
1090	3.750000e-004	
1091	4.500000e-004	
1092	4.250000e-004	
1093	5.250000e-004	
1094	4.000000e-004	
1095	3.000000e-004	
1096	2.500000e-004	
1097	3.000000e-004	
1098	4.500000e-004	
1099	3.750000e-004	
1100	5.000000e-004	
1101	5.250000e-004	
1102	5.250000e-004	
1103	5.000000e-004	
1104	6.750000e-004	
1105	6.500000e-004	
1106	6.750000e-004	
1107	8.500000e-004	
1108	6.750000e-004	
1109	5.500000e-004	
1110	6.750000e-004	
1111	8.000000e-004	
1112	8.250000e-004	
1113	8.750000e-004	
1114	9.000000e-004	
1115	8.250000e-004	
1116	8.250000e-004	
1117	8.500000e-004	
1118	8.750000e-004	
1119	1.050000e-003	
1120	1.025000e-003	
1121	1.150000e-003	
1122	1.125000e-003	
1123	1.250000e-003	
1124	1.100000e-003	
1125	1.175000e-003	
1126	1.475000e-003	
1127	1.225000e-003	
1128	1.025000e-003	
1129	1.050000e-003	
1130	1.225000e-003	
1131	1.350000e-003	
1132	1.575000e-003	
1133	1.225000e-003	
1134	1.025000e-003	
1135	1.125000e-003	
1136	9.750000e-004	
1137	8.750000e-004	
1138	7.500000e-004	
1139	9.250000e-004	
1140	9.500000e-004	
1141	8.500000e-004	
1142	9.750000e-004	
1143	8.000000e-004	
1144	7.500000e-004	
1145	7.500000e-004	
1146	1.075000e-003	
1147	1.225000e-003	
1148	1.275000e-003	
1149	1.100000e-003	
1150	1.150000e-003	
1151	1.300000e-003	
1152	1.200000e-003	
1153	1.225000e-003	
1154	9.000000e-004	
1155	1.200000e-003	
1156	1.200000e-003	
1157	9.250000e-004	
1158	1.050000e-003	
1159	1.125000e-003	
1160	1.125000e-003	
1161	1.125000e-003	
1162	1.275000e-003	
1163	1.550000e-003	
1164	1.225000e-003	
1165	1.250000e-003	
1166	1.400000e-003	
1167	1.600000e-003	
1168	1.550000e-003	
1169	1.325000e-003	
1170	1.325000e-003	
1171	1.350000e-003	
1172	1.325000e-003	
1173	1.250000e-003	
1174	1.150000e-003	
1175	1.000000e-003	
1176	1.275000e-003	
1177	1.375000e-003	
1178	1.450000e-003	
1179	1.525000e-003	
1180	1.700000e-003	
1181	1.850000e-003	
1182	2.100000e-003	
1183	2.425000e-003	
1184	2.375000e-003	
1185	2.650000e-003	
1186	2.100000e-003	
1187	2.050000e-003	
1188	2.000000e-003	
1189	1.825000e-003	
1190	1.775000e-003	
1191	1.925000e-003	
1192	2.100000e-003	
1193	2.325000e-003	
1194	2.475000e-003	
1195	1.975000e-003	
1196	1.900000e-003	
1197	1.925000e-003	
1198	2.250000e-003	
1199	2.100000e-003	
1200	1.925000e-003	
1201	1.725000e-003	
1202	1.625000e-003	
1203	1.500000e-003	
1204	1.350000e-003	
1205	1.300000e-003	
1206	1.400000e-003	
1207	1.775000e-003	
1208	1.775000e-003	
1209	1.675000e-003	
1210	1.450000e-003	
1211	1.350000e-003	
1212	1.400000e-003	
1213	1.400000e-003	
1214	1.500000e-003	
1215	1.325000e-003	
1216	1.225000e-003	
1217	9.750000e-004	
1218	9.500000e-004	
1219	1.075000e-003	
1220	1.325000e-003	
1221	1.425000e-003	
1222	1.425000e-003	
1223	1.525000e-003	
1224	1.275000e-003	
1225	1.500000e-003	
1226	1.500000e-003	
1227	1.525000e-003	
1228	1.700000e-003	
1229	1.850000e-003	
1230	1.775000e-003	
1231	1.875000e-003	
1232	2.125000e-003	
1233	2.100000e-003	
1234	2.100000e-003	
1235	2.225000e-003	
1236	2.175000e-003	
1237	2.050000e-003	
1238	2.275000e-003	
1239	2.075000e-003	
1240	1.775000e-003	
1241	1.975000e-003	
1242	2.125000e-003	
1243	2.450000e-003	
1244	2.375000e-003	
1245	2.575000e-003	
1246	2.675000e-003	
1247	2.400000e-003	
1248	2.475000e-003	
1249	2.700000e-003	
1250	3.025000e-003	
1251	2.925000e-003	
1252	2.775000e-003	
1253	2.900000e-003	
1254	2.925000e-003	
1255	3.200000e-003	
1256	3.275000e-003	
1257	2.850000e-003	
1258	2.850000e-003	
1259	2.700000e-003	
1260	2.675000e-003	
1261	2.600000e-003	
1262	2.600000e-003	
1263	2.275000e-003	
1264	1.975000e-003	
1265	1.600000e-003	
1266	1.800000e-003	
1267	1.875000e-003	
1268	1.725000e-003	
1269	1.825000e-003	
1270	1.725000e-003	
1271	1.700000e-003	
1272	1.775000e-003	
1273	2.075000e-003	
1274	1.725000e-003	
1275	1.875000e-003	
1276	2.175000e-003	
1277	2.025000e-003	
1278	2.150000e-003	
1279	2.075000e-003	
1280	1.975000e-003	
1281	1.625000e-003	
1282	1.700000e-003	
1283	1.450000e-003	
1284	1.950000e-003	
1285	1.800000e-003	
1286	1.875000e-003	
1287	1.800000e-003	
1288	1.575000e-003	
1289	1.675000e-003	
1290	1.925000e-003	
1291	2.050000e-003	
1292	2.300000e-003	
1293	2.275000e-003	
1294	2.500000e-003	
1295	2.775000e-003	
1296	2.450000e-003	
1297	2.100000e-003	
1298	1.900000e-003	
1299	1.800000e-003	
1300	2.025000e-003	
1301	1.800000e-003	
1302	1.950000e-003	
1303	2.125000e-003	
1304	2.150000e-003	
1305	1.650000e-003	
1306	1.225000e-003	
1307	1.350000e-003	
1308	1.325000e-003	
1309	1.375000e-003	
1310	1.175000e-003	
1311	1.225000e-003	
1312	1.250000e-003	
1313	1.225000e-003	
1314	1.225000e-003	
1315	1.400000e-003	
1316	1.400000e-003	
1317	1.575000e-003	
1318	1.175000e-003	
1319	9.000000e-004	
1320	8.750000e-004	
1321	1.000000e-003	
1322	8.750000e-004	
1323	7.000000e-004	
1324	5.000000e-004	
1325	4.000000e-004	
1326	3.500000e-004	
1327	2.500000e-004	
1328	3.000000e-004	
1329	1.750000e-004	
1330	5.000000e-005	
1331	0	
1332	0	
1333	0	
1334	0	
1335	0	
1336	0	
1337	0	
1338	0	
1339	0	
1340	0	
1341	0	
1342	0	
1343	0	
1344	0	
1345	0	
1346	0	
1347	0	
1348	0	
1349	0	
1350	0	
1351	0	
1352	0	
1353	0	
1354	0	
1355	0	
1356	0	
1357	0	
1358	0	
1359	0	
1360	2.500000e-005	
1361	1.000000e-004	
1362	2.000000e-004	
1363	1.750000e-004	
1364	2.250000e-004	
1365	2.750000e-004	
1366	2.500000e-004	
1367	4.000000e-004	
1368	3.000000e-004	
1369	2.500000e-004	
1370	1.250000e-004	
1371	1.000000e-004	
1372	2.250000e-004	
1373	1.750000e-004	
1374	2.000000e-004	
1375	1.250000e-004	
1376	1.750000e-004	
1377	2.750000e-004	
1378	1.250000e-004	
1379	1.500000e-004	
1380	7.500000e-005	
1381	0	
1382	0	
1383	0	
1384	0	
1385	0	
1386	0	
1387	0	
1388	0	
1389	0	
1390	0	
1391	0	
1392	0	
1393	0	
1394	0	
1395	0	
1396	0	
1397	0	
1398	0	
1399	0	
1400	0	
1401	0	
1402	0	
1403	0	
1404	0	
1405	0	
1406	0	
1407	0	
1408	0	
1409	0	
1410	0	
1411	0	
1412	0	
1413	0	
1414	0	
1415	0	
1416	0	
1417	2.500000e-005	
1418	2.500000e-005	
1419	2.500000e-005	
1420	2.500000e-005	
1421	0	
1422	0	
1423	0	
1424	0	
1425	0	
1426	0	
1427	0	
1428	0	
1429	0	
1430	0	
1431	0	
1432	0	
1433	0	
1434	0	
1435	0	
1436	0	
1437	0	
1438	0	
1439	0	
1440	0	
1441	0	
1442	0	
1443	0	
1444	0	
1445	0	
1446	0	
1447	0	
1448	0	
1449	0	
1450	0	
1451	0	
1452	0	
1453	0	
1454	0	
1455	0	
1456	0	
1457	0	
1458	0	
1459	0	
1460	0	
1461	0	
1462	0	
1463	0	
1464	0	
1465	0	
1466	0	
1467	0	
1468	0	
1469	0	
1470	0	
1471	0	
1472	0	
1473	0	
1474	0	
1475	0	
1476	0	
1477	0	
1478	0	
1479	0	
1480	0	
1481	0	
1482	0	
1483	0	
1484	0	
1485	0	
1486	0	
1487	0	
1488	0	
1489	0	
1490	0	
1491	0	
1492	0	
1493	0	
1494	0	
1495	0	
1496	0	
1497	0	
1498	0	
1499	0	
1500	0	
1501	0	
1502	0	
1503	0	
1504	0	
1505	0	
1506	0	
1507	0	
1508	0	
1509	0	
1510	0	
1511	0	
1512	0	
1513	0	
1514	0	
1515	0	
1516	0	
1517	0	
1518	0	
1519	0	
1520	0	
1521	0	
1522	0	
1523	0	
1524	0	
1525	0	
1526	0	
1527	0	
1528	0	
1529	0	
1530	0	
1531	0	
1532	0	
1533	2.500000e-005	
1534	5.000000e-005	
1535	5.000000e-005	
1536	7.500000e-005	
1537	7.500000e-005	
1538	7.500000e-005	
1539	2.500000e-005	
1540	2.500000e-005	
1541	2.500000e-005	
1542	5.000000e-005	
1543	2.500000e-005	
1544	7.500000e-005	
1545	1.000000e-004	
1546	5.000000e-005	
1547	1.000000e-004	
1548	2.500000e-005	
1549	2.500000e-005	
1550	5.000000e-005	
1551	1.000000e-004	
1552	1.000000e-004	
1553	1.500000e-004	
1554	1.750000e-004	
1555	1.500000e-004	
1556	1.500000e-004	
1557	1.250000e-004	
1558	1.000000e-004	
1559	5.000000e-005	
1560	7.500000e-005	
1561	0	
1562	0	
1563	0	
1564	0	
1565	0	
1566	0	
1567	0	
1568	0	
1569	0	
1570	0	
1571	0	
1572	0	
1573	0	
1574	0	
1575	0	
1576	0	
1577	0	
1578	0	
1579	0	
1580	0	
1581	0	
1582	0	
1583	0	
1584	0	
1585	0	
1586	0	
1587	0	
1588	0	
1589	0	
1590	0	
1591	0	
1592	0	
1593	0	
1594	0	
1595	2.500000e-005	
1596	2.500000e-005	
1597	7.500000e-005	
1598	1.000000e-004	
1599	1.250000e-004	
1600	7.500000e-005	
1601	1.500000e-004	
1602	1.000000e-004	
1603	1.500000e-004	
1604	1.750000e-004	
1605	1.500000e-004	
1606	1.500000e-004	
1607	1.250000e-004	
1608	5.000000e-005	
1609	7.500000e-005	
1610	5.000000e-005	
1611	5.000000e-005	
1612	1.000000e-004	
1613	1.000000e-004	
1614	1.000000e-004	
1615	5.000000e-005	
1616	5.000000e-005	
1617	2.500000e-005	
1618	5.000000e-005	
1619	7.500000e-005	
1620	5.000000e-005	
1621	2.500000e-005	
1622	2.500000e-005	
1623	5.000000e-005	
1624	5.000000e-005	
1625	5.000000e-005	
1626	7.500000e-005	
1627	5.000000e-005	
1628	5.000000e-005	
1629	2.500000e-005	
1630	0	
1631	0	
1632	0	
1633	0	
1634	0	
1635	0	
1636	0	
1637	0	
1638	0	
1639	0	
1640	0	
1641	0	
1642	0	
1643	0	
1644	0	
1645	0	
1646	0	
1647	0	
1648	0	
1649	0	
1650	0	
1651	0	
1652	0	
1653	0	
1654	0	
1655	0	
1656	0	
1657	0	
1658	0	
1659	0	
1660	0	
1661	0	
1662	0	
1663	0	
1664	0	
1665	0	
1666	0	
1667	0	
1668	0	
1669	0	
1670	0	
1671	0	
1672	0	
1673	0	
1674	0	
1675	0	
1676	0	
1677	0	
1678	0	
1679	0	
1680	0	
1681	0	
1682	0	
1683	0	
1684	0	
1685	0	
1686	0	
1687	0	
1688	0	
1689	0	
1690	0	
1691	0	
1692	0	
1693	0	
1694	0	
1695	0	
1696	0	
1697	0	
1698	0	
1699	0	
1700	0	
1701	0	
1702	0	
1703	0	
1704	0	
1705	0	
1706	0	
1707	0	
1708	0	
1709	0	
1710	0	
1711	0	
1712	0	
1713	0	
1714	0	
1715	0	
1716	0	
1717	0	
1718	0	
1719	0	
1720	0	
1721	0	
1722	0	
1723	0	
1724	0	
1725	0	
1726	0	
1727	5.000000e-005	
1728	7.500000e-005	
1729	1.750000e-004	
1730	2.500000e-004	
1731	2.750000e-004	
1732	3.250000e-004	
1733	2.000000e-004	
1734	2.250000e-004	
1735	2.250000e-004	
1736	3.000000e-004	
1737	2.750000e-004	
1738	2.000000e-004	
1739	1.750000e-004	
1740	1.250000e-004	
1741	5.000000e-005	
1742	2.500000e-005	
1743	2.500000e-005	
1744	0	
1745	0	
1746	0	
1747	2.500000e-005	
1748	1.250000e-004	
1749	1.000000e-004	
1750	1.000000e-004	
1751	1.500000e-004	
1752	2.500000e-004	
1753	3.000000e-004	
1754	2.750000e-004	
1755	4.000000e-004	
1756	5.250000e-004	
1757	5.500000e-004	
1758	4.000000e-004	
1759	4.000000e-004	
1760	5.250000e-004	
1761	5.750000e-004	
1762	6.750000e-004	
1763	7.250000e-004	
1764	8.750000e-004	
1765	8.250000e-004	
1766	1.225000e-003	
1767	1.225000e-003	
1768	1.300000e-003	
1769	1.225000e-003	
1770	1.200000e-003	
1771	1.350000e-003	
1772	1.500000e-003	
1773	1.300000e-003	
1774	1.325000e-003	
1775	1.250000e-003	
1776	1.550000e-003	
1777	1.800000e-003	
1778	2.075000e-003	
1779	2.500000e-003	
1780	2.625000e-003	
1781	2.175000e-003	
1782	2.200000e-003	
1783	2.225000e-003	
1784	2.200000e-003	
1785	2.075000e-003	
1786	2.625000e-003	
1787	2.575000e-003	
1788	2.475000e-003	
1789	2.850000e-003	
1790	3.025000e-003	
1791	2.450000e-003	
1792	2.350000e-003	
1793	2.350000e-003	
1794	2.500000e-003	
1795	2.800000e-003	
1796	2.775000e-003	
1797	2.575000e-003	
1798	2.325000e-003	
1799	2.650000e-003	
1800	2.550000e-003	
1801	2.325000e-003	
1802	2.400000e-003	
1803	2.600000e-003	
1804	2.875000e-003	
1805	2.950000e-003	
1806	3.000000e-003	
1807	3.375000e-003	
1808	3.525000e-003	
1809	3.175000e-003	
1810	3.500000e-003	
1811	3.575000e-003	
1812	3.325000e-003	
1813	3.200000e-003	
1814	3.100000e-003	
1815	3.675000e-003	
1816	3.400000e-003	
1817	3.500000e-003	
1818	4.025000e-003	
1819	3.975000e-003	
1820	3.975000e-003	
1821	4.075000e-003	
1822	3.625000e-003	
1823	3.850000e-003	
1824	3.600000e-003	
1825	4.175000e-003	
1826	4.100000e-003	
1827	4.375000e-003	
1828	4.350000e-003	
1829	4.400000e-003	
1830	4.050000e-003	
1831	4.825000e-003	
1832	4.825000e-003	
1833	4.775000e-003	
1834	4.875000e-003	
1835	5.125000e-003	
1836	5.125000e-003	
1837	5.325000e-003	
1838	5.425000e-003	
1839	4.950000e-003	
1840	5.750000e-003	
1841	5.775000e-003	
1842	5.375000e-003	
1843	5.525000e-003	
1844	5.550000e-003	
1845	5.600000e-003	
1846	5.525000e-003	
1847	6.350000e-003	
1848	6.825000e-003	
1849	6.050000e-003	
1850	6.225000e-003	
1851	6.025000e-003	
1852	5.675000e-003	
1853	5.700000e-003	
1854	5.750000e-003	
1855	5.600000e-003	
1856	5.200000e-003	
1857	5.275000e-003	
1858	4.750000e-003	
1859	5.175000e-003	
1860	5.400000e-003	
1861	4.950000e-003	
1862	4.875000e-003	
1863	4.675000e-003	
1864	4.225000e-003	
1865	4.250000e-003	
1866	4.300000e-003	
1867	3.825000e-003	
1868	3.875000e-003	
1869	3.450000e-003	
1870	3.850000e-003	
1871	3.800000e-003	
1872	3.250000e-003	
1873	2.850000e-003	
1874	3.375000e-003	
1875	3.650000e-003	
1876	3.975000e-003	
1877	3.400000e-003	
1878	3.075000e-003	
1879	3.025000e-003	
1880	3.075000e-003	
1881	2.725000e-003	
1882	2.950000e-003	
1883	2.375000e-003	
1884	1.975000e-003	
1885	1.450000e-003	
1886	1.275000e-003	
1887	9.250000e-004	
1888	6.500000e-004	
1889	7.250000e-004	
1890	5.750000e-004	
1891	3.750000e-004	
1892	1.500000e-004	
1893	1.250000e-004	
1894	1.250000e-004	
1895	2.000000e-004	
1896	1.000000e-004	
1897	1.750000e-004	
1898	2.500000e-004	
1899	4.000000e-004	
1900	4.500000e-004	
1901	2.500000e-004	
1902	3.500000e-004	
1903	3.250000e-004	
1904	2.750000e-004	
1905	2.000000e-004	
1906	1.000000e-004	
1907	7.500000e-005	
1908	1.000000e-004	
1909	2.500000e-005	
1910	2.500000e-005	
1911	2.500000e-005	
1912	0	
1913	0	
1914	0	
1915	2.500000e-005	
1916	0	
1917	0	
1918	0	
1919	0	
1920	0	
1921	0	
1922	0	
1923	0	
1924	0	
1925	0	
1926	0	
1927	0	
1928	0	
1929	0	
1930	0	
1931	0	
1932	0	
1933	0	
1934	0	
1935	0	
1936	0	
1937	0	
1938	0	
1939	0	
1940	2.500000e-005	
1941	1.000000e-004	
1942	1.250000e-004	
1943	1.500000e-004	
1944	2.250000e-004	
1945	1.750000e-004	
1946	1.000000e-004	
1947	1.000000e-004	
1948	1.750000e-004	
1949	1.250000e-004	
1950	7.500000e-005	
1951	1.500000e-004	
1952	1.000000e-004	
1953	2.500000e-005	
1954	0	
1955	0	
1956	0	
1957	0	
1958	0	
1959	0	
1960	0	
1961	0	
1962	0	
1963	0	
1964	0	
1965	0	
1966	0	
1967	0	
1968	0	
1969	0	
1970	0	
1971	0	
1972	0	
1973	0	
1974	0	
1975	0	
1976	0	
1977	0	
1978	0	
1979	0	
1980	0	
1981	0	
1982	0	
1983	0	
1984	0	
1985	0	
1986	0	
1987	0	
1988	0	
1989	0	
1990	0	
1991	0	
1992	0	
1993	0	
1994	0	
1995	0	
1996	0	
1997	0	
1998	0	
1999	0	
2000	0	
2001	0	
2002	0	
2003	0	
2004	0	
2005	0	
2006	0	
2007	0	
2008	0	
2009	0	
2010	0	
2011	0	
2012	0	
2013	0	
2014	0	
2015	0	
2016	0	
2017	0	
2018	0	
2019	0	
2020	0	
2021	0	
2022	0	
2023	0	
2024	0	
2025	0	
2026	0	
2027	0	
2028	0	
2029	0	
2030	0	
2031	0	
2032	0	
2033	0	
2034	0	
2035	0	
2036	0	
2037	0	
2038	0	
2039	0	
2040	0	
2041	0	
2042	0	
2043	0	
2044	0	
2045	0	
2046	0	
2047	0	
2048	0	
2049	0	
2050	0	
2051	0	
2052	0	
2053	0	
2054	0	
2055	0	
2056	0	
2057	0	
2058	0	
2059	0	
2060	0	
2061	0	
2062	0	
2063	0	
2064	0	
2065	0	
2066	0	
2067	0	
2068	0	
2069	0	
2070	0	
2071	0	
2072	0	
2073	0	
2074	0	
2075	0	
2076	0	
2077	0	
2078	0	
2079	0	
2080	2.500000e-005	
2081	7.500000e-005	
2082	2.500000e-005	
2083	0	
2084	0	
2085	0	
2086	0	
2087	0	
2088	0	
2089	0	
2090	0	
2091	0	
2092	0	
2093	0	
2094	0	
2095	0	
2096	0	
2097	0	
2098	0	
2099	0	
2100	0	
2101	0	
2102	0	
2103	0	
2104	0	
2105	0	
2106	0	
2107	0	
2108	0	
2109	0	
2110	0	
2111	0	
2112	0	
2113	0	
2114	0	
2115	0	
2116	0	
2117	2.500000e-005	
2118	0	
2119	0	
2120	0	
2121	0	
2122	0	
2123	0	
2124	0	
2125	0	
2126	0	
2127	0	
2128	0	
2129	0	
2130	0	
2131	0	
2132	0	
2133	0	
2134	0	
2135	0	
2136	0	
2137	0	
2138	0	
2139	0	
2140	0	
2141	0	
2142	0	
2143	0	
2144	0	
2145	0	
2146	0	
2147	0	
2148	0	
2149	0	
2150	0	
2151	0	
2152	0	
2153	0	
2154	0	
2155	0	
2156	0	
2157	0	
2158	0	
2159	0	
2160	0	
2161	0	
2162	0	
2163	0	
2164	0	
2165	0	
2166	0	
2167	0	
2168	0	
2169	0	
2170	0	
2171	0	
2172	0	
2173	0	
2174	0	
2175	0	
2176	0	
2177	0	
2178	0	
2179	0	
2180	0	
2181	0	
2182	0	
2183	0	
2184	0	
2185	0	
2186	0	
2187	0	
2188	0	
2189	0	
2190	0	
2191	0	
2192	0	
2193	0	
2194	0	
2195	0	
2196	0	
2197	0	
2198	0	
2199	0	
2200	0	
2201	0	
2202	0	
2203	0	
2204	0	
2205	2.500000e-005	
2206	2.500000e-005	
2207	5.000000e-005	
2208	1.250000e-004	
2209	1.000000e-004	
2210	1.000000e-004	
2211	2.000000e-004	
2212	2.250000e-004	
2213	2.000000e-004	
2214	2.250000e-004	
2215	1.750000e-004	
2216	1.250000e-004	
2217	1.500000e-004	
2218	1.000000e-004	
2219	1.000000e-004	
2220	7.500000e-005	
2221	2.500000e-005	
2222	2.500000e-005	
2223	7.500000e-005	
2224	7.500000e-005	
2225	7.500000e-005	
2226	2.500000e-005	
2227	5.000000e-005	
2228	5.000000e-005	
2229	5.000000e-005	
2230	5.000000e-005	
2231	2.500000e-005	
2232	5.000000e-005	
2233	5.000000e-005	
2234	5.000000e-005	
2235	1.000000e-004	
2236	1.000000e-004	
2237	5.000000e-005	
2238	7.500000e-005	
2239	1.250000e-004	
2240	1.000000e-004	
2241	1.750000e-004	
2242	2.250000e-004	
2243	1.500000e-004	
2244	1.500000e-004	
2245	1.750000e-004	
2246	2.000000e-004	
2247	1.500000e-004	
2248	1.250000e-004	
2249	1.000000e-004	
2250	1.750000e-004	
2251	1.250000e-004	
2252	1.000000e-004	
2253	1.500000e-004	
2254	2.750000e-004	
2255	4.250000e-004	
2256	2.500000e-004	
2257	3.000000e-004	
2258	4.500000e-004	
2259	6.000000e-004	
2260	6.000000e-004	
2261	7.250000e-004	
2262	6.750000e-004	
2263	7.250000e-004	
2264	7.250000e-004	
2265	6.250000e-004	
2266	6.250000e-004	
2267	9.000000e-004	
2268	8.500000e-004	
2269	7.500000e-004	
2270	7.500000e-004	
2271	7.250000e-004	
2272	6.750000e-004	
2273	6.000000e-004	
2274	5.250000e-004	
2275	5.500000e-004	
2276	4.750000e-004	
2277	5.250000e-004	
2278	6.250000e-004	
2279	6.750000e-004	
2280	5.000000e-004	
2281	4.500000e-004	
2282	4.500000e-004	
2283	4.250000e-004	
2284	4.250000e-004	
2285	4.500000e-004	
2286	4.750000e-004	
2287	5.750000e-004	
2288	5.250000e-004	
2289	4.500000e-004	
2290	5.000000e-004	
2291	5.750000e-004	
2292	5.250000e-004	
2293	6.250000e-004	
2294	4.500000e-004	
2295	6.500000e-004	
2296	8.500000e-004	
2297	9.000000e-004	
2298	1.025000e-003	
2299	7.250000e-004	
2300	8.500000e-004	
2301	1.025000e-003	
2302	1.150000e-003	
2303	1.175000e-003	
2304	1.275000e-003	
2305	1.200000e-003	
2306	1.275000e-003	
2307	1.725000e-003	
2308	2.325000e-003	
2309	2.325000e-003	
2310	2.425000e-003	
2311	2.150000e-003	
2312	1.975000e-003	
2313	2.100000e-003	
2314	2.125000e-003	
2315	2.750000e-003	
2316	2.900000e-003	
2317	3.000000e-003	
2318	3.025000e-003	
2319	2.175000e-003	
2320	2.475000e-003	
2321	2.575000e-003	
2322	2.700000e-003	
2323	2.700000e-003	
2324	2.625000e-003	
2325	2.475000e-003	
2326	2.600000e-003	
2327	2.550000e-003	
2328	2.900000e-003	
2329	3.050000e-003	
2330	3.025000e-003	
2331	3.125000e-003	
2332	3.350000e-003	
2333	3.575000e-003	
2334	3.425000e-003	
2335	3.500000e-003	
2336	3.825000e-003	
2337	3.775000e-003	
2338	3.850000e-003	
2339	3.975000e-003	
2340	3.750000e-003	
2341	3.775000e-003	
2342	3.750000e-003	
2343	3.275000e-003	
2344	3.175000e-003	
2345	2.550000e-003	
2346	2.300000e-003	
2347	2.325000e-003	
2348	1.900000e-003	
2349	2.325000e-003	
2350	2.225000e-003	
2351	2.300000e-003	
2352	2.375000e-003	
2353	2.400000e-003	
2354	2.650000e-003	
2355	2.725000e-003	
2356	2.425000e-003	
2357	2.075000e-003	
2358	2.075000e-003	
2359	2.175000e-003	
2360	2.250000e-003	
2361	1.925000e-003	
2362	1.850000e-003	
2363	2.125000e-003	
2364	2.150000e-003	
2365	1.900000e-003	
2366	1.975000e-003	
2367	2.200000e-003	
2368	2.075000e-003	
2369	1.875000e-003	
2370	2.225000e-003	
2371	2.250000e-003	
2372	2.325000e-003	
2373	2.125000e-003	
2374	2.100000e-003	
2375	1.950000e-003	
2376	1.925000e-003	
2377	1.775000e-003	
2378	1.800000e-003	
2379	2.050000e-003	
2380	2.075000e-003	
2381	2.325000e-003	
2382	2.100000e-003	
2383	2.225000e-003	
2384	2.250000e-003	
2385	1.900000e-003	
2386	2.175000e-003	
2387	2.250000e-003	
2388	2.225000e-003	
2389	2.100000e-003	
2390	1.750000e-003	
2391	1.875000e-003	
2392	1.950000e-003	
2393	1.975000e-003	
2394	1.650000e-003	
2395	1.675000e-003	
2396	1.825000e-003	
2397	2.075000e-003	
2398	2.200000e-003	
2399	1.925000e-003	
2400	1.775000e-003	
2401	1.700000e-003	
2402	1.750000e-003	
2403	1.750000e-003	
2404	1.675000e-003	
2405	1.625000e-003	
2406	1.275000e-003	
2407	1.400000e-003	
2408	1.225000e-003	
2409	1.525000e-003	
2410	1.300000e-003	
2411	1.625000e-003	
2412	1.275000e-003	
2413	1.400000e-003	
2414	1.600000e-003	
2415	1.475000e-003	
2416	1.425000e-003	
2417	1.175000e-003	
2418	1.175000e-003	
2419	1.325000e-003	
2420	1.200000e-003	
2421	1.150000e-003	
2422	1.100000e-003	
2423	1.300000e-003	
2424	1.450000e-003	
2425	1.100000e-003	
2426	1.175000e-003	
2427	1.100000e-003	
2428	1.475000e-003	
2429	1.600000e-003	
2430	1.675000e-003	
2431	1.625000e-003	
2432	1.500000e-003	
2433	1.350000e-003	
2434	1.400000e-003	
2435	1.475000e-003	
2436	1.275000e-003	
2437	1.425000e-003	
2438	1.450000e-003	
2439	1.500000e-003	
2440	1.425000e-003	
2441	1.225000e-003	
2442	1.250000e-003	
2443	1.650000e-003	
2444	1.325000e-003	
2445	1.000000e-003	
2446	5.500000e-004	
2447	8.250000e-004	
2448	6.500000e-004	
2449	5.750000e-004	
2450	7.000000e-004	
2451	8.000000e-004	
2452	8.250000e-004	
2453	7.500000e-004	
2454	6.250000e-004	
2455	4.250000e-004	
2456	3.000000e-004	
2457	3.250000e-004	
2458	4.250000e-004	
2459	4.750000e-004	
2460	5.000000e-004	
2461	3.750000e-004	
2462	4.000000e-004	
2463	3.500000e-004	
2464	4.250000e-004	
2465	6.000000e-004	
2466	7.750000e-004	
2467	6.250000e-004	
2468	6.000000e-004	
2469	6.250000e-004	
2470	5.250000e-004	
2471	6.750000e-004	
2472	6.750000e-004	
2473	5.750000e-004	
2474	6.500000e-004	
2475	4.250000e-004	
2476	4.250000e-004	
2477	3.750000e-004	
2478	4.500000e-004	
2479	2.500000e-004	
2480	3.000000e-004	
2481	2.000000e-004	
2482	2.500000e-004	
2483	3.250000e-004	
2484	3.250000e-004	
2485	3.500000e-004	
2486	4.500000e-004	
2487	3.000000e-004	
2488	2.000000e-004	
2489	1.500000e-004	
2490	5.000000e-005	
2491	1.750000e-004	
2492	1.750000e-004	
2493	1.500000e-004	
2494	1.500000e-004	
2495	1.250000e-004	
2496	2.500000e-004	
2497	2.250000e-004	
2498	2.000000e-004	
2499	3.000000e-004	
2500	2.750000e-004	
2501	2.250000e-004	
2502	3.000000e-004	
2503	2.750000e-004	
2504	3.000000e-004	
2505	3.750000e-004	
2506	4.000000e-004	
2507	5.500000e-004	
2508	6.500000e-004	
2509	5.250000e-004	
2510	4.500000e-004	
2511	4.250000e-004	
2512	2.500000e-004	
2513	3.750000e-004	
2514	4.000000e-004	
2515	5.000000e-004	
2516	2.750000e-004	
2517	2.250000e-004	
2518	3.000000e-004	
2519	2.000000e-004	
2520	1.250000e-004	
2521	5.000000e-005	
2522	2.500000e-005	
2523	0	
2524	0	
2525	0	
2526	0	
2527	0	
2528	0	
2529	0	
2530	0	
2531	0	
2532	0	
2533	0	
2534	0	
2535	0	
2536	0	
2537	0	
2538	0	
2539	0	
2540	0	
2541	0	
2542	0	
2543	0	
2544	0	
2545	0	
2546	0	
2547	0	
2548	0	
2549	0	
2550	0	
2551	0	
2552	0	
2553	0	
2554	0	
2555	0	
2556	0	
2557	0	
2558	0	
2559	0	
2560	0	
2561	0	
2562	0	
2563	0	
2564	0	
2565	0	
2566	0	
2567	0	
2568	0	
2569	0	
2570	0	
2571	0	
2572	0	
2573	0	
2574	0	
2575	0	
2576	0	
2577	0	
2578	0	
2579	0	
2580	0	
2581	0	
2582	0	
2583	0	
2584	0	
2585	0	
2586	0	
2587	0	
2588	0	
2589	0	
2590	0	
2591	0	
2592	0	
2593	0	
2594	0	
2595	0	
2596	0	
2597	0	
2598	0	
2599	0	
2600	0	
2601	0	
2602	0	
2603	0	
2604	0	
2605	0	
2606	0	
2607	0	
2608	0	
2609	0	
2610	0	
2611	0	
2612	0	
2613	0	
2614	0	
2615	0	
2616	0	
2617	0	
2618	0	
2619	0	
2620	0	
2621	0	
2622	0	
2623	0	
2624	0	
2625	0	
2626	0	
2627	0	
2628	0	
2629	0	
2630	2.500000e-005	
2631	1.000000e-004	
2632	1.750000e-004	
2633	1.750000e-004	
2634	2.500000e-004	
2635	1.000000e-004	
2636	1.250000e-004	
2637	1.000000e-004	
2638	2.500000e-005	
2639	2.500000e-005	
2640	7.500000e-005	
2641	2.500000e-005	
2642	2.500000e-005	
2643	2.500000e-005	
2644	2.500000e-005	
2645	5.000000e-005	
2646	0	
2647	0	
2648	0	
2649	0	
2650	0	
2651	2.500000e-005	
2652	2.500000e-005	
2653	2.500000e-005	
2654	5.000000e-005	
2655	2.500000e-005	
2656	2.500000e-005	
2657	2.500000e-005	
2658	0	
2659	0	
2660	0	
2661	0	
2662	0	
2663	0	
2664	0	
2665	0	
2666	0	
2667	0	
2668	0	
2669	0	
2670	0	
2671	0	
2672	0	
2673	0	
2674	0	
2675	0	
2676	0	
2677	0	
2678	0	
2679	0	
2680	0	
2681	0	
2682	0	
2683	0	
2684	0	
2685	0	
2686	2.500000e-005	
2687	2.500000e-005	
2688	2.500000e-005	
2689	0	
2690	0	
2691	0	
2692	0	
2693	0	
2694	2.500000e-005	
2695	2.500000e-005	
2696	2.500000e-005	
2697	2.500000e-005	
2698	0	
2699	0	
2700	0	
2701	0	
2702	0	
2703	0	
2704	0	
2705	0	
2706	5.000000e-005	
2707	1.500000e-004	
2708	1.250000e-004	
2709	2.000000e-004	
2710	1.750000e-004	
2711	1.250000e-004	
2712	7.500000e-005	
2713	1.000000e-004	
2714	1.250000e-004	
2715	1.750000e-004	
2716	2.250000e-004	
2717	2.750000e-004	
2718	1.500000e-004	
2719	1.500000e-004	
2720	1.750000e-004	
2721	2.000000e-004	
2722	3.000000e-004	
2723	3.500000e-004	
2724	2.000000e-004	
2725	2.500000e-004	
2726	2.500000e-004	
2727	4.500000e-004	
2728	7.250000e-004	
2729	7.750000e-004	
2730	6.250000e-004	
2731	6.750000e-004	
2732	8.250000e-004	
2733	8.500000e-004	
2734	8.500000e-004	
2735	9.000000e-004	
2736	9.750000e-004	
2737	1.050000e-003	
2738	1.025000e-003	
2739	8.750000e-004	
2740	7.250000e-004	
2741	7.000000e-004	
2742	5.500000e-004	
2743	4.750000e-004	
2744	4.000000e-004	
2745	4.000000e-004	
2746	3.250000e-004	
2747	3.500000e-004	
2748	3.250000e-004	
2749	3.000000e-004	
2750	2.750000e-004	
2751	2.000000e-004	
2752	2.500000e-004	
2753	3.000000e-004	
2754	3.000000e-004	
2755	3.250000e-004	
2756	2.500000e-004	
2757	3.500000e-004	
2758	2.000000e-004	
2759	2.000000e-004	
2760	2.000000e-004	
2761	1.500000e-004	
2762	1.750000e-004	
2763	1.500000e-004	
2764	1.500000e-004	
2765	1.000000e-004	
2766	1.500000e-004	
2767	2.000000e-004	
2768	1.750000e-004	
2769	2.250000e-004	
2770	2.750000e-004	
2771	4.250000e-004	
2772	3.750000e-004	
2773	3.250000e-004	
2774	3.500000e-004	
2775	3.500000e-004	
2776	3.000000e-004	
2777	4.000000e-004	
2778	5.000000e-004	
2779	5.250000e-004	
2780	7.000000e-004	
2781	6.750000e-004	
2782	7.500000e-004	
2783	6.500000e-004	
2784	8.250000e-004	
2785	6.250000e-004	
2786	7.500000e-004	
2787	9.500000e-004	
2788	9.000000e-004	
2789	8.750000e-004	
2790	1.025000e-003	
2791	7.750000e-004	
2792	8.250000e-004	
2793	1.125000e-003	
2794	1.200000e-003	
2795	1.300000e-003	
2796	1.225000e-003	
2797	1.300000e-003	
2798	1.125000e-003	
2799	9.750000e-004	
2800	1.175000e-003	
2801	8.000000e-004	
2802	7.750000e-004	
2803	9.250000e-004	
2804	9.000000e-004	
2805	1.000000e-003	
2806	7.000000e-004	
2807	6.750000e-004	
2808	5.500000e-004	
2809	6.500000e-004	
2810	5.000000e-004	
2811	5.000000e-004	
2812	5.500000e-004	
2813	6.750000e-004	
2814	5.250000e-004	
2815	6.000000e-004	
2816	6.250000e-004	
2817	6.500000e-004	
2818	6.500000e-004	
2819	5.500000e-004	
2820	6.250000e-004	
2821	6.000000e-004	
2822	6.000000e-004	
2823	5.250000e-004	
2824	7.000000e-004	
2825	8.500000e-004	
2826	9.250000e-004	
2827	8.250000e-004	
2828	1.025000e-003	
2829	7.500000e-004	
2830	8.500000e-004	
2831	9.500000e-004	
2832	8.000000e-004	
2833	7.750000e-004	
2834	9.500000e-004	
2835	7.250000e-004	
2836	6.000000e-004	
2837	8.500000e-004	
2838	8.250000e-004	
2839	9.750000e-004	
2840	9.000000e-004	
2841	8.250000e-004	
2842	7.750000e-004	
2843	9.750000e-004	
2844	8.000000e-004	
2845	8.750000e-004	
2846	9.750000e-004	
2847	9.000000e-004	
2848	1.075000e-003	
2849	9.750000e-004	
2850	1.125000e-003	
2851	1.075000e-003	
2852	1.100000e-003	
2853	1.125000e-003	
2854	1.300000e-003	
2855	1.325000e-003	
2856	1.300000e-003	
2857	1.300000e-003	
2858	1.125000e-003	
2859	1.175000e-003	
2860	1.350000e-003	
2861	1.325000e-003	
2862	1.525000e-003	
2863	1.775000e-003	
2864	1.500000e-003	
2865	1.775000e-003	
2866	1.925000e-003	
2867	2.050000e-003	
2868	1.875000e-003	
2869	1.900000e-003	
2870	2.125000e-003	
2871	1.750000e-003	
2872	1.825000e-003	
2873	1.550000e-003	
2874	1.600000e-003	
2875	1.600000e-003	
2876	1.800000e-003	
2877	1.875000e-003	
2878	1.625000e-003	
2879	1.425000e-003	
2880	1.300000e-003	
2881	1.350000e-003	
2882	1.475000e-003	
2883	1.225000e-003	
2884	1.300000e-003	
2885	1.350000e-003	
2886	1.350000e-003	
2887	1.575000e-003	
2888	1.450000e-003	
2889	1.600000e-003	
2890	1.475000e-003	
2891	1.225000e-003	
2892	1.300000e-003	
2893	1.550000e-003	
2894	1.400000e-003	
2895	1.300000e-003	
2896	1.300000e-003	
2897	1.300000e-003	
2898	1.475000e-003	
2899	1.725000e-003	
2900	1.525000e-003	
2901	1.575000e-003	
2902	1.775000e-003	
2903	2.125000e-003	
2904	1.775000e-003	
2905	1.975000e-003	
2906	1.975000e-003	
2907	2.225000e-003	
2908	2.200000e-003	
2909	2.250000e-003	
2910	2.050000e-003	
2911	2.100000e-003	
2912	2.150000e-003	
2913	2.375000e-003	
2914	2.475000e-003	
2915	2.700000e-003	
2916	2.750000e-003	
2917	2.975000e-003	
2918	3.125000e-003	
2919	3.700000e-003	
2920	3.500000e-003	
2921	3.450000e-003	
2922	3.350000e-003	
2923	3.150000e-003	
2924	3.800000e-003	
2925	3.825000e-003	
2926	3.650000e-003	
2927	3.825000e-003	
2928	3.775000e-003	
2929	3.725000e-003	
2930	3.500000e-003	
2931	3.325000e-003	
2932	3.650000e-003	
2933	3.675000e-003	
2934	3.800000e-003	
2935	3.775000e-003	
2936	3.475000e-003	
2937	3.325000e-003	
2938	3.650000e-003	
2939	3.350000e-003	
2940	3.400000e-003	
2941	3.175000e-003	
2942	2.975000e-003	
2943	3.150000e-003	
2944	3.275000e-003	
2945	3.075000e-003	
2946	3.125000e-003	
2947	3.325000e-003	
2948	3.500000e-003	
2949	3.325000e-003	
2950	2.925000e-003	
2951	2.625000e-003	
2952	2.200000e-003	
2953	2.500000e-003	
2954	2.725000e-003	
2955	2.500000e-003	
2956	2.500000e-003	
2957	2.150000e-003	
2958	2.275000e-003	
2959	2.000000e-003	
2960	1.600000e-003	
2961	1.775000e-003	
2962	1.825000e-003	
2963	1.975000e-003	
2964	1.900000e-003	
2965	1.550000e-003	
2966	1.675000e-003	
2967	1.575000e-003	
2968	1.625000e-003	
2969	2.225000e-003	
2970	2.000000e-003	
2971	2.150000e-003	
2972	2.325000e-003	
2973	2.150000e-003	
2974	2.025000e-003	
2975	2.000000e-003	
2976	1.975000e-003	
2977	1.675000e-003	
2978	1.950000e-003	
2979	1.650000e-003	
2980	1.900000e-003	
2981	1.875000e-003	
2982	2.050000e-003	
2983	2.100000e-003	
2984	2.200000e-003	
2985	2.150000e-003	
2986	1.975000e-003	
2987	2.025000e-003	
2988	2.000000e-003	
2989	1.850000e-003	
2990	1.800000e-003	
2991	1.875000e-003	
2992	1.800000e-003	
2993	1.475000e-003	
2994	1.625000e-003	
2995	1.300000e-003	
2996	1.375000e-003	
2997	1.300000e-003	
2998	1.050000e-003	
2999	1.100000e-003	
3000	1.200000e-003	
3001	1.075000e-003	
