1	0	
2	0	
3	0	
4	0	
5	0	
6	0	
7	0	
8	0	
9	0	
10	0	
11	0	
12	0	
13	0	
14	0	
15	0	
16	0	
17	0	
18	2.500000e-005	
19	7.500000e-005	
20	7.500000e-005	
21	1.250000e-004	
22	1.750000e-004	
23	3.500000e-004	
24	3.750000e-004	
25	5.000000e-004	
26	5.750000e-004	
27	5.250000e-004	
28	8.000000e-004	
29	9.250000e-004	
30	1.275000e-003	
31	1.225000e-003	
32	1.075000e-003	
33	1.450000e-003	
34	1.575000e-003	
35	1.350000e-003	
36	1.850000e-003	
37	1.850000e-003	
38	1.800000e-003	
39	1.725000e-003	
40	2.225000e-003	
41	2.550000e-003	
42	2.300000e-003	
43	2.625000e-003	
44	2.950000e-003	
45	3.450000e-003	
46	3.225000e-003	
47	3.200000e-003	
48	3.075000e-003	
49	3.175000e-003	
50	2.925000e-003	
51	3.200000e-003	
52	3.450000e-003	
53	3.575000e-003	
54	3.725000e-003	
55	3.675000e-003	
56	4.000000e-003	
57	4.475000e-003	
58	4.825000e-003	
59	5.200000e-003	
60	4.975000e-003	
61	5.225000e-003	
62	5.375000e-003	
63	5.825000e-003	
64	5.800000e-003	
65	5.975000e-003	
66	6.475000e-003	
67	7.100000e-003	
68	7.575000e-003	
69	7.800000e-003	
70	8.050000e-003	
71	7.200000e-003	
72	7.050000e-003	
73	7.300000e-003	
74	7.850000e-003	
75	8.125000e-003	
76	8.325000e-003	
77	8.625000e-003	
78	9.200000e-003	
79	9.825000e-003	
80	1.030000e-002	
81	1.040000e-002	
82	9.650000e-003	
83	9.450000e-003	
84	1.012500e-002	
85	1.030000e-002	
86	9.775000e-003	
87	1.027500e-002	
88	1.045000e-002	
89	9.900000e-003	
90	1.012500e-002	
91	9.525000e-003	
92	9.175000e-003	
93	9.175000e-003	
94	8.350000e-003	
95	7.575000e-003	
96	7.700000e-003	
97	8.600000e-003	
98	8.575000e-003	
99	8.300000e-003	
100	9.100000e-003	
101	8.800000e-003	
102	7.650000e-003	
103	6.875000e-003	
104	6.600000e-003	
105	6.275000e-003	
106	5.775000e-003	
107	5.425000e-003	
108	5.350000e-003	
109	5.075000e-003	
110	4.200000e-003	
111	4.000000e-003	
112	3.675000e-003	
113	3.200000e-003	
114	2.575000e-003	
115	2.200000e-003	
116	2.050000e-003	
117	2.200000e-003	
118	2.000000e-003	
119	1.575000e-003	
120	1.425000e-003	
121	1.675000e-003	
122	1.225000e-003	
123	1.125000e-003	
124	8.250000e-004	
125	8.500000e-004	
126	6.500000e-004	
127	6.500000e-004	
128	5.000000e-004	
129	4.500000e-004	
130	4.250000e-004	
131	4.000000e-004	
132	2.750000e-004	
133	2.250000e-004	
134	3.000000e-004	
135	2.750000e-004	
136	2.750000e-004	
137	2.500000e-004	
138	2.000000e-004	
139	1.250000e-004	
140	2.500000e-005	
141	2.500000e-005	
142	0	
143	0	
144	0	
145	0	
146	0	
147	0	
148	0	
149	0	
150	0	
151	0	
152	0	
153	0	
154	0	
155	0	
156	0	
157	0	
158	0	
159	0	
160	0	
161	0	
162	0	
163	0	
164	0	
165	0	
166	0	
167	0	
168	0	
169	0	
170	0	
171	0	
172	0	
173	0	
174	0	
175	0	
176	0	
177	0	
178	0	
179	0	
180	0	
181	0	
182	0	
183	0	
184	0	
185	0	
186	0	
187	0	
188	0	
189	0	
190	0	
191	0	
192	0	
193	0	
194	0	
195	0	
196	0	
197	0	
198	0	
199	0	
200	0	
201	0	
202	0	
203	0	
204	0	
205	0	
206	0	
207	0	
208	0	
209	0	
210	0	
211	0	
212	0	
213	0	
214	0	
215	0	
216	0	
217	0	
218	0	
219	0	
220	0	
221	0	
222	0	
223	0	
224	0	
225	0	
226	0	
227	0	
228	0	
229	0	
230	0	
231	0	
232	0	
233	0	
234	0	
235	0	
236	0	
237	0	
238	0	
239	0	
240	0	
241	0	
242	0	
243	0	
244	0	
245	0	
246	2.500000e-005	
247	0	
248	0	
249	0	
250	0	
251	0	
252	0	
253	0	
254	0	
255	0	
256	0	
257	0	
258	2.500000e-005	
259	2.500000e-005	
260	0	
261	0	
262	0	
263	0	
264	0	
265	0	
266	0	
267	0	
268	0	
269	0	
270	0	
271	0	
272	0	
273	0	
274	0	
275	0	
276	0	
277	0	
278	0	
279	0	
280	0	
281	2.500000e-005	
282	2.500000e-005	
283	2.500000e-005	
284	2.500000e-005	
285	0	
286	0	
287	0	
288	0	
289	0	
290	0	
291	0	
292	0	
293	0	
294	2.500000e-005	
295	0	
296	0	
297	0	
298	0	
299	0	
300	0	
301	0	
302	0	
303	0	
304	0	
305	0	
306	0	
307	0	
308	0	
309	0	
310	0	
311	2.500000e-005	
312	1.000000e-004	
313	5.000000e-005	
314	5.000000e-005	
315	1.000000e-004	
316	5.000000e-005	
317	2.500000e-005	
318	5.000000e-005	
319	0	
320	0	
321	0	
322	0	
323	0	
324	0	
325	0	
326	0	
327	0	
328	0	
329	0	
330	0	
331	0	
332	0	
333	0	
334	0	
335	0	
336	0	
337	0	
338	0	
339	2.500000e-005	
340	5.000000e-005	
341	1.000000e-004	
342	7.500000e-005	
343	7.500000e-005	
344	7.500000e-005	
345	1.000000e-004	
346	2.500000e-005	
347	0	
348	0	
349	0	
350	0	
351	0	
352	0	
353	0	
354	0	
355	0	
356	0	
357	0	
358	0	
359	0	
360	0	
361	0	
362	0	
363	0	
364	0	
365	0	
366	0	
367	0	
368	0	
369	0	
370	0	
371	0	
372	0	
373	0	
374	0	
375	0	
376	0	
377	0	
378	0	
379	0	
380	0	
381	0	
382	0	
383	0	
384	0	
385	0	
386	0	
387	0	
388	0	
389	0	
390	0	
391	0	
392	0	
393	2.500000e-005	
394	5.000000e-005	
395	1.000000e-004	
396	5.000000e-005	
397	7.500000e-005	
398	7.500000e-005	
399	7.500000e-005	
400	2.500000e-005	
401	0	
402	0	
403	0	
404	0	
405	0	
406	0	
407	0	
408	0	
409	2.500000e-005	
410	5.000000e-005	
411	2.500000e-005	
412	5.000000e-005	
413	2.500000e-005	
414	5.000000e-005	
415	2.500000e-005	
416	0	
417	0	
418	0	
419	0	
420	0	
421	2.500000e-005	
422	5.000000e-005	
423	7.500000e-005	
424	2.250000e-004	
425	1.750000e-004	
426	2.250000e-004	
427	3.000000e-004	
428	1.750000e-004	
429	1.500000e-004	
430	1.000000e-004	
431	1.250000e-004	
432	1.750000e-004	
433	1.500000e-004	
434	1.000000e-004	
435	1.250000e-004	
436	1.500000e-004	
437	7.500000e-005	
438	1.250000e-004	
439	1.250000e-004	
440	1.000000e-004	
441	2.500000e-005	
442	2.500000e-005	
443	5.000000e-005	
444	2.500000e-005	
445	2.500000e-005	
446	5.000000e-005	
447	7.500000e-005	
448	5.000000e-005	
449	5.000000e-005	
450	7.500000e-005	
451	1.250000e-004	
452	2.500000e-005	
453	2.500000e-005	
454	5.000000e-005	
455	2.500000e-005	
456	5.000000e-005	
457	7.500000e-005	
458	7.500000e-005	
459	2.500000e-005	
460	0	
461	0	
462	0	
463	0	
464	0	
465	0	
466	2.500000e-005	
467	1.000000e-004	
468	0	
469	0	
470	0	
471	0	
472	0	
473	0	
474	0	
475	0	
476	0	
477	2.500000e-005	
478	2.500000e-005	
479	5.000000e-005	
480	2.500000e-005	
481	0	
482	0	
483	0	
484	2.500000e-005	
485	2.500000e-005	
486	2.500000e-005	
487	5.000000e-005	
488	2.500000e-005	
489	2.500000e-005	
490	2.500000e-005	
491	2.500000e-005	
492	5.000000e-005	
493	5.000000e-005	
494	5.000000e-005	
495	5.000000e-005	
496	7.500000e-005	
497	7.500000e-005	
498	1.000000e-004	
499	7.500000e-005	
500	5.000000e-005	
501	0	
502	0	
503	0	
504	0	
505	0	
506	0	
507	0	
508	0	
509	0	
510	0	
511	0	
512	0	
513	0	
514	0	
515	0	
516	0	
517	0	
518	0	
519	0	
520	0	
521	0	
522	0	
523	0	
524	0	
525	0	
526	0	
527	0	
528	0	
529	0	
530	0	
531	0	
532	0	
533	0	
534	0	
535	0	
536	0	
537	0	
538	0	
539	2.500000e-005	
540	7.500000e-005	
541	5.000000e-005	
542	5.000000e-005	
543	2.500000e-005	
544	5.000000e-005	
545	5.000000e-005	
546	5.000000e-005	
547	7.500000e-005	
548	0	
549	0	
550	0	
551	0	
552	0	
553	0	
554	0	
555	0	
556	0	
557	0	
558	0	
559	0	
560	0	
561	0	
562	0	
563	0	
564	0	
565	0	
566	0	
567	0	
568	0	
569	0	
570	0	
571	0	
572	0	
573	0	
574	0	
575	0	
576	0	
577	0	
578	0	
579	0	
580	0	
581	0	
582	0	
583	0	
584	0	
585	0	
586	0	
587	0	
588	0	
589	0	
590	2.500000e-005	
591	1.000000e-004	
592	1.500000e-004	
593	1.750000e-004	
594	1.750000e-004	
595	1.250000e-004	
596	2.000000e-004	
597	3.000000e-004	
598	3.250000e-004	
599	3.500000e-004	
600	3.500000e-004	
601	2.500000e-004	
602	3.750000e-004	
603	4.250000e-004	
604	4.000000e-004	
605	4.500000e-004	
606	6.250000e-004	
607	8.000000e-004	
608	6.250000e-004	
609	6.250000e-004	
610	6.500000e-004	
611	6.000000e-004	
612	7.000000e-004	
613	7.000000e-004	
614	7.500000e-004	
615	8.750000e-004	
616	9.250000e-004	
617	7.000000e-004	
618	5.000000e-004	
619	6.000000e-004	
620	6.500000e-004	
621	6.250000e-004	
622	5.250000e-004	
623	4.500000e-004	
624	4.000000e-004	
625	4.500000e-004	
626	3.500000e-004	
627	4.500000e-004	
628	5.750000e-004	
629	5.750000e-004	
630	5.750000e-004	
631	6.750000e-004	
632	5.500000e-004	
633	8.000000e-004	
634	7.250000e-004	
635	5.750000e-004	
636	4.500000e-004	
637	5.250000e-004	
638	9.000000e-004	
639	8.500000e-004	
640	1.025000e-003	
641	1.075000e-003	
642	1.075000e-003	
643	8.750000e-004	
644	8.750000e-004	
645	8.500000e-004	
646	9.250000e-004	
647	1.175000e-003	
648	1.075000e-003	
649	1.075000e-003	
650	1.150000e-003	
651	1.275000e-003	
652	1.300000e-003	
653	1.525000e-003	
654	1.825000e-003	
655	1.725000e-003	
656	2.000000e-003	
657	2.325000e-003	
658	2.350000e-003	
659	2.600000e-003	
660	2.575000e-003	
661	2.600000e-003	
662	3.425000e-003	
663	3.100000e-003	
664	3.500000e-003	
665	3.825000e-003	
666	3.925000e-003	
667	4.175000e-003	
668	4.175000e-003	
669	4.575000e-003	
670	4.150000e-003	
671	4.425000e-003	
672	4.675000e-003	
673	4.800000e-003	
674	4.525000e-003	
675	4.875000e-003	
676	5.275000e-003	
677	5.350000e-003	
678	5.175000e-003	
679	5.150000e-003	
680	5.225000e-003	
681	6.000000e-003	
682	5.950000e-003	
683	6.050000e-003	
684	6.675000e-003	
685	6.975000e-003	
686	6.550000e-003	
687	6.700000e-003	
688	6.800000e-003	
689	7.300000e-003	
690	6.975000e-003	
691	7.475000e-003	
692	7.300000e-003	
693	7.600000e-003	
694	7.975000e-003	
695	7.725000e-003	
696	7.925000e-003	
697	8.000000e-003	
698	8.150000e-003	
699	7.775000e-003	
700	8.250000e-003	
701	7.675000e-003	
702	8.200000e-003	
703	8.925000e-003	
704	8.700000e-003	
705	8.275000e-003	
706	8.325000e-003	
707	7.450000e-003	
708	7.675000e-003	
709	7.075000e-003	
710	6.475000e-003	
711	5.950000e-003	
712	6.025000e-003	
713	5.475000e-003	
714	4.575000e-003	
715	3.925000e-003	
716	3.950000e-003	
717	3.325000e-003	
718	3.200000e-003	
719	2.625000e-003	
720	2.525000e-003	
721	2.350000e-003	
722	2.225000e-003	
723	1.575000e-003	
724	1.150000e-003	
725	1.150000e-003	
726	1.025000e-003	
727	1.050000e-003	
728	6.750000e-004	
729	6.000000e-004	
730	7.000000e-004	
731	7.500000e-004	
732	6.000000e-004	
733	4.500000e-004	
734	4.250000e-004	
735	3.000000e-004	
736	2.250000e-004	
737	3.750000e-004	
738	3.750000e-004	
739	4.750000e-004	
740	1.500000e-004	
741	7.500000e-005	
742	7.500000e-005	
743	2.500000e-005	
744	5.000000e-005	
745	5.000000e-005	
746	2.500000e-005	
747	2.500000e-005	
748	2.500000e-005	
749	0	
750	0	
751	0	
752	0	
753	0	
754	0	
755	0	
756	0	
757	0	
758	0	
759	0	
760	0	
761	0	
762	0	
763	0	
764	0	
765	0	
766	0	
767	0	
768	0	
769	0	
770	0	
771	0	
772	0	
773	0	
774	0	
775	0	
776	0	
777	0	
778	0	
779	0	
780	0	
781	0	
782	0	
783	0	
784	0	
785	0	
786	0	
787	0	
788	0	
789	0	
790	0	
791	0	
792	0	
793	0	
794	0	
795	0	
796	0	
797	0	
798	0	
799	0	
800	0	
801	0	
802	0	
803	0	
804	0	
805	0	
806	0	
807	0	
808	0	
809	0	
810	0	
811	0	
812	0	
813	0	
814	0	
815	0	
816	0	
817	0	
818	0	
819	0	
820	0	
821	0	
822	0	
823	0	
824	0	
825	0	
826	0	
827	0	
828	0	
829	0	
830	0	
831	0	
832	0	
833	0	
834	0	
835	0	
836	0	
837	0	
838	0	
839	0	
840	0	
841	0	
842	0	
843	0	
844	0	
845	0	
846	0	
847	0	
848	0	
849	0	
850	0	
851	0	
852	0	
853	0	
854	0	
855	0	
856	0	
857	0	
858	0	
859	2.500000e-005	
860	7.500000e-005	
861	1.250000e-004	
862	7.500000e-005	
863	7.500000e-005	
864	5.000000e-005	
865	0	
866	0	
867	0	
868	0	
869	0	
870	0	
871	0	
872	0	
873	0	
874	0	
875	0	
876	0	
877	0	
878	0	
879	0	
880	0	
881	0	
882	0	
883	0	
884	0	
885	0	
886	0	
887	0	
888	0	
889	0	
890	0	
891	0	
892	0	
893	0	
894	0	
895	0	
896	0	
897	0	
898	0	
899	0	
900	0	
901	0	
902	0	
903	0	
904	0	
905	0	
906	0	
907	0	
908	0	
909	0	
910	0	
911	0	
912	0	
913	0	
914	0	
915	0	
916	0	
917	0	
918	0	
919	0	
920	0	
921	0	
922	0	
923	0	
924	0	
925	0	
926	0	
927	0	
928	0	
929	0	
930	0	
931	0	
932	0	
933	0	
934	0	
935	0	
936	0	
937	0	
938	0	
939	0	
940	0	
941	0	
942	0	
943	0	
944	0	
945	0	
946	0	
947	0	
948	0	
949	0	
950	0	
951	0	
952	0	
953	0	
954	0	
955	0	
956	0	
957	0	
958	0	
959	0	
960	0	
961	0	
962	0	
963	0	
964	0	
965	0	
966	0	
967	0	
968	0	
969	0	
970	0	
971	0	
972	0	
973	0	
974	0	
975	0	
976	0	
977	0	
978	0	
979	0	
980	0	
981	0	
982	0	
983	0	
984	2.500000e-005	
985	5.000000e-005	
986	2.500000e-005	
987	0	
988	0	
989	0	
990	0	
991	0	
992	0	
993	0	
994	0	
995	2.500000e-005	
996	5.000000e-005	
997	2.500000e-005	
998	5.000000e-005	
999	1.250000e-004	
1000	2.500000e-005	
1001	0	
1002	0	
1003	0	
1004	5.000000e-005	
1005	1.000000e-004	
1006	1.000000e-004	
1007	1.000000e-004	
1008	1.250000e-004	
1009	7.500000e-005	
1010	7.500000e-005	
1011	5.000000e-005	
1012	1.250000e-004	
1013	7.500000e-005	
1014	5.000000e-005	
1015	5.000000e-005	
1016	2.500000e-005	
1017	2.500000e-005	
1018	2.500000e-005	
1019	7.500000e-005	
1020	1.500000e-004	
1021	7.500000e-005	
1022	5.000000e-005	
1023	7.500000e-005	
1024	1.250000e-004	
1025	1.000000e-004	
1026	2.000000e-004	
1027	1.750000e-004	
1028	1.000000e-004	
1029	1.000000e-004	
1030	2.500000e-005	
1031	5.000000e-005	
1032	2.500000e-005	
1033	5.000000e-005	
1034	0	
1035	0	
1036	0	
1037	0	
1038	0	
1039	0	
1040	0	
1041	0	
1042	0	
1043	0	
1044	0	
1045	0	
1046	0	
1047	0	
1048	0	
1049	0	
1050	0	
1051	0	
1052	0	
1053	0	
1054	0	
1055	0	
1056	0	
1057	0	
1058	0	
1059	0	
1060	0	
1061	0	
1062	0	
1063	0	
1064	0	
1065	0	
1066	0	
1067	0	
1068	2.500000e-005	
1069	1.250000e-004	
1070	7.500000e-005	
1071	1.250000e-004	
1072	1.250000e-004	
1073	1.750000e-004	
1074	2.250000e-004	
1075	2.000000e-004	
1076	1.750000e-004	
1077	1.750000e-004	
1078	2.000000e-004	
1079	3.500000e-004	
1080	2.750000e-004	
1081	1.750000e-004	
1082	7.500000e-005	
1083	1.750000e-004	
1084	1.750000e-004	
1085	2.000000e-004	
1086	1.250000e-004	
1087	1.000000e-004	
1088	1.500000e-004	
1089	1.500000e-004	
1090	2.000000e-004	
1091	1.750000e-004	
1092	1.250000e-004	
1093	7.500000e-005	
1094	7.500000e-005	
1095	2.500000e-005	
1096	5.000000e-005	
1097	7.500000e-005	
1098	1.000000e-004	
1099	5.000000e-005	
1100	2.500000e-005	
1101	2.500000e-005	
1102	2.500000e-005	
1103	0	
1104	0	
1105	2.500000e-005	
1106	1.250000e-004	
1107	7.500000e-005	
1108	1.250000e-004	
1109	5.000000e-005	
1110	5.000000e-005	
1111	1.250000e-004	
1112	1.750000e-004	
1113	5.000000e-005	
1114	1.500000e-004	
1115	1.750000e-004	
1116	1.250000e-004	
1117	1.750000e-004	
1118	2.500000e-004	
1119	2.750000e-004	
1120	1.000000e-004	
1121	1.000000e-004	
1122	1.000000e-004	
1123	1.500000e-004	
1124	1.500000e-004	
1125	2.750000e-004	
1126	2.750000e-004	
1127	2.750000e-004	
1128	2.000000e-004	
1129	1.250000e-004	
1130	1.750000e-004	
1131	1.750000e-004	
1132	1.250000e-004	
1133	1.000000e-004	
1134	7.500000e-005	
1135	7.500000e-005	
1136	1.250000e-004	
1137	1.750000e-004	
1138	7.500000e-005	
1139	5.000000e-005	
1140	7.500000e-005	
1141	5.000000e-005	
1142	1.500000e-004	
1143	1.000000e-004	
1144	7.500000e-005	
1145	5.000000e-005	
1146	5.000000e-005	
1147	1.000000e-004	
1148	1.000000e-004	
1149	7.500000e-005	
1150	7.500000e-005	
1151	1.000000e-004	
1152	1.000000e-004	
1153	5.000000e-005	
1154	1.000000e-004	
1155	1.250000e-004	
1156	1.500000e-004	
1157	1.250000e-004	
1158	1.750000e-004	
1159	1.500000e-004	
1160	5.000000e-005	
1161	5.000000e-005	
1162	5.000000e-005	
1163	5.000000e-005	
1164	0	
1165	0	
1166	0	
1167	0	
1168	2.500000e-005	
1169	1.000000e-004	
1170	5.000000e-005	
1171	5.000000e-005	
1172	7.500000e-005	
1173	1.000000e-004	
1174	5.000000e-005	
1175	1.000000e-004	
1176	2.250000e-004	
1177	1.500000e-004	
1178	2.750000e-004	
1179	3.500000e-004	
1180	3.250000e-004	
1181	3.750000e-004	
1182	3.250000e-004	
1183	2.500000e-004	
1184	2.000000e-004	
1185	2.750000e-004	
1186	4.000000e-004	
1187	2.500000e-004	
1188	2.250000e-004	
1189	2.250000e-004	
1190	3.000000e-004	
1191	4.000000e-004	
1192	3.500000e-004	
1193	3.250000e-004	
1194	3.500000e-004	
1195	5.000000e-004	
1196	6.250000e-004	
1197	5.000000e-004	
1198	5.750000e-004	
1199	6.000000e-004	
1200	6.500000e-004	
1201	7.500000e-004	
1202	7.500000e-004	
1203	9.250000e-004	
1204	1.025000e-003	
1205	1.075000e-003	
1206	1.100000e-003	
1207	1.150000e-003	
1208	1.025000e-003	
1209	9.500000e-004	
1210	1.050000e-003	
1211	1.100000e-003	
1212	1.175000e-003	
1213	1.100000e-003	
1214	9.500000e-004	
1215	9.500000e-004	
1216	9.750000e-004	
1217	1.000000e-003	
1218	9.500000e-004	
1219	9.750000e-004	
1220	1.125000e-003	
1221	1.600000e-003	
1222	1.700000e-003	
1223	1.400000e-003	
1224	1.375000e-003	
1225	1.550000e-003	
1226	1.575000e-003	
1227	1.300000e-003	
1228	1.175000e-003	
1229	1.050000e-003	
1230	1.225000e-003	
1231	1.300000e-003	
1232	1.300000e-003	
1233	1.075000e-003	
1234	1.175000e-003	
1235	1.325000e-003	
1236	1.750000e-003	
1237	1.625000e-003	
1238	1.700000e-003	
1239	1.775000e-003	
1240	1.900000e-003	
1241	1.925000e-003	
1242	1.600000e-003	
1243	1.900000e-003	
1244	1.750000e-003	
1245	1.950000e-003	
1246	2.075000e-003	
1247	1.625000e-003	
1248	1.925000e-003	
1249	1.850000e-003	
1250	2.075000e-003	
1251	1.900000e-003	
1252	2.375000e-003	
1253	2.175000e-003	
1254	2.200000e-003	
1255	2.050000e-003	
1256	2.425000e-003	
1257	2.325000e-003	
1258	2.675000e-003	
1259	3.100000e-003	
1260	3.275000e-003	
1261	3.275000e-003	
1262	3.375000e-003	
1263	3.325000e-003	
1264	3.750000e-003	
1265	4.150000e-003	
1266	4.225000e-003	
1267	4.175000e-003	
1268	3.625000e-003	
1269	4.450000e-003	
1270	4.225000e-003	
1271	3.450000e-003	
1272	4.000000e-003	
1273	3.875000e-003	
1274	4.150000e-003	
1275	4.025000e-003	
1276	4.575000e-003	
1277	4.275000e-003	
1278	3.875000e-003	
1279	3.575000e-003	
1280	3.350000e-003	
1281	3.325000e-003	
1282	2.950000e-003	
1283	2.775000e-003	
1284	3.025000e-003	
1285	2.925000e-003	
1286	2.975000e-003	
1287	3.200000e-003	
1288	3.375000e-003	
1289	3.275000e-003	
1290	3.300000e-003	
1291	3.300000e-003	
1292	3.225000e-003	
1293	3.125000e-003	
1294	3.525000e-003	
1295	4.050000e-003	
1296	4.525000e-003	
1297	4.375000e-003	
1298	4.375000e-003	
1299	4.475000e-003	
1300	4.575000e-003	
1301	3.950000e-003	
1302	3.975000e-003	
1303	3.750000e-003	
1304	3.850000e-003	
1305	3.600000e-003	
1306	3.900000e-003	
1307	3.975000e-003	
1308	4.100000e-003	
1309	4.625000e-003	
1310	5.100000e-003	
1311	5.175000e-003	
1312	4.800000e-003	
1313	4.650000e-003	
1314	4.425000e-003	
1315	4.725000e-003	
1316	4.625000e-003	
1317	5.075000e-003	
1318	4.950000e-003	
1319	5.550000e-003	
1320	5.350000e-003	
1321	5.300000e-003	
1322	4.500000e-003	
1323	3.775000e-003	
1324	2.950000e-003	
1325	3.350000e-003	
1326	3.475000e-003	
1327	3.250000e-003	
1328	3.475000e-003	
1329	3.225000e-003	
1330	3.325000e-003	
1331	2.875000e-003	
1332	2.675000e-003	
1333	2.400000e-003	
1334	2.400000e-003	
1335	2.475000e-003	
1336	2.100000e-003	
1337	1.750000e-003	
1338	1.675000e-003	
1339	1.525000e-003	
1340	1.075000e-003	
1341	1.225000e-003	
1342	1.125000e-003	
1343	1.200000e-003	
1344	1.075000e-003	
1345	1.050000e-003	
1346	8.000000e-004	
1347	5.000000e-004	
1348	4.250000e-004	
1349	2.500000e-004	
1350	3.250000e-004	
1351	2.250000e-004	
1352	3.250000e-004	
1353	2.750000e-004	
1354	2.500000e-004	
1355	1.750000e-004	
1356	1.750000e-004	
1357	1.250000e-004	
1358	1.250000e-004	
1359	1.750000e-004	
1360	2.000000e-004	
1361	2.250000e-004	
1362	2.250000e-004	
1363	3.500000e-004	
1364	2.500000e-004	
1365	3.000000e-004	
1366	3.000000e-004	
1367	2.000000e-004	
1368	1.500000e-004	
1369	7.500000e-005	
1370	5.000000e-005	
1371	0	
1372	0	
1373	0	
1374	0	
1375	0	
1376	0	
1377	0	
1378	0	
1379	0	
1380	0	
1381	0	
1382	0	
1383	0	
1384	0	
1385	0	
1386	0	
1387	0	
1388	0	
1389	0	
1390	0	
1391	0	
1392	0	
1393	0	
1394	2.500000e-005	
1395	2.500000e-005	
1396	0	
1397	0	
1398	0	
1399	0	
1400	0	
1401	0	
1402	0	
1403	0	
1404	0	
1405	0	
1406	0	
1407	0	
1408	0	
1409	0	
1410	0	
1411	0	
1412	0	
1413	0	
1414	0	
1415	0	
1416	0	
1417	0	
1418	0	
1419	0	
1420	0	
1421	0	
1422	0	
1423	0	
1424	0	
1425	0	
1426	0	
1427	0	
1428	0	
1429	0	
1430	0	
1431	0	
1432	0	
1433	0	
1434	2.500000e-005	
1435	0	
1436	0	
1437	0	
1438	0	
1439	0	
1440	0	
1441	0	
1442	0	
1443	0	
1444	0	
1445	0	
1446	0	
1447	0	
1448	0	
1449	0	
1450	0	
1451	0	
1452	0	
1453	0	
1454	0	
1455	2.500000e-005	
1456	5.000000e-005	
1457	5.000000e-005	
1458	1.000000e-004	
1459	2.500000e-005	
1460	5.000000e-005	
1461	1.000000e-004	
1462	1.250000e-004	
1463	1.000000e-004	
1464	7.500000e-005	
1465	1.000000e-004	
1466	1.250000e-004	
1467	1.000000e-004	
1468	1.250000e-004	
1469	1.000000e-004	
1470	1.000000e-004	
1471	2.500000e-005	
1472	2.500000e-005	
1473	0	
1474	0	
1475	0	
1476	0	
1477	0	
1478	2.500000e-005	
1479	5.000000e-005	
1480	2.500000e-005	
1481	7.500000e-005	
1482	2.500000e-005	
1483	0	
1484	0	
1485	0	
1486	0	
1487	0	
1488	0	
1489	0	
1490	0	
1491	0	
1492	0	
1493	0	
1494	0	
1495	0	
1496	0	
1497	0	
1498	0	
1499	0	
1500	0	
1501	0	
1502	0	
1503	0	
1504	0	
1505	0	
1506	0	
1507	0	
1508	0	
1509	0	
1510	0	
1511	0	
1512	0	
1513	0	
1514	0	
1515	0	
1516	0	
1517	0	
1518	0	
1519	0	
1520	0	
1521	0	
1522	0	
1523	0	
1524	0	
1525	0	
1526	0	
1527	0	
1528	0	
1529	0	
1530	0	
1531	0	
1532	0	
1533	0	
1534	0	
1535	0	
1536	0	
1537	0	
1538	0	
1539	0	
1540	0	
1541	0	
1542	0	
1543	0	
1544	0	
1545	0	
1546	0	
1547	0	
1548	0	
1549	0	
1550	0	
1551	0	
1552	0	
1553	0	
1554	0	
1555	0	
1556	0	
1557	0	
1558	0	
1559	0	
1560	0	
1561	0	
1562	0	
1563	0	
1564	0	
1565	0	
1566	0	
1567	0	
1568	0	
1569	0	
1570	0	
1571	0	
1572	0	
1573	0	
1574	0	
1575	0	
1576	0	
1577	0	
1578	0	
1579	0	
1580	0	
1581	0	
1582	2.500000e-005	
1583	2.500000e-005	
1584	0	
1585	0	
1586	0	
1587	0	
1588	0	
1589	0	
1590	0	
1591	0	
1592	0	
1593	0	
1594	0	
1595	0	
1596	0	
1597	0	
1598	0	
1599	0	
1600	2.500000e-005	
1601	7.500000e-005	
1602	5.000000e-005	
1603	1.500000e-004	
1604	1.750000e-004	
1605	7.500000e-005	
1606	1.000000e-004	
1607	7.500000e-005	
1608	5.000000e-005	
1609	2.500000e-005	
1610	2.500000e-005	
1611	0	
1612	2.500000e-005	
1613	5.000000e-005	
1614	0	
1615	0	
1616	0	
1617	0	
1618	0	
1619	0	
1620	0	
1621	0	
1622	2.500000e-005	
1623	7.500000e-005	
1624	1.000000e-004	
1625	1.250000e-004	
1626	2.250000e-004	
1627	2.750000e-004	
1628	2.500000e-004	
1629	2.250000e-004	
1630	2.250000e-004	
1631	1.750000e-004	
1632	2.000000e-004	
1633	1.750000e-004	
1634	1.250000e-004	
1635	2.000000e-004	
1636	2.250000e-004	
1637	2.250000e-004	
1638	1.750000e-004	
1639	1.000000e-004	
1640	5.000000e-005	
1641	2.500000e-005	
1642	5.000000e-005	
1643	5.000000e-005	
1644	7.500000e-005	
1645	0	
1646	0	
1647	0	
1648	0	
1649	0	
1650	0	
1651	0	
1652	0	
1653	0	
1654	0	
1655	0	
1656	0	
1657	2.500000e-005	
1658	0	
1659	0	
1660	0	
1661	0	
1662	0	
1663	2.500000e-005	
1664	1.500000e-004	
1665	1.500000e-004	
1666	1.250000e-004	
1667	0	
1668	2.500000e-005	
1669	7.500000e-005	
1670	1.750000e-004	
1671	2.250000e-004	
1672	3.000000e-004	
1673	2.250000e-004	
1674	2.500000e-004	
1675	3.250000e-004	
1676	4.500000e-004	
1677	4.000000e-004	
1678	4.500000e-004	
1679	3.750000e-004	
1680	4.000000e-004	
1681	3.000000e-004	
1682	3.750000e-004	
1683	4.000000e-004	
1684	4.750000e-004	
1685	5.250000e-004	
1686	5.250000e-004	
1687	5.750000e-004	
1688	4.000000e-004	
1689	3.750000e-004	
1690	2.750000e-004	
1691	4.000000e-004	
1692	5.750000e-004	
1693	4.750000e-004	
1694	4.250000e-004	
1695	5.250000e-004	
1696	6.000000e-004	
1697	5.500000e-004	
1698	5.000000e-004	
1699	6.000000e-004	
1700	5.500000e-004	
1701	5.000000e-004	
1702	4.500000e-004	
1703	4.000000e-004	
1704	5.000000e-004	
1705	7.000000e-004	
1706	5.500000e-004	
1707	6.750000e-004	
1708	7.250000e-004	
1709	6.750000e-004	
1710	4.750000e-004	
1711	4.000000e-004	
1712	4.750000e-004	
1713	5.000000e-004	
1714	7.000000e-004	
1715	6.500000e-004	
1716	6.500000e-004	
1717	9.250000e-004	
1718	9.000000e-004	
1719	8.000000e-004	
1720	8.750000e-004	
1721	1.000000e-003	
1722	9.000000e-004	
1723	1.250000e-003	
1724	9.750000e-004	
1725	9.500000e-004	
1726	1.125000e-003	
1727	1.000000e-003	
1728	1.100000e-003	
1729	1.425000e-003	
1730	1.375000e-003	
1731	1.600000e-003	
1732	1.475000e-003	
1733	1.300000e-003	
1734	1.350000e-003	
1735	1.150000e-003	
1736	1.400000e-003	
1737	1.075000e-003	
1738	1.050000e-003	
1739	1.175000e-003	
1740	1.350000e-003	
1741	1.100000e-003	
1742	9.750000e-004	
1743	1.050000e-003	
1744	1.250000e-003	
1745	1.050000e-003	
1746	1.200000e-003	
1747	1.150000e-003	
1748	1.325000e-003	
1749	1.375000e-003	
1750	1.150000e-003	
1751	1.200000e-003	
1752	1.050000e-003	
1753	1.125000e-003	
1754	9.500000e-004	
1755	9.000000e-004	
1756	1.000000e-003	
1757	8.500000e-004	
1758	8.500000e-004	
1759	6.250000e-004	
1760	8.500000e-004	
1761	8.750000e-004	
1762	1.025000e-003	
1763	8.250000e-004	
1764	8.250000e-004	
1765	8.000000e-004	
1766	7.500000e-004	
1767	4.500000e-004	
1768	5.500000e-004	
1769	5.000000e-004	
1770	4.000000e-004	
1771	2.500000e-004	
1772	3.500000e-004	
1773	3.500000e-004	
1774	2.750000e-004	
1775	3.000000e-004	
1776	2.500000e-004	
1777	2.750000e-004	
1778	4.000000e-004	
1779	5.500000e-004	
1780	6.500000e-004	
1781	7.000000e-004	
1782	4.750000e-004	
1783	4.250000e-004	
1784	3.000000e-004	
1785	4.500000e-004	
1786	4.000000e-004	
1787	5.000000e-004	
1788	4.750000e-004	
1789	5.500000e-004	
1790	7.250000e-004	
1791	6.750000e-004	
1792	8.000000e-004	
1793	7.250000e-004	
1794	8.000000e-004	
1795	5.750000e-004	
1796	6.750000e-004	
1797	4.250000e-004	
1798	4.000000e-004	
1799	4.000000e-004	
1800	3.250000e-004	
1801	4.750000e-004	
1802	2.500000e-004	
1803	1.750000e-004	
1804	2.000000e-004	
1805	2.500000e-004	
1806	3.000000e-004	
1807	2.250000e-004	
1808	2.500000e-004	
1809	3.000000e-004	
1810	3.250000e-004	
1811	3.500000e-004	
1812	4.500000e-004	
1813	4.500000e-004	
1814	6.250000e-004	
1815	4.750000e-004	
1816	4.250000e-004	
1817	3.750000e-004	
1818	4.750000e-004	
1819	5.500000e-004	
1820	5.500000e-004	
1821	5.250000e-004	
1822	5.500000e-004	
1823	7.750000e-004	
1824	9.000000e-004	
1825	1.075000e-003	
1826	9.500000e-004	
1827	7.750000e-004	
1828	5.500000e-004	
1829	7.500000e-004	
1830	8.250000e-004	
1831	1.050000e-003	
1832	9.750000e-004	
1833	9.750000e-004	
1834	1.100000e-003	
1835	1.100000e-003	
1836	9.250000e-004	
1837	9.500000e-004	
1838	8.000000e-004	
1839	7.250000e-004	
1840	8.250000e-004	
1841	8.250000e-004	
1842	1.025000e-003	
1843	1.100000e-003	
1844	1.300000e-003	
1845	1.350000e-003	
1846	1.500000e-003	
1847	1.425000e-003	
1848	1.450000e-003	
1849	1.125000e-003	
1850	1.400000e-003	
1851	1.600000e-003	
1852	1.675000e-003	
1853	1.625000e-003	
1854	1.350000e-003	
1855	1.400000e-003	
1856	1.250000e-003	
1857	1.500000e-003	
1858	1.375000e-003	
1859	1.575000e-003	
1860	1.800000e-003	
1861	1.875000e-003	
1862	1.900000e-003	
1863	1.750000e-003	
1864	1.550000e-003	
1865	2.075000e-003	
1866	1.700000e-003	
1867	1.650000e-003	
1868	1.650000e-003	
1869	1.600000e-003	
1870	1.875000e-003	
1871	2.175000e-003	
1872	2.550000e-003	
1873	2.825000e-003	
1874	2.675000e-003	
1875	2.750000e-003	
1876	2.400000e-003	
1877	2.300000e-003	
1878	2.275000e-003	
1879	2.325000e-003	
1880	2.700000e-003	
1881	3.075000e-003	
1882	3.150000e-003	
1883	3.150000e-003	
1884	3.025000e-003	
1885	2.950000e-003	
1886	2.925000e-003	
1887	2.575000e-003	
1888	2.750000e-003	
1889	2.425000e-003	
1890	2.375000e-003	
1891	2.025000e-003	
1892	1.975000e-003	
1893	2.550000e-003	
1894	2.700000e-003	
1895	2.350000e-003	
1896	2.800000e-003	
1897	2.700000e-003	
1898	2.375000e-003	
1899	2.200000e-003	
1900	2.575000e-003	
1901	2.750000e-003	
1902	3.250000e-003	
1903	3.100000e-003	
1904	3.300000e-003	
1905	3.075000e-003	
1906	3.175000e-003	
1907	3.175000e-003	
1908	3.600000e-003	
1909	3.500000e-003	
1910	3.550000e-003	
1911	3.550000e-003	
1912	4.050000e-003	
1913	4.175000e-003	
1914	4.275000e-003	
1915	4.425000e-003	
1916	4.025000e-003	
1917	4.075000e-003	
1918	4.100000e-003	
1919	4.150000e-003	
1920	3.475000e-003	
1921	3.450000e-003	
1922	3.600000e-003	
1923	3.200000e-003	
1924	2.800000e-003	
1925	3.200000e-003	
1926	3.000000e-003	
1927	2.375000e-003	
1928	2.800000e-003	
1929	2.350000e-003	
1930	2.225000e-003	
1931	2.025000e-003	
1932	2.100000e-003	
1933	2.125000e-003	
1934	2.475000e-003	
1935	2.300000e-003	
1936	2.450000e-003	
1937	2.450000e-003	
1938	2.400000e-003	
1939	2.225000e-003	
1940	2.825000e-003	
1941	2.325000e-003	
1942	2.100000e-003	
1943	2.175000e-003	
1944	1.875000e-003	
1945	1.925000e-003	
1946	1.875000e-003	
1947	1.550000e-003	
1948	1.575000e-003	
1949	1.425000e-003	
1950	1.225000e-003	
1951	1.200000e-003	
1952	1.000000e-003	
1953	8.750000e-004	
1954	1.000000e-003	
1955	1.075000e-003	
1956	9.250000e-004	
1957	1.075000e-003	
1958	1.175000e-003	
1959	1.000000e-003	
1960	6.750000e-004	
1961	7.500000e-004	
1962	5.750000e-004	
1963	5.000000e-004	
1964	3.500000e-004	
1965	3.750000e-004	
1966	4.750000e-004	
1967	4.000000e-004	
1968	2.500000e-004	
1969	3.000000e-004	
1970	2.750000e-004	
1971	3.750000e-004	
1972	3.750000e-004	
1973	3.250000e-004	
1974	3.000000e-004	
1975	4.250000e-004	
1976	4.250000e-004	
1977	3.750000e-004	
1978	4.000000e-004	
1979	3.250000e-004	
1980	2.750000e-004	
1981	3.000000e-004	
1982	2.000000e-004	
1983	1.500000e-004	
1984	1.250000e-004	
1985	1.250000e-004	
1986	1.250000e-004	
1987	1.500000e-004	
1988	7.500000e-005	
1989	5.000000e-005	
1990	2.500000e-005	
1991	5.000000e-005	
1992	2.500000e-005	
1993	5.000000e-005	
1994	0	
1995	0	
1996	0	
1997	0	
1998	0	
1999	0	
2000	0	
2001	0	
2002	0	
2003	0	
2004	0	
2005	0	
2006	0	
2007	0	
2008	0	
2009	0	
2010	0	
2011	0	
2012	0	
2013	0	
2014	0	
2015	0	
2016	0	
2017	0	
2018	2.500000e-005	
2019	5.000000e-005	
2020	5.000000e-005	
2021	5.000000e-005	
2022	2.500000e-005	
2023	2.500000e-005	
2024	5.000000e-005	
2025	7.500000e-005	
2026	5.000000e-005	
2027	2.500000e-005	
2028	0	
2029	0	
2030	0	
2031	0	
2032	0	
2033	0	
2034	0	
2035	0	
2036	0	
2037	0	
2038	0	
2039	0	
2040	0	
2041	0	
2042	0	
2043	0	
2044	0	
2045	0	
2046	0	
2047	0	
2048	0	
2049	0	
2050	0	
2051	0	
2052	0	
2053	0	
2054	0	
2055	0	
2056	0	
2057	0	
2058	0	
2059	0	
2060	0	
2061	0	
2062	0	
2063	0	
2064	0	
2065	0	
2066	0	
2067	0	
2068	0	
2069	0	
2070	0	
2071	0	
2072	0	
2073	0	
2074	0	
2075	0	
2076	0	
2077	0	
2078	0	
2079	0	
2080	0	
2081	0	
2082	0	
2083	0	
2084	2.500000e-005	
2085	5.000000e-005	
2086	5.000000e-005	
2087	5.000000e-005	
2088	1.000000e-004	
2089	7.500000e-005	
2090	2.500000e-005	
2091	5.000000e-005	
2092	1.000000e-004	
2093	1.500000e-004	
2094	5.000000e-005	
2095	5.000000e-005	
2096	5.000000e-005	
2097	5.000000e-005	
2098	2.500000e-005	
2099	0	
2100	0	
2101	0	
2102	0	
2103	0	
2104	0	
2105	0	
2106	0	
2107	0	
2108	0	
2109	0	
2110	0	
2111	0	
2112	0	
2113	0	
2114	0	
2115	0	
2116	0	
2117	0	
2118	0	
2119	0	
2120	0	
2121	0	
2122	0	
2123	0	
2124	0	
2125	0	
2126	0	
2127	2.500000e-005	
2128	2.000000e-004	
2129	2.250000e-004	
2130	2.250000e-004	
2131	2.750000e-004	
2132	3.000000e-004	
2133	3.500000e-004	
2134	1.750000e-004	
2135	2.000000e-004	
2136	2.000000e-004	
2137	1.750000e-004	
2138	1.500000e-004	
2139	1.750000e-004	
2140	1.250000e-004	
2141	2.500000e-005	
2142	0	
2143	0	
2144	0	
2145	0	
2146	0	
2147	0	
2148	0	
2149	0	
2150	0	
2151	0	
2152	0	
2153	0	
2154	0	
2155	0	
2156	0	
2157	0	
2158	0	
2159	0	
2160	0	
2161	2.500000e-005	
2162	0	
2163	0	
2164	0	
2165	0	
2166	0	
2167	0	
2168	0	
2169	0	
2170	0	
2171	0	
2172	0	
2173	0	
2174	0	
2175	0	
2176	0	
2177	0	
2178	0	
2179	0	
2180	0	
2181	0	
2182	0	
2183	0	
2184	0	
2185	0	
2186	0	
2187	0	
2188	0	
2189	0	
2190	0	
2191	0	
2192	0	
2193	0	
2194	0	
2195	0	
2196	0	
2197	0	
2198	0	
2199	2.500000e-005	
2200	5.000000e-005	
2201	2.500000e-005	
2202	5.000000e-005	
2203	2.500000e-005	
2204	5.000000e-005	
2205	2.500000e-005	
2206	5.000000e-005	
2207	5.000000e-005	
2208	2.500000e-005	
2209	2.500000e-005	
2210	0	
2211	0	
2212	0	
2213	0	
2214	0	
2215	0	
2216	0	
2217	0	
2218	2.500000e-005	
2219	1.250000e-004	
2220	2.000000e-004	
2221	3.000000e-004	
2222	4.000000e-004	
2223	4.250000e-004	
2224	4.250000e-004	
2225	6.250000e-004	
2226	7.000000e-004	
2227	7.250000e-004	
2228	8.250000e-004	
2229	8.750000e-004	
2230	1.025000e-003	
2231	9.750000e-004	
2232	1.025000e-003	
2233	1.150000e-003	
2234	1.175000e-003	
2235	1.025000e-003	
2236	1.125000e-003	
2237	1.325000e-003	
2238	1.225000e-003	
2239	1.200000e-003	
2240	1.300000e-003	
2241	1.125000e-003	
2242	9.250000e-004	
2243	8.500000e-004	
2244	1.000000e-003	
2245	8.250000e-004	
2246	7.250000e-004	
2247	7.750000e-004	
2248	9.750000e-004	
2249	9.750000e-004	
2250	7.500000e-004	
2251	6.000000e-004	
2252	3.750000e-004	
2253	4.500000e-004	
2254	5.000000e-004	
2255	3.000000e-004	
2256	3.250000e-004	
2257	3.000000e-004	
2258	4.000000e-004	
2259	4.000000e-004	
2260	3.500000e-004	
2261	5.000000e-004	
2262	6.500000e-004	
2263	4.500000e-004	
2264	5.250000e-004	
2265	4.000000e-004	
2266	3.500000e-004	
2267	5.000000e-004	
2268	3.500000e-004	
2269	3.750000e-004	
2270	4.250000e-004	
2271	2.500000e-004	
2272	1.750000e-004	
2273	1.750000e-004	
2274	1.500000e-004	
2275	1.000000e-004	
2276	1.500000e-004	
2277	1.250000e-004	
2278	1.750000e-004	
2279	1.750000e-004	
2280	7.500000e-005	
2281	7.500000e-005	
2282	1.000000e-004	
2283	1.250000e-004	
2284	1.750000e-004	
2285	1.000000e-004	
2286	1.250000e-004	
2287	5.000000e-005	
2288	7.500000e-005	
2289	5.000000e-005	
2290	7.500000e-005	
2291	1.000000e-004	
2292	7.500000e-005	
2293	5.000000e-005	
2294	5.000000e-005	
2295	1.000000e-004	
2296	1.500000e-004	
2297	1.750000e-004	
2298	1.500000e-004	
2299	5.000000e-005	
2300	5.000000e-005	
2301	5.000000e-005	
2302	1.000000e-004	
2303	2.500000e-005	
2304	2.500000e-005	
2305	5.000000e-005	
2306	7.500000e-005	
2307	1.000000e-004	
2308	1.000000e-004	
2309	1.250000e-004	
2310	2.250000e-004	
2311	2.250000e-004	
2312	1.750000e-004	
2313	2.250000e-004	
2314	3.500000e-004	
2315	5.250000e-004	
2316	4.000000e-004	
2317	4.250000e-004	
2318	4.250000e-004	
2319	4.000000e-004	
2320	5.250000e-004	
2321	4.250000e-004	
2322	5.750000e-004	
2323	7.000000e-004	
2324	6.500000e-004	
2325	4.750000e-004	
2326	5.500000e-004	
2327	5.250000e-004	
2328	5.250000e-004	
2329	4.500000e-004	
2330	3.500000e-004	
2331	6.750000e-004	
2332	7.250000e-004	
2333	7.250000e-004	
2334	5.500000e-004	
2335	5.500000e-004	
2336	6.250000e-004	
2337	7.250000e-004	
2338	7.750000e-004	
2339	7.250000e-004	
2340	6.750000e-004	
2341	8.250000e-004	
2342	8.000000e-004	
2343	1.125000e-003	
2344	1.125000e-003	
2345	1.375000e-003	
2346	1.425000e-003	
2347	1.300000e-003	
2348	1.350000e-003	
2349	1.500000e-003	
2350	1.775000e-003	
2351	1.650000e-003	
2352	1.725000e-003	
2353	1.675000e-003	
2354	1.625000e-003	
2355	1.550000e-003	
2356	1.575000e-003	
2357	1.700000e-003	
2358	1.650000e-003	
2359	1.825000e-003	
2360	1.450000e-003	
2361	1.250000e-003	
2362	1.450000e-003	
2363	1.675000e-003	
2364	1.975000e-003	
2365	2.100000e-003	
2366	2.325000e-003	
2367	1.900000e-003	
2368	2.025000e-003	
2369	1.650000e-003	
2370	1.850000e-003	
2371	1.750000e-003	
2372	1.475000e-003	
2373	1.575000e-003	
2374	1.825000e-003	
2375	1.925000e-003	
2376	1.625000e-003	
2377	1.625000e-003	
2378	1.725000e-003	
2379	1.750000e-003	
2380	1.600000e-003	
2381	1.950000e-003	
2382	2.075000e-003	
2383	2.175000e-003	
2384	2.050000e-003	
2385	1.925000e-003	
2386	2.175000e-003	
2387	2.125000e-003	
2388	2.025000e-003	
2389	2.000000e-003	
2390	2.050000e-003	
2391	1.950000e-003	
2392	2.200000e-003	
2393	1.750000e-003	
2394	1.500000e-003	
2395	1.550000e-003	
2396	1.475000e-003	
2397	1.275000e-003	
2398	1.375000e-003	
2399	1.125000e-003	
2400	1.075000e-003	
2401	1.325000e-003	
2402	1.400000e-003	
2403	1.300000e-003	
2404	1.275000e-003	
2405	1.350000e-003	
2406	1.400000e-003	
2407	1.375000e-003	
2408	1.475000e-003	
2409	1.625000e-003	
2410	1.650000e-003	
2411	1.750000e-003	
2412	2.300000e-003	
2413	1.925000e-003	
2414	1.800000e-003	
2415	1.900000e-003	
2416	2.100000e-003	
2417	2.550000e-003	
2418	2.950000e-003	
2419	3.050000e-003	
2420	3.525000e-003	
2421	3.975000e-003	
2422	3.575000e-003	
2423	3.700000e-003	
2424	4.100000e-003	
2425	4.200000e-003	
2426	3.900000e-003	
2427	4.225000e-003	
2428	4.425000e-003	
2429	4.525000e-003	
2430	4.225000e-003	
2431	4.025000e-003	
2432	3.975000e-003	
2433	3.500000e-003	
2434	3.350000e-003	
2435	3.325000e-003	
2436	3.000000e-003	
2437	2.825000e-003	
2438	2.575000e-003	
2439	2.650000e-003	
2440	2.850000e-003	
2441	2.225000e-003	
2442	2.250000e-003	
2443	2.100000e-003	
2444	1.925000e-003	
2445	2.050000e-003	
2446	1.900000e-003	
2447	1.825000e-003	
2448	1.625000e-003	
2449	1.200000e-003	
2450	1.175000e-003	
2451	1.500000e-003	
2452	1.675000e-003	
2453	1.675000e-003	
2454	1.900000e-003	
2455	1.650000e-003	
2456	1.525000e-003	
2457	1.625000e-003	
2458	1.450000e-003	
2459	1.800000e-003	
2460	1.850000e-003	
2461	1.625000e-003	
2462	1.600000e-003	
2463	2.000000e-003	
2464	2.050000e-003	
2465	2.075000e-003	
2466	1.975000e-003	
2467	2.250000e-003	
2468	2.375000e-003	
2469	1.850000e-003	
2470	1.400000e-003	
2471	1.350000e-003	
2472	1.775000e-003	
2473	1.850000e-003	
2474	1.850000e-003	
2475	1.675000e-003	
2476	1.975000e-003	
2477	2.050000e-003	
2478	1.600000e-003	
2479	1.700000e-003	
2480	1.525000e-003	
2481	1.275000e-003	
2482	1.275000e-003	
2483	1.075000e-003	
2484	7.500000e-004	
2485	8.750000e-004	
2486	9.000000e-004	
2487	7.500000e-004	
2488	8.500000e-004	
2489	8.500000e-004	
2490	7.000000e-004	
2491	6.500000e-004	
2492	6.250000e-004	
2493	5.500000e-004	
2494	6.500000e-004	
2495	4.500000e-004	
2496	4.500000e-004	
2497	5.250000e-004	
2498	5.500000e-004	
2499	4.000000e-004	
2500	5.250000e-004	
2501	4.500000e-004	
2502	5.000000e-004	
2503	5.250000e-004	
2504	5.000000e-004	
2505	6.500000e-004	
2506	7.750000e-004	
2507	8.250000e-004	
2508	7.000000e-004	
2509	9.000000e-004	
2510	8.250000e-004	
2511	6.250000e-004	
2512	6.500000e-004	
2513	6.500000e-004	
2514	4.750000e-004	
2515	5.000000e-004	
2516	5.500000e-004	
2517	4.250000e-004	
2518	3.750000e-004	
2519	4.750000e-004	
2520	4.250000e-004	
2521	3.500000e-004	
2522	3.500000e-004	
2523	5.000000e-004	
2524	5.250000e-004	
2525	4.250000e-004	
2526	5.000000e-004	
2527	6.250000e-004	
2528	6.250000e-004	
2529	3.500000e-004	
2530	4.000000e-004	
2531	3.000000e-004	
2532	2.000000e-004	
2533	2.500000e-004	
2534	2.750000e-004	
2535	3.750000e-004	
2536	3.000000e-004	
2537	1.750000e-004	
2538	2.000000e-004	
2539	1.250000e-004	
2540	1.250000e-004	
2541	3.000000e-004	
2542	3.500000e-004	
2543	4.000000e-004	
2544	5.000000e-004	
2545	3.750000e-004	
2546	3.000000e-004	
2547	3.500000e-004	
2548	4.500000e-004	
2549	4.000000e-004	
2550	4.500000e-004	
2551	3.500000e-004	
2552	3.000000e-004	
2553	2.250000e-004	
2554	2.250000e-004	
2555	2.250000e-004	
2556	1.500000e-004	
2557	1.000000e-004	
2558	1.750000e-004	
2559	2.750000e-004	
2560	4.000000e-004	
2561	4.000000e-004	
2562	4.250000e-004	
2563	3.000000e-004	
2564	4.750000e-004	
2565	5.500000e-004	
2566	7.250000e-004	
2567	7.500000e-004	
2568	5.750000e-004	
2569	7.000000e-004	
2570	4.750000e-004	
2571	4.750000e-004	
2572	5.000000e-004	
2573	3.000000e-004	
2574	3.000000e-004	
2575	4.250000e-004	
2576	5.750000e-004	
2577	4.250000e-004	
2578	5.000000e-004	
2579	5.500000e-004	
2580	4.000000e-004	
2581	3.750000e-004	
2582	1.500000e-004	
2583	7.500000e-005	
2584	7.500000e-005	
2585	1.000000e-004	
2586	7.500000e-005	
2587	2.500000e-005	
2588	0	
2589	0	
2590	0	
2591	0	
2592	0	
2593	0	
2594	0	
2595	0	
2596	0	
2597	0	
2598	0	
2599	0	
2600	0	
2601	0	
2602	0	
2603	0	
2604	0	
2605	0	
2606	0	
2607	0	
2608	0	
2609	0	
2610	0	
2611	0	
2612	0	
2613	0	
2614	0	
2615	0	
2616	0	
2617	0	
2618	0	
2619	0	
2620	0	
2621	0	
2622	0	
2623	2.500000e-005	
2624	1.000000e-004	
2625	7.500000e-005	
2626	5.000000e-005	
2627	7.500000e-005	
2628	7.500000e-005	
2629	5.000000e-005	
2630	7.500000e-005	
2631	5.000000e-005	
2632	7.500000e-005	
2633	5.000000e-005	
2634	5.000000e-005	
2635	2.500000e-005	
2636	2.500000e-005	
2637	5.000000e-005	
2638	2.500000e-005	
2639	5.000000e-005	
2640	1.750000e-004	
2641	1.000000e-004	
2642	1.500000e-004	
2643	2.250000e-004	
2644	2.250000e-004	
2645	2.250000e-004	
2646	2.500000e-004	
2647	2.750000e-004	
2648	2.750000e-004	
2649	2.500000e-004	
2650	1.750000e-004	
2651	1.750000e-004	
2652	1.500000e-004	
2653	2.000000e-004	
2654	2.750000e-004	
2655	1.250000e-004	
2656	2.750000e-004	
2657	4.000000e-004	
2658	5.000000e-004	
2659	4.250000e-004	
2660	3.500000e-004	
2661	3.250000e-004	
2662	4.000000e-004	
2663	4.250000e-004	
2664	5.250000e-004	
2665	6.750000e-004	
2666	6.500000e-004	
2667	5.500000e-004	
2668	4.250000e-004	
2669	3.500000e-004	
2670	1.750000e-004	
2671	1.250000e-004	
2672	1.000000e-004	
2673	1.000000e-004	
2674	2.000000e-004	
2675	1.500000e-004	
2676	1.250000e-004	
2677	1.000000e-004	
2678	7.500000e-005	
2679	2.500000e-005	
2680	0	
2681	0	
2682	0	
2683	0	
2684	2.500000e-005	
2685	1.250000e-004	
2686	1.750000e-004	
2687	2.500000e-005	
2688	0	
2689	0	
2690	0	
2691	0	
2692	0	
2693	2.500000e-005	
2694	5.000000e-005	
2695	0	
2696	0	
2697	0	
2698	0	
2699	0	
2700	0	
2701	0	
2702	0	
2703	0	
2704	0	
2705	0	
2706	0	
2707	5.000000e-005	
2708	1.500000e-004	
2709	1.000000e-004	
2710	5.000000e-005	
2711	0	
2712	0	
2713	0	
2714	0	
2715	0	
2716	0	
2717	0	
2718	0	
2719	2.500000e-005	
2720	5.000000e-005	
2721	2.500000e-005	
2722	0	
2723	0	
2724	0	
2725	0	
2726	0	
2727	0	
2728	0	
2729	0	
2730	0	
2731	0	
2732	0	
2733	0	
2734	0	
2735	0	
2736	2.500000e-005	
2737	1.000000e-004	
2738	7.500000e-005	
2739	5.000000e-005	
2740	5.000000e-005	
2741	1.000000e-004	
2742	1.250000e-004	
2743	1.500000e-004	
2744	1.500000e-004	
2745	1.000000e-004	
2746	2.000000e-004	
2747	1.750000e-004	
2748	1.750000e-004	
2749	5.000000e-005	
2750	1.000000e-004	
2751	1.500000e-004	
2752	5.000000e-005	
2753	0	
2754	0	
2755	0	
2756	0	
2757	0	
2758	0	
2759	0	
2760	0	
2761	0	
2762	0	
2763	0	
2764	0	
2765	0	
2766	0	
2767	0	
2768	0	
2769	0	
2770	0	
2771	0	
2772	0	
2773	0	
2774	0	
2775	0	
2776	0	
2777	0	
2778	0	
2779	0	
2780	0	
2781	0	
2782	0	
2783	0	
2784	0	
2785	0	
2786	0	
2787	0	
2788	2.500000e-005	
2789	2.500000e-005	
2790	2.500000e-005	
2791	5.000000e-005	
2792	0	
2793	0	
2794	0	
2795	0	
2796	0	
2797	0	
2798	0	
2799	0	
2800	0	
2801	0	
2802	0	
2803	0	
2804	0	
2805	0	
2806	0	
2807	0	
2808	0	
2809	0	
2810	0	
2811	0	
2812	0	
2813	0	
2814	0	
2815	0	
2816	0	
2817	0	
2818	0	
2819	0	
2820	0	
2821	0	
2822	0	
2823	0	
2824	0	
2825	0	
2826	0	
2827	0	
2828	0	
2829	0	
2830	0	
2831	0	
2832	0	
2833	0	
2834	0	
2835	0	
2836	0	
2837	0	
2838	0	
2839	0	
2840	0	
2841	0	
2842	0	
2843	0	
2844	0	
2845	0	
2846	0	
2847	0	
2848	0	
2849	0	
2850	0	
2851	0	
2852	0	
2853	0	
2854	0	
2855	0	
2856	2.500000e-005	
2857	7.500000e-005	
2858	1.000000e-004	
2859	1.000000e-004	
2860	1.750000e-004	
2861	3.000000e-004	
2862	4.250000e-004	
2863	4.250000e-004	
2864	4.000000e-004	
2865	5.250000e-004	
2866	6.000000e-004	
2867	4.500000e-004	
2868	5.500000e-004	
2869	5.250000e-004	
2870	4.250000e-004	
2871	6.000000e-004	
2872	7.500000e-004	
2873	9.000000e-004	
2874	9.500000e-004	
2875	9.750000e-004	
2876	8.250000e-004	
2877	6.250000e-004	
2878	8.250000e-004	
2879	6.750000e-004	
2880	6.750000e-004	
2881	9.250000e-004	
2882	8.000000e-004	
2883	9.750000e-004	
2884	1.150000e-003	
2885	1.225000e-003	
2886	1.650000e-003	
2887	1.650000e-003	
2888	1.300000e-003	
2889	1.125000e-003	
2890	1.250000e-003	
2891	1.275000e-003	
2892	1.300000e-003	
2893	1.250000e-003	
2894	1.325000e-003	
2895	1.250000e-003	
2896	1.300000e-003	
2897	1.475000e-003	
2898	1.850000e-003	
2899	1.875000e-003	
2900	1.850000e-003	
2901	1.850000e-003	
2902	1.725000e-003	
2903	1.900000e-003	
2904	1.950000e-003	
2905	1.725000e-003	
2906	1.775000e-003	
2907	1.625000e-003	
2908	1.400000e-003	
2909	1.500000e-003	
2910	2.000000e-003	
2911	1.600000e-003	
2912	1.650000e-003	
2913	1.750000e-003	
2914	1.325000e-003	
2915	1.350000e-003	
2916	1.300000e-003	
2917	1.425000e-003	
2918	1.375000e-003	
2919	1.200000e-003	
2920	1.250000e-003	
2921	1.250000e-003	
2922	1.375000e-003	
2923	1.375000e-003	
2924	1.375000e-003	
2925	1.450000e-003	
2926	1.475000e-003	
2927	1.575000e-003	
2928	1.350000e-003	
2929	1.600000e-003	
2930	1.575000e-003	
2931	1.650000e-003	
2932	1.675000e-003	
2933	1.750000e-003	
2934	2.175000e-003	
2935	2.525000e-003	
2936	2.275000e-003	
2937	2.350000e-003	
2938	2.100000e-003	
2939	1.900000e-003	
2940	1.975000e-003	
2941	1.900000e-003	
2942	1.925000e-003	
2943	2.025000e-003	
2944	2.000000e-003	
2945	1.875000e-003	
2946	2.050000e-003	
2947	2.300000e-003	
2948	2.475000e-003	
2949	2.825000e-003	
2950	2.875000e-003	
2951	2.875000e-003	
2952	2.775000e-003	
2953	2.575000e-003	
2954	2.775000e-003	
2955	2.650000e-003	
2956	2.925000e-003	
2957	2.400000e-003	
2958	2.750000e-003	
2959	2.700000e-003	
2960	2.225000e-003	
2961	2.100000e-003	
2962	2.050000e-003	
2963	2.100000e-003	
2964	2.300000e-003	
2965	2.625000e-003	
2966	2.500000e-003	
2967	2.750000e-003	
2968	2.800000e-003	
2969	2.725000e-003	
2970	2.550000e-003	
2971	2.750000e-003	
2972	2.875000e-003	
2973	2.800000e-003	
2974	2.775000e-003	
2975	3.100000e-003	
2976	2.500000e-003	
2977	2.825000e-003	
2978	2.500000e-003	
2979	3.100000e-003	
2980	3.200000e-003	
2981	3.275000e-003	
2982	3.625000e-003	
2983	3.875000e-003	
2984	4.075000e-003	
2985	4.350000e-003	
2986	3.850000e-003	
2987	4.100000e-003	
2988	4.450000e-003	
2989	4.050000e-003	
2990	3.400000e-003	
2991	3.700000e-003	
2992	3.425000e-003	
2993	3.275000e-003	
2994	3.150000e-003	
2995	2.750000e-003	
2996	3.175000e-003	
2997	3.300000e-003	
2998	2.925000e-003	
2999	2.850000e-003	
3000	2.875000e-003	
3001	3.325000e-003	
