1	0	
2	0	
3	0	
4	0	
5	0	
6	0	
7	0	
8	0	
9	0	
10	0	
11	2.500000e-005	
12	2.500000e-005	
13	2.500000e-005	
14	1.000000e-004	
15	1.500000e-004	
16	2.250000e-004	
17	5.250000e-004	
18	8.250000e-004	
19	9.250000e-004	
20	1.100000e-003	
21	1.350000e-003	
22	1.350000e-003	
23	1.400000e-003	
24	1.425000e-003	
25	1.575000e-003	
26	1.850000e-003	
27	2.425000e-003	
28	2.775000e-003	
29	3.025000e-003	
30	3.475000e-003	
31	4.250000e-003	
32	4.675000e-003	
33	4.475000e-003	
34	4.825000e-003	
35	5.300000e-003	
36	5.300000e-003	
37	5.275000e-003	
38	5.225000e-003	
39	5.750000e-003	
40	6.175000e-003	
41	6.800000e-003	
42	6.375000e-003	
43	6.625000e-003	
44	6.750000e-003	
45	6.175000e-003	
46	6.100000e-003	
47	6.525000e-003	
48	7.125000e-003	
49	7.575000e-003	
50	8.425000e-003	
51	8.300000e-003	
52	8.025000e-003	
53	8.375000e-003	
54	8.750000e-003	
55	9.800000e-003	
56	1.010000e-002	
57	1.090000e-002	
58	1.142500e-002	
59	1.112500e-002	
60	1.162500e-002	
61	1.095000e-002	
62	1.142500e-002	
63	1.172500e-002	
64	1.222500e-002	
65	1.182500e-002	
66	1.100000e-002	
67	1.127500e-002	
68	1.155000e-002	
69	1.097500e-002	
70	1.030000e-002	
71	1.057500e-002	
72	1.127500e-002	
73	1.067500e-002	
74	1.062500e-002	
75	1.000000e-002	
76	9.950000e-003	
77	9.350000e-003	
78	8.000000e-003	
79	7.275000e-003	
80	7.475000e-003	
81	6.125000e-003	
82	5.225000e-003	
83	4.300000e-003	
84	4.400000e-003	
85	4.575000e-003	
86	4.150000e-003	
87	4.350000e-003	
88	4.150000e-003	
89	4.125000e-003	
90	3.175000e-003	
91	3.000000e-003	
92	2.250000e-003	
93	1.575000e-003	
94	1.275000e-003	
95	1.050000e-003	
96	7.000000e-004	
97	7.500000e-004	
98	9.500000e-004	
99	7.250000e-004	
100	7.000000e-004	
101	5.750000e-004	
102	2.500000e-004	
103	3.500000e-004	
104	4.000000e-004	
105	1.750000e-004	
106	7.500000e-005	
107	0	
108	2.500000e-005	
109	2.500000e-005	
110	0	
111	0	
112	0	
113	0	
114	0	
115	0	
116	0	
117	0	
118	0	
119	0	
120	0	
121	0	
122	0	
123	0	
124	0	
125	0	
126	0	
127	0	
128	0	
129	0	
130	0	
131	0	
132	0	
133	0	
134	0	
135	0	
136	0	
137	0	
138	0	
139	0	
140	0	
141	0	
142	0	
143	0	
144	0	
145	0	
146	0	
147	0	
148	0	
149	0	
150	0	
151	0	
152	0	
153	0	
154	0	
155	0	
156	0	
157	0	
158	0	
159	0	
160	0	
161	0	
162	0	
163	0	
164	0	
165	0	
166	0	
167	0	
168	0	
169	0	
170	0	
171	0	
172	0	
173	0	
174	0	
175	0	
176	0	
177	0	
178	0	
179	0	
180	0	
181	0	
182	0	
183	0	
184	0	
185	0	
186	0	
187	0	
188	0	
189	0	
190	0	
191	0	
192	0	
193	0	
194	0	
195	0	
196	0	
197	0	
198	0	
199	0	
200	2.500000e-005	
201	7.500000e-005	
202	1.500000e-004	
203	1.000000e-004	
204	1.500000e-004	
205	1.250000e-004	
206	7.500000e-005	
207	7.500000e-005	
208	7.500000e-005	
209	2.500000e-005	
210	2.500000e-005	
211	0	
212	0	
213	0	
214	0	
215	0	
216	0	
217	0	
218	0	
219	0	
220	0	
221	0	
222	0	
223	0	
224	0	
225	0	
226	0	
227	0	
228	0	
229	0	
230	0	
231	2.500000e-005	
232	5.000000e-005	
233	0	
234	0	
235	0	
236	0	
237	0	
238	0	
239	0	
240	0	
241	0	
242	0	
243	0	
244	0	
245	0	
246	0	
247	0	
248	0	
249	0	
250	0	
251	0	
252	0	
253	0	
254	0	
255	0	
256	0	
257	0	
258	0	
259	0	
260	0	
261	0	
262	0	
263	0	
264	0	
265	0	
266	0	
267	0	
268	0	
269	0	
270	0	
271	0	
272	0	
273	0	
274	0	
275	0	
276	0	
277	2.500000e-005	
278	0	
279	0	
280	0	
281	0	
282	0	
283	0	
284	0	
285	0	
286	0	
287	0	
288	0	
289	0	
290	0	
291	0	
292	0	
293	0	
294	0	
295	0	
296	0	
297	0	
298	0	
299	0	
300	0	
301	0	
302	0	
303	0	
304	0	
305	0	
306	0	
307	0	
308	0	
309	0	
310	0	
311	0	
312	0	
313	0	
314	0	
315	0	
316	0	
317	2.500000e-005	
318	0	
319	0	
320	0	
321	0	
322	0	
323	0	
324	0	
325	0	
326	0	
327	0	
328	0	
329	0	
330	0	
331	0	
332	0	
333	2.500000e-005	
334	2.500000e-005	
335	5.000000e-005	
336	2.500000e-005	
337	5.000000e-005	
338	2.500000e-005	
339	0	
340	0	
341	0	
342	0	
343	0	
344	0	
345	0	
346	0	
347	0	
348	0	
349	0	
350	0	
351	0	
352	0	
353	0	
354	0	
355	0	
356	0	
357	0	
358	0	
359	2.500000e-005	
360	5.000000e-005	
361	2.500000e-005	
362	2.500000e-005	
363	5.000000e-005	
364	0	
365	0	
366	0	
367	0	
368	0	
369	0	
370	0	
371	0	
372	2.500000e-005	
373	2.500000e-005	
374	0	
375	0	
376	0	
377	0	
378	0	
379	0	
380	0	
381	0	
382	0	
383	0	
384	0	
385	0	
386	0	
387	0	
388	0	
389	0	
390	2.500000e-005	
391	5.000000e-005	
392	7.500000e-005	
393	1.250000e-004	
394	1.000000e-004	
395	7.500000e-005	
396	7.500000e-005	
397	1.250000e-004	
398	1.000000e-004	
399	7.500000e-005	
400	2.500000e-005	
401	0	
402	0	
403	0	
404	0	
405	0	
406	0	
407	0	
408	0	
409	0	
410	2.500000e-005	
411	7.500000e-005	
412	1.000000e-004	
413	1.500000e-004	
414	2.000000e-004	
415	1.000000e-004	
416	1.250000e-004	
417	1.250000e-004	
418	2.000000e-004	
419	1.500000e-004	
420	1.000000e-004	
421	5.000000e-005	
422	2.500000e-005	
423	2.500000e-005	
424	0	
425	0	
426	5.000000e-005	
427	7.500000e-005	
428	5.000000e-005	
429	5.000000e-005	
430	5.000000e-005	
431	7.500000e-005	
432	1.250000e-004	
433	1.000000e-004	
434	7.500000e-005	
435	5.000000e-005	
436	5.000000e-005	
437	7.500000e-005	
438	1.250000e-004	
439	1.500000e-004	
440	1.750000e-004	
441	1.500000e-004	
442	2.250000e-004	
443	1.750000e-004	
444	1.500000e-004	
445	7.500000e-005	
446	1.000000e-004	
447	2.500000e-005	
448	0	
449	0	
450	0	
451	2.500000e-005	
452	5.000000e-005	
453	0	
454	0	
455	0	
456	5.000000e-005	
457	1.000000e-004	
458	1.250000e-004	
459	1.500000e-004	
460	1.750000e-004	
461	2.500000e-004	
462	3.000000e-004	
463	3.000000e-004	
464	1.250000e-004	
465	1.750000e-004	
466	1.000000e-004	
467	7.500000e-005	
468	5.000000e-005	
469	7.500000e-005	
470	1.000000e-004	
471	1.000000e-004	
472	1.500000e-004	
473	2.750000e-004	
474	3.500000e-004	
475	2.750000e-004	
476	2.000000e-004	
477	1.750000e-004	
478	2.000000e-004	
479	1.750000e-004	
480	2.500000e-004	
481	2.250000e-004	
482	2.500000e-004	
483	2.500000e-004	
484	2.000000e-004	
485	2.250000e-004	
486	2.250000e-004	
487	2.000000e-004	
488	1.750000e-004	
489	2.750000e-004	
490	2.750000e-004	
491	2.500000e-004	
492	3.750000e-004	
493	3.750000e-004	
494	3.750000e-004	
495	4.250000e-004	
496	4.750000e-004	
497	2.750000e-004	
498	3.250000e-004	
499	2.750000e-004	
500	4.000000e-004	
501	3.750000e-004	
502	5.250000e-004	
503	4.250000e-004	
504	3.500000e-004	
505	2.250000e-004	
506	2.250000e-004	
507	2.500000e-004	
508	1.500000e-004	
509	2.250000e-004	
510	1.750000e-004	
511	2.250000e-004	
512	3.000000e-004	
513	3.250000e-004	
514	5.250000e-004	
515	3.750000e-004	
516	4.250000e-004	
517	3.250000e-004	
518	4.250000e-004	
519	5.250000e-004	
520	5.250000e-004	
521	5.500000e-004	
522	3.250000e-004	
523	3.000000e-004	
524	3.250000e-004	
525	3.500000e-004	
526	3.000000e-004	
527	2.250000e-004	
528	2.500000e-004	
529	1.750000e-004	
530	1.250000e-004	
531	1.750000e-004	
532	1.500000e-004	
533	1.500000e-004	
534	1.750000e-004	
535	1.250000e-004	
536	1.500000e-004	
537	1.500000e-004	
538	1.750000e-004	
539	2.250000e-004	
540	1.250000e-004	
541	2.000000e-004	
542	7.500000e-005	
543	1.000000e-004	
544	5.000000e-005	
545	5.000000e-005	
546	7.500000e-005	
547	1.750000e-004	
548	3.250000e-004	
549	4.250000e-004	
550	4.500000e-004	
551	4.000000e-004	
552	5.250000e-004	
553	6.250000e-004	
554	6.500000e-004	
555	7.500000e-004	
556	7.000000e-004	
557	8.000000e-004	
558	1.100000e-003	
559	9.000000e-004	
560	8.250000e-004	
561	9.000000e-004	
562	9.000000e-004	
563	7.750000e-004	
564	8.250000e-004	
565	8.750000e-004	
566	9.500000e-004	
567	9.000000e-004	
568	9.000000e-004	
569	7.750000e-004	
570	9.750000e-004	
571	1.000000e-003	
572	1.150000e-003	
573	1.150000e-003	
574	1.300000e-003	
575	1.325000e-003	
576	1.225000e-003	
577	1.300000e-003	
578	1.200000e-003	
579	1.175000e-003	
580	1.250000e-003	
581	1.650000e-003	
582	1.575000e-003	
583	1.725000e-003	
584	1.650000e-003	
585	1.700000e-003	
586	2.250000e-003	
587	2.125000e-003	
588	2.100000e-003	
589	2.125000e-003	
590	1.850000e-003	
591	1.725000e-003	
592	1.850000e-003	
593	1.950000e-003	
594	2.100000e-003	
595	1.950000e-003	
596	2.125000e-003	
597	2.225000e-003	
598	2.225000e-003	
599	2.350000e-003	
600	2.550000e-003	
601	2.875000e-003	
602	3.200000e-003	
603	2.900000e-003	
604	2.950000e-003	
605	2.725000e-003	
606	2.700000e-003	
607	2.850000e-003	
608	3.150000e-003	
609	2.950000e-003	
610	3.275000e-003	
611	3.475000e-003	
612	3.075000e-003	
613	2.850000e-003	
614	3.075000e-003	
615	3.450000e-003	
616	4.000000e-003	
617	4.175000e-003	
618	4.350000e-003	
619	4.475000e-003	
620	4.675000e-003	
621	4.900000e-003	
622	4.875000e-003	
623	4.875000e-003	
624	5.500000e-003	
625	5.400000e-003	
626	5.925000e-003	
627	5.525000e-003	
628	4.450000e-003	
629	5.000000e-003	
630	5.375000e-003	
631	5.250000e-003	
632	5.450000e-003	
633	5.025000e-003	
634	4.450000e-003	
635	4.950000e-003	
636	5.000000e-003	
637	4.575000e-003	
638	4.225000e-003	
639	3.975000e-003	
640	4.300000e-003	
641	4.175000e-003	
642	4.200000e-003	
643	4.425000e-003	
644	4.550000e-003	
645	4.775000e-003	
646	4.400000e-003	
647	4.375000e-003	
648	4.800000e-003	
649	5.300000e-003	
650	4.675000e-003	
651	4.525000e-003	
652	4.300000e-003	
653	3.800000e-003	
654	3.850000e-003	
655	3.125000e-003	
656	2.750000e-003	
657	3.100000e-003	
658	2.750000e-003	
659	2.525000e-003	
660	2.625000e-003	
661	2.425000e-003	
662	2.600000e-003	
663	2.050000e-003	
664	1.950000e-003	
665	1.975000e-003	
666	1.925000e-003	
667	1.950000e-003	
668	1.975000e-003	
669	1.750000e-003	
670	1.825000e-003	
671	1.675000e-003	
672	1.625000e-003	
673	1.700000e-003	
674	1.325000e-003	
675	9.250000e-004	
676	8.500000e-004	
677	8.750000e-004	
678	8.250000e-004	
679	9.500000e-004	
680	9.000000e-004	
681	8.500000e-004	
682	6.000000e-004	
683	6.250000e-004	
684	5.500000e-004	
685	4.250000e-004	
686	3.250000e-004	
687	4.250000e-004	
688	3.000000e-004	
689	2.250000e-004	
690	5.000000e-005	
691	5.000000e-005	
692	2.500000e-005	
693	0	
694	0	
695	0	
696	0	
697	0	
698	0	
699	0	
700	0	
701	0	
702	0	
703	0	
704	0	
705	0	
706	0	
707	0	
708	0	
709	0	
710	2.500000e-005	
711	0	
712	0	
713	0	
714	0	
715	0	
716	0	
717	0	
718	0	
719	0	
720	0	
721	0	
722	0	
723	0	
724	0	
725	0	
726	0	
727	0	
728	0	
729	0	
730	0	
731	0	
732	0	
733	2.500000e-005	
734	0	
735	0	
736	0	
737	2.500000e-005	
738	2.500000e-005	
739	0	
740	0	
741	0	
742	0	
743	0	
744	0	
745	0	
746	0	
747	2.500000e-005	
748	1.000000e-004	
749	7.500000e-005	
750	7.500000e-005	
751	1.500000e-004	
752	2.000000e-004	
753	2.250000e-004	
754	1.500000e-004	
755	7.500000e-005	
756	1.250000e-004	
757	7.500000e-005	
758	7.500000e-005	
759	2.500000e-005	
760	0	
761	0	
762	0	
763	0	
764	0	
765	0	
766	0	
767	0	
768	0	
769	0	
770	0	
771	0	
772	0	
773	0	
774	0	
775	0	
776	0	
777	0	
778	0	
779	0	
780	0	
781	0	
782	0	
783	0	
784	0	
785	0	
786	0	
787	0	
788	0	
789	0	
790	0	
791	0	
792	0	
793	0	
794	0	
795	0	
796	0	
797	0	
798	0	
799	0	
800	0	
801	0	
802	0	
803	0	
804	0	
805	0	
806	0	
807	0	
808	0	
809	0	
810	0	
811	0	
812	0	
813	0	
814	0	
815	0	
816	0	
817	0	
818	0	
819	0	
820	0	
821	2.500000e-005	
822	2.500000e-005	
823	5.000000e-005	
824	7.500000e-005	
825	7.500000e-005	
826	1.250000e-004	
827	7.500000e-005	
828	7.500000e-005	
829	5.000000e-005	
830	0	
831	0	
832	0	
833	0	
834	0	
835	0	
836	0	
837	0	
838	0	
839	0	
840	0	
841	0	
842	0	
843	0	
844	0	
845	0	
846	0	
847	0	
848	0	
849	0	
850	0	
851	0	
852	0	
853	0	
854	0	
855	0	
856	0	
857	0	
858	0	
859	0	
860	0	
861	0	
862	0	
863	0	
864	0	
865	0	
866	0	
867	0	
868	0	
869	0	
870	0	
871	0	
872	0	
873	0	
874	0	
875	0	
876	0	
877	0	
878	0	
879	0	
880	0	
881	0	
882	0	
883	0	
884	0	
885	0	
886	0	
887	0	
888	0	
889	0	
890	0	
891	0	
892	0	
893	0	
894	2.500000e-005	
895	5.000000e-005	
896	1.000000e-004	
897	1.000000e-004	
898	5.000000e-005	
899	2.500000e-005	
900	5.000000e-005	
901	2.500000e-005	
902	5.000000e-005	
903	7.500000e-005	
904	2.500000e-005	
905	2.500000e-005	
906	2.500000e-005	
907	5.000000e-005	
908	7.500000e-005	
909	1.500000e-004	
910	7.500000e-005	
911	2.500000e-005	
912	0	
913	0	
914	0	
915	0	
916	0	
917	0	
918	2.500000e-005	
919	7.500000e-005	
920	1.000000e-004	
921	1.500000e-004	
922	1.000000e-004	
923	1.250000e-004	
924	1.250000e-004	
925	2.000000e-004	
926	1.000000e-004	
927	5.000000e-005	
928	5.000000e-005	
929	5.000000e-005	
930	2.500000e-005	
931	0	
932	0	
933	0	
934	0	
935	0	
936	2.500000e-005	
937	5.000000e-005	
938	7.500000e-005	
939	1.250000e-004	
940	2.000000e-004	
941	2.250000e-004	
942	2.500000e-004	
943	1.500000e-004	
944	1.000000e-004	
945	1.000000e-004	
946	7.500000e-005	
947	2.500000e-005	
948	7.500000e-005	
949	2.500000e-005	
950	2.500000e-005	
951	0	
952	0	
953	0	
954	0	
955	0	
956	0	
957	0	
958	0	
959	0	
960	0	
961	0	
962	0	
963	0	
964	0	
965	0	
966	0	
967	0	
968	0	
969	0	
970	0	
971	0	
972	0	
973	0	
974	0	
975	0	
976	0	
977	0	
978	0	
979	0	
980	0	
981	0	
982	0	
983	0	
984	0	
985	2.500000e-005	
986	7.500000e-005	
987	1.500000e-004	
988	1.250000e-004	
989	1.750000e-004	
990	5.000000e-005	
991	7.500000e-005	
992	1.750000e-004	
993	2.000000e-004	
994	1.000000e-004	
995	1.250000e-004	
996	1.250000e-004	
997	1.500000e-004	
998	2.250000e-004	
999	3.000000e-004	
1000	3.500000e-004	
1001	3.250000e-004	
1002	3.500000e-004	
1003	4.500000e-004	
1004	4.500000e-004	
1005	4.250000e-004	
1006	4.000000e-004	
1007	2.750000e-004	
1008	2.500000e-004	
1009	3.000000e-004	
1010	3.500000e-004	
1011	4.250000e-004	
1012	3.750000e-004	
1013	2.750000e-004	
1014	3.250000e-004	
1015	3.000000e-004	
1016	2.500000e-004	
1017	3.000000e-004	
1018	3.250000e-004	
1019	3.750000e-004	
1020	2.750000e-004	
1021	3.250000e-004	
1022	2.000000e-004	
1023	2.000000e-004	
1024	1.500000e-004	
1025	1.250000e-004	
1026	1.750000e-004	
1027	2.500000e-004	
1028	3.000000e-004	
1029	3.250000e-004	
1030	1.750000e-004	
1031	2.750000e-004	
1032	1.500000e-004	
1033	1.000000e-004	
1034	2.500000e-005	
1035	7.500000e-005	
1036	1.000000e-004	
1037	1.000000e-004	
1038	1.250000e-004	
1039	7.500000e-005	
1040	7.500000e-005	
1041	1.750000e-004	
1042	1.750000e-004	
1043	7.500000e-005	
1044	5.000000e-005	
1045	5.000000e-005	
1046	1.250000e-004	
1047	2.000000e-004	
1048	2.000000e-004	
1049	2.750000e-004	
1050	2.250000e-004	
1051	2.750000e-004	
1052	1.750000e-004	
1053	1.000000e-004	
1054	2.000000e-004	
1055	2.750000e-004	
1056	2.500000e-004	
1057	2.750000e-004	
1058	4.000000e-004	
1059	4.250000e-004	
1060	6.500000e-004	
1061	6.500000e-004	
1062	7.250000e-004	
1063	8.250000e-004	
1064	7.750000e-004	
1065	7.750000e-004	
1066	9.000000e-004	
1067	6.750000e-004	
1068	5.750000e-004	
1069	6.000000e-004	
1070	5.000000e-004	
1071	5.250000e-004	
1072	5.250000e-004	
1073	6.750000e-004	
1074	5.000000e-004	
1075	5.500000e-004	
1076	5.750000e-004	
1077	8.500000e-004	
1078	8.500000e-004	
1079	9.000000e-004	
1080	8.000000e-004	
1081	7.500000e-004	
1082	5.500000e-004	
1083	4.750000e-004	
1084	4.000000e-004	
1085	5.000000e-004	
1086	5.750000e-004	
1087	7.000000e-004	
1088	5.750000e-004	
1089	4.250000e-004	
1090	4.250000e-004	
1091	7.250000e-004	
1092	6.250000e-004	
1093	7.500000e-004	
1094	8.250000e-004	
1095	8.250000e-004	
1096	1.025000e-003	
1097	8.250000e-004	
1098	7.500000e-004	
1099	1.175000e-003	
1100	1.025000e-003	
1101	1.150000e-003	
1102	1.325000e-003	
1103	1.275000e-003	
1104	1.475000e-003	
1105	1.425000e-003	
1106	1.500000e-003	
1107	1.325000e-003	
1108	1.175000e-003	
1109	1.250000e-003	
1110	1.375000e-003	
1111	1.450000e-003	
1112	1.550000e-003	
1113	1.850000e-003	
1114	1.750000e-003	
1115	1.300000e-003	
1116	1.850000e-003	
1117	1.950000e-003	
1118	2.125000e-003	
1119	1.825000e-003	
1120	1.575000e-003	
1121	1.625000e-003	
1122	1.650000e-003	
1123	2.100000e-003	
1124	2.300000e-003	
1125	2.375000e-003	
1126	2.225000e-003	
1127	2.175000e-003	
1128	2.425000e-003	
1129	2.125000e-003	
1130	1.900000e-003	
1131	1.550000e-003	
1132	1.225000e-003	
1133	1.250000e-003	
1134	1.175000e-003	
1135	1.350000e-003	
1136	1.325000e-003	
1137	1.350000e-003	
1138	1.825000e-003	
1139	1.950000e-003	
1140	2.075000e-003	
1141	1.775000e-003	
1142	1.850000e-003	
1143	1.825000e-003	
1144	2.125000e-003	
1145	1.750000e-003	
1146	2.075000e-003	
1147	1.900000e-003	
1148	2.050000e-003	
1149	2.200000e-003	
1150	2.150000e-003	
1151	2.125000e-003	
1152	2.075000e-003	
1153	1.675000e-003	
1154	1.575000e-003	
1155	1.475000e-003	
1156	1.500000e-003	
1157	1.800000e-003	
1158	1.950000e-003	
1159	2.050000e-003	
1160	2.400000e-003	
1161	2.175000e-003	
1162	2.200000e-003	
1163	2.050000e-003	
1164	2.425000e-003	
1165	2.225000e-003	
1166	2.375000e-003	
1167	2.725000e-003	
1168	3.025000e-003	
1169	3.250000e-003	
1170	3.450000e-003	
1171	3.375000e-003	
1172	3.500000e-003	
1173	3.300000e-003	
1174	3.550000e-003	
1175	3.875000e-003	
1176	3.700000e-003	
1177	3.775000e-003	
1178	4.075000e-003	
1179	4.050000e-003	
1180	4.175000e-003	
1181	4.400000e-003	
1182	4.175000e-003	
1183	4.000000e-003	
1184	3.750000e-003	
1185	3.750000e-003	
1186	3.950000e-003	
1187	3.950000e-003	
1188	3.925000e-003	
1189	4.300000e-003	
1190	4.100000e-003	
1191	4.025000e-003	
1192	4.075000e-003	
1193	3.450000e-003	
1194	3.125000e-003	
1195	3.325000e-003	
1196	3.450000e-003	
1197	3.525000e-003	
1198	3.400000e-003	
1199	3.200000e-003	
1200	3.850000e-003	
1201	3.775000e-003	
1202	4.225000e-003	
1203	3.675000e-003	
1204	3.825000e-003	
1205	3.725000e-003	
1206	3.675000e-003	
1207	3.725000e-003	
1208	4.050000e-003	
1209	4.000000e-003	
1210	3.450000e-003	
1211	2.800000e-003	
1212	2.925000e-003	
1213	3.075000e-003	
1214	2.950000e-003	
1215	3.125000e-003	
1216	3.700000e-003	
1217	3.400000e-003	
1218	3.275000e-003	
1219	2.850000e-003	
1220	2.725000e-003	
1221	2.700000e-003	
1222	2.125000e-003	
1223	1.975000e-003	
1224	1.975000e-003	
1225	1.750000e-003	
1226	1.625000e-003	
1227	1.600000e-003	
1228	1.525000e-003	
1229	1.525000e-003	
1230	1.375000e-003	
1231	1.400000e-003	
1232	1.400000e-003	
1233	1.100000e-003	
1234	1.025000e-003	
1235	1.100000e-003	
1236	1.125000e-003	
1237	1.125000e-003	
1238	1.100000e-003	
1239	8.500000e-004	
1240	9.250000e-004	
1241	1.175000e-003	
1242	1.050000e-003	
1243	7.250000e-004	
1244	5.250000e-004	
1245	3.750000e-004	
1246	3.500000e-004	
1247	3.000000e-004	
1248	2.000000e-004	
1249	1.750000e-004	
1250	2.750000e-004	
1251	3.000000e-004	
1252	3.750000e-004	
1253	2.500000e-004	
1254	1.500000e-004	
1255	1.500000e-004	
1256	1.500000e-004	
1257	1.500000e-004	
1258	1.750000e-004	
1259	2.250000e-004	
1260	1.000000e-004	
1261	0	
1262	0	
1263	0	
1264	1.250000e-004	
1265	1.750000e-004	
1266	5.000000e-005	
1267	1.250000e-004	
1268	1.000000e-004	
1269	5.000000e-005	
1270	5.000000e-005	
1271	1.500000e-004	
1272	5.000000e-005	
1273	7.500000e-005	
1274	7.500000e-005	
1275	7.500000e-005	
1276	7.500000e-005	
1277	1.000000e-004	
1278	7.500000e-005	
1279	0	
1280	0	
1281	0	
1282	0	
1283	0	
1284	0	
1285	0	
1286	0	
1287	0	
1288	0	
1289	0	
1290	0	
1291	0	
1292	0	
1293	0	
1294	2.500000e-005	
1295	0	
1296	0	
1297	0	
1298	0	
1299	0	
1300	0	
1301	0	
1302	0	
1303	0	
1304	0	
1305	0	
1306	0	
1307	0	
1308	0	
1309	0	
1310	0	
1311	0	
1312	0	
1313	0	
1314	0	
1315	0	
1316	0	
1317	0	
1318	0	
1319	0	
1320	0	
1321	0	
1322	0	
1323	0	
1324	0	
1325	2.500000e-005	
1326	0	
1327	0	
1328	0	
1329	0	
1330	0	
1331	0	
1332	0	
1333	0	
1334	0	
1335	0	
1336	0	
1337	0	
1338	0	
1339	0	
1340	0	
1341	0	
1342	0	
1343	0	
1344	0	
1345	0	
1346	0	
1347	0	
1348	0	
1349	0	
1350	0	
1351	0	
1352	0	
1353	0	
1354	0	
1355	0	
1356	0	
1357	0	
1358	0	
1359	2.500000e-005	
1360	5.000000e-005	
1361	2.500000e-005	
1362	2.500000e-005	
1363	2.500000e-005	
1364	2.500000e-005	
1365	5.000000e-005	
1366	5.000000e-005	
1367	5.000000e-005	
1368	7.500000e-005	
1369	1.250000e-004	
1370	7.500000e-005	
1371	0	
1372	0	
1373	0	
1374	0	
1375	0	
1376	0	
1377	5.000000e-005	
1378	7.500000e-005	
1379	2.500000e-005	
1380	2.500000e-005	
1381	2.500000e-005	
1382	5.000000e-005	
1383	2.500000e-005	
1384	0	
1385	0	
1386	0	
1387	0	
1388	0	
1389	0	
1390	0	
1391	0	
1392	0	
1393	0	
1394	0	
1395	0	
1396	2.500000e-005	
1397	2.500000e-005	
1398	0	
1399	0	
1400	0	
1401	0	
1402	0	
1403	0	
1404	0	
1405	0	
1406	0	
1407	0	
1408	0	
1409	0	
1410	0	
1411	2.500000e-005	
1412	1.250000e-004	
1413	2.000000e-004	
1414	2.250000e-004	
1415	2.750000e-004	
1416	1.750000e-004	
1417	1.750000e-004	
1418	2.250000e-004	
1419	1.750000e-004	
1420	2.250000e-004	
1421	2.500000e-004	
1422	1.750000e-004	
1423	1.000000e-004	
1424	1.750000e-004	
1425	3.000000e-004	
1426	4.000000e-004	
1427	4.250000e-004	
1428	4.500000e-004	
1429	3.000000e-004	
1430	3.750000e-004	
1431	4.250000e-004	
1432	5.750000e-004	
1433	5.000000e-004	
1434	3.000000e-004	
1435	3.750000e-004	
1436	3.750000e-004	
1437	4.250000e-004	
1438	4.250000e-004	
1439	3.250000e-004	
1440	2.000000e-004	
1441	2.250000e-004	
1442	1.500000e-004	
1443	1.750000e-004	
1444	2.000000e-004	
1445	1.750000e-004	
1446	2.000000e-004	
1447	1.750000e-004	
1448	1.500000e-004	
1449	1.000000e-004	
1450	1.000000e-004	
1451	1.750000e-004	
1452	1.750000e-004	
1453	1.250000e-004	
1454	1.250000e-004	
1455	7.500000e-005	
1456	2.500000e-005	
1457	0	
1458	0	
1459	0	
1460	0	
1461	0	
1462	0	
1463	0	
1464	2.500000e-005	
1465	7.500000e-005	
1466	1.250000e-004	
1467	2.250000e-004	
1468	2.000000e-004	
1469	1.500000e-004	
1470	1.000000e-004	
1471	7.500000e-005	
1472	1.250000e-004	
1473	1.250000e-004	
1474	7.500000e-005	
1475	2.500000e-005	
1476	2.500000e-005	
1477	2.500000e-005	
1478	5.000000e-005	
1479	1.000000e-004	
1480	1.000000e-004	
1481	2.000000e-004	
1482	2.500000e-004	
1483	2.250000e-004	
1484	2.750000e-004	
1485	1.750000e-004	
1486	2.250000e-004	
1487	5.750000e-004	
1488	6.750000e-004	
1489	4.000000e-004	
1490	4.250000e-004	
1491	5.250000e-004	
1492	5.000000e-004	
1493	5.000000e-004	
1494	5.250000e-004	
1495	7.500000e-004	
1496	6.750000e-004	
1497	8.000000e-004	
1498	6.000000e-004	
1499	5.000000e-004	
1500	4.000000e-004	
1501	5.250000e-004	
1502	2.000000e-004	
1503	2.250000e-004	
1504	2.250000e-004	
1505	2.000000e-004	
1506	1.500000e-004	
1507	1.750000e-004	
1508	2.500000e-004	
1509	1.750000e-004	
1510	2.250000e-004	
1511	3.250000e-004	
1512	2.750000e-004	
1513	1.250000e-004	
1514	1.000000e-004	
1515	1.500000e-004	
1516	1.000000e-004	
1517	2.000000e-004	
1518	2.250000e-004	
1519	3.000000e-004	
1520	1.500000e-004	
1521	1.500000e-004	
1522	1.250000e-004	
1523	2.500000e-004	
1524	1.500000e-004	
1525	1.750000e-004	
1526	1.750000e-004	
1527	1.000000e-004	
1528	1.750000e-004	
1529	1.000000e-004	
1530	5.000000e-005	
1531	1.000000e-004	
1532	1.500000e-004	
1533	2.250000e-004	
1534	2.000000e-004	
1535	3.750000e-004	
1536	3.250000e-004	
1537	5.000000e-004	
1538	7.250000e-004	
1539	6.000000e-004	
1540	8.750000e-004	
1541	8.750000e-004	
1542	4.750000e-004	
1543	4.000000e-004	
1544	3.500000e-004	
1545	4.500000e-004	
1546	4.750000e-004	
1547	5.000000e-004	
1548	4.000000e-004	
1549	5.750000e-004	
1550	4.500000e-004	
1551	4.750000e-004	
1552	2.250000e-004	
1553	3.000000e-004	
1554	3.250000e-004	
1555	3.750000e-004	
1556	4.000000e-004	
1557	5.250000e-004	
1558	4.750000e-004	
1559	4.000000e-004	
1560	6.000000e-004	
1561	5.250000e-004	
1562	6.000000e-004	
1563	5.750000e-004	
1564	5.500000e-004	
1565	6.250000e-004	
1566	5.500000e-004	
1567	7.500000e-004	
1568	8.250000e-004	
1569	8.000000e-004	
1570	7.500000e-004	
1571	6.500000e-004	
1572	6.250000e-004	
1573	5.750000e-004	
1574	5.750000e-004	
1575	7.000000e-004	
1576	5.750000e-004	
1577	4.750000e-004	
1578	4.500000e-004	
1579	5.000000e-004	
1580	5.500000e-004	
1581	5.500000e-004	
1582	5.500000e-004	
1583	6.000000e-004	
1584	5.750000e-004	
1585	6.250000e-004	
1586	6.750000e-004	
1587	6.500000e-004	
1588	4.250000e-004	
1589	5.250000e-004	
1590	7.500000e-004	
1591	6.000000e-004	
1592	4.750000e-004	
1593	4.250000e-004	
1594	4.000000e-004	
1595	2.500000e-004	
1596	3.750000e-004	
1597	3.500000e-004	
1598	4.250000e-004	
1599	5.000000e-004	
1600	2.250000e-004	
1601	3.000000e-004	
1602	3.250000e-004	
1603	3.250000e-004	
1604	3.000000e-004	
1605	5.750000e-004	
1606	3.750000e-004	
1607	3.750000e-004	
1608	3.500000e-004	
1609	3.750000e-004	
1610	3.250000e-004	
1611	2.750000e-004	
1612	2.750000e-004	
1613	2.500000e-004	
1614	2.250000e-004	
1615	2.000000e-004	
1616	2.500000e-004	
1617	1.750000e-004	
1618	2.000000e-004	
1619	1.750000e-004	
1620	2.250000e-004	
1621	2.750000e-004	
1622	3.500000e-004	
1623	3.000000e-004	
1624	2.500000e-004	
1625	1.750000e-004	
1626	2.250000e-004	
1627	3.250000e-004	
1628	2.750000e-004	
1629	4.000000e-004	
1630	3.750000e-004	
1631	3.000000e-004	
1632	3.750000e-004	
1633	4.250000e-004	
1634	3.250000e-004	
1635	4.000000e-004	
1636	5.250000e-004	
1637	6.000000e-004	
1638	6.250000e-004	
1639	4.750000e-004	
1640	4.750000e-004	
1641	7.000000e-004	
1642	6.750000e-004	
1643	9.250000e-004	
1644	7.250000e-004	
1645	7.250000e-004	
1646	8.500000e-004	
1647	7.750000e-004	
1648	8.500000e-004	
1649	8.000000e-004	
1650	8.500000e-004	
1651	9.750000e-004	
1652	9.750000e-004	
1653	1.350000e-003	
1654	1.125000e-003	
1655	1.025000e-003	
1656	1.175000e-003	
1657	1.250000e-003	
1658	1.400000e-003	
1659	1.575000e-003	
1660	1.450000e-003	
1661	1.325000e-003	
1662	1.325000e-003	
1663	1.500000e-003	
1664	1.550000e-003	
1665	1.625000e-003	
1666	1.275000e-003	
1667	1.100000e-003	
1668	1.150000e-003	
1669	1.150000e-003	
1670	1.475000e-003	
1671	1.300000e-003	
1672	1.375000e-003	
1673	1.350000e-003	
1674	1.250000e-003	
1675	1.125000e-003	
1676	8.750000e-004	
1677	8.250000e-004	
1678	7.750000e-004	
1679	9.000000e-004	
1680	1.050000e-003	
1681	1.100000e-003	
1682	8.750000e-004	
1683	1.175000e-003	
1684	1.200000e-003	
1685	1.050000e-003	
1686	9.750000e-004	
1687	8.500000e-004	
1688	8.500000e-004	
1689	1.150000e-003	
1690	1.150000e-003	
1691	1.375000e-003	
1692	1.600000e-003	
1693	1.625000e-003	
1694	1.600000e-003	
1695	1.675000e-003	
1696	1.525000e-003	
1697	1.675000e-003	
1698	1.425000e-003	
1699	1.150000e-003	
1700	1.200000e-003	
1701	1.200000e-003	
1702	1.250000e-003	
1703	9.000000e-004	
1704	9.500000e-004	
1705	1.050000e-003	
1706	1.325000e-003	
1707	1.050000e-003	
1708	9.000000e-004	
1709	9.250000e-004	
1710	8.750000e-004	
1711	8.750000e-004	
1712	8.250000e-004	
1713	9.500000e-004	
1714	9.500000e-004	
1715	9.500000e-004	
1716	1.000000e-003	
1717	8.750000e-004	
1718	1.100000e-003	
1719	1.175000e-003	
1720	1.325000e-003	
1721	1.425000e-003	
1722	1.325000e-003	
1723	1.200000e-003	
1724	1.175000e-003	
1725	1.050000e-003	
1726	1.125000e-003	
1727	8.000000e-004	
1728	8.250000e-004	
1729	7.250000e-004	
1730	6.750000e-004	
1731	8.250000e-004	
1732	7.000000e-004	
1733	6.750000e-004	
1734	6.750000e-004	
1735	7.750000e-004	
1736	6.750000e-004	
1737	6.250000e-004	
1738	7.000000e-004	
1739	6.750000e-004	
1740	8.000000e-004	
1741	8.750000e-004	
1742	1.175000e-003	
1743	1.275000e-003	
1744	1.150000e-003	
1745	1.150000e-003	
1746	1.025000e-003	
1747	8.750000e-004	
1748	1.025000e-003	
1749	1.125000e-003	
1750	9.750000e-004	
1751	1.225000e-003	
1752	1.200000e-003	
1753	1.200000e-003	
1754	1.100000e-003	
1755	1.175000e-003	
1756	1.475000e-003	
1757	1.725000e-003	
1758	1.525000e-003	
1759	1.675000e-003	
1760	1.550000e-003	
1761	1.600000e-003	
1762	1.475000e-003	
1763	1.550000e-003	
1764	1.525000e-003	
1765	1.600000e-003	
1766	1.550000e-003	
1767	1.575000e-003	
1768	1.500000e-003	
1769	1.350000e-003	
1770	1.525000e-003	
1771	1.625000e-003	
1772	1.900000e-003	
1773	1.925000e-003	
1774	1.550000e-003	
1775	1.700000e-003	
1776	2.075000e-003	
1777	1.675000e-003	
1778	1.300000e-003	
1779	1.000000e-003	
1780	9.250000e-004	
1781	1.025000e-003	
1782	1.100000e-003	
1783	1.200000e-003	
1784	1.350000e-003	
1785	1.250000e-003	
1786	1.375000e-003	
1787	1.300000e-003	
1788	1.200000e-003	
1789	1.175000e-003	
1790	1.150000e-003	
1791	1.275000e-003	
1792	1.300000e-003	
1793	1.475000e-003	
1794	1.225000e-003	
1795	1.000000e-003	
1796	1.150000e-003	
1797	1.425000e-003	
1798	1.500000e-003	
1799	1.875000e-003	
1800	1.625000e-003	
1801	1.300000e-003	
1802	1.300000e-003	
1803	1.350000e-003	
1804	1.175000e-003	
1805	1.175000e-003	
1806	1.300000e-003	
1807	1.575000e-003	
1808	1.750000e-003	
1809	1.650000e-003	
1810	1.900000e-003	
1811	1.625000e-003	
1812	1.350000e-003	
1813	1.500000e-003	
1814	1.150000e-003	
1815	1.475000e-003	
1816	1.450000e-003	
1817	1.575000e-003	
1818	1.650000e-003	
1819	1.500000e-003	
1820	1.775000e-003	
1821	1.675000e-003	
1822	1.950000e-003	
1823	1.900000e-003	
1824	1.750000e-003	
1825	1.900000e-003	
1826	1.600000e-003	
1827	1.700000e-003	
1828	2.075000e-003	
1829	1.800000e-003	
1830	1.625000e-003	
1831	1.625000e-003	
1832	1.625000e-003	
1833	1.700000e-003	
1834	1.975000e-003	
1835	2.000000e-003	
1836	1.775000e-003	
1837	1.575000e-003	
1838	1.850000e-003	
1839	1.825000e-003	
1840	1.850000e-003	
1841	1.925000e-003	
1842	1.875000e-003	
1843	2.025000e-003	
1844	1.950000e-003	
1845	2.250000e-003	
1846	2.150000e-003	
1847	2.575000e-003	
1848	2.225000e-003	
1849	2.125000e-003	
1850	2.075000e-003	
1851	1.800000e-003	
1852	1.825000e-003	
1853	1.800000e-003	
1854	2.050000e-003	
1855	1.825000e-003	
1856	1.625000e-003	
1857	1.350000e-003	
1858	1.050000e-003	
1859	9.500000e-004	
1860	1.050000e-003	
1861	8.750000e-004	
1862	1.150000e-003	
1863	1.275000e-003	
1864	1.075000e-003	
1865	1.100000e-003	
1866	1.050000e-003	
1867	1.250000e-003	
1868	1.250000e-003	
1869	1.200000e-003	
1870	1.100000e-003	
1871	1.350000e-003	
1872	1.500000e-003	
1873	1.500000e-003	
1874	1.225000e-003	
1875	1.375000e-003	
1876	1.375000e-003	
1877	1.075000e-003	
1878	1.025000e-003	
1879	8.500000e-004	
1880	6.750000e-004	
1881	7.000000e-004	
1882	8.500000e-004	
1883	9.750000e-004	
1884	9.250000e-004	
1885	8.500000e-004	
1886	9.750000e-004	
1887	8.750000e-004	
1888	8.750000e-004	
1889	7.500000e-004	
1890	9.000000e-004	
1891	9.000000e-004	
1892	8.750000e-004	
1893	7.750000e-004	
1894	1.125000e-003	
1895	1.375000e-003	
1896	1.150000e-003	
1897	1.075000e-003	
1898	9.250000e-004	
1899	1.025000e-003	
1900	1.050000e-003	
1901	9.000000e-004	
1902	6.000000e-004	
1903	6.250000e-004	
1904	6.750000e-004	
1905	6.250000e-004	
1906	6.500000e-004	
1907	6.750000e-004	
1908	4.250000e-004	
1909	5.250000e-004	
1910	3.500000e-004	
1911	2.750000e-004	
1912	1.250000e-004	
1913	2.750000e-004	
1914	3.500000e-004	
1915	4.000000e-004	
1916	5.250000e-004	
1917	5.750000e-004	
1918	4.750000e-004	
1919	3.250000e-004	
1920	2.750000e-004	
1921	2.750000e-004	
1922	3.000000e-004	
1923	2.000000e-004	
1924	2.750000e-004	
1925	2.000000e-004	
1926	3.000000e-004	
1927	2.250000e-004	
1928	2.500000e-004	
1929	2.250000e-004	
1930	1.500000e-004	
1931	7.500000e-005	
1932	1.000000e-004	
1933	5.000000e-005	
1934	2.500000e-005	
1935	0	
1936	0	
1937	0	
1938	0	
1939	0	
1940	0	
1941	0	
1942	0	
1943	0	
1944	2.500000e-005	
1945	0	
1946	0	
1947	0	
1948	0	
1949	0	
1950	0	
1951	0	
1952	0	
1953	0	
1954	0	
1955	0	
1956	0	
1957	0	
1958	0	
1959	0	
1960	0	
1961	0	
1962	0	
1963	0	
1964	0	
1965	0	
1966	0	
1967	0	
1968	0	
1969	0	
1970	2.500000e-005	
1971	7.500000e-005	
1972	5.000000e-005	
1973	0	
1974	0	
1975	0	
1976	0	
1977	0	
1978	0	
1979	0	
1980	0	
1981	0	
1982	0	
1983	0	
1984	0	
1985	0	
1986	0	
1987	0	
1988	2.500000e-005	
1989	2.500000e-005	
1990	5.000000e-005	
1991	5.000000e-005	
1992	5.000000e-005	
1993	5.000000e-005	
1994	7.500000e-005	
1995	7.500000e-005	
1996	7.500000e-005	
1997	7.500000e-005	
1998	2.500000e-005	
1999	0	
2000	0	
2001	0	
2002	0	
2003	0	
2004	0	
2005	0	
2006	0	
2007	0	
2008	0	
2009	0	
2010	0	
2011	0	
2012	0	
2013	0	
2014	0	
2015	0	
2016	0	
2017	0	
2018	0	
2019	0	
2020	0	
2021	0	
2022	0	
2023	0	
2024	0	
2025	0	
2026	0	
2027	0	
2028	0	
2029	0	
2030	0	
2031	0	
2032	0	
2033	0	
2034	0	
2035	0	
2036	0	
2037	5.000000e-005	
2038	1.000000e-004	
2039	5.000000e-005	
2040	0	
2041	0	
2042	0	
2043	0	
2044	0	
2045	0	
2046	0	
2047	0	
2048	0	
2049	0	
2050	0	
2051	0	
2052	0	
2053	0	
2054	0	
2055	0	
2056	0	
2057	0	
2058	0	
2059	0	
2060	0	
2061	0	
2062	0	
2063	0	
2064	0	
2065	2.500000e-005	
2066	2.500000e-005	
2067	7.500000e-005	
2068	7.500000e-005	
2069	7.500000e-005	
2070	7.500000e-005	
2071	5.000000e-005	
2072	0	
2073	0	
2074	0	
2075	0	
2076	0	
2077	0	
2078	0	
2079	0	
2080	0	
2081	0	
2082	0	
2083	0	
2084	0	
2085	0	
2086	0	
2087	0	
2088	0	
2089	0	
2090	0	
2091	0	
2092	0	
2093	0	
2094	0	
2095	0	
2096	0	
2097	0	
2098	0	
2099	0	
2100	0	
2101	0	
2102	0	
2103	0	
2104	0	
2105	0	
2106	0	
2107	0	
2108	0	
2109	0	
2110	0	
2111	0	
2112	0	
2113	0	
2114	0	
2115	0	
2116	0	
2117	0	
2118	0	
2119	0	
2120	0	
2121	0	
2122	0	
2123	0	
2124	0	
2125	0	
2126	0	
2127	0	
2128	0	
2129	0	
2130	0	
2131	0	
2132	0	
2133	0	
2134	0	
2135	0	
2136	2.500000e-005	
2137	2.500000e-005	
2138	5.000000e-005	
2139	1.000000e-004	
2140	1.000000e-004	
2141	2.000000e-004	
2142	2.250000e-004	
2143	2.000000e-004	
2144	2.750000e-004	
2145	2.500000e-004	
2146	2.500000e-004	
2147	3.250000e-004	
2148	2.750000e-004	
2149	4.250000e-004	
2150	3.000000e-004	
2151	2.750000e-004	
2152	2.250000e-004	
2153	2.500000e-004	
2154	2.250000e-004	
2155	2.500000e-004	
2156	1.750000e-004	
2157	2.500000e-004	
2158	2.000000e-004	
2159	2.750000e-004	
2160	3.500000e-004	
2161	2.250000e-004	
2162	1.250000e-004	
2163	1.500000e-004	
2164	1.750000e-004	
2165	2.000000e-004	
2166	2.500000e-004	
2167	2.500000e-004	
2168	3.000000e-004	
2169	3.250000e-004	
2170	4.500000e-004	
2171	4.000000e-004	
2172	6.750000e-004	
2173	6.500000e-004	
2174	6.000000e-004	
2175	5.250000e-004	
2176	6.000000e-004	
2177	5.000000e-004	
2178	6.250000e-004	
2179	4.750000e-004	
2180	3.500000e-004	
2181	3.250000e-004	
2182	4.500000e-004	
2183	6.250000e-004	
2184	6.000000e-004	
2185	4.250000e-004	
2186	6.750000e-004	
2187	6.000000e-004	
2188	6.000000e-004	
2189	8.000000e-004	
2190	7.250000e-004	
2191	9.500000e-004	
2192	1.025000e-003	
2193	8.750000e-004	
2194	1.000000e-003	
2195	1.050000e-003	
2196	9.000000e-004	
2197	8.500000e-004	
2198	1.075000e-003	
2199	1.300000e-003	
2200	1.025000e-003	
2201	9.750000e-004	
2202	1.000000e-003	
2203	1.000000e-003	
2204	7.250000e-004	
2205	8.750000e-004	
2206	1.275000e-003	
2207	1.350000e-003	
2208	1.450000e-003	
2209	1.350000e-003	
2210	1.100000e-003	
2211	1.125000e-003	
2212	1.350000e-003	
2213	1.200000e-003	
2214	9.500000e-004	
2215	1.100000e-003	
2216	9.750000e-004	
2217	1.200000e-003	
2218	1.325000e-003	
2219	1.025000e-003	
2220	1.325000e-003	
2221	1.400000e-003	
2222	1.600000e-003	
2223	1.475000e-003	
2224	1.550000e-003	
2225	1.700000e-003	
2226	1.675000e-003	
2227	1.650000e-003	
2228	1.850000e-003	
2229	1.750000e-003	
2230	1.750000e-003	
2231	2.225000e-003	
2232	2.275000e-003	
2233	2.275000e-003	
2234	2.275000e-003	
2235	2.425000e-003	
2236	2.700000e-003	
2237	2.975000e-003	
2238	3.175000e-003	
2239	2.825000e-003	
2240	2.975000e-003	
2241	2.950000e-003	
2242	3.200000e-003	
2243	2.700000e-003	
2244	2.875000e-003	
2245	3.200000e-003	
2246	2.950000e-003	
2247	3.175000e-003	
2248	3.275000e-003	
2249	3.275000e-003	
2250	2.925000e-003	
2251	2.500000e-003	
2252	2.675000e-003	
2253	2.800000e-003	
2254	2.625000e-003	
2255	3.000000e-003	
2256	3.050000e-003	
2257	2.900000e-003	
2258	3.100000e-003	
2259	2.625000e-003	
2260	2.250000e-003	
2261	2.200000e-003	
2262	2.275000e-003	
2263	2.750000e-003	
2264	2.675000e-003	
2265	2.950000e-003	
2266	3.350000e-003	
2267	3.600000e-003	
2268	3.850000e-003	
2269	3.800000e-003	
2270	3.675000e-003	
2271	4.100000e-003	
2272	4.225000e-003	
2273	3.725000e-003	
2274	4.050000e-003	
2275	3.450000e-003	
2276	3.425000e-003	
2277	3.625000e-003	
2278	4.150000e-003	
2279	3.825000e-003	
2280	3.350000e-003	
2281	2.875000e-003	
2282	2.850000e-003	
2283	2.625000e-003	
2284	2.950000e-003	
2285	2.825000e-003	
2286	3.025000e-003	
2287	2.825000e-003	
2288	2.650000e-003	
2289	2.850000e-003	
2290	2.900000e-003	
2291	2.825000e-003	
2292	3.200000e-003	
2293	2.700000e-003	
2294	2.750000e-003	
2295	3.075000e-003	
2296	2.775000e-003	
2297	2.900000e-003	
2298	2.950000e-003	
2299	2.950000e-003	
2300	2.850000e-003	
2301	2.875000e-003	
2302	2.900000e-003	
2303	2.325000e-003	
2304	2.500000e-003	
2305	1.875000e-003	
2306	1.825000e-003	
2307	1.525000e-003	
2308	1.225000e-003	
2309	1.125000e-003	
2310	1.075000e-003	
2311	1.325000e-003	
2312	1.250000e-003	
2313	1.400000e-003	
2314	1.225000e-003	
2315	1.350000e-003	
2316	1.475000e-003	
2317	1.350000e-003	
2318	1.300000e-003	
2319	1.300000e-003	
2320	1.200000e-003	
2321	1.325000e-003	
2322	1.225000e-003	
2323	1.200000e-003	
2324	1.250000e-003	
2325	1.075000e-003	
2326	9.000000e-004	
2327	9.000000e-004	
2328	8.000000e-004	
2329	7.500000e-004	
2330	7.000000e-004	
2331	7.250000e-004	
2332	6.000000e-004	
2333	8.250000e-004	
2334	7.250000e-004	
2335	8.500000e-004	
2336	1.025000e-003	
2337	1.075000e-003	
2338	1.075000e-003	
2339	9.750000e-004	
2340	1.075000e-003	
2341	8.500000e-004	
2342	8.250000e-004	
2343	6.250000e-004	
2344	7.250000e-004	
2345	5.000000e-004	
2346	4.000000e-004	
2347	2.250000e-004	
2348	1.750000e-004	
2349	2.500000e-004	
2350	3.500000e-004	
2351	2.500000e-004	
2352	2.000000e-004	
2353	1.000000e-004	
2354	5.000000e-005	
2355	7.500000e-005	
2356	7.500000e-005	
2357	1.000000e-004	
2358	1.500000e-004	
2359	1.000000e-004	
2360	1.250000e-004	
2361	1.000000e-004	
2362	1.750000e-004	
2363	1.750000e-004	
2364	1.250000e-004	
2365	1.750000e-004	
2366	1.250000e-004	
2367	2.500000e-004	
2368	2.500000e-004	
2369	3.250000e-004	
2370	3.000000e-004	
2371	3.500000e-004	
2372	4.500000e-004	
2373	5.250000e-004	
2374	5.250000e-004	
2375	5.750000e-004	
2376	5.250000e-004	
2377	8.000000e-004	
2378	8.250000e-004	
2379	4.750000e-004	
2380	6.000000e-004	
2381	7.250000e-004	
2382	6.500000e-004	
2383	5.250000e-004	
2384	5.250000e-004	
2385	5.000000e-004	
2386	5.000000e-004	
2387	4.750000e-004	
2388	3.750000e-004	
2389	4.750000e-004	
2390	4.500000e-004	
2391	4.250000e-004	
2392	4.000000e-004	
2393	3.250000e-004	
2394	4.500000e-004	
2395	5.750000e-004	
2396	5.250000e-004	
2397	6.000000e-004	
2398	4.250000e-004	
2399	4.500000e-004	
2400	4.500000e-004	
2401	4.250000e-004	
2402	6.000000e-004	
2403	8.500000e-004	
2404	5.500000e-004	
2405	5.750000e-004	
2406	3.750000e-004	
2407	3.500000e-004	
2408	3.750000e-004	
2409	3.000000e-004	
2410	3.000000e-004	
2411	3.000000e-004	
2412	3.000000e-004	
2413	2.750000e-004	
2414	7.500000e-005	
2415	7.500000e-005	
2416	5.000000e-005	
2417	1.000000e-004	
2418	1.250000e-004	
2419	5.000000e-005	
2420	5.000000e-005	
2421	5.000000e-005	
2422	1.250000e-004	
2423	0	
2424	0	
2425	2.500000e-005	
2426	2.500000e-005	
2427	0	
2428	0	
2429	0	
2430	0	
2431	0	
2432	0	
2433	0	
2434	0	
2435	0	
2436	0	
2437	0	
2438	0	
2439	2.500000e-005	
2440	5.000000e-005	
2441	1.000000e-004	
2442	7.500000e-005	
2443	1.250000e-004	
2444	1.500000e-004	
2445	7.500000e-005	
2446	1.000000e-004	
2447	7.500000e-005	
2448	5.000000e-005	
2449	0	
2450	2.500000e-005	
2451	2.500000e-005	
2452	2.500000e-005	
2453	5.000000e-005	
2454	2.500000e-005	
2455	0	
2456	0	
2457	0	
2458	0	
2459	0	
2460	0	
2461	0	
2462	0	
2463	0	
2464	0	
2465	0	
2466	2.500000e-005	
2467	0	
2468	0	
2469	0	
2470	0	
2471	0	
2472	0	
2473	0	
2474	0	
2475	0	
2476	0	
2477	0	
2478	0	
2479	0	
2480	0	
2481	2.500000e-005	
2482	2.500000e-005	
2483	0	
2484	0	
2485	0	
2486	0	
2487	0	
2488	0	
2489	0	
2490	0	
2491	0	
2492	0	
2493	0	
2494	2.500000e-005	
2495	7.500000e-005	
2496	1.000000e-004	
2497	2.500000e-005	
2498	0	
2499	0	
2500	0	
2501	2.500000e-005	
2502	7.500000e-005	
2503	1.000000e-004	
2504	2.500000e-005	
2505	2.500000e-005	
2506	2.500000e-005	
2507	2.500000e-005	
2508	5.000000e-005	
2509	7.500000e-005	
2510	5.000000e-005	
2511	0	
2512	0	
2513	0	
2514	0	
2515	0	
2516	0	
2517	0	
2518	0	
2519	0	
2520	0	
2521	0	
2522	0	
2523	0	
2524	0	
2525	0	
2526	2.500000e-005	
2527	5.000000e-005	
2528	2.500000e-005	
2529	2.500000e-005	
2530	0	
2531	0	
2532	0	
2533	0	
2534	0	
2535	2.500000e-005	
2536	1.000000e-004	
2537	1.000000e-004	
2538	5.000000e-005	
2539	5.000000e-005	
2540	7.500000e-005	
2541	7.500000e-005	
2542	7.500000e-005	
2543	1.500000e-004	
2544	7.500000e-005	
2545	7.500000e-005	
2546	1.500000e-004	
2547	2.750000e-004	
2548	2.000000e-004	
2549	2.000000e-004	
2550	1.750000e-004	
2551	2.000000e-004	
2552	2.500000e-004	
2553	2.750000e-004	
2554	1.750000e-004	
2555	1.750000e-004	
2556	2.750000e-004	
2557	3.500000e-004	
2558	4.500000e-004	
2559	5.750000e-004	
2560	4.500000e-004	
2561	5.750000e-004	
2562	3.750000e-004	
2563	3.000000e-004	
2564	3.750000e-004	
2565	3.750000e-004	
2566	4.000000e-004	
2567	4.250000e-004	
2568	4.500000e-004	
2569	4.750000e-004	
2570	6.500000e-004	
2571	3.250000e-004	
2572	3.750000e-004	
2573	4.500000e-004	
2574	2.500000e-004	
2575	4.000000e-004	
2576	3.000000e-004	
2577	2.250000e-004	
2578	3.000000e-004	
2579	2.750000e-004	
2580	2.250000e-004	
2581	1.750000e-004	
2582	2.250000e-004	
2583	2.250000e-004	
2584	2.000000e-004	
2585	2.250000e-004	
2586	2.500000e-004	
2587	1.500000e-004	
2588	1.500000e-004	
2589	1.250000e-004	
2590	1.500000e-004	
2591	2.500000e-004	
2592	2.500000e-004	
2593	2.250000e-004	
2594	2.000000e-004	
2595	2.000000e-004	
2596	1.500000e-004	
2597	3.000000e-004	
2598	3.250000e-004	
2599	4.750000e-004	
2600	6.000000e-004	
2601	5.250000e-004	
2602	5.000000e-004	
2603	5.000000e-004	
2604	1.000000e-003	
2605	7.000000e-004	
2606	7.000000e-004	
2607	5.750000e-004	
2608	4.250000e-004	
2609	5.000000e-004	
2610	4.750000e-004	
2611	5.250000e-004	
2612	5.000000e-004	
2613	6.000000e-004	
2614	6.000000e-004	
2615	5.500000e-004	
2616	5.000000e-004	
2617	5.500000e-004	
2618	6.250000e-004	
2619	5.500000e-004	
2620	6.750000e-004	
2621	5.500000e-004	
2622	3.500000e-004	
2623	2.250000e-004	
2624	1.500000e-004	
2625	1.250000e-004	
2626	1.750000e-004	
2627	3.000000e-004	
2628	3.750000e-004	
2629	4.750000e-004	
2630	5.750000e-004	
2631	5.750000e-004	
2632	6.750000e-004	
2633	6.000000e-004	
2634	5.000000e-004	
2635	5.750000e-004	
2636	5.750000e-004	
2637	6.250000e-004	
2638	7.500000e-004	
2639	8.250000e-004	
2640	9.000000e-004	
2641	1.050000e-003	
2642	8.000000e-004	
2643	1.125000e-003	
2644	8.750000e-004	
2645	1.125000e-003	
2646	1.250000e-003	
2647	1.150000e-003	
2648	1.400000e-003	
2649	1.325000e-003	
2650	1.200000e-003	
2651	1.175000e-003	
2652	1.200000e-003	
2653	1.225000e-003	
2654	1.125000e-003	
2655	8.500000e-004	
2656	8.250000e-004	
2657	9.500000e-004	
2658	1.325000e-003	
2659	1.175000e-003	
2660	1.075000e-003	
2661	9.250000e-004	
2662	1.000000e-003	
2663	9.750000e-004	
2664	1.000000e-003	
2665	1.250000e-003	
2666	1.250000e-003	
2667	1.325000e-003	
2668	1.075000e-003	
2669	9.750000e-004	
2670	9.250000e-004	
2671	1.075000e-003	
2672	1.225000e-003	
2673	1.225000e-003	
2674	1.325000e-003	
2675	1.450000e-003	
2676	1.350000e-003	
2677	1.300000e-003	
2678	1.200000e-003	
2679	1.125000e-003	
2680	1.350000e-003	
2681	1.150000e-003	
2682	9.500000e-004	
2683	1.000000e-003	
2684	1.075000e-003	
2685	1.175000e-003	
2686	1.125000e-003	
2687	1.225000e-003	
2688	8.250000e-004	
2689	7.500000e-004	
2690	7.500000e-004	
2691	8.500000e-004	
2692	7.500000e-004	
2693	9.250000e-004	
2694	9.250000e-004	
2695	8.000000e-004	
2696	8.500000e-004	
2697	7.750000e-004	
2698	6.500000e-004	
2699	6.000000e-004	
2700	6.000000e-004	
2701	5.500000e-004	
2702	6.000000e-004	
2703	5.000000e-004	
2704	4.750000e-004	
2705	6.750000e-004	
2706	6.500000e-004	
2707	6.750000e-004	
2708	7.500000e-004	
2709	7.250000e-004	
2710	8.250000e-004	
2711	8.250000e-004	
2712	9.750000e-004	
2713	1.225000e-003	
2714	1.475000e-003	
2715	1.625000e-003	
2716	1.750000e-003	
2717	1.750000e-003	
2718	1.750000e-003	
2719	1.625000e-003	
2720	1.400000e-003	
2721	1.475000e-003	
2722	1.475000e-003	
2723	1.450000e-003	
2724	1.725000e-003	
2725	1.700000e-003	
2726	1.700000e-003	
2727	1.525000e-003	
2728	1.325000e-003	
2729	1.200000e-003	
2730	1.050000e-003	
2731	1.075000e-003	
2732	1.275000e-003	
2733	1.175000e-003	
2734	1.000000e-003	
2735	1.100000e-003	
2736	1.050000e-003	
2737	1.400000e-003	
2738	1.600000e-003	
2739	1.600000e-003	
2740	1.250000e-003	
2741	1.225000e-003	
2742	9.250000e-004	
2743	8.250000e-004	
2744	6.250000e-004	
2745	6.750000e-004	
2746	6.000000e-004	
2747	6.250000e-004	
2748	6.750000e-004	
2749	6.000000e-004	
2750	6.750000e-004	
2751	5.750000e-004	
2752	5.250000e-004	
2753	4.000000e-004	
2754	4.500000e-004	
2755	5.250000e-004	
2756	4.750000e-004	
2757	4.250000e-004	
2758	5.250000e-004	
2759	5.500000e-004	
2760	6.000000e-004	
2761	6.750000e-004	
2762	9.000000e-004	
2763	6.000000e-004	
2764	7.250000e-004	
2765	6.000000e-004	
2766	4.000000e-004	
2767	4.500000e-004	
2768	4.250000e-004	
2769	4.250000e-004	
2770	4.750000e-004	
2771	5.250000e-004	
2772	6.250000e-004	
2773	6.250000e-004	
2774	6.000000e-004	
2775	7.500000e-004	
2776	7.750000e-004	
2777	7.750000e-004	
2778	6.750000e-004	
2779	6.750000e-004	
2780	8.250000e-004	
2781	6.500000e-004	
2782	5.500000e-004	
2783	6.750000e-004	
2784	7.750000e-004	
2785	6.750000e-004	
2786	7.250000e-004	
2787	8.500000e-004	
2788	9.500000e-004	
2789	7.250000e-004	
2790	7.750000e-004	
2791	9.000000e-004	
2792	9.500000e-004	
2793	9.250000e-004	
2794	8.750000e-004	
2795	1.025000e-003	
2796	1.150000e-003	
2797	1.075000e-003	
2798	9.500000e-004	
2799	1.050000e-003	
2800	1.175000e-003	
2801	1.375000e-003	
2802	1.350000e-003	
2803	1.450000e-003	
2804	1.375000e-003	
2805	1.275000e-003	
2806	1.350000e-003	
2807	1.300000e-003	
2808	1.325000e-003	
2809	1.475000e-003	
2810	1.625000e-003	
2811	1.800000e-003	
2812	1.825000e-003	
2813	1.875000e-003	
2814	2.000000e-003	
2815	1.975000e-003	
2816	1.975000e-003	
2817	2.125000e-003	
2818	2.000000e-003	
2819	2.025000e-003	
2820	1.850000e-003	
2821	1.800000e-003	
2822	2.275000e-003	
2823	2.150000e-003	
2824	2.175000e-003	
2825	2.175000e-003	
2826	2.475000e-003	
2827	2.150000e-003	
2828	2.150000e-003	
2829	2.200000e-003	
2830	2.450000e-003	
2831	2.425000e-003	
2832	2.125000e-003	
2833	2.025000e-003	
2834	2.175000e-003	
2835	1.850000e-003	
2836	2.325000e-003	
2837	2.275000e-003	
2838	2.275000e-003	
2839	2.675000e-003	
2840	1.850000e-003	
2841	2.225000e-003	
2842	2.300000e-003	
2843	2.450000e-003	
2844	2.275000e-003	
2845	2.425000e-003	
2846	2.075000e-003	
2847	2.025000e-003	
2848	1.825000e-003	
2849	1.950000e-003	
2850	1.725000e-003	
2851	1.625000e-003	
2852	1.500000e-003	
2853	1.600000e-003	
2854	1.500000e-003	
2855	1.475000e-003	
2856	1.500000e-003	
2857	1.825000e-003	
2858	2.125000e-003	
2859	1.625000e-003	
2860	1.250000e-003	
2861	1.575000e-003	
2862	1.575000e-003	
2863	1.525000e-003	
2864	1.375000e-003	
2865	1.400000e-003	
2866	1.400000e-003	
2867	1.150000e-003	
2868	9.250000e-004	
2869	8.500000e-004	
2870	8.000000e-004	
2871	6.750000e-004	
2872	1.000000e-003	
2873	8.250000e-004	
2874	7.750000e-004	
2875	7.250000e-004	
2876	7.000000e-004	
2877	8.750000e-004	
2878	9.000000e-004	
2879	9.750000e-004	
2880	1.050000e-003	
2881	1.000000e-003	
2882	8.250000e-004	
2883	8.750000e-004	
2884	7.500000e-004	
2885	7.250000e-004	
2886	7.500000e-004	
2887	6.250000e-004	
2888	7.250000e-004	
2889	7.250000e-004	
2890	6.750000e-004	
2891	5.750000e-004	
2892	5.500000e-004	
2893	5.250000e-004	
2894	5.750000e-004	
2895	3.500000e-004	
2896	5.000000e-004	
2897	5.750000e-004	
2898	6.750000e-004	
2899	6.500000e-004	
2900	6.000000e-004	
2901	6.250000e-004	
2902	6.750000e-004	
2903	6.000000e-004	
2904	4.250000e-004	
2905	5.750000e-004	
2906	3.500000e-004	
2907	2.750000e-004	
2908	2.500000e-004	
2909	2.500000e-004	
2910	4.500000e-004	
2911	3.750000e-004	
2912	4.750000e-004	
2913	4.250000e-004	
2914	3.000000e-004	
2915	1.500000e-004	
2916	2.500000e-004	
2917	2.500000e-004	
2918	2.500000e-004	
2919	3.500000e-004	
2920	3.500000e-004	
2921	2.500000e-004	
2922	1.750000e-004	
2923	1.500000e-004	
2924	1.250000e-004	
2925	1.000000e-004	
2926	1.250000e-004	
2927	1.500000e-004	
2928	1.750000e-004	
2929	1.250000e-004	
2930	1.000000e-004	
2931	1.500000e-004	
2932	7.500000e-005	
2933	5.000000e-005	
2934	2.500000e-005	
2935	0	
2936	0	
2937	0	
2938	0	
2939	2.500000e-005	
2940	5.000000e-005	
2941	5.000000e-005	
2942	7.500000e-005	
2943	7.500000e-005	
2944	5.000000e-005	
2945	2.500000e-005	
2946	5.000000e-005	
2947	7.500000e-005	
2948	5.000000e-005	
2949	1.000000e-004	
2950	1.500000e-004	
2951	1.250000e-004	
2952	2.250000e-004	
2953	2.000000e-004	
2954	2.000000e-004	
2955	2.000000e-004	
2956	1.750000e-004	
2957	2.750000e-004	
2958	2.500000e-004	
2959	2.250000e-004	
2960	1.250000e-004	
2961	1.500000e-004	
2962	1.750000e-004	
2963	5.000000e-005	
2964	5.000000e-005	
2965	2.500000e-005	
2966	2.500000e-005	
2967	2.500000e-005	
2968	7.500000e-005	
2969	1.250000e-004	
2970	7.500000e-005	
2971	5.000000e-005	
2972	2.500000e-005	
2973	0	
2974	0	
2975	0	
2976	0	
2977	0	
2978	0	
2979	0	
2980	0	
2981	0	
2982	0	
2983	0	
2984	0	
2985	0	
2986	0	
2987	0	
2988	0	
2989	0	
2990	0	
2991	0	
2992	0	
2993	0	
2994	0	
2995	0	
2996	0	
2997	0	
2998	0	
2999	2.500000e-005	
3000	5.000000e-005	
3001	1.500000e-004	
