1	0	
2	2.500000e-005	
3	1.500000e-004	
4	2.000000e-004	
5	4.000000e-004	
6	3.750000e-004	
7	5.500000e-004	
8	6.500000e-004	
9	7.250000e-004	
10	9.750000e-004	
11	9.500000e-004	
12	1.225000e-003	
13	1.525000e-003	
14	1.625000e-003	
15	1.725000e-003	
16	1.725000e-003	
17	2.075000e-003	
18	2.400000e-003	
19	2.725000e-003	
20	3.375000e-003	
21	3.675000e-003	
22	4.175000e-003	
23	4.100000e-003	
24	3.300000e-003	
25	3.450000e-003	
26	3.850000e-003	
27	3.750000e-003	
28	3.975000e-003	
29	4.275000e-003	
30	4.700000e-003	
31	4.800000e-003	
32	5.025000e-003	
33	4.925000e-003	
34	4.700000e-003	
35	5.175000e-003	
36	5.300000e-003	
37	5.650000e-003	
38	5.850000e-003	
39	6.100000e-003	
40	5.500000e-003	
41	5.850000e-003	
42	5.725000e-003	
43	5.775000e-003	
44	5.550000e-003	
45	6.025000e-003	
46	5.875000e-003	
47	5.875000e-003	
48	6.025000e-003	
49	6.475000e-003	
50	6.625000e-003	
51	6.600000e-003	
52	6.525000e-003	
53	6.700000e-003	
54	6.675000e-003	
55	7.125000e-003	
56	6.600000e-003	
57	7.175000e-003	
58	6.875000e-003	
59	6.450000e-003	
60	6.425000e-003	
61	7.000000e-003	
62	6.950000e-003	
63	6.350000e-003	
64	6.075000e-003	
65	6.600000e-003	
66	6.550000e-003	
67	6.675000e-003	
68	6.825000e-003	
69	6.325000e-003	
70	5.875000e-003	
71	6.600000e-003	
72	7.050000e-003	
73	7.150000e-003	
74	7.625000e-003	
75	7.675000e-003	
76	7.350000e-003	
77	7.225000e-003	
78	7.350000e-003	
79	7.550000e-003	
80	7.125000e-003	
81	6.725000e-003	
82	5.450000e-003	
83	5.825000e-003	
84	5.750000e-003	
85	6.000000e-003	
86	6.350000e-003	
87	5.225000e-003	
88	5.175000e-003	
89	4.600000e-003	
90	4.800000e-003	
91	4.475000e-003	
92	4.675000e-003	
93	4.175000e-003	
94	3.975000e-003	
95	4.575000e-003	
96	4.300000e-003	
97	4.300000e-003	
98	4.200000e-003	
99	3.575000e-003	
100	3.675000e-003	
101	3.975000e-003	
102	4.250000e-003	
103	3.750000e-003	
104	3.700000e-003	
105	3.525000e-003	
106	3.625000e-003	
107	3.125000e-003	
108	2.225000e-003	
109	2.000000e-003	
110	1.500000e-003	
111	1.425000e-003	
112	1.075000e-003	
113	7.000000e-004	
114	5.250000e-004	
115	8.250000e-004	
116	5.000000e-004	
117	2.500000e-005	
118	0	
119	0	
120	0	
121	0	
122	0	
123	0	
124	0	
125	0	
126	0	
127	0	
128	0	
129	0	
130	0	
131	0	
132	0	
133	0	
134	0	
135	0	
136	0	
137	0	
138	0	
139	0	
140	0	
141	0	
142	0	
143	0	
144	0	
145	0	
146	0	
147	0	
148	0	
149	0	
150	0	
151	0	
152	0	
153	0	
154	0	
155	0	
156	0	
157	0	
158	0	
159	0	
160	0	
161	0	
162	0	
163	0	
164	0	
165	0	
166	0	
167	0	
168	0	
169	0	
170	0	
171	0	
172	0	
173	0	
174	0	
175	0	
176	0	
177	0	
178	0	
179	0	
180	0	
181	0	
182	0	
183	0	
184	0	
185	0	
186	0	
187	0	
188	0	
189	0	
190	0	
191	0	
192	2.500000e-005	
193	2.500000e-005	
194	0	
195	0	
196	0	
197	0	
198	0	
199	0	
200	0	
201	0	
202	0	
203	0	
204	0	
205	0	
206	0	
207	0	
208	0	
209	0	
210	0	
211	0	
212	0	
213	0	
214	0	
215	0	
216	0	
217	0	
218	0	
219	0	
220	0	
221	0	
222	0	
223	0	
224	0	
225	0	
226	0	
227	0	
228	0	
229	0	
230	0	
231	0	
232	0	
233	0	
234	0	
235	0	
236	2.500000e-005	
237	2.500000e-005	
238	0	
239	0	
240	0	
241	0	
242	0	
243	0	
244	0	
245	0	
246	0	
247	0	
248	0	
249	2.500000e-005	
250	5.000000e-005	
251	0	
252	0	
253	0	
254	0	
255	0	
256	0	
257	0	
258	0	
259	0	
260	0	
261	0	
262	0	
263	0	
264	0	
265	0	
266	0	
267	0	
268	0	
269	0	
270	0	
271	0	
272	0	
273	0	
274	0	
275	0	
276	0	
277	0	
278	0	
279	0	
280	0	
281	0	
282	0	
283	0	
284	0	
285	0	
286	0	
287	0	
288	0	
289	0	
290	0	
291	0	
292	0	
293	0	
294	0	
295	0	
296	0	
297	0	
298	0	
299	0	
300	0	
301	0	
302	0	
303	0	
304	0	
305	0	
306	0	
307	0	
308	0	
309	0	
310	0	
311	0	
312	0	
313	0	
314	0	
315	0	
316	0	
317	0	
318	0	
319	0	
320	0	
321	0	
322	0	
323	2.500000e-005	
324	5.000000e-005	
325	5.000000e-005	
326	0	
327	0	
328	0	
329	0	
330	0	
331	0	
332	0	
333	0	
334	0	
335	0	
336	0	
337	0	
338	0	
339	0	
340	0	
341	0	
342	2.500000e-005	
343	2.500000e-005	
344	2.500000e-005	
345	7.500000e-005	
346	2.500000e-005	
347	2.500000e-005	
348	0	
349	2.500000e-005	
350	0	
351	2.500000e-005	
352	2.500000e-005	
353	5.000000e-005	
354	2.500000e-005	
355	2.500000e-005	
356	2.500000e-005	
357	5.000000e-005	
358	2.500000e-005	
359	0	
360	0	
361	0	
362	0	
363	0	
364	0	
365	0	
366	0	
367	0	
368	0	
369	0	
370	0	
371	0	
372	0	
373	0	
374	0	
375	0	
376	0	
377	0	
378	0	
379	0	
380	0	
381	0	
382	0	
383	0	
384	0	
385	0	
386	0	
387	0	
388	0	
389	0	
390	0	
391	0	
392	0	
393	0	
394	0	
395	0	
396	0	
397	0	
398	0	
399	0	
400	0	
401	2.500000e-005	
402	5.000000e-005	
403	2.500000e-005	
404	2.500000e-005	
405	2.500000e-005	
406	0	
407	0	
408	0	
409	0	
410	0	
411	2.500000e-005	
412	7.500000e-005	
413	2.500000e-005	
414	2.500000e-005	
415	2.500000e-005	
416	2.500000e-005	
417	2.500000e-005	
418	0	
419	0	
420	2.500000e-005	
421	5.000000e-005	
422	1.000000e-004	
423	1.000000e-004	
424	1.000000e-004	
425	5.000000e-005	
426	0	
427	0	
428	0	
429	0	
430	0	
431	0	
432	0	
433	0	
434	0	
435	0	
436	0	
437	0	
438	0	
439	0	
440	0	
441	0	
442	0	
443	0	
444	0	
445	0	
446	0	
447	0	
448	0	
449	0	
450	0	
451	0	
452	2.500000e-005	
453	1.250000e-004	
454	1.000000e-004	
455	1.500000e-004	
456	1.750000e-004	
457	5.000000e-005	
458	5.000000e-005	
459	2.500000e-005	
460	2.500000e-005	
461	2.500000e-005	
462	5.000000e-005	
463	2.500000e-005	
464	2.500000e-005	
465	5.000000e-005	
466	5.000000e-005	
467	2.500000e-005	
468	2.500000e-005	
469	5.000000e-005	
470	2.500000e-005	
471	5.000000e-005	
472	2.500000e-005	
473	2.500000e-005	
474	2.500000e-005	
475	5.000000e-005	
476	7.500000e-005	
477	7.500000e-005	
478	0	
479	0	
480	0	
481	0	
482	0	
483	0	
484	0	
485	0	
486	2.500000e-005	
487	1.000000e-004	
488	2.000000e-004	
489	2.250000e-004	
490	1.750000e-004	
491	1.500000e-004	
492	2.000000e-004	
493	2.250000e-004	
494	1.500000e-004	
495	1.250000e-004	
496	1.500000e-004	
497	7.500000e-005	
498	7.500000e-005	
499	1.250000e-004	
500	2.000000e-004	
501	2.500000e-004	
502	2.250000e-004	
503	1.500000e-004	
504	1.000000e-004	
505	1.500000e-004	
506	2.000000e-004	
507	1.250000e-004	
508	1.250000e-004	
509	1.500000e-004	
510	1.500000e-004	
511	2.000000e-004	
512	2.000000e-004	
513	2.000000e-004	
514	1.750000e-004	
515	1.250000e-004	
516	7.500000e-005	
517	2.250000e-004	
518	2.250000e-004	
519	2.250000e-004	
520	1.000000e-004	
521	1.500000e-004	
522	1.250000e-004	
523	3.500000e-004	
524	4.500000e-004	
525	4.250000e-004	
526	3.500000e-004	
527	4.250000e-004	
528	4.500000e-004	
529	4.000000e-004	
530	5.250000e-004	
531	5.750000e-004	
532	6.750000e-004	
533	3.750000e-004	
534	3.250000e-004	
535	1.500000e-004	
536	2.250000e-004	
537	2.500000e-004	
538	2.750000e-004	
539	2.500000e-004	
540	3.250000e-004	
541	5.750000e-004	
542	6.500000e-004	
543	7.500000e-004	
544	9.500000e-004	
545	9.000000e-004	
546	6.750000e-004	
547	6.750000e-004	
548	9.000000e-004	
549	7.000000e-004	
550	8.250000e-004	
551	5.250000e-004	
552	5.000000e-004	
553	4.750000e-004	
554	4.250000e-004	
555	3.250000e-004	
556	4.250000e-004	
557	4.000000e-004	
558	4.500000e-004	
559	4.000000e-004	
560	5.000000e-004	
561	6.000000e-004	
562	4.750000e-004	
563	4.750000e-004	
564	5.250000e-004	
565	6.250000e-004	
566	6.750000e-004	
567	6.250000e-004	
568	9.250000e-004	
569	1.075000e-003	
570	1.325000e-003	
571	1.450000e-003	
572	1.275000e-003	
573	1.275000e-003	
574	1.275000e-003	
575	1.350000e-003	
576	1.275000e-003	
577	1.100000e-003	
578	1.100000e-003	
579	7.750000e-004	
580	9.750000e-004	
581	1.025000e-003	
582	1.200000e-003	
583	1.050000e-003	
584	1.075000e-003	
585	1.075000e-003	
586	1.200000e-003	
587	1.275000e-003	
588	1.225000e-003	
589	1.475000e-003	
590	1.275000e-003	
591	1.150000e-003	
592	1.125000e-003	
593	9.250000e-004	
594	1.225000e-003	
595	1.175000e-003	
596	1.500000e-003	
597	1.550000e-003	
598	1.575000e-003	
599	1.275000e-003	
600	1.325000e-003	
601	1.425000e-003	
602	1.525000e-003	
603	1.825000e-003	
604	1.825000e-003	
605	2.150000e-003	
606	2.000000e-003	
607	2.325000e-003	
608	2.325000e-003	
609	2.575000e-003	
610	2.375000e-003	
611	2.300000e-003	
612	2.425000e-003	
613	2.400000e-003	
614	2.350000e-003	
615	2.575000e-003	
616	2.850000e-003	
617	3.075000e-003	
618	2.875000e-003	
619	2.375000e-003	
620	2.625000e-003	
621	2.700000e-003	
622	3.000000e-003	
623	3.225000e-003	
624	3.150000e-003	
625	2.725000e-003	
626	2.850000e-003	
627	2.925000e-003	
628	2.975000e-003	
629	3.200000e-003	
630	2.900000e-003	
631	2.850000e-003	
632	3.075000e-003	
633	3.300000e-003	
634	3.350000e-003	
635	3.325000e-003	
636	3.075000e-003	
637	3.275000e-003	
638	3.125000e-003	
639	3.400000e-003	
640	3.725000e-003	
641	3.650000e-003	
642	3.475000e-003	
643	3.400000e-003	
644	3.025000e-003	
645	3.325000e-003	
646	2.800000e-003	
647	2.525000e-003	
648	2.975000e-003	
649	3.025000e-003	
650	3.600000e-003	
651	3.525000e-003	
652	3.450000e-003	
653	3.775000e-003	
654	3.250000e-003	
655	3.550000e-003	
656	3.000000e-003	
657	3.175000e-003	
658	3.250000e-003	
659	3.825000e-003	
660	3.450000e-003	
661	3.400000e-003	
662	3.175000e-003	
663	2.600000e-003	
664	2.575000e-003	
665	2.350000e-003	
666	2.350000e-003	
667	2.600000e-003	
668	2.700000e-003	
669	3.075000e-003	
670	3.325000e-003	
671	3.075000e-003	
672	2.825000e-003	
673	2.975000e-003	
674	3.900000e-003	
675	3.700000e-003	
676	3.650000e-003	
677	3.875000e-003	
678	3.500000e-003	
679	3.975000e-003	
680	3.750000e-003	
681	3.825000e-003	
682	3.825000e-003	
683	3.325000e-003	
684	3.075000e-003	
685	2.825000e-003	
686	2.450000e-003	
687	2.300000e-003	
688	2.325000e-003	
689	2.375000e-003	
690	2.500000e-003	
691	2.175000e-003	
692	2.200000e-003	
693	2.600000e-003	
694	2.475000e-003	
695	2.425000e-003	
696	2.225000e-003	
697	2.125000e-003	
698	1.975000e-003	
699	1.875000e-003	
700	1.575000e-003	
701	1.075000e-003	
702	1.350000e-003	
703	1.300000e-003	
704	1.200000e-003	
705	9.000000e-004	
706	9.750000e-004	
707	8.500000e-004	
708	9.250000e-004	
709	1.025000e-003	
710	9.000000e-004	
711	1.075000e-003	
712	7.750000e-004	
713	8.750000e-004	
714	7.000000e-004	
715	6.250000e-004	
716	6.500000e-004	
717	5.750000e-004	
718	5.750000e-004	
719	5.500000e-004	
720	4.500000e-004	
721	4.000000e-004	
722	4.250000e-004	
723	3.750000e-004	
724	4.500000e-004	
725	4.500000e-004	
726	2.500000e-004	
727	3.000000e-004	
728	3.750000e-004	
729	3.500000e-004	
730	3.750000e-004	
731	4.000000e-004	
732	4.000000e-004	
733	5.500000e-004	
734	5.500000e-004	
735	7.000000e-004	
736	7.500000e-004	
737	8.500000e-004	
738	9.250000e-004	
739	9.000000e-004	
740	7.750000e-004	
741	4.500000e-004	
742	4.500000e-004	
743	5.000000e-004	
744	5.000000e-004	
745	3.750000e-004	
746	4.250000e-004	
747	3.500000e-004	
748	3.250000e-004	
749	2.000000e-004	
750	1.500000e-004	
751	0	
752	0	
753	0	
754	0	
755	0	
756	0	
757	0	
758	0	
759	0	
760	0	
761	0	
762	0	
763	0	
764	0	
765	0	
766	0	
767	0	
768	0	
769	0	
770	0	
771	0	
772	0	
773	0	
774	0	
775	0	
776	0	
777	0	
778	0	
779	0	
780	0	
781	0	
782	0	
783	0	
784	0	
785	0	
786	0	
787	0	
788	0	
789	0	
790	0	
791	0	
792	0	
793	0	
794	0	
795	0	
796	0	
797	0	
798	0	
799	0	
800	0	
801	0	
802	0	
803	0	
804	0	
805	0	
806	0	
807	0	
808	0	
809	0	
810	0	
811	0	
812	0	
813	0	
814	0	
815	0	
816	0	
817	0	
818	0	
819	0	
820	0	
821	0	
822	0	
823	0	
824	0	
825	0	
826	0	
827	0	
828	0	
829	0	
830	0	
831	0	
832	0	
833	0	
834	0	
835	0	
836	0	
837	0	
838	0	
839	0	
840	0	
841	0	
842	0	
843	0	
844	0	
845	0	
846	0	
847	0	
848	0	
849	0	
850	0	
851	0	
852	0	
853	0	
854	0	
855	0	
856	0	
857	0	
858	0	
859	0	
860	0	
861	0	
862	0	
863	0	
864	0	
865	0	
866	0	
867	0	
868	0	
869	0	
870	0	
871	0	
872	0	
873	0	
874	0	
875	0	
876	0	
877	0	
878	0	
879	0	
880	0	
881	0	
882	0	
883	0	
884	0	
885	0	
886	0	
887	0	
888	0	
889	0	
890	0	
891	0	
892	0	
893	0	
894	0	
895	0	
896	0	
897	0	
898	0	
899	0	
900	0	
901	0	
902	0	
903	0	
904	0	
905	0	
906	0	
907	0	
908	0	
909	0	
910	0	
911	0	
912	0	
913	2.500000e-005	
914	2.500000e-005	
915	1.000000e-004	
916	7.500000e-005	
917	1.250000e-004	
918	1.000000e-004	
919	1.250000e-004	
920	7.500000e-005	
921	2.500000e-005	
922	2.500000e-005	
923	2.500000e-005	
924	2.500000e-005	
925	7.500000e-005	
926	1.250000e-004	
927	2.000000e-004	
928	3.000000e-004	
929	2.250000e-004	
930	3.000000e-004	
931	2.750000e-004	
932	2.000000e-004	
933	3.000000e-004	
934	3.750000e-004	
935	3.750000e-004	
936	3.750000e-004	
937	4.750000e-004	
938	4.500000e-004	
939	4.500000e-004	
940	4.750000e-004	
941	4.750000e-004	
942	2.500000e-004	
943	1.500000e-004	
944	2.000000e-004	
945	1.750000e-004	
946	2.250000e-004	
947	2.500000e-004	
948	3.000000e-004	
949	2.500000e-004	
950	3.000000e-004	
951	1.500000e-004	
952	2.500000e-004	
953	2.750000e-004	
954	3.500000e-004	
955	5.750000e-004	
956	6.000000e-004	
957	5.750000e-004	
958	6.500000e-004	
959	6.000000e-004	
960	5.500000e-004	
961	7.000000e-004	
962	5.750000e-004	
963	7.000000e-004	
964	6.500000e-004	
965	5.250000e-004	
966	5.750000e-004	
967	4.500000e-004	
968	4.500000e-004	
969	3.500000e-004	
970	2.750000e-004	
971	1.750000e-004	
972	1.000000e-004	
973	1.250000e-004	
974	7.500000e-005	
975	1.000000e-004	
976	1.000000e-004	
977	1.000000e-004	
978	2.750000e-004	
979	2.000000e-004	
980	1.000000e-004	
981	1.000000e-004	
982	2.500000e-005	
983	5.000000e-005	
984	2.500000e-005	
985	7.500000e-005	
986	7.500000e-005	
987	1.000000e-004	
988	5.000000e-005	
989	1.000000e-004	
990	1.250000e-004	
991	1.500000e-004	
992	1.500000e-004	
993	7.500000e-005	
994	1.250000e-004	
995	1.750000e-004	
996	1.750000e-004	
997	1.750000e-004	
998	2.250000e-004	
999	1.750000e-004	
1000	1.750000e-004	
1001	2.500000e-004	
1002	2.750000e-004	
1003	4.250000e-004	
1004	3.750000e-004	
1005	4.000000e-004	
1006	5.000000e-004	
1007	4.750000e-004	
1008	5.500000e-004	
1009	6.500000e-004	
1010	5.500000e-004	
1011	4.250000e-004	
1012	5.500000e-004	
1013	6.000000e-004	
1014	5.750000e-004	
1015	4.000000e-004	
1016	3.500000e-004	
1017	3.750000e-004	
1018	3.500000e-004	
1019	5.000000e-004	
1020	5.500000e-004	
1021	6.000000e-004	
1022	6.500000e-004	
1023	6.250000e-004	
1024	5.500000e-004	
1025	4.750000e-004	
1026	4.750000e-004	
1027	4.750000e-004	
1028	3.500000e-004	
1029	6.000000e-004	
1030	5.750000e-004	
1031	4.000000e-004	
1032	2.750000e-004	
1033	3.250000e-004	
1034	3.500000e-004	
1035	3.750000e-004	
1036	2.500000e-004	
1037	3.250000e-004	
1038	4.250000e-004	
1039	3.750000e-004	
1040	3.750000e-004	
1041	3.750000e-004	
1042	4.750000e-004	
1043	4.250000e-004	
1044	3.000000e-004	
1045	4.250000e-004	
1046	3.500000e-004	
1047	2.750000e-004	
1048	3.250000e-004	
1049	4.000000e-004	
1050	3.000000e-004	
1051	3.000000e-004	
1052	3.250000e-004	
1053	4.500000e-004	
1054	4.750000e-004	
1055	5.000000e-004	
1056	4.750000e-004	
1057	5.250000e-004	
1058	5.250000e-004	
1059	6.000000e-004	
1060	4.500000e-004	
1061	4.250000e-004	
1062	5.000000e-004	
1063	5.000000e-004	
1064	8.250000e-004	
1065	7.500000e-004	
1066	6.750000e-004	
1067	9.250000e-004	
1068	5.500000e-004	
1069	4.000000e-004	
1070	5.500000e-004	
1071	4.250000e-004	
1072	3.250000e-004	
1073	3.250000e-004	
1074	3.500000e-004	
1075	4.500000e-004	
1076	4.250000e-004	
1077	4.750000e-004	
1078	3.750000e-004	
1079	5.250000e-004	
1080	4.750000e-004	
1081	5.750000e-004	
1082	6.000000e-004	
1083	5.000000e-004	
1084	4.750000e-004	
1085	5.500000e-004	
1086	7.000000e-004	
1087	7.500000e-004	
1088	8.000000e-004	
1089	9.000000e-004	
1090	9.250000e-004	
1091	8.500000e-004	
1092	8.750000e-004	
1093	8.500000e-004	
1094	8.000000e-004	
1095	7.000000e-004	
1096	8.500000e-004	
1097	9.000000e-004	
1098	7.750000e-004	
1099	7.750000e-004	
1100	7.750000e-004	
1101	6.250000e-004	
1102	5.500000e-004	
1103	4.000000e-004	
1104	5.250000e-004	
1105	6.000000e-004	
1106	5.750000e-004	
1107	5.750000e-004	
1108	4.250000e-004	
1109	3.750000e-004	
1110	4.250000e-004	
1111	3.500000e-004	
1112	3.250000e-004	
1113	3.250000e-004	
1114	4.250000e-004	
1115	5.750000e-004	
1116	5.500000e-004	
1117	6.000000e-004	
1118	5.000000e-004	
1119	5.750000e-004	
1120	6.750000e-004	
1121	7.250000e-004	
1122	6.500000e-004	
1123	6.750000e-004	
1124	6.000000e-004	
1125	6.750000e-004	
1126	8.750000e-004	
1127	9.500000e-004	
1128	9.500000e-004	
1129	8.500000e-004	
1130	6.250000e-004	
1131	7.500000e-004	
1132	8.000000e-004	
1133	1.050000e-003	
1134	8.500000e-004	
1135	7.750000e-004	
1136	8.750000e-004	
1137	9.250000e-004	
1138	1.050000e-003	
1139	1.375000e-003	
1140	1.525000e-003	
1141	1.575000e-003	
1142	1.850000e-003	
1143	1.725000e-003	
1144	1.400000e-003	
1145	1.750000e-003	
1146	2.050000e-003	
1147	1.925000e-003	
1148	1.975000e-003	
1149	1.750000e-003	
1150	1.900000e-003	
1151	1.875000e-003	
1152	1.750000e-003	
1153	1.500000e-003	
1154	1.600000e-003	
1155	1.325000e-003	
1156	1.225000e-003	
1157	1.550000e-003	
1158	1.800000e-003	
1159	1.850000e-003	
1160	1.400000e-003	
1161	1.050000e-003	
1162	1.025000e-003	
1163	1.150000e-003	
1164	1.175000e-003	
1165	1.400000e-003	
1166	1.525000e-003	
1167	1.525000e-003	
1168	1.750000e-003	
1169	1.325000e-003	
1170	1.250000e-003	
1171	1.250000e-003	
1172	1.575000e-003	
1173	2.150000e-003	
1174	2.325000e-003	
1175	2.300000e-003	
1176	2.050000e-003	
1177	2.250000e-003	
1178	1.975000e-003	
1179	2.100000e-003	
1180	1.750000e-003	
1181	2.000000e-003	
1182	2.200000e-003	
1183	2.050000e-003	
1184	2.400000e-003	
1185	2.325000e-003	
1186	2.125000e-003	
1187	2.200000e-003	
1188	1.900000e-003	
1189	2.525000e-003	
1190	2.875000e-003	
1191	2.825000e-003	
1192	2.875000e-003	
1193	3.125000e-003	
1194	2.875000e-003	
1195	2.575000e-003	
1196	2.375000e-003	
1197	2.225000e-003	
1198	2.175000e-003	
1199	2.200000e-003	
1200	2.325000e-003	
1201	2.675000e-003	
1202	3.050000e-003	
1203	2.875000e-003	
1204	2.400000e-003	
1205	2.400000e-003	
1206	2.525000e-003	
1207	2.675000e-003	
1208	2.850000e-003	
1209	2.650000e-003	
1210	2.225000e-003	
1211	2.100000e-003	
1212	2.375000e-003	
1213	2.450000e-003	
1214	2.625000e-003	
1215	2.700000e-003	
1216	2.325000e-003	
1217	2.225000e-003	
1218	2.475000e-003	
1219	2.425000e-003	
1220	2.700000e-003	
1221	2.725000e-003	
1222	3.125000e-003	
1223	2.925000e-003	
1224	2.725000e-003	
1225	2.100000e-003	
1226	2.075000e-003	
1227	2.025000e-003	
1228	2.150000e-003	
1229	1.325000e-003	
1230	1.275000e-003	
1231	1.400000e-003	
1232	1.175000e-003	
1233	9.750000e-004	
1234	1.050000e-003	
1235	1.175000e-003	
1236	9.000000e-004	
1237	1.100000e-003	
1238	1.075000e-003	
1239	1.300000e-003	
1240	1.375000e-003	
1241	1.450000e-003	
1242	1.525000e-003	
1243	1.450000e-003	
1244	1.675000e-003	
1245	1.850000e-003	
1246	1.875000e-003	
1247	1.700000e-003	
1248	1.675000e-003	
1249	1.550000e-003	
1250	1.450000e-003	
1251	1.325000e-003	
1252	1.450000e-003	
1253	1.600000e-003	
1254	1.400000e-003	
1255	1.350000e-003	
1256	1.125000e-003	
1257	1.350000e-003	
1258	1.275000e-003	
1259	1.025000e-003	
1260	1.225000e-003	
1261	1.300000e-003	
1262	1.050000e-003	
1263	1.100000e-003	
1264	1.150000e-003	
1265	1.000000e-003	
1266	9.000000e-004	
1267	9.000000e-004	
1268	8.500000e-004	
1269	9.000000e-004	
1270	9.000000e-004	
1271	1.075000e-003	
1272	7.500000e-004	
1273	5.250000e-004	
1274	5.000000e-004	
1275	5.250000e-004	
1276	7.000000e-004	
1277	7.250000e-004	
1278	7.250000e-004	
1279	6.250000e-004	
1280	3.500000e-004	
1281	3.500000e-004	
1282	5.000000e-004	
1283	4.250000e-004	
1284	5.500000e-004	
1285	3.750000e-004	
1286	3.750000e-004	
1287	2.250000e-004	
1288	2.500000e-004	
1289	1.250000e-004	
1290	1.250000e-004	
1291	1.500000e-004	
1292	1.500000e-004	
1293	2.250000e-004	
1294	2.250000e-004	
1295	3.250000e-004	
1296	2.750000e-004	
1297	2.250000e-004	
1298	3.750000e-004	
1299	4.250000e-004	
1300	4.250000e-004	
1301	3.750000e-004	
1302	4.000000e-004	
1303	3.250000e-004	
1304	3.500000e-004	
1305	4.500000e-004	
1306	4.500000e-004	
1307	3.750000e-004	
1308	3.000000e-004	
1309	1.500000e-004	
1310	2.750000e-004	
1311	1.750000e-004	
1312	2.500000e-005	
1313	2.500000e-005	
1314	7.500000e-005	
1315	7.500000e-005	
1316	7.500000e-005	
1317	1.000000e-004	
1318	7.500000e-005	
1319	5.000000e-005	
1320	1.000000e-004	
1321	2.500000e-005	
1322	7.500000e-005	
1323	5.000000e-005	
1324	5.000000e-005	
1325	0	
1326	0	
1327	0	
1328	0	
1329	0	
1330	0	
1331	0	
1332	0	
1333	0	
1334	0	
1335	0	
1336	0	
1337	0	
1338	0	
1339	0	
1340	0	
1341	0	
1342	0	
1343	0	
1344	0	
1345	0	
1346	0	
1347	0	
1348	0	
1349	0	
1350	0	
1351	0	
1352	0	
1353	0	
1354	0	
1355	0	
1356	0	
1357	0	
1358	0	
1359	0	
1360	0	
1361	0	
1362	0	
1363	0	
1364	0	
1365	0	
1366	0	
1367	0	
1368	0	
1369	0	
1370	0	
1371	0	
1372	0	
1373	0	
1374	0	
1375	0	
1376	0	
1377	0	
1378	0	
1379	0	
1380	0	
1381	2.500000e-005	
1382	0	
1383	0	
1384	0	
1385	0	
1386	0	
1387	0	
1388	0	
1389	0	
1390	0	
1391	0	
1392	0	
1393	0	
1394	0	
1395	0	
1396	0	
1397	0	
1398	0	
1399	0	
1400	0	
1401	0	
1402	0	
1403	0	
1404	0	
1405	0	
1406	0	
1407	0	
1408	0	
1409	0	
1410	0	
1411	0	
1412	0	
1413	0	
1414	0	
1415	0	
1416	0	
1417	0	
1418	0	
1419	0	
1420	0	
1421	0	
1422	0	
1423	0	
1424	0	
1425	0	
1426	0	
1427	0	
1428	0	
1429	0	
1430	0	
1431	0	
1432	0	
1433	0	
1434	0	
1435	0	
1436	0	
1437	0	
1438	0	
1439	0	
1440	0	
1441	0	
1442	0	
1443	0	
1444	0	
1445	0	
1446	0	
1447	0	
1448	0	
1449	0	
1450	0	
1451	0	
1452	0	
1453	0	
1454	0	
1455	0	
1456	0	
1457	0	
1458	0	
1459	0	
1460	0	
1461	0	
1462	0	
1463	0	
1464	0	
1465	0	
1466	0	
1467	0	
1468	0	
1469	0	
1470	0	
1471	0	
1472	0	
1473	0	
1474	0	
1475	0	
1476	0	
1477	2.500000e-005	
1478	1.000000e-004	
1479	1.000000e-004	
1480	1.250000e-004	
1481	2.250000e-004	
1482	2.500000e-004	
1483	1.750000e-004	
1484	2.500000e-004	
1485	2.500000e-004	
1486	2.000000e-004	
1487	2.500000e-004	
1488	2.250000e-004	
1489	2.500000e-004	
1490	2.750000e-004	
1491	3.750000e-004	
1492	4.000000e-004	
1493	3.750000e-004	
1494	5.250000e-004	
1495	4.500000e-004	
1496	4.000000e-004	
1497	4.000000e-004	
1498	3.000000e-004	
1499	1.750000e-004	
1500	1.750000e-004	
1501	2.000000e-004	
1502	2.000000e-004	
1503	3.750000e-004	
1504	2.250000e-004	
1505	2.250000e-004	
1506	2.250000e-004	
1507	3.500000e-004	
1508	3.000000e-004	
1509	3.250000e-004	
1510	3.000000e-004	
1511	2.500000e-004	
1512	2.750000e-004	
1513	2.000000e-004	
1514	2.750000e-004	
1515	2.750000e-004	
1516	2.000000e-004	
1517	2.750000e-004	
1518	3.000000e-004	
1519	4.750000e-004	
1520	2.750000e-004	
1521	3.500000e-004	
1522	4.750000e-004	
1523	4.250000e-004	
1524	4.500000e-004	
1525	3.750000e-004	
1526	5.000000e-004	
1527	5.000000e-004	
1528	5.000000e-004	
1529	5.250000e-004	
1530	4.500000e-004	
1531	4.250000e-004	
1532	4.750000e-004	
1533	3.000000e-004	
1534	3.750000e-004	
1535	3.000000e-004	
1536	2.750000e-004	
1537	3.000000e-004	
1538	4.250000e-004	
1539	4.750000e-004	
1540	6.250000e-004	
1541	5.500000e-004	
1542	6.750000e-004	
1543	5.500000e-004	
1544	5.000000e-004	
1545	5.000000e-004	
1546	3.750000e-004	
1547	3.250000e-004	
1548	4.750000e-004	
1549	5.250000e-004	
1550	4.750000e-004	
1551	4.500000e-004	
1552	6.250000e-004	
1553	5.000000e-004	
1554	6.000000e-004	
1555	7.000000e-004	
1556	6.250000e-004	
1557	6.500000e-004	
1558	4.750000e-004	
1559	4.750000e-004	
1560	3.000000e-004	
1561	2.500000e-004	
1562	2.000000e-004	
1563	3.250000e-004	
1564	2.250000e-004	
1565	2.750000e-004	
1566	4.500000e-004	
1567	2.750000e-004	
1568	2.250000e-004	
1569	2.500000e-004	
1570	2.750000e-004	
1571	3.250000e-004	
1572	2.500000e-004	
1573	4.000000e-004	
1574	3.750000e-004	
1575	3.750000e-004	
1576	4.000000e-004	
1577	4.500000e-004	
1578	5.000000e-004	
1579	2.750000e-004	
1580	2.750000e-004	
1581	2.250000e-004	
1582	2.750000e-004	
1583	4.250000e-004	
1584	2.750000e-004	
1585	1.500000e-004	
1586	1.500000e-004	
1587	2.000000e-004	
1588	2.500000e-004	
1589	3.750000e-004	
1590	3.250000e-004	
1591	1.000000e-004	
1592	1.500000e-004	
1593	2.000000e-004	
1594	2.000000e-004	
1595	1.500000e-004	
1596	2.750000e-004	
1597	2.500000e-004	
1598	2.000000e-004	
1599	3.750000e-004	
1600	3.500000e-004	
1601	2.250000e-004	
1602	3.750000e-004	
1603	4.000000e-004	
1604	6.500000e-004	
1605	8.250000e-004	
1606	9.000000e-004	
1607	1.000000e-003	
1608	8.500000e-004	
1609	8.000000e-004	
1610	8.750000e-004	
1611	1.050000e-003	
1612	1.075000e-003	
1613	1.250000e-003	
1614	1.400000e-003	
1615	1.425000e-003	
1616	1.375000e-003	
1617	1.450000e-003	
1618	1.500000e-003	
1619	1.700000e-003	
1620	1.400000e-003	
1621	1.325000e-003	
1622	1.600000e-003	
1623	1.700000e-003	
1624	1.450000e-003	
1625	1.325000e-003	
1626	1.300000e-003	
1627	1.575000e-003	
1628	1.625000e-003	
1629	1.675000e-003	
1630	2.025000e-003	
1631	2.300000e-003	
1632	2.325000e-003	
1633	2.225000e-003	
1634	2.200000e-003	
1635	1.675000e-003	
1636	1.650000e-003	
1637	1.625000e-003	
1638	2.075000e-003	
1639	2.050000e-003	
1640	1.925000e-003	
1641	2.450000e-003	
1642	2.300000e-003	
1643	2.325000e-003	
1644	2.400000e-003	
1645	2.425000e-003	
1646	1.825000e-003	
1647	1.950000e-003	
1648	1.900000e-003	
1649	2.025000e-003	
1650	2.075000e-003	
1651	2.525000e-003	
1652	2.425000e-003	
1653	2.250000e-003	
1654	2.075000e-003	
1655	1.925000e-003	
1656	1.675000e-003	
1657	1.700000e-003	
1658	1.375000e-003	
1659	1.225000e-003	
1660	1.450000e-003	
1661	1.100000e-003	
1662	1.350000e-003	
1663	1.125000e-003	
1664	1.225000e-003	
1665	1.425000e-003	
1666	1.300000e-003	
1667	1.500000e-003	
1668	1.425000e-003	
1669	1.475000e-003	
1670	1.425000e-003	
1671	1.525000e-003	
1672	1.825000e-003	
1673	1.675000e-003	
1674	1.675000e-003	
1675	1.875000e-003	
1676	2.125000e-003	
1677	2.275000e-003	
1678	2.450000e-003	
1679	2.375000e-003	
1680	2.400000e-003	
1681	2.275000e-003	
1682	2.425000e-003	
1683	2.175000e-003	
1684	2.250000e-003	
1685	2.275000e-003	
1686	2.325000e-003	
1687	2.125000e-003	
1688	2.150000e-003	
1689	2.800000e-003	
1690	2.450000e-003	
1691	2.425000e-003	
1692	2.500000e-003	
1693	2.950000e-003	
1694	2.725000e-003	
1695	3.050000e-003	
1696	2.750000e-003	
1697	2.550000e-003	
1698	3.150000e-003	
1699	3.125000e-003	
1700	3.675000e-003	
1701	3.100000e-003	
1702	3.100000e-003	
1703	2.650000e-003	
1704	2.575000e-003	
1705	2.800000e-003	
1706	2.850000e-003	
1707	2.625000e-003	
1708	2.625000e-003	
1709	2.225000e-003	
1710	2.475000e-003	
1711	2.250000e-003	
1712	2.050000e-003	
1713	2.075000e-003	
1714	2.275000e-003	
1715	2.500000e-003	
1716	2.425000e-003	
1717	2.525000e-003	
1718	2.300000e-003	
1719	2.075000e-003	
1720	2.300000e-003	
1721	2.325000e-003	
1722	2.375000e-003	
1723	2.250000e-003	
1724	2.650000e-003	
1725	2.725000e-003	
1726	2.800000e-003	
1727	2.650000e-003	
1728	2.300000e-003	
1729	2.000000e-003	
1730	1.325000e-003	
1731	1.400000e-003	
1732	1.675000e-003	
1733	1.850000e-003	
1734	1.925000e-003	
1735	1.825000e-003	
1736	1.825000e-003	
1737	1.850000e-003	
1738	1.550000e-003	
1739	1.525000e-003	
1740	1.150000e-003	
1741	1.300000e-003	
1742	1.200000e-003	
1743	1.225000e-003	
1744	1.375000e-003	
1745	1.625000e-003	
1746	1.775000e-003	
1747	1.450000e-003	
1748	1.375000e-003	
1749	1.375000e-003	
1750	1.500000e-003	
1751	1.550000e-003	
1752	1.300000e-003	
1753	1.500000e-003	
1754	1.725000e-003	
1755	1.325000e-003	
1756	1.425000e-003	
1757	1.500000e-003	
1758	1.725000e-003	
1759	1.225000e-003	
1760	1.050000e-003	
1761	1.200000e-003	
1762	1.175000e-003	
1763	1.525000e-003	
1764	1.525000e-003	
1765	1.800000e-003	
1766	1.625000e-003	
1767	1.450000e-003	
1768	1.500000e-003	
1769	1.125000e-003	
1770	9.250000e-004	
1771	9.750000e-004	
1772	9.000000e-004	
1773	8.750000e-004	
1774	8.000000e-004	
1775	8.250000e-004	
1776	7.500000e-004	
1777	7.750000e-004	
1778	7.500000e-004	
1779	8.000000e-004	
1780	9.250000e-004	
1781	1.000000e-003	
1782	9.750000e-004	
1783	8.000000e-004	
1784	7.750000e-004	
1785	9.000000e-004	
1786	9.250000e-004	
1787	7.500000e-004	
1788	7.500000e-004	
1789	7.750000e-004	
1790	6.000000e-004	
1791	3.000000e-004	
1792	3.250000e-004	
1793	3.500000e-004	
1794	3.500000e-004	
1795	4.000000e-004	
1796	5.250000e-004	
1797	4.000000e-004	
1798	2.750000e-004	
1799	3.250000e-004	
1800	3.750000e-004	
1801	3.250000e-004	
1802	3.750000e-004	
1803	4.500000e-004	
1804	4.500000e-004	
1805	6.000000e-004	
1806	4.250000e-004	
1807	4.750000e-004	
1808	4.750000e-004	
1809	3.250000e-004	
1810	4.750000e-004	
1811	5.000000e-004	
1812	4.000000e-004	
1813	3.250000e-004	
1814	3.750000e-004	
1815	3.500000e-004	
1816	3.250000e-004	
1817	2.500000e-004	
1818	4.000000e-004	
1819	5.750000e-004	
1820	6.500000e-004	
1821	6.500000e-004	
1822	9.250000e-004	
1823	6.500000e-004	
1824	4.750000e-004	
1825	6.000000e-004	
1826	9.000000e-004	
1827	9.000000e-004	
1828	7.750000e-004	
1829	7.250000e-004	
1830	7.750000e-004	
1831	5.500000e-004	
1832	7.750000e-004	
1833	8.250000e-004	
1834	9.500000e-004	
1835	7.500000e-004	
1836	6.000000e-004	
1837	6.250000e-004	
1838	6.000000e-004	
1839	5.500000e-004	
1840	6.250000e-004	
1841	3.750000e-004	
1842	3.750000e-004	
1843	3.750000e-004	
1844	3.750000e-004	
1845	2.000000e-004	
1846	2.000000e-004	
1847	1.750000e-004	
1848	1.250000e-004	
1849	1.500000e-004	
1850	1.500000e-004	
1851	2.000000e-004	
1852	1.000000e-004	
1853	1.500000e-004	
1854	1.500000e-004	
1855	1.250000e-004	
1856	7.500000e-005	
1857	5.000000e-005	
1858	5.000000e-005	
1859	7.500000e-005	
1860	2.500000e-005	
1861	2.500000e-005	
1862	2.500000e-005	
1863	2.500000e-005	
1864	2.500000e-005	
1865	5.000000e-005	
1866	5.000000e-005	
1867	5.000000e-005	
1868	7.500000e-005	
1869	2.500000e-005	
1870	2.500000e-005	
1871	5.000000e-005	
1872	1.000000e-004	
1873	2.000000e-004	
1874	3.000000e-004	
1875	2.250000e-004	
1876	1.500000e-004	
1877	1.250000e-004	
1878	1.750000e-004	
1879	1.500000e-004	
1880	1.500000e-004	
1881	1.250000e-004	
1882	1.500000e-004	
1883	1.000000e-004	
1884	7.500000e-005	
1885	5.000000e-005	
1886	5.000000e-005	
1887	1.000000e-004	
1888	1.250000e-004	
1889	5.000000e-005	
1890	2.500000e-005	
1891	0	
1892	5.000000e-005	
1893	2.500000e-005	
1894	7.500000e-005	
1895	2.500000e-005	
1896	7.500000e-005	
1897	5.000000e-005	
1898	2.500000e-005	
1899	5.000000e-005	
1900	0	
1901	0	
1902	0	
1903	0	
1904	0	
1905	0	
1906	0	
1907	0	
1908	0	
1909	0	
1910	0	
1911	0	
1912	0	
1913	0	
1914	0	
1915	0	
1916	0	
1917	0	
1918	0	
1919	0	
1920	0	
1921	0	
1922	0	
1923	0	
1924	0	
1925	0	
1926	0	
1927	0	
1928	0	
1929	0	
1930	0	
1931	0	
1932	0	
1933	0	
1934	0	
1935	0	
1936	0	
1937	0	
1938	0	
1939	0	
1940	0	
1941	0	
1942	0	
1943	0	
1944	0	
1945	0	
1946	0	
1947	0	
1948	0	
1949	0	
1950	0	
1951	0	
1952	0	
1953	0	
1954	0	
1955	0	
1956	0	
1957	0	
1958	0	
1959	0	
1960	0	
1961	0	
1962	0	
1963	0	
1964	0	
1965	0	
1966	0	
1967	0	
1968	0	
1969	0	
1970	0	
1971	0	
1972	0	
1973	2.500000e-005	
1974	7.500000e-005	
1975	1.000000e-004	
1976	2.500000e-005	
1977	0	
1978	0	
1979	0	
1980	2.500000e-005	
1981	7.500000e-005	
1982	5.000000e-005	
1983	2.500000e-005	
1984	2.500000e-005	
1985	5.000000e-005	
1986	5.000000e-005	
1987	1.250000e-004	
1988	1.250000e-004	
1989	1.250000e-004	
1990	2.500000e-004	
1991	2.250000e-004	
1992	1.000000e-004	
1993	1.500000e-004	
1994	5.000000e-005	
1995	7.500000e-005	
1996	1.000000e-004	
1997	1.750000e-004	
1998	1.500000e-004	
1999	1.000000e-004	
2000	1.500000e-004	
2001	2.000000e-004	
2002	1.250000e-004	
2003	1.000000e-004	
2004	2.000000e-004	
2005	1.500000e-004	
2006	1.250000e-004	
2007	1.500000e-004	
2008	1.000000e-004	
2009	1.750000e-004	
2010	1.000000e-004	
2011	5.000000e-005	
2012	2.500000e-005	
2013	2.500000e-005	
2014	2.500000e-005	
2015	5.000000e-005	
2016	7.500000e-005	
2017	0	
2018	0	
2019	0	
2020	0	
2021	0	
2022	0	
2023	0	
2024	0	
2025	0	
2026	0	
2027	0	
2028	0	
2029	0	
2030	0	
2031	0	
2032	0	
2033	0	
2034	0	
2035	0	
2036	0	
2037	0	
2038	0	
2039	2.500000e-005	
2040	5.000000e-005	
2041	1.750000e-004	
2042	2.000000e-004	
2043	3.000000e-004	
2044	3.000000e-004	
2045	3.750000e-004	
2046	2.000000e-004	
2047	2.000000e-004	
2048	1.500000e-004	
2049	1.750000e-004	
2050	2.750000e-004	
2051	3.750000e-004	
2052	2.000000e-004	
2053	2.250000e-004	
2054	2.500000e-004	
2055	1.500000e-004	
2056	1.000000e-004	
2057	1.500000e-004	
2058	2.000000e-004	
2059	2.000000e-004	
2060	1.500000e-004	
2061	2.250000e-004	
2062	2.500000e-004	
2063	1.500000e-004	
2064	2.250000e-004	
2065	3.250000e-004	
2066	3.500000e-004	
2067	2.500000e-004	
2068	2.500000e-004	
2069	2.500000e-004	
2070	1.750000e-004	
2071	1.250000e-004	
2072	5.000000e-005	
2073	5.000000e-005	
2074	5.000000e-005	
2075	2.500000e-005	
2076	5.000000e-005	
2077	1.750000e-004	
2078	2.750000e-004	
2079	2.000000e-004	
2080	1.750000e-004	
2081	2.000000e-004	
2082	2.250000e-004	
2083	2.000000e-004	
2084	2.250000e-004	
2085	3.000000e-004	
2086	2.250000e-004	
2087	1.750000e-004	
2088	3.000000e-004	
2089	2.750000e-004	
2090	2.250000e-004	
2091	2.250000e-004	
2092	2.000000e-004	
2093	2.000000e-004	
2094	2.250000e-004	
2095	2.000000e-004	
2096	2.250000e-004	
2097	2.000000e-004	
2098	2.250000e-004	
2099	1.750000e-004	
2100	2.500000e-004	
2101	2.500000e-004	
2102	2.500000e-004	
2103	2.750000e-004	
2104	3.500000e-004	
2105	5.500000e-004	
2106	4.750000e-004	
2107	4.250000e-004	
2108	5.000000e-004	
2109	4.500000e-004	
2110	5.750000e-004	
2111	7.000000e-004	
2112	6.500000e-004	
2113	5.500000e-004	
2114	4.750000e-004	
2115	4.750000e-004	
2116	5.250000e-004	
2117	4.250000e-004	
2118	4.750000e-004	
2119	5.000000e-004	
2120	5.500000e-004	
2121	3.500000e-004	
2122	2.750000e-004	
2123	2.750000e-004	
2124	3.750000e-004	
2125	4.000000e-004	
2126	3.750000e-004	
2127	4.500000e-004	
2128	5.250000e-004	
2129	4.250000e-004	
2130	5.750000e-004	
2131	6.000000e-004	
2132	5.000000e-004	
2133	4.750000e-004	
2134	4.750000e-004	
2135	4.750000e-004	
2136	3.750000e-004	
2137	4.000000e-004	
2138	4.750000e-004	
2139	4.750000e-004	
2140	5.500000e-004	
2141	6.500000e-004	
2142	5.500000e-004	
2143	6.750000e-004	
2144	7.750000e-004	
2145	7.500000e-004	
2146	9.250000e-004	
2147	1.000000e-003	
2148	7.500000e-004	
2149	6.250000e-004	
2150	5.000000e-004	
2151	6.750000e-004	
2152	7.750000e-004	
2153	9.000000e-004	
2154	1.075000e-003	
2155	1.325000e-003	
2156	1.525000e-003	
2157	1.650000e-003	
2158	1.400000e-003	
2159	1.125000e-003	
2160	1.250000e-003	
2161	1.225000e-003	
2162	1.250000e-003	
2163	1.150000e-003	
2164	1.150000e-003	
2165	1.450000e-003	
2166	1.275000e-003	
2167	1.600000e-003	
2168	1.775000e-003	
2169	1.825000e-003	
2170	2.025000e-003	
2171	2.300000e-003	
2172	2.500000e-003	
2173	2.425000e-003	
2174	2.575000e-003	
2175	2.800000e-003	
2176	2.675000e-003	
2177	2.900000e-003	
2178	2.425000e-003	
2179	2.225000e-003	
2180	1.950000e-003	
2181	1.750000e-003	
2182	1.575000e-003	
2183	1.300000e-003	
2184	1.600000e-003	
2185	1.775000e-003	
2186	1.475000e-003	
2187	1.650000e-003	
2188	1.350000e-003	
2189	1.425000e-003	
2190	1.650000e-003	
2191	1.250000e-003	
2192	1.325000e-003	
2193	1.200000e-003	
2194	1.425000e-003	
2195	1.425000e-003	
2196	1.325000e-003	
2197	1.250000e-003	
2198	1.475000e-003	
2199	1.550000e-003	
2200	2.050000e-003	
2201	2.025000e-003	
2202	2.050000e-003	
2203	1.775000e-003	
2204	1.850000e-003	
2205	1.750000e-003	
2206	1.625000e-003	
2207	1.625000e-003	
2208	1.575000e-003	
2209	1.650000e-003	
2210	1.775000e-003	
2211	1.750000e-003	
2212	1.650000e-003	
2213	1.400000e-003	
2214	1.825000e-003	
2215	1.925000e-003	
2216	1.850000e-003	
2217	2.100000e-003	
2218	2.150000e-003	
2219	2.225000e-003	
2220	2.150000e-003	
2221	2.325000e-003	
2222	2.450000e-003	
2223	2.300000e-003	
2224	2.400000e-003	
2225	2.575000e-003	
2226	2.500000e-003	
2227	2.700000e-003	
2228	2.750000e-003	
2229	2.800000e-003	
2230	2.950000e-003	
2231	2.875000e-003	
2232	2.875000e-003	
2233	3.100000e-003	
2234	3.250000e-003	
2235	2.975000e-003	
2236	2.275000e-003	
2237	2.525000e-003	
2238	3.100000e-003	
2239	2.575000e-003	
2240	2.600000e-003	
2241	2.200000e-003	
2242	1.925000e-003	
2243	1.725000e-003	
2244	1.775000e-003	
2245	1.525000e-003	
2246	1.325000e-003	
2247	1.325000e-003	
2248	1.175000e-003	
2249	1.025000e-003	
2250	8.500000e-004	
2251	9.250000e-004	
2252	7.750000e-004	
2253	8.000000e-004	
2254	9.000000e-004	
2255	1.100000e-003	
2256	9.750000e-004	
2257	9.500000e-004	
2258	1.100000e-003	
2259	1.075000e-003	
2260	1.225000e-003	
2261	1.475000e-003	
2262	1.325000e-003	
2263	1.375000e-003	
2264	1.450000e-003	
2265	1.300000e-003	
2266	1.325000e-003	
2267	1.350000e-003	
2268	1.325000e-003	
2269	1.225000e-003	
2270	1.125000e-003	
2271	1.200000e-003	
2272	1.075000e-003	
2273	1.250000e-003	
2274	8.500000e-004	
2275	1.000000e-003	
2276	9.750000e-004	
2277	8.500000e-004	
2278	8.250000e-004	
2279	1.075000e-003	
2280	1.125000e-003	
2281	1.100000e-003	
2282	9.000000e-004	
2283	9.250000e-004	
2284	8.250000e-004	
2285	8.000000e-004	
2286	8.500000e-004	
2287	8.500000e-004	
2288	8.500000e-004	
2289	9.750000e-004	
2290	1.125000e-003	
2291	1.075000e-003	
2292	1.075000e-003	
2293	1.175000e-003	
2294	1.300000e-003	
2295	1.300000e-003	
2296	1.350000e-003	
2297	1.325000e-003	
2298	1.200000e-003	
2299	1.250000e-003	
2300	1.325000e-003	
2301	1.350000e-003	
2302	1.200000e-003	
2303	1.325000e-003	
2304	1.325000e-003	
2305	1.475000e-003	
2306	1.500000e-003	
2307	1.475000e-003	
2308	1.325000e-003	
2309	1.775000e-003	
2310	1.950000e-003	
2311	2.250000e-003	
2312	2.225000e-003	
2313	2.100000e-003	
2314	2.225000e-003	
2315	2.075000e-003	
2316	1.800000e-003	
2317	1.625000e-003	
2318	2.100000e-003	
2319	2.100000e-003	
2320	1.725000e-003	
2321	1.750000e-003	
2322	1.975000e-003	
2323	2.525000e-003	
2324	2.225000e-003	
2325	2.025000e-003	
2326	2.175000e-003	
2327	2.075000e-003	
2328	2.000000e-003	
2329	1.825000e-003	
2330	2.100000e-003	
2331	2.025000e-003	
2332	1.800000e-003	
2333	1.900000e-003	
2334	1.850000e-003	
2335	1.825000e-003	
2336	1.400000e-003	
2337	1.225000e-003	
2338	1.300000e-003	
2339	1.225000e-003	
2340	1.125000e-003	
2341	1.175000e-003	
2342	1.025000e-003	
2343	1.075000e-003	
2344	8.500000e-004	
2345	8.750000e-004	
2346	9.750000e-004	
2347	8.000000e-004	
2348	7.000000e-004	
2349	6.750000e-004	
2350	8.750000e-004	
2351	8.250000e-004	
2352	6.750000e-004	
2353	5.000000e-004	
2354	6.250000e-004	
2355	9.750000e-004	
2356	5.500000e-004	
2357	6.500000e-004	
2358	6.750000e-004	
2359	6.250000e-004	
2360	7.750000e-004	
2361	8.250000e-004	
2362	7.500000e-004	
2363	8.000000e-004	
2364	1.000000e-003	
2365	1.075000e-003	
2366	9.500000e-004	
2367	9.750000e-004	
2368	9.250000e-004	
2369	8.750000e-004	
2370	8.250000e-004	
2371	6.500000e-004	
2372	6.250000e-004	
2373	8.500000e-004	
2374	9.750000e-004	
2375	1.050000e-003	
2376	8.000000e-004	
2377	6.750000e-004	
2378	6.250000e-004	
2379	8.000000e-004	
2380	1.050000e-003	
2381	8.500000e-004	
2382	7.500000e-004	
2383	7.750000e-004	
2384	6.250000e-004	
2385	3.750000e-004	
2386	2.500000e-004	
2387	2.000000e-004	
2388	2.000000e-004	
2389	3.250000e-004	
2390	3.000000e-004	
2391	2.500000e-004	
2392	3.250000e-004	
2393	2.500000e-004	
2394	3.500000e-004	
2395	3.500000e-004	
2396	3.500000e-004	
2397	3.000000e-004	
2398	3.750000e-004	
2399	4.000000e-004	
2400	4.000000e-004	
2401	4.500000e-004	
2402	5.750000e-004	
2403	4.500000e-004	
2404	2.250000e-004	
2405	1.750000e-004	
2406	2.000000e-004	
2407	5.000000e-005	
2408	2.500000e-005	
2409	2.500000e-005	
2410	0	
2411	0	
2412	0	
2413	0	
2414	0	
2415	0	
2416	0	
2417	0	
2418	0	
2419	0	
2420	0	
2421	0	
2422	0	
2423	0	
2424	0	
2425	0	
2426	0	
2427	0	
2428	0	
2429	0	
2430	0	
2431	0	
2432	0	
2433	0	
2434	0	
2435	0	
2436	0	
2437	0	
2438	0	
2439	0	
2440	0	
2441	0	
2442	0	
2443	0	
2444	0	
2445	0	
2446	0	
2447	0	
2448	0	
2449	0	
2450	0	
2451	0	
2452	0	
2453	0	
2454	0	
2455	0	
2456	0	
2457	0	
2458	0	
2459	0	
2460	0	
2461	0	
2462	0	
2463	0	
2464	0	
2465	0	
2466	0	
2467	0	
2468	0	
2469	0	
2470	0	
2471	0	
2472	0	
2473	0	
2474	0	
2475	0	
2476	0	
2477	0	
2478	0	
2479	0	
2480	0	
2481	0	
2482	0	
2483	0	
2484	0	
2485	0	
2486	0	
2487	0	
2488	0	
2489	0	
2490	0	
2491	0	
2492	0	
2493	0	
2494	0	
2495	0	
2496	0	
2497	0	
2498	0	
2499	0	
2500	0	
2501	0	
2502	0	
2503	0	
2504	0	
2505	0	
2506	0	
2507	0	
2508	0	
2509	0	
2510	0	
2511	0	
2512	0	
2513	0	
2514	0	
2515	0	
2516	0	
2517	0	
2518	0	
2519	0	
2520	0	
2521	0	
2522	0	
2523	0	
2524	0	
2525	0	
2526	0	
2527	0	
2528	0	
2529	0	
2530	0	
2531	0	
2532	0	
2533	0	
2534	0	
2535	0	
2536	0	
2537	0	
2538	0	
2539	0	
2540	2.500000e-005	
2541	7.500000e-005	
2542	5.000000e-005	
2543	1.000000e-004	
2544	7.500000e-005	
2545	5.000000e-005	
2546	2.500000e-005	
2547	2.500000e-005	
2548	0	
2549	0	
2550	0	
2551	0	
2552	0	
2553	0	
2554	0	
2555	0	
2556	0	
2557	0	
2558	0	
2559	0	
2560	0	
2561	0	
2562	0	
2563	0	
2564	0	
2565	0	
2566	0	
2567	0	
2568	0	
2569	0	
2570	0	
2571	0	
2572	0	
2573	0	
2574	0	
2575	0	
2576	0	
2577	0	
2578	0	
2579	0	
2580	0	
2581	0	
2582	0	
2583	0	
2584	0	
2585	0	
2586	2.500000e-005	
2587	5.000000e-005	
2588	2.500000e-005	
2589	2.500000e-005	
2590	5.000000e-005	
2591	0	
2592	0	
2593	0	
2594	0	
2595	0	
2596	0	
2597	0	
2598	0	
2599	0	
2600	0	
2601	0	
2602	0	
2603	0	
2604	0	
2605	0	
2606	0	
2607	0	
2608	0	
2609	0	
2610	0	
2611	0	
2612	0	
2613	0	
2614	0	
2615	0	
2616	0	
2617	0	
2618	0	
2619	0	
2620	0	
2621	0	
2622	0	
2623	0	
2624	0	
2625	0	
2626	0	
2627	0	
2628	0	
2629	0	
2630	0	
2631	0	
2632	0	
2633	0	
2634	0	
2635	0	
2636	0	
2637	2.500000e-005	
2638	5.000000e-005	
2639	5.000000e-005	
2640	7.500000e-005	
2641	1.000000e-004	
2642	5.000000e-005	
2643	1.250000e-004	
2644	7.500000e-005	
2645	2.500000e-005	
2646	7.500000e-005	
2647	5.000000e-005	
2648	5.000000e-005	
2649	7.500000e-005	
2650	1.500000e-004	
2651	7.500000e-005	
2652	7.500000e-005	
2653	1.250000e-004	
2654	1.750000e-004	
2655	2.500000e-004	
2656	2.000000e-004	
2657	1.500000e-004	
2658	5.000000e-005	
2659	7.500000e-005	
2660	1.000000e-004	
2661	7.500000e-005	
2662	7.500000e-005	
2663	5.000000e-005	
2664	5.000000e-005	
2665	5.000000e-005	
2666	5.000000e-005	
2667	1.250000e-004	
2668	1.000000e-004	
2669	1.500000e-004	
2670	2.000000e-004	
2671	1.500000e-004	
2672	2.750000e-004	
2673	3.250000e-004	
2674	3.750000e-004	
2675	3.250000e-004	
2676	3.750000e-004	
2677	3.750000e-004	
2678	3.500000e-004	
2679	3.250000e-004	
2680	4.500000e-004	
2681	3.250000e-004	
2682	5.000000e-004	
2683	5.250000e-004	
2684	6.500000e-004	
2685	6.750000e-004	
2686	6.250000e-004	
2687	5.500000e-004	
2688	5.250000e-004	
2689	4.750000e-004	
2690	4.250000e-004	
2691	5.500000e-004	
2692	4.250000e-004	
2693	3.750000e-004	
2694	3.250000e-004	
2695	4.750000e-004	
2696	5.000000e-004	
2697	6.000000e-004	
2698	5.750000e-004	
2699	6.750000e-004	
2700	6.250000e-004	
2701	6.500000e-004	
2702	6.500000e-004	
2703	6.000000e-004	
2704	7.750000e-004	
2705	7.500000e-004	
2706	9.250000e-004	
2707	7.250000e-004	
2708	8.250000e-004	
2709	1.025000e-003	
2710	9.500000e-004	
2711	7.250000e-004	
2712	6.000000e-004	
2713	7.000000e-004	
2714	8.750000e-004	
2715	7.000000e-004	
2716	8.750000e-004	
2717	8.000000e-004	
2718	9.000000e-004	
2719	1.075000e-003	
2720	6.250000e-004	
2721	7.500000e-004	
2722	5.000000e-004	
2723	3.750000e-004	
2724	4.500000e-004	
2725	5.250000e-004	
2726	6.000000e-004	
2727	6.500000e-004	
2728	7.750000e-004	
2729	8.750000e-004	
2730	6.750000e-004	
2731	5.000000e-004	
2732	4.250000e-004	
2733	3.250000e-004	
2734	4.000000e-004	
2735	3.250000e-004	
2736	3.750000e-004	
2737	5.500000e-004	
2738	6.000000e-004	
2739	6.250000e-004	
2740	7.250000e-004	
2741	6.250000e-004	
2742	6.000000e-004	
2743	4.750000e-004	
2744	4.000000e-004	
2745	5.250000e-004	
2746	5.250000e-004	
2747	4.000000e-004	
2748	4.750000e-004	
2749	5.250000e-004	
2750	6.750000e-004	
2751	5.750000e-004	
2752	5.000000e-004	
2753	7.000000e-004	
2754	9.250000e-004	
2755	7.500000e-004	
2756	6.250000e-004	
2757	6.000000e-004	
2758	6.000000e-004	
2759	7.500000e-004	
2760	8.250000e-004	
2761	1.050000e-003	
2762	1.150000e-003	
2763	1.250000e-003	
2764	1.275000e-003	
2765	1.400000e-003	
2766	1.600000e-003	
2767	1.700000e-003	
2768	1.950000e-003	
2769	1.925000e-003	
2770	1.750000e-003	
2771	2.050000e-003	
2772	2.025000e-003	
2773	2.325000e-003	
2774	2.300000e-003	
2775	2.450000e-003	
2776	2.650000e-003	
2777	2.250000e-003	
2778	2.050000e-003	
2779	2.125000e-003	
2780	2.075000e-003	
2781	2.225000e-003	
2782	2.450000e-003	
2783	2.800000e-003	
2784	3.125000e-003	
2785	3.025000e-003	
2786	2.850000e-003	
2787	3.125000e-003	
2788	3.200000e-003	
2789	3.125000e-003	
2790	3.450000e-003	
2791	3.200000e-003	
2792	3.400000e-003	
2793	3.375000e-003	
2794	3.775000e-003	
2795	3.625000e-003	
2796	3.700000e-003	
2797	3.550000e-003	
2798	3.625000e-003	
2799	3.725000e-003	
2800	3.625000e-003	
2801	3.600000e-003	
2802	3.175000e-003	
2803	3.300000e-003	
2804	3.000000e-003	
2805	3.025000e-003	
2806	2.900000e-003	
2807	2.800000e-003	
2808	2.825000e-003	
2809	2.925000e-003	
2810	3.375000e-003	
2811	2.900000e-003	
2812	3.125000e-003	
2813	3.125000e-003	
2814	3.250000e-003	
2815	3.200000e-003	
2816	3.750000e-003	
2817	3.425000e-003	
2818	2.800000e-003	
2819	3.375000e-003	
2820	3.325000e-003	
2821	3.425000e-003	
2822	3.300000e-003	
2823	3.300000e-003	
2824	3.400000e-003	
2825	3.500000e-003	
2826	3.975000e-003	
2827	4.175000e-003	
2828	3.775000e-003	
2829	3.775000e-003	
2830	3.700000e-003	
2831	3.800000e-003	
2832	4.075000e-003	
2833	4.275000e-003	
2834	4.375000e-003	
2835	3.875000e-003	
2836	3.850000e-003	
2837	3.675000e-003	
2838	3.675000e-003	
2839	3.725000e-003	
2840	3.875000e-003	
2841	3.725000e-003	
2842	4.225000e-003	
2843	3.875000e-003	
2844	4.250000e-003	
2845	3.525000e-003	
2846	3.625000e-003	
2847	3.525000e-003	
2848	3.250000e-003	
2849	3.700000e-003	
2850	3.075000e-003	
2851	3.075000e-003	
2852	3.125000e-003	
2853	3.200000e-003	
2854	3.025000e-003	
2855	2.450000e-003	
2856	1.825000e-003	
2857	1.850000e-003	
2858	1.475000e-003	
2859	1.475000e-003	
2860	1.500000e-003	
2861	1.675000e-003	
2862	1.650000e-003	
2863	1.300000e-003	
2864	1.050000e-003	
2865	1.150000e-003	
2866	9.500000e-004	
2867	9.250000e-004	
2868	8.500000e-004	
2869	6.250000e-004	
2870	8.250000e-004	
2871	9.500000e-004	
2872	1.050000e-003	
2873	9.250000e-004	
2874	9.750000e-004	
2875	9.500000e-004	
2876	8.250000e-004	
2877	6.250000e-004	
2878	6.000000e-004	
2879	6.000000e-004	
2880	8.000000e-004	
2881	6.750000e-004	
2882	8.000000e-004	
2883	9.500000e-004	
2884	9.000000e-004	
2885	1.000000e-003	
2886	1.075000e-003	
2887	9.000000e-004	
2888	1.075000e-003	
2889	1.075000e-003	
2890	9.000000e-004	
2891	9.000000e-004	
2892	1.000000e-003	
2893	9.500000e-004	
2894	9.500000e-004	
2895	1.100000e-003	
2896	1.100000e-003	
2897	1.050000e-003	
2898	1.050000e-003	
2899	1.075000e-003	
2900	1.100000e-003	
2901	1.025000e-003	
2902	1.125000e-003	
2903	1.175000e-003	
2904	1.325000e-003	
2905	1.325000e-003	
2906	1.350000e-003	
2907	1.375000e-003	
2908	1.275000e-003	
2909	1.125000e-003	
2910	9.000000e-004	
2911	8.000000e-004	
2912	6.500000e-004	
2913	6.250000e-004	
2914	6.750000e-004	
2915	9.250000e-004	
2916	8.250000e-004	
2917	6.750000e-004	
2918	5.000000e-004	
2919	3.500000e-004	
2920	2.000000e-004	
2921	3.500000e-004	
2922	2.250000e-004	
2923	2.750000e-004	
2924	2.500000e-004	
2925	2.500000e-004	
2926	2.500000e-004	
2927	3.000000e-004	
2928	2.500000e-004	
2929	3.500000e-004	
2930	4.000000e-004	
2931	3.250000e-004	
2932	3.000000e-004	
2933	4.000000e-004	
2934	3.750000e-004	
2935	3.250000e-004	
2936	3.000000e-004	
2937	1.750000e-004	
2938	1.250000e-004	
2939	1.500000e-004	
2940	1.750000e-004	
2941	1.500000e-004	
2942	1.000000e-004	
2943	1.250000e-004	
2944	1.250000e-004	
2945	1.250000e-004	
2946	2.500000e-005	
2947	2.500000e-005	
2948	5.000000e-005	
2949	0	
2950	0	
2951	0	
2952	0	
2953	0	
2954	0	
2955	0	
2956	0	
2957	0	
2958	0	
2959	0	
2960	0	
2961	0	
2962	0	
2963	0	
2964	0	
2965	0	
2966	0	
2967	0	
2968	0	
2969	0	
2970	0	
2971	0	
2972	0	
2973	0	
2974	0	
2975	0	
2976	0	
2977	0	
2978	0	
2979	0	
2980	0	
2981	0	
2982	0	
2983	0	
2984	0	
2985	0	
2986	0	
2987	0	
2988	0	
2989	0	
2990	0	
2991	0	
2992	0	
2993	0	
2994	0	
2995	0	
2996	0	
2997	0	
2998	0	
2999	0	
3000	0	
3001	0	
