1	0	
2	0	
3	0	
4	0	
5	0	
6	2.500000e-005	
7	7.500000e-005	
8	1.500000e-004	
9	2.250000e-004	
10	3.000000e-004	
11	4.750000e-004	
12	4.500000e-004	
13	4.500000e-004	
14	5.000000e-004	
15	6.750000e-004	
16	7.250000e-004	
17	6.750000e-004	
18	7.000000e-004	
19	8.750000e-004	
20	8.750000e-004	
21	9.500000e-004	
22	1.150000e-003	
23	1.125000e-003	
24	1.200000e-003	
25	1.425000e-003	
26	1.550000e-003	
27	1.625000e-003	
28	1.750000e-003	
29	1.700000e-003	
30	1.475000e-003	
31	1.500000e-003	
32	1.675000e-003	
33	1.900000e-003	
34	2.275000e-003	
35	2.150000e-003	
36	2.750000e-003	
37	2.600000e-003	
38	2.700000e-003	
39	2.875000e-003	
40	3.350000e-003	
41	3.300000e-003	
42	2.575000e-003	
43	3.250000e-003	
44	3.625000e-003	
45	3.875000e-003	
46	4.550000e-003	
47	4.625000e-003	
48	4.800000e-003	
49	4.350000e-003	
50	4.450000e-003	
51	5.200000e-003	
52	5.575000e-003	
53	5.600000e-003	
54	6.075000e-003	
55	6.200000e-003	
56	7.075000e-003	
57	6.600000e-003	
58	6.825000e-003	
59	6.900000e-003	
60	6.775000e-003	
61	7.325000e-003	
62	7.725000e-003	
63	7.175000e-003	
64	7.100000e-003	
65	7.175000e-003	
66	7.575000e-003	
67	7.925000e-003	
68	8.875000e-003	
69	9.275000e-003	
70	9.625000e-003	
71	9.650000e-003	
72	9.925000e-003	
73	1.027500e-002	
74	1.097500e-002	
75	1.105000e-002	
76	1.140000e-002	
77	1.070000e-002	
78	1.002500e-002	
79	9.550000e-003	
80	9.725000e-003	
81	8.975000e-003	
82	8.600000e-003	
83	8.850000e-003	
84	8.750000e-003	
85	8.075000e-003	
86	7.750000e-003	
87	7.550000e-003	
88	8.200000e-003	
89	8.350000e-003	
90	7.375000e-003	
91	6.725000e-003	
92	6.875000e-003	
93	7.000000e-003	
94	6.575000e-003	
95	6.825000e-003	
96	7.000000e-003	
97	6.250000e-003	
98	5.125000e-003	
99	5.225000e-003	
100	4.850000e-003	
101	4.250000e-003	
102	3.775000e-003	
103	3.500000e-003	
104	3.500000e-003	
105	3.550000e-003	
106	3.675000e-003	
107	3.625000e-003	
108	3.050000e-003	
109	2.775000e-003	
110	2.625000e-003	
111	2.100000e-003	
112	1.825000e-003	
113	1.575000e-003	
114	1.175000e-003	
115	1.125000e-003	
116	9.250000e-004	
117	7.500000e-004	
118	4.750000e-004	
119	4.000000e-004	
120	2.750000e-004	
121	1.250000e-004	
122	0	
123	0	
124	0	
125	0	
126	0	
127	0	
128	0	
129	0	
130	0	
131	0	
132	0	
133	0	
134	0	
135	0	
136	0	
137	0	
138	0	
139	0	
140	0	
141	0	
142	0	
143	0	
144	0	
145	0	
146	0	
147	0	
148	0	
149	0	
150	0	
151	0	
152	0	
153	0	
154	0	
155	0	
156	0	
157	0	
158	0	
159	0	
160	0	
161	0	
162	0	
163	0	
164	0	
165	0	
166	0	
167	0	
168	0	
169	0	
170	0	
171	0	
172	0	
173	0	
174	0	
175	0	
176	0	
177	0	
178	0	
179	0	
180	0	
181	0	
182	0	
183	2.500000e-005	
184	2.500000e-005	
185	0	
186	0	
187	0	
188	0	
189	0	
190	0	
191	0	
192	0	
193	0	
194	0	
195	0	
196	0	
197	0	
198	0	
199	0	
200	0	
201	0	
202	0	
203	0	
204	0	
205	0	
206	0	
207	0	
208	0	
209	0	
210	0	
211	0	
212	0	
213	0	
214	0	
215	0	
216	0	
217	0	
218	0	
219	0	
220	0	
221	0	
222	0	
223	0	
224	0	
225	0	
226	0	
227	0	
228	0	
229	0	
230	0	
231	0	
232	0	
233	0	
234	0	
235	0	
236	0	
237	0	
238	0	
239	0	
240	0	
241	2.500000e-005	
242	5.000000e-005	
243	0	
244	0	
245	0	
246	0	
247	0	
248	0	
249	0	
250	0	
251	0	
252	0	
253	0	
254	0	
255	0	
256	0	
257	0	
258	0	
259	0	
260	0	
261	0	
262	0	
263	0	
264	0	
265	0	
266	0	
267	0	
268	0	
269	0	
270	0	
271	0	
272	0	
273	0	
274	0	
275	0	
276	0	
277	2.500000e-005	
278	1.000000e-004	
279	5.000000e-005	
280	2.500000e-005	
281	7.500000e-005	
282	7.500000e-005	
283	1.000000e-004	
284	5.000000e-005	
285	2.500000e-005	
286	2.500000e-005	
287	0	
288	2.500000e-005	
289	0	
290	0	
291	0	
292	0	
293	0	
294	0	
295	0	
296	0	
297	0	
298	0	
299	0	
300	0	
301	0	
302	0	
303	0	
304	0	
305	0	
306	0	
307	0	
308	0	
309	0	
310	0	
311	0	
312	0	
313	0	
314	0	
315	0	
316	2.500000e-005	
317	2.500000e-005	
318	0	
319	2.500000e-005	
320	5.000000e-005	
321	2.500000e-005	
322	2.500000e-005	
323	0	
324	0	
325	0	
326	0	
327	0	
328	0	
329	0	
330	0	
331	0	
332	0	
333	0	
334	0	
335	0	
336	0	
337	0	
338	0	
339	0	
340	2.500000e-005	
341	0	
342	0	
343	0	
344	0	
345	0	
346	0	
347	0	
348	0	
349	0	
350	0	
351	0	
352	0	
353	2.500000e-005	
354	5.000000e-005	
355	7.500000e-005	
356	5.000000e-005	
357	5.000000e-005	
358	5.000000e-005	
359	5.000000e-005	
360	5.000000e-005	
361	2.500000e-005	
362	5.000000e-005	
363	2.500000e-005	
364	2.500000e-005	
365	2.500000e-005	
366	0	
367	0	
368	0	
369	0	
370	0	
371	0	
372	0	
373	0	
374	0	
375	0	
376	2.500000e-005	
377	0	
378	0	
379	0	
380	0	
381	0	
382	0	
383	2.500000e-005	
384	5.000000e-005	
385	7.500000e-005	
386	1.000000e-004	
387	1.250000e-004	
388	1.250000e-004	
389	5.000000e-005	
390	2.500000e-005	
391	7.500000e-005	
392	2.500000e-005	
393	7.500000e-005	
394	5.000000e-005	
395	5.000000e-005	
396	1.000000e-004	
397	7.500000e-005	
398	2.500000e-005	
399	2.500000e-005	
400	5.000000e-005	
401	5.000000e-005	
402	5.000000e-005	
403	5.000000e-005	
404	2.500000e-005	
405	0	
406	0	
407	0	
408	0	
409	0	
410	0	
411	0	
412	0	
413	0	
414	0	
415	0	
416	2.500000e-005	
417	7.500000e-005	
418	5.000000e-005	
419	5.000000e-005	
420	2.500000e-005	
421	2.500000e-005	
422	5.000000e-005	
423	2.500000e-005	
424	5.000000e-005	
425	5.000000e-005	
426	5.000000e-005	
427	0	
428	0	
429	0	
430	0	
431	2.500000e-005	
432	1.000000e-004	
433	1.500000e-004	
434	1.500000e-004	
435	7.500000e-005	
436	1.500000e-004	
437	1.000000e-004	
438	1.000000e-004	
439	1.000000e-004	
440	5.000000e-005	
441	1.250000e-004	
442	1.750000e-004	
443	5.000000e-005	
444	2.500000e-005	
445	0	
446	0	
447	2.500000e-005	
448	2.500000e-005	
449	2.500000e-005	
450	2.500000e-005	
451	2.500000e-005	
452	5.000000e-005	
453	7.500000e-005	
454	1.000000e-004	
455	7.500000e-005	
456	2.500000e-005	
457	2.500000e-005	
458	5.000000e-005	
459	5.000000e-005	
460	5.000000e-005	
461	2.500000e-005	
462	7.500000e-005	
463	7.500000e-005	
464	1.250000e-004	
465	1.250000e-004	
466	1.250000e-004	
467	1.250000e-004	
468	7.500000e-005	
469	1.250000e-004	
470	1.250000e-004	
471	7.500000e-005	
472	7.500000e-005	
473	0	
474	0	
475	0	
476	0	
477	0	
478	2.500000e-005	
479	5.000000e-005	
480	2.500000e-005	
481	5.000000e-005	
482	1.000000e-004	
483	1.750000e-004	
484	2.750000e-004	
485	2.750000e-004	
486	2.500000e-004	
487	2.000000e-004	
488	1.500000e-004	
489	3.000000e-004	
490	3.250000e-004	
491	3.750000e-004	
492	4.500000e-004	
493	3.750000e-004	
494	2.750000e-004	
495	2.000000e-004	
496	1.500000e-004	
497	1.000000e-004	
498	1.000000e-004	
499	2.500000e-004	
500	3.000000e-004	
501	2.750000e-004	
502	2.000000e-004	
503	2.250000e-004	
504	1.750000e-004	
505	2.500000e-004	
506	2.250000e-004	
507	2.750000e-004	
508	3.250000e-004	
509	3.250000e-004	
510	3.000000e-004	
511	4.500000e-004	
512	4.500000e-004	
513	3.250000e-004	
514	3.000000e-004	
515	3.000000e-004	
516	1.750000e-004	
517	2.000000e-004	
518	2.250000e-004	
519	2.250000e-004	
520	1.500000e-004	
521	2.250000e-004	
522	2.000000e-004	
523	2.000000e-004	
524	2.250000e-004	
525	1.750000e-004	
526	2.500000e-004	
527	2.250000e-004	
528	3.000000e-004	
529	3.250000e-004	
530	4.750000e-004	
531	2.750000e-004	
532	4.250000e-004	
533	5.000000e-004	
534	4.500000e-004	
535	4.500000e-004	
536	4.750000e-004	
537	6.000000e-004	
538	4.500000e-004	
539	4.750000e-004	
540	6.000000e-004	
541	4.250000e-004	
542	3.750000e-004	
543	5.000000e-004	
544	6.000000e-004	
545	5.250000e-004	
546	4.250000e-004	
547	5.500000e-004	
548	5.750000e-004	
549	7.250000e-004	
550	7.250000e-004	
551	8.000000e-004	
552	5.000000e-004	
553	5.500000e-004	
554	6.750000e-004	
555	8.500000e-004	
556	1.100000e-003	
557	8.750000e-004	
558	9.500000e-004	
559	8.000000e-004	
560	6.250000e-004	
561	6.750000e-004	
562	6.500000e-004	
563	4.750000e-004	
564	5.750000e-004	
565	6.000000e-004	
566	6.000000e-004	
567	5.000000e-004	
568	4.750000e-004	
569	6.000000e-004	
570	6.000000e-004	
571	4.750000e-004	
572	5.000000e-004	
573	4.000000e-004	
574	3.250000e-004	
575	3.750000e-004	
576	3.500000e-004	
577	4.500000e-004	
578	5.000000e-004	
579	7.500000e-004	
580	8.750000e-004	
581	8.750000e-004	
582	9.500000e-004	
583	9.750000e-004	
584	9.750000e-004	
585	1.050000e-003	
586	9.750000e-004	
587	1.000000e-003	
588	1.200000e-003	
589	1.025000e-003	
590	1.400000e-003	
591	1.325000e-003	
592	1.400000e-003	
593	1.450000e-003	
594	1.400000e-003	
595	1.325000e-003	
596	1.650000e-003	
597	1.800000e-003	
598	1.800000e-003	
599	1.725000e-003	
600	1.875000e-003	
601	1.725000e-003	
602	1.675000e-003	
603	1.775000e-003	
604	1.725000e-003	
605	1.900000e-003	
606	1.725000e-003	
607	1.975000e-003	
608	2.175000e-003	
609	1.875000e-003	
610	2.025000e-003	
611	2.400000e-003	
612	2.575000e-003	
613	2.575000e-003	
614	2.650000e-003	
615	3.075000e-003	
616	3.225000e-003	
617	3.200000e-003	
618	2.900000e-003	
619	2.975000e-003	
620	2.950000e-003	
621	3.150000e-003	
622	3.475000e-003	
623	3.525000e-003	
624	3.275000e-003	
625	3.625000e-003	
626	3.850000e-003	
627	3.750000e-003	
628	3.950000e-003	
629	4.375000e-003	
630	4.850000e-003	
631	5.000000e-003	
632	4.400000e-003	
633	4.425000e-003	
634	4.925000e-003	
635	5.100000e-003	
636	4.975000e-003	
637	4.225000e-003	
638	4.850000e-003	
639	4.975000e-003	
640	5.125000e-003	
641	4.925000e-003	
642	4.625000e-003	
643	4.050000e-003	
644	3.675000e-003	
645	3.825000e-003	
646	4.100000e-003	
647	4.025000e-003	
648	3.975000e-003	
649	3.600000e-003	
650	4.075000e-003	
651	4.525000e-003	
652	4.450000e-003	
653	4.325000e-003	
654	3.950000e-003	
655	4.250000e-003	
656	4.675000e-003	
657	5.650000e-003	
658	5.700000e-003	
659	5.025000e-003	
660	5.250000e-003	
661	5.225000e-003	
662	4.675000e-003	
663	3.850000e-003	
664	3.775000e-003	
665	3.950000e-003	
666	3.625000e-003	
667	4.200000e-003	
668	3.875000e-003	
669	3.050000e-003	
670	2.900000e-003	
671	3.150000e-003	
672	2.575000e-003	
673	2.350000e-003	
674	2.450000e-003	
675	2.400000e-003	
676	2.325000e-003	
677	2.175000e-003	
678	1.775000e-003	
679	1.475000e-003	
680	1.450000e-003	
681	1.600000e-003	
682	1.700000e-003	
683	1.475000e-003	
684	1.575000e-003	
685	1.350000e-003	
686	1.125000e-003	
687	1.000000e-003	
688	1.150000e-003	
689	1.325000e-003	
690	1.250000e-003	
691	1.250000e-003	
692	1.100000e-003	
693	1.050000e-003	
694	1.300000e-003	
695	1.175000e-003	
696	1.350000e-003	
697	1.200000e-003	
698	7.250000e-004	
699	6.250000e-004	
700	8.750000e-004	
701	7.000000e-004	
702	4.500000e-004	
703	2.250000e-004	
704	2.000000e-004	
705	2.250000e-004	
706	1.750000e-004	
707	2.000000e-004	
708	2.250000e-004	
709	2.250000e-004	
710	1.500000e-004	
711	1.500000e-004	
712	2.000000e-004	
713	2.000000e-004	
714	1.500000e-004	
715	2.000000e-004	
716	1.750000e-004	
717	7.500000e-005	
718	5.000000e-005	
719	7.500000e-005	
720	1.000000e-004	
721	5.000000e-005	
722	5.000000e-005	
723	1.500000e-004	
724	2.250000e-004	
725	3.250000e-004	
726	2.750000e-004	
727	2.000000e-004	
728	1.750000e-004	
729	1.000000e-004	
730	5.000000e-005	
731	5.000000e-005	
732	0	
733	0	
734	0	
735	0	
736	0	
737	0	
738	0	
739	0	
740	0	
741	0	
742	2.500000e-005	
743	7.500000e-005	
744	5.000000e-005	
745	2.500000e-005	
746	7.500000e-005	
747	2.500000e-005	
748	5.000000e-005	
749	7.500000e-005	
750	1.500000e-004	
751	2.500000e-005	
752	2.500000e-005	
753	0	
754	0	
755	0	
756	0	
757	0	
758	0	
759	0	
760	0	
761	2.500000e-005	
762	2.500000e-005	
763	2.500000e-005	
764	2.500000e-005	
765	2.500000e-005	
766	5.000000e-005	
767	2.500000e-005	
768	0	
769	0	
770	2.500000e-005	
771	2.500000e-005	
772	2.500000e-005	
773	0	
774	0	
775	0	
776	0	
777	0	
778	0	
779	0	
780	2.500000e-005	
781	7.500000e-005	
782	1.000000e-004	
783	1.250000e-004	
784	2.500000e-005	
785	2.500000e-005	
786	7.500000e-005	
787	0	
788	0	
789	0	
790	0	
791	0	
792	0	
793	0	
794	0	
795	0	
796	0	
797	0	
798	0	
799	0	
800	0	
801	0	
802	0	
803	0	
804	0	
805	0	
806	0	
807	0	
808	0	
809	0	
810	0	
811	0	
812	0	
813	2.500000e-005	
814	5.000000e-005	
815	5.000000e-005	
816	7.500000e-005	
817	5.000000e-005	
818	2.500000e-005	
819	2.500000e-005	
820	0	
821	0	
822	0	
823	0	
824	0	
825	0	
826	0	
827	0	
828	0	
829	2.500000e-005	
830	0	
831	0	
832	0	
833	0	
834	0	
835	0	
836	0	
837	0	
838	0	
839	0	
840	0	
841	0	
842	0	
843	0	
844	0	
845	0	
846	0	
847	2.500000e-005	
848	5.000000e-005	
849	2.500000e-005	
850	2.500000e-005	
851	7.500000e-005	
852	7.500000e-005	
853	5.000000e-005	
854	7.500000e-005	
855	5.000000e-005	
856	7.500000e-005	
857	7.500000e-005	
858	2.000000e-004	
859	1.750000e-004	
860	7.500000e-005	
861	2.500000e-005	
862	2.500000e-005	
863	5.000000e-005	
864	1.250000e-004	
865	1.250000e-004	
866	1.000000e-004	
867	5.000000e-005	
868	1.000000e-004	
869	5.000000e-005	
870	2.500000e-005	
871	2.500000e-005	
872	2.500000e-005	
873	0	
874	2.500000e-005	
875	5.000000e-005	
876	0	
877	0	
878	0	
879	0	
880	0	
881	2.500000e-005	
882	5.000000e-005	
883	5.000000e-005	
884	1.250000e-004	
885	1.000000e-004	
886	1.500000e-004	
887	1.500000e-004	
888	0	
889	2.500000e-005	
890	2.500000e-005	
891	2.500000e-005	
892	0	
893	0	
894	0	
895	0	
896	0	
897	0	
898	0	
899	0	
900	0	
901	0	
902	0	
903	0	
904	0	
905	0	
906	0	
907	0	
908	0	
909	0	
910	0	
911	0	
912	0	
913	0	
914	2.500000e-005	
915	1.000000e-004	
916	2.000000e-004	
917	1.250000e-004	
918	1.750000e-004	
919	1.750000e-004	
920	1.500000e-004	
921	1.250000e-004	
922	1.000000e-004	
923	1.000000e-004	
924	7.500000e-005	
925	7.500000e-005	
926	5.000000e-005	
927	7.500000e-005	
928	1.000000e-004	
929	7.500000e-005	
930	7.500000e-005	
931	1.000000e-004	
932	7.500000e-005	
933	7.500000e-005	
934	5.000000e-005	
935	0	
936	0	
937	0	
938	0	
939	0	
940	2.500000e-005	
941	5.000000e-005	
942	5.000000e-005	
943	0	
944	0	
945	2.500000e-005	
946	7.500000e-005	
947	1.500000e-004	
948	5.000000e-005	
949	7.500000e-005	
950	1.500000e-004	
951	1.250000e-004	
952	1.250000e-004	
953	7.500000e-005	
954	2.500000e-005	
955	2.500000e-005	
956	2.500000e-005	
957	2.500000e-005	
958	0	
959	0	
960	0	
961	0	
962	0	
963	0	
964	0	
965	0	
966	0	
967	0	
968	0	
969	0	
970	0	
971	0	
972	0	
973	0	
974	0	
975	0	
976	0	
977	0	
978	0	
979	0	
980	0	
981	0	
982	0	
983	0	
984	0	
985	0	
986	0	
987	0	
988	0	
989	0	
990	0	
991	2.500000e-005	
992	5.000000e-005	
993	5.000000e-005	
994	1.250000e-004	
995	1.750000e-004	
996	2.250000e-004	
997	2.750000e-004	
998	3.500000e-004	
999	4.000000e-004	
1000	4.250000e-004	
1001	2.250000e-004	
1002	2.250000e-004	
1003	1.750000e-004	
1004	2.000000e-004	
1005	2.250000e-004	
1006	2.500000e-004	
1007	2.000000e-004	
1008	3.000000e-004	
1009	2.500000e-004	
1010	2.000000e-004	
1011	2.500000e-004	
1012	2.750000e-004	
1013	1.500000e-004	
1014	2.000000e-004	
1015	2.250000e-004	
1016	1.750000e-004	
1017	1.500000e-004	
1018	1.750000e-004	
1019	1.000000e-004	
1020	1.750000e-004	
1021	1.250000e-004	
1022	2.000000e-004	
1023	2.000000e-004	
1024	1.750000e-004	
1025	1.000000e-004	
1026	1.000000e-004	
1027	1.000000e-004	
1028	1.750000e-004	
1029	1.250000e-004	
1030	7.500000e-005	
1031	1.250000e-004	
1032	1.000000e-004	
1033	1.500000e-004	
1034	2.750000e-004	
1035	3.250000e-004	
1036	3.500000e-004	
1037	3.250000e-004	
1038	3.250000e-004	
1039	3.750000e-004	
1040	4.250000e-004	
1041	4.750000e-004	
1042	5.000000e-004	
1043	7.000000e-004	
1044	7.000000e-004	
1045	8.500000e-004	
1046	6.750000e-004	
1047	6.500000e-004	
1048	7.000000e-004	
1049	4.250000e-004	
1050	6.250000e-004	
1051	6.250000e-004	
1052	5.500000e-004	
1053	5.000000e-004	
1054	4.000000e-004	
1055	5.500000e-004	
1056	7.500000e-004	
1057	6.750000e-004	
1058	7.500000e-004	
1059	7.000000e-004	
1060	6.250000e-004	
1061	6.000000e-004	
1062	6.500000e-004	
1063	6.250000e-004	
1064	7.500000e-004	
1065	6.500000e-004	
1066	1.025000e-003	
1067	1.100000e-003	
1068	9.250000e-004	
1069	1.125000e-003	
1070	1.175000e-003	
1071	1.050000e-003	
1072	1.025000e-003	
1073	1.350000e-003	
1074	1.325000e-003	
1075	1.325000e-003	
1076	1.325000e-003	
1077	1.550000e-003	
1078	1.450000e-003	
1079	1.600000e-003	
1080	1.525000e-003	
1081	1.600000e-003	
1082	1.800000e-003	
1083	1.625000e-003	
1084	1.675000e-003	
1085	1.900000e-003	
1086	1.525000e-003	
1087	1.200000e-003	
1088	1.500000e-003	
1089	1.375000e-003	
1090	1.800000e-003	
1091	1.750000e-003	
1092	1.875000e-003	
1093	1.975000e-003	
1094	2.025000e-003	
1095	1.600000e-003	
1096	1.650000e-003	
1097	1.675000e-003	
1098	1.475000e-003	
1099	1.275000e-003	
1100	1.125000e-003	
1101	1.500000e-003	
1102	1.275000e-003	
1103	1.525000e-003	
1104	1.550000e-003	
1105	1.375000e-003	
1106	1.375000e-003	
1107	1.200000e-003	
1108	1.075000e-003	
1109	1.075000e-003	
1110	1.000000e-003	
1111	1.075000e-003	
1112	1.225000e-003	
1113	1.350000e-003	
1114	1.075000e-003	
1115	1.050000e-003	
1116	1.100000e-003	
1117	1.100000e-003	
1118	1.275000e-003	
1119	1.475000e-003	
1120	1.350000e-003	
1121	1.350000e-003	
1122	1.350000e-003	
1123	1.500000e-003	
1124	1.525000e-003	
1125	1.450000e-003	
1126	1.075000e-003	
1127	1.000000e-003	
1128	1.150000e-003	
1129	9.750000e-004	
1130	1.025000e-003	
1131	9.500000e-004	
1132	8.500000e-004	
1133	8.250000e-004	
1134	8.250000e-004	
1135	9.250000e-004	
1136	8.250000e-004	
1137	8.000000e-004	
1138	8.750000e-004	
1139	9.500000e-004	
1140	9.750000e-004	
1141	1.125000e-003	
1142	1.025000e-003	
1143	1.075000e-003	
1144	1.150000e-003	
1145	1.150000e-003	
1146	1.275000e-003	
1147	1.425000e-003	
1148	1.475000e-003	
1149	1.550000e-003	
1150	1.575000e-003	
1151	1.500000e-003	
1152	1.625000e-003	
1153	1.825000e-003	
1154	1.725000e-003	
1155	1.800000e-003	
1156	2.025000e-003	
1157	1.950000e-003	
1158	1.750000e-003	
1159	2.025000e-003	
1160	2.225000e-003	
1161	2.075000e-003	
1162	1.800000e-003	
1163	1.825000e-003	
1164	1.825000e-003	
1165	1.450000e-003	
1166	1.675000e-003	
1167	1.850000e-003	
1168	1.375000e-003	
1169	1.700000e-003	
1170	1.900000e-003	
1171	1.800000e-003	
1172	1.800000e-003	
1173	1.500000e-003	
1174	1.400000e-003	
1175	1.475000e-003	
1176	1.550000e-003	
1177	1.500000e-003	
1178	1.625000e-003	
1179	1.650000e-003	
1180	1.600000e-003	
1181	1.750000e-003	
1182	1.825000e-003	
1183	1.775000e-003	
1184	1.875000e-003	
1185	1.700000e-003	
1186	1.600000e-003	
1187	1.475000e-003	
1188	1.275000e-003	
1189	1.650000e-003	
1190	1.600000e-003	
1191	1.575000e-003	
1192	1.625000e-003	
1193	1.950000e-003	
1194	1.900000e-003	
1195	2.075000e-003	
1196	1.975000e-003	
1197	2.125000e-003	
1198	1.850000e-003	
1199	1.675000e-003	
1200	1.675000e-003	
1201	1.600000e-003	
1202	1.575000e-003	
1203	1.475000e-003	
1204	1.350000e-003	
1205	1.300000e-003	
1206	1.450000e-003	
1207	1.750000e-003	
1208	1.475000e-003	
1209	1.200000e-003	
1210	1.000000e-003	
1211	1.050000e-003	
1212	1.275000e-003	
1213	1.275000e-003	
1214	1.425000e-003	
1215	1.350000e-003	
1216	1.375000e-003	
1217	1.450000e-003	
1218	1.575000e-003	
1219	1.450000e-003	
1220	1.350000e-003	
1221	1.500000e-003	
1222	1.575000e-003	
1223	1.275000e-003	
1224	1.575000e-003	
1225	1.300000e-003	
1226	1.500000e-003	
1227	1.575000e-003	
1228	1.450000e-003	
1229	1.500000e-003	
1230	1.525000e-003	
1231	1.550000e-003	
1232	1.850000e-003	
1233	1.750000e-003	
1234	1.550000e-003	
1235	1.650000e-003	
1236	1.675000e-003	
1237	1.475000e-003	
1238	1.700000e-003	
1239	1.625000e-003	
1240	1.775000e-003	
1241	1.950000e-003	
1242	2.075000e-003	
1243	1.875000e-003	
1244	2.075000e-003	
1245	1.800000e-003	
1246	2.175000e-003	
1247	2.175000e-003	
1248	2.050000e-003	
1249	1.725000e-003	
1250	1.950000e-003	
1251	1.800000e-003	
1252	1.925000e-003	
1253	1.625000e-003	
1254	1.825000e-003	
1255	1.900000e-003	
1256	1.725000e-003	
1257	1.550000e-003	
1258	1.425000e-003	
1259	1.775000e-003	
1260	2.075000e-003	
1261	2.075000e-003	
1262	1.875000e-003	
1263	1.675000e-003	
1264	2.175000e-003	
1265	2.125000e-003	
1266	2.225000e-003	
1267	2.025000e-003	
1268	2.275000e-003	
1269	1.950000e-003	
1270	2.200000e-003	
1271	1.800000e-003	
1272	1.775000e-003	
1273	1.500000e-003	
1274	1.450000e-003	
1275	1.350000e-003	
1276	1.250000e-003	
1277	1.200000e-003	
1278	1.275000e-003	
1279	1.325000e-003	
1280	1.225000e-003	
1281	1.525000e-003	
1282	1.675000e-003	
1283	1.700000e-003	
1284	1.525000e-003	
1285	1.600000e-003	
1286	1.325000e-003	
1287	1.075000e-003	
1288	1.075000e-003	
1289	1.225000e-003	
1290	1.425000e-003	
1291	1.600000e-003	
1292	1.350000e-003	
1293	9.250000e-004	
1294	8.250000e-004	
1295	8.250000e-004	
1296	6.250000e-004	
1297	4.750000e-004	
1298	5.250000e-004	
1299	4.500000e-004	
1300	4.500000e-004	
1301	3.000000e-004	
1302	3.750000e-004	
1303	4.750000e-004	
1304	4.500000e-004	
1305	4.250000e-004	
1306	3.250000e-004	
1307	1.500000e-004	
1308	1.000000e-004	
1309	1.250000e-004	
1310	1.000000e-004	
1311	7.500000e-005	
1312	5.000000e-005	
1313	5.000000e-005	
1314	2.500000e-005	
1315	0	
1316	0	
1317	0	
1318	0	
1319	0	
1320	0	
1321	0	
1322	0	
1323	0	
1324	0	
1325	2.500000e-005	
1326	2.500000e-005	
1327	2.500000e-005	
1328	0	
1329	0	
1330	0	
1331	0	
1332	0	
1333	0	
1334	0	
1335	0	
1336	0	
1337	0	
1338	0	
1339	0	
1340	0	
1341	0	
1342	0	
1343	0	
1344	0	
1345	0	
1346	0	
1347	2.500000e-005	
1348	5.000000e-005	
1349	2.500000e-005	
1350	0	
1351	0	
1352	0	
1353	0	
1354	0	
1355	0	
1356	0	
1357	0	
1358	0	
1359	0	
1360	0	
1361	0	
1362	2.500000e-005	
1363	5.000000e-005	
1364	2.500000e-005	
1365	0	
1366	0	
1367	0	
1368	0	
1369	0	
1370	0	
1371	0	
1372	0	
1373	0	
1374	0	
1375	0	
1376	0	
1377	0	
1378	0	
1379	0	
1380	0	
1381	2.500000e-005	
1382	2.500000e-005	
1383	1.000000e-004	
1384	1.000000e-004	
1385	7.500000e-005	
1386	1.500000e-004	
1387	1.000000e-004	
1388	1.250000e-004	
1389	7.500000e-005	
1390	1.750000e-004	
1391	5.000000e-005	
1392	2.500000e-005	
1393	2.500000e-005	
1394	2.500000e-005	
1395	1.500000e-004	
1396	1.250000e-004	
1397	1.750000e-004	
1398	2.500000e-004	
1399	2.500000e-004	
1400	4.500000e-004	
1401	4.000000e-004	
1402	3.750000e-004	
1403	4.750000e-004	
1404	5.250000e-004	
1405	5.000000e-004	
1406	3.250000e-004	
1407	3.250000e-004	
1408	4.000000e-004	
1409	4.750000e-004	
1410	5.000000e-004	
1411	4.750000e-004	
1412	4.750000e-004	
1413	5.000000e-004	
1414	6.750000e-004	
1415	7.500000e-004	
1416	6.000000e-004	
1417	4.750000e-004	
1418	5.500000e-004	
1419	2.500000e-004	
1420	2.250000e-004	
1421	2.250000e-004	
1422	2.000000e-004	
1423	2.750000e-004	
1424	3.750000e-004	
1425	3.250000e-004	
1426	3.500000e-004	
1427	2.000000e-004	
1428	1.000000e-004	
1429	1.000000e-004	
1430	1.000000e-004	
1431	1.250000e-004	
1432	1.750000e-004	
1433	1.750000e-004	
1434	7.500000e-005	
1435	5.000000e-005	
1436	2.500000e-005	
1437	1.000000e-004	
1438	5.000000e-005	
1439	5.000000e-005	
1440	2.500000e-005	
1441	0	
1442	0	
1443	0	
1444	0	
1445	0	
1446	0	
1447	0	
1448	0	
1449	0	
1450	0	
1451	0	
1452	0	
1453	0	
1454	0	
1455	0	
1456	0	
1457	0	
1458	0	
1459	0	
1460	0	
1461	0	
1462	0	
1463	0	
1464	0	
1465	0	
1466	0	
1467	0	
1468	0	
1469	0	
1470	2.500000e-005	
1471	7.500000e-005	
1472	1.000000e-004	
1473	5.000000e-005	
1474	2.500000e-005	
1475	2.500000e-005	
1476	7.500000e-005	
1477	0	
1478	0	
1479	0	
1480	0	
1481	0	
1482	0	
1483	2.500000e-005	
1484	1.250000e-004	
1485	1.500000e-004	
1486	2.500000e-005	
1487	5.000000e-005	
1488	2.500000e-005	
1489	0	
1490	0	
1491	0	
1492	0	
1493	2.500000e-005	
1494	5.000000e-005	
1495	1.500000e-004	
1496	1.250000e-004	
1497	5.000000e-005	
1498	2.500000e-005	
1499	1.000000e-004	
1500	1.750000e-004	
1501	2.250000e-004	
1502	2.750000e-004	
1503	3.000000e-004	
1504	4.000000e-004	
1505	6.000000e-004	
1506	5.250000e-004	
1507	6.000000e-004	
1508	5.250000e-004	
1509	7.250000e-004	
1510	5.000000e-004	
1511	5.000000e-004	
1512	4.000000e-004	
1513	4.750000e-004	
1514	4.500000e-004	
1515	4.250000e-004	
1516	3.500000e-004	
1517	2.250000e-004	
1518	2.750000e-004	
1519	4.000000e-004	
1520	4.000000e-004	
1521	4.750000e-004	
1522	4.750000e-004	
1523	5.750000e-004	
1524	4.500000e-004	
1525	5.250000e-004	
1526	3.500000e-004	
1527	3.500000e-004	
1528	3.750000e-004	
1529	5.000000e-004	
1530	7.000000e-004	
1531	5.000000e-004	
1532	3.750000e-004	
1533	3.500000e-004	
1534	5.000000e-004	
1535	4.000000e-004	
1536	4.250000e-004	
1537	6.500000e-004	
1538	6.250000e-004	
1539	5.500000e-004	
1540	5.000000e-004	
1541	6.250000e-004	
1542	6.500000e-004	
1543	5.250000e-004	
1544	6.250000e-004	
1545	9.750000e-004	
1546	1.100000e-003	
1547	1.025000e-003	
1548	1.075000e-003	
1549	9.750000e-004	
1550	1.025000e-003	
1551	1.225000e-003	
1552	1.325000e-003	
1553	1.425000e-003	
1554	1.475000e-003	
1555	1.500000e-003	
1556	1.475000e-003	
1557	1.500000e-003	
1558	1.175000e-003	
1559	1.050000e-003	
1560	9.750000e-004	
1561	1.175000e-003	
1562	1.400000e-003	
1563	1.200000e-003	
1564	1.500000e-003	
1565	1.450000e-003	
1566	1.300000e-003	
1567	1.500000e-003	
1568	1.475000e-003	
1569	1.200000e-003	
1570	1.050000e-003	
1571	1.000000e-003	
1572	8.250000e-004	
1573	8.500000e-004	
1574	8.250000e-004	
1575	1.025000e-003	
1576	1.175000e-003	
1577	1.250000e-003	
1578	1.250000e-003	
1579	1.250000e-003	
1580	1.175000e-003	
1581	1.050000e-003	
1582	1.050000e-003	
1583	1.250000e-003	
1584	1.275000e-003	
1585	1.300000e-003	
1586	1.075000e-003	
1587	1.150000e-003	
1588	1.275000e-003	
1589	1.125000e-003	
1590	1.225000e-003	
1591	1.350000e-003	
1592	1.400000e-003	
1593	1.275000e-003	
1594	1.225000e-003	
1595	1.525000e-003	
1596	1.525000e-003	
1597	1.775000e-003	
1598	1.650000e-003	
1599	1.475000e-003	
1600	9.750000e-004	
1601	1.000000e-003	
1602	9.250000e-004	
1603	8.000000e-004	
1604	8.250000e-004	
1605	7.500000e-004	
1606	8.750000e-004	
1607	9.250000e-004	
1608	7.000000e-004	
1609	6.000000e-004	
1610	5.500000e-004	
1611	3.750000e-004	
1612	4.250000e-004	
1613	4.500000e-004	
1614	5.000000e-004	
1615	3.500000e-004	
1616	4.250000e-004	
1617	3.750000e-004	
1618	3.500000e-004	
1619	4.000000e-004	
1620	3.750000e-004	
1621	4.250000e-004	
1622	4.750000e-004	
1623	5.000000e-004	
1624	3.750000e-004	
1625	3.250000e-004	
1626	4.750000e-004	
1627	8.250000e-004	
1628	8.750000e-004	
1629	7.250000e-004	
1630	8.500000e-004	
1631	9.250000e-004	
1632	1.000000e-003	
1633	1.250000e-003	
1634	1.450000e-003	
1635	1.525000e-003	
1636	1.575000e-003	
1637	1.425000e-003	
1638	1.150000e-003	
1639	1.325000e-003	
1640	1.250000e-003	
1641	9.750000e-004	
1642	8.000000e-004	
1643	9.250000e-004	
1644	1.000000e-003	
1645	9.000000e-004	
1646	6.250000e-004	
1647	5.500000e-004	
1648	6.250000e-004	
1649	6.250000e-004	
1650	8.750000e-004	
1651	8.250000e-004	
1652	7.750000e-004	
1653	7.000000e-004	
1654	8.250000e-004	
1655	7.250000e-004	
1656	5.000000e-004	
1657	3.250000e-004	
1658	2.750000e-004	
1659	3.250000e-004	
1660	2.750000e-004	
1661	4.000000e-004	
1662	4.500000e-004	
1663	4.750000e-004	
1664	5.000000e-004	
1665	3.750000e-004	
1666	4.500000e-004	
1667	5.000000e-004	
1668	3.250000e-004	
1669	3.000000e-004	
1670	3.500000e-004	
1671	4.000000e-004	
1672	5.500000e-004	
1673	8.000000e-004	
1674	7.500000e-004	
1675	9.000000e-004	
1676	8.500000e-004	
1677	9.000000e-004	
1678	7.250000e-004	
1679	5.750000e-004	
1680	4.250000e-004	
1681	5.500000e-004	
1682	6.250000e-004	
1683	6.500000e-004	
1684	6.250000e-004	
1685	6.500000e-004	
1686	8.750000e-004	
1687	1.075000e-003	
1688	1.125000e-003	
1689	1.150000e-003	
1690	1.300000e-003	
1691	1.450000e-003	
1692	1.500000e-003	
1693	1.600000e-003	
1694	1.425000e-003	
1695	1.275000e-003	
1696	1.050000e-003	
1697	1.200000e-003	
1698	1.725000e-003	
1699	1.875000e-003	
1700	2.025000e-003	
1701	2.175000e-003	
1702	1.900000e-003	
1703	2.000000e-003	
1704	1.800000e-003	
1705	2.150000e-003	
1706	2.775000e-003	
1707	2.250000e-003	
1708	2.250000e-003	
1709	2.225000e-003	
1710	2.375000e-003	
1711	2.550000e-003	
1712	1.975000e-003	
1713	1.550000e-003	
1714	1.775000e-003	
1715	2.075000e-003	
1716	1.875000e-003	
1717	1.850000e-003	
1718	1.700000e-003	
1719	1.775000e-003	
1720	1.575000e-003	
1721	1.325000e-003	
1722	1.300000e-003	
1723	1.500000e-003	
1724	1.550000e-003	
1725	1.575000e-003	
1726	1.350000e-003	
1727	1.150000e-003	
1728	1.175000e-003	
1729	1.250000e-003	
1730	1.225000e-003	
1731	1.450000e-003	
1732	9.000000e-004	
1733	8.750000e-004	
1734	7.500000e-004	
1735	6.250000e-004	
1736	6.500000e-004	
1737	7.750000e-004	
1738	6.750000e-004	
1739	8.250000e-004	
1740	9.750000e-004	
1741	1.125000e-003	
1742	1.025000e-003	
1743	9.750000e-004	
1744	1.000000e-003	
1745	9.750000e-004	
1746	9.750000e-004	
1747	9.000000e-004	
1748	8.250000e-004	
1749	1.000000e-003	
1750	1.175000e-003	
1751	1.250000e-003	
1752	1.100000e-003	
1753	8.250000e-004	
1754	1.000000e-003	
1755	1.150000e-003	
1756	1.250000e-003	
1757	1.175000e-003	
1758	1.225000e-003	
1759	1.575000e-003	
1760	1.150000e-003	
1761	1.000000e-003	
1762	1.225000e-003	
1763	9.500000e-004	
1764	1.025000e-003	
1765	9.500000e-004	
1766	1.175000e-003	
1767	9.750000e-004	
1768	6.500000e-004	
1769	5.750000e-004	
1770	7.250000e-004	
1771	7.000000e-004	
1772	7.500000e-004	
1773	4.500000e-004	
1774	5.500000e-004	
1775	5.500000e-004	
1776	7.500000e-004	
1777	4.250000e-004	
1778	4.500000e-004	
1779	4.000000e-004	
1780	3.750000e-004	
1781	4.500000e-004	
1782	5.500000e-004	
1783	5.500000e-004	
1784	6.250000e-004	
1785	5.750000e-004	
1786	7.000000e-004	
1787	6.750000e-004	
1788	6.750000e-004	
1789	7.000000e-004	
1790	7.250000e-004	
1791	6.500000e-004	
1792	7.500000e-004	
1793	7.250000e-004	
1794	7.000000e-004	
1795	8.250000e-004	
1796	9.250000e-004	
1797	1.100000e-003	
1798	8.250000e-004	
1799	7.000000e-004	
1800	6.250000e-004	
1801	5.000000e-004	
1802	6.250000e-004	
1803	5.750000e-004	
1804	4.000000e-004	
1805	3.500000e-004	
1806	5.250000e-004	
1807	3.750000e-004	
1808	3.500000e-004	
1809	1.500000e-004	
1810	7.500000e-005	
1811	5.000000e-005	
1812	2.500000e-005	
1813	0	
1814	0	
1815	0	
1816	0	
1817	0	
1818	0	
1819	0	
1820	0	
1821	2.500000e-005	
1822	0	
1823	0	
1824	2.500000e-005	
1825	2.500000e-005	
1826	1.250000e-004	
1827	1.500000e-004	
1828	1.750000e-004	
1829	1.750000e-004	
1830	1.750000e-004	
1831	1.750000e-004	
1832	2.500000e-004	
1833	3.000000e-004	
1834	2.250000e-004	
1835	2.500000e-004	
1836	3.250000e-004	
1837	3.000000e-004	
1838	4.000000e-004	
1839	4.750000e-004	
1840	4.000000e-004	
1841	3.250000e-004	
1842	4.000000e-004	
1843	6.250000e-004	
1844	7.000000e-004	
1845	8.000000e-004	
1846	7.000000e-004	
1847	7.000000e-004	
1848	6.500000e-004	
1849	7.500000e-004	
1850	7.000000e-004	
1851	5.500000e-004	
1852	5.250000e-004	
1853	4.250000e-004	
1854	5.500000e-004	
1855	5.000000e-004	
1856	6.750000e-004	
1857	7.500000e-004	
1858	9.500000e-004	
1859	1.225000e-003	
1860	1.150000e-003	
1861	8.750000e-004	
1862	1.100000e-003	
1863	1.150000e-003	
1864	9.750000e-004	
1865	9.750000e-004	
1866	1.225000e-003	
1867	1.225000e-003	
1868	1.200000e-003	
1869	1.275000e-003	
1870	1.325000e-003	
1871	1.100000e-003	
1872	1.150000e-003	
1873	1.675000e-003	
1874	1.700000e-003	
1875	1.475000e-003	
1876	1.625000e-003	
1877	1.700000e-003	
1878	2.025000e-003	
1879	1.800000e-003	
1880	1.775000e-003	
1881	1.750000e-003	
1882	2.000000e-003	
1883	2.075000e-003	
1884	2.325000e-003	
1885	2.700000e-003	
1886	2.100000e-003	
1887	2.075000e-003	
1888	2.225000e-003	
1889	1.600000e-003	
1890	1.850000e-003	
1891	1.925000e-003	
1892	1.825000e-003	
1893	1.975000e-003	
1894	1.875000e-003	
1895	1.550000e-003	
1896	1.400000e-003	
1897	1.300000e-003	
1898	1.575000e-003	
1899	1.475000e-003	
1900	1.625000e-003	
1901	1.750000e-003	
1902	1.375000e-003	
1903	1.450000e-003	
1904	1.925000e-003	
1905	2.075000e-003	
1906	2.350000e-003	
1907	2.225000e-003	
1908	1.950000e-003	
1909	2.125000e-003	
1910	2.475000e-003	
1911	2.300000e-003	
1912	2.050000e-003	
1913	1.850000e-003	
1914	1.700000e-003	
1915	1.875000e-003	
1916	2.300000e-003	
1917	1.850000e-003	
1918	1.825000e-003	
1919	1.700000e-003	
1920	1.150000e-003	
1921	1.025000e-003	
1922	1.125000e-003	
1923	1.075000e-003	
1924	1.175000e-003	
1925	1.375000e-003	
1926	9.750000e-004	
1927	8.750000e-004	
1928	1.000000e-003	
1929	9.500000e-004	
1930	1.025000e-003	
1931	1.225000e-003	
1932	9.250000e-004	
1933	8.000000e-004	
1934	6.750000e-004	
1935	5.250000e-004	
1936	4.000000e-004	
1937	4.750000e-004	
1938	4.000000e-004	
1939	3.500000e-004	
1940	2.000000e-004	
1941	2.750000e-004	
1942	1.750000e-004	
1943	2.750000e-004	
1944	1.750000e-004	
1945	1.500000e-004	
1946	1.250000e-004	
1947	2.250000e-004	
1948	2.000000e-004	
1949	3.500000e-004	
1950	3.500000e-004	
1951	3.500000e-004	
1952	3.500000e-004	
1953	1.500000e-004	
1954	1.250000e-004	
1955	7.500000e-005	
1956	5.000000e-005	
1957	5.000000e-005	
1958	2.500000e-005	
1959	2.500000e-005	
1960	2.500000e-005	
1961	0	
1962	0	
1963	0	
1964	0	
1965	0	
1966	2.500000e-005	
1967	7.500000e-005	
1968	5.000000e-005	
1969	1.250000e-004	
1970	1.750000e-004	
1971	1.500000e-004	
1972	1.750000e-004	
1973	1.000000e-004	
1974	1.250000e-004	
1975	1.250000e-004	
1976	1.250000e-004	
1977	1.000000e-004	
1978	7.500000e-005	
1979	2.500000e-005	
1980	5.000000e-005	
1981	2.500000e-005	
1982	1.000000e-004	
1983	1.000000e-004	
1984	1.250000e-004	
1985	1.500000e-004	
1986	3.500000e-004	
1987	2.750000e-004	
1988	3.000000e-004	
1989	3.000000e-004	
1990	3.500000e-004	
1991	3.500000e-004	
1992	5.250000e-004	
1993	6.500000e-004	
1994	6.750000e-004	
1995	5.000000e-004	
1996	6.250000e-004	
1997	4.500000e-004	
1998	4.250000e-004	
1999	6.750000e-004	
2000	7.500000e-004	
2001	9.750000e-004	
2002	7.750000e-004	
2003	8.000000e-004	
2004	7.750000e-004	
2005	7.000000e-004	
2006	5.250000e-004	
2007	5.000000e-004	
2008	4.500000e-004	
2009	5.000000e-004	
2010	4.250000e-004	
2011	4.750000e-004	
2012	2.750000e-004	
2013	4.000000e-004	
2014	4.500000e-004	
2015	4.500000e-004	
2016	3.750000e-004	
2017	4.500000e-004	
2018	3.750000e-004	
2019	4.250000e-004	
2020	2.000000e-004	
2021	1.250000e-004	
2022	2.250000e-004	
2023	1.750000e-004	
2024	1.250000e-004	
2025	7.500000e-005	
2026	5.000000e-005	
2027	7.500000e-005	
2028	7.500000e-005	
2029	1.750000e-004	
2030	2.250000e-004	
2031	2.500000e-004	
2032	1.250000e-004	
2033	2.250000e-004	
2034	1.750000e-004	
2035	1.750000e-004	
2036	2.000000e-004	
2037	1.250000e-004	
2038	1.250000e-004	
2039	7.500000e-005	
2040	1.000000e-004	
2041	7.500000e-005	
2042	1.250000e-004	
2043	2.000000e-004	
2044	1.500000e-004	
2045	1.500000e-004	
2046	2.000000e-004	
2047	2.750000e-004	
2048	5.250000e-004	
2049	4.000000e-004	
2050	5.750000e-004	
2051	4.000000e-004	
2052	5.250000e-004	
2053	6.250000e-004	
2054	4.500000e-004	
2055	3.250000e-004	
2056	2.750000e-004	
2057	2.750000e-004	
2058	2.500000e-004	
2059	1.500000e-004	
2060	1.000000e-004	
2061	2.500000e-005	
2062	5.000000e-005	
2063	5.000000e-005	
2064	2.500000e-005	
2065	5.000000e-005	
2066	2.500000e-005	
2067	2.500000e-005	
2068	2.500000e-005	
2069	0	
2070	0	
2071	0	
2072	0	
2073	0	
2074	0	
2075	0	
2076	0	
2077	2.500000e-005	
2078	2.500000e-005	
2079	2.500000e-005	
2080	0	
2081	0	
2082	0	
2083	0	
2084	0	
2085	0	
2086	0	
2087	0	
2088	0	
2089	0	
2090	0	
2091	0	
2092	0	
2093	0	
2094	0	
2095	0	
2096	0	
2097	0	
2098	2.500000e-005	
2099	5.000000e-005	
2100	7.500000e-005	
2101	1.250000e-004	
2102	1.250000e-004	
2103	1.000000e-004	
2104	5.000000e-005	
2105	5.000000e-005	
2106	7.500000e-005	
2107	2.500000e-005	
2108	0	
2109	0	
2110	2.500000e-005	
2111	5.000000e-005	
2112	7.500000e-005	
2113	1.250000e-004	
2114	1.750000e-004	
2115	2.500000e-004	
2116	2.500000e-004	
2117	1.000000e-004	
2118	7.500000e-005	
2119	1.000000e-004	
2120	1.500000e-004	
2121	1.250000e-004	
2122	1.500000e-004	
2123	3.250000e-004	
2124	3.750000e-004	
2125	4.750000e-004	
2126	3.750000e-004	
2127	3.750000e-004	
2128	5.000000e-004	
2129	4.750000e-004	
2130	5.750000e-004	
2131	7.250000e-004	
2132	8.000000e-004	
2133	6.250000e-004	
2134	7.250000e-004	
2135	7.250000e-004	
2136	6.500000e-004	
2137	7.000000e-004	
2138	7.250000e-004	
2139	9.000000e-004	
2140	8.250000e-004	
2141	1.000000e-003	
2142	8.500000e-004	
2143	1.000000e-003	
2144	9.000000e-004	
2145	8.500000e-004	
2146	7.500000e-004	
2147	5.250000e-004	
2148	6.250000e-004	
2149	7.000000e-004	
2150	6.500000e-004	
2151	7.250000e-004	
2152	6.750000e-004	
2153	8.250000e-004	
2154	6.500000e-004	
2155	5.750000e-004	
2156	6.500000e-004	
2157	4.750000e-004	
2158	4.750000e-004	
2159	5.750000e-004	
2160	4.500000e-004	
2161	4.500000e-004	
2162	4.000000e-004	
2163	4.750000e-004	
2164	6.000000e-004	
2165	5.750000e-004	
2166	5.750000e-004	
2167	6.000000e-004	
2168	5.000000e-004	
2169	5.250000e-004	
2170	8.250000e-004	
2171	8.500000e-004	
2172	9.250000e-004	
2173	9.500000e-004	
2174	8.750000e-004	
2175	1.025000e-003	
2176	1.150000e-003	
2177	1.100000e-003	
2178	1.275000e-003	
2179	1.100000e-003	
2180	9.500000e-004	
2181	9.000000e-004	
2182	7.000000e-004	
2183	7.500000e-004	
2184	6.750000e-004	
2185	7.250000e-004	
2186	6.500000e-004	
2187	7.500000e-004	
2188	6.500000e-004	
2189	6.000000e-004	
2190	6.500000e-004	
2191	9.000000e-004	
2192	9.750000e-004	
2193	1.150000e-003	
2194	1.150000e-003	
2195	1.275000e-003	
2196	1.475000e-003	
2197	1.325000e-003	
2198	1.100000e-003	
2199	9.750000e-004	
2200	9.000000e-004	
2201	1.100000e-003	
2202	1.250000e-003	
2203	1.525000e-003	
2204	1.600000e-003	
2205	1.675000e-003	
2206	1.600000e-003	
2207	1.400000e-003	
2208	1.550000e-003	
2209	1.525000e-003	
2210	1.675000e-003	
2211	1.600000e-003	
2212	1.400000e-003	
2213	1.350000e-003	
2214	1.100000e-003	
2215	1.100000e-003	
2216	1.175000e-003	
2217	1.125000e-003	
2218	1.150000e-003	
2219	1.275000e-003	
2220	1.400000e-003	
2221	1.275000e-003	
2222	1.225000e-003	
2223	1.250000e-003	
2224	1.125000e-003	
2225	1.225000e-003	
2226	1.450000e-003	
2227	1.250000e-003	
2228	1.300000e-003	
2229	1.175000e-003	
2230	1.125000e-003	
2231	1.150000e-003	
2232	1.300000e-003	
2233	1.425000e-003	
2234	1.450000e-003	
2235	1.575000e-003	
2236	1.400000e-003	
2237	1.500000e-003	
2238	1.450000e-003	
2239	1.900000e-003	
2240	2.075000e-003	
2241	1.950000e-003	
2242	2.025000e-003	
2243	2.075000e-003	
2244	2.125000e-003	
2245	2.450000e-003	
2246	2.175000e-003	
2247	2.025000e-003	
2248	1.675000e-003	
2249	1.250000e-003	
2250	1.475000e-003	
2251	1.525000e-003	
2252	1.150000e-003	
2253	1.225000e-003	
2254	1.000000e-003	
2255	1.100000e-003	
2256	1.025000e-003	
2257	1.025000e-003	
2258	9.750000e-004	
2259	1.200000e-003	
2260	9.500000e-004	
2261	1.325000e-003	
2262	1.350000e-003	
2263	1.325000e-003	
2264	1.225000e-003	
2265	1.175000e-003	
2266	1.375000e-003	
2267	1.400000e-003	
2268	1.500000e-003	
2269	1.300000e-003	
2270	1.375000e-003	
2271	1.025000e-003	
2272	6.250000e-004	
2273	9.250000e-004	
2274	1.275000e-003	
2275	1.175000e-003	
2276	1.175000e-003	
2277	9.500000e-004	
2278	9.250000e-004	
2279	7.500000e-004	
2280	9.250000e-004	
2281	9.500000e-004	
2282	7.750000e-004	
2283	5.250000e-004	
2284	3.750000e-004	
2285	5.250000e-004	
2286	5.000000e-004	
2287	4.000000e-004	
2288	4.000000e-004	
2289	3.500000e-004	
2290	3.000000e-004	
2291	3.000000e-004	
2292	2.500000e-004	
2293	4.000000e-004	
2294	4.250000e-004	
2295	3.750000e-004	
2296	4.250000e-004	
2297	4.750000e-004	
2298	3.750000e-004	
2299	4.750000e-004	
2300	6.250000e-004	
2301	7.000000e-004	
2302	6.000000e-004	
2303	5.750000e-004	
2304	8.000000e-004	
2305	8.500000e-004	
2306	8.750000e-004	
2307	9.000000e-004	
2308	9.000000e-004	
2309	8.500000e-004	
2310	8.750000e-004	
2311	8.500000e-004	
2312	1.025000e-003	
2313	8.500000e-004	
2314	9.500000e-004	
2315	9.250000e-004	
2316	9.250000e-004	
2317	1.225000e-003	
2318	1.275000e-003	
2319	1.075000e-003	
2320	1.150000e-003	
2321	1.300000e-003	
2322	1.525000e-003	
2323	1.150000e-003	
2324	1.200000e-003	
2325	1.400000e-003	
2326	1.375000e-003	
2327	1.325000e-003	
2328	8.500000e-004	
2329	8.250000e-004	
2330	8.000000e-004	
2331	7.750000e-004	
2332	1.050000e-003	
2333	1.225000e-003	
2334	9.750000e-004	
2335	9.000000e-004	
2336	6.500000e-004	
2337	6.500000e-004	
2338	9.500000e-004	
2339	1.025000e-003	
2340	1.050000e-003	
2341	1.175000e-003	
2342	1.250000e-003	
2343	1.300000e-003	
2344	1.175000e-003	
2345	1.000000e-003	
2346	7.500000e-004	
2347	7.500000e-004	
2348	7.000000e-004	
2349	9.250000e-004	
2350	1.100000e-003	
2351	1.350000e-003	
2352	1.025000e-003	
2353	1.425000e-003	
2354	1.125000e-003	
2355	1.425000e-003	
2356	1.075000e-003	
2357	1.075000e-003	
2358	1.075000e-003	
2359	1.175000e-003	
2360	9.750000e-004	
2361	1.150000e-003	
2362	1.250000e-003	
2363	1.700000e-003	
2364	1.600000e-003	
2365	1.375000e-003	
2366	1.125000e-003	
2367	1.150000e-003	
2368	1.000000e-003	
2369	8.500000e-004	
2370	8.500000e-004	
2371	7.250000e-004	
2372	7.750000e-004	
2373	8.000000e-004	
2374	7.250000e-004	
2375	6.500000e-004	
2376	9.000000e-004	
2377	6.750000e-004	
2378	4.750000e-004	
2379	6.250000e-004	
2380	5.250000e-004	
2381	4.000000e-004	
2382	3.500000e-004	
2383	5.500000e-004	
2384	6.000000e-004	
2385	6.000000e-004	
2386	6.500000e-004	
2387	6.750000e-004	
2388	8.250000e-004	
2389	7.000000e-004	
2390	6.750000e-004	
2391	9.500000e-004	
2392	8.000000e-004	
2393	7.250000e-004	
2394	5.250000e-004	
2395	4.250000e-004	
2396	6.000000e-004	
2397	6.250000e-004	
2398	6.250000e-004	
2399	6.750000e-004	
2400	5.500000e-004	
2401	6.250000e-004	
2402	6.000000e-004	
2403	5.750000e-004	
2404	6.500000e-004	
2405	8.000000e-004	
2406	7.250000e-004	
2407	7.750000e-004	
2408	7.500000e-004	
2409	6.000000e-004	
2410	5.750000e-004	
2411	5.750000e-004	
2412	7.250000e-004	
2413	7.000000e-004	
2414	8.250000e-004	
2415	9.000000e-004	
2416	9.000000e-004	
2417	7.250000e-004	
2418	6.750000e-004	
2419	1.075000e-003	
2420	1.025000e-003	
2421	1.050000e-003	
2422	1.025000e-003	
2423	9.250000e-004	
2424	1.125000e-003	
2425	1.025000e-003	
2426	1.000000e-003	
2427	8.500000e-004	
2428	6.500000e-004	
2429	6.250000e-004	
2430	7.500000e-004	
2431	8.500000e-004	
2432	7.000000e-004	
2433	7.750000e-004	
2434	7.500000e-004	
2435	5.500000e-004	
2436	4.000000e-004	
2437	4.000000e-004	
2438	6.750000e-004	
2439	9.250000e-004	
2440	9.250000e-004	
2441	8.250000e-004	
2442	9.250000e-004	
2443	7.750000e-004	
2444	6.250000e-004	
2445	7.500000e-004	
2446	6.750000e-004	
2447	7.000000e-004	
2448	6.250000e-004	
2449	6.250000e-004	
2450	6.500000e-004	
2451	7.250000e-004	
2452	7.000000e-004	
2453	6.250000e-004	
2454	5.250000e-004	
2455	6.500000e-004	
2456	8.500000e-004	
2457	9.250000e-004	
2458	7.500000e-004	
2459	8.250000e-004	
2460	7.000000e-004	
2461	7.750000e-004	
2462	1.000000e-003	
2463	9.000000e-004	
2464	6.750000e-004	
2465	5.250000e-004	
2466	4.500000e-004	
2467	3.000000e-004	
2468	5.250000e-004	
2469	7.000000e-004	
2470	3.250000e-004	
2471	5.000000e-004	
2472	4.000000e-004	
2473	5.000000e-004	
2474	7.250000e-004	
2475	8.250000e-004	
2476	6.000000e-004	
2477	7.500000e-004	
2478	8.500000e-004	
2479	8.500000e-004	
2480	9.000000e-004	
2481	8.750000e-004	
2482	8.500000e-004	
2483	8.500000e-004	
2484	1.025000e-003	
2485	8.500000e-004	
2486	8.000000e-004	
2487	7.000000e-004	
2488	7.250000e-004	
2489	4.750000e-004	
2490	3.000000e-004	
2491	2.250000e-004	
2492	2.500000e-004	
2493	1.500000e-004	
2494	7.500000e-005	
2495	7.500000e-005	
2496	1.750000e-004	
2497	1.750000e-004	
2498	1.750000e-004	
2499	1.500000e-004	
2500	3.250000e-004	
2501	3.250000e-004	
2502	3.500000e-004	
2503	3.500000e-004	
2504	3.750000e-004	
2505	4.000000e-004	
2506	4.000000e-004	
2507	3.750000e-004	
2508	3.500000e-004	
2509	3.250000e-004	
2510	4.750000e-004	
2511	3.000000e-004	
2512	2.500000e-004	
2513	3.000000e-004	
2514	2.750000e-004	
2515	2.250000e-004	
2516	2.750000e-004	
2517	2.500000e-004	
2518	3.500000e-004	
2519	3.000000e-004	
2520	1.750000e-004	
2521	1.250000e-004	
2522	1.000000e-004	
2523	7.500000e-005	
2524	1.000000e-004	
2525	1.250000e-004	
2526	7.500000e-005	
2527	1.500000e-004	
2528	2.500000e-004	
2529	2.500000e-004	
2530	1.500000e-004	
2531	1.500000e-004	
2532	1.750000e-004	
2533	7.500000e-005	
2534	1.750000e-004	
2535	2.000000e-004	
2536	3.250000e-004	
2537	2.500000e-004	
2538	2.250000e-004	
2539	2.500000e-004	
2540	2.250000e-004	
2541	2.500000e-004	
2542	2.250000e-004	
2543	2.000000e-004	
2544	1.250000e-004	
2545	1.000000e-004	
2546	7.500000e-005	
2547	7.500000e-005	
2548	2.000000e-004	
2549	1.500000e-004	
2550	1.500000e-004	
2551	2.250000e-004	
2552	4.500000e-004	
2553	4.500000e-004	
2554	3.500000e-004	
2555	2.500000e-004	
2556	4.750000e-004	
2557	3.250000e-004	
2558	2.750000e-004	
2559	2.750000e-004	
2560	2.750000e-004	
2561	3.000000e-004	
2562	2.250000e-004	
2563	3.250000e-004	
2564	3.750000e-004	
2565	4.500000e-004	
2566	4.000000e-004	
2567	4.250000e-004	
2568	3.500000e-004	
2569	3.500000e-004	
2570	3.500000e-004	
2571	3.000000e-004	
2572	4.000000e-004	
2573	5.250000e-004	
2574	5.250000e-004	
2575	6.000000e-004	
2576	5.750000e-004	
2577	6.750000e-004	
2578	8.750000e-004	
2579	6.000000e-004	
2580	7.000000e-004	
2581	7.750000e-004	
2582	3.750000e-004	
2583	4.250000e-004	
2584	3.750000e-004	
2585	4.250000e-004	
2586	5.750000e-004	
2587	4.500000e-004	
2588	5.750000e-004	
2589	6.500000e-004	
2590	6.250000e-004	
2591	6.500000e-004	
2592	6.000000e-004	
2593	6.250000e-004	
2594	8.000000e-004	
2595	6.750000e-004	
2596	5.500000e-004	
2597	7.750000e-004	
2598	6.000000e-004	
2599	4.750000e-004	
2600	6.250000e-004	
2601	4.250000e-004	
2602	3.500000e-004	
2603	5.250000e-004	
2604	5.250000e-004	
2605	3.750000e-004	
2606	3.250000e-004	
2607	3.000000e-004	
2608	3.500000e-004	
2609	3.500000e-004	
2610	3.000000e-004	
2611	4.250000e-004	
2612	4.250000e-004	
2613	4.000000e-004	
2614	4.000000e-004	
2615	4.750000e-004	
2616	5.250000e-004	
2617	5.500000e-004	
2618	5.750000e-004	
2619	6.250000e-004	
2620	5.750000e-004	
2621	6.250000e-004	
2622	6.750000e-004	
2623	7.500000e-004	
2624	8.750000e-004	
2625	8.250000e-004	
2626	8.500000e-004	
2627	9.250000e-004	
2628	1.000000e-003	
2629	6.750000e-004	
2630	7.250000e-004	
2631	9.500000e-004	
2632	1.000000e-003	
2633	8.750000e-004	
2634	8.750000e-004	
2635	6.500000e-004	
2636	6.500000e-004	
2637	9.000000e-004	
2638	7.000000e-004	
2639	7.000000e-004	
2640	5.250000e-004	
2641	5.500000e-004	
2642	4.250000e-004	
2643	3.250000e-004	
2644	3.750000e-004	
2645	4.250000e-004	
2646	1.750000e-004	
2647	1.750000e-004	
2648	2.250000e-004	
2649	3.500000e-004	
2650	5.000000e-004	
2651	3.750000e-004	
2652	3.000000e-004	
2653	3.000000e-004	
2654	2.500000e-004	
2655	3.250000e-004	
2656	4.250000e-004	
2657	5.000000e-004	
2658	5.250000e-004	
2659	7.000000e-004	
2660	7.500000e-004	
2661	8.500000e-004	
2662	1.200000e-003	
2663	1.500000e-003	
2664	1.575000e-003	
2665	1.450000e-003	
2666	1.525000e-003	
2667	1.325000e-003	
2668	1.350000e-003	
2669	1.400000e-003	
2670	1.225000e-003	
2671	1.050000e-003	
2672	1.050000e-003	
2673	1.300000e-003	
2674	1.400000e-003	
2675	1.175000e-003	
2676	1.275000e-003	
2677	1.225000e-003	
2678	1.075000e-003	
2679	9.750000e-004	
2680	5.750000e-004	
2681	4.750000e-004	
2682	7.250000e-004	
2683	7.250000e-004	
2684	7.500000e-004	
2685	8.000000e-004	
2686	9.000000e-004	
2687	7.750000e-004	
2688	5.500000e-004	
2689	4.250000e-004	
2690	4.000000e-004	
2691	3.250000e-004	
2692	2.500000e-004	
2693	2.000000e-004	
2694	4.250000e-004	
2695	4.250000e-004	
2696	4.000000e-004	
2697	4.750000e-004	
2698	5.000000e-004	
2699	4.750000e-004	
2700	4.250000e-004	
2701	4.000000e-004	
2702	4.000000e-004	
2703	3.750000e-004	
2704	3.000000e-004	
2705	2.500000e-004	
2706	4.250000e-004	
2707	7.000000e-004	
2708	8.750000e-004	
2709	7.250000e-004	
2710	6.750000e-004	
2711	6.750000e-004	
2712	6.000000e-004	
2713	8.250000e-004	
2714	9.500000e-004	
2715	9.500000e-004	
2716	8.750000e-004	
2717	1.025000e-003	
2718	1.075000e-003	
2719	1.325000e-003	
2720	1.325000e-003	
2721	1.275000e-003	
2722	1.125000e-003	
2723	1.100000e-003	
2724	1.175000e-003	
2725	1.100000e-003	
2726	1.000000e-003	
2727	1.075000e-003	
2728	1.050000e-003	
2729	1.075000e-003	
2730	1.050000e-003	
2731	1.075000e-003	
2732	9.500000e-004	
2733	6.000000e-004	
2734	7.500000e-004	
2735	7.250000e-004	
2736	6.500000e-004	
2737	7.750000e-004	
2738	7.750000e-004	
2739	8.000000e-004	
2740	7.250000e-004	
2741	7.250000e-004	
2742	6.750000e-004	
2743	6.000000e-004	
2744	6.750000e-004	
2745	6.000000e-004	
2746	4.750000e-004	
2747	3.750000e-004	
2748	3.500000e-004	
2749	4.000000e-004	
2750	5.250000e-004	
2751	5.000000e-004	
2752	5.500000e-004	
2753	5.250000e-004	
2754	6.750000e-004	
2755	4.250000e-004	
2756	5.000000e-004	
2757	4.750000e-004	
2758	4.750000e-004	
2759	5.250000e-004	
2760	5.750000e-004	
2761	5.500000e-004	
2762	6.500000e-004	
2763	7.000000e-004	
2764	6.500000e-004	
2765	7.250000e-004	
2766	7.750000e-004	
2767	6.750000e-004	
2768	7.750000e-004	
2769	7.500000e-004	
2770	7.500000e-004	
2771	8.500000e-004	
2772	8.750000e-004	
2773	7.250000e-004	
2774	8.000000e-004	
2775	7.750000e-004	
2776	9.250000e-004	
2777	7.500000e-004	
2778	1.025000e-003	
2779	9.250000e-004	
2780	8.250000e-004	
2781	9.500000e-004	
2782	8.250000e-004	
2783	1.150000e-003	
2784	1.225000e-003	
2785	1.200000e-003	
2786	1.200000e-003	
2787	1.075000e-003	
2788	9.750000e-004	
2789	9.750000e-004	
2790	1.300000e-003	
2791	1.200000e-003	
2792	1.375000e-003	
2793	1.425000e-003	
2794	1.375000e-003	
2795	1.525000e-003	
2796	1.400000e-003	
2797	1.575000e-003	
2798	1.875000e-003	
2799	1.700000e-003	
2800	1.550000e-003	
2801	1.300000e-003	
2802	1.525000e-003	
2803	1.350000e-003	
2804	1.275000e-003	
2805	1.125000e-003	
2806	1.225000e-003	
2807	1.100000e-003	
2808	1.100000e-003	
2809	1.150000e-003	
2810	1.100000e-003	
2811	1.050000e-003	
2812	1.125000e-003	
2813	1.300000e-003	
2814	1.425000e-003	
2815	1.300000e-003	
2816	1.425000e-003	
2817	1.350000e-003	
2818	1.250000e-003	
2819	1.150000e-003	
2820	9.000000e-004	
2821	6.750000e-004	
2822	8.500000e-004	
2823	8.250000e-004	
2824	7.250000e-004	
2825	6.750000e-004	
2826	6.250000e-004	
2827	3.750000e-004	
2828	2.500000e-004	
2829	3.000000e-004	
2830	4.500000e-004	
2831	5.000000e-004	
2832	5.500000e-004	
2833	4.250000e-004	
2834	4.750000e-004	
2835	4.500000e-004	
2836	3.750000e-004	
2837	5.000000e-004	
2838	5.250000e-004	
2839	7.750000e-004	
2840	8.750000e-004	
2841	6.500000e-004	
2842	6.500000e-004	
2843	5.000000e-004	
2844	5.750000e-004	
2845	5.250000e-004	
2846	3.750000e-004	
2847	3.500000e-004	
2848	4.750000e-004	
2849	5.250000e-004	
2850	7.000000e-004	
2851	5.500000e-004	
2852	4.500000e-004	
2853	5.500000e-004	
2854	5.000000e-004	
2855	4.750000e-004	
2856	4.250000e-004	
2857	4.750000e-004	
2858	5.750000e-004	
2859	6.750000e-004	
2860	8.000000e-004	
2861	7.750000e-004	
2862	7.750000e-004	
2863	8.500000e-004	
2864	7.000000e-004	
2865	6.250000e-004	
2866	6.250000e-004	
2867	5.750000e-004	
2868	5.000000e-004	
2869	4.500000e-004	
2870	3.500000e-004	
2871	3.750000e-004	
2872	4.500000e-004	
2873	5.500000e-004	
2874	5.500000e-004	
2875	4.750000e-004	
2876	6.500000e-004	
2877	8.250000e-004	
2878	6.500000e-004	
2879	5.750000e-004	
2880	6.250000e-004	
2881	5.750000e-004	
2882	5.500000e-004	
2883	6.500000e-004	
2884	6.250000e-004	
2885	7.750000e-004	
2886	8.500000e-004	
2887	6.750000e-004	
2888	7.250000e-004	
2889	5.250000e-004	
2890	7.750000e-004	
2891	8.000000e-004	
2892	5.750000e-004	
2893	6.250000e-004	
2894	6.000000e-004	
2895	8.750000e-004	
2896	9.500000e-004	
2897	9.750000e-004	
2898	9.750000e-004	
2899	1.125000e-003	
2900	9.250000e-004	
2901	1.225000e-003	
2902	1.025000e-003	
2903	1.050000e-003	
2904	7.750000e-004	
2905	8.500000e-004	
2906	8.500000e-004	
2907	6.250000e-004	
2908	8.250000e-004	
2909	8.750000e-004	
2910	6.500000e-004	
2911	8.250000e-004	
2912	7.000000e-004	
2913	1.025000e-003	
2914	1.050000e-003	
2915	1.150000e-003	
2916	1.300000e-003	
2917	1.450000e-003	
2918	1.525000e-003	
2919	1.725000e-003	
2920	1.800000e-003	
2921	1.750000e-003	
2922	1.825000e-003	
2923	1.650000e-003	
2924	1.625000e-003	
2925	1.375000e-003	
2926	1.225000e-003	
2927	1.400000e-003	
2928	1.125000e-003	
2929	1.175000e-003	
2930	1.275000e-003	
2931	1.050000e-003	
2932	1.250000e-003	
2933	8.500000e-004	
2934	9.250000e-004	
2935	1.050000e-003	
2936	8.500000e-004	
2937	9.000000e-004	
2938	1.075000e-003	
2939	9.500000e-004	
2940	7.250000e-004	
2941	6.500000e-004	
2942	5.500000e-004	
2943	6.000000e-004	
2944	5.750000e-004	
2945	7.250000e-004	
2946	7.500000e-004	
2947	7.500000e-004	
2948	7.500000e-004	
2949	7.250000e-004	
2950	7.000000e-004	
2951	5.750000e-004	
2952	8.500000e-004	
2953	9.000000e-004	
2954	1.100000e-003	
2955	1.125000e-003	
2956	1.300000e-003	
2957	1.250000e-003	
2958	1.325000e-003	
2959	1.300000e-003	
2960	1.300000e-003	
2961	1.325000e-003	
2962	1.125000e-003	
2963	1.375000e-003	
2964	1.425000e-003	
2965	1.325000e-003	
2966	1.800000e-003	
2967	1.725000e-003	
2968	1.875000e-003	
2969	2.100000e-003	
2970	1.925000e-003	
2971	1.850000e-003	
2972	1.800000e-003	
2973	1.800000e-003	
2974	2.000000e-003	
2975	2.100000e-003	
2976	2.575000e-003	
2977	2.700000e-003	
2978	2.450000e-003	
2979	1.875000e-003	
2980	1.725000e-003	
2981	1.800000e-003	
2982	1.725000e-003	
2983	1.750000e-003	
2984	1.625000e-003	
2985	1.375000e-003	
2986	1.300000e-003	
2987	1.250000e-003	
2988	1.325000e-003	
2989	1.400000e-003	
2990	1.200000e-003	
2991	1.050000e-003	
2992	8.750000e-004	
2993	7.250000e-004	
2994	5.750000e-004	
2995	5.500000e-004	
2996	4.750000e-004	
2997	3.250000e-004	
2998	2.000000e-004	
2999	2.500000e-004	
3000	1.750000e-004	
3001	1.500000e-004	
