1	0	
2	0	
3	0	
4	0	
5	0	
6	0	
7	0	
8	0	
9	0	
10	0	
11	0	
12	0	
13	0	
14	0	
15	0	
16	0	
17	0	
18	0	
19	0	
20	0	
21	0	
22	0	
23	0	
24	0	
25	0	
26	0	
27	0	
28	0	
29	0	
30	0	
31	0	
32	0	
33	0	
34	0	
35	0	
36	0	
37	0	
38	2.500000e-005	
39	1.750000e-004	
40	1.500000e-004	
41	3.000000e-004	
42	3.750000e-004	
43	3.500000e-004	
44	4.250000e-004	
45	4.250000e-004	
46	6.000000e-004	
47	7.250000e-004	
48	7.750000e-004	
49	8.500000e-004	
50	8.000000e-004	
51	1.125000e-003	
52	1.250000e-003	
53	1.450000e-003	
54	1.325000e-003	
55	1.150000e-003	
56	1.225000e-003	
57	1.600000e-003	
58	1.950000e-003	
59	2.125000e-003	
60	1.875000e-003	
61	1.675000e-003	
62	1.350000e-003	
63	1.575000e-003	
64	2.000000e-003	
65	2.025000e-003	
66	2.275000e-003	
67	2.275000e-003	
68	2.775000e-003	
69	2.625000e-003	
70	3.150000e-003	
71	2.950000e-003	
72	2.850000e-003	
73	3.375000e-003	
74	3.500000e-003	
75	3.275000e-003	
76	3.875000e-003	
77	4.050000e-003	
78	4.125000e-003	
79	4.000000e-003	
80	4.500000e-003	
81	3.900000e-003	
82	4.025000e-003	
83	4.625000e-003	
84	5.350000e-003	
85	5.550000e-003	
86	6.350000e-003	
87	6.875000e-003	
88	6.625000e-003	
89	6.950000e-003	
90	6.800000e-003	
91	7.275000e-003	
92	7.325000e-003	
93	7.175000e-003	
94	8.200000e-003	
95	9.200000e-003	
96	1.037500e-002	
97	9.975000e-003	
98	9.850000e-003	
99	9.875000e-003	
100	9.500000e-003	
101	8.975000e-003	
102	1.000000e-002	
103	8.600000e-003	
104	8.000000e-003	
105	9.400000e-003	
106	9.825000e-003	
107	9.200000e-003	
108	9.150000e-003	
109	9.800000e-003	
110	9.850000e-003	
111	9.225000e-003	
112	8.525000e-003	
113	8.425000e-003	
114	8.175000e-003	
115	8.075000e-003	
116	7.750000e-003	
117	7.000000e-003	
118	6.925000e-003	
119	6.950000e-003	
120	6.000000e-003	
121	6.050000e-003	
122	5.525000e-003	
123	5.900000e-003	
124	5.475000e-003	
125	5.675000e-003	
126	5.750000e-003	
127	5.475000e-003	
128	5.000000e-003	
129	4.875000e-003	
130	5.150000e-003	
131	5.050000e-003	
132	4.750000e-003	
133	4.700000e-003	
134	4.225000e-003	
135	4.200000e-003	
136	4.175000e-003	
137	4.450000e-003	
138	4.275000e-003	
139	3.875000e-003	
140	3.325000e-003	
141	3.650000e-003	
142	3.425000e-003	
143	3.075000e-003	
144	2.975000e-003	
145	2.450000e-003	
146	2.625000e-003	
147	3.025000e-003	
148	2.925000e-003	
149	2.750000e-003	
150	2.375000e-003	
151	2.350000e-003	
152	1.400000e-003	
153	1.650000e-003	
154	1.500000e-003	
155	1.400000e-003	
156	1.050000e-003	
157	1.000000e-003	
158	8.000000e-004	
159	6.500000e-004	
160	7.250000e-004	
161	8.250000e-004	
162	4.750000e-004	
163	2.500000e-005	
164	0	
165	0	
166	0	
167	0	
168	0	
169	0	
170	0	
171	0	
172	0	
173	0	
174	0	
175	0	
176	0	
177	0	
178	0	
179	0	
180	0	
181	0	
182	0	
183	0	
184	0	
185	0	
186	0	
187	0	
188	0	
189	0	
190	0	
191	0	
192	0	
193	0	
194	0	
195	0	
196	0	
197	0	
198	0	
199	0	
200	0	
201	0	
202	2.500000e-005	
203	2.500000e-005	
204	2.500000e-005	
205	0	
206	0	
207	0	
208	0	
209	0	
210	0	
211	0	
212	0	
213	0	
214	0	
215	0	
216	0	
217	0	
218	0	
219	0	
220	0	
221	0	
222	0	
223	0	
224	0	
225	0	
226	0	
227	0	
228	0	
229	0	
230	0	
231	0	
232	0	
233	0	
234	0	
235	0	
236	0	
237	0	
238	0	
239	0	
240	0	
241	0	
242	0	
243	0	
244	0	
245	0	
246	0	
247	2.500000e-005	
248	5.000000e-005	
249	2.500000e-005	
250	2.500000e-005	
251	2.500000e-005	
252	0	
253	0	
254	0	
255	0	
256	0	
257	0	
258	0	
259	0	
260	0	
261	0	
262	0	
263	0	
264	0	
265	0	
266	0	
267	0	
268	0	
269	0	
270	0	
271	0	
272	0	
273	0	
274	0	
275	0	
276	0	
277	0	
278	0	
279	0	
280	2.500000e-005	
281	0	
282	0	
283	0	
284	0	
285	0	
286	0	
287	0	
288	0	
289	2.500000e-005	
290	0	
291	0	
292	0	
293	0	
294	0	
295	0	
296	0	
297	0	
298	0	
299	0	
300	0	
301	0	
302	0	
303	0	
304	0	
305	0	
306	0	
307	0	
308	0	
309	0	
310	0	
311	0	
312	0	
313	0	
314	0	
315	0	
316	0	
317	0	
318	0	
319	0	
320	0	
321	0	
322	0	
323	0	
324	0	
325	0	
326	0	
327	0	
328	0	
329	0	
330	0	
331	0	
332	0	
333	0	
334	0	
335	0	
336	0	
337	0	
338	0	
339	0	
340	0	
341	0	
342	0	
343	0	
344	0	
345	0	
346	0	
347	0	
348	0	
349	0	
350	0	
351	0	
352	0	
353	0	
354	0	
355	0	
356	0	
357	0	
358	0	
359	0	
360	0	
361	0	
362	0	
363	0	
364	0	
365	0	
366	0	
367	0	
368	0	
369	2.500000e-005	
370	2.500000e-005	
371	2.500000e-005	
372	5.000000e-005	
373	1.000000e-004	
374	7.500000e-005	
375	7.500000e-005	
376	1.000000e-004	
377	5.000000e-005	
378	0	
379	0	
380	0	
381	0	
382	0	
383	0	
384	0	
385	0	
386	0	
387	0	
388	0	
389	0	
390	0	
391	0	
392	0	
393	0	
394	0	
395	0	
396	0	
397	0	
398	0	
399	0	
400	0	
401	0	
402	2.500000e-005	
403	2.500000e-005	
404	2.500000e-005	
405	2.500000e-005	
406	7.500000e-005	
407	2.500000e-005	
408	5.000000e-005	
409	0	
410	0	
411	0	
412	0	
413	0	
414	0	
415	0	
416	0	
417	0	
418	0	
419	0	
420	0	
421	0	
422	0	
423	0	
424	0	
425	0	
426	0	
427	0	
428	0	
429	0	
430	0	
431	0	
432	0	
433	0	
434	0	
435	0	
436	0	
437	0	
438	0	
439	0	
440	0	
441	0	
442	0	
443	0	
444	0	
445	0	
446	0	
447	0	
448	0	
449	0	
450	0	
451	0	
452	0	
453	0	
454	0	
455	0	
456	2.500000e-005	
457	5.000000e-005	
458	1.000000e-004	
459	1.500000e-004	
460	1.000000e-004	
461	5.000000e-005	
462	5.000000e-005	
463	0	
464	2.500000e-005	
465	5.000000e-005	
466	5.000000e-005	
467	7.500000e-005	
468	7.500000e-005	
469	7.500000e-005	
470	1.000000e-004	
471	1.750000e-004	
472	2.500000e-004	
473	4.250000e-004	
474	2.750000e-004	
475	2.250000e-004	
476	3.250000e-004	
477	2.750000e-004	
478	4.000000e-004	
479	3.250000e-004	
480	4.000000e-004	
481	3.500000e-004	
482	3.250000e-004	
483	4.500000e-004	
484	3.500000e-004	
485	2.500000e-004	
486	2.000000e-004	
487	2.750000e-004	
488	3.500000e-004	
489	3.250000e-004	
490	3.250000e-004	
491	3.250000e-004	
492	3.000000e-004	
493	3.500000e-004	
494	2.750000e-004	
495	3.250000e-004	
496	3.250000e-004	
497	2.000000e-004	
498	1.750000e-004	
499	1.250000e-004	
500	1.250000e-004	
501	1.500000e-004	
502	1.500000e-004	
503	1.250000e-004	
504	1.250000e-004	
505	1.750000e-004	
506	1.250000e-004	
507	1.000000e-004	
508	1.250000e-004	
509	1.250000e-004	
510	7.500000e-005	
511	0	
512	0	
513	0	
514	0	
515	0	
516	0	
517	0	
518	0	
519	0	
520	0	
521	0	
522	0	
523	0	
524	0	
525	0	
526	2.500000e-005	
527	1.000000e-004	
528	2.000000e-004	
529	2.000000e-004	
530	1.500000e-004	
531	2.500000e-005	
532	0	
533	0	
534	0	
535	0	
536	0	
537	0	
538	0	
539	0	
540	0	
541	0	
542	0	
543	2.500000e-005	
544	1.000000e-004	
545	1.750000e-004	
546	1.500000e-004	
547	1.750000e-004	
548	2.500000e-004	
549	3.500000e-004	
550	2.750000e-004	
551	1.750000e-004	
552	1.500000e-004	
553	1.250000e-004	
554	1.500000e-004	
555	1.250000e-004	
556	2.750000e-004	
557	1.750000e-004	
558	2.250000e-004	
559	2.750000e-004	
560	3.000000e-004	
561	3.000000e-004	
562	3.500000e-004	
563	2.750000e-004	
564	4.000000e-004	
565	4.500000e-004	
566	4.500000e-004	
567	4.250000e-004	
568	4.500000e-004	
569	2.500000e-004	
570	2.000000e-004	
571	1.500000e-004	
572	2.750000e-004	
573	2.750000e-004	
574	2.750000e-004	
575	3.000000e-004	
576	2.750000e-004	
577	3.750000e-004	
578	3.750000e-004	
579	3.750000e-004	
580	4.750000e-004	
581	3.500000e-004	
582	2.000000e-004	
583	2.500000e-004	
584	2.250000e-004	
585	2.750000e-004	
586	4.250000e-004	
587	3.250000e-004	
588	3.250000e-004	
589	4.000000e-004	
590	2.750000e-004	
591	2.000000e-004	
592	2.750000e-004	
593	3.250000e-004	
594	3.000000e-004	
595	3.750000e-004	
596	4.000000e-004	
597	3.500000e-004	
598	4.250000e-004	
599	3.250000e-004	
600	3.250000e-004	
601	4.500000e-004	
602	4.500000e-004	
603	4.750000e-004	
604	5.750000e-004	
605	6.000000e-004	
606	6.500000e-004	
607	8.000000e-004	
608	7.750000e-004	
609	6.250000e-004	
610	6.250000e-004	
611	7.250000e-004	
612	9.000000e-004	
613	7.750000e-004	
614	1.000000e-003	
615	9.750000e-004	
616	8.000000e-004	
617	7.250000e-004	
618	8.250000e-004	
619	7.750000e-004	
620	9.250000e-004	
621	9.000000e-004	
622	1.025000e-003	
623	8.500000e-004	
624	7.500000e-004	
625	1.025000e-003	
626	1.225000e-003	
627	1.150000e-003	
628	1.300000e-003	
629	1.200000e-003	
630	1.375000e-003	
631	1.225000e-003	
632	1.475000e-003	
633	1.150000e-003	
634	1.175000e-003	
635	1.300000e-003	
636	1.425000e-003	
637	1.800000e-003	
638	1.400000e-003	
639	1.650000e-003	
640	1.600000e-003	
641	1.975000e-003	
642	2.075000e-003	
643	2.000000e-003	
644	2.100000e-003	
645	1.975000e-003	
646	2.275000e-003	
647	2.050000e-003	
648	1.700000e-003	
649	1.375000e-003	
650	1.725000e-003	
651	1.775000e-003	
652	2.200000e-003	
653	2.350000e-003	
654	2.650000e-003	
655	3.125000e-003	
656	3.175000e-003	
657	2.850000e-003	
658	3.200000e-003	
659	3.300000e-003	
660	2.950000e-003	
661	3.150000e-003	
662	3.475000e-003	
663	3.550000e-003	
664	2.975000e-003	
665	2.700000e-003	
666	2.850000e-003	
667	3.275000e-003	
668	3.150000e-003	
669	3.125000e-003	
670	2.675000e-003	
671	2.700000e-003	
672	3.100000e-003	
673	2.900000e-003	
674	2.675000e-003	
675	2.400000e-003	
676	2.600000e-003	
677	2.650000e-003	
678	2.550000e-003	
679	2.400000e-003	
680	2.650000e-003	
681	2.700000e-003	
682	2.575000e-003	
683	2.325000e-003	
684	2.250000e-003	
685	2.425000e-003	
686	2.600000e-003	
687	2.550000e-003	
688	2.625000e-003	
689	2.425000e-003	
690	2.425000e-003	
691	2.350000e-003	
692	2.350000e-003	
693	2.525000e-003	
694	2.950000e-003	
695	2.700000e-003	
696	2.725000e-003	
697	2.525000e-003	
698	2.500000e-003	
699	2.125000e-003	
700	2.000000e-003	
701	1.700000e-003	
702	1.575000e-003	
703	1.675000e-003	
704	1.575000e-003	
705	1.500000e-003	
706	1.450000e-003	
707	2.050000e-003	
708	2.025000e-003	
709	2.300000e-003	
710	2.475000e-003	
711	2.175000e-003	
712	2.200000e-003	
713	2.125000e-003	
714	2.375000e-003	
715	2.025000e-003	
716	2.100000e-003	
717	1.900000e-003	
718	2.075000e-003	
719	2.175000e-003	
720	2.875000e-003	
721	2.975000e-003	
722	3.400000e-003	
723	3.400000e-003	
724	3.625000e-003	
725	4.075000e-003	
726	3.825000e-003	
727	4.175000e-003	
728	4.200000e-003	
729	4.050000e-003	
730	3.775000e-003	
731	3.450000e-003	
732	3.350000e-003	
733	3.000000e-003	
734	3.300000e-003	
735	3.675000e-003	
736	3.700000e-003	
737	3.850000e-003	
738	3.550000e-003	
739	4.250000e-003	
740	4.550000e-003	
741	5.250000e-003	
742	4.625000e-003	
743	4.375000e-003	
744	4.050000e-003	
745	4.025000e-003	
746	4.650000e-003	
747	5.200000e-003	
748	4.700000e-003	
749	4.225000e-003	
750	3.450000e-003	
751	3.625000e-003	
752	3.075000e-003	
753	1.775000e-003	
754	1.550000e-003	
755	1.550000e-003	
756	1.675000e-003	
757	1.525000e-003	
758	1.250000e-003	
759	1.150000e-003	
760	1.125000e-003	
761	1.100000e-003	
762	9.250000e-004	
763	1.075000e-003	
764	9.500000e-004	
765	9.000000e-004	
766	7.750000e-004	
767	8.250000e-004	
768	6.500000e-004	
769	7.750000e-004	
770	6.250000e-004	
771	5.500000e-004	
772	5.750000e-004	
773	4.250000e-004	
774	4.250000e-004	
775	5.250000e-004	
776	4.500000e-004	
777	6.000000e-004	
778	5.000000e-004	
779	3.750000e-004	
780	3.500000e-004	
781	2.000000e-004	
782	1.000000e-004	
783	1.250000e-004	
784	5.000000e-005	
785	5.000000e-005	
786	7.500000e-005	
787	0	
788	0	
789	0	
790	0	
791	0	
792	0	
793	0	
794	0	
795	0	
796	0	
797	0	
798	0	
799	0	
800	0	
801	0	
802	0	
803	0	
804	0	
805	0	
806	0	
807	0	
808	0	
809	0	
810	0	
811	0	
812	0	
813	0	
814	0	
815	0	
816	0	
817	2.500000e-005	
818	0	
819	0	
820	0	
821	0	
822	0	
823	0	
824	0	
825	0	
826	0	
827	0	
828	0	
829	0	
830	2.500000e-005	
831	2.500000e-005	
832	0	
833	0	
834	0	
835	0	
836	0	
837	0	
838	0	
839	0	
840	0	
841	0	
842	0	
843	0	
844	0	
845	0	
846	0	
847	0	
848	0	
849	0	
850	0	
851	0	
852	0	
853	0	
854	0	
855	0	
856	0	
857	0	
858	0	
859	0	
860	0	
861	0	
862	0	
863	0	
864	0	
865	0	
866	0	
867	0	
868	0	
869	0	
870	0	
871	0	
872	0	
873	0	
874	0	
875	0	
876	0	
877	0	
878	0	
879	0	
880	0	
881	0	
882	0	
883	0	
884	2.500000e-005	
885	5.000000e-005	
886	2.500000e-005	
887	0	
888	0	
889	0	
890	0	
891	0	
892	0	
893	0	
894	0	
895	0	
896	0	
897	0	
898	0	
899	0	
900	0	
901	0	
902	0	
903	0	
904	0	
905	0	
906	0	
907	0	
908	0	
909	2.500000e-005	
910	1.250000e-004	
911	1.000000e-004	
912	5.000000e-005	
913	1.000000e-004	
914	7.500000e-005	
915	1.000000e-004	
916	7.500000e-005	
917	1.000000e-004	
918	1.000000e-004	
919	7.500000e-005	
920	7.500000e-005	
921	7.500000e-005	
922	1.250000e-004	
923	1.500000e-004	
924	1.500000e-004	
925	2.250000e-004	
926	2.000000e-004	
927	1.750000e-004	
928	1.750000e-004	
929	2.000000e-004	
930	2.500000e-004	
931	3.250000e-004	
932	2.750000e-004	
933	2.500000e-004	
934	2.000000e-004	
935	3.000000e-004	
936	2.750000e-004	
937	2.500000e-004	
938	3.000000e-004	
939	2.500000e-004	
940	3.500000e-004	
941	3.750000e-004	
942	4.250000e-004	
943	2.500000e-004	
944	2.250000e-004	
945	2.500000e-004	
946	3.000000e-004	
947	1.250000e-004	
948	5.000000e-005	
949	1.000000e-004	
950	1.500000e-004	
951	2.000000e-004	
952	1.000000e-004	
953	7.500000e-005	
954	0	
955	0	
956	0	
957	2.500000e-005	
958	0	
959	0	
960	0	
961	2.500000e-005	
962	7.500000e-005	
963	2.500000e-005	
964	2.500000e-005	
965	0	
966	0	
967	0	
968	0	
969	0	
970	0	
971	0	
972	2.500000e-005	
973	1.250000e-004	
974	1.250000e-004	
975	1.250000e-004	
976	1.250000e-004	
977	7.500000e-005	
978	1.250000e-004	
979	2.500000e-004	
980	1.000000e-004	
981	5.000000e-005	
982	7.500000e-005	
983	5.000000e-005	
984	2.500000e-005	
985	5.000000e-005	
986	7.500000e-005	
987	1.000000e-004	
988	2.500000e-005	
989	2.500000e-005	
990	2.500000e-005	
991	5.000000e-005	
992	0	
993	0	
994	0	
995	5.000000e-005	
996	7.500000e-005	
997	5.000000e-005	
998	7.500000e-005	
999	5.000000e-005	
1000	7.500000e-005	
1001	7.500000e-005	
1002	2.500000e-005	
1003	5.000000e-005	
1004	2.500000e-005	
1005	2.500000e-005	
1006	2.500000e-005	
1007	2.500000e-005	
1008	2.500000e-005	
1009	0	
1010	0	
1011	0	
1012	0	
1013	0	
1014	0	
1015	0	
1016	0	
1017	0	
1018	0	
1019	0	
1020	0	
1021	0	
1022	0	
1023	0	
1024	0	
1025	0	
1026	0	
1027	0	
1028	0	
1029	0	
1030	0	
1031	2.500000e-005	
1032	1.500000e-004	
1033	1.500000e-004	
1034	1.000000e-004	
1035	1.500000e-004	
1036	3.500000e-004	
1037	3.500000e-004	
1038	2.500000e-004	
1039	2.000000e-004	
1040	3.000000e-004	
1041	4.500000e-004	
1042	4.000000e-004	
1043	3.500000e-004	
1044	3.000000e-004	
1045	3.250000e-004	
1046	4.500000e-004	
1047	3.000000e-004	
1048	3.750000e-004	
1049	2.500000e-004	
1050	2.750000e-004	
1051	2.750000e-004	
1052	2.750000e-004	
1053	2.750000e-004	
1054	3.250000e-004	
1055	4.500000e-004	
1056	3.000000e-004	
1057	3.250000e-004	
1058	3.250000e-004	
1059	2.750000e-004	
1060	2.250000e-004	
1061	2.250000e-004	
1062	2.000000e-004	
1063	2.000000e-004	
1064	2.250000e-004	
1065	2.250000e-004	
1066	3.250000e-004	
1067	2.250000e-004	
1068	1.750000e-004	
1069	2.500000e-004	
1070	2.500000e-004	
1071	1.500000e-004	
1072	1.750000e-004	
1073	1.750000e-004	
1074	1.750000e-004	
1075	2.000000e-004	
1076	2.500000e-004	
1077	3.250000e-004	
1078	4.000000e-004	
1079	5.000000e-004	
1080	5.250000e-004	
1081	5.000000e-004	
1082	5.000000e-004	
1083	6.000000e-004	
1084	5.500000e-004	
1085	6.250000e-004	
1086	7.000000e-004	
1087	7.750000e-004	
1088	6.250000e-004	
1089	7.000000e-004	
1090	7.500000e-004	
1091	7.500000e-004	
1092	9.000000e-004	
1093	9.500000e-004	
1094	7.750000e-004	
1095	7.750000e-004	
1096	9.250000e-004	
1097	7.500000e-004	
1098	3.750000e-004	
1099	3.250000e-004	
1100	3.500000e-004	
1101	3.500000e-004	
1102	4.250000e-004	
1103	4.750000e-004	
1104	4.250000e-004	
1105	2.500000e-004	
1106	3.000000e-004	
1107	4.000000e-004	
1108	4.250000e-004	
1109	4.750000e-004	
1110	5.250000e-004	
1111	5.750000e-004	
1112	6.000000e-004	
1113	7.250000e-004	
1114	9.250000e-004	
1115	1.025000e-003	
1116	1.200000e-003	
1117	1.175000e-003	
1118	7.750000e-004	
1119	9.250000e-004	
1120	8.250000e-004	
1121	9.500000e-004	
1122	9.250000e-004	
1123	8.750000e-004	
1124	7.250000e-004	
1125	7.250000e-004	
1126	7.250000e-004	
1127	8.250000e-004	
1128	1.050000e-003	
1129	8.500000e-004	
1130	9.500000e-004	
1131	1.050000e-003	
1132	1.000000e-003	
1133	1.025000e-003	
1134	7.750000e-004	
1135	9.250000e-004	
1136	8.500000e-004	
1137	1.050000e-003	
1138	1.225000e-003	
1139	1.250000e-003	
1140	1.425000e-003	
1141	1.125000e-003	
1142	1.550000e-003	
1143	1.350000e-003	
1144	1.400000e-003	
1145	1.100000e-003	
1146	1.475000e-003	
1147	1.200000e-003	
1148	1.475000e-003	
1149	1.625000e-003	
1150	1.675000e-003	
1151	1.975000e-003	
1152	1.525000e-003	
1153	1.475000e-003	
1154	1.750000e-003	
1155	1.775000e-003	
1156	1.675000e-003	
1157	1.700000e-003	
1158	1.750000e-003	
1159	1.800000e-003	
1160	1.600000e-003	
1161	1.425000e-003	
1162	1.500000e-003	
1163	1.625000e-003	
1164	1.425000e-003	
1165	1.300000e-003	
1166	1.100000e-003	
1167	1.025000e-003	
1168	1.025000e-003	
1169	1.250000e-003	
1170	9.500000e-004	
1171	1.200000e-003	
1172	1.350000e-003	
1173	1.375000e-003	
1174	1.150000e-003	
1175	1.200000e-003	
1176	1.350000e-003	
1177	1.300000e-003	
1178	1.225000e-003	
1179	1.525000e-003	
1180	1.200000e-003	
1181	8.500000e-004	
1182	5.250000e-004	
1183	4.500000e-004	
1184	4.250000e-004	
1185	2.750000e-004	
1186	3.250000e-004	
1187	4.750000e-004	
1188	5.250000e-004	
1189	5.000000e-004	
1190	5.750000e-004	
1191	5.500000e-004	
1192	5.750000e-004	
1193	5.000000e-004	
1194	6.000000e-004	
1195	6.500000e-004	
1196	5.750000e-004	
1197	8.000000e-004	
1198	7.750000e-004	
1199	9.750000e-004	
1200	9.750000e-004	
1201	1.025000e-003	
1202	1.150000e-003	
1203	8.250000e-004	
1204	7.750000e-004	
1205	9.000000e-004	
1206	1.125000e-003	
1207	1.100000e-003	
1208	1.000000e-003	
1209	9.750000e-004	
1210	7.000000e-004	
1211	6.500000e-004	
1212	8.250000e-004	
1213	7.750000e-004	
1214	7.250000e-004	
1215	7.500000e-004	
1216	8.000000e-004	
1217	7.000000e-004	
1218	7.000000e-004	
1219	6.500000e-004	
1220	5.750000e-004	
1221	5.750000e-004	
1222	6.500000e-004	
1223	6.250000e-004	
1224	8.250000e-004	
1225	9.250000e-004	
1226	9.000000e-004	
1227	7.250000e-004	
1228	8.750000e-004	
1229	7.000000e-004	
1230	7.250000e-004	
1231	7.250000e-004	
1232	8.500000e-004	
1233	9.000000e-004	
1234	1.075000e-003	
1235	1.150000e-003	
1236	1.000000e-003	
1237	1.075000e-003	
1238	1.100000e-003	
1239	1.000000e-003	
1240	9.000000e-004	
1241	8.750000e-004	
1242	9.500000e-004	
1243	1.200000e-003	
1244	1.375000e-003	
1245	1.300000e-003	
1246	1.175000e-003	
1247	1.175000e-003	
1248	1.125000e-003	
1249	9.250000e-004	
1250	1.150000e-003	
1251	1.050000e-003	
1252	1.375000e-003	
1253	1.425000e-003	
1254	1.650000e-003	
1255	1.600000e-003	
1256	1.400000e-003	
1257	1.350000e-003	
1258	1.450000e-003	
1259	1.825000e-003	
1260	1.975000e-003	
1261	1.625000e-003	
1262	1.500000e-003	
1263	1.850000e-003	
1264	1.400000e-003	
1265	1.425000e-003	
1266	1.125000e-003	
1267	1.125000e-003	
1268	1.175000e-003	
1269	1.200000e-003	
1270	1.075000e-003	
1271	1.000000e-003	
1272	8.500000e-004	
1273	7.750000e-004	
1274	9.250000e-004	
1275	1.000000e-003	
1276	1.050000e-003	
1277	1.150000e-003	
1278	1.450000e-003	
1279	1.375000e-003	
1280	1.450000e-003	
1281	1.175000e-003	
1282	1.275000e-003	
1283	1.625000e-003	
1284	1.625000e-003	
1285	1.875000e-003	
1286	1.725000e-003	
1287	1.550000e-003	
1288	1.600000e-003	
1289	1.675000e-003	
1290	1.925000e-003	
1291	1.775000e-003	
1292	1.700000e-003	
1293	1.625000e-003	
1294	1.700000e-003	
1295	1.450000e-003	
1296	1.525000e-003	
1297	1.475000e-003	
1298	1.825000e-003	
1299	1.850000e-003	
1300	2.000000e-003	
1301	1.775000e-003	
1302	1.600000e-003	
1303	1.575000e-003	
1304	1.675000e-003	
1305	2.075000e-003	
1306	1.950000e-003	
1307	1.700000e-003	
1308	1.825000e-003	
1309	1.675000e-003	
1310	1.950000e-003	
1311	1.750000e-003	
1312	1.775000e-003	
1313	1.775000e-003	
1314	1.775000e-003	
1315	1.850000e-003	
1316	1.675000e-003	
1317	1.750000e-003	
1318	1.875000e-003	
1319	1.775000e-003	
1320	1.525000e-003	
1321	1.625000e-003	
1322	1.650000e-003	
1323	1.500000e-003	
1324	1.550000e-003	
1325	1.800000e-003	
1326	2.150000e-003	
1327	1.800000e-003	
1328	1.500000e-003	
1329	1.325000e-003	
1330	1.550000e-003	
1331	2.125000e-003	
1332	1.725000e-003	
1333	1.475000e-003	
1334	1.525000e-003	
1335	1.200000e-003	
1336	1.075000e-003	
1337	1.150000e-003	
1338	1.350000e-003	
1339	1.025000e-003	
1340	8.250000e-004	
1341	7.250000e-004	
1342	8.250000e-004	
1343	1.000000e-003	
1344	1.225000e-003	
1345	1.250000e-003	
1346	1.175000e-003	
1347	1.325000e-003	
1348	1.350000e-003	
1349	1.450000e-003	
1350	1.475000e-003	
1351	1.850000e-003	
1352	1.825000e-003	
1353	1.875000e-003	
1354	1.825000e-003	
1355	1.775000e-003	
1356	1.750000e-003	
1357	1.525000e-003	
1358	1.500000e-003	
1359	1.725000e-003	
1360	1.600000e-003	
1361	1.150000e-003	
1362	1.125000e-003	
1363	1.100000e-003	
1364	1.000000e-003	
1365	8.750000e-004	
1366	7.000000e-004	
1367	5.000000e-004	
1368	5.750000e-004	
1369	5.250000e-004	
1370	7.000000e-004	
1371	9.250000e-004	
1372	8.500000e-004	
1373	7.250000e-004	
1374	9.500000e-004	
1375	9.000000e-004	
1376	9.000000e-004	
1377	8.250000e-004	
1378	8.500000e-004	
1379	1.000000e-003	
1380	1.250000e-003	
1381	1.025000e-003	
1382	9.250000e-004	
1383	9.750000e-004	
1384	8.750000e-004	
1385	9.250000e-004	
1386	9.500000e-004	
1387	1.000000e-003	
1388	9.000000e-004	
1389	7.250000e-004	
1390	6.000000e-004	
1391	7.750000e-004	
1392	9.000000e-004	
1393	9.250000e-004	
1394	9.000000e-004	
1395	9.500000e-004	
1396	8.500000e-004	
1397	7.000000e-004	
1398	8.000000e-004	
1399	7.000000e-004	
1400	7.500000e-004	
1401	6.750000e-004	
1402	6.250000e-004	
1403	5.250000e-004	
1404	4.750000e-004	
1405	5.750000e-004	
1406	5.500000e-004	
1407	4.250000e-004	
1408	4.750000e-004	
1409	5.750000e-004	
1410	4.750000e-004	
1411	4.500000e-004	
1412	3.750000e-004	
1413	3.500000e-004	
1414	2.750000e-004	
1415	3.250000e-004	
1416	2.500000e-004	
1417	1.500000e-004	
1418	1.500000e-004	
1419	2.500000e-005	
1420	0	
1421	0	
1422	0	
1423	0	
1424	0	
1425	0	
1426	0	
1427	0	
1428	0	
1429	0	
1430	0	
1431	0	
1432	0	
1433	0	
1434	0	
1435	0	
1436	0	
1437	0	
1438	0	
1439	0	
1440	0	
1441	2.500000e-005	
1442	5.000000e-005	
1443	0	
1444	0	
1445	0	
1446	0	
1447	0	
1448	0	
1449	0	
1450	0	
1451	0	
1452	0	
1453	0	
1454	0	
1455	0	
1456	0	
1457	0	
1458	0	
1459	0	
1460	0	
1461	0	
1462	0	
1463	0	
1464	0	
1465	0	
1466	0	
1467	0	
1468	2.500000e-005	
1469	5.000000e-005	
1470	1.000000e-004	
1471	7.500000e-005	
1472	2.500000e-005	
1473	0	
1474	0	
1475	0	
1476	0	
1477	0	
1478	0	
1479	0	
1480	2.500000e-005	
1481	1.250000e-004	
1482	1.750000e-004	
1483	1.250000e-004	
1484	7.500000e-005	
1485	1.000000e-004	
1486	1.250000e-004	
1487	1.750000e-004	
1488	2.500000e-004	
1489	3.000000e-004	
1490	3.500000e-004	
1491	2.250000e-004	
1492	2.750000e-004	
1493	2.750000e-004	
1494	2.500000e-004	
1495	2.000000e-004	
1496	2.500000e-004	
1497	2.750000e-004	
1498	3.000000e-004	
1499	3.000000e-004	
1500	2.750000e-004	
1501	7.500000e-005	
1502	2.500000e-005	
1503	2.500000e-005	
1504	5.000000e-005	
1505	5.000000e-005	
1506	0	
1507	0	
1508	0	
1509	0	
1510	0	
1511	0	
1512	0	
1513	0	
1514	0	
1515	0	
1516	0	
1517	0	
1518	0	
1519	0	
1520	0	
1521	0	
1522	0	
1523	0	
1524	0	
1525	0	
1526	0	
1527	0	
1528	0	
1529	0	
1530	0	
1531	0	
1532	0	
1533	0	
1534	0	
1535	0	
1536	0	
1537	0	
1538	0	
1539	0	
1540	0	
1541	0	
1542	0	
1543	0	
1544	0	
1545	0	
1546	0	
1547	0	
1548	0	
1549	0	
1550	0	
1551	0	
1552	0	
1553	0	
1554	2.500000e-005	
1555	7.500000e-005	
1556	7.500000e-005	
1557	7.500000e-005	
1558	1.000000e-004	
1559	1.000000e-004	
1560	1.500000e-004	
1561	2.250000e-004	
1562	7.500000e-005	
1563	5.000000e-005	
1564	5.000000e-005	
1565	0	
1566	2.500000e-005	
1567	0	
1568	0	
1569	0	
1570	0	
1571	0	
1572	0	
1573	0	
1574	0	
1575	0	
1576	0	
1577	0	
1578	0	
1579	0	
1580	0	
1581	0	
1582	0	
1583	0	
1584	0	
1585	0	
1586	0	
1587	0	
1588	0	
1589	0	
1590	0	
1591	0	
1592	0	
1593	0	
1594	0	
1595	0	
1596	0	
1597	0	
1598	0	
1599	0	
1600	0	
1601	0	
1602	0	
1603	0	
1604	0	
1605	0	
1606	0	
1607	0	
1608	0	
1609	0	
1610	0	
1611	0	
1612	0	
1613	0	
1614	0	
1615	0	
1616	0	
1617	0	
1618	0	
1619	0	
1620	0	
1621	0	
1622	0	
1623	0	
1624	0	
1625	0	
1626	0	
1627	0	
1628	0	
1629	0	
1630	0	
1631	0	
1632	0	
1633	0	
1634	0	
1635	0	
1636	0	
1637	0	
1638	0	
1639	0	
1640	0	
1641	0	
1642	2.500000e-005	
1643	0	
1644	0	
1645	0	
1646	0	
1647	0	
1648	0	
1649	0	
1650	0	
1651	0	
1652	0	
1653	0	
1654	0	
1655	0	
1656	0	
1657	0	
1658	0	
1659	0	
1660	0	
1661	0	
1662	0	
1663	0	
1664	0	
1665	0	
1666	2.500000e-005	
1667	7.500000e-005	
1668	1.000000e-004	
1669	7.500000e-005	
1670	0	
1671	0	
1672	0	
1673	0	
1674	0	
1675	0	
1676	0	
1677	0	
1678	0	
1679	0	
1680	0	
1681	0	
1682	0	
1683	0	
1684	0	
1685	0	
1686	0	
1687	0	
1688	0	
1689	0	
1690	0	
1691	0	
1692	0	
1693	0	
1694	0	
1695	0	
1696	0	
1697	0	
1698	2.500000e-005	
1699	7.500000e-005	
1700	1.000000e-004	
1701	1.000000e-004	
1702	1.500000e-004	
1703	2.500000e-004	
1704	2.750000e-004	
1705	3.750000e-004	
1706	3.000000e-004	
1707	3.250000e-004	
1708	4.500000e-004	
1709	3.250000e-004	
1710	3.250000e-004	
1711	3.750000e-004	
1712	4.750000e-004	
1713	6.000000e-004	
1714	3.500000e-004	
1715	2.750000e-004	
1716	2.750000e-004	
1717	2.250000e-004	
1718	2.500000e-004	
1719	3.000000e-004	
1720	5.000000e-004	
1721	6.750000e-004	
1722	6.750000e-004	
1723	7.500000e-004	
1724	6.750000e-004	
1725	7.250000e-004	
1726	7.250000e-004	
1727	8.250000e-004	
1728	1.100000e-003	
1729	9.250000e-004	
1730	8.750000e-004	
1731	1.025000e-003	
1732	1.225000e-003	
1733	9.250000e-004	
1734	1.075000e-003	
1735	1.025000e-003	
1736	1.075000e-003	
1737	1.175000e-003	
1738	1.750000e-003	
1739	1.700000e-003	
1740	2.100000e-003	
1741	1.900000e-003	
1742	1.825000e-003	
1743	2.050000e-003	
1744	2.300000e-003	
1745	2.100000e-003	
1746	2.125000e-003	
1747	1.925000e-003	
1748	1.900000e-003	
1749	2.150000e-003	
1750	1.800000e-003	
1751	1.550000e-003	
1752	1.900000e-003	
1753	1.825000e-003	
1754	1.775000e-003	
1755	1.825000e-003	
1756	2.075000e-003	
1757	2.000000e-003	
1758	2.075000e-003	
1759	2.025000e-003	
1760	2.175000e-003	
1761	2.825000e-003	
1762	2.250000e-003	
1763	2.400000e-003	
1764	2.250000e-003	
1765	2.500000e-003	
1766	2.675000e-003	
1767	2.950000e-003	
1768	3.050000e-003	
1769	2.850000e-003	
1770	3.000000e-003	
1771	3.200000e-003	
1772	3.775000e-003	
1773	3.900000e-003	
1774	3.975000e-003	
1775	3.875000e-003	
1776	4.075000e-003	
1777	3.850000e-003	
1778	3.500000e-003	
1779	3.875000e-003	
1780	3.925000e-003	
1781	3.750000e-003	
1782	3.775000e-003	
1783	4.075000e-003	
1784	4.000000e-003	
1785	3.875000e-003	
1786	3.625000e-003	
1787	3.300000e-003	
1788	3.875000e-003	
1789	3.850000e-003	
1790	3.800000e-003	
1791	3.775000e-003	
1792	4.225000e-003	
1793	4.350000e-003	
1794	4.475000e-003	
1795	4.275000e-003	
1796	4.325000e-003	
1797	4.550000e-003	
1798	4.350000e-003	
1799	4.250000e-003	
1800	3.500000e-003	
1801	3.250000e-003	
1802	3.850000e-003	
1803	3.225000e-003	
1804	3.150000e-003	
1805	3.650000e-003	
1806	3.450000e-003	
1807	3.900000e-003	
1808	3.675000e-003	
1809	3.700000e-003	
1810	4.025000e-003	
1811	4.350000e-003	
1812	4.025000e-003	
1813	4.150000e-003	
1814	3.875000e-003	
1815	3.900000e-003	
1816	3.075000e-003	
1817	3.100000e-003	
1818	2.775000e-003	
1819	3.150000e-003	
1820	3.700000e-003	
1821	3.700000e-003	
1822	4.000000e-003	
1823	4.000000e-003	
1824	4.150000e-003	
1825	3.575000e-003	
1826	3.425000e-003	
1827	2.900000e-003	
1828	2.875000e-003	
1829	3.050000e-003	
1830	2.800000e-003	
1831	2.550000e-003	
1832	2.400000e-003	
1833	2.650000e-003	
1834	2.725000e-003	
1835	2.625000e-003	
1836	2.525000e-003	
1837	2.475000e-003	
1838	2.225000e-003	
1839	1.700000e-003	
1840	1.900000e-003	
1841	1.825000e-003	
1842	1.800000e-003	
1843	1.550000e-003	
1844	1.100000e-003	
1845	1.050000e-003	
1846	1.375000e-003	
1847	1.425000e-003	
1848	1.125000e-003	
1849	1.325000e-003	
1850	1.525000e-003	
1851	1.450000e-003	
1852	1.500000e-003	
1853	1.250000e-003	
1854	9.750000e-004	
1855	8.250000e-004	
1856	8.000000e-004	
1857	5.000000e-004	
1858	8.000000e-004	
1859	6.250000e-004	
1860	5.750000e-004	
1861	6.250000e-004	
1862	5.000000e-004	
1863	4.000000e-004	
1864	5.500000e-004	
1865	5.250000e-004	
1866	4.500000e-004	
1867	4.250000e-004	
1868	4.750000e-004	
1869	6.000000e-004	
1870	5.250000e-004	
1871	5.000000e-004	
1872	5.250000e-004	
1873	4.000000e-004	
1874	4.500000e-004	
1875	5.250000e-004	
1876	5.000000e-004	
1877	6.250000e-004	
1878	6.750000e-004	
1879	7.000000e-004	
1880	8.000000e-004	
1881	8.750000e-004	
1882	7.250000e-004	
1883	6.750000e-004	
1884	9.000000e-004	
1885	1.000000e-003	
1886	4.500000e-004	
1887	3.750000e-004	
1888	2.500000e-004	
1889	2.750000e-004	
1890	4.250000e-004	
1891	5.250000e-004	
1892	4.750000e-004	
1893	5.250000e-004	
1894	3.500000e-004	
1895	3.250000e-004	
1896	2.500000e-004	
1897	3.250000e-004	
1898	4.000000e-004	
1899	3.000000e-004	
1900	2.750000e-004	
1901	3.000000e-004	
1902	3.000000e-004	
1903	2.000000e-004	
1904	1.500000e-004	
1905	2.750000e-004	
1906	2.000000e-004	
1907	1.250000e-004	
1908	1.000000e-004	
1909	1.000000e-004	
1910	7.500000e-005	
1911	5.000000e-005	
1912	1.000000e-004	
1913	5.000000e-005	
1914	5.000000e-005	
1915	1.250000e-004	
1916	1.500000e-004	
1917	2.000000e-004	
1918	2.250000e-004	
1919	2.250000e-004	
1920	2.250000e-004	
1921	1.750000e-004	
1922	1.750000e-004	
1923	1.250000e-004	
1924	0	
1925	0	
1926	0	
1927	0	
1928	0	
1929	0	
1930	0	
1931	0	
1932	0	
1933	0	
1934	0	
1935	0	
1936	0	
1937	0	
1938	0	
1939	0	
1940	0	
1941	0	
1942	0	
1943	0	
1944	0	
1945	0	
1946	0	
1947	0	
1948	0	
1949	0	
1950	0	
1951	0	
1952	0	
1953	0	
1954	0	
1955	0	
1956	0	
1957	0	
1958	0	
1959	0	
1960	0	
1961	0	
1962	0	
1963	0	
1964	0	
1965	0	
1966	0	
1967	0	
1968	0	
1969	0	
1970	0	
1971	0	
1972	0	
1973	0	
1974	0	
1975	0	
1976	0	
1977	0	
1978	0	
1979	0	
1980	0	
1981	0	
1982	0	
1983	0	
1984	0	
1985	0	
1986	0	
1987	0	
1988	0	
1989	0	
1990	0	
1991	0	
1992	0	
1993	0	
1994	0	
1995	0	
1996	0	
1997	0	
1998	2.500000e-005	
1999	1.250000e-004	
2000	1.000000e-004	
2001	5.000000e-005	
2002	2.500000e-005	
2003	7.500000e-005	
2004	1.500000e-004	
2005	1.000000e-004	
2006	2.000000e-004	
2007	2.000000e-004	
2008	2.250000e-004	
2009	2.500000e-004	
2010	1.250000e-004	
2011	1.500000e-004	
2012	2.750000e-004	
2013	3.000000e-004	
2014	2.250000e-004	
2015	3.250000e-004	
2016	3.250000e-004	
2017	2.750000e-004	
2018	2.750000e-004	
2019	2.500000e-004	
2020	2.000000e-004	
2021	2.000000e-004	
2022	3.000000e-004	
2023	3.750000e-004	
2024	3.000000e-004	
2025	2.500000e-004	
2026	3.250000e-004	
2027	2.250000e-004	
2028	1.000000e-004	
2029	2.250000e-004	
2030	2.750000e-004	
2031	2.750000e-004	
2032	2.500000e-004	
2033	1.500000e-004	
2034	1.000000e-004	
2035	7.500000e-005	
2036	1.000000e-004	
2037	1.750000e-004	
2038	1.250000e-004	
2039	2.000000e-004	
2040	2.000000e-004	
2041	3.000000e-004	
2042	3.000000e-004	
2043	2.750000e-004	
2044	4.000000e-004	
2045	4.250000e-004	
2046	4.500000e-004	
2047	4.500000e-004	
2048	3.500000e-004	
2049	2.750000e-004	
2050	3.250000e-004	
2051	2.750000e-004	
2052	2.500000e-004	
2053	3.500000e-004	
2054	4.750000e-004	
2055	5.000000e-004	
2056	6.250000e-004	
2057	6.000000e-004	
2058	4.750000e-004	
2059	4.250000e-004	
2060	3.750000e-004	
2061	3.500000e-004	
2062	3.000000e-004	
2063	3.000000e-004	
2064	2.500000e-004	
2065	3.000000e-004	
2066	1.500000e-004	
2067	1.500000e-004	
2068	1.500000e-004	
2069	1.250000e-004	
2070	1.000000e-004	
2071	5.000000e-005	
2072	7.500000e-005	
2073	1.500000e-004	
2074	2.750000e-004	
2075	2.000000e-004	
2076	3.000000e-004	
2077	2.750000e-004	
2078	3.000000e-004	
2079	4.500000e-004	
2080	3.750000e-004	
2081	2.250000e-004	
2082	3.250000e-004	
2083	2.500000e-004	
2084	3.000000e-004	
2085	2.500000e-004	
2086	2.250000e-004	
2087	3.000000e-004	
2088	1.500000e-004	
2089	1.250000e-004	
2090	1.250000e-004	
2091	1.250000e-004	
2092	1.250000e-004	
2093	1.000000e-004	
2094	1.000000e-004	
2095	1.000000e-004	
2096	5.000000e-005	
2097	2.500000e-005	
2098	2.500000e-005	
2099	2.500000e-005	
2100	0	
2101	2.500000e-005	
2102	5.000000e-005	
2103	7.500000e-005	
2104	2.500000e-005	
2105	0	
2106	0	
2107	0	
2108	0	
2109	0	
2110	0	
2111	0	
2112	0	
2113	2.500000e-005	
2114	1.250000e-004	
2115	1.500000e-004	
2116	1.750000e-004	
2117	1.750000e-004	
2118	2.500000e-004	
2119	3.000000e-004	
2120	3.000000e-004	
2121	2.000000e-004	
2122	3.500000e-004	
2123	4.250000e-004	
2124	3.250000e-004	
2125	2.250000e-004	
2126	3.250000e-004	
2127	3.250000e-004	
2128	3.250000e-004	
2129	2.250000e-004	
2130	3.500000e-004	
2131	3.000000e-004	
2132	3.250000e-004	
2133	3.500000e-004	
2134	3.250000e-004	
2135	3.750000e-004	
2136	3.250000e-004	
2137	2.250000e-004	
2138	1.750000e-004	
2139	1.500000e-004	
2140	2.250000e-004	
2141	4.250000e-004	
2142	4.000000e-004	
2143	3.500000e-004	
2144	4.750000e-004	
2145	5.750000e-004	
2146	7.750000e-004	
2147	8.500000e-004	
2148	6.500000e-004	
2149	4.250000e-004	
2150	4.000000e-004	
2151	5.500000e-004	
2152	4.500000e-004	
2153	5.000000e-004	
2154	5.750000e-004	
2155	5.250000e-004	
2156	6.000000e-004	
2157	5.500000e-004	
2158	3.750000e-004	
2159	2.750000e-004	
2160	1.500000e-004	
2161	1.750000e-004	
2162	1.250000e-004	
2163	1.250000e-004	
2164	7.500000e-005	
2165	1.000000e-004	
2166	5.000000e-005	
2167	5.000000e-005	
2168	5.000000e-005	
2169	1.750000e-004	
2170	2.000000e-004	
2171	2.250000e-004	
2172	2.250000e-004	
2173	2.000000e-004	
2174	7.500000e-005	
2175	2.500000e-005	
2176	5.000000e-005	
2177	1.250000e-004	
2178	1.500000e-004	
2179	2.000000e-004	
2180	1.500000e-004	
2181	2.750000e-004	
2182	2.500000e-004	
2183	2.250000e-004	
2184	3.250000e-004	
2185	2.000000e-004	
2186	1.250000e-004	
2187	1.250000e-004	
2188	7.500000e-005	
2189	7.500000e-005	
2190	2.500000e-005	
2191	2.500000e-005	
2192	0	
2193	0	
2194	0	
2195	0	
2196	0	
2197	0	
2198	0	
2199	0	
2200	0	
2201	0	
2202	0	
2203	0	
2204	0	
2205	0	
2206	0	
2207	0	
2208	0	
2209	0	
2210	0	
2211	0	
2212	2.500000e-005	
2213	7.500000e-005	
2214	2.500000e-005	
2215	7.500000e-005	
2216	1.750000e-004	
2217	1.000000e-004	
2218	1.750000e-004	
2219	2.250000e-004	
2220	1.250000e-004	
2221	1.000000e-004	
2222	1.500000e-004	
2223	2.000000e-004	
2224	1.750000e-004	
2225	1.750000e-004	
2226	1.000000e-004	
2227	2.000000e-004	
2228	2.750000e-004	
2229	2.000000e-004	
2230	2.500000e-004	
2231	2.250000e-004	
2232	4.250000e-004	
2233	5.000000e-004	
2234	4.750000e-004	
2235	4.250000e-004	
2236	4.500000e-004	
2237	5.000000e-004	
2238	5.250000e-004	
2239	6.500000e-004	
2240	5.000000e-004	
2241	4.250000e-004	
2242	4.500000e-004	
2243	4.000000e-004	
2244	4.250000e-004	
2245	4.250000e-004	
2246	4.750000e-004	
2247	4.500000e-004	
2248	4.500000e-004	
2249	3.500000e-004	
2250	3.500000e-004	
2251	3.000000e-004	
2252	3.750000e-004	
2253	4.750000e-004	
2254	4.750000e-004	
2255	4.250000e-004	
2256	3.750000e-004	
2257	2.750000e-004	
2258	3.250000e-004	
2259	3.750000e-004	
2260	2.000000e-004	
2261	2.250000e-004	
2262	2.250000e-004	
2263	1.000000e-004	
2264	1.500000e-004	
2265	2.500000e-004	
2266	2.000000e-004	
2267	2.250000e-004	
2268	2.500000e-004	
2269	2.500000e-004	
2270	3.000000e-004	
2271	3.500000e-004	
2272	2.250000e-004	
2273	3.000000e-004	
2274	2.000000e-004	
2275	1.500000e-004	
2276	1.250000e-004	
2277	1.500000e-004	
2278	1.500000e-004	
2279	2.500000e-004	
2280	3.000000e-004	
2281	2.750000e-004	
2282	2.750000e-004	
2283	3.000000e-004	
2284	4.250000e-004	
2285	4.500000e-004	
2286	3.750000e-004	
2287	4.000000e-004	
2288	4.000000e-004	
2289	4.500000e-004	
2290	3.750000e-004	
2291	3.500000e-004	
2292	4.750000e-004	
2293	4.250000e-004	
2294	5.000000e-004	
2295	3.750000e-004	
2296	3.250000e-004	
2297	2.500000e-004	
2298	3.000000e-004	
2299	2.500000e-004	
2300	3.000000e-004	
2301	5.250000e-004	
2302	4.250000e-004	
2303	3.750000e-004	
2304	4.250000e-004	
2305	5.000000e-004	
2306	5.500000e-004	
2307	6.250000e-004	
2308	6.250000e-004	
2309	7.750000e-004	
2310	7.250000e-004	
2311	9.250000e-004	
2312	1.075000e-003	
2313	1.000000e-003	
2314	8.250000e-004	
2315	8.750000e-004	
2316	1.100000e-003	
2317	1.200000e-003	
2318	9.250000e-004	
2319	1.075000e-003	
2320	1.400000e-003	
2321	1.825000e-003	
2322	1.200000e-003	
2323	1.275000e-003	
2324	1.500000e-003	
2325	1.400000e-003	
2326	1.550000e-003	
2327	1.775000e-003	
2328	1.900000e-003	
2329	1.725000e-003	
2330	1.950000e-003	
2331	1.625000e-003	
2332	1.675000e-003	
2333	1.950000e-003	
2334	2.050000e-003	
2335	1.850000e-003	
2336	1.975000e-003	
2337	2.325000e-003	
2338	2.300000e-003	
2339	2.500000e-003	
2340	2.400000e-003	
2341	2.525000e-003	
2342	2.975000e-003	
2343	2.725000e-003	
2344	2.800000e-003	
2345	3.025000e-003	
2346	3.300000e-003	
2347	3.325000e-003	
2348	4.000000e-003	
2349	3.925000e-003	
2350	4.375000e-003	
2351	4.175000e-003	
2352	4.575000e-003	
2353	3.800000e-003	
2354	3.975000e-003	
2355	3.625000e-003	
2356	3.700000e-003	
2357	4.450000e-003	
2358	5.000000e-003	
2359	4.375000e-003	
2360	4.325000e-003	
2361	3.950000e-003	
2362	4.425000e-003	
2363	4.400000e-003	
2364	4.450000e-003	
2365	4.525000e-003	
2366	4.300000e-003	
2367	4.300000e-003	
2368	4.525000e-003	
2369	4.325000e-003	
2370	4.375000e-003	
2371	4.225000e-003	
2372	4.425000e-003	
2373	4.150000e-003	
2374	3.775000e-003	
2375	4.200000e-003	
2376	4.500000e-003	
2377	5.050000e-003	
2378	4.525000e-003	
2379	4.775000e-003	
2380	4.875000e-003	
2381	4.825000e-003	
2382	4.150000e-003	
2383	3.525000e-003	
2384	3.475000e-003	
2385	3.500000e-003	
2386	3.075000e-003	
2387	3.075000e-003	
2388	3.100000e-003	
2389	3.150000e-003	
2390	3.225000e-003	
2391	2.525000e-003	
2392	2.400000e-003	
2393	2.700000e-003	
2394	2.525000e-003	
2395	2.500000e-003	
2396	2.525000e-003	
2397	2.500000e-003	
2398	2.300000e-003	
2399	2.400000e-003	
2400	2.275000e-003	
2401	2.025000e-003	
2402	1.750000e-003	
2403	1.475000e-003	
2404	1.500000e-003	
2405	1.550000e-003	
2406	1.450000e-003	
2407	1.050000e-003	
2408	8.500000e-004	
2409	7.750000e-004	
2410	9.750000e-004	
2411	8.750000e-004	
2412	9.750000e-004	
2413	8.500000e-004	
2414	9.250000e-004	
2415	8.750000e-004	
2416	8.750000e-004	
2417	8.250000e-004	
2418	5.000000e-004	
2419	4.000000e-004	
2420	4.250000e-004	
2421	4.500000e-004	
2422	5.750000e-004	
2423	4.500000e-004	
2424	3.750000e-004	
2425	5.500000e-004	
2426	4.750000e-004	
2427	6.500000e-004	
2428	5.000000e-004	
2429	4.000000e-004	
2430	4.750000e-004	
2431	5.250000e-004	
2432	5.750000e-004	
2433	4.500000e-004	
2434	6.000000e-004	
2435	5.500000e-004	
2436	3.750000e-004	
2437	4.500000e-004	
2438	5.250000e-004	
2439	6.750000e-004	
2440	5.500000e-004	
2441	4.500000e-004	
2442	5.250000e-004	
2443	3.500000e-004	
2444	3.500000e-004	
2445	3.000000e-004	
2446	3.250000e-004	
2447	3.500000e-004	
2448	3.500000e-004	
2449	4.750000e-004	
2450	4.500000e-004	
2451	4.750000e-004	
2452	3.500000e-004	
2453	4.750000e-004	
2454	5.250000e-004	
2455	7.500000e-004	
2456	9.250000e-004	
2457	7.500000e-004	
2458	8.500000e-004	
2459	8.500000e-004	
2460	8.750000e-004	
2461	7.000000e-004	
2462	1.000000e-003	
2463	8.250000e-004	
2464	5.500000e-004	
2465	8.500000e-004	
2466	7.000000e-004	
2467	7.500000e-004	
2468	8.000000e-004	
2469	7.500000e-004	
2470	7.750000e-004	
2471	8.250000e-004	
2472	7.750000e-004	
2473	6.750000e-004	
2474	7.250000e-004	
2475	7.500000e-004	
2476	8.000000e-004	
2477	5.250000e-004	
2478	5.250000e-004	
2479	5.000000e-004	
2480	4.000000e-004	
2481	4.750000e-004	
2482	4.250000e-004	
2483	2.750000e-004	
2484	3.250000e-004	
2485	2.250000e-004	
2486	2.750000e-004	
2487	1.250000e-004	
2488	2.500000e-005	
2489	0	
2490	0	
2491	0	
2492	0	
2493	0	
2494	0	
2495	0	
2496	0	
2497	0	
2498	0	
2499	0	
2500	0	
2501	0	
2502	0	
2503	0	
2504	0	
2505	0	
2506	0	
2507	0	
2508	0	
2509	0	
2510	2.500000e-005	
2511	2.500000e-005	
2512	2.500000e-005	
2513	5.000000e-005	
2514	2.500000e-005	
2515	2.500000e-005	
2516	1.250000e-004	
2517	1.500000e-004	
2518	1.750000e-004	
2519	1.500000e-004	
2520	2.000000e-004	
2521	2.000000e-004	
2522	2.250000e-004	
2523	2.250000e-004	
2524	3.000000e-004	
2525	2.500000e-004	
2526	4.000000e-004	
2527	3.250000e-004	
2528	2.500000e-004	
2529	1.500000e-004	
2530	1.500000e-004	
2531	1.500000e-004	
2532	1.750000e-004	
2533	1.750000e-004	
2534	1.750000e-004	
2535	1.500000e-004	
2536	1.000000e-004	
2537	1.250000e-004	
2538	1.250000e-004	
2539	1.000000e-004	
2540	7.500000e-005	
2541	2.500000e-005	
2542	5.000000e-005	
2543	2.500000e-005	
2544	2.500000e-005	
2545	2.500000e-005	
2546	2.500000e-005	
2547	5.000000e-005	
2548	5.000000e-005	
2549	2.500000e-005	
2550	2.500000e-005	
2551	0	
2552	0	
2553	0	
2554	0	
2555	0	
2556	0	
2557	0	
2558	0	
2559	0	
2560	0	
2561	0	
2562	0	
2563	0	
2564	0	
2565	0	
2566	0	
2567	0	
2568	0	
2569	0	
2570	0	
2571	0	
2572	0	
2573	0	
2574	0	
2575	0	
2576	0	
2577	0	
2578	0	
2579	0	
2580	0	
2581	0	
2582	0	
2583	0	
2584	2.500000e-005	
2585	5.000000e-005	
2586	2.500000e-005	
2587	2.500000e-005	
2588	2.500000e-005	
2589	0	
2590	0	
2591	0	
2592	0	
2593	0	
2594	0	
2595	0	
2596	0	
2597	0	
2598	0	
2599	0	
2600	0	
2601	0	
2602	0	
2603	0	
2604	0	
2605	0	
2606	0	
2607	0	
2608	0	
2609	0	
2610	0	
2611	0	
2612	0	
2613	0	
2614	0	
2615	0	
2616	0	
2617	0	
2618	0	
2619	0	
2620	0	
2621	0	
2622	0	
2623	0	
2624	0	
2625	0	
2626	0	
2627	0	
2628	0	
2629	0	
2630	2.500000e-005	
2631	1.000000e-004	
2632	1.500000e-004	
2633	2.500000e-004	
2634	1.500000e-004	
2635	1.750000e-004	
2636	1.250000e-004	
2637	2.000000e-004	
2638	2.500000e-005	
2639	2.500000e-005	
2640	2.500000e-005	
2641	5.000000e-005	
2642	7.500000e-005	
2643	5.000000e-005	
2644	7.500000e-005	
2645	5.000000e-005	
2646	2.500000e-005	
2647	0	
2648	0	
2649	0	
2650	0	
2651	0	
2652	0	
2653	0	
2654	0	
2655	0	
2656	0	
2657	0	
2658	0	
2659	0	
2660	0	
2661	0	
2662	0	
2663	0	
2664	0	
2665	0	
2666	0	
2667	0	
2668	0	
2669	0	
2670	0	
2671	2.500000e-005	
2672	5.000000e-005	
2673	7.500000e-005	
2674	2.500000e-005	
2675	0	
2676	0	
2677	0	
2678	0	
2679	0	
2680	0	
2681	0	
2682	0	
2683	2.500000e-005	
2684	2.500000e-005	
2685	1.000000e-004	
2686	1.250000e-004	
2687	1.250000e-004	
2688	1.000000e-004	
2689	1.000000e-004	
2690	1.500000e-004	
2691	1.250000e-004	
2692	1.250000e-004	
2693	1.000000e-004	
2694	5.000000e-005	
2695	0	
2696	0	
2697	0	
2698	0	
2699	0	
2700	0	
2701	0	
2702	0	
2703	0	
2704	0	
2705	2.500000e-005	
2706	5.000000e-005	
2707	2.500000e-005	
2708	0	
2709	0	
2710	0	
2711	0	
2712	0	
2713	0	
2714	0	
2715	0	
2716	0	
2717	0	
2718	0	
2719	0	
2720	0	
2721	0	
2722	0	
2723	0	
2724	0	
2725	0	
2726	0	
2727	0	
2728	0	
2729	0	
2730	0	
2731	2.500000e-005	
2732	1.500000e-004	
2733	1.750000e-004	
2734	1.250000e-004	
2735	1.000000e-004	
2736	1.250000e-004	
2737	1.500000e-004	
2738	2.250000e-004	
2739	2.500000e-004	
2740	3.250000e-004	
2741	4.250000e-004	
2742	6.250000e-004	
2743	6.750000e-004	
2744	4.500000e-004	
2745	4.500000e-004	
2746	4.000000e-004	
2747	3.500000e-004	
2748	2.750000e-004	
2749	3.000000e-004	
2750	2.750000e-004	
2751	3.000000e-004	
2752	2.250000e-004	
2753	2.000000e-004	
2754	2.000000e-004	
2755	2.500000e-004	
2756	3.000000e-004	
2757	2.500000e-004	
2758	3.000000e-004	
2759	3.750000e-004	
2760	3.750000e-004	
2761	2.250000e-004	
2762	2.250000e-004	
2763	2.000000e-004	
2764	1.750000e-004	
2765	2.000000e-004	
2766	2.000000e-004	
2767	2.000000e-004	
2768	7.500000e-005	
2769	2.500000e-005	
2770	5.000000e-005	
2771	1.000000e-004	
2772	2.250000e-004	
2773	2.000000e-004	
2774	3.000000e-004	
2775	2.250000e-004	
2776	2.500000e-004	
2777	1.750000e-004	
2778	1.750000e-004	
2779	2.000000e-004	
2780	2.750000e-004	
2781	2.750000e-004	
2782	2.500000e-004	
2783	2.750000e-004	
2784	2.750000e-004	
2785	3.500000e-004	
2786	5.500000e-004	
2787	6.000000e-004	
2788	5.250000e-004	
2789	4.250000e-004	
2790	4.250000e-004	
2791	4.250000e-004	
2792	6.500000e-004	
2793	5.750000e-004	
2794	5.500000e-004	
2795	5.750000e-004	
2796	3.500000e-004	
2797	3.000000e-004	
2798	3.500000e-004	
2799	3.750000e-004	
2800	4.750000e-004	
2801	4.500000e-004	
2802	6.750000e-004	
2803	5.000000e-004	
2804	5.000000e-004	
2805	5.500000e-004	
2806	5.500000e-004	
2807	7.750000e-004	
2808	9.500000e-004	
2809	7.000000e-004	
2810	7.750000e-004	
2811	9.250000e-004	
2812	9.500000e-004	
2813	9.500000e-004	
2814	9.250000e-004	
2815	1.025000e-003	
2816	1.150000e-003	
2817	1.075000e-003	
2818	9.500000e-004	
2819	1.050000e-003	
2820	1.250000e-003	
2821	1.175000e-003	
2822	1.000000e-003	
2823	1.225000e-003	
2824	1.275000e-003	
2825	1.250000e-003	
2826	1.400000e-003	
2827	1.550000e-003	
2828	1.350000e-003	
2829	1.750000e-003	
2830	1.825000e-003	
2831	1.750000e-003	
2832	1.775000e-003	
2833	2.175000e-003	
2834	2.375000e-003	
2835	2.400000e-003	
2836	2.450000e-003	
2837	2.525000e-003	
2838	2.425000e-003	
2839	2.250000e-003	
2840	2.300000e-003	
2841	2.075000e-003	
2842	1.850000e-003	
2843	2.150000e-003	
2844	1.975000e-003	
2845	1.475000e-003	
2846	1.725000e-003	
2847	1.875000e-003	
2848	1.775000e-003	
2849	2.000000e-003	
2850	1.975000e-003	
2851	2.425000e-003	
2852	2.075000e-003	
2853	1.925000e-003	
2854	1.825000e-003	
2855	1.850000e-003	
2856	1.875000e-003	
2857	1.975000e-003	
2858	2.075000e-003	
2859	2.275000e-003	
2860	2.025000e-003	
2861	1.875000e-003	
2862	1.800000e-003	
2863	1.975000e-003	
2864	1.975000e-003	
2865	2.150000e-003	
2866	1.925000e-003	
2867	1.900000e-003	
2868	1.500000e-003	
2869	1.725000e-003	
2870	1.900000e-003	
2871	1.750000e-003	
2872	2.125000e-003	
2873	1.950000e-003	
2874	1.775000e-003	
2875	1.825000e-003	
2876	1.925000e-003	
2877	1.800000e-003	
2878	1.975000e-003	
2879	1.925000e-003	
2880	1.725000e-003	
2881	1.850000e-003	
2882	2.125000e-003	
2883	2.175000e-003	
2884	2.100000e-003	
2885	2.275000e-003	
2886	2.500000e-003	
2887	2.550000e-003	
2888	2.825000e-003	
2889	2.800000e-003	
2890	2.625000e-003	
2891	2.850000e-003	
2892	2.925000e-003	
2893	3.075000e-003	
2894	3.000000e-003	
2895	3.625000e-003	
2896	3.100000e-003	
2897	3.525000e-003	
2898	3.900000e-003	
2899	3.600000e-003	
2900	3.550000e-003	
2901	3.450000e-003	
2902	3.575000e-003	
2903	3.350000e-003	
2904	3.025000e-003	
2905	3.100000e-003	
2906	3.225000e-003	
2907	2.950000e-003	
2908	3.375000e-003	
2909	3.450000e-003	
2910	3.175000e-003	
2911	3.825000e-003	
2912	3.475000e-003	
2913	3.425000e-003	
2914	3.275000e-003	
2915	3.250000e-003	
2916	3.275000e-003	
2917	2.900000e-003	
2918	2.875000e-003	
2919	3.050000e-003	
2920	3.150000e-003	
2921	3.025000e-003	
2922	3.050000e-003	
2923	2.675000e-003	
2924	3.100000e-003	
2925	3.400000e-003	
2926	3.125000e-003	
2927	3.150000e-003	
2928	2.875000e-003	
2929	3.250000e-003	
2930	3.075000e-003	
2931	3.150000e-003	
2932	2.950000e-003	
2933	2.800000e-003	
2934	2.500000e-003	
2935	2.325000e-003	
2936	2.150000e-003	
2937	1.525000e-003	
2938	1.525000e-003	
2939	1.675000e-003	
2940	1.675000e-003	
2941	1.550000e-003	
2942	1.675000e-003	
2943	2.000000e-003	
2944	2.150000e-003	
2945	1.725000e-003	
2946	2.175000e-003	
2947	1.800000e-003	
2948	1.775000e-003	
2949	1.450000e-003	
2950	1.550000e-003	
2951	1.450000e-003	
2952	1.300000e-003	
2953	1.125000e-003	
2954	1.050000e-003	
2955	9.500000e-004	
2956	9.500000e-004	
2957	9.250000e-004	
2958	1.350000e-003	
2959	1.125000e-003	
2960	1.325000e-003	
2961	1.425000e-003	
2962	1.225000e-003	
2963	1.100000e-003	
2964	7.750000e-004	
2965	9.000000e-004	
2966	8.750000e-004	
2967	7.500000e-004	
2968	9.000000e-004	
2969	7.750000e-004	
2970	7.000000e-004	
2971	5.500000e-004	
2972	5.750000e-004	
2973	5.750000e-004	
2974	3.750000e-004	
2975	3.750000e-004	
2976	4.250000e-004	
2977	1.500000e-004	
2978	1.500000e-004	
2979	2.000000e-004	
2980	1.500000e-004	
2981	1.000000e-004	
2982	7.500000e-005	
2983	7.500000e-005	
2984	7.500000e-005	
2985	7.500000e-005	
2986	2.500000e-005	
2987	5.000000e-005	
2988	2.500000e-005	
2989	2.500000e-005	
2990	2.500000e-005	
2991	0	
2992	0	
2993	0	
2994	0	
2995	0	
2996	0	
2997	0	
2998	0	
2999	0	
3000	0	
3001	0	
