1	0	
2	0	
3	0	
4	2.500000e-005	
5	1.500000e-004	
6	1.750000e-004	
7	2.750000e-004	
8	4.000000e-004	
9	4.250000e-004	
10	4.000000e-004	
11	3.500000e-004	
12	3.500000e-004	
13	5.500000e-004	
14	6.500000e-004	
15	8.250000e-004	
16	8.500000e-004	
17	1.200000e-003	
18	1.250000e-003	
19	1.600000e-003	
20	1.750000e-003	
21	2.025000e-003	
22	2.100000e-003	
23	2.300000e-003	
24	2.650000e-003	
25	2.800000e-003	
26	2.575000e-003	
27	2.625000e-003	
28	2.700000e-003	
29	3.075000e-003	
30	3.400000e-003	
31	3.200000e-003	
32	3.550000e-003	
33	3.725000e-003	
34	3.675000e-003	
35	4.225000e-003	
36	4.075000e-003	
37	3.800000e-003	
38	4.125000e-003	
39	4.900000e-003	
40	5.525000e-003	
41	6.350000e-003	
42	6.400000e-003	
43	6.350000e-003	
44	6.000000e-003	
45	6.425000e-003	
46	5.925000e-003	
47	5.950000e-003	
48	6.550000e-003	
49	6.775000e-003	
50	6.775000e-003	
51	6.975000e-003	
52	6.800000e-003	
53	6.825000e-003	
54	7.150000e-003	
55	6.600000e-003	
56	6.600000e-003	
57	6.225000e-003	
58	6.350000e-003	
59	6.325000e-003	
60	6.325000e-003	
61	6.150000e-003	
62	5.975000e-003	
63	6.375000e-003	
64	7.200000e-003	
65	7.525000e-003	
66	7.575000e-003	
67	7.725000e-003	
68	7.225000e-003	
69	7.125000e-003	
70	7.575000e-003	
71	7.725000e-003	
72	8.225000e-003	
73	8.200000e-003	
74	8.325000e-003	
75	7.575000e-003	
76	8.075000e-003	
77	9.125000e-003	
78	8.625000e-003	
79	8.225000e-003	
80	7.500000e-003	
81	7.425000e-003	
82	6.925000e-003	
83	7.350000e-003	
84	6.975000e-003	
85	6.825000e-003	
86	7.300000e-003	
87	7.300000e-003	
88	5.800000e-003	
89	5.350000e-003	
90	5.975000e-003	
91	6.325000e-003	
92	5.525000e-003	
93	4.800000e-003	
94	4.375000e-003	
95	4.225000e-003	
96	4.550000e-003	
97	4.525000e-003	
98	4.850000e-003	
99	5.200000e-003	
100	4.575000e-003	
101	3.575000e-003	
102	3.450000e-003	
103	3.525000e-003	
104	3.150000e-003	
105	3.200000e-003	
106	2.800000e-003	
107	2.675000e-003	
108	2.175000e-003	
109	2.450000e-003	
110	2.275000e-003	
111	1.575000e-003	
112	1.200000e-003	
113	1.075000e-003	
114	9.500000e-004	
115	8.500000e-004	
116	7.500000e-004	
117	3.750000e-004	
118	3.500000e-004	
119	3.750000e-004	
120	2.250000e-004	
121	2.500000e-004	
122	1.250000e-004	
123	1.750000e-004	
124	1.000000e-004	
125	5.000000e-005	
126	0	
127	0	
128	0	
129	2.500000e-005	
130	7.500000e-005	
131	2.500000e-005	
132	2.500000e-005	
133	2.500000e-005	
134	0	
135	0	
136	0	
137	0	
138	0	
139	2.500000e-005	
140	2.500000e-005	
141	2.500000e-005	
142	2.500000e-005	
143	0	
144	0	
145	0	
146	0	
147	0	
148	0	
149	0	
150	0	
151	0	
152	0	
153	0	
154	0	
155	0	
156	0	
157	0	
158	0	
159	0	
160	0	
161	0	
162	0	
163	0	
164	0	
165	0	
166	0	
167	0	
168	0	
169	0	
170	0	
171	0	
172	0	
173	0	
174	0	
175	0	
176	0	
177	0	
178	0	
179	0	
180	0	
181	0	
182	0	
183	0	
184	0	
185	0	
186	0	
187	0	
188	0	
189	0	
190	0	
191	0	
192	0	
193	0	
194	0	
195	0	
196	0	
197	0	
198	0	
199	0	
200	0	
201	2.500000e-005	
202	0	
203	0	
204	0	
205	0	
206	0	
207	0	
208	0	
209	0	
210	0	
211	0	
212	0	
213	0	
214	0	
215	0	
216	0	
217	0	
218	0	
219	0	
220	0	
221	0	
222	2.500000e-005	
223	0	
224	0	
225	0	
226	0	
227	0	
228	0	
229	0	
230	0	
231	0	
232	0	
233	0	
234	0	
235	0	
236	0	
237	0	
238	0	
239	0	
240	2.500000e-005	
241	5.000000e-005	
242	0	
243	0	
244	0	
245	0	
246	0	
247	0	
248	0	
249	0	
250	0	
251	0	
252	0	
253	0	
254	0	
255	0	
256	0	
257	0	
258	0	
259	0	
260	0	
261	0	
262	0	
263	0	
264	0	
265	0	
266	0	
267	0	
268	0	
269	0	
270	2.500000e-005	
271	0	
272	0	
273	0	
274	0	
275	0	
276	0	
277	0	
278	0	
279	0	
280	0	
281	0	
282	0	
283	0	
284	0	
285	0	
286	0	
287	0	
288	0	
289	0	
290	0	
291	0	
292	0	
293	0	
294	0	
295	0	
296	0	
297	0	
298	0	
299	0	
300	0	
301	0	
302	0	
303	0	
304	0	
305	0	
306	0	
307	0	
308	0	
309	0	
310	0	
311	0	
312	0	
313	0	
314	0	
315	0	
316	0	
317	0	
318	0	
319	0	
320	0	
321	0	
322	0	
323	0	
324	2.500000e-005	
325	5.000000e-005	
326	5.000000e-005	
327	5.000000e-005	
328	5.000000e-005	
329	2.500000e-005	
330	0	
331	0	
332	0	
333	0	
334	0	
335	0	
336	0	
337	0	
338	0	
339	2.500000e-005	
340	2.500000e-005	
341	5.000000e-005	
342	5.000000e-005	
343	7.500000e-005	
344	7.500000e-005	
345	7.500000e-005	
346	7.500000e-005	
347	5.000000e-005	
348	1.250000e-004	
349	5.000000e-005	
350	0	
351	0	
352	0	
353	0	
354	0	
355	0	
356	0	
357	0	
358	0	
359	0	
360	0	
361	2.500000e-005	
362	5.000000e-005	
363	5.000000e-005	
364	7.500000e-005	
365	5.000000e-005	
366	7.500000e-005	
367	7.500000e-005	
368	5.000000e-005	
369	5.000000e-005	
370	2.500000e-005	
371	0	
372	0	
373	0	
374	0	
375	0	
376	0	
377	0	
378	0	
379	0	
380	0	
381	0	
382	0	
383	0	
384	0	
385	0	
386	0	
387	0	
388	2.500000e-005	
389	7.500000e-005	
390	5.000000e-005	
391	7.500000e-005	
392	1.000000e-004	
393	2.500000e-005	
394	5.000000e-005	
395	0	
396	0	
397	0	
398	0	
399	0	
400	0	
401	0	
402	0	
403	0	
404	0	
405	0	
406	0	
407	0	
408	2.500000e-005	
409	0	
410	0	
411	0	
412	0	
413	0	
414	0	
415	0	
416	0	
417	0	
418	2.500000e-005	
419	7.500000e-005	
420	2.500000e-005	
421	5.000000e-005	
422	7.500000e-005	
423	0	
424	0	
425	0	
426	0	
427	0	
428	0	
429	0	
430	0	
431	0	
432	0	
433	0	
434	0	
435	0	
436	0	
437	0	
438	0	
439	0	
440	0	
441	0	
442	0	
443	0	
444	0	
445	0	
446	0	
447	0	
448	0	
449	0	
450	0	
451	0	
452	0	
453	0	
454	0	
455	0	
456	0	
457	0	
458	0	
459	0	
460	0	
461	0	
462	0	
463	0	
464	0	
465	0	
466	0	
467	0	
468	0	
469	0	
470	0	
471	0	
472	0	
473	0	
474	0	
475	0	
476	0	
477	0	
478	0	
479	0	
480	0	
481	0	
482	0	
483	0	
484	0	
485	0	
486	0	
487	0	
488	0	
489	0	
490	0	
491	0	
492	0	
493	0	
494	0	
495	2.500000e-005	
496	0	
497	0	
498	0	
499	0	
500	0	
501	0	
502	0	
503	0	
504	0	
505	0	
506	0	
507	0	
508	0	
509	0	
510	0	
511	0	
512	0	
513	0	
514	0	
515	0	
516	0	
517	0	
518	0	
519	0	
520	0	
521	0	
522	0	
523	0	
524	2.500000e-005	
525	7.500000e-005	
526	2.500000e-005	
527	0	
528	0	
529	0	
530	0	
531	2.500000e-005	
532	7.500000e-005	
533	2.500000e-005	
534	2.500000e-005	
535	5.000000e-005	
536	7.500000e-005	
537	7.500000e-005	
538	1.250000e-004	
539	1.000000e-004	
540	1.500000e-004	
541	1.250000e-004	
542	1.000000e-004	
543	1.500000e-004	
544	1.000000e-004	
545	1.500000e-004	
546	2.000000e-004	
547	1.500000e-004	
548	1.250000e-004	
549	1.250000e-004	
550	2.250000e-004	
551	2.000000e-004	
552	3.000000e-004	
553	2.500000e-004	
554	3.000000e-004	
555	2.750000e-004	
556	2.750000e-004	
557	3.500000e-004	
558	4.500000e-004	
559	3.750000e-004	
560	3.250000e-004	
561	5.000000e-004	
562	7.750000e-004	
563	6.500000e-004	
564	5.250000e-004	
565	5.000000e-004	
566	6.250000e-004	
567	4.000000e-004	
568	2.500000e-004	
569	2.750000e-004	
570	3.750000e-004	
571	4.500000e-004	
572	5.000000e-004	
573	5.250000e-004	
574	5.750000e-004	
575	6.750000e-004	
576	9.000000e-004	
577	6.000000e-004	
578	4.250000e-004	
579	5.750000e-004	
580	5.250000e-004	
581	5.250000e-004	
582	5.750000e-004	
583	5.750000e-004	
584	7.750000e-004	
585	6.500000e-004	
586	6.500000e-004	
587	8.000000e-004	
588	9.000000e-004	
589	7.750000e-004	
590	7.000000e-004	
591	7.500000e-004	
592	8.000000e-004	
593	1.000000e-003	
594	1.275000e-003	
595	1.000000e-003	
596	1.175000e-003	
597	1.450000e-003	
598	1.375000e-003	
599	1.300000e-003	
600	1.375000e-003	
601	1.075000e-003	
602	8.750000e-004	
603	1.075000e-003	
604	1.475000e-003	
605	1.400000e-003	
606	1.325000e-003	
607	1.175000e-003	
608	9.750000e-004	
609	1.225000e-003	
610	1.375000e-003	
611	1.425000e-003	
612	1.475000e-003	
613	1.675000e-003	
614	1.900000e-003	
615	1.500000e-003	
616	1.975000e-003	
617	1.900000e-003	
618	2.150000e-003	
619	2.225000e-003	
620	2.425000e-003	
621	2.675000e-003	
622	2.900000e-003	
623	2.650000e-003	
624	2.750000e-003	
625	2.825000e-003	
626	3.125000e-003	
627	3.350000e-003	
628	3.200000e-003	
629	3.025000e-003	
630	3.200000e-003	
631	2.975000e-003	
632	3.275000e-003	
633	3.475000e-003	
634	3.825000e-003	
635	3.775000e-003	
636	3.900000e-003	
637	3.950000e-003	
638	3.925000e-003	
639	3.975000e-003	
640	4.125000e-003	
641	4.250000e-003	
642	4.400000e-003	
643	3.775000e-003	
644	3.825000e-003	
645	3.950000e-003	
646	4.425000e-003	
647	4.300000e-003	
648	4.425000e-003	
649	4.975000e-003	
650	5.500000e-003	
651	5.425000e-003	
652	5.475000e-003	
653	5.100000e-003	
654	5.825000e-003	
655	5.400000e-003	
656	4.850000e-003	
657	5.050000e-003	
658	4.975000e-003	
659	5.025000e-003	
660	4.975000e-003	
661	4.800000e-003	
662	4.625000e-003	
663	4.550000e-003	
664	4.125000e-003	
665	4.625000e-003	
666	4.450000e-003	
667	4.950000e-003	
668	5.025000e-003	
669	5.600000e-003	
670	5.525000e-003	
671	5.050000e-003	
672	4.975000e-003	
673	4.750000e-003	
674	4.500000e-003	
675	4.350000e-003	
676	3.700000e-003	
677	4.050000e-003	
678	3.775000e-003	
679	3.525000e-003	
680	4.050000e-003	
681	4.100000e-003	
682	4.125000e-003	
683	4.250000e-003	
684	4.250000e-003	
685	3.875000e-003	
686	4.250000e-003	
687	3.275000e-003	
688	3.750000e-003	
689	3.975000e-003	
690	3.775000e-003	
691	3.425000e-003	
692	3.100000e-003	
693	2.575000e-003	
694	2.900000e-003	
695	2.700000e-003	
696	2.150000e-003	
697	2.200000e-003	
698	1.900000e-003	
699	1.850000e-003	
700	1.425000e-003	
701	1.375000e-003	
702	9.500000e-004	
703	6.250000e-004	
704	8.000000e-004	
705	8.000000e-004	
706	5.500000e-004	
707	6.250000e-004	
708	4.250000e-004	
709	4.000000e-004	
710	4.500000e-004	
711	4.500000e-004	
712	5.000000e-004	
713	3.250000e-004	
714	3.750000e-004	
715	4.500000e-004	
716	3.750000e-004	
717	5.000000e-004	
718	4.750000e-004	
719	4.250000e-004	
720	5.250000e-004	
721	3.500000e-004	
722	2.250000e-004	
723	3.250000e-004	
724	2.500000e-004	
725	2.750000e-004	
726	2.000000e-004	
727	1.750000e-004	
728	3.750000e-004	
729	5.000000e-004	
730	3.500000e-004	
731	4.750000e-004	
732	3.750000e-004	
733	3.000000e-004	
734	3.750000e-004	
735	2.500000e-004	
736	5.000000e-005	
737	7.500000e-005	
738	1.000000e-004	
739	1.000000e-004	
740	1.000000e-004	
741	7.500000e-005	
742	7.500000e-005	
743	2.500000e-005	
744	5.000000e-005	
745	5.000000e-005	
746	7.500000e-005	
747	5.000000e-005	
748	2.500000e-005	
749	2.500000e-005	
750	1.250000e-004	
751	5.000000e-005	
752	2.500000e-005	
753	2.500000e-005	
754	5.000000e-005	
755	5.000000e-005	
756	2.500000e-005	
757	0	
758	0	
759	0	
760	0	
761	0	
762	0	
763	0	
764	0	
765	0	
766	0	
767	0	
768	0	
769	0	
770	0	
771	0	
772	2.500000e-005	
773	5.000000e-005	
774	0	
775	0	
776	0	
777	0	
778	0	
779	0	
780	0	
781	0	
782	0	
783	0	
784	0	
785	0	
786	0	
787	0	
788	0	
789	0	
790	0	
791	0	
792	0	
793	0	
794	0	
795	0	
796	0	
797	0	
798	0	
799	0	
800	0	
801	0	
802	0	
803	0	
804	0	
805	0	
806	0	
807	0	
808	0	
809	0	
810	0	
811	0	
812	0	
813	0	
814	0	
815	0	
816	0	
817	0	
818	0	
819	0	
820	0	
821	0	
822	0	
823	0	
824	0	
825	0	
826	0	
827	0	
828	0	
829	0	
830	0	
831	0	
832	0	
833	0	
834	0	
835	0	
836	0	
837	0	
838	0	
839	0	
840	0	
841	0	
842	0	
843	0	
844	0	
845	0	
846	0	
847	0	
848	0	
849	0	
850	0	
851	0	
852	0	
853	0	
854	0	
855	0	
856	0	
857	0	
858	0	
859	0	
860	0	
861	2.500000e-005	
862	2.500000e-005	
863	1.000000e-004	
864	2.500000e-005	
865	2.500000e-005	
866	2.500000e-005	
867	7.500000e-005	
868	1.000000e-004	
869	2.500000e-005	
870	0	
871	0	
872	0	
873	0	
874	0	
875	0	
876	0	
877	0	
878	0	
879	0	
880	0	
881	0	
882	0	
883	0	
884	0	
885	0	
886	0	
887	0	
888	0	
889	0	
890	0	
891	0	
892	0	
893	0	
894	0	
895	0	
896	0	
897	0	
898	0	
899	0	
900	0	
901	0	
902	0	
903	0	
904	0	
905	0	
906	0	
907	0	
908	0	
909	0	
910	0	
911	0	
912	0	
913	0	
914	0	
915	0	
916	0	
917	0	
918	2.500000e-005	
919	7.500000e-005	
920	5.000000e-005	
921	7.500000e-005	
922	2.500000e-005	
923	2.500000e-005	
924	0	
925	0	
926	0	
927	0	
928	0	
929	0	
930	0	
931	2.500000e-005	
932	0	
933	0	
934	0	
935	0	
936	0	
937	0	
938	0	
939	0	
940	0	
941	0	
942	2.500000e-005	
943	1.000000e-004	
944	1.250000e-004	
945	2.000000e-004	
946	2.250000e-004	
947	2.500000e-004	
948	2.500000e-004	
949	2.000000e-004	
950	2.750000e-004	
951	3.750000e-004	
952	5.500000e-004	
953	5.750000e-004	
954	6.500000e-004	
955	5.000000e-004	
956	4.250000e-004	
957	3.250000e-004	
958	3.500000e-004	
959	4.000000e-004	
960	3.000000e-004	
961	2.750000e-004	
962	2.500000e-004	
963	2.500000e-004	
964	2.500000e-004	
965	2.750000e-004	
966	3.250000e-004	
967	1.750000e-004	
968	2.500000e-004	
969	1.500000e-004	
970	2.750000e-004	
971	2.250000e-004	
972	2.000000e-004	
973	1.750000e-004	
974	7.500000e-005	
975	5.000000e-005	
976	5.000000e-005	
977	0	
978	0	
979	0	
980	0	
981	0	
982	0	
983	0	
984	0	
985	0	
986	0	
987	0	
988	0	
989	0	
990	0	
991	0	
992	0	
993	0	
994	0	
995	0	
996	0	
997	0	
998	0	
999	0	
1000	0	
1001	0	
1002	0	
1003	0	
1004	0	
1005	0	
1006	0	
1007	0	
1008	0	
1009	0	
1010	2.500000e-005	
1011	5.000000e-005	
1012	7.500000e-005	
1013	1.500000e-004	
1014	1.500000e-004	
1015	1.750000e-004	
1016	1.250000e-004	
1017	1.250000e-004	
1018	1.000000e-004	
1019	1.250000e-004	
1020	1.250000e-004	
1021	1.500000e-004	
1022	1.750000e-004	
1023	1.500000e-004	
1024	1.750000e-004	
1025	2.500000e-004	
1026	1.250000e-004	
1027	1.500000e-004	
1028	2.000000e-004	
1029	2.000000e-004	
1030	2.500000e-004	
1031	1.750000e-004	
1032	2.250000e-004	
1033	1.500000e-004	
1034	2.750000e-004	
1035	3.750000e-004	
1036	2.750000e-004	
1037	2.250000e-004	
1038	2.750000e-004	
1039	2.000000e-004	
1040	2.500000e-004	
1041	1.500000e-004	
1042	2.000000e-004	
1043	2.000000e-004	
1044	2.750000e-004	
1045	2.250000e-004	
1046	2.250000e-004	
1047	1.750000e-004	
1048	1.250000e-004	
1049	1.250000e-004	
1050	7.500000e-005	
1051	5.000000e-005	
1052	7.500000e-005	
1053	1.000000e-004	
1054	2.250000e-004	
1055	2.000000e-004	
1056	1.500000e-004	
1057	2.750000e-004	
1058	3.000000e-004	
1059	2.750000e-004	
1060	3.250000e-004	
1061	2.750000e-004	
1062	3.250000e-004	
1063	4.500000e-004	
1064	4.500000e-004	
1065	3.750000e-004	
1066	3.750000e-004	
1067	3.750000e-004	
1068	3.750000e-004	
1069	4.750000e-004	
1070	4.000000e-004	
1071	4.250000e-004	
1072	4.750000e-004	
1073	4.750000e-004	
1074	5.750000e-004	
1075	6.250000e-004	
1076	5.500000e-004	
1077	5.000000e-004	
1078	3.750000e-004	
1079	3.000000e-004	
1080	2.250000e-004	
1081	2.000000e-004	
1082	2.250000e-004	
1083	2.750000e-004	
1084	2.000000e-004	
1085	2.000000e-004	
1086	3.000000e-004	
1087	2.750000e-004	
1088	2.250000e-004	
1089	1.500000e-004	
1090	1.250000e-004	
1091	2.250000e-004	
1092	2.750000e-004	
1093	1.500000e-004	
1094	1.750000e-004	
1095	1.500000e-004	
1096	2.000000e-004	
1097	1.750000e-004	
1098	1.000000e-004	
1099	1.000000e-004	
1100	7.500000e-005	
1101	1.500000e-004	
1102	2.000000e-004	
1103	2.500000e-004	
1104	2.250000e-004	
1105	1.000000e-004	
1106	1.750000e-004	
1107	2.250000e-004	
1108	3.250000e-004	
1109	5.000000e-004	
1110	5.250000e-004	
1111	3.500000e-004	
1112	3.250000e-004	
1113	3.750000e-004	
1114	2.500000e-004	
1115	2.000000e-004	
1116	1.750000e-004	
1117	1.500000e-004	
1118	7.500000e-005	
1119	1.500000e-004	
1120	1.750000e-004	
1121	2.000000e-004	
1122	2.500000e-004	
1123	1.000000e-004	
1124	1.250000e-004	
1125	1.500000e-004	
1126	1.250000e-004	
1127	1.250000e-004	
1128	1.500000e-004	
1129	1.500000e-004	
1130	2.000000e-004	
1131	1.750000e-004	
1132	1.750000e-004	
1133	1.250000e-004	
1134	1.500000e-004	
1135	1.250000e-004	
1136	1.500000e-004	
1137	2.250000e-004	
1138	2.750000e-004	
1139	2.500000e-004	
1140	3.250000e-004	
1141	2.500000e-004	
1142	2.500000e-004	
1143	3.750000e-004	
1144	4.250000e-004	
1145	3.250000e-004	
1146	4.000000e-004	
1147	4.500000e-004	
1148	5.500000e-004	
1149	6.250000e-004	
1150	5.750000e-004	
1151	7.000000e-004	
1152	7.500000e-004	
1153	9.250000e-004	
1154	5.500000e-004	
1155	6.500000e-004	
1156	6.500000e-004	
1157	7.250000e-004	
1158	6.250000e-004	
1159	8.250000e-004	
1160	1.000000e-003	
1161	9.750000e-004	
1162	1.000000e-003	
1163	1.000000e-003	
1164	1.050000e-003	
1165	1.025000e-003	
1166	9.000000e-004	
1167	8.250000e-004	
1168	9.500000e-004	
1169	9.250000e-004	
1170	8.750000e-004	
1171	8.500000e-004	
1172	7.750000e-004	
1173	9.750000e-004	
1174	1.350000e-003	
1175	1.625000e-003	
1176	1.700000e-003	
1177	1.825000e-003	
1178	1.700000e-003	
1179	1.850000e-003	
1180	1.950000e-003	
1181	2.150000e-003	
1182	1.900000e-003	
1183	2.050000e-003	
1184	1.975000e-003	
1185	1.975000e-003	
1186	2.200000e-003	
1187	2.350000e-003	
1188	2.350000e-003	
1189	2.550000e-003	
1190	2.725000e-003	
1191	2.825000e-003	
1192	2.950000e-003	
1193	3.150000e-003	
1194	3.550000e-003	
1195	3.675000e-003	
1196	3.900000e-003	
1197	4.025000e-003	
1198	3.850000e-003	
1199	3.925000e-003	
1200	4.100000e-003	
1201	3.675000e-003	
1202	3.950000e-003	
1203	4.050000e-003	
1204	4.025000e-003	
1205	3.800000e-003	
1206	4.050000e-003	
1207	4.050000e-003	
1208	3.750000e-003	
1209	3.975000e-003	
1210	4.800000e-003	
1211	4.425000e-003	
1212	4.550000e-003	
1213	4.700000e-003	
1214	5.050000e-003	
1215	4.825000e-003	
1216	4.850000e-003	
1217	4.975000e-003	
1218	4.625000e-003	
1219	4.600000e-003	
1220	4.350000e-003	
1221	4.625000e-003	
1222	5.125000e-003	
1223	5.000000e-003	
1224	5.525000e-003	
1225	4.925000e-003	
1226	4.450000e-003	
1227	4.275000e-003	
1228	4.350000e-003	
1229	4.875000e-003	
1230	5.125000e-003	
1231	4.950000e-003	
1232	4.900000e-003	
1233	4.775000e-003	
1234	4.750000e-003	
1235	4.875000e-003	
1236	4.450000e-003	
1237	4.225000e-003	
1238	4.175000e-003	
1239	4.975000e-003	
1240	4.575000e-003	
1241	4.275000e-003	
1242	4.100000e-003	
1243	3.850000e-003	
1244	3.650000e-003	
1245	3.850000e-003	
1246	3.350000e-003	
1247	3.175000e-003	
1248	2.175000e-003	
1249	1.975000e-003	
1250	1.925000e-003	
1251	1.875000e-003	
1252	1.700000e-003	
1253	1.550000e-003	
1254	1.425000e-003	
1255	1.150000e-003	
1256	1.325000e-003	
1257	1.425000e-003	
1258	1.475000e-003	
1259	1.650000e-003	
1260	1.500000e-003	
1261	1.525000e-003	
1262	1.450000e-003	
1263	1.725000e-003	
1264	1.700000e-003	
1265	1.775000e-003	
1266	1.525000e-003	
1267	1.650000e-003	
1268	1.675000e-003	
1269	1.475000e-003	
1270	1.175000e-003	
1271	1.100000e-003	
1272	1.200000e-003	
1273	1.050000e-003	
1274	1.175000e-003	
1275	9.750000e-004	
1276	1.225000e-003	
1277	1.000000e-003	
1278	1.025000e-003	
1279	8.000000e-004	
1280	5.000000e-004	
1281	7.000000e-004	
1282	6.000000e-004	
1283	5.250000e-004	
1284	3.000000e-004	
1285	2.250000e-004	
1286	3.000000e-004	
1287	2.750000e-004	
1288	2.000000e-004	
1289	2.000000e-004	
1290	1.250000e-004	
1291	7.500000e-005	
1292	7.500000e-005	
1293	5.000000e-005	
1294	1.000000e-004	
1295	1.750000e-004	
1296	1.750000e-004	
1297	1.500000e-004	
1298	1.000000e-004	
1299	1.000000e-004	
1300	5.000000e-005	
1301	2.500000e-005	
1302	5.000000e-005	
1303	5.000000e-005	
1304	5.000000e-005	
1305	5.000000e-005	
1306	1.000000e-004	
1307	1.000000e-004	
1308	1.000000e-004	
1309	7.500000e-005	
1310	5.000000e-005	
1311	5.000000e-005	
1312	0	
1313	0	
1314	0	
1315	0	
1316	0	
1317	0	
1318	0	
1319	0	
1320	0	
1321	0	
1322	0	
1323	0	
1324	0	
1325	0	
1326	0	
1327	0	
1328	0	
1329	0	
1330	0	
1331	0	
1332	0	
1333	0	
1334	0	
1335	0	
1336	0	
1337	0	
1338	0	
1339	0	
1340	0	
1341	0	
1342	0	
1343	0	
1344	0	
1345	0	
1346	0	
1347	0	
1348	0	
1349	0	
1350	0	
1351	0	
1352	0	
1353	0	
1354	0	
1355	0	
1356	0	
1357	0	
1358	0	
1359	0	
1360	0	
1361	0	
1362	0	
1363	0	
1364	0	
1365	0	
1366	0	
1367	0	
1368	0	
1369	0	
1370	0	
1371	0	
1372	0	
1373	0	
1374	0	
1375	0	
1376	0	
1377	0	
1378	0	
1379	0	
1380	0	
1381	0	
1382	0	
1383	0	
1384	0	
1385	0	
1386	0	
1387	0	
1388	0	
1389	0	
1390	0	
1391	0	
1392	0	
1393	0	
1394	0	
1395	0	
1396	0	
1397	0	
1398	0	
1399	0	
1400	0	
1401	2.500000e-005	
1402	0	
1403	0	
1404	0	
1405	0	
1406	0	
1407	0	
1408	0	
1409	0	
1410	0	
1411	0	
1412	0	
1413	0	
1414	0	
1415	0	
1416	0	
1417	0	
1418	0	
1419	0	
1420	2.500000e-005	
1421	7.500000e-005	
1422	2.500000e-005	
1423	0	
1424	0	
1425	0	
1426	0	
1427	0	
1428	0	
1429	0	
1430	0	
1431	0	
1432	0	
1433	0	
1434	0	
1435	0	
1436	0	
1437	0	
1438	0	
1439	0	
1440	0	
1441	0	
1442	0	
1443	0	
1444	0	
1445	0	
1446	0	
1447	0	
1448	0	
1449	0	
1450	0	
1451	0	
1452	0	
1453	0	
1454	0	
1455	0	
1456	0	
1457	0	
1458	0	
1459	0	
1460	0	
1461	0	
1462	0	
1463	0	
1464	0	
1465	0	
1466	0	
1467	0	
1468	0	
1469	0	
1470	2.500000e-005	
1471	5.000000e-005	
1472	1.250000e-004	
1473	1.250000e-004	
1474	1.250000e-004	
1475	7.500000e-005	
1476	5.000000e-005	
1477	5.000000e-005	
1478	0	
1479	0	
1480	0	
1481	0	
1482	0	
1483	0	
1484	0	
1485	0	
1486	0	
1487	0	
1488	0	
1489	2.500000e-005	
1490	5.000000e-005	
1491	0	
1492	0	
1493	0	
1494	0	
1495	0	
1496	0	
1497	2.500000e-005	
1498	1.250000e-004	
1499	7.500000e-005	
1500	7.500000e-005	
1501	0	
1502	0	
1503	0	
1504	2.500000e-005	
1505	1.500000e-004	
1506	2.250000e-004	
1507	2.000000e-004	
1508	3.250000e-004	
1509	3.000000e-004	
1510	3.000000e-004	
1511	2.750000e-004	
1512	2.500000e-004	
1513	3.500000e-004	
1514	4.750000e-004	
1515	5.000000e-004	
1516	5.000000e-004	
1517	3.000000e-004	
1518	3.250000e-004	
1519	3.000000e-004	
1520	3.500000e-004	
1521	2.500000e-004	
1522	3.250000e-004	
1523	3.000000e-004	
1524	3.250000e-004	
1525	3.500000e-004	
1526	4.750000e-004	
1527	5.250000e-004	
1528	5.250000e-004	
1529	3.750000e-004	
1530	2.500000e-004	
1531	3.500000e-004	
1532	3.250000e-004	
1533	4.500000e-004	
1534	4.000000e-004	
1535	3.250000e-004	
1536	4.250000e-004	
1537	5.750000e-004	
1538	8.000000e-004	
1539	8.250000e-004	
1540	8.500000e-004	
1541	7.500000e-004	
1542	9.250000e-004	
1543	9.000000e-004	
1544	8.750000e-004	
1545	9.250000e-004	
1546	8.500000e-004	
1547	7.500000e-004	
1548	8.000000e-004	
1549	7.750000e-004	
1550	8.250000e-004	
1551	9.750000e-004	
1552	1.100000e-003	
1553	1.200000e-003	
1554	1.125000e-003	
1555	1.100000e-003	
1556	8.750000e-004	
1557	8.750000e-004	
1558	7.750000e-004	
1559	5.500000e-004	
1560	7.750000e-004	
1561	8.750000e-004	
1562	7.750000e-004	
1563	6.750000e-004	
1564	8.500000e-004	
1565	5.250000e-004	
1566	6.250000e-004	
1567	6.250000e-004	
1568	5.500000e-004	
1569	4.500000e-004	
1570	3.500000e-004	
1571	3.500000e-004	
1572	5.000000e-004	
1573	5.250000e-004	
1574	5.000000e-004	
1575	5.250000e-004	
1576	5.500000e-004	
1577	4.250000e-004	
1578	4.000000e-004	
1579	3.750000e-004	
1580	5.500000e-004	
1581	3.250000e-004	
1582	1.750000e-004	
1583	1.750000e-004	
1584	1.250000e-004	
1585	5.000000e-005	
1586	1.500000e-004	
1587	2.000000e-004	
1588	2.250000e-004	
1589	2.250000e-004	
1590	1.750000e-004	
1591	2.000000e-004	
1592	2.500000e-004	
1593	1.750000e-004	
1594	1.250000e-004	
1595	1.250000e-004	
1596	1.500000e-004	
1597	1.500000e-004	
1598	1.000000e-004	
1599	1.000000e-004	
1600	0	
1601	0	
1602	0	
1603	0	
1604	0	
1605	0	
1606	0	
1607	0	
1608	0	
1609	0	
1610	0	
1611	0	
1612	0	
1613	0	
1614	0	
1615	0	
1616	0	
1617	0	
1618	0	
1619	0	
1620	0	
1621	0	
1622	0	
1623	0	
1624	0	
1625	0	
1626	0	
1627	2.500000e-005	
1628	1.000000e-004	
1629	1.250000e-004	
1630	1.250000e-004	
1631	1.000000e-004	
1632	7.500000e-005	
1633	5.000000e-005	
1634	2.500000e-005	
1635	5.000000e-005	
1636	7.500000e-005	
1637	1.000000e-004	
1638	2.500000e-005	
1639	2.500000e-005	
1640	5.000000e-005	
1641	2.500000e-005	
1642	5.000000e-005	
1643	1.000000e-004	
1644	5.000000e-005	
1645	0	
1646	0	
1647	0	
1648	0	
1649	0	
1650	0	
1651	5.000000e-005	
1652	2.000000e-004	
1653	2.000000e-004	
1654	2.250000e-004	
1655	2.250000e-004	
1656	3.000000e-004	
1657	4.750000e-004	
1658	5.500000e-004	
1659	5.250000e-004	
1660	5.500000e-004	
1661	6.250000e-004	
1662	4.250000e-004	
1663	6.000000e-004	
1664	6.250000e-004	
1665	6.250000e-004	
1666	6.000000e-004	
1667	6.750000e-004	
1668	7.250000e-004	
1669	6.500000e-004	
1670	6.750000e-004	
1671	7.000000e-004	
1672	8.000000e-004	
1673	8.250000e-004	
1674	6.250000e-004	
1675	7.000000e-004	
1676	6.250000e-004	
1677	8.500000e-004	
1678	7.500000e-004	
1679	7.500000e-004	
1680	7.750000e-004	
1681	8.500000e-004	
1682	6.750000e-004	
1683	6.500000e-004	
1684	7.500000e-004	
1685	7.000000e-004	
1686	7.250000e-004	
1687	5.250000e-004	
1688	4.750000e-004	
1689	5.000000e-004	
1690	5.000000e-004	
1691	6.250000e-004	
1692	7.750000e-004	
1693	7.250000e-004	
1694	7.000000e-004	
1695	6.750000e-004	
1696	7.000000e-004	
1697	5.250000e-004	
1698	5.750000e-004	
1699	7.000000e-004	
1700	8.000000e-004	
1701	6.250000e-004	
1702	5.500000e-004	
1703	6.000000e-004	
1704	5.750000e-004	
1705	6.750000e-004	
1706	6.750000e-004	
1707	9.250000e-004	
1708	1.050000e-003	
1709	1.150000e-003	
1710	1.100000e-003	
1711	1.175000e-003	
1712	1.250000e-003	
1713	1.475000e-003	
1714	1.375000e-003	
1715	1.600000e-003	
1716	1.525000e-003	
1717	1.425000e-003	
1718	1.300000e-003	
1719	1.500000e-003	
1720	1.550000e-003	
1721	1.475000e-003	
1722	1.375000e-003	
1723	1.325000e-003	
1724	1.450000e-003	
1725	1.425000e-003	
1726	1.325000e-003	
1727	1.550000e-003	
1728	1.600000e-003	
1729	1.525000e-003	
1730	1.325000e-003	
1731	1.325000e-003	
1732	1.425000e-003	
1733	1.350000e-003	
1734	1.425000e-003	
1735	1.400000e-003	
1736	1.625000e-003	
1737	1.600000e-003	
1738	1.400000e-003	
1739	1.525000e-003	
1740	1.400000e-003	
1741	1.450000e-003	
1742	1.475000e-003	
1743	1.775000e-003	
1744	1.475000e-003	
1745	1.325000e-003	
1746	1.375000e-003	
1747	1.725000e-003	
1748	1.600000e-003	
1749	1.375000e-003	
1750	1.375000e-003	
1751	1.400000e-003	
1752	1.425000e-003	
1753	1.775000e-003	
1754	1.725000e-003	
1755	1.525000e-003	
1756	1.450000e-003	
1757	1.700000e-003	
1758	1.900000e-003	
1759	1.825000e-003	
1760	2.000000e-003	
1761	2.200000e-003	
1762	2.650000e-003	
1763	2.700000e-003	
1764	2.825000e-003	
1765	2.800000e-003	
1766	2.800000e-003	
1767	2.525000e-003	
1768	2.400000e-003	
1769	2.175000e-003	
1770	1.675000e-003	
1771	2.025000e-003	
1772	1.975000e-003	
1773	1.850000e-003	
1774	1.775000e-003	
1775	2.125000e-003	
1776	2.200000e-003	
1777	1.975000e-003	
1778	1.750000e-003	
1779	1.875000e-003	
1780	1.575000e-003	
1781	1.550000e-003	
1782	1.825000e-003	
1783	1.725000e-003	
1784	1.825000e-003	
1785	2.050000e-003	
1786	1.400000e-003	
1787	1.425000e-003	
1788	1.425000e-003	
1789	1.350000e-003	
1790	1.525000e-003	
1791	1.725000e-003	
1792	2.050000e-003	
1793	1.925000e-003	
1794	1.975000e-003	
1795	1.700000e-003	
1796	1.600000e-003	
1797	1.850000e-003	
1798	1.925000e-003	
1799	2.425000e-003	
1800	2.175000e-003	
1801	2.000000e-003	
1802	2.125000e-003	
1803	2.000000e-003	
1804	1.975000e-003	
1805	1.950000e-003	
1806	2.000000e-003	
1807	2.050000e-003	
1808	1.775000e-003	
1809	1.750000e-003	
1810	1.750000e-003	
1811	2.125000e-003	
1812	2.250000e-003	
1813	2.325000e-003	
1814	2.600000e-003	
1815	2.275000e-003	
1816	2.425000e-003	
1817	2.650000e-003	
1818	2.475000e-003	
1819	2.400000e-003	
1820	2.700000e-003	
1821	2.325000e-003	
1822	2.650000e-003	
1823	2.450000e-003	
1824	2.525000e-003	
1825	2.325000e-003	
1826	2.200000e-003	
1827	2.175000e-003	
1828	1.900000e-003	
1829	1.900000e-003	
1830	1.875000e-003	
1831	1.825000e-003	
1832	1.800000e-003	
1833	1.750000e-003	
1834	1.825000e-003	
1835	1.450000e-003	
1836	1.550000e-003	
1837	1.500000e-003	
1838	1.450000e-003	
1839	1.850000e-003	
1840	1.400000e-003	
1841	1.650000e-003	
1842	1.650000e-003	
1843	1.575000e-003	
1844	1.475000e-003	
1845	1.875000e-003	
1846	1.850000e-003	
1847	1.575000e-003	
1848	1.450000e-003	
1849	1.400000e-003	
1850	1.375000e-003	
1851	1.250000e-003	
1852	8.500000e-004	
1853	6.000000e-004	
1854	6.500000e-004	
1855	5.750000e-004	
1856	5.000000e-004	
1857	4.250000e-004	
1858	5.000000e-004	
1859	4.500000e-004	
1860	3.750000e-004	
1861	3.500000e-004	
1862	2.750000e-004	
1863	3.250000e-004	
1864	4.250000e-004	
1865	5.250000e-004	
1866	5.250000e-004	
1867	5.750000e-004	
1868	6.750000e-004	
1869	9.000000e-004	
1870	8.500000e-004	
1871	6.750000e-004	
1872	7.250000e-004	
1873	8.500000e-004	
1874	8.500000e-004	
1875	9.500000e-004	
1876	1.025000e-003	
1877	1.200000e-003	
1878	1.125000e-003	
1879	1.175000e-003	
1880	1.025000e-003	
1881	1.200000e-003	
1882	1.475000e-003	
1883	1.625000e-003	
1884	1.850000e-003	
1885	1.625000e-003	
1886	1.575000e-003	
1887	1.525000e-003	
1888	1.675000e-003	
1889	1.925000e-003	
1890	2.350000e-003	
1891	2.575000e-003	
1892	2.525000e-003	
1893	2.950000e-003	
1894	2.825000e-003	
1895	2.500000e-003	
1896	2.500000e-003	
1897	2.600000e-003	
1898	2.850000e-003	
1899	2.800000e-003	
1900	2.425000e-003	
1901	2.275000e-003	
1902	2.500000e-003	
1903	2.425000e-003	
1904	2.000000e-003	
1905	1.775000e-003	
1906	1.550000e-003	
1907	1.375000e-003	
1908	1.500000e-003	
1909	1.425000e-003	
1910	1.125000e-003	
1911	9.250000e-004	
1912	1.075000e-003	
1913	1.175000e-003	
1914	1.250000e-003	
1915	1.100000e-003	
1916	7.500000e-004	
1917	7.250000e-004	
1918	7.250000e-004	
1919	4.500000e-004	
1920	3.500000e-004	
1921	4.250000e-004	
1922	4.750000e-004	
1923	3.500000e-004	
1924	2.500000e-004	
1925	2.750000e-004	
1926	4.000000e-004	
1927	2.250000e-004	
1928	2.500000e-004	
1929	2.750000e-004	
1930	1.000000e-004	
1931	7.500000e-005	
1932	7.500000e-005	
1933	1.250000e-004	
1934	7.500000e-005	
1935	7.500000e-005	
1936	1.250000e-004	
1937	1.000000e-004	
1938	5.000000e-005	
1939	2.500000e-005	
1940	2.500000e-005	
1941	2.500000e-005	
1942	2.500000e-005	
1943	2.500000e-005	
1944	0	
1945	0	
1946	0	
1947	0	
1948	0	
1949	0	
1950	0	
1951	0	
1952	0	
1953	0	
1954	0	
1955	0	
1956	0	
1957	0	
1958	0	
1959	0	
1960	0	
1961	0	
1962	0	
1963	0	
1964	0	
1965	0	
1966	0	
1967	0	
1968	0	
1969	0	
1970	0	
1971	0	
1972	0	
1973	0	
1974	0	
1975	0	
1976	0	
1977	0	
1978	0	
1979	0	
1980	0	
1981	0	
1982	0	
1983	0	
1984	0	
1985	0	
1986	0	
1987	0	
1988	0	
1989	0	
1990	0	
1991	0	
1992	0	
1993	0	
1994	0	
1995	0	
1996	0	
1997	0	
1998	0	
1999	2.500000e-005	
2000	0	
2001	0	
2002	0	
2003	0	
2004	0	
2005	0	
2006	0	
2007	0	
2008	0	
2009	0	
2010	0	
2011	0	
2012	0	
2013	0	
2014	0	
2015	0	
2016	0	
2017	0	
2018	0	
2019	0	
2020	0	
2021	0	
2022	0	
2023	0	
2024	0	
2025	0	
2026	0	
2027	0	
2028	0	
2029	0	
2030	0	
2031	0	
2032	0	
2033	0	
2034	0	
2035	0	
2036	0	
2037	0	
2038	0	
2039	0	
2040	0	
2041	0	
2042	0	
2043	0	
2044	0	
2045	0	
2046	0	
2047	0	
2048	0	
2049	0	
2050	0	
2051	0	
2052	0	
2053	0	
2054	0	
2055	0	
2056	0	
2057	0	
2058	0	
2059	0	
2060	0	
2061	0	
2062	0	
2063	0	
2064	0	
2065	0	
2066	0	
2067	0	
2068	0	
2069	0	
2070	0	
2071	0	
2072	0	
2073	2.500000e-005	
2074	7.500000e-005	
2075	1.000000e-004	
2076	1.250000e-004	
2077	7.500000e-005	
2078	7.500000e-005	
2079	7.500000e-005	
2080	5.000000e-005	
2081	1.250000e-004	
2082	1.000000e-004	
2083	7.500000e-005	
2084	0	
2085	0	
2086	0	
2087	0	
2088	2.500000e-005	
2089	5.000000e-005	
2090	5.000000e-005	
2091	0	
2092	0	
2093	0	
2094	2.500000e-005	
2095	5.000000e-005	
2096	5.000000e-005	
2097	2.500000e-005	
2098	0	
2099	0	
2100	0	
2101	2.500000e-005	
2102	5.000000e-005	
2103	5.000000e-005	
2104	5.000000e-005	
2105	1.000000e-004	
2106	7.500000e-005	
2107	7.500000e-005	
2108	1.250000e-004	
2109	1.000000e-004	
2110	1.000000e-004	
2111	5.000000e-005	
2112	5.000000e-005	
2113	2.500000e-005	
2114	7.500000e-005	
2115	7.500000e-005	
2116	5.000000e-005	
2117	1.000000e-004	
2118	5.000000e-005	
2119	5.000000e-005	
2120	0	
2121	2.500000e-005	
2122	7.500000e-005	
2123	2.500000e-005	
2124	2.500000e-005	
2125	2.500000e-005	
2126	5.000000e-005	
2127	0	
2128	0	
2129	0	
2130	0	
2131	0	
2132	0	
2133	0	
2134	0	
2135	0	
2136	0	
2137	0	
2138	0	
2139	0	
2140	0	
2141	0	
2142	0	
2143	0	
2144	0	
2145	0	
2146	0	
2147	0	
2148	0	
2149	0	
2150	0	
2151	0	
2152	0	
2153	0	
2154	0	
2155	0	
2156	0	
2157	0	
2158	0	
2159	0	
2160	0	
2161	0	
2162	0	
2163	0	
2164	0	
2165	0	
2166	0	
2167	0	
2168	0	
2169	0	
2170	0	
2171	0	
2172	0	
2173	0	
2174	2.500000e-005	
2175	7.500000e-005	
2176	1.250000e-004	
2177	7.500000e-005	
2178	2.500000e-005	
2179	5.000000e-005	
2180	7.500000e-005	
2181	1.750000e-004	
2182	1.750000e-004	
2183	2.000000e-004	
2184	2.000000e-004	
2185	1.500000e-004	
2186	7.500000e-005	
2187	7.500000e-005	
2188	5.000000e-005	
2189	1.500000e-004	
2190	1.750000e-004	
2191	2.250000e-004	
2192	1.500000e-004	
2193	1.250000e-004	
2194	2.250000e-004	
2195	2.500000e-004	
2196	2.500000e-004	
2197	4.000000e-004	
2198	2.750000e-004	
2199	4.250000e-004	
2200	2.750000e-004	
2201	4.000000e-004	
2202	4.250000e-004	
2203	4.500000e-004	
2204	4.000000e-004	
2205	4.250000e-004	
2206	5.500000e-004	
2207	6.000000e-004	
2208	6.000000e-004	
2209	6.000000e-004	
2210	7.500000e-004	
2211	6.250000e-004	
2212	5.750000e-004	
2213	6.500000e-004	
2214	7.000000e-004	
2215	6.750000e-004	
2216	7.000000e-004	
2217	5.750000e-004	
2218	4.750000e-004	
2219	7.250000e-004	
2220	7.750000e-004	
2221	7.000000e-004	
2222	9.500000e-004	
2223	1.100000e-003	
2224	1.225000e-003	
2225	1.400000e-003	
2226	1.225000e-003	
2227	1.225000e-003	
2228	1.375000e-003	
2229	1.375000e-003	
2230	1.375000e-003	
2231	1.450000e-003	
2232	1.550000e-003	
2233	1.600000e-003	
2234	1.550000e-003	
2235	1.825000e-003	
2236	2.000000e-003	
2237	1.850000e-003	
2238	1.800000e-003	
2239	1.975000e-003	
2240	2.000000e-003	
2241	2.000000e-003	
2242	2.325000e-003	
2243	2.250000e-003	
2244	2.250000e-003	
2245	2.450000e-003	
2246	2.300000e-003	
2247	1.825000e-003	
2248	1.925000e-003	
2249	2.050000e-003	
2250	1.875000e-003	
2251	1.875000e-003	
2252	1.825000e-003	
2253	1.725000e-003	
2254	1.875000e-003	
2255	1.850000e-003	
2256	1.500000e-003	
2257	1.200000e-003	
2258	9.000000e-004	
2259	9.250000e-004	
2260	1.075000e-003	
2261	1.025000e-003	
2262	1.175000e-003	
2263	1.150000e-003	
2264	1.375000e-003	
2265	1.375000e-003	
2266	1.125000e-003	
2267	1.000000e-003	
2268	8.500000e-004	
2269	1.025000e-003	
2270	9.000000e-004	
2271	7.250000e-004	
2272	7.250000e-004	
2273	7.750000e-004	
2274	1.025000e-003	
2275	7.500000e-004	
2276	7.250000e-004	
2277	9.000000e-004	
2278	9.500000e-004	
2279	9.000000e-004	
2280	1.125000e-003	
2281	1.225000e-003	
2282	1.500000e-003	
2283	1.250000e-003	
2284	1.150000e-003	
2285	1.150000e-003	
2286	1.225000e-003	
2287	1.375000e-003	
2288	1.325000e-003	
2289	1.350000e-003	
2290	1.475000e-003	
2291	1.550000e-003	
2292	1.525000e-003	
2293	1.550000e-003	
2294	1.625000e-003	
2295	1.875000e-003	
2296	1.950000e-003	
2297	1.675000e-003	
2298	1.725000e-003	
2299	1.675000e-003	
2300	1.775000e-003	
2301	2.050000e-003	
2302	2.025000e-003	
2303	1.950000e-003	
2304	2.075000e-003	
2305	2.225000e-003	
2306	2.000000e-003	
2307	1.975000e-003	
2308	2.200000e-003	
2309	2.275000e-003	
2310	2.325000e-003	
2311	2.300000e-003	
2312	2.225000e-003	
2313	2.075000e-003	
2314	1.975000e-003	
2315	2.075000e-003	
2316	2.500000e-003	
2317	2.500000e-003	
2318	2.525000e-003	
2319	2.400000e-003	
2320	2.750000e-003	
2321	3.125000e-003	
2322	3.450000e-003	
2323	3.450000e-003	
2324	3.225000e-003	
2325	2.775000e-003	
2326	2.600000e-003	
2327	2.500000e-003	
2328	2.625000e-003	
2329	2.850000e-003	
2330	3.075000e-003	
2331	3.025000e-003	
2332	2.825000e-003	
2333	3.225000e-003	
2334	3.325000e-003	
2335	3.325000e-003	
2336	3.025000e-003	
2337	2.950000e-003	
2338	2.650000e-003	
2339	2.175000e-003	
2340	2.325000e-003	
2341	2.225000e-003	
2342	2.275000e-003	
2343	2.050000e-003	
2344	1.825000e-003	
2345	1.575000e-003	
2346	1.500000e-003	
2347	1.950000e-003	
2348	2.050000e-003	
2349	2.150000e-003	
2350	2.125000e-003	
2351	2.600000e-003	
2352	2.200000e-003	
2353	2.100000e-003	
2354	1.925000e-003	
2355	2.175000e-003	
2356	2.075000e-003	
2357	1.950000e-003	
2358	2.075000e-003	
2359	2.300000e-003	
2360	1.900000e-003	
2361	1.675000e-003	
2362	1.725000e-003	
2363	1.750000e-003	
2364	1.775000e-003	
2365	1.375000e-003	
2366	1.300000e-003	
2367	1.375000e-003	
2368	1.325000e-003	
2369	1.325000e-003	
2370	1.250000e-003	
2371	1.375000e-003	
2372	1.450000e-003	
2373	1.475000e-003	
2374	1.450000e-003	
2375	1.175000e-003	
2376	1.100000e-003	
2377	1.325000e-003	
2378	1.250000e-003	
2379	1.150000e-003	
2380	1.075000e-003	
2381	1.100000e-003	
2382	1.200000e-003	
2383	9.250000e-004	
2384	1.050000e-003	
2385	1.125000e-003	
2386	1.200000e-003	
2387	9.500000e-004	
2388	1.200000e-003	
2389	1.225000e-003	
2390	1.400000e-003	
2391	1.300000e-003	
2392	1.375000e-003	
2393	1.475000e-003	
2394	1.400000e-003	
2395	1.475000e-003	
2396	1.375000e-003	
2397	1.250000e-003	
2398	1.425000e-003	
2399	1.600000e-003	
2400	1.475000e-003	
2401	1.600000e-003	
2402	1.425000e-003	
2403	1.200000e-003	
2404	1.275000e-003	
2405	1.000000e-003	
2406	1.350000e-003	
2407	1.325000e-003	
2408	1.150000e-003	
2409	1.475000e-003	
2410	1.325000e-003	
2411	1.200000e-003	
2412	1.650000e-003	
2413	1.500000e-003	
2414	1.650000e-003	
2415	1.425000e-003	
2416	1.200000e-003	
2417	1.025000e-003	
2418	9.750000e-004	
2419	8.250000e-004	
2420	8.750000e-004	
2421	1.000000e-003	
2422	8.000000e-004	
2423	6.500000e-004	
2424	7.000000e-004	
2425	5.750000e-004	
2426	5.000000e-004	
2427	8.000000e-004	
2428	7.000000e-004	
2429	7.000000e-004	
2430	6.000000e-004	
2431	7.500000e-004	
2432	4.250000e-004	
2433	5.250000e-004	
2434	4.750000e-004	
2435	3.250000e-004	
2436	3.500000e-004	
2437	3.500000e-004	
2438	4.500000e-004	
2439	3.250000e-004	
2440	3.750000e-004	
2441	4.500000e-004	
2442	4.000000e-004	
2443	4.250000e-004	
2444	5.000000e-004	
2445	4.500000e-004	
2446	4.500000e-004	
2447	5.000000e-004	
2448	4.750000e-004	
2449	4.500000e-004	
2450	5.500000e-004	
2451	7.500000e-004	
2452	5.750000e-004	
2453	3.500000e-004	
2454	2.000000e-004	
2455	3.000000e-004	
2456	3.500000e-004	
2457	3.000000e-004	
2458	3.500000e-004	
2459	4.000000e-004	
2460	4.250000e-004	
2461	3.750000e-004	
2462	4.500000e-004	
2463	5.250000e-004	
2464	4.000000e-004	
2465	3.000000e-004	
2466	3.000000e-004	
2467	4.000000e-004	
2468	3.000000e-004	
2469	4.000000e-004	
2470	3.750000e-004	
2471	2.250000e-004	
2472	3.250000e-004	
2473	3.250000e-004	
2474	2.750000e-004	
2475	3.500000e-004	
2476	3.250000e-004	
2477	3.000000e-004	
2478	2.250000e-004	
2479	2.500000e-004	
2480	1.000000e-004	
2481	1.250000e-004	
2482	1.750000e-004	
2483	2.500000e-005	
2484	5.000000e-005	
2485	5.000000e-005	
2486	5.000000e-005	
2487	2.500000e-005	
2488	0	
2489	0	
2490	0	
2491	0	
2492	0	
2493	0	
2494	0	
2495	0	
2496	0	
2497	0	
2498	0	
2499	0	
2500	0	
2501	0	
2502	0	
2503	0	
2504	0	
2505	2.500000e-005	
2506	5.000000e-005	
2507	0	
2508	0	
2509	0	
2510	0	
2511	0	
2512	0	
2513	0	
2514	0	
2515	0	
2516	5.000000e-005	
2517	2.500000e-005	
2518	0	
2519	0	
2520	0	
2521	0	
2522	0	
2523	0	
2524	0	
2525	0	
2526	0	
2527	0	
2528	0	
2529	0	
2530	0	
2531	0	
2532	0	
2533	0	
2534	0	
2535	0	
2536	0	
2537	0	
2538	0	
2539	0	
2540	0	
2541	0	
2542	0	
2543	0	
2544	0	
2545	2.500000e-005	
2546	5.000000e-005	
2547	7.500000e-005	
2548	1.750000e-004	
2549	2.000000e-004	
2550	3.000000e-004	
2551	2.500000e-004	
2552	1.500000e-004	
2553	1.250000e-004	
2554	1.250000e-004	
2555	7.500000e-005	
2556	5.000000e-005	
2557	5.000000e-005	
2558	7.500000e-005	
2559	2.500000e-005	
2560	2.500000e-005	
2561	5.000000e-005	
2562	2.500000e-005	
2563	2.500000e-005	
2564	0	
2565	0	
2566	0	
2567	0	
2568	0	
2569	0	
2570	0	
2571	0	
2572	0	
2573	0	
2574	0	
2575	0	
2576	0	
2577	0	
2578	0	
2579	0	
2580	0	
2581	0	
2582	0	
2583	0	
2584	0	
2585	0	
2586	0	
2587	0	
2588	0	
2589	0	
2590	0	
2591	0	
2592	0	
2593	0	
2594	0	
2595	0	
2596	0	
2597	0	
2598	0	
2599	0	
2600	0	
2601	0	
2602	0	
2603	0	
2604	0	
2605	0	
2606	0	
2607	0	
2608	0	
2609	2.500000e-005	
2610	1.250000e-004	
2611	2.250000e-004	
2612	2.250000e-004	
2613	2.000000e-004	
2614	1.750000e-004	
2615	2.000000e-004	
2616	2.000000e-004	
2617	3.750000e-004	
2618	3.750000e-004	
2619	3.500000e-004	
2620	5.000000e-004	
2621	4.000000e-004	
2622	2.250000e-004	
2623	2.250000e-004	
2624	3.000000e-004	
2625	3.250000e-004	
2626	3.250000e-004	
2627	2.500000e-004	
2628	2.500000e-005	
2629	2.500000e-005	
2630	0	
2631	0	
2632	0	
2633	0	
2634	0	
2635	0	
2636	0	
2637	0	
2638	0	
2639	0	
2640	0	
2641	0	
2642	0	
2643	0	
2644	0	
2645	0	
2646	0	
2647	0	
2648	0	
2649	0	
2650	0	
2651	0	
2652	0	
2653	0	
2654	0	
2655	0	
2656	0	
2657	2.500000e-005	
2658	5.000000e-005	
2659	7.500000e-005	
2660	7.500000e-005	
2661	1.000000e-004	
2662	7.500000e-005	
2663	1.500000e-004	
2664	1.000000e-004	
2665	1.000000e-004	
2666	1.500000e-004	
2667	1.500000e-004	
2668	1.000000e-004	
2669	1.000000e-004	
2670	1.000000e-004	
2671	1.750000e-004	
2672	2.750000e-004	
2673	3.250000e-004	
2674	3.500000e-004	
2675	4.250000e-004	
2676	3.250000e-004	
2677	2.500000e-004	
2678	2.500000e-004	
2679	1.000000e-004	
2680	1.500000e-004	
2681	1.500000e-004	
2682	1.250000e-004	
2683	1.500000e-004	
2684	1.750000e-004	
2685	7.500000e-005	
2686	0	
2687	0	
2688	2.500000e-005	
2689	0	
2690	0	
2691	0	
2692	0	
2693	0	
2694	0	
2695	0	
2696	0	
2697	0	
2698	0	
2699	0	
2700	0	
2701	0	
2702	0	
2703	0	
2704	0	
2705	2.500000e-005	
2706	1.000000e-004	
2707	1.000000e-004	
2708	2.000000e-004	
2709	2.000000e-004	
2710	1.500000e-004	
2711	2.000000e-004	
2712	2.500000e-004	
2713	2.500000e-004	
2714	1.750000e-004	
2715	2.750000e-004	
2716	2.500000e-004	
2717	2.750000e-004	
2718	2.000000e-004	
2719	2.500000e-004	
2720	2.750000e-004	
2721	1.500000e-004	
2722	1.750000e-004	
2723	3.500000e-004	
2724	3.250000e-004	
2725	5.250000e-004	
2726	4.250000e-004	
2727	4.750000e-004	
2728	5.000000e-004	
2729	3.500000e-004	
2730	3.250000e-004	
2731	4.500000e-004	
2732	5.250000e-004	
2733	3.250000e-004	
2734	4.500000e-004	
2735	5.000000e-004	
2736	4.500000e-004	
2737	4.000000e-004	
2738	4.500000e-004	
2739	4.250000e-004	
2740	4.250000e-004	
2741	4.500000e-004	
2742	5.000000e-004	
2743	5.500000e-004	
2744	7.250000e-004	
2745	7.250000e-004	
2746	6.000000e-004	
2747	5.500000e-004	
2748	5.750000e-004	
2749	5.500000e-004	
2750	6.250000e-004	
2751	7.500000e-004	
2752	6.750000e-004	
2753	7.750000e-004	
2754	1.000000e-003	
2755	6.750000e-004	
2756	7.500000e-004	
2757	7.500000e-004	
2758	9.000000e-004	
2759	8.500000e-004	
2760	1.025000e-003	
2761	1.100000e-003	
2762	1.275000e-003	
2763	1.150000e-003	
2764	1.050000e-003	
2765	1.225000e-003	
2766	1.025000e-003	
2767	9.500000e-004	
2768	9.500000e-004	
2769	1.050000e-003	
2770	1.125000e-003	
2771	1.125000e-003	
2772	1.250000e-003	
2773	1.100000e-003	
2774	1.125000e-003	
2775	1.125000e-003	
2776	1.150000e-003	
2777	1.625000e-003	
2778	1.300000e-003	
2779	1.175000e-003	
2780	9.500000e-004	
2781	9.750000e-004	
2782	1.275000e-003	
2783	1.275000e-003	
2784	1.250000e-003	
2785	1.150000e-003	
2786	1.125000e-003	
2787	1.350000e-003	
2788	1.350000e-003	
2789	1.100000e-003	
2790	9.000000e-004	
2791	1.075000e-003	
2792	1.025000e-003	
2793	1.150000e-003	
2794	1.075000e-003	
2795	1.150000e-003	
2796	1.250000e-003	
2797	1.425000e-003	
2798	1.425000e-003	
2799	1.500000e-003	
2800	1.500000e-003	
2801	1.575000e-003	
2802	1.450000e-003	
2803	1.925000e-003	
2804	2.000000e-003	
2805	1.925000e-003	
2806	1.700000e-003	
2807	1.700000e-003	
2808	1.775000e-003	
2809	1.800000e-003	
2810	1.925000e-003	
2811	1.975000e-003	
2812	2.025000e-003	
2813	2.175000e-003	
2814	2.250000e-003	
2815	2.275000e-003	
2816	2.375000e-003	
2817	2.600000e-003	
2818	2.575000e-003	
2819	2.975000e-003	
2820	2.750000e-003	
2821	2.100000e-003	
2822	1.675000e-003	
2823	1.775000e-003	
2824	1.575000e-003	
2825	1.625000e-003	
2826	1.650000e-003	
2827	1.425000e-003	
2828	1.700000e-003	
2829	1.925000e-003	
2830	2.075000e-003	
2831	2.100000e-003	
2832	2.225000e-003	
2833	2.150000e-003	
2834	2.350000e-003	
2835	2.075000e-003	
2836	1.825000e-003	
2837	1.975000e-003	
2838	1.925000e-003	
2839	1.825000e-003	
2840	2.050000e-003	
2841	1.975000e-003	
2842	2.325000e-003	
2843	2.475000e-003	
2844	2.775000e-003	
2845	2.925000e-003	
2846	3.175000e-003	
2847	3.275000e-003	
2848	2.950000e-003	
2849	2.625000e-003	
2850	2.875000e-003	
2851	2.625000e-003	
2852	3.100000e-003	
2853	2.700000e-003	
2854	2.825000e-003	
2855	2.400000e-003	
2856	2.125000e-003	
2857	2.025000e-003	
2858	2.225000e-003	
2859	2.400000e-003	
2860	2.300000e-003	
2861	2.575000e-003	
2862	2.300000e-003	
2863	2.350000e-003	
2864	2.450000e-003	
2865	2.425000e-003	
2866	2.525000e-003	
2867	2.575000e-003	
2868	2.675000e-003	
2869	2.775000e-003	
2870	2.675000e-003	
2871	3.300000e-003	
2872	2.925000e-003	
2873	2.925000e-003	
2874	2.425000e-003	
2875	2.250000e-003	
2876	2.100000e-003	
2877	1.975000e-003	
2878	1.775000e-003	
2879	1.550000e-003	
2880	1.800000e-003	
2881	1.725000e-003	
2882	1.625000e-003	
2883	1.900000e-003	
2884	1.750000e-003	
2885	2.275000e-003	
2886	2.175000e-003	
2887	2.325000e-003	
2888	2.000000e-003	
2889	1.450000e-003	
2890	1.450000e-003	
2891	1.275000e-003	
2892	1.075000e-003	
2893	1.250000e-003	
2894	1.450000e-003	
2895	1.450000e-003	
2896	1.500000e-003	
2897	1.575000e-003	
2898	1.700000e-003	
2899	1.400000e-003	
2900	1.350000e-003	
2901	1.675000e-003	
2902	1.625000e-003	
2903	1.600000e-003	
2904	1.675000e-003	
2905	1.575000e-003	
2906	1.550000e-003	
2907	1.525000e-003	
2908	1.400000e-003	
2909	1.475000e-003	
2910	1.725000e-003	
2911	1.375000e-003	
2912	1.425000e-003	
2913	1.425000e-003	
2914	1.125000e-003	
2915	1.150000e-003	
2916	1.075000e-003	
2917	1.175000e-003	
2918	9.750000e-004	
2919	9.500000e-004	
2920	1.025000e-003	
2921	1.000000e-003	
2922	1.175000e-003	
2923	1.175000e-003	
2924	1.000000e-003	
2925	9.500000e-004	
2926	1.200000e-003	
2927	1.325000e-003	
2928	1.225000e-003	
2929	1.400000e-003	
2930	1.350000e-003	
2931	1.325000e-003	
2932	1.525000e-003	
2933	1.650000e-003	
2934	1.275000e-003	
2935	1.150000e-003	
2936	1.150000e-003	
2937	1.475000e-003	
2938	1.400000e-003	
2939	1.375000e-003	
2940	1.300000e-003	
2941	1.075000e-003	
2942	9.000000e-004	
2943	1.000000e-003	
2944	9.500000e-004	
2945	1.050000e-003	
2946	1.050000e-003	
2947	1.000000e-003	
2948	7.750000e-004	
2949	8.750000e-004	
2950	7.250000e-004	
2951	5.500000e-004	
2952	5.250000e-004	
2953	4.500000e-004	
2954	3.500000e-004	
2955	3.500000e-004	
2956	4.750000e-004	
2957	6.500000e-004	
2958	4.750000e-004	
2959	3.500000e-004	
2960	4.500000e-004	
2961	4.000000e-004	
2962	3.750000e-004	
2963	4.750000e-004	
2964	5.000000e-004	
2965	4.250000e-004	
2966	4.250000e-004	
2967	5.000000e-004	
2968	6.500000e-004	
2969	6.250000e-004	
2970	6.250000e-004	
2971	7.250000e-004	
2972	6.000000e-004	
2973	3.000000e-004	
2974	2.500000e-004	
2975	3.250000e-004	
2976	3.000000e-004	
2977	2.000000e-004	
2978	1.750000e-004	
2979	2.250000e-004	
2980	1.750000e-004	
2981	1.500000e-004	
2982	2.000000e-004	
2983	1.750000e-004	
2984	1.250000e-004	
2985	2.250000e-004	
2986	1.750000e-004	
2987	5.000000e-005	
2988	5.000000e-005	
2989	5.000000e-005	
2990	0	
2991	0	
2992	0	
2993	0	
2994	2.500000e-005	
2995	5.000000e-005	
2996	7.500000e-005	
2997	5.000000e-005	
2998	2.500000e-005	
2999	0	
3000	0	
3001	0	
