1	0	
2	0	
3	0	
4	2.500000e-005	
5	1.250000e-004	
6	1.250000e-004	
7	1.500000e-004	
8	2.750000e-004	
9	3.000000e-004	
10	3.750000e-004	
11	4.500000e-004	
12	6.250000e-004	
13	7.000000e-004	
14	6.750000e-004	
15	7.000000e-004	
16	7.250000e-004	
17	9.500000e-004	
18	9.750000e-004	
19	1.300000e-003	
20	1.375000e-003	
21	1.325000e-003	
22	1.550000e-003	
23	1.600000e-003	
24	1.750000e-003	
25	1.725000e-003	
26	1.850000e-003	
27	2.200000e-003	
28	2.550000e-003	
29	2.700000e-003	
30	3.350000e-003	
31	3.775000e-003	
32	4.400000e-003	
33	4.825000e-003	
34	5.100000e-003	
35	5.475000e-003	
36	4.900000e-003	
37	5.275000e-003	
38	5.550000e-003	
39	6.025000e-003	
40	6.525000e-003	
41	6.875000e-003	
42	7.525000e-003	
43	7.825000e-003	
44	7.150000e-003	
45	7.725000e-003	
46	7.775000e-003	
47	6.975000e-003	
48	7.125000e-003	
49	6.600000e-003	
50	6.650000e-003	
51	7.450000e-003	
52	8.050000e-003	
53	7.925000e-003	
54	8.225000e-003	
55	8.450000e-003	
56	8.775000e-003	
57	8.500000e-003	
58	8.125000e-003	
59	8.425000e-003	
60	9.150000e-003	
61	8.725000e-003	
62	8.300000e-003	
63	8.100000e-003	
64	8.925000e-003	
65	9.275000e-003	
66	8.675000e-003	
67	8.950000e-003	
68	9.350000e-003	
69	8.825000e-003	
70	7.850000e-003	
71	7.050000e-003	
72	7.300000e-003	
73	7.000000e-003	
74	7.075000e-003	
75	6.850000e-003	
76	6.250000e-003	
77	5.800000e-003	
78	6.175000e-003	
79	6.550000e-003	
80	6.600000e-003	
81	6.075000e-003	
82	6.075000e-003	
83	6.200000e-003	
84	5.575000e-003	
85	5.250000e-003	
86	5.075000e-003	
87	4.900000e-003	
88	4.700000e-003	
89	4.575000e-003	
90	4.600000e-003	
91	4.300000e-003	
92	3.975000e-003	
93	3.825000e-003	
94	3.425000e-003	
95	3.375000e-003	
96	3.150000e-003	
97	3.600000e-003	
98	2.725000e-003	
99	2.375000e-003	
100	1.850000e-003	
101	1.975000e-003	
102	1.900000e-003	
103	1.725000e-003	
104	1.700000e-003	
105	1.475000e-003	
106	1.525000e-003	
107	1.200000e-003	
108	1.175000e-003	
109	1.025000e-003	
110	1.075000e-003	
111	1.100000e-003	
112	9.500000e-004	
113	9.500000e-004	
114	9.500000e-004	
115	1.100000e-003	
116	9.750000e-004	
117	1.050000e-003	
118	9.750000e-004	
119	1.075000e-003	
120	1.100000e-003	
121	1.100000e-003	
122	1.000000e-003	
123	1.150000e-003	
124	1.025000e-003	
125	8.750000e-004	
126	8.250000e-004	
127	8.500000e-004	
128	5.250000e-004	
129	4.250000e-004	
130	4.250000e-004	
131	2.500000e-004	
132	1.250000e-004	
133	2.000000e-004	
134	1.750000e-004	
135	1.250000e-004	
136	2.000000e-004	
137	1.500000e-004	
138	1.750000e-004	
139	0	
140	0	
141	0	
142	0	
143	0	
144	0	
145	0	
146	0	
147	0	
148	0	
149	0	
150	0	
151	0	
152	0	
153	0	
154	0	
155	0	
156	0	
157	0	
158	0	
159	0	
160	0	
161	0	
162	0	
163	0	
164	0	
165	0	
166	0	
167	0	
168	0	
169	0	
170	0	
171	0	
172	0	
173	0	
174	0	
175	0	
176	0	
177	0	
178	0	
179	0	
180	0	
181	0	
182	0	
183	0	
184	0	
185	0	
186	0	
187	0	
188	0	
189	0	
190	0	
191	0	
192	0	
193	0	
194	0	
195	0	
196	0	
197	0	
198	0	
199	0	
200	0	
201	0	
202	0	
203	0	
204	0	
205	0	
206	0	
207	0	
208	0	
209	0	
210	0	
211	0	
212	0	
213	0	
214	0	
215	0	
216	0	
217	0	
218	0	
219	0	
220	0	
221	0	
222	0	
223	0	
224	0	
225	0	
226	0	
227	0	
228	0	
229	0	
230	0	
231	0	
232	0	
233	0	
234	0	
235	0	
236	0	
237	0	
238	0	
239	0	
240	0	
241	0	
242	0	
243	0	
244	0	
245	0	
246	0	
247	0	
248	0	
249	0	
250	0	
251	0	
252	0	
253	0	
254	0	
255	0	
256	2.500000e-005	
257	2.500000e-005	
258	2.500000e-005	
259	0	
260	0	
261	0	
262	0	
263	0	
264	0	
265	0	
266	0	
267	0	
268	0	
269	0	
270	0	
271	0	
272	0	
273	0	
274	0	
275	0	
276	0	
277	0	
278	0	
279	0	
280	0	
281	0	
282	0	
283	0	
284	0	
285	0	
286	0	
287	0	
288	0	
289	0	
290	0	
291	0	
292	0	
293	0	
294	0	
295	0	
296	0	
297	0	
298	0	
299	0	
300	0	
301	0	
302	0	
303	0	
304	0	
305	0	
306	0	
307	0	
308	0	
309	0	
310	0	
311	0	
312	0	
313	0	
314	0	
315	0	
316	0	
317	0	
318	0	
319	0	
320	0	
321	0	
322	0	
323	0	
324	0	
325	0	
326	0	
327	0	
328	0	
329	0	
330	0	
331	0	
332	0	
333	0	
334	0	
335	0	
336	0	
337	0	
338	0	
339	0	
340	0	
341	0	
342	0	
343	0	
344	0	
345	0	
346	0	
347	0	
348	0	
349	2.500000e-005	
350	2.500000e-005	
351	2.500000e-005	
352	1.250000e-004	
353	1.750000e-004	
354	2.250000e-004	
355	1.750000e-004	
356	7.500000e-005	
357	7.500000e-005	
358	5.000000e-005	
359	5.000000e-005	
360	0	
361	0	
362	0	
363	0	
364	0	
365	0	
366	0	
367	0	
368	0	
369	0	
370	0	
371	0	
372	0	
373	0	
374	0	
375	0	
376	0	
377	0	
378	0	
379	2.500000e-005	
380	2.500000e-005	
381	5.000000e-005	
382	7.500000e-005	
383	7.500000e-005	
384	2.500000e-005	
385	2.500000e-005	
386	2.500000e-005	
387	0	
388	0	
389	0	
390	0	
391	0	
392	0	
393	0	
394	0	
395	0	
396	0	
397	0	
398	2.500000e-005	
399	5.000000e-005	
400	2.500000e-005	
401	2.500000e-005	
402	5.000000e-005	
403	7.500000e-005	
404	7.500000e-005	
405	5.000000e-005	
406	5.000000e-005	
407	5.000000e-005	
408	7.500000e-005	
409	0	
410	0	
411	0	
412	0	
413	0	
414	0	
415	0	
416	0	
417	0	
418	0	
419	0	
420	0	
421	0	
422	2.500000e-005	
423	5.000000e-005	
424	0	
425	0	
426	0	
427	0	
428	0	
429	0	
430	0	
431	0	
432	0	
433	0	
434	0	
435	0	
436	0	
437	0	
438	0	
439	0	
440	0	
441	0	
442	2.500000e-005	
443	5.000000e-005	
444	7.500000e-005	
445	5.000000e-005	
446	5.000000e-005	
447	5.000000e-005	
448	1.000000e-004	
449	1.000000e-004	
450	1.500000e-004	
451	1.500000e-004	
452	1.250000e-004	
453	1.500000e-004	
454	1.000000e-004	
455	1.500000e-004	
456	1.250000e-004	
457	2.750000e-004	
458	2.750000e-004	
459	3.000000e-004	
460	3.000000e-004	
461	3.500000e-004	
462	3.250000e-004	
463	3.000000e-004	
464	3.750000e-004	
465	4.000000e-004	
466	3.750000e-004	
467	3.000000e-004	
468	2.000000e-004	
469	2.750000e-004	
470	2.000000e-004	
471	1.500000e-004	
472	7.500000e-005	
473	1.250000e-004	
474	5.000000e-005	
475	1.250000e-004	
476	1.000000e-004	
477	1.500000e-004	
478	1.250000e-004	
479	7.500000e-005	
480	1.250000e-004	
481	7.500000e-005	
482	1.000000e-004	
483	7.500000e-005	
484	2.500000e-005	
485	5.000000e-005	
486	5.000000e-005	
487	7.500000e-005	
488	5.000000e-005	
489	7.500000e-005	
490	1.250000e-004	
491	2.000000e-004	
492	2.000000e-004	
493	1.500000e-004	
494	1.500000e-004	
495	1.000000e-004	
496	5.000000e-005	
497	1.000000e-004	
498	2.000000e-004	
499	1.500000e-004	
500	1.500000e-004	
501	2.250000e-004	
502	2.250000e-004	
503	3.750000e-004	
504	3.000000e-004	
505	3.250000e-004	
506	3.500000e-004	
507	3.750000e-004	
508	2.500000e-004	
509	2.250000e-004	
510	2.500000e-004	
511	3.000000e-004	
512	2.000000e-004	
513	2.500000e-004	
514	1.500000e-004	
515	2.500000e-004	
516	4.000000e-004	
517	5.250000e-004	
518	3.750000e-004	
519	3.250000e-004	
520	2.000000e-004	
521	2.750000e-004	
522	2.250000e-004	
523	2.750000e-004	
524	3.000000e-004	
525	4.500000e-004	
526	4.000000e-004	
527	5.500000e-004	
528	5.750000e-004	
529	6.750000e-004	
530	6.500000e-004	
531	6.750000e-004	
532	4.750000e-004	
533	5.500000e-004	
534	6.000000e-004	
535	6.750000e-004	
536	5.250000e-004	
537	3.500000e-004	
538	2.250000e-004	
539	2.000000e-004	
540	2.250000e-004	
541	2.750000e-004	
542	2.500000e-004	
543	2.500000e-004	
544	2.000000e-004	
545	7.500000e-005	
546	7.500000e-005	
547	1.000000e-004	
548	1.500000e-004	
549	1.500000e-004	
550	2.250000e-004	
551	2.500000e-004	
552	1.500000e-004	
553	1.250000e-004	
554	1.000000e-004	
555	5.000000e-005	
556	7.500000e-005	
557	7.500000e-005	
558	1.750000e-004	
559	1.500000e-004	
560	2.500000e-004	
561	4.000000e-004	
562	4.000000e-004	
563	3.250000e-004	
564	3.750000e-004	
565	4.250000e-004	
566	3.500000e-004	
567	2.250000e-004	
568	2.250000e-004	
569	3.000000e-004	
570	3.500000e-004	
571	2.250000e-004	
572	3.000000e-004	
573	3.250000e-004	
574	4.000000e-004	
575	3.750000e-004	
576	6.250000e-004	
577	7.500000e-004	
578	6.250000e-004	
579	8.250000e-004	
580	8.000000e-004	
581	7.000000e-004	
582	6.000000e-004	
583	6.000000e-004	
584	6.500000e-004	
585	6.750000e-004	
586	6.750000e-004	
587	5.750000e-004	
588	5.250000e-004	
589	6.250000e-004	
590	8.250000e-004	
591	9.500000e-004	
592	1.075000e-003	
593	9.750000e-004	
594	1.200000e-003	
595	1.075000e-003	
596	1.175000e-003	
597	1.125000e-003	
598	1.025000e-003	
599	1.150000e-003	
600	1.375000e-003	
601	1.450000e-003	
602	1.700000e-003	
603	1.650000e-003	
604	1.650000e-003	
605	1.725000e-003	
606	1.550000e-003	
607	1.775000e-003	
608	1.825000e-003	
609	2.025000e-003	
610	1.925000e-003	
611	2.025000e-003	
612	1.975000e-003	
613	1.850000e-003	
614	2.350000e-003	
615	2.275000e-003	
616	2.125000e-003	
617	2.150000e-003	
618	2.150000e-003	
619	2.550000e-003	
620	2.675000e-003	
621	2.725000e-003	
622	2.850000e-003	
623	3.050000e-003	
624	3.000000e-003	
625	3.075000e-003	
626	3.225000e-003	
627	2.925000e-003	
628	3.125000e-003	
629	2.850000e-003	
630	2.900000e-003	
631	2.775000e-003	
632	2.725000e-003	
633	2.625000e-003	
634	2.975000e-003	
635	3.275000e-003	
636	3.000000e-003	
637	3.150000e-003	
638	2.675000e-003	
639	2.800000e-003	
640	2.500000e-003	
641	2.475000e-003	
642	2.650000e-003	
643	2.575000e-003	
644	2.750000e-003	
645	2.650000e-003	
646	2.900000e-003	
647	3.225000e-003	
648	3.500000e-003	
649	3.350000e-003	
650	3.150000e-003	
651	2.825000e-003	
652	2.925000e-003	
653	2.750000e-003	
654	3.425000e-003	
655	3.850000e-003	
656	4.250000e-003	
657	4.725000e-003	
658	5.150000e-003	
659	4.550000e-003	
660	4.375000e-003	
661	5.300000e-003	
662	5.225000e-003	
663	4.650000e-003	
664	4.700000e-003	
665	4.775000e-003	
666	4.725000e-003	
667	4.325000e-003	
668	4.525000e-003	
669	4.450000e-003	
670	4.350000e-003	
671	4.300000e-003	
672	3.900000e-003	
673	3.475000e-003	
674	2.950000e-003	
675	3.025000e-003	
676	3.100000e-003	
677	3.250000e-003	
678	3.875000e-003	
679	3.675000e-003	
680	3.425000e-003	
681	3.775000e-003	
682	3.450000e-003	
683	3.900000e-003	
684	3.975000e-003	
685	3.675000e-003	
686	4.050000e-003	
687	3.700000e-003	
688	3.250000e-003	
689	3.275000e-003	
690	3.175000e-003	
691	3.025000e-003	
692	2.925000e-003	
693	2.575000e-003	
694	3.075000e-003	
695	3.025000e-003	
696	3.125000e-003	
697	2.525000e-003	
698	2.200000e-003	
699	1.800000e-003	
700	1.925000e-003	
701	1.925000e-003	
702	2.050000e-003	
703	2.025000e-003	
704	1.875000e-003	
705	2.025000e-003	
706	1.675000e-003	
707	1.675000e-003	
708	1.500000e-003	
709	1.625000e-003	
710	1.800000e-003	
711	1.800000e-003	
712	1.725000e-003	
713	1.625000e-003	
714	1.500000e-003	
715	1.250000e-003	
716	1.400000e-003	
717	1.450000e-003	
718	1.350000e-003	
719	9.750000e-004	
720	1.000000e-003	
721	1.150000e-003	
722	1.075000e-003	
723	8.500000e-004	
724	7.250000e-004	
725	6.500000e-004	
726	5.250000e-004	
727	4.750000e-004	
728	5.250000e-004	
729	5.500000e-004	
730	4.250000e-004	
731	5.500000e-004	
732	3.250000e-004	
733	2.250000e-004	
734	1.500000e-004	
735	1.000000e-004	
736	1.000000e-004	
737	1.250000e-004	
738	1.250000e-004	
739	2.500000e-004	
740	3.000000e-004	
741	3.500000e-004	
742	3.000000e-004	
743	2.250000e-004	
744	2.500000e-004	
745	2.500000e-004	
746	1.250000e-004	
747	1.250000e-004	
748	0	
749	2.500000e-005	
750	2.500000e-005	
751	0	
752	0	
753	2.500000e-005	
754	5.000000e-005	
755	5.000000e-005	
756	7.500000e-005	
757	2.500000e-005	
758	0	
759	0	
760	0	
761	0	
762	0	
763	0	
764	0	
765	0	
766	0	
767	0	
768	0	
769	0	
770	0	
771	0	
772	0	
773	0	
774	0	
775	0	
776	0	
777	0	
778	0	
779	0	
780	0	
781	0	
782	0	
783	0	
784	0	
785	0	
786	0	
787	0	
788	0	
789	0	
790	0	
791	0	
792	0	
793	0	
794	0	
795	0	
796	0	
797	0	
798	0	
799	0	
800	0	
801	0	
802	0	
803	0	
804	0	
805	0	
806	0	
807	0	
808	0	
809	0	
810	0	
811	0	
812	0	
813	0	
814	0	
815	0	
816	0	
817	0	
818	0	
819	0	
820	0	
821	0	
822	0	
823	0	
824	0	
825	2.500000e-005	
826	0	
827	0	
828	0	
829	0	
830	0	
831	0	
832	0	
833	0	
834	0	
835	0	
836	0	
837	0	
838	0	
839	0	
840	0	
841	0	
842	0	
843	0	
844	2.500000e-005	
845	7.500000e-005	
846	1.250000e-004	
847	7.500000e-005	
848	1.000000e-004	
849	2.500000e-005	
850	5.000000e-005	
851	2.500000e-005	
852	0	
853	0	
854	0	
855	0	
856	0	
857	0	
858	0	
859	0	
860	0	
861	0	
862	0	
863	0	
864	0	
865	0	
866	0	
867	0	
868	0	
869	0	
870	0	
871	0	
872	0	
873	0	
874	0	
875	0	
876	0	
877	0	
878	0	
879	0	
880	0	
881	0	
882	0	
883	0	
884	0	
885	0	
886	0	
887	0	
888	0	
889	0	
890	0	
891	0	
892	0	
893	0	
894	0	
895	0	
896	2.500000e-005	
897	5.000000e-005	
898	5.000000e-005	
899	2.500000e-005	
900	0	
901	2.500000e-005	
902	2.500000e-005	
903	5.000000e-005	
904	0	
905	0	
906	0	
907	0	
908	0	
909	0	
910	0	
911	0	
912	0	
913	0	
914	0	
915	0	
916	0	
917	0	
918	0	
919	0	
920	0	
921	0	
922	0	
923	0	
924	0	
925	0	
926	0	
927	0	
928	0	
929	0	
930	0	
931	0	
932	2.500000e-005	
933	5.000000e-005	
934	1.500000e-004	
935	2.250000e-004	
936	1.250000e-004	
937	1.000000e-004	
938	5.000000e-005	
939	5.000000e-005	
940	2.500000e-005	
941	1.000000e-004	
942	1.250000e-004	
943	1.000000e-004	
944	1.000000e-004	
945	1.000000e-004	
946	5.000000e-005	
947	2.500000e-005	
948	5.000000e-005	
949	5.000000e-005	
950	2.500000e-005	
951	2.500000e-005	
952	5.000000e-005	
953	0	
954	0	
955	0	
956	0	
957	0	
958	0	
959	0	
960	0	
961	0	
962	0	
963	0	
964	0	
965	0	
966	0	
967	0	
968	0	
969	0	
970	0	
971	0	
972	0	
973	0	
974	0	
975	0	
976	0	
977	0	
978	0	
979	0	
980	0	
981	0	
982	0	
983	0	
984	0	
985	0	
986	0	
987	0	
988	0	
989	0	
990	0	
991	0	
992	0	
993	0	
994	0	
995	0	
996	0	
997	0	
998	0	
999	0	
1000	0	
1001	0	
1002	0	
1003	0	
1004	0	
1005	0	
1006	0	
1007	0	
1008	0	
1009	0	
1010	0	
1011	0	
1012	0	
1013	0	
1014	0	
1015	0	
1016	0	
1017	0	
1018	0	
1019	0	
1020	0	
1021	0	
1022	0	
1023	0	
1024	0	
1025	0	
1026	0	
1027	0	
1028	0	
1029	0	
1030	0	
1031	0	
1032	2.500000e-005	
1033	7.500000e-005	
1034	7.500000e-005	
1035	7.500000e-005	
1036	1.250000e-004	
1037	1.000000e-004	
1038	7.500000e-005	
1039	5.000000e-005	
1040	7.500000e-005	
1041	1.750000e-004	
1042	1.500000e-004	
1043	1.500000e-004	
1044	1.250000e-004	
1045	1.500000e-004	
1046	1.250000e-004	
1047	1.000000e-004	
1048	1.250000e-004	
1049	2.250000e-004	
1050	2.750000e-004	
1051	3.250000e-004	
1052	2.250000e-004	
1053	2.250000e-004	
1054	3.250000e-004	
1055	3.000000e-004	
1056	1.500000e-004	
1057	2.750000e-004	
1058	2.250000e-004	
1059	2.500000e-004	
1060	2.250000e-004	
1061	2.750000e-004	
1062	3.750000e-004	
1063	3.500000e-004	
1064	2.250000e-004	
1065	3.000000e-004	
1066	3.250000e-004	
1067	3.250000e-004	
1068	3.000000e-004	
1069	3.000000e-004	
1070	2.250000e-004	
1071	1.500000e-004	
1072	1.750000e-004	
1073	2.250000e-004	
1074	2.750000e-004	
1075	3.500000e-004	
1076	3.500000e-004	
1077	3.000000e-004	
1078	4.500000e-004	
1079	3.500000e-004	
1080	4.000000e-004	
1081	5.750000e-004	
1082	5.750000e-004	
1083	5.000000e-004	
1084	4.500000e-004	
1085	5.500000e-004	
1086	4.750000e-004	
1087	5.000000e-004	
1088	4.750000e-004	
1089	5.250000e-004	
1090	5.500000e-004	
1091	5.250000e-004	
1092	4.750000e-004	
1093	5.500000e-004	
1094	4.750000e-004	
1095	5.500000e-004	
1096	6.250000e-004	
1097	6.250000e-004	
1098	7.250000e-004	
1099	6.500000e-004	
1100	5.000000e-004	
1101	5.750000e-004	
1102	4.250000e-004	
1103	5.000000e-004	
1104	4.000000e-004	
1105	2.500000e-004	
1106	3.250000e-004	
1107	2.750000e-004	
1108	2.250000e-004	
1109	3.250000e-004	
1110	4.500000e-004	
1111	2.750000e-004	
1112	3.750000e-004	
1113	5.500000e-004	
1114	5.750000e-004	
1115	4.500000e-004	
1116	5.500000e-004	
1117	5.750000e-004	
1118	6.250000e-004	
1119	5.000000e-004	
1120	4.750000e-004	
1121	5.000000e-004	
1122	4.000000e-004	
1123	5.000000e-004	
1124	5.000000e-004	
1125	6.250000e-004	
1126	6.250000e-004	
1127	9.000000e-004	
1128	8.000000e-004	
1129	5.500000e-004	
1130	7.000000e-004	
1131	7.750000e-004	
1132	8.250000e-004	
1133	6.250000e-004	
1134	8.500000e-004	
1135	8.750000e-004	
1136	7.500000e-004	
1137	4.750000e-004	
1138	4.750000e-004	
1139	3.000000e-004	
1140	3.750000e-004	
1141	5.250000e-004	
1142	6.500000e-004	
1143	6.250000e-004	
1144	6.000000e-004	
1145	5.250000e-004	
1146	4.250000e-004	
1147	5.250000e-004	
1148	6.750000e-004	
1149	5.250000e-004	
1150	6.500000e-004	
1151	6.500000e-004	
1152	6.750000e-004	
1153	7.250000e-004	
1154	7.000000e-004	
1155	8.250000e-004	
1156	9.000000e-004	
1157	1.025000e-003	
1158	1.050000e-003	
1159	1.100000e-003	
1160	1.150000e-003	
1161	1.175000e-003	
1162	1.250000e-003	
1163	1.025000e-003	
1164	1.375000e-003	
1165	1.225000e-003	
1166	1.100000e-003	
1167	1.200000e-003	
1168	1.300000e-003	
1169	1.225000e-003	
1170	1.100000e-003	
1171	1.250000e-003	
1172	1.275000e-003	
1173	1.450000e-003	
1174	1.800000e-003	
1175	1.750000e-003	
1176	1.825000e-003	
1177	1.850000e-003	
1178	1.950000e-003	
1179	2.400000e-003	
1180	2.050000e-003	
1181	1.975000e-003	
1182	2.000000e-003	
1183	2.400000e-003	
1184	2.500000e-003	
1185	2.725000e-003	
1186	2.725000e-003	
1187	2.750000e-003	
1188	2.675000e-003	
1189	2.925000e-003	
1190	3.025000e-003	
1191	3.025000e-003	
1192	2.975000e-003	
1193	2.950000e-003	
1194	3.050000e-003	
1195	3.350000e-003	
1196	3.800000e-003	
1197	4.450000e-003	
1198	3.800000e-003	
1199	4.050000e-003	
1200	4.150000e-003	
1201	3.775000e-003	
1202	3.900000e-003	
1203	3.675000e-003	
1204	3.775000e-003	
1205	3.675000e-003	
1206	3.625000e-003	
1207	4.025000e-003	
1208	4.275000e-003	
1209	4.600000e-003	
1210	4.525000e-003	
1211	4.450000e-003	
1212	4.775000e-003	
1213	5.075000e-003	
1214	4.525000e-003	
1215	4.775000e-003	
1216	5.275000e-003	
1217	5.450000e-003	
1218	4.950000e-003	
1219	4.900000e-003	
1220	5.225000e-003	
1221	5.075000e-003	
1222	4.800000e-003	
1223	4.550000e-003	
1224	4.500000e-003	
1225	4.550000e-003	
1226	4.150000e-003	
1227	3.925000e-003	
1228	3.625000e-003	
1229	4.575000e-003	
1230	4.800000e-003	
1231	5.225000e-003	
1232	4.000000e-003	
1233	3.250000e-003	
1234	2.700000e-003	
1235	2.300000e-003	
1236	1.875000e-003	
1237	1.750000e-003	
1238	1.575000e-003	
1239	1.675000e-003	
1240	1.725000e-003	
1241	1.725000e-003	
1242	1.575000e-003	
1243	1.400000e-003	
1244	1.575000e-003	
1245	1.800000e-003	
1246	1.625000e-003	
1247	1.750000e-003	
1248	1.200000e-003	
1249	1.150000e-003	
1250	1.500000e-003	
1251	1.425000e-003	
1252	1.450000e-003	
1253	1.300000e-003	
1254	1.150000e-003	
1255	9.000000e-004	
1256	1.300000e-003	
1257	1.375000e-003	
1258	1.300000e-003	
1259	1.225000e-003	
1260	1.500000e-003	
1261	1.400000e-003	
1262	1.500000e-003	
1263	1.425000e-003	
1264	1.550000e-003	
1265	1.475000e-003	
1266	1.025000e-003	
1267	7.500000e-004	
1268	8.500000e-004	
1269	9.500000e-004	
1270	1.050000e-003	
1271	1.075000e-003	
1272	1.075000e-003	
1273	1.175000e-003	
1274	1.200000e-003	
1275	1.250000e-003	
1276	1.350000e-003	
1277	1.200000e-003	
1278	1.150000e-003	
1279	1.000000e-003	
1280	9.250000e-004	
1281	7.500000e-004	
1282	6.750000e-004	
1283	6.500000e-004	
1284	4.500000e-004	
1285	5.500000e-004	
1286	8.750000e-004	
1287	8.750000e-004	
1288	8.750000e-004	
1289	8.500000e-004	
1290	5.500000e-004	
1291	7.250000e-004	
1292	9.250000e-004	
1293	1.025000e-003	
1294	9.000000e-004	
1295	7.250000e-004	
1296	8.750000e-004	
1297	1.000000e-003	
1298	6.750000e-004	
1299	6.500000e-004	
1300	7.500000e-004	
1301	1.050000e-003	
1302	1.275000e-003	
1303	1.150000e-003	
1304	9.750000e-004	
1305	8.500000e-004	
1306	8.500000e-004	
1307	9.250000e-004	
1308	9.000000e-004	
1309	1.000000e-003	
1310	1.050000e-003	
1311	1.075000e-003	
1312	9.500000e-004	
1313	7.250000e-004	
1314	5.500000e-004	
1315	5.000000e-004	
1316	5.250000e-004	
1317	5.000000e-004	
1318	4.500000e-004	
1319	5.750000e-004	
1320	4.750000e-004	
1321	4.250000e-004	
1322	4.000000e-004	
1323	5.500000e-004	
1324	5.250000e-004	
1325	6.000000e-004	
1326	5.750000e-004	
1327	5.250000e-004	
1328	7.250000e-004	
1329	6.500000e-004	
1330	5.500000e-004	
1331	4.000000e-004	
1332	4.000000e-004	
1333	3.500000e-004	
1334	2.750000e-004	
1335	1.750000e-004	
1336	1.250000e-004	
1337	2.500000e-005	
1338	0	
1339	0	
1340	0	
1341	0	
1342	0	
1343	0	
1344	0	
1345	0	
1346	0	
1347	0	
1348	0	
1349	0	
1350	0	
1351	0	
1352	0	
1353	0	
1354	0	
1355	0	
1356	0	
1357	0	
1358	0	
1359	0	
1360	0	
1361	0	
1362	0	
1363	0	
1364	0	
1365	0	
1366	0	
1367	0	
1368	0	
1369	0	
1370	0	
1371	0	
1372	0	
1373	0	
1374	0	
1375	0	
1376	0	
1377	2.500000e-005	
1378	0	
1379	0	
1380	0	
1381	0	
1382	0	
1383	0	
1384	0	
1385	0	
1386	0	
1387	0	
1388	0	
1389	0	
1390	0	
1391	0	
1392	0	
1393	0	
1394	0	
1395	0	
1396	0	
1397	0	
1398	0	
1399	2.500000e-005	
1400	5.000000e-005	
1401	2.500000e-005	
1402	2.500000e-005	
1403	2.500000e-005	
1404	0	
1405	0	
1406	0	
1407	0	
1408	0	
1409	0	
1410	0	
1411	0	
1412	0	
1413	0	
1414	0	
1415	0	
1416	0	
1417	0	
1418	0	
1419	0	
1420	0	
1421	0	
1422	0	
1423	0	
1424	0	
1425	2.500000e-005	
1426	5.000000e-005	
1427	5.000000e-005	
1428	5.000000e-005	
1429	5.000000e-005	
1430	0	
1431	0	
1432	0	
1433	0	
1434	0	
1435	0	
1436	0	
1437	0	
1438	0	
1439	0	
1440	0	
1441	0	
1442	0	
1443	0	
1444	0	
1445	0	
1446	2.500000e-005	
1447	2.500000e-005	
1448	2.500000e-005	
1449	1.000000e-004	
1450	1.000000e-004	
1451	7.500000e-005	
1452	2.500000e-005	
1453	0	
1454	0	
1455	7.500000e-005	
1456	0	
1457	0	
1458	0	
1459	0	
1460	0	
1461	0	
1462	0	
1463	0	
1464	0	
1465	0	
1466	0	
1467	0	
1468	0	
1469	0	
1470	0	
1471	0	
1472	0	
1473	0	
1474	0	
1475	0	
1476	0	
1477	0	
1478	0	
1479	0	
1480	0	
1481	0	
1482	0	
1483	0	
1484	0	
1485	0	
1486	0	
1487	0	
1488	0	
1489	0	
1490	0	
1491	0	
1492	0	
1493	0	
1494	0	
1495	0	
1496	0	
1497	0	
1498	0	
1499	0	
1500	0	
1501	0	
1502	0	
1503	0	
1504	0	
1505	0	
1506	0	
1507	0	
1508	0	
1509	0	
1510	0	
1511	0	
1512	0	
1513	0	
1514	0	
1515	0	
1516	0	
1517	0	
1518	0	
1519	0	
1520	0	
1521	0	
1522	0	
1523	0	
1524	0	
1525	0	
1526	0	
1527	0	
1528	0	
1529	0	
1530	0	
1531	0	
1532	0	
1533	0	
1534	0	
1535	0	
1536	0	
1537	0	
1538	0	
1539	0	
1540	0	
1541	0	
1542	0	
1543	0	
1544	0	
1545	0	
1546	2.500000e-005	
1547	1.500000e-004	
1548	5.000000e-005	
1549	0	
1550	2.500000e-005	
1551	7.500000e-005	
1552	7.500000e-005	
1553	7.500000e-005	
1554	2.500000e-005	
1555	2.500000e-005	
1556	2.500000e-005	
1557	2.500000e-005	
1558	7.500000e-005	
1559	7.500000e-005	
1560	1.500000e-004	
1561	1.500000e-004	
1562	1.500000e-004	
1563	1.250000e-004	
1564	2.000000e-004	
1565	1.500000e-004	
1566	1.000000e-004	
1567	1.000000e-004	
1568	7.500000e-005	
1569	7.500000e-005	
1570	1.500000e-004	
1571	1.750000e-004	
1572	1.250000e-004	
1573	1.500000e-004	
1574	2.000000e-004	
1575	2.750000e-004	
1576	3.250000e-004	
1577	3.000000e-004	
1578	1.750000e-004	
1579	1.750000e-004	
1580	2.000000e-004	
1581	1.500000e-004	
1582	1.500000e-004	
1583	3.000000e-004	
1584	3.500000e-004	
1585	6.000000e-004	
1586	5.250000e-004	
1587	5.250000e-004	
1588	4.750000e-004	
1589	4.500000e-004	
1590	6.500000e-004	
1591	6.500000e-004	
1592	6.000000e-004	
1593	7.000000e-004	
1594	5.750000e-004	
1595	7.500000e-004	
1596	7.000000e-004	
1597	6.250000e-004	
1598	3.250000e-004	
1599	4.750000e-004	
1600	4.750000e-004	
1601	5.000000e-004	
1602	5.000000e-004	
1603	5.000000e-004	
1604	6.000000e-004	
1605	5.250000e-004	
1606	4.000000e-004	
1607	4.000000e-004	
1608	5.000000e-004	
1609	6.250000e-004	
1610	6.000000e-004	
1611	4.500000e-004	
1612	4.750000e-004	
1613	5.000000e-004	
1614	6.000000e-004	
1615	8.000000e-004	
1616	8.750000e-004	
1617	8.250000e-004	
1618	7.250000e-004	
1619	6.750000e-004	
1620	7.000000e-004	
1621	7.750000e-004	
1622	7.750000e-004	
1623	6.250000e-004	
1624	5.500000e-004	
1625	5.500000e-004	
1626	3.000000e-004	
1627	3.250000e-004	
1628	4.000000e-004	
1629	7.000000e-004	
1630	7.000000e-004	
1631	8.250000e-004	
1632	6.000000e-004	
1633	6.750000e-004	
1634	6.000000e-004	
1635	6.250000e-004	
1636	7.000000e-004	
1637	7.250000e-004	
1638	8.500000e-004	
1639	9.750000e-004	
1640	1.050000e-003	
1641	1.150000e-003	
1642	1.175000e-003	
1643	1.025000e-003	
1644	1.150000e-003	
1645	1.025000e-003	
1646	1.500000e-003	
1647	1.400000e-003	
1648	1.425000e-003	
1649	1.500000e-003	
1650	1.725000e-003	
1651	1.550000e-003	
1652	1.300000e-003	
1653	1.425000e-003	
1654	1.350000e-003	
1655	1.175000e-003	
1656	1.200000e-003	
1657	1.300000e-003	
1658	1.200000e-003	
1659	1.175000e-003	
1660	9.500000e-004	
1661	9.750000e-004	
1662	8.750000e-004	
1663	9.500000e-004	
1664	8.250000e-004	
1665	1.075000e-003	
1666	1.050000e-003	
1667	1.000000e-003	
1668	9.500000e-004	
1669	8.000000e-004	
1670	8.000000e-004	
1671	9.250000e-004	
1672	9.500000e-004	
1673	1.025000e-003	
1674	1.175000e-003	
1675	1.200000e-003	
1676	1.550000e-003	
1677	1.700000e-003	
1678	1.750000e-003	
1679	1.475000e-003	
1680	1.650000e-003	
1681	1.725000e-003	
1682	1.625000e-003	
1683	1.900000e-003	
1684	1.525000e-003	
1685	1.400000e-003	
1686	1.250000e-003	
1687	1.375000e-003	
1688	1.225000e-003	
1689	1.350000e-003	
1690	1.400000e-003	
1691	1.325000e-003	
1692	1.225000e-003	
1693	1.175000e-003	
1694	1.200000e-003	
1695	1.175000e-003	
1696	9.750000e-004	
1697	7.750000e-004	
1698	9.250000e-004	
1699	1.125000e-003	
1700	1.100000e-003	
1701	7.250000e-004	
1702	9.000000e-004	
1703	5.500000e-004	
1704	7.500000e-004	
1705	8.000000e-004	
1706	7.750000e-004	
1707	7.500000e-004	
1708	6.750000e-004	
1709	6.000000e-004	
1710	7.250000e-004	
1711	8.250000e-004	
1712	8.500000e-004	
1713	8.750000e-004	
1714	7.750000e-004	
1715	7.500000e-004	
1716	7.500000e-004	
1717	7.500000e-004	
1718	7.000000e-004	
1719	7.500000e-004	
1720	7.750000e-004	
1721	7.500000e-004	
1722	4.500000e-004	
1723	5.000000e-004	
1724	4.000000e-004	
1725	4.750000e-004	
1726	6.500000e-004	
1727	6.000000e-004	
1728	6.250000e-004	
1729	5.000000e-004	
1730	4.250000e-004	
1731	3.000000e-004	
1732	3.000000e-004	
1733	4.000000e-004	
1734	3.750000e-004	
1735	4.250000e-004	
1736	4.250000e-004	
1737	4.000000e-004	
1738	6.000000e-004	
1739	6.000000e-004	
1740	7.000000e-004	
1741	7.750000e-004	
1742	5.500000e-004	
1743	6.500000e-004	
1744	8.250000e-004	
1745	7.750000e-004	
1746	6.250000e-004	
1747	6.500000e-004	
1748	7.250000e-004	
1749	8.000000e-004	
1750	6.500000e-004	
1751	8.250000e-004	
1752	7.000000e-004	
1753	7.500000e-004	
1754	8.000000e-004	
1755	9.250000e-004	
1756	1.100000e-003	
1757	1.250000e-003	
1758	1.025000e-003	
1759	1.000000e-003	
1760	1.125000e-003	
1761	1.025000e-003	
1762	9.750000e-004	
1763	1.025000e-003	
1764	1.250000e-003	
1765	1.325000e-003	
1766	1.350000e-003	
1767	1.425000e-003	
1768	1.900000e-003	
1769	1.925000e-003	
1770	1.900000e-003	
1771	1.575000e-003	
1772	1.875000e-003	
1773	1.850000e-003	
1774	1.675000e-003	
1775	2.050000e-003	
1776	1.750000e-003	
1777	1.700000e-003	
1778	1.875000e-003	
1779	1.775000e-003	
1780	1.650000e-003	
1781	1.425000e-003	
1782	1.625000e-003	
1783	1.575000e-003	
1784	1.375000e-003	
1785	1.750000e-003	
1786	1.675000e-003	
1787	1.850000e-003	
1788	1.950000e-003	
1789	2.075000e-003	
1790	1.975000e-003	
1791	1.825000e-003	
1792	1.825000e-003	
1793	1.725000e-003	
1794	1.775000e-003	
1795	1.925000e-003	
1796	2.125000e-003	
1797	2.350000e-003	
1798	2.450000e-003	
1799	2.725000e-003	
1800	2.550000e-003	
1801	2.675000e-003	
1802	2.400000e-003	
1803	2.600000e-003	
1804	3.350000e-003	
1805	3.875000e-003	
1806	3.925000e-003	
1807	4.125000e-003	
1808	4.150000e-003	
1809	3.925000e-003	
1810	4.225000e-003	
1811	4.600000e-003	
1812	4.725000e-003	
1813	5.425000e-003	
1814	5.000000e-003	
1815	5.200000e-003	
1816	5.350000e-003	
1817	5.475000e-003	
1818	5.225000e-003	
1819	5.475000e-003	
1820	4.925000e-003	
1821	4.825000e-003	
1822	5.000000e-003	
1823	4.600000e-003	
1824	4.400000e-003	
1825	4.175000e-003	
1826	3.975000e-003	
1827	3.650000e-003	
1828	3.675000e-003	
1829	3.175000e-003	
1830	3.375000e-003	
1831	3.150000e-003	
1832	3.300000e-003	
1833	2.900000e-003	
1834	2.800000e-003	
1835	2.650000e-003	
1836	2.375000e-003	
1837	2.450000e-003	
1838	2.125000e-003	
1839	2.325000e-003	
1840	2.175000e-003	
1841	2.425000e-003	
1842	2.250000e-003	
1843	1.925000e-003	
1844	2.050000e-003	
1845	1.825000e-003	
1846	1.900000e-003	
1847	2.050000e-003	
1848	1.825000e-003	
1849	1.975000e-003	
1850	1.525000e-003	
1851	1.375000e-003	
1852	1.500000e-003	
1853	1.425000e-003	
1854	1.225000e-003	
1855	1.200000e-003	
1856	1.250000e-003	
1857	1.150000e-003	
1858	1.250000e-003	
1859	1.200000e-003	
1860	1.175000e-003	
1861	1.250000e-003	
1862	1.275000e-003	
1863	9.500000e-004	
1864	9.750000e-004	
1865	9.750000e-004	
1866	7.750000e-004	
1867	7.000000e-004	
1868	4.750000e-004	
1869	3.500000e-004	
1870	3.250000e-004	
1871	3.000000e-004	
1872	3.000000e-004	
1873	3.500000e-004	
1874	4.500000e-004	
1875	3.000000e-004	
1876	4.250000e-004	
1877	3.500000e-004	
1878	3.750000e-004	
1879	2.000000e-004	
1880	1.250000e-004	
1881	1.250000e-004	
1882	1.750000e-004	
1883	1.500000e-004	
1884	1.250000e-004	
1885	5.000000e-005	
1886	0	
1887	0	
1888	0	
1889	0	
1890	0	
1891	0	
1892	0	
1893	0	
1894	0	
1895	0	
1896	0	
1897	0	
1898	0	
1899	0	
1900	0	
1901	0	
1902	0	
1903	0	
1904	0	
1905	0	
1906	0	
1907	0	
1908	0	
1909	0	
1910	0	
1911	0	
1912	0	
1913	0	
1914	0	
1915	0	
1916	0	
1917	0	
1918	0	
1919	0	
1920	0	
1921	2.500000e-005	
1922	7.500000e-005	
1923	2.250000e-004	
1924	2.750000e-004	
1925	3.000000e-004	
1926	3.000000e-004	
1927	2.750000e-004	
1928	3.000000e-004	
1929	5.000000e-004	
1930	4.500000e-004	
1931	2.250000e-004	
1932	2.500000e-004	
1933	2.000000e-004	
1934	2.500000e-004	
1935	3.000000e-004	
1936	3.500000e-004	
1937	3.750000e-004	
1938	2.500000e-004	
1939	2.250000e-004	
1940	3.250000e-004	
1941	2.750000e-004	
1942	2.750000e-004	
1943	1.750000e-004	
1944	1.000000e-004	
1945	1.500000e-004	
1946	1.500000e-004	
1947	1.500000e-004	
1948	1.500000e-004	
1949	2.500000e-004	
1950	3.000000e-004	
1951	3.750000e-004	
1952	4.250000e-004	
1953	3.750000e-004	
1954	3.750000e-004	
1955	3.000000e-004	
1956	2.250000e-004	
1957	2.750000e-004	
1958	1.500000e-004	
1959	1.250000e-004	
1960	7.500000e-005	
1961	0	
1962	0	
1963	2.500000e-005	
1964	5.000000e-005	
1965	1.000000e-004	
1966	1.250000e-004	
1967	5.000000e-005	
1968	2.500000e-005	
1969	0	
1970	0	
1971	0	
1972	0	
1973	0	
1974	0	
1975	0	
1976	0	
1977	0	
1978	0	
1979	0	
1980	0	
1981	0	
1982	0	
1983	0	
1984	0	
1985	0	
1986	0	
1987	0	
1988	0	
1989	0	
1990	0	
1991	0	
1992	0	
1993	0	
1994	0	
1995	0	
1996	0	
1997	0	
1998	0	
1999	0	
2000	0	
2001	0	
2002	0	
2003	0	
2004	0	
2005	0	
2006	0	
2007	0	
2008	0	
2009	0	
2010	0	
2011	0	
2012	0	
2013	0	
2014	0	
2015	2.500000e-005	
2016	2.500000e-005	
2017	0	
2018	0	
2019	0	
2020	0	
2021	0	
2022	0	
2023	0	
2024	0	
2025	0	
2026	0	
2027	0	
2028	0	
2029	0	
2030	0	
2031	0	
2032	0	
2033	0	
2034	0	
2035	0	
2036	0	
2037	0	
2038	0	
2039	0	
2040	0	
2041	0	
2042	0	
2043	0	
2044	0	
2045	0	
2046	0	
2047	0	
2048	0	
2049	0	
2050	0	
2051	0	
2052	2.500000e-005	
2053	5.000000e-005	
2054	5.000000e-005	
2055	2.500000e-005	
2056	0	
2057	0	
2058	0	
2059	2.500000e-005	
2060	2.500000e-005	
2061	2.500000e-005	
2062	7.500000e-005	
2063	2.500000e-005	
2064	0	
2065	0	
2066	0	
2067	0	
2068	0	
2069	0	
2070	0	
2071	0	
2072	0	
2073	0	
2074	0	
2075	0	
2076	2.500000e-005	
2077	2.500000e-005	
2078	5.000000e-005	
2079	0	
2080	0	
2081	0	
2082	0	
2083	0	
2084	0	
2085	0	
2086	0	
2087	0	
2088	0	
2089	0	
2090	0	
2091	0	
2092	0	
2093	2.500000e-005	
2094	1.000000e-004	
2095	1.250000e-004	
2096	1.000000e-004	
2097	1.000000e-004	
2098	1.250000e-004	
2099	7.500000e-005	
2100	7.500000e-005	
2101	7.500000e-005	
2102	2.500000e-005	
2103	2.500000e-005	
2104	5.000000e-005	
2105	2.500000e-005	
2106	5.000000e-005	
2107	7.500000e-005	
2108	5.000000e-005	
2109	7.500000e-005	
2110	0	
2111	0	
2112	0	
2113	0	
2114	0	
2115	0	
2116	0	
2117	0	
2118	0	
2119	0	
2120	0	
2121	0	
2122	0	
2123	0	
2124	0	
2125	0	
2126	0	
2127	0	
2128	0	
2129	0	
2130	0	
2131	0	
2132	0	
2133	2.500000e-005	
2134	5.000000e-005	
2135	7.500000e-005	
2136	1.000000e-004	
2137	7.500000e-005	
2138	5.000000e-005	
2139	7.500000e-005	
2140	7.500000e-005	
2141	7.500000e-005	
2142	1.000000e-004	
2143	7.500000e-005	
2144	1.000000e-004	
2145	1.750000e-004	
2146	2.250000e-004	
2147	2.750000e-004	
2148	2.250000e-004	
2149	1.250000e-004	
2150	1.000000e-004	
2151	1.000000e-004	
2152	7.500000e-005	
2153	5.000000e-005	
2154	2.500000e-005	
2155	0	
2156	0	
2157	0	
2158	0	
2159	0	
2160	0	
2161	0	
2162	2.500000e-005	
2163	1.250000e-004	
2164	7.500000e-005	
2165	1.000000e-004	
2166	1.250000e-004	
2167	1.000000e-004	
2168	1.500000e-004	
2169	2.000000e-004	
2170	7.500000e-005	
2171	5.000000e-005	
2172	1.250000e-004	
2173	7.500000e-005	
2174	5.000000e-005	
2175	1.250000e-004	
2176	1.000000e-004	
2177	1.500000e-004	
2178	7.500000e-005	
2179	1.500000e-004	
2180	2.250000e-004	
2181	3.750000e-004	
2182	5.750000e-004	
2183	6.250000e-004	
2184	5.000000e-004	
2185	5.750000e-004	
2186	5.750000e-004	
2187	5.750000e-004	
2188	6.250000e-004	
2189	6.000000e-004	
2190	6.000000e-004	
2191	6.750000e-004	
2192	7.250000e-004	
2193	6.750000e-004	
2194	8.250000e-004	
2195	8.500000e-004	
2196	8.500000e-004	
2197	8.000000e-004	
2198	1.000000e-003	
2199	9.250000e-004	
2200	1.150000e-003	
2201	1.025000e-003	
2202	6.500000e-004	
2203	6.750000e-004	
2204	5.250000e-004	
2205	5.500000e-004	
2206	3.750000e-004	
2207	4.500000e-004	
2208	5.250000e-004	
2209	6.000000e-004	
2210	6.500000e-004	
2211	7.500000e-004	
2212	9.250000e-004	
2213	9.250000e-004	
2214	9.500000e-004	
2215	1.100000e-003	
2216	1.300000e-003	
2217	1.375000e-003	
2218	1.100000e-003	
2219	1.225000e-003	
2220	1.100000e-003	
2221	1.250000e-003	
2222	1.350000e-003	
2223	1.475000e-003	
2224	1.600000e-003	
2225	1.650000e-003	
2226	1.575000e-003	
2227	1.550000e-003	
2228	1.425000e-003	
2229	1.375000e-003	
2230	1.500000e-003	
2231	1.275000e-003	
2232	1.050000e-003	
2233	1.250000e-003	
2234	1.325000e-003	
2235	1.375000e-003	
2236	1.450000e-003	
2237	1.400000e-003	
2238	1.500000e-003	
2239	1.625000e-003	
2240	1.900000e-003	
2241	2.100000e-003	
2242	2.200000e-003	
2243	2.125000e-003	
2244	2.325000e-003	
2245	1.925000e-003	
2246	1.800000e-003	
2247	2.200000e-003	
2248	2.400000e-003	
2249	2.275000e-003	
2250	2.250000e-003	
2251	2.050000e-003	
2252	2.125000e-003	
2253	2.250000e-003	
2254	2.300000e-003	
2255	1.925000e-003	
2256	2.150000e-003	
2257	2.300000e-003	
2258	2.050000e-003	
2259	2.150000e-003	
2260	2.175000e-003	
2261	1.975000e-003	
2262	2.075000e-003	
2263	2.300000e-003	
2264	2.400000e-003	
2265	2.750000e-003	
2266	2.600000e-003	
2267	2.425000e-003	
2268	2.900000e-003	
2269	2.650000e-003	
2270	2.500000e-003	
2271	2.525000e-003	
2272	2.600000e-003	
2273	2.175000e-003	
2274	2.075000e-003	
2275	1.675000e-003	
2276	1.675000e-003	
2277	1.825000e-003	
2278	1.650000e-003	
2279	1.700000e-003	
2280	1.850000e-003	
2281	1.875000e-003	
2282	1.650000e-003	
2283	1.650000e-003	
2284	1.975000e-003	
2285	1.850000e-003	
2286	1.850000e-003	
2287	2.100000e-003	
2288	1.775000e-003	
2289	1.950000e-003	
2290	1.575000e-003	
2291	1.825000e-003	
2292	1.700000e-003	
2293	1.650000e-003	
2294	1.600000e-003	
2295	1.600000e-003	
2296	1.900000e-003	
2297	1.700000e-003	
2298	1.575000e-003	
2299	1.675000e-003	
2300	1.350000e-003	
2301	1.275000e-003	
2302	9.250000e-004	
2303	8.500000e-004	
2304	1.000000e-003	
2305	1.175000e-003	
2306	1.175000e-003	
2307	1.025000e-003	
2308	1.200000e-003	
2309	1.225000e-003	
2310	1.125000e-003	
2311	1.000000e-003	
2312	1.025000e-003	
2313	8.750000e-004	
2314	9.000000e-004	
2315	1.050000e-003	
2316	9.500000e-004	
2317	7.250000e-004	
2318	7.250000e-004	
2319	8.000000e-004	
2320	6.750000e-004	
2321	4.250000e-004	
2322	4.250000e-004	
2323	3.000000e-004	
2324	2.000000e-004	
2325	2.500000e-004	
2326	2.250000e-004	
2327	1.750000e-004	
2328	2.250000e-004	
2329	2.500000e-004	
2330	2.250000e-004	
2331	2.500000e-004	
2332	3.500000e-004	
2333	4.500000e-004	
2334	4.250000e-004	
2335	4.250000e-004	
2336	4.000000e-004	
2337	5.750000e-004	
2338	7.500000e-004	
2339	6.000000e-004	
2340	4.500000e-004	
2341	5.500000e-004	
2342	6.500000e-004	
2343	6.500000e-004	
2344	8.250000e-004	
2345	8.500000e-004	
2346	9.000000e-004	
2347	1.050000e-003	
2348	1.000000e-003	
2349	1.075000e-003	
2350	9.250000e-004	
2351	1.275000e-003	
2352	1.225000e-003	
2353	1.125000e-003	
2354	1.125000e-003	
2355	1.300000e-003	
2356	1.200000e-003	
2357	1.325000e-003	
2358	9.250000e-004	
2359	7.000000e-004	
2360	8.000000e-004	
2361	9.250000e-004	
2362	8.000000e-004	
2363	8.750000e-004	
2364	6.750000e-004	
2365	8.000000e-004	
2366	8.250000e-004	
2367	9.250000e-004	
2368	9.750000e-004	
2369	1.125000e-003	
2370	7.750000e-004	
2371	7.750000e-004	
2372	1.050000e-003	
2373	1.225000e-003	
2374	1.275000e-003	
2375	1.175000e-003	
2376	1.075000e-003	
2377	9.250000e-004	
2378	1.075000e-003	
2379	1.400000e-003	
2380	1.525000e-003	
2381	1.550000e-003	
2382	1.675000e-003	
2383	1.475000e-003	
2384	1.400000e-003	
2385	1.225000e-003	
2386	1.325000e-003	
2387	1.375000e-003	
2388	1.350000e-003	
2389	1.525000e-003	
2390	1.550000e-003	
2391	1.475000e-003	
2392	1.550000e-003	
2393	1.975000e-003	
2394	2.250000e-003	
2395	1.950000e-003	
2396	1.700000e-003	
2397	1.325000e-003	
2398	1.525000e-003	
2399	1.350000e-003	
2400	1.525000e-003	
2401	1.700000e-003	
2402	1.675000e-003	
2403	1.375000e-003	
2404	1.500000e-003	
2405	1.150000e-003	
2406	1.275000e-003	
2407	1.200000e-003	
2408	1.125000e-003	
2409	1.125000e-003	
2410	1.250000e-003	
2411	1.225000e-003	
2412	1.375000e-003	
2413	1.150000e-003	
2414	1.075000e-003	
2415	1.175000e-003	
2416	1.400000e-003	
2417	1.075000e-003	
2418	1.100000e-003	
2419	1.125000e-003	
2420	1.050000e-003	
2421	1.175000e-003	
2422	1.275000e-003	
2423	9.500000e-004	
2424	7.000000e-004	
2425	7.750000e-004	
2426	7.750000e-004	
2427	9.000000e-004	
2428	1.125000e-003	
2429	1.275000e-003	
2430	1.025000e-003	
2431	1.100000e-003	
2432	1.025000e-003	
2433	9.000000e-004	
2434	1.200000e-003	
2435	1.075000e-003	
2436	1.150000e-003	
2437	1.175000e-003	
2438	1.200000e-003	
2439	1.300000e-003	
2440	1.150000e-003	
2441	1.125000e-003	
2442	7.250000e-004	
2443	7.250000e-004	
2444	7.750000e-004	
2445	8.750000e-004	
2446	1.075000e-003	
2447	9.250000e-004	
2448	8.000000e-004	
2449	1.000000e-003	
2450	9.500000e-004	
2451	9.250000e-004	
2452	7.750000e-004	
2453	7.500000e-004	
2454	7.250000e-004	
2455	7.500000e-004	
2456	5.750000e-004	
2457	5.000000e-004	
2458	3.750000e-004	
2459	3.000000e-004	
2460	3.000000e-004	
2461	1.250000e-004	
2462	1.000000e-004	
2463	2.000000e-004	
2464	2.500000e-004	
2465	1.750000e-004	
2466	2.000000e-004	
2467	2.250000e-004	
2468	1.500000e-004	
2469	7.500000e-005	
2470	0	
2471	0	
2472	0	
2473	0	
2474	0	
2475	0	
2476	0	
2477	0	
2478	0	
2479	0	
2480	0	
2481	0	
2482	0	
2483	0	
2484	0	
2485	0	
2486	0	
2487	0	
2488	0	
2489	0	
2490	0	
2491	0	
2492	0	
2493	0	
2494	0	
2495	0	
2496	0	
2497	0	
2498	0	
2499	0	
2500	0	
2501	0	
2502	0	
2503	0	
2504	0	
2505	0	
2506	2.500000e-005	
2507	2.500000e-005	
2508	2.500000e-005	
2509	2.500000e-005	
2510	0	
2511	0	
2512	0	
2513	0	
2514	0	
2515	0	
2516	0	
2517	0	
2518	0	
2519	0	
2520	0	
2521	2.500000e-005	
2522	5.000000e-005	
2523	0	
2524	0	
2525	0	
2526	0	
2527	0	
2528	0	
2529	0	
2530	0	
2531	0	
2532	0	
2533	0	
2534	0	
2535	0	
2536	0	
2537	0	
2538	0	
2539	2.500000e-005	
2540	5.000000e-005	
2541	2.500000e-005	
2542	2.500000e-005	
2543	5.000000e-005	
2544	7.500000e-005	
2545	1.500000e-004	
2546	1.750000e-004	
2547	3.250000e-004	
2548	2.000000e-004	
2549	1.000000e-004	
2550	1.500000e-004	
2551	2.250000e-004	
2552	1.000000e-004	
2553	7.500000e-005	
2554	7.500000e-005	
2555	1.000000e-004	
2556	7.500000e-005	
2557	0	
2558	0	
2559	0	
2560	0	
2561	0	
2562	0	
2563	0	
2564	0	
2565	0	
2566	0	
2567	0	
2568	0	
2569	0	
2570	0	
2571	0	
2572	0	
2573	0	
2574	0	
2575	0	
2576	0	
2577	0	
2578	0	
2579	0	
2580	0	
2581	0	
2582	0	
2583	0	
2584	0	
2585	0	
2586	0	
2587	0	
2588	0	
2589	0	
2590	0	
2591	0	
2592	2.500000e-005	
2593	7.500000e-005	
2594	7.500000e-005	
2595	7.500000e-005	
2596	1.000000e-004	
2597	1.250000e-004	
2598	1.000000e-004	
2599	1.250000e-004	
2600	1.000000e-004	
2601	2.750000e-004	
2602	1.250000e-004	
2603	1.250000e-004	
2604	1.750000e-004	
2605	1.000000e-004	
2606	7.500000e-005	
2607	7.500000e-005	
2608	1.000000e-004	
2609	1.250000e-004	
2610	1.500000e-004	
2611	1.750000e-004	
2612	1.250000e-004	
2613	1.000000e-004	
2614	5.000000e-005	
2615	2.500000e-005	
2616	5.000000e-005	
2617	2.500000e-005	
2618	0	
2619	0	
2620	0	
2621	0	
2622	0	
2623	0	
2624	0	
2625	0	
2626	0	
2627	0	
2628	0	
2629	0	
2630	0	
2631	0	
2632	0	
2633	0	
2634	0	
2635	0	
2636	0	
2637	0	
2638	0	
2639	0	
2640	5.000000e-005	
2641	2.000000e-004	
2642	2.500000e-004	
2643	3.250000e-004	
2644	3.750000e-004	
2645	4.250000e-004	
2646	3.000000e-004	
2647	2.750000e-004	
2648	1.750000e-004	
2649	2.750000e-004	
2650	2.500000e-004	
2651	2.500000e-004	
2652	3.750000e-004	
2653	2.750000e-004	
2654	3.250000e-004	
2655	4.250000e-004	
2656	4.000000e-004	
2657	5.250000e-004	
2658	6.000000e-004	
2659	6.000000e-004	
2660	6.750000e-004	
2661	5.750000e-004	
2662	7.000000e-004	
2663	6.500000e-004	
2664	7.000000e-004	
2665	4.750000e-004	
2666	3.750000e-004	
2667	4.500000e-004	
2668	5.000000e-004	
2669	5.500000e-004	
2670	7.500000e-004	
2671	8.000000e-004	
2672	6.750000e-004	
2673	8.750000e-004	
2674	1.275000e-003	
2675	1.400000e-003	
2676	1.450000e-003	
2677	1.450000e-003	
2678	1.400000e-003	
2679	1.500000e-003	
2680	1.625000e-003	
2681	1.650000e-003	
2682	1.475000e-003	
2683	1.575000e-003	
2684	1.700000e-003	
2685	1.700000e-003	
2686	2.050000e-003	
2687	2.125000e-003	
2688	2.000000e-003	
2689	1.750000e-003	
2690	2.200000e-003	
2691	2.150000e-003	
2692	2.050000e-003	
2693	2.125000e-003	
2694	2.150000e-003	
2695	2.500000e-003	
2696	2.525000e-003	
2697	2.500000e-003	
2698	2.800000e-003	
2699	2.450000e-003	
2700	2.475000e-003	
2701	2.225000e-003	
2702	2.700000e-003	
2703	3.000000e-003	
2704	2.950000e-003	
2705	3.150000e-003	
2706	2.925000e-003	
2707	2.900000e-003	
2708	2.800000e-003	
2709	2.700000e-003	
2710	2.925000e-003	
2711	2.575000e-003	
2712	2.925000e-003	
2713	2.650000e-003	
2714	2.475000e-003	
2715	2.350000e-003	
2716	2.300000e-003	
2717	2.900000e-003	
2718	3.400000e-003	
2719	2.625000e-003	
2720	2.650000e-003	
2721	2.325000e-003	
2722	2.250000e-003	
2723	2.400000e-003	
2724	2.050000e-003	
2725	1.725000e-003	
2726	1.875000e-003	
2727	1.750000e-003	
2728	1.325000e-003	
2729	1.000000e-003	
2730	1.225000e-003	
2731	1.425000e-003	
2732	1.375000e-003	
2733	1.475000e-003	
2734	1.400000e-003	
2735	1.350000e-003	
2736	1.200000e-003	
2737	1.000000e-003	
2738	9.000000e-004	
2739	8.500000e-004	
2740	9.000000e-004	
2741	1.000000e-003	
2742	1.125000e-003	
2743	7.500000e-004	
2744	7.250000e-004	
2745	5.000000e-004	
2746	4.500000e-004	
2747	4.500000e-004	
2748	4.750000e-004	
2749	4.250000e-004	
2750	3.750000e-004	
2751	4.250000e-004	
2752	4.250000e-004	
2753	4.250000e-004	
2754	5.250000e-004	
2755	4.750000e-004	
2756	4.750000e-004	
2757	3.750000e-004	
2758	3.250000e-004	
2759	4.250000e-004	
2760	4.250000e-004	
2761	4.500000e-004	
2762	3.250000e-004	
2763	4.500000e-004	
2764	5.500000e-004	
2765	5.750000e-004	
2766	8.750000e-004	
2767	6.750000e-004	
2768	6.000000e-004	
2769	4.500000e-004	
2770	5.250000e-004	
2771	6.000000e-004	
2772	5.750000e-004	
2773	6.500000e-004	
2774	4.500000e-004	
2775	6.750000e-004	
2776	6.750000e-004	
2777	8.250000e-004	
2778	7.500000e-004	
2779	5.750000e-004	
2780	5.250000e-004	
2781	7.000000e-004	
2782	7.750000e-004	
2783	8.500000e-004	
2784	1.000000e-003	
2785	1.100000e-003	
2786	1.275000e-003	
2787	1.050000e-003	
2788	9.000000e-004	
2789	7.250000e-004	
2790	8.000000e-004	
2791	8.000000e-004	
2792	8.500000e-004	
2793	9.250000e-004	
2794	8.750000e-004	
2795	7.250000e-004	
2796	9.750000e-004	
2797	9.000000e-004	
2798	9.500000e-004	
2799	1.025000e-003	
2800	8.000000e-004	
2801	9.000000e-004	
2802	1.125000e-003	
2803	8.750000e-004	
2804	7.750000e-004	
2805	8.250000e-004	
2806	7.250000e-004	
2807	5.500000e-004	
2808	7.500000e-004	
2809	6.750000e-004	
2810	7.250000e-004	
2811	6.000000e-004	
2812	6.250000e-004	
2813	5.250000e-004	
2814	6.500000e-004	
2815	5.250000e-004	
2816	5.750000e-004	
2817	7.250000e-004	
2818	6.000000e-004	
2819	6.750000e-004	
2820	6.750000e-004	
2821	5.500000e-004	
2822	5.000000e-004	
2823	4.500000e-004	
2824	3.500000e-004	
2825	3.750000e-004	
2826	4.500000e-004	
2827	6.750000e-004	
2828	5.000000e-004	
2829	5.000000e-004	
2830	5.000000e-004	
2831	7.250000e-004	
2832	8.500000e-004	
2833	7.000000e-004	
2834	6.000000e-004	
2835	5.500000e-004	
2836	5.000000e-004	
2837	5.250000e-004	
2838	4.250000e-004	
2839	4.000000e-004	
2840	5.500000e-004	
2841	5.500000e-004	
2842	6.250000e-004	
2843	6.500000e-004	
2844	4.750000e-004	
2845	5.000000e-004	
2846	8.500000e-004	
2847	8.750000e-004	
2848	9.500000e-004	
2849	9.000000e-004	
2850	9.500000e-004	
2851	9.250000e-004	
2852	1.200000e-003	
2853	1.300000e-003	
2854	8.750000e-004	
2855	9.500000e-004	
2856	1.000000e-003	
2857	1.300000e-003	
2858	1.525000e-003	
2859	1.825000e-003	
2860	1.875000e-003	
2861	1.850000e-003	
2862	1.925000e-003	
2863	1.850000e-003	
2864	1.650000e-003	
2865	2.025000e-003	
2866	1.850000e-003	
2867	1.625000e-003	
2868	1.575000e-003	
2869	1.425000e-003	
2870	1.075000e-003	
2871	1.375000e-003	
2872	1.300000e-003	
2873	1.250000e-003	
2874	1.350000e-003	
2875	1.250000e-003	
2876	1.250000e-003	
2877	1.125000e-003	
2878	1.075000e-003	
2879	6.750000e-004	
2880	8.750000e-004	
2881	1.125000e-003	
2882	1.300000e-003	
2883	1.250000e-003	
2884	1.100000e-003	
2885	1.000000e-003	
2886	8.250000e-004	
2887	7.250000e-004	
2888	6.750000e-004	
2889	9.750000e-004	
2890	1.000000e-003	
2891	1.325000e-003	
2892	1.275000e-003	
2893	1.025000e-003	
2894	9.500000e-004	
2895	8.000000e-004	
2896	8.000000e-004	
2897	5.500000e-004	
2898	7.250000e-004	
2899	6.250000e-004	
2900	8.000000e-004	
2901	7.000000e-004	
2902	8.000000e-004	
2903	6.250000e-004	
2904	5.000000e-004	
2905	7.250000e-004	
2906	6.000000e-004	
2907	5.000000e-004	
2908	3.250000e-004	
2909	3.750000e-004	
2910	4.500000e-004	
2911	4.000000e-004	
2912	4.250000e-004	
2913	5.250000e-004	
2914	5.500000e-004	
2915	3.000000e-004	
2916	3.000000e-004	
2917	4.250000e-004	
2918	4.000000e-004	
2919	4.250000e-004	
2920	3.250000e-004	
2921	3.000000e-004	
2922	3.000000e-004	
2923	4.000000e-004	
2924	3.000000e-004	
2925	3.750000e-004	
2926	4.500000e-004	
2927	4.750000e-004	
2928	5.250000e-004	
2929	5.750000e-004	
2930	5.000000e-004	
2931	4.500000e-004	
2932	4.750000e-004	
2933	4.000000e-004	
2934	4.500000e-004	
2935	4.500000e-004	
2936	5.750000e-004	
2937	4.000000e-004	
2938	5.250000e-004	
2939	8.250000e-004	
2940	8.500000e-004	
2941	8.250000e-004	
2942	9.000000e-004	
2943	6.500000e-004	
2944	7.000000e-004	
2945	7.000000e-004	
2946	6.000000e-004	
2947	6.500000e-004	
2948	6.000000e-004	
2949	7.000000e-004	
2950	8.000000e-004	
2951	7.500000e-004	
2952	6.750000e-004	
2953	5.000000e-004	
2954	5.250000e-004	
2955	8.000000e-004	
2956	1.000000e-003	
2957	9.250000e-004	
2958	6.000000e-004	
2959	6.500000e-004	
2960	7.750000e-004	
2961	6.500000e-004	
2962	6.250000e-004	
2963	7.250000e-004	
2964	6.750000e-004	
2965	8.000000e-004	
2966	1.000000e-003	
2967	7.250000e-004	
2968	8.250000e-004	
2969	9.250000e-004	
2970	9.000000e-004	
2971	8.250000e-004	
2972	6.250000e-004	
2973	7.500000e-004	
2974	8.000000e-004	
2975	9.000000e-004	
2976	1.200000e-003	
2977	1.200000e-003	
2978	1.325000e-003	
2979	1.350000e-003	
2980	1.150000e-003	
2981	8.500000e-004	
2982	8.250000e-004	
2983	1.025000e-003	
2984	1.275000e-003	
2985	1.200000e-003	
2986	1.075000e-003	
2987	9.500000e-004	
2988	9.000000e-004	
2989	7.250000e-004	
2990	5.000000e-004	
2991	5.250000e-004	
2992	4.250000e-004	
2993	4.500000e-004	
2994	3.500000e-004	
2995	5.000000e-004	
2996	3.750000e-004	
2997	2.250000e-004	
2998	2.500000e-004	
2999	2.750000e-004	
3000	2.750000e-004	
3001	3.500000e-004	
