1	0	
2	0	
3	0	
4	0	
5	2.500000e-005	
6	1.250000e-004	
7	1.000000e-004	
8	1.500000e-004	
9	2.750000e-004	
10	4.000000e-004	
11	6.250000e-004	
12	7.000000e-004	
13	7.750000e-004	
14	1.000000e-003	
15	7.750000e-004	
16	1.025000e-003	
17	1.125000e-003	
18	1.250000e-003	
19	1.125000e-003	
20	1.250000e-003	
21	1.075000e-003	
22	9.000000e-004	
23	9.000000e-004	
24	1.125000e-003	
25	1.375000e-003	
26	1.850000e-003	
27	2.400000e-003	
28	2.350000e-003	
29	2.150000e-003	
30	2.400000e-003	
31	2.525000e-003	
32	2.800000e-003	
33	3.675000e-003	
34	3.775000e-003	
35	3.400000e-003	
36	3.525000e-003	
37	4.050000e-003	
38	4.125000e-003	
39	4.075000e-003	
40	3.300000e-003	
41	3.775000e-003	
42	4.475000e-003	
43	4.900000e-003	
44	5.000000e-003	
45	4.500000e-003	
46	4.250000e-003	
47	4.775000e-003	
48	4.550000e-003	
49	5.075000e-003	
50	4.425000e-003	
51	4.175000e-003	
52	4.325000e-003	
53	4.200000e-003	
54	5.000000e-003	
55	4.725000e-003	
56	5.200000e-003	
57	5.450000e-003	
58	5.050000e-003	
59	5.600000e-003	
60	5.425000e-003	
61	5.125000e-003	
62	5.125000e-003	
63	5.650000e-003	
64	6.175000e-003	
65	5.700000e-003	
66	6.250000e-003	
67	6.025000e-003	
68	5.850000e-003	
69	5.700000e-003	
70	5.700000e-003	
71	5.950000e-003	
72	6.025000e-003	
73	6.450000e-003	
74	7.500000e-003	
75	7.425000e-003	
76	6.975000e-003	
77	7.475000e-003	
78	7.175000e-003	
79	7.675000e-003	
80	7.750000e-003	
81	7.600000e-003	
82	7.300000e-003	
83	7.550000e-003	
84	7.475000e-003	
85	8.325000e-003	
86	8.200000e-003	
87	8.125000e-003	
88	8.000000e-003	
89	8.275000e-003	
90	7.600000e-003	
91	6.725000e-003	
92	6.600000e-003	
93	6.675000e-003	
94	5.575000e-003	
95	5.625000e-003	
96	5.375000e-003	
97	5.000000e-003	
98	5.050000e-003	
99	5.625000e-003	
100	5.675000e-003	
101	5.625000e-003	
102	6.325000e-003	
103	6.150000e-003	
104	5.725000e-003	
105	5.575000e-003	
106	5.275000e-003	
107	5.325000e-003	
108	5.475000e-003	
109	5.150000e-003	
110	4.900000e-003	
111	4.925000e-003	
112	4.700000e-003	
113	4.200000e-003	
114	3.650000e-003	
115	3.600000e-003	
116	3.125000e-003	
117	3.475000e-003	
118	2.525000e-003	
119	2.300000e-003	
120	2.225000e-003	
121	1.850000e-003	
122	1.600000e-003	
123	1.075000e-003	
124	1.075000e-003	
125	8.250000e-004	
126	6.250000e-004	
127	3.500000e-004	
128	1.750000e-004	
129	1.750000e-004	
130	7.500000e-005	
131	0	
132	0	
133	0	
134	0	
135	0	
136	0	
137	0	
138	0	
139	0	
140	0	
141	0	
142	0	
143	0	
144	0	
145	0	
146	0	
147	0	
148	0	
149	0	
150	0	
151	0	
152	0	
153	0	
154	0	
155	0	
156	0	
157	0	
158	0	
159	0	
160	0	
161	0	
162	0	
163	0	
164	0	
165	0	
166	0	
167	0	
168	0	
169	0	
170	0	
171	0	
172	0	
173	0	
174	0	
175	0	
176	0	
177	0	
178	0	
179	0	
180	0	
181	0	
182	0	
183	0	
184	0	
185	0	
186	0	
187	0	
188	0	
189	0	
190	0	
191	0	
192	0	
193	0	
194	0	
195	0	
196	0	
197	0	
198	0	
199	0	
200	0	
201	0	
202	0	
203	0	
204	0	
205	0	
206	0	
207	0	
208	0	
209	0	
210	0	
211	0	
212	0	
213	0	
214	0	
215	0	
216	0	
217	0	
218	0	
219	0	
220	0	
221	0	
222	0	
223	0	
224	0	
225	0	
226	0	
227	0	
228	0	
229	0	
230	0	
231	0	
232	0	
233	0	
234	0	
235	0	
236	0	
237	0	
238	0	
239	0	
240	0	
241	0	
242	0	
243	0	
244	0	
245	0	
246	0	
247	5.000000e-005	
248	1.000000e-004	
249	7.500000e-005	
250	5.000000e-005	
251	0	
252	0	
253	0	
254	0	
255	0	
256	0	
257	2.500000e-005	
258	5.000000e-005	
259	2.500000e-005	
260	2.500000e-005	
261	2.500000e-005	
262	2.500000e-005	
263	0	
264	0	
265	0	
266	0	
267	0	
268	0	
269	0	
270	0	
271	0	
272	0	
273	0	
274	0	
275	0	
276	0	
277	0	
278	0	
279	0	
280	0	
281	0	
282	0	
283	0	
284	0	
285	0	
286	0	
287	0	
288	0	
289	0	
290	0	
291	0	
292	0	
293	0	
294	0	
295	0	
296	0	
297	0	
298	2.500000e-005	
299	1.000000e-004	
300	2.500000e-005	
301	2.500000e-005	
302	2.500000e-005	
303	7.500000e-005	
304	2.500000e-005	
305	2.500000e-005	
306	0	
307	0	
308	0	
309	0	
310	0	
311	0	
312	0	
313	0	
314	0	
315	0	
316	0	
317	0	
318	0	
319	0	
320	0	
321	0	
322	0	
323	0	
324	0	
325	0	
326	0	
327	0	
328	0	
329	0	
330	0	
331	0	
332	2.500000e-005	
333	5.000000e-005	
334	2.500000e-005	
335	0	
336	0	
337	0	
338	0	
339	0	
340	0	
341	0	
342	0	
343	0	
344	0	
345	0	
346	0	
347	0	
348	0	
349	0	
350	0	
351	0	
352	0	
353	0	
354	0	
355	0	
356	0	
357	0	
358	0	
359	0	
360	0	
361	0	
362	0	
363	0	
364	0	
365	0	
366	0	
367	0	
368	0	
369	0	
370	0	
371	0	
372	0	
373	0	
374	0	
375	0	
376	0	
377	0	
378	0	
379	0	
380	0	
381	0	
382	0	
383	0	
384	0	
385	0	
386	0	
387	0	
388	0	
389	0	
390	0	
391	0	
392	0	
393	0	
394	0	
395	0	
396	0	
397	0	
398	0	
399	0	
400	0	
401	0	
402	0	
403	0	
404	0	
405	0	
406	0	
407	0	
408	0	
409	0	
410	0	
411	0	
412	0	
413	0	
414	0	
415	0	
416	0	
417	0	
418	2.500000e-005	
419	5.000000e-005	
420	0	
421	0	
422	0	
423	0	
424	0	
425	0	
426	0	
427	0	
428	0	
429	2.500000e-005	
430	1.000000e-004	
431	7.500000e-005	
432	1.250000e-004	
433	2.250000e-004	
434	3.000000e-004	
435	3.000000e-004	
436	3.750000e-004	
437	3.250000e-004	
438	3.750000e-004	
439	3.750000e-004	
440	3.250000e-004	
441	3.250000e-004	
442	3.500000e-004	
443	2.000000e-004	
444	2.000000e-004	
445	1.750000e-004	
446	2.250000e-004	
447	2.500000e-004	
448	2.500000e-004	
449	2.000000e-004	
450	1.750000e-004	
451	1.250000e-004	
452	1.500000e-004	
453	2.500000e-005	
454	2.500000e-005	
455	2.500000e-005	
456	2.500000e-005	
457	1.000000e-004	
458	2.500000e-005	
459	5.000000e-005	
460	5.000000e-005	
461	5.000000e-005	
462	5.000000e-005	
463	0	
464	0	
465	0	
466	0	
467	2.500000e-005	
468	7.500000e-005	
469	2.500000e-005	
470	5.000000e-005	
471	1.000000e-004	
472	1.750000e-004	
473	4.000000e-004	
474	2.250000e-004	
475	2.500000e-004	
476	3.750000e-004	
477	2.750000e-004	
478	2.750000e-004	
479	1.750000e-004	
480	2.500000e-004	
481	2.000000e-004	
482	2.750000e-004	
483	3.500000e-004	
484	2.250000e-004	
485	1.250000e-004	
486	2.000000e-004	
487	2.750000e-004	
488	2.000000e-004	
489	7.500000e-005	
490	1.000000e-004	
491	1.250000e-004	
492	1.250000e-004	
493	1.750000e-004	
494	2.000000e-004	
495	2.250000e-004	
496	2.250000e-004	
497	2.000000e-004	
498	2.000000e-004	
499	2.250000e-004	
500	2.500000e-004	
501	3.750000e-004	
502	3.000000e-004	
503	2.500000e-004	
504	2.250000e-004	
505	2.750000e-004	
506	2.500000e-004	
507	2.500000e-004	
508	3.500000e-004	
509	4.000000e-004	
510	3.500000e-004	
511	4.000000e-004	
512	3.500000e-004	
513	4.500000e-004	
514	4.250000e-004	
515	3.500000e-004	
516	3.000000e-004	
517	3.000000e-004	
518	3.000000e-004	
519	3.250000e-004	
520	3.750000e-004	
521	4.500000e-004	
522	4.500000e-004	
523	5.750000e-004	
524	4.750000e-004	
525	5.000000e-004	
526	5.750000e-004	
527	9.250000e-004	
528	7.250000e-004	
529	6.000000e-004	
530	7.750000e-004	
531	7.250000e-004	
532	6.750000e-004	
533	4.250000e-004	
534	3.500000e-004	
535	5.000000e-004	
536	5.000000e-004	
537	6.000000e-004	
538	5.750000e-004	
539	7.000000e-004	
540	8.000000e-004	
541	7.500000e-004	
542	1.150000e-003	
543	8.500000e-004	
544	9.750000e-004	
545	9.250000e-004	
546	7.750000e-004	
547	8.500000e-004	
548	6.250000e-004	
549	6.750000e-004	
550	6.750000e-004	
551	5.250000e-004	
552	5.250000e-004	
553	6.250000e-004	
554	9.250000e-004	
555	8.250000e-004	
556	8.750000e-004	
557	9.000000e-004	
558	8.750000e-004	
559	8.250000e-004	
560	8.500000e-004	
561	8.500000e-004	
562	1.025000e-003	
563	8.500000e-004	
564	8.000000e-004	
565	6.750000e-004	
566	8.000000e-004	
567	8.000000e-004	
568	8.750000e-004	
569	8.000000e-004	
570	9.000000e-004	
571	7.000000e-004	
572	5.250000e-004	
573	6.250000e-004	
574	6.750000e-004	
575	7.000000e-004	
576	5.750000e-004	
577	6.250000e-004	
578	6.500000e-004	
579	6.500000e-004	
580	6.500000e-004	
581	7.250000e-004	
582	6.750000e-004	
583	5.500000e-004	
584	5.750000e-004	
585	6.500000e-004	
586	5.500000e-004	
587	5.000000e-004	
588	5.250000e-004	
589	6.750000e-004	
590	7.000000e-004	
591	8.250000e-004	
592	7.500000e-004	
593	9.250000e-004	
594	8.500000e-004	
595	9.000000e-004	
596	8.750000e-004	
597	8.750000e-004	
598	1.050000e-003	
599	9.000000e-004	
600	1.025000e-003	
601	1.025000e-003	
602	1.075000e-003	
603	1.025000e-003	
604	7.000000e-004	
605	6.500000e-004	
606	6.750000e-004	
607	7.750000e-004	
608	7.500000e-004	
609	6.750000e-004	
610	8.000000e-004	
611	9.000000e-004	
612	7.750000e-004	
613	6.750000e-004	
614	7.000000e-004	
615	6.250000e-004	
616	6.750000e-004	
617	6.500000e-004	
618	6.500000e-004	
619	8.250000e-004	
620	8.500000e-004	
621	9.750000e-004	
622	9.000000e-004	
623	1.025000e-003	
624	1.250000e-003	
625	1.550000e-003	
626	1.500000e-003	
627	1.700000e-003	
628	1.425000e-003	
629	1.350000e-003	
630	1.425000e-003	
631	1.400000e-003	
632	1.025000e-003	
633	8.750000e-004	
634	9.000000e-004	
635	1.300000e-003	
636	1.350000e-003	
637	9.250000e-004	
638	9.250000e-004	
639	7.500000e-004	
640	7.000000e-004	
641	7.000000e-004	
642	7.250000e-004	
643	7.000000e-004	
644	1.025000e-003	
645	1.100000e-003	
646	1.400000e-003	
647	1.250000e-003	
648	1.350000e-003	
649	1.225000e-003	
650	1.300000e-003	
651	1.325000e-003	
652	1.275000e-003	
653	1.375000e-003	
654	1.625000e-003	
655	1.625000e-003	
656	1.775000e-003	
657	1.950000e-003	
658	1.750000e-003	
659	1.950000e-003	
660	1.925000e-003	
661	2.075000e-003	
662	1.975000e-003	
663	2.175000e-003	
664	2.050000e-003	
665	2.100000e-003	
666	2.150000e-003	
667	2.375000e-003	
668	2.375000e-003	
669	2.750000e-003	
670	2.925000e-003	
671	3.275000e-003	
672	3.500000e-003	
673	3.500000e-003	
674	3.650000e-003	
675	3.550000e-003	
676	3.125000e-003	
677	2.850000e-003	
678	2.925000e-003	
679	3.000000e-003	
680	3.175000e-003	
681	3.550000e-003	
682	3.200000e-003	
683	3.225000e-003	
684	3.200000e-003	
685	3.475000e-003	
686	3.275000e-003	
687	3.300000e-003	
688	3.600000e-003	
689	3.850000e-003	
690	3.900000e-003	
691	4.100000e-003	
692	4.075000e-003	
693	3.625000e-003	
694	2.800000e-003	
695	3.025000e-003	
696	2.875000e-003	
697	2.950000e-003	
698	2.675000e-003	
699	2.575000e-003	
700	2.450000e-003	
701	2.350000e-003	
702	2.425000e-003	
703	2.900000e-003	
704	2.825000e-003	
705	3.050000e-003	
706	2.750000e-003	
707	2.575000e-003	
708	2.625000e-003	
709	2.675000e-003	
710	2.425000e-003	
711	2.325000e-003	
712	2.125000e-003	
713	2.425000e-003	
714	2.500000e-003	
715	2.600000e-003	
716	2.375000e-003	
717	2.250000e-003	
718	1.875000e-003	
719	1.875000e-003	
720	1.825000e-003	
721	1.675000e-003	
722	2.000000e-003	
723	2.075000e-003	
724	2.225000e-003	
725	2.050000e-003	
726	2.075000e-003	
727	2.300000e-003	
728	2.275000e-003	
729	2.900000e-003	
730	2.975000e-003	
731	2.850000e-003	
732	2.225000e-003	
733	2.375000e-003	
734	2.225000e-003	
735	2.625000e-003	
736	2.600000e-003	
737	2.150000e-003	
738	2.125000e-003	
739	2.200000e-003	
740	2.200000e-003	
741	1.825000e-003	
742	1.500000e-003	
743	1.350000e-003	
744	1.175000e-003	
745	9.500000e-004	
746	8.250000e-004	
747	6.000000e-004	
748	6.250000e-004	
749	5.250000e-004	
750	6.750000e-004	
751	6.500000e-004	
752	5.750000e-004	
753	7.750000e-004	
754	7.500000e-004	
755	7.000000e-004	
756	9.000000e-004	
757	1.050000e-003	
758	1.150000e-003	
759	1.175000e-003	
760	9.750000e-004	
761	8.000000e-004	
762	6.000000e-004	
763	6.750000e-004	
764	6.500000e-004	
765	7.000000e-004	
766	8.500000e-004	
767	5.750000e-004	
768	6.500000e-004	
769	7.750000e-004	
770	8.000000e-004	
771	8.250000e-004	
772	6.500000e-004	
773	6.250000e-004	
774	7.000000e-004	
775	5.250000e-004	
776	6.500000e-004	
777	4.750000e-004	
778	4.250000e-004	
779	3.500000e-004	
780	3.750000e-004	
781	2.250000e-004	
782	2.000000e-004	
783	1.500000e-004	
784	1.000000e-004	
785	1.250000e-004	
786	1.500000e-004	
787	1.750000e-004	
788	1.250000e-004	
789	1.750000e-004	
790	2.500000e-004	
791	2.250000e-004	
792	1.500000e-004	
793	2.250000e-004	
794	3.000000e-004	
795	4.000000e-004	
796	3.250000e-004	
797	4.000000e-004	
798	2.750000e-004	
799	2.500000e-004	
800	2.500000e-005	
801	5.000000e-005	
802	2.500000e-005	
803	2.500000e-005	
804	2.500000e-005	
805	0	
806	2.500000e-005	
807	5.000000e-005	
808	5.000000e-005	
809	2.500000e-005	
810	0	
811	0	
812	0	
813	0	
814	0	
815	0	
816	0	
817	0	
818	0	
819	0	
820	0	
821	0	
822	0	
823	0	
824	0	
825	0	
826	0	
827	0	
828	0	
829	0	
830	0	
831	0	
832	0	
833	0	
834	0	
835	0	
836	0	
837	0	
838	0	
839	0	
840	0	
841	0	
842	0	
843	0	
844	0	
845	0	
846	0	
847	0	
848	0	
849	0	
850	0	
851	0	
852	0	
853	0	
854	0	
855	0	
856	0	
857	0	
858	0	
859	0	
860	0	
861	0	
862	0	
863	0	
864	0	
865	0	
866	0	
867	0	
868	0	
869	0	
870	0	
871	0	
872	0	
873	0	
874	0	
875	0	
876	0	
877	0	
878	0	
879	0	
880	0	
881	0	
882	0	
883	0	
884	0	
885	0	
886	0	
887	0	
888	0	
889	0	
890	0	
891	0	
892	0	
893	0	
894	0	
895	0	
896	0	
897	0	
898	0	
899	0	
900	0	
901	0	
902	0	
903	0	
904	0	
905	0	
906	0	
907	0	
908	0	
909	0	
910	0	
911	0	
912	0	
913	0	
914	0	
915	0	
916	0	
917	0	
918	0	
919	0	
920	0	
921	0	
922	0	
923	0	
924	2.500000e-005	
925	7.500000e-005	
926	0	
927	0	
928	0	
929	0	
930	0	
931	0	
932	0	
933	0	
934	0	
935	0	
936	0	
937	0	
938	0	
939	0	
940	0	
941	0	
942	0	
943	0	
944	0	
945	0	
946	0	
947	0	
948	0	
949	0	
950	0	
951	0	
952	0	
953	0	
954	0	
955	0	
956	0	
957	0	
958	0	
959	0	
960	0	
961	0	
962	0	
963	0	
964	0	
965	0	
966	0	
967	0	
968	0	
969	0	
970	0	
971	0	
972	0	
973	0	
974	0	
975	0	
976	0	
977	0	
978	0	
979	0	
980	0	
981	0	
982	0	
983	0	
984	0	
985	0	
986	0	
987	0	
988	0	
989	0	
990	0	
991	0	
992	0	
993	0	
994	0	
995	0	
996	0	
997	0	
998	0	
999	0	
1000	0	
1001	0	
1002	0	
1003	0	
1004	0	
1005	0	
1006	0	
1007	0	
1008	0	
1009	0	
1010	0	
1011	0	
1012	0	
1013	0	
1014	0	
1015	0	
1016	0	
1017	0	
1018	0	
1019	0	
1020	0	
1021	0	
1022	0	
1023	0	
1024	0	
1025	0	
1026	2.500000e-005	
1027	5.000000e-005	
1028	5.000000e-005	
1029	2.500000e-005	
1030	7.500000e-005	
1031	2.500000e-005	
1032	5.000000e-005	
1033	7.500000e-005	
1034	5.000000e-005	
1035	5.000000e-005	
1036	7.500000e-005	
1037	7.500000e-005	
1038	1.250000e-004	
1039	1.500000e-004	
1040	2.250000e-004	
1041	1.750000e-004	
1042	1.250000e-004	
1043	1.500000e-004	
1044	2.500000e-004	
1045	3.000000e-004	
1046	2.750000e-004	
1047	2.000000e-004	
1048	1.750000e-004	
1049	3.250000e-004	
1050	4.750000e-004	
1051	4.250000e-004	
1052	4.750000e-004	
1053	3.500000e-004	
1054	4.000000e-004	
1055	3.750000e-004	
1056	5.750000e-004	
1057	8.000000e-004	
1058	8.000000e-004	
1059	5.750000e-004	
1060	5.250000e-004	
1061	4.750000e-004	
1062	6.000000e-004	
1063	6.000000e-004	
1064	7.000000e-004	
1065	8.500000e-004	
1066	7.500000e-004	
1067	7.250000e-004	
1068	7.000000e-004	
1069	8.250000e-004	
1070	1.300000e-003	
1071	1.250000e-003	
1072	1.425000e-003	
1073	1.450000e-003	
1074	1.750000e-003	
1075	1.725000e-003	
1076	1.725000e-003	
1077	1.800000e-003	
1078	1.925000e-003	
1079	2.050000e-003	
1080	1.600000e-003	
1081	1.275000e-003	
1082	1.275000e-003	
1083	1.100000e-003	
1084	1.400000e-003	
1085	1.100000e-003	
1086	1.400000e-003	
1087	1.500000e-003	
1088	1.475000e-003	
1089	1.800000e-003	
1090	1.675000e-003	
1091	1.700000e-003	
1092	1.625000e-003	
1093	1.575000e-003	
1094	1.375000e-003	
1095	1.525000e-003	
1096	1.725000e-003	
1097	1.450000e-003	
1098	1.200000e-003	
1099	1.225000e-003	
1100	1.100000e-003	
1101	9.750000e-004	
1102	9.250000e-004	
1103	8.750000e-004	
1104	1.025000e-003	
1105	1.050000e-003	
1106	1.100000e-003	
1107	1.250000e-003	
1108	1.300000e-003	
1109	1.050000e-003	
1110	1.025000e-003	
1111	1.275000e-003	
1112	1.425000e-003	
1113	1.550000e-003	
1114	1.725000e-003	
1115	1.825000e-003	
1116	1.500000e-003	
1117	1.700000e-003	
1118	1.450000e-003	
1119	1.450000e-003	
1120	1.500000e-003	
1121	1.275000e-003	
1122	1.200000e-003	
1123	1.200000e-003	
1124	1.150000e-003	
1125	1.175000e-003	
1126	1.225000e-003	
1127	1.275000e-003	
1128	1.600000e-003	
1129	1.425000e-003	
1130	1.175000e-003	
1131	1.350000e-003	
1132	1.250000e-003	
1133	1.100000e-003	
1134	8.750000e-004	
1135	9.000000e-004	
1136	5.500000e-004	
1137	5.250000e-004	
1138	6.750000e-004	
1139	7.250000e-004	
1140	8.000000e-004	
1141	8.000000e-004	
1142	5.250000e-004	
1143	5.000000e-004	
1144	5.000000e-004	
1145	5.250000e-004	
1146	5.250000e-004	
1147	6.000000e-004	
1148	7.500000e-004	
1149	5.500000e-004	
1150	8.250000e-004	
1151	8.500000e-004	
1152	8.500000e-004	
1153	8.500000e-004	
1154	7.250000e-004	
1155	7.500000e-004	
1156	5.000000e-004	
1157	6.000000e-004	
1158	6.500000e-004	
1159	6.750000e-004	
1160	7.500000e-004	
1161	6.000000e-004	
1162	6.500000e-004	
1163	8.000000e-004	
1164	6.500000e-004	
1165	5.500000e-004	
1166	4.000000e-004	
1167	2.750000e-004	
1168	3.250000e-004	
1169	3.500000e-004	
1170	2.500000e-004	
1171	1.750000e-004	
1172	1.750000e-004	
1173	2.000000e-004	
1174	4.000000e-004	
1175	3.500000e-004	
1176	3.000000e-004	
1177	2.500000e-004	
1178	3.750000e-004	
1179	3.750000e-004	
1180	4.250000e-004	
1181	4.250000e-004	
1182	4.750000e-004	
1183	5.500000e-004	
1184	4.000000e-004	
1185	4.750000e-004	
1186	6.250000e-004	
1187	6.000000e-004	
1188	5.500000e-004	
1189	5.250000e-004	
1190	6.500000e-004	
1191	8.250000e-004	
1192	8.000000e-004	
1193	1.000000e-003	
1194	1.100000e-003	
1195	1.050000e-003	
1196	1.275000e-003	
1197	1.200000e-003	
1198	1.350000e-003	
1199	1.475000e-003	
1200	1.400000e-003	
1201	1.575000e-003	
1202	1.975000e-003	
1203	2.225000e-003	
1204	2.125000e-003	
1205	1.950000e-003	
1206	1.650000e-003	
1207	1.500000e-003	
1208	1.500000e-003	
1209	1.550000e-003	
1210	1.500000e-003	
1211	1.775000e-003	
1212	2.175000e-003	
1213	2.100000e-003	
1214	2.250000e-003	
1215	2.150000e-003	
1216	2.125000e-003	
1217	2.100000e-003	
1218	2.375000e-003	
1219	2.675000e-003	
1220	2.775000e-003	
1221	2.825000e-003	
1222	2.300000e-003	
1223	2.400000e-003	
1224	2.475000e-003	
1225	2.825000e-003	
1226	2.850000e-003	
1227	2.925000e-003	
1228	2.900000e-003	
1229	2.700000e-003	
1230	2.500000e-003	
1231	2.925000e-003	
1232	3.125000e-003	
1233	3.300000e-003	
1234	3.125000e-003	
1235	2.775000e-003	
1236	2.975000e-003	
1237	3.300000e-003	
1238	3.750000e-003	
1239	3.975000e-003	
1240	4.000000e-003	
1241	3.700000e-003	
1242	3.375000e-003	
1243	3.525000e-003	
1244	3.375000e-003	
1245	3.625000e-003	
1246	3.875000e-003	
1247	4.075000e-003	
1248	3.600000e-003	
1249	3.375000e-003	
1250	3.200000e-003	
1251	3.100000e-003	
1252	2.975000e-003	
1253	2.425000e-003	
1254	1.825000e-003	
1255	1.925000e-003	
1256	1.825000e-003	
1257	1.500000e-003	
1258	1.450000e-003	
1259	1.600000e-003	
1260	1.600000e-003	
1261	1.100000e-003	
1262	9.750000e-004	
1263	1.200000e-003	
1264	9.750000e-004	
1265	1.050000e-003	
1266	8.750000e-004	
1267	6.750000e-004	
1268	4.750000e-004	
1269	5.500000e-004	
1270	6.750000e-004	
1271	8.250000e-004	
1272	7.500000e-004	
1273	7.500000e-004	
1274	9.500000e-004	
1275	1.075000e-003	
1276	1.025000e-003	
1277	1.200000e-003	
1278	1.175000e-003	
1279	1.250000e-003	
1280	1.400000e-003	
1281	1.200000e-003	
1282	1.375000e-003	
1283	1.450000e-003	
1284	1.150000e-003	
1285	1.275000e-003	
1286	1.200000e-003	
1287	1.325000e-003	
1288	1.275000e-003	
1289	1.175000e-003	
1290	1.275000e-003	
1291	1.250000e-003	
1292	1.300000e-003	
1293	1.275000e-003	
1294	1.200000e-003	
1295	1.150000e-003	
1296	1.250000e-003	
1297	1.175000e-003	
1298	1.525000e-003	
1299	1.400000e-003	
1300	1.400000e-003	
1301	1.450000e-003	
1302	1.425000e-003	
1303	1.725000e-003	
1304	1.775000e-003	
1305	1.550000e-003	
1306	1.650000e-003	
1307	1.900000e-003	
1308	1.850000e-003	
1309	1.950000e-003	
1310	1.650000e-003	
1311	1.525000e-003	
1312	1.550000e-003	
1313	1.625000e-003	
1314	1.350000e-003	
1315	1.075000e-003	
1316	1.325000e-003	
1317	9.500000e-004	
1318	8.500000e-004	
1319	1.025000e-003	
1320	1.125000e-003	
1321	1.100000e-003	
1322	1.000000e-003	
1323	1.000000e-003	
1324	1.000000e-003	
1325	9.500000e-004	
1326	8.500000e-004	
1327	1.000000e-003	
1328	6.250000e-004	
1329	5.750000e-004	
1330	6.250000e-004	
1331	7.750000e-004	
1332	7.000000e-004	
1333	8.000000e-004	
1334	7.500000e-004	
1335	6.000000e-004	
1336	3.000000e-004	
1337	2.500000e-004	
1338	1.750000e-004	
1339	1.500000e-004	
1340	1.250000e-004	
1341	2.000000e-004	
1342	2.250000e-004	
1343	2.500000e-004	
1344	3.250000e-004	
1345	2.500000e-004	
1346	1.500000e-004	
1347	7.500000e-005	
1348	7.500000e-005	
1349	5.000000e-005	
1350	2.500000e-005	
1351	1.000000e-004	
1352	1.000000e-004	
1353	7.500000e-005	
1354	1.500000e-004	
1355	1.500000e-004	
1356	1.500000e-004	
1357	1.250000e-004	
1358	1.500000e-004	
1359	5.000000e-005	
1360	5.000000e-005	
1361	2.500000e-005	
1362	2.500000e-005	
1363	2.500000e-005	
1364	0	
1365	0	
1366	0	
1367	0	
1368	0	
1369	0	
1370	0	
1371	0	
1372	0	
1373	0	
1374	0	
1375	2.500000e-005	
1376	0	
1377	0	
1378	0	
1379	0	
1380	0	
1381	0	
1382	0	
1383	0	
1384	0	
1385	0	
1386	0	
1387	0	
1388	0	
1389	0	
1390	0	
1391	0	
1392	0	
1393	0	
1394	2.500000e-005	
1395	1.000000e-004	
1396	1.000000e-004	
1397	2.500000e-004	
1398	2.500000e-004	
1399	2.000000e-004	
1400	1.750000e-004	
1401	2.000000e-004	
1402	1.250000e-004	
1403	5.000000e-005	
1404	5.000000e-005	
1405	2.500000e-005	
1406	5.000000e-005	
1407	7.500000e-005	
1408	5.000000e-005	
1409	1.250000e-004	
1410	5.000000e-005	
1411	2.500000e-005	
1412	0	
1413	0	
1414	0	
1415	0	
1416	0	
1417	0	
1418	0	
1419	0	
1420	0	
1421	0	
1422	2.500000e-005	
1423	1.250000e-004	
1424	5.000000e-005	
1425	1.000000e-004	
1426	5.000000e-005	
1427	7.500000e-005	
1428	1.000000e-004	
1429	7.500000e-005	
1430	5.000000e-005	
1431	7.500000e-005	
1432	1.000000e-004	
1433	1.000000e-004	
1434	1.000000e-004	
1435	2.500000e-005	
1436	2.500000e-005	
1437	0	
1438	0	
1439	0	
1440	0	
1441	0	
1442	0	
1443	0	
1444	0	
1445	0	
1446	0	
1447	0	
1448	0	
1449	0	
1450	0	
1451	0	
1452	0	
1453	0	
1454	0	
1455	0	
1456	0	
1457	0	
1458	0	
1459	0	
1460	0	
1461	0	
1462	0	
1463	0	
1464	0	
1465	0	
1466	0	
1467	0	
1468	2.500000e-005	
1469	7.500000e-005	
1470	5.000000e-005	
1471	1.250000e-004	
1472	5.000000e-005	
1473	2.500000e-005	
1474	2.500000e-005	
1475	2.500000e-005	
1476	5.000000e-005	
1477	2.500000e-005	
1478	2.500000e-005	
1479	5.000000e-005	
1480	2.500000e-005	
1481	0	
1482	0	
1483	0	
1484	0	
1485	2.500000e-005	
1486	1.250000e-004	
1487	1.500000e-004	
1488	1.500000e-004	
1489	2.500000e-004	
1490	3.250000e-004	
1491	4.000000e-004	
1492	4.000000e-004	
1493	4.250000e-004	
1494	4.250000e-004	
1495	4.500000e-004	
1496	5.250000e-004	
1497	8.000000e-004	
1498	8.250000e-004	
1499	8.000000e-004	
1500	7.750000e-004	
1501	5.750000e-004	
1502	5.750000e-004	
1503	4.250000e-004	
1504	2.750000e-004	
1505	4.000000e-004	
1506	5.000000e-004	
1507	5.250000e-004	
1508	5.250000e-004	
1509	6.750000e-004	
1510	5.750000e-004	
1511	4.000000e-004	
1512	2.250000e-004	
1513	3.000000e-004	
1514	3.250000e-004	
1515	3.250000e-004	
1516	4.500000e-004	
1517	3.500000e-004	
1518	2.750000e-004	
1519	3.750000e-004	
1520	4.000000e-004	
1521	3.500000e-004	
1522	4.000000e-004	
1523	3.500000e-004	
1524	3.750000e-004	
1525	4.250000e-004	
1526	4.750000e-004	
1527	5.500000e-004	
1528	6.250000e-004	
1529	4.000000e-004	
1530	6.000000e-004	
1531	6.250000e-004	
1532	5.500000e-004	
1533	5.500000e-004	
1534	5.750000e-004	
1535	5.750000e-004	
1536	4.750000e-004	
1537	6.250000e-004	
1538	7.000000e-004	
1539	6.250000e-004	
1540	5.500000e-004	
1541	3.750000e-004	
1542	2.250000e-004	
1543	1.250000e-004	
1544	1.500000e-004	
1545	2.000000e-004	
1546	1.500000e-004	
1547	2.000000e-004	
1548	1.750000e-004	
1549	2.250000e-004	
1550	1.250000e-004	
1551	1.000000e-004	
1552	2.500000e-005	
1553	0	
1554	0	
1555	0	
1556	2.500000e-005	
1557	7.500000e-005	
1558	2.500000e-005	
1559	2.500000e-005	
1560	5.000000e-005	
1561	7.500000e-005	
1562	7.500000e-005	
1563	0	
1564	0	
1565	0	
1566	0	
1567	2.500000e-005	
1568	1.250000e-004	
1569	7.500000e-005	
1570	7.500000e-005	
1571	2.500000e-005	
1572	0	
1573	0	
1574	0	
1575	0	
1576	0	
1577	0	
1578	0	
1579	0	
1580	2.500000e-005	
1581	1.000000e-004	
1582	2.000000e-004	
1583	1.750000e-004	
1584	2.750000e-004	
1585	3.250000e-004	
1586	4.000000e-004	
1587	3.750000e-004	
1588	3.000000e-004	
1589	3.250000e-004	
1590	2.750000e-004	
1591	2.000000e-004	
1592	1.250000e-004	
1593	1.500000e-004	
1594	2.000000e-004	
1595	3.000000e-004	
1596	4.250000e-004	
1597	3.500000e-004	
1598	4.000000e-004	
1599	4.250000e-004	
1600	5.000000e-004	
1601	3.500000e-004	
1602	2.750000e-004	
1603	3.250000e-004	
1604	2.750000e-004	
1605	1.750000e-004	
1606	1.500000e-004	
1607	2.000000e-004	
1608	2.000000e-004	
1609	2.500000e-004	
1610	2.000000e-004	
1611	1.250000e-004	
1612	7.500000e-005	
1613	1.000000e-004	
1614	7.500000e-005	
1615	5.000000e-005	
1616	1.250000e-004	
1617	1.500000e-004	
1618	1.500000e-004	
1619	1.250000e-004	
1620	1.250000e-004	
1621	7.500000e-005	
1622	1.000000e-004	
1623	1.000000e-004	
1624	1.000000e-004	
1625	1.250000e-004	
1626	1.500000e-004	
1627	2.000000e-004	
1628	2.000000e-004	
1629	2.250000e-004	
1630	1.750000e-004	
1631	2.750000e-004	
1632	3.500000e-004	
1633	3.750000e-004	
1634	4.000000e-004	
1635	3.000000e-004	
1636	3.250000e-004	
1637	2.500000e-004	
1638	1.500000e-004	
1639	2.000000e-004	
1640	1.750000e-004	
1641	7.500000e-005	
1642	1.250000e-004	
1643	2.750000e-004	
1644	3.500000e-004	
1645	4.250000e-004	
1646	5.250000e-004	
1647	3.500000e-004	
1648	4.000000e-004	
1649	4.750000e-004	
1650	4.500000e-004	
1651	4.750000e-004	
1652	6.000000e-004	
1653	6.500000e-004	
1654	9.250000e-004	
1655	6.500000e-004	
1656	5.500000e-004	
1657	5.250000e-004	
1658	8.250000e-004	
1659	8.750000e-004	
1660	8.000000e-004	
1661	8.000000e-004	
1662	7.250000e-004	
1663	5.500000e-004	
1664	5.500000e-004	
1665	5.250000e-004	
1666	5.750000e-004	
1667	6.750000e-004	
1668	6.250000e-004	
1669	6.250000e-004	
1670	7.250000e-004	
1671	7.250000e-004	
1672	6.000000e-004	
1673	8.750000e-004	
1674	1.050000e-003	
1675	9.500000e-004	
1676	8.500000e-004	
1677	1.000000e-003	
1678	9.750000e-004	
1679	1.075000e-003	
1680	8.250000e-004	
1681	1.050000e-003	
1682	1.225000e-003	
1683	1.075000e-003	
1684	9.750000e-004	
1685	1.425000e-003	
1686	1.650000e-003	
1687	1.750000e-003	
1688	1.525000e-003	
1689	1.975000e-003	
1690	1.975000e-003	
1691	1.925000e-003	
1692	2.000000e-003	
1693	2.200000e-003	
1694	2.225000e-003	
1695	2.075000e-003	
1696	2.375000e-003	
1697	1.900000e-003	
1698	1.875000e-003	
1699	1.975000e-003	
1700	2.625000e-003	
1701	2.575000e-003	
1702	2.875000e-003	
1703	2.625000e-003	
1704	2.625000e-003	
1705	2.575000e-003	
1706	2.625000e-003	
1707	2.875000e-003	
1708	2.500000e-003	
1709	2.775000e-003	
1710	3.150000e-003	
1711	3.350000e-003	
1712	3.150000e-003	
1713	2.875000e-003	
1714	2.975000e-003	
1715	3.125000e-003	
1716	2.850000e-003	
1717	3.200000e-003	
1718	3.025000e-003	
1719	3.175000e-003	
1720	3.400000e-003	
1721	3.075000e-003	
1722	2.500000e-003	
1723	2.675000e-003	
1724	2.625000e-003	
1725	2.125000e-003	
1726	2.125000e-003	
1727	2.000000e-003	
1728	1.900000e-003	
1729	1.575000e-003	
1730	1.650000e-003	
1731	1.800000e-003	
1732	2.175000e-003	
1733	1.825000e-003	
1734	1.600000e-003	
1735	1.550000e-003	
1736	1.500000e-003	
1737	1.500000e-003	
1738	1.475000e-003	
1739	1.650000e-003	
1740	1.625000e-003	
1741	1.700000e-003	
1742	1.675000e-003	
1743	1.750000e-003	
1744	1.625000e-003	
1745	1.675000e-003	
1746	1.625000e-003	
1747	1.500000e-003	
1748	1.675000e-003	
1749	1.500000e-003	
1750	1.700000e-003	
1751	1.525000e-003	
1752	1.625000e-003	
1753	1.675000e-003	
1754	1.650000e-003	
1755	1.725000e-003	
1756	1.625000e-003	
1757	1.675000e-003	
1758	1.600000e-003	
1759	1.500000e-003	
1760	1.550000e-003	
1761	1.600000e-003	
1762	1.675000e-003	
1763	1.850000e-003	
1764	1.550000e-003	
1765	1.325000e-003	
1766	1.275000e-003	
1767	1.250000e-003	
1768	1.450000e-003	
1769	1.525000e-003	
1770	1.700000e-003	
1771	1.625000e-003	
1772	1.375000e-003	
1773	1.375000e-003	
1774	1.325000e-003	
1775	1.300000e-003	
1776	1.375000e-003	
1777	1.400000e-003	
1778	1.425000e-003	
1779	1.575000e-003	
1780	1.625000e-003	
1781	1.575000e-003	
1782	1.325000e-003	
1783	1.400000e-003	
1784	1.350000e-003	
1785	1.400000e-003	
1786	1.125000e-003	
1787	1.350000e-003	
1788	1.175000e-003	
1789	1.175000e-003	
1790	1.350000e-003	
1791	1.500000e-003	
1792	1.475000e-003	
1793	1.375000e-003	
1794	1.300000e-003	
1795	1.425000e-003	
1796	1.575000e-003	
1797	1.400000e-003	
1798	1.325000e-003	
1799	1.750000e-003	
1800	1.525000e-003	
1801	1.600000e-003	
1802	1.625000e-003	
1803	1.550000e-003	
1804	1.425000e-003	
1805	1.800000e-003	
1806	1.750000e-003	
1807	1.600000e-003	
1808	1.625000e-003	
1809	1.650000e-003	
1810	1.650000e-003	
1811	1.375000e-003	
1812	1.350000e-003	
1813	1.500000e-003	
1814	1.375000e-003	
1815	1.400000e-003	
1816	1.600000e-003	
1817	1.375000e-003	
1818	1.425000e-003	
1819	1.275000e-003	
1820	1.100000e-003	
1821	1.025000e-003	
1822	1.300000e-003	
1823	1.300000e-003	
1824	1.150000e-003	
1825	1.000000e-003	
1826	6.500000e-004	
1827	5.500000e-004	
1828	4.500000e-004	
1829	3.000000e-004	
1830	3.500000e-004	
1831	3.500000e-004	
1832	4.750000e-004	
1833	5.000000e-004	
1834	4.500000e-004	
1835	5.750000e-004	
1836	6.250000e-004	
1837	4.250000e-004	
1838	4.250000e-004	
1839	5.500000e-004	
1840	6.750000e-004	
1841	5.750000e-004	
1842	6.250000e-004	
1843	4.750000e-004	
1844	4.250000e-004	
1845	5.500000e-004	
1846	6.000000e-004	
1847	7.000000e-004	
1848	6.500000e-004	
1849	8.750000e-004	
1850	8.250000e-004	
1851	1.125000e-003	
1852	9.250000e-004	
1853	1.150000e-003	
1854	1.175000e-003	
1855	1.250000e-003	
1856	1.250000e-003	
1857	1.200000e-003	
1858	1.300000e-003	
1859	1.225000e-003	
1860	1.175000e-003	
1861	1.150000e-003	
1862	1.300000e-003	
1863	1.500000e-003	
1864	1.300000e-003	
1865	1.250000e-003	
1866	1.025000e-003	
1867	9.750000e-004	
1868	1.300000e-003	
1869	1.250000e-003	
1870	1.175000e-003	
1871	1.150000e-003	
1872	9.500000e-004	
1873	6.750000e-004	
1874	8.000000e-004	
1875	7.750000e-004	
1876	5.500000e-004	
1877	4.000000e-004	
1878	4.750000e-004	
1879	4.000000e-004	
1880	3.500000e-004	
1881	2.000000e-004	
1882	2.250000e-004	
1883	4.000000e-004	
1884	5.250000e-004	
1885	5.250000e-004	
1886	6.000000e-004	
1887	7.250000e-004	
1888	9.250000e-004	
1889	1.100000e-003	
1890	1.050000e-003	
1891	9.000000e-004	
1892	7.250000e-004	
1893	8.250000e-004	
1894	9.000000e-004	
1895	8.000000e-004	
1896	7.500000e-004	
1897	5.500000e-004	
1898	5.750000e-004	
1899	4.750000e-004	
1900	5.250000e-004	
1901	5.000000e-004	
1902	6.750000e-004	
1903	7.500000e-004	
1904	8.750000e-004	
1905	5.750000e-004	
1906	5.000000e-004	
1907	3.000000e-004	
1908	4.750000e-004	
1909	4.250000e-004	
1910	4.500000e-004	
1911	4.250000e-004	
1912	4.750000e-004	
1913	3.750000e-004	
1914	2.500000e-004	
1915	1.750000e-004	
1916	1.000000e-004	
1917	1.000000e-004	
1918	1.000000e-004	
1919	7.500000e-005	
1920	1.750000e-004	
1921	1.500000e-004	
1922	7.500000e-005	
1923	1.250000e-004	
1924	1.250000e-004	
1925	1.000000e-004	
1926	1.000000e-004	
1927	7.500000e-005	
1928	5.000000e-005	
1929	0	
1930	0	
1931	0	
1932	0	
1933	0	
1934	0	
1935	0	
1936	0	
1937	0	
1938	0	
1939	0	
1940	0	
1941	0	
1942	0	
1943	0	
1944	0	
1945	0	
1946	0	
1947	0	
1948	0	
1949	0	
1950	0	
1951	0	
1952	0	
1953	0	
1954	0	
1955	0	
1956	0	
1957	0	
1958	0	
1959	0	
1960	0	
1961	0	
1962	0	
1963	0	
1964	0	
1965	0	
1966	0	
1967	0	
1968	0	
1969	0	
1970	0	
1971	0	
1972	0	
1973	0	
1974	0	
1975	0	
1976	0	
1977	0	
1978	0	
1979	0	
1980	0	
1981	0	
1982	0	
1983	0	
1984	0	
1985	0	
1986	0	
1987	0	
1988	0	
1989	0	
1990	0	
1991	0	
1992	0	
1993	0	
1994	0	
1995	0	
1996	0	
1997	0	
1998	0	
1999	0	
2000	2.500000e-005	
2001	7.500000e-005	
2002	7.500000e-005	
2003	2.500000e-005	
2004	0	
2005	0	
2006	0	
2007	0	
2008	0	
2009	0	
2010	0	
2011	0	
2012	0	
2013	0	
2014	0	
2015	0	
2016	0	
2017	2.500000e-005	
2018	1.000000e-004	
2019	7.500000e-005	
2020	1.500000e-004	
2021	7.500000e-005	
2022	7.500000e-005	
2023	5.000000e-005	
2024	1.000000e-004	
2025	7.500000e-005	
2026	7.500000e-005	
2027	5.000000e-005	
2028	5.000000e-005	
2029	1.250000e-004	
2030	2.500000e-005	
2031	2.500000e-005	
2032	2.500000e-005	
2033	5.000000e-005	
2034	7.500000e-005	
2035	5.000000e-005	
2036	5.000000e-005	
2037	2.500000e-005	
2038	0	
2039	0	
2040	0	
2041	0	
2042	0	
2043	0	
2044	0	
2045	0	
2046	0	
2047	0	
2048	0	
2049	0	
2050	0	
2051	0	
2052	0	
2053	0	
2054	0	
2055	0	
2056	0	
2057	0	
2058	0	
2059	0	
2060	0	
2061	0	
2062	0	
2063	0	
2064	0	
2065	0	
2066	0	
2067	0	
2068	0	
2069	0	
2070	0	
2071	0	
2072	0	
2073	0	
2074	0	
2075	0	
2076	0	
2077	0	
2078	0	
2079	0	
2080	0	
2081	0	
2082	0	
2083	2.500000e-005	
2084	2.500000e-005	
2085	7.500000e-005	
2086	1.250000e-004	
2087	1.500000e-004	
2088	1.500000e-004	
2089	1.500000e-004	
2090	2.500000e-004	
2091	2.750000e-004	
2092	3.250000e-004	
2093	3.000000e-004	
2094	2.750000e-004	
2095	4.000000e-004	
2096	3.750000e-004	
2097	4.000000e-004	
2098	6.250000e-004	
2099	4.500000e-004	
2100	3.500000e-004	
2101	4.000000e-004	
2102	4.250000e-004	
2103	4.000000e-004	
2104	2.750000e-004	
2105	4.750000e-004	
2106	5.250000e-004	
2107	7.250000e-004	
2108	6.250000e-004	
2109	5.750000e-004	
2110	8.500000e-004	
2111	8.750000e-004	
2112	6.750000e-004	
2113	6.250000e-004	
2114	6.250000e-004	
2115	8.000000e-004	
2116	6.750000e-004	
2117	5.500000e-004	
2118	7.000000e-004	
2119	8.250000e-004	
2120	8.500000e-004	
2121	8.500000e-004	
2122	8.750000e-004	
2123	5.250000e-004	
2124	6.250000e-004	
2125	9.000000e-004	
2126	6.000000e-004	
2127	7.250000e-004	
2128	7.000000e-004	
2129	7.750000e-004	
2130	7.250000e-004	
2131	5.750000e-004	
2132	5.750000e-004	
2133	6.750000e-004	
2134	6.000000e-004	
2135	8.250000e-004	
2136	9.750000e-004	
2137	9.250000e-004	
2138	1.150000e-003	
2139	8.750000e-004	
2140	1.075000e-003	
2141	1.275000e-003	
2142	1.200000e-003	
2143	1.050000e-003	
2144	9.250000e-004	
2145	9.500000e-004	
2146	8.250000e-004	
2147	8.000000e-004	
2148	1.050000e-003	
2149	9.000000e-004	
2150	9.500000e-004	
2151	1.000000e-003	
2152	7.500000e-004	
2153	8.750000e-004	
2154	1.100000e-003	
2155	9.500000e-004	
2156	1.050000e-003	
2157	1.000000e-003	
2158	9.500000e-004	
2159	6.750000e-004	
2160	4.750000e-004	
2161	5.250000e-004	
2162	7.750000e-004	
2163	5.250000e-004	
2164	4.500000e-004	
2165	4.500000e-004	
2166	2.750000e-004	
2167	2.000000e-004	
2168	3.250000e-004	
2169	2.750000e-004	
2170	2.250000e-004	
2171	2.250000e-004	
2172	2.000000e-004	
2173	2.000000e-004	
2174	3.000000e-004	
2175	3.000000e-004	
2176	4.250000e-004	
2177	2.500000e-004	
2178	2.250000e-004	
2179	1.750000e-004	
2180	1.500000e-004	
2181	1.500000e-004	
2182	7.500000e-005	
2183	5.000000e-005	
2184	7.500000e-005	
2185	2.500000e-005	
2186	7.500000e-005	
2187	1.000000e-004	
2188	5.000000e-005	
2189	1.000000e-004	
2190	1.500000e-004	
2191	1.250000e-004	
2192	1.750000e-004	
2193	1.250000e-004	
2194	1.250000e-004	
2195	2.500000e-004	
2196	3.000000e-004	
2197	3.000000e-004	
2198	2.250000e-004	
2199	1.500000e-004	
2200	1.250000e-004	
2201	1.500000e-004	
2202	3.000000e-004	
2203	2.250000e-004	
2204	2.500000e-004	
2205	2.500000e-004	
2206	2.500000e-004	
2207	2.500000e-004	
2208	4.000000e-004	
2209	4.750000e-004	
2210	4.000000e-004	
2211	3.250000e-004	
2212	2.500000e-004	
2213	2.750000e-004	
2214	3.250000e-004	
2215	3.000000e-004	
2216	4.500000e-004	
2217	4.500000e-004	
2218	5.250000e-004	
2219	7.500000e-004	
2220	4.750000e-004	
2221	7.000000e-004	
2222	7.750000e-004	
2223	7.750000e-004	
2224	8.000000e-004	
2225	8.000000e-004	
2226	7.250000e-004	
2227	7.500000e-004	
2228	9.750000e-004	
2229	1.025000e-003	
2230	1.225000e-003	
2231	1.275000e-003	
2232	1.350000e-003	
2233	1.325000e-003	
2234	1.225000e-003	
2235	1.125000e-003	
2236	1.150000e-003	
2237	1.225000e-003	
2238	9.500000e-004	
2239	9.750000e-004	
2240	8.250000e-004	
2241	7.500000e-004	
2242	1.000000e-003	
2243	1.075000e-003	
2244	1.175000e-003	
2245	1.175000e-003	
2246	1.350000e-003	
2247	1.525000e-003	
2248	1.400000e-003	
2249	1.325000e-003	
2250	1.250000e-003	
2251	1.350000e-003	
2252	1.325000e-003	
2253	1.525000e-003	
2254	1.350000e-003	
2255	1.350000e-003	
2256	1.525000e-003	
2257	1.575000e-003	
2258	1.650000e-003	
2259	1.450000e-003	
2260	1.500000e-003	
2261	1.800000e-003	
2262	1.825000e-003	
2263	1.725000e-003	
2264	1.775000e-003	
2265	1.475000e-003	
2266	1.400000e-003	
2267	1.375000e-003	
2268	1.350000e-003	
2269	1.225000e-003	
2270	1.625000e-003	
2271	1.975000e-003	
2272	1.950000e-003	
2273	1.950000e-003	
2274	1.675000e-003	
2275	1.900000e-003	
2276	1.875000e-003	
2277	1.950000e-003	
2278	1.750000e-003	
2279	2.100000e-003	
2280	2.250000e-003	
2281	2.275000e-003	
2282	2.000000e-003	
2283	2.050000e-003	
2284	2.275000e-003	
2285	2.325000e-003	
2286	2.275000e-003	
2287	2.275000e-003	
2288	2.125000e-003	
2289	2.525000e-003	
2290	2.450000e-003	
2291	2.275000e-003	
2292	2.400000e-003	
2293	2.425000e-003	
2294	2.000000e-003	
2295	1.900000e-003	
2296	2.050000e-003	
2297	2.125000e-003	
2298	1.750000e-003	
2299	1.775000e-003	
2300	1.650000e-003	
2301	1.500000e-003	
2302	2.025000e-003	
2303	2.125000e-003	
2304	2.325000e-003	
2305	2.575000e-003	
2306	2.825000e-003	
2307	3.000000e-003	
2308	3.350000e-003	
2309	2.850000e-003	
2310	3.350000e-003	
2311	3.725000e-003	
2312	4.550000e-003	
2313	4.025000e-003	
2314	4.175000e-003	
2315	3.825000e-003	
2316	3.925000e-003	
2317	4.425000e-003	
2318	4.075000e-003	
2319	4.375000e-003	
2320	4.575000e-003	
2321	5.125000e-003	
2322	5.425000e-003	
2323	5.000000e-003	
2324	4.975000e-003	
2325	4.450000e-003	
2326	5.075000e-003	
2327	4.200000e-003	
2328	3.750000e-003	
2329	3.350000e-003	
2330	3.375000e-003	
2331	2.700000e-003	
2332	2.625000e-003	
2333	2.325000e-003	
2334	2.000000e-003	
2335	1.500000e-003	
2336	1.225000e-003	
2337	1.150000e-003	
2338	1.000000e-003	
2339	1.025000e-003	
2340	1.200000e-003	
2341	1.125000e-003	
2342	8.500000e-004	
2343	6.000000e-004	
2344	6.750000e-004	
2345	6.250000e-004	
2346	5.250000e-004	
2347	6.250000e-004	
2348	6.250000e-004	
2349	5.250000e-004	
2350	4.000000e-004	
2351	4.000000e-004	
2352	3.250000e-004	
2353	2.500000e-004	
2354	2.250000e-004	
2355	2.500000e-004	
2356	1.250000e-004	
2357	2.000000e-004	
2358	2.000000e-004	
2359	2.000000e-004	
2360	2.250000e-004	
2361	1.500000e-004	
2362	1.500000e-004	
2363	1.250000e-004	
2364	1.250000e-004	
2365	1.000000e-004	
2366	5.000000e-005	
2367	1.000000e-004	
2368	1.500000e-004	
2369	1.500000e-004	
2370	1.000000e-004	
2371	1.500000e-004	
2372	1.250000e-004	
2373	1.750000e-004	
2374	1.250000e-004	
2375	1.250000e-004	
2376	1.500000e-004	
2377	7.500000e-005	
2378	5.000000e-005	
2379	1.000000e-004	
2380	1.500000e-004	
2381	1.750000e-004	
2382	1.250000e-004	
2383	2.250000e-004	
2384	3.250000e-004	
2385	4.000000e-004	
2386	3.750000e-004	
2387	3.750000e-004	
2388	2.750000e-004	
2389	3.750000e-004	
2390	3.500000e-004	
2391	5.250000e-004	
2392	5.500000e-004	
2393	4.250000e-004	
2394	4.750000e-004	
2395	5.500000e-004	
2396	5.250000e-004	
2397	4.750000e-004	
2398	4.250000e-004	
2399	5.250000e-004	
2400	3.750000e-004	
2401	5.000000e-004	
2402	6.000000e-004	
2403	5.250000e-004	
2404	3.750000e-004	
2405	5.500000e-004	
2406	6.750000e-004	
2407	5.000000e-004	
2408	5.500000e-004	
2409	7.750000e-004	
2410	7.250000e-004	
2411	8.250000e-004	
2412	8.750000e-004	
2413	6.250000e-004	
2414	6.000000e-004	
2415	4.000000e-004	
2416	3.750000e-004	
2417	3.000000e-004	
2418	2.500000e-004	
2419	2.250000e-004	
2420	2.000000e-004	
2421	1.750000e-004	
2422	2.000000e-004	
2423	1.000000e-004	
2424	1.000000e-004	
2425	1.250000e-004	
2426	1.250000e-004	
2427	1.750000e-004	
2428	1.000000e-004	
2429	1.000000e-004	
2430	2.250000e-004	
2431	2.250000e-004	
2432	2.000000e-004	
2433	2.000000e-004	
2434	2.500000e-004	
2435	1.750000e-004	
2436	2.250000e-004	
2437	1.000000e-004	
2438	7.500000e-005	
2439	1.250000e-004	
2440	2.000000e-004	
2441	2.500000e-004	
2442	2.500000e-004	
2443	3.000000e-004	
2444	3.250000e-004	
2445	4.000000e-004	
2446	4.000000e-004	
2447	3.750000e-004	
2448	3.500000e-004	
2449	3.500000e-004	
2450	1.750000e-004	
2451	2.750000e-004	
2452	2.000000e-004	
2453	1.500000e-004	
2454	1.000000e-004	
2455	1.250000e-004	
2456	1.250000e-004	
2457	1.250000e-004	
2458	7.500000e-005	
2459	7.500000e-005	
2460	2.500000e-005	
2461	2.500000e-005	
2462	2.500000e-005	
2463	7.500000e-005	
2464	5.000000e-005	
2465	2.500000e-005	
2466	2.500000e-005	
2467	5.000000e-005	
2468	1.000000e-004	
2469	1.500000e-004	
2470	1.750000e-004	
2471	2.000000e-004	
2472	2.000000e-004	
2473	2.750000e-004	
2474	3.750000e-004	
2475	2.750000e-004	
2476	2.250000e-004	
2477	2.250000e-004	
2478	2.500000e-004	
2479	2.750000e-004	
2480	2.000000e-004	
2481	1.250000e-004	
2482	1.500000e-004	
2483	2.500000e-004	
2484	1.250000e-004	
2485	7.500000e-005	
2486	1.000000e-004	
2487	2.250000e-004	
2488	3.000000e-004	
2489	1.000000e-004	
2490	1.750000e-004	
2491	3.500000e-004	
2492	5.250000e-004	
2493	2.000000e-004	
2494	2.250000e-004	
2495	1.500000e-004	
2496	2.500000e-004	
2497	1.750000e-004	
2498	1.500000e-004	
2499	1.500000e-004	
2500	1.750000e-004	
2501	2.250000e-004	
2502	7.500000e-005	
2503	0	
2504	0	
2505	0	
2506	0	
2507	0	
2508	0	
2509	2.500000e-005	
2510	0	
2511	0	
2512	0	
2513	0	
2514	0	
2515	0	
2516	0	
2517	0	
2518	0	
2519	0	
2520	0	
2521	0	
2522	0	
2523	0	
2524	0	
2525	0	
2526	0	
2527	0	
2528	2.500000e-005	
2529	7.500000e-005	
2530	0	
2531	0	
2532	0	
2533	0	
2534	0	
2535	0	
2536	0	
2537	0	
2538	0	
2539	0	
2540	0	
2541	0	
2542	0	
2543	0	
2544	0	
2545	2.500000e-005	
2546	2.500000e-005	
2547	2.500000e-005	
2548	7.500000e-005	
2549	2.250000e-004	
2550	2.000000e-004	
2551	4.000000e-004	
2552	3.500000e-004	
2553	2.500000e-004	
2554	2.750000e-004	
2555	4.000000e-004	
2556	4.500000e-004	
2557	5.000000e-004	
2558	7.750000e-004	
2559	1.000000e-003	
2560	9.250000e-004	
2561	1.075000e-003	
2562	7.750000e-004	
2563	8.000000e-004	
2564	7.750000e-004	
2565	6.250000e-004	
2566	7.250000e-004	
2567	7.750000e-004	
2568	8.750000e-004	
2569	7.250000e-004	
2570	6.750000e-004	
2571	7.000000e-004	
2572	5.750000e-004	
2573	8.000000e-004	
2574	1.000000e-003	
2575	9.250000e-004	
2576	1.100000e-003	
2577	1.300000e-003	
2578	1.100000e-003	
2579	1.100000e-003	
2580	1.175000e-003	
2581	1.325000e-003	
2582	1.500000e-003	
2583	1.100000e-003	
2584	1.025000e-003	
2585	1.225000e-003	
2586	1.050000e-003	
2587	1.175000e-003	
2588	1.125000e-003	
2589	1.000000e-003	
2590	9.500000e-004	
2591	1.275000e-003	
2592	1.100000e-003	
2593	1.150000e-003	
2594	1.300000e-003	
2595	9.500000e-004	
2596	1.050000e-003	
2597	1.350000e-003	
2598	1.250000e-003	
2599	1.450000e-003	
2600	1.100000e-003	
2601	8.000000e-004	
2602	6.250000e-004	
2603	8.750000e-004	
2604	8.000000e-004	
2605	7.500000e-004	
2606	8.250000e-004	
2607	7.750000e-004	
2608	7.500000e-004	
2609	8.500000e-004	
2610	8.250000e-004	
2611	8.000000e-004	
2612	6.000000e-004	
2613	5.000000e-004	
2614	6.000000e-004	
2615	6.500000e-004	
2616	3.250000e-004	
2617	4.000000e-004	
2618	4.500000e-004	
2619	4.000000e-004	
2620	4.500000e-004	
2621	5.000000e-004	
2622	6.000000e-004	
2623	7.250000e-004	
2624	7.000000e-004	
2625	7.000000e-004	
2626	8.000000e-004	
2627	6.000000e-004	
2628	3.500000e-004	
2629	4.750000e-004	
2630	4.750000e-004	
2631	4.000000e-004	
2632	4.000000e-004	
2633	4.000000e-004	
2634	3.000000e-004	
2635	2.250000e-004	
2636	2.250000e-004	
2637	1.750000e-004	
2638	1.500000e-004	
2639	7.500000e-005	
2640	5.000000e-005	
2641	7.500000e-005	
2642	0	
2643	0	
2644	0	
2645	0	
2646	0	
2647	0	
2648	0	
2649	0	
2650	0	
2651	0	
2652	0	
2653	0	
2654	0	
2655	0	
2656	0	
2657	0	
2658	0	
2659	0	
2660	0	
2661	0	
2662	0	
2663	0	
2664	0	
2665	0	
2666	0	
2667	0	
2668	0	
2669	0	
2670	0	
2671	0	
2672	0	
2673	0	
2674	0	
2675	2.500000e-005	
2676	1.250000e-004	
2677	1.750000e-004	
2678	1.750000e-004	
2679	3.250000e-004	
2680	2.250000e-004	
2681	2.250000e-004	
2682	2.750000e-004	
2683	4.250000e-004	
2684	8.000000e-004	
2685	8.250000e-004	
2686	7.750000e-004	
2687	1.000000e-003	
2688	9.750000e-004	
2689	1.125000e-003	
2690	1.050000e-003	
2691	1.100000e-003	
2692	1.100000e-003	
2693	1.100000e-003	
2694	1.200000e-003	
2695	8.750000e-004	
2696	1.050000e-003	
2697	1.400000e-003	
2698	1.150000e-003	
2699	8.750000e-004	
2700	9.500000e-004	
2701	7.000000e-004	
2702	6.250000e-004	
2703	5.750000e-004	
2704	5.250000e-004	
2705	5.000000e-004	
2706	5.000000e-004	
2707	5.500000e-004	
2708	5.500000e-004	
2709	3.750000e-004	
2710	2.500000e-004	
2711	1.000000e-004	
2712	1.250000e-004	
2713	1.250000e-004	
2714	1.250000e-004	
2715	1.500000e-004	
2716	1.750000e-004	
2717	2.250000e-004	
2718	2.000000e-004	
2719	2.000000e-004	
2720	3.000000e-004	
2721	2.250000e-004	
2722	2.750000e-004	
2723	4.500000e-004	
2724	3.750000e-004	
2725	3.750000e-004	
2726	4.250000e-004	
2727	3.500000e-004	
2728	2.500000e-004	
2729	2.500000e-004	
2730	3.750000e-004	
2731	4.000000e-004	
2732	3.500000e-004	
2733	4.250000e-004	
2734	4.250000e-004	
2735	4.500000e-004	
2736	5.750000e-004	
2737	7.250000e-004	
2738	8.750000e-004	
2739	9.250000e-004	
2740	1.025000e-003	
2741	1.150000e-003	
2742	1.325000e-003	
2743	1.325000e-003	
2744	1.425000e-003	
2745	1.500000e-003	
2746	1.500000e-003	
2747	1.450000e-003	
2748	1.250000e-003	
2749	1.150000e-003	
2750	1.325000e-003	
2751	1.050000e-003	
2752	1.100000e-003	
2753	9.250000e-004	
2754	9.500000e-004	
2755	9.500000e-004	
2756	9.750000e-004	
2757	1.150000e-003	
2758	1.000000e-003	
2759	1.100000e-003	
2760	9.500000e-004	
2761	8.500000e-004	
2762	5.750000e-004	
2763	5.500000e-004	
2764	6.000000e-004	
2765	8.500000e-004	
2766	6.750000e-004	
2767	6.500000e-004	
2768	8.500000e-004	
2769	7.750000e-004	
2770	6.250000e-004	
2771	7.250000e-004	
2772	8.000000e-004	
2773	8.500000e-004	
2774	9.000000e-004	
2775	1.075000e-003	
2776	1.175000e-003	
2777	1.350000e-003	
2778	1.425000e-003	
2779	1.475000e-003	
2780	1.300000e-003	
2781	1.450000e-003	
2782	1.225000e-003	
2783	1.125000e-003	
2784	1.425000e-003	
2785	1.250000e-003	
2786	1.300000e-003	
2787	1.625000e-003	
2788	1.450000e-003	
2789	1.325000e-003	
2790	1.325000e-003	
2791	1.375000e-003	
2792	1.250000e-003	
2793	1.350000e-003	
2794	1.375000e-003	
2795	1.450000e-003	
2796	1.050000e-003	
2797	9.250000e-004	
2798	8.000000e-004	
2799	1.125000e-003	
2800	1.225000e-003	
2801	1.075000e-003	
2802	1.200000e-003	
2803	1.300000e-003	
2804	9.750000e-004	
2805	9.500000e-004	
2806	9.000000e-004	
2807	8.000000e-004	
2808	8.500000e-004	
2809	8.500000e-004	
2810	1.000000e-003	
2811	8.750000e-004	
2812	1.025000e-003	
2813	1.075000e-003	
2814	1.275000e-003	
2815	1.050000e-003	
2816	1.100000e-003	
2817	1.300000e-003	
2818	1.275000e-003	
2819	1.375000e-003	
2820	1.650000e-003	
2821	1.375000e-003	
2822	1.250000e-003	
2823	1.150000e-003	
2824	1.200000e-003	
2825	1.075000e-003	
2826	8.750000e-004	
2827	7.250000e-004	
2828	8.250000e-004	
2829	9.000000e-004	
2830	8.000000e-004	
2831	1.050000e-003	
2832	1.550000e-003	
2833	1.650000e-003	
2834	1.725000e-003	
2835	1.825000e-003	
2836	1.500000e-003	
2837	1.600000e-003	
2838	1.400000e-003	
2839	1.300000e-003	
2840	1.500000e-003	
2841	1.350000e-003	
2842	1.475000e-003	
2843	1.600000e-003	
2844	1.300000e-003	
2845	1.525000e-003	
2846	1.575000e-003	
2847	1.450000e-003	
2848	1.300000e-003	
2849	9.250000e-004	
2850	9.000000e-004	
2851	1.000000e-003	
2852	1.300000e-003	
2853	1.125000e-003	
2854	1.225000e-003	
2855	1.075000e-003	
2856	7.750000e-004	
2857	7.500000e-004	
2858	1.125000e-003	
2859	1.425000e-003	
2860	1.500000e-003	
2861	1.400000e-003	
2862	1.500000e-003	
2863	1.900000e-003	
2864	2.125000e-003	
2865	2.350000e-003	
2866	1.875000e-003	
2867	1.825000e-003	
2868	2.175000e-003	
2869	1.925000e-003	
2870	2.125000e-003	
2871	1.825000e-003	
2872	1.450000e-003	
2873	1.675000e-003	
2874	1.775000e-003	
2875	1.600000e-003	
2876	1.550000e-003	
2877	1.950000e-003	
2878	1.800000e-003	
2879	1.775000e-003	
2880	1.550000e-003	
2881	1.600000e-003	
2882	1.875000e-003	
2883	1.625000e-003	
2884	1.550000e-003	
2885	1.625000e-003	
2886	2.050000e-003	
2887	1.650000e-003	
2888	1.800000e-003	
2889	2.100000e-003	
2890	2.200000e-003	
2891	1.925000e-003	
2892	1.800000e-003	
2893	1.900000e-003	
2894	1.875000e-003	
2895	2.175000e-003	
2896	2.425000e-003	
2897	2.200000e-003	
2898	2.300000e-003	
2899	2.100000e-003	
2900	1.925000e-003	
2901	2.300000e-003	
2902	2.325000e-003	
2903	2.200000e-003	
2904	2.100000e-003	
2905	1.975000e-003	
2906	1.825000e-003	
2907	1.775000e-003	
2908	1.650000e-003	
2909	1.600000e-003	
2910	1.525000e-003	
2911	1.650000e-003	
2912	1.150000e-003	
2913	1.225000e-003	
2914	1.725000e-003	
2915	1.875000e-003	
2916	1.975000e-003	
2917	1.850000e-003	
2918	2.150000e-003	
2919	2.200000e-003	
2920	1.850000e-003	
2921	1.625000e-003	
2922	1.675000e-003	
2923	1.425000e-003	
2924	1.500000e-003	
2925	1.450000e-003	
2926	1.525000e-003	
2927	1.775000e-003	
2928	1.625000e-003	
2929	1.725000e-003	
2930	1.575000e-003	
2931	1.275000e-003	
2932	9.750000e-004	
2933	1.325000e-003	
2934	1.700000e-003	
2935	1.500000e-003	
2936	1.525000e-003	
2937	1.675000e-003	
2938	1.800000e-003	
2939	1.950000e-003	
2940	2.325000e-003	
2941	2.500000e-003	
2942	2.425000e-003	
2943	1.800000e-003	
2944	1.500000e-003	
2945	1.400000e-003	
2946	1.100000e-003	
2947	1.125000e-003	
2948	1.125000e-003	
2949	1.200000e-003	
2950	9.500000e-004	
2951	7.500000e-004	
2952	4.750000e-004	
2953	5.000000e-004	
2954	5.250000e-004	
2955	6.000000e-004	
2956	3.250000e-004	
2957	3.000000e-004	
2958	3.250000e-004	
2959	2.750000e-004	
2960	1.500000e-004	
2961	1.500000e-004	
2962	1.250000e-004	
2963	5.000000e-005	
2964	0	
2965	0	
2966	0	
2967	0	
2968	0	
2969	0	
2970	0	
2971	0	
2972	0	
2973	0	
2974	0	
2975	0	
2976	0	
2977	0	
2978	0	
2979	0	
2980	0	
2981	0	
2982	0	
2983	0	
2984	0	
2985	0	
2986	0	
2987	0	
2988	0	
2989	0	
2990	0	
2991	0	
2992	0	
2993	0	
2994	0	
2995	0	
2996	0	
2997	0	
2998	2.500000e-005	
2999	1.000000e-004	
3000	7.500000e-005	
3001	1.250000e-004	
