1	0	
2	0	
3	0	
4	0	
5	0	
6	0	
7	0	
8	0	
9	0	
10	0	
11	0	
12	0	
13	0	
14	0	
15	0	
16	0	
17	0	
18	0	
19	0	
20	0	
21	0	
22	2.500000e-005	
23	1.250000e-004	
24	2.250000e-004	
25	2.250000e-004	
26	3.000000e-004	
27	3.750000e-004	
28	4.500000e-004	
29	4.250000e-004	
30	2.500000e-004	
31	2.250000e-004	
32	2.750000e-004	
33	3.250000e-004	
34	5.000000e-004	
35	4.500000e-004	
36	5.000000e-004	
37	6.250000e-004	
38	9.250000e-004	
39	8.250000e-004	
40	1.075000e-003	
41	1.025000e-003	
42	1.175000e-003	
43	1.275000e-003	
44	1.575000e-003	
45	1.750000e-003	
46	2.000000e-003	
47	2.325000e-003	
48	2.675000e-003	
49	2.775000e-003	
50	2.950000e-003	
51	3.550000e-003	
52	3.825000e-003	
53	3.800000e-003	
54	4.575000e-003	
55	4.525000e-003	
56	4.875000e-003	
57	5.800000e-003	
58	6.150000e-003	
59	6.675000e-003	
60	7.100000e-003	
61	7.050000e-003	
62	7.625000e-003	
63	7.950000e-003	
64	8.400000e-003	
65	8.300000e-003	
66	9.275000e-003	
67	9.775000e-003	
68	9.450000e-003	
69	1.055000e-002	
70	1.065000e-002	
71	1.127500e-002	
72	1.057500e-002	
73	1.022500e-002	
74	1.120000e-002	
75	1.205000e-002	
76	1.255000e-002	
77	1.190000e-002	
78	1.185000e-002	
79	1.187500e-002	
80	1.207500e-002	
81	1.167500e-002	
82	1.117500e-002	
83	1.080000e-002	
84	9.775000e-003	
85	1.052500e-002	
86	1.045000e-002	
87	1.052500e-002	
88	9.575000e-003	
89	8.725000e-003	
90	7.875000e-003	
91	7.575000e-003	
92	7.275000e-003	
93	6.825000e-003	
94	6.625000e-003	
95	6.500000e-003	
96	7.125000e-003	
97	6.175000e-003	
98	5.600000e-003	
99	4.700000e-003	
100	4.250000e-003	
101	4.025000e-003	
102	3.975000e-003	
103	3.825000e-003	
104	3.450000e-003	
105	3.400000e-003	
106	3.775000e-003	
107	3.750000e-003	
108	3.700000e-003	
109	3.900000e-003	
110	3.425000e-003	
111	2.950000e-003	
112	3.075000e-003	
113	3.025000e-003	
114	2.625000e-003	
115	2.025000e-003	
116	2.250000e-003	
117	2.175000e-003	
118	1.725000e-003	
119	1.450000e-003	
120	1.425000e-003	
121	1.600000e-003	
122	1.475000e-003	
123	1.300000e-003	
124	1.450000e-003	
125	1.525000e-003	
126	1.550000e-003	
127	1.275000e-003	
128	1.300000e-003	
129	9.750000e-004	
130	5.250000e-004	
131	3.500000e-004	
132	3.750000e-004	
133	1.500000e-004	
134	0	
135	2.500000e-005	
136	0	
137	0	
138	0	
139	0	
140	0	
141	0	
142	0	
143	0	
144	0	
145	0	
146	0	
147	0	
148	0	
149	0	
150	0	
151	0	
152	0	
153	0	
154	0	
155	0	
156	0	
157	0	
158	0	
159	0	
160	0	
161	0	
162	0	
163	0	
164	0	
165	2.500000e-005	
166	0	
167	0	
168	0	
169	0	
170	0	
171	0	
172	0	
173	0	
174	0	
175	0	
176	0	
177	0	
178	0	
179	0	
180	0	
181	0	
182	0	
183	0	
184	0	
185	0	
186	0	
187	0	
188	0	
189	0	
190	0	
191	0	
192	0	
193	0	
194	0	
195	0	
196	0	
197	0	
198	0	
199	0	
200	0	
201	0	
202	0	
203	0	
204	0	
205	0	
206	2.500000e-005	
207	5.000000e-005	
208	2.500000e-005	
209	2.500000e-005	
210	0	
211	0	
212	0	
213	0	
214	0	
215	0	
216	0	
217	0	
218	0	
219	0	
220	0	
221	0	
222	0	
223	0	
224	0	
225	0	
226	0	
227	0	
228	2.500000e-005	
229	2.500000e-005	
230	2.500000e-005	
231	0	
232	0	
233	2.500000e-005	
234	2.500000e-005	
235	0	
236	0	
237	0	
238	2.500000e-005	
239	2.500000e-005	
240	5.000000e-005	
241	2.500000e-005	
242	2.500000e-005	
243	2.500000e-005	
244	5.000000e-005	
245	0	
246	0	
247	0	
248	0	
249	0	
250	0	
251	0	
252	0	
253	0	
254	0	
255	0	
256	0	
257	0	
258	0	
259	2.500000e-005	
260	5.000000e-005	
261	0	
262	0	
263	0	
264	0	
265	0	
266	0	
267	0	
268	0	
269	0	
270	0	
271	2.500000e-005	
272	2.500000e-005	
273	5.000000e-005	
274	7.500000e-005	
275	0	
276	0	
277	2.500000e-005	
278	2.500000e-005	
279	0	
280	0	
281	0	
282	2.500000e-005	
283	0	
284	0	
285	0	
286	0	
287	0	
288	0	
289	0	
290	0	
291	0	
292	0	
293	0	
294	2.500000e-005	
295	2.500000e-005	
296	5.000000e-005	
297	2.500000e-005	
298	2.500000e-005	
299	5.000000e-005	
300	5.000000e-005	
301	5.000000e-005	
302	2.500000e-005	
303	2.500000e-005	
304	7.500000e-005	
305	2.500000e-005	
306	0	
307	0	
308	0	
309	0	
310	0	
311	0	
312	0	
313	0	
314	0	
315	0	
316	0	
317	0	
318	0	
319	0	
320	0	
321	0	
322	0	
323	0	
324	2.500000e-005	
325	0	
326	0	
327	2.500000e-005	
328	2.500000e-005	
329	2.500000e-005	
330	2.500000e-005	
331	0	
332	0	
333	0	
334	0	
335	0	
336	0	
337	0	
338	0	
339	0	
340	0	
341	0	
342	0	
343	0	
344	0	
345	0	
346	0	
347	0	
348	0	
349	0	
350	0	
351	0	
352	0	
353	2.500000e-005	
354	0	
355	0	
356	0	
357	0	
358	0	
359	2.500000e-005	
360	2.500000e-005	
361	0	
362	0	
363	0	
364	0	
365	0	
366	0	
367	0	
368	0	
369	0	
370	0	
371	0	
372	0	
373	0	
374	0	
375	0	
376	0	
377	0	
378	0	
379	0	
380	0	
381	0	
382	0	
383	0	
384	0	
385	0	
386	0	
387	0	
388	0	
389	0	
390	0	
391	0	
392	0	
393	2.500000e-005	
394	7.500000e-005	
395	0	
396	0	
397	0	
398	0	
399	0	
400	0	
401	0	
402	0	
403	0	
404	0	
405	0	
406	0	
407	0	
408	0	
409	0	
410	0	
411	0	
412	0	
413	0	
414	0	
415	2.500000e-005	
416	2.500000e-005	
417	5.000000e-005	
418	7.500000e-005	
419	5.000000e-005	
420	2.500000e-005	
421	2.500000e-005	
422	0	
423	0	
424	0	
425	0	
426	0	
427	0	
428	0	
429	0	
430	0	
431	0	
432	0	
433	0	
434	0	
435	0	
436	0	
437	0	
438	0	
439	0	
440	0	
441	0	
442	0	
443	0	
444	0	
445	0	
446	0	
447	0	
448	0	
449	0	
450	0	
451	0	
452	0	
453	0	
454	0	
455	0	
456	0	
457	0	
458	0	
459	0	
460	0	
461	2.500000e-005	
462	1.000000e-004	
463	5.000000e-005	
464	2.500000e-005	
465	7.500000e-005	
466	1.000000e-004	
467	1.000000e-004	
468	1.000000e-004	
469	7.500000e-005	
470	2.500000e-005	
471	5.000000e-005	
472	7.500000e-005	
473	1.750000e-004	
474	1.750000e-004	
475	1.750000e-004	
476	1.250000e-004	
477	1.250000e-004	
478	1.250000e-004	
479	7.500000e-005	
480	1.500000e-004	
481	7.500000e-005	
482	5.000000e-005	
483	5.000000e-005	
484	1.000000e-004	
485	5.000000e-005	
486	5.000000e-005	
487	5.000000e-005	
488	2.500000e-005	
489	5.000000e-005	
490	0	
491	0	
492	0	
493	2.500000e-005	
494	1.750000e-004	
495	1.500000e-004	
496	2.750000e-004	
497	1.750000e-004	
498	2.250000e-004	
499	1.250000e-004	
500	1.000000e-004	
501	7.500000e-005	
502	7.500000e-005	
503	1.750000e-004	
504	1.250000e-004	
505	1.500000e-004	
506	1.000000e-004	
507	7.500000e-005	
508	7.500000e-005	
509	7.500000e-005	
510	1.000000e-004	
511	1.000000e-004	
512	7.500000e-005	
513	1.000000e-004	
514	1.750000e-004	
515	1.750000e-004	
516	1.000000e-004	
517	2.500000e-005	
518	2.500000e-005	
519	5.000000e-005	
520	5.000000e-005	
521	2.500000e-005	
522	2.500000e-005	
523	5.000000e-005	
524	5.000000e-005	
525	7.500000e-005	
526	5.000000e-005	
527	7.500000e-005	
528	1.500000e-004	
529	2.250000e-004	
530	1.500000e-004	
531	2.500000e-004	
532	2.500000e-004	
533	2.250000e-004	
534	3.250000e-004	
535	3.000000e-004	
536	1.750000e-004	
537	1.250000e-004	
538	1.500000e-004	
539	1.750000e-004	
540	1.000000e-004	
541	1.000000e-004	
542	2.000000e-004	
543	1.500000e-004	
544	5.000000e-005	
545	1.000000e-004	
546	1.250000e-004	
547	1.500000e-004	
548	1.500000e-004	
549	1.500000e-004	
550	2.750000e-004	
551	3.750000e-004	
552	3.000000e-004	
553	3.000000e-004	
554	3.250000e-004	
555	4.000000e-004	
556	5.500000e-004	
557	3.750000e-004	
558	4.250000e-004	
559	2.500000e-004	
560	2.500000e-004	
561	4.000000e-004	
562	4.750000e-004	
563	5.000000e-004	
564	4.250000e-004	
565	3.750000e-004	
566	4.500000e-004	
567	6.250000e-004	
568	4.750000e-004	
569	5.000000e-004	
570	5.250000e-004	
571	3.750000e-004	
572	5.000000e-004	
573	6.000000e-004	
574	7.000000e-004	
575	9.250000e-004	
576	9.750000e-004	
577	1.075000e-003	
578	1.325000e-003	
579	1.275000e-003	
580	1.000000e-003	
581	1.375000e-003	
582	1.625000e-003	
583	1.750000e-003	
584	1.675000e-003	
585	1.900000e-003	
586	1.925000e-003	
587	1.825000e-003	
588	1.525000e-003	
589	1.600000e-003	
590	1.450000e-003	
591	1.250000e-003	
592	1.275000e-003	
593	1.100000e-003	
594	1.100000e-003	
595	1.100000e-003	
596	1.125000e-003	
597	1.225000e-003	
598	1.375000e-003	
599	1.550000e-003	
600	1.625000e-003	
601	1.700000e-003	
602	1.825000e-003	
603	1.650000e-003	
604	1.675000e-003	
605	1.850000e-003	
606	2.075000e-003	
607	2.450000e-003	
608	2.375000e-003	
609	2.400000e-003	
610	2.050000e-003	
611	2.250000e-003	
612	1.850000e-003	
613	2.200000e-003	
614	2.325000e-003	
615	2.450000e-003	
616	2.375000e-003	
617	2.625000e-003	
618	2.850000e-003	
619	2.625000e-003	
620	2.875000e-003	
621	2.550000e-003	
622	2.200000e-003	
623	2.300000e-003	
624	2.475000e-003	
625	2.650000e-003	
626	2.600000e-003	
627	2.850000e-003	
628	3.150000e-003	
629	2.925000e-003	
630	3.025000e-003	
631	3.325000e-003	
632	3.350000e-003	
633	3.850000e-003	
634	4.525000e-003	
635	4.775000e-003	
636	4.650000e-003	
637	4.600000e-003	
638	5.075000e-003	
639	5.450000e-003	
640	4.775000e-003	
641	5.125000e-003	
642	5.650000e-003	
643	5.775000e-003	
644	5.950000e-003	
645	5.850000e-003	
646	5.700000e-003	
647	5.700000e-003	
648	5.700000e-003	
649	5.525000e-003	
650	5.475000e-003	
651	5.300000e-003	
652	5.825000e-003	
653	5.475000e-003	
654	5.000000e-003	
655	5.025000e-003	
656	4.900000e-003	
657	5.125000e-003	
658	4.950000e-003	
659	4.375000e-003	
660	4.250000e-003	
661	3.850000e-003	
662	4.025000e-003	
663	3.575000e-003	
664	2.775000e-003	
665	2.800000e-003	
666	2.925000e-003	
667	3.100000e-003	
668	3.300000e-003	
669	3.275000e-003	
670	3.100000e-003	
671	3.075000e-003	
672	3.100000e-003	
673	2.850000e-003	
674	2.850000e-003	
675	2.700000e-003	
676	2.725000e-003	
677	2.575000e-003	
678	2.475000e-003	
679	2.025000e-003	
680	1.975000e-003	
681	1.800000e-003	
682	1.750000e-003	
683	1.575000e-003	
684	1.375000e-003	
685	1.400000e-003	
686	1.825000e-003	
687	1.925000e-003	
688	1.950000e-003	
689	1.775000e-003	
690	1.975000e-003	
691	2.075000e-003	
692	1.950000e-003	
693	1.825000e-003	
694	1.475000e-003	
695	1.200000e-003	
696	1.175000e-003	
697	1.275000e-003	
698	1.350000e-003	
699	1.300000e-003	
700	1.175000e-003	
701	9.500000e-004	
702	8.000000e-004	
703	7.750000e-004	
704	6.750000e-004	
705	5.000000e-004	
706	2.750000e-004	
707	3.000000e-004	
708	1.500000e-004	
709	1.750000e-004	
710	2.000000e-004	
711	1.000000e-004	
712	7.500000e-005	
713	7.500000e-005	
714	2.500000e-005	
715	1.250000e-004	
716	1.500000e-004	
717	1.000000e-004	
718	5.000000e-005	
719	0	
720	0	
721	2.500000e-005	
722	5.000000e-005	
723	7.500000e-005	
724	1.250000e-004	
725	1.000000e-004	
726	5.000000e-005	
727	7.500000e-005	
728	1.250000e-004	
729	7.500000e-005	
730	7.500000e-005	
731	7.500000e-005	
732	2.500000e-005	
733	0	
734	0	
735	0	
736	0	
737	0	
738	0	
739	0	
740	0	
741	0	
742	0	
743	2.500000e-005	
744	2.500000e-005	
745	5.000000e-005	
746	2.500000e-005	
747	5.000000e-005	
748	2.500000e-005	
749	0	
750	0	
751	0	
752	0	
753	0	
754	0	
755	0	
756	0	
757	0	
758	0	
759	0	
760	0	
761	0	
762	0	
763	0	
764	2.500000e-005	
765	0	
766	0	
767	2.500000e-005	
768	5.000000e-005	
769	1.000000e-004	
770	0	
771	0	
772	0	
773	0	
774	0	
775	0	
776	0	
777	0	
778	0	
779	0	
780	0	
781	0	
782	0	
783	0	
784	0	
785	0	
786	0	
787	0	
788	0	
789	0	
790	0	
791	0	
792	0	
793	0	
794	0	
795	0	
796	0	
797	0	
798	0	
799	0	
800	0	
801	0	
802	0	
803	0	
804	0	
805	0	
806	0	
807	0	
808	0	
809	0	
810	0	
811	0	
812	0	
813	0	
814	0	
815	0	
816	0	
817	0	
818	0	
819	0	
820	0	
821	0	
822	0	
823	0	
824	2.500000e-005	
825	0	
826	2.500000e-005	
827	2.500000e-005	
828	2.500000e-005	
829	2.500000e-005	
830	0	
831	2.500000e-005	
832	2.500000e-005	
833	5.000000e-005	
834	5.000000e-005	
835	5.000000e-005	
836	0	
837	2.500000e-005	
838	5.000000e-005	
839	2.500000e-005	
840	0	
841	0	
842	0	
843	0	
844	0	
845	0	
846	0	
847	0	
848	0	
849	0	
850	0	
851	0	
852	0	
853	0	
854	0	
855	2.500000e-005	
856	1.250000e-004	
857	1.000000e-004	
858	1.500000e-004	
859	1.000000e-004	
860	2.250000e-004	
861	3.500000e-004	
862	2.500000e-004	
863	1.750000e-004	
864	1.500000e-004	
865	1.250000e-004	
866	2.500000e-005	
867	2.500000e-005	
868	0	
869	0	
870	0	
871	0	
872	0	
873	0	
874	0	
875	0	
876	0	
877	0	
878	0	
879	0	
880	0	
881	0	
882	0	
883	0	
884	0	
885	0	
886	0	
887	0	
888	0	
889	0	
890	0	
891	0	
892	0	
893	0	
894	0	
895	0	
896	0	
897	0	
898	0	
899	0	
900	0	
901	0	
902	2.500000e-005	
903	5.000000e-005	
904	2.500000e-005	
905	2.500000e-005	
906	5.000000e-005	
907	5.000000e-005	
908	1.250000e-004	
909	1.000000e-004	
910	5.000000e-005	
911	1.250000e-004	
912	1.500000e-004	
913	2.000000e-004	
914	1.750000e-004	
915	1.250000e-004	
916	1.000000e-004	
917	2.000000e-004	
918	1.750000e-004	
919	2.000000e-004	
920	2.500000e-004	
921	3.000000e-004	
922	3.750000e-004	
923	1.750000e-004	
924	1.750000e-004	
925	5.000000e-005	
926	2.500000e-005	
927	5.000000e-005	
928	5.000000e-005	
929	7.500000e-005	
930	5.000000e-005	
931	1.250000e-004	
932	1.000000e-004	
933	5.000000e-005	
934	7.500000e-005	
935	1.000000e-004	
936	5.000000e-005	
937	5.000000e-005	
938	5.000000e-005	
939	5.000000e-005	
940	5.000000e-005	
941	2.500000e-005	
942	7.500000e-005	
943	1.000000e-004	
944	1.750000e-004	
945	2.500000e-004	
946	1.250000e-004	
947	1.000000e-004	
948	1.750000e-004	
949	1.000000e-004	
950	1.500000e-004	
951	2.250000e-004	
952	1.250000e-004	
953	1.750000e-004	
954	1.750000e-004	
955	2.250000e-004	
956	2.000000e-004	
957	2.000000e-004	
958	1.000000e-004	
959	1.000000e-004	
960	1.250000e-004	
961	7.500000e-005	
962	1.000000e-004	
963	1.250000e-004	
964	5.000000e-005	
965	7.500000e-005	
966	1.250000e-004	
967	1.500000e-004	
968	1.500000e-004	
969	1.500000e-004	
970	2.250000e-004	
971	2.750000e-004	
972	3.750000e-004	
973	5.750000e-004	
974	6.500000e-004	
975	9.500000e-004	
976	8.500000e-004	
977	6.750000e-004	
978	7.000000e-004	
979	4.500000e-004	
980	4.500000e-004	
981	6.750000e-004	
982	7.250000e-004	
983	8.750000e-004	
984	7.750000e-004	
985	8.250000e-004	
986	7.250000e-004	
987	4.250000e-004	
988	5.000000e-004	
989	5.750000e-004	
990	5.000000e-004	
991	5.250000e-004	
992	6.000000e-004	
993	6.250000e-004	
994	5.750000e-004	
995	5.250000e-004	
996	3.500000e-004	
997	4.250000e-004	
998	3.000000e-004	
999	3.250000e-004	
1000	2.250000e-004	
1001	2.250000e-004	
1002	1.250000e-004	
1003	1.750000e-004	
1004	1.500000e-004	
1005	2.000000e-004	
1006	1.750000e-004	
1007	1.750000e-004	
1008	1.750000e-004	
1009	2.000000e-004	
1010	2.500000e-004	
1011	1.500000e-004	
1012	2.250000e-004	
1013	2.000000e-004	
1014	2.000000e-004	
1015	1.750000e-004	
1016	1.500000e-004	
1017	1.750000e-004	
1018	2.250000e-004	
1019	3.250000e-004	
1020	1.250000e-004	
1021	2.750000e-004	
1022	2.750000e-004	
1023	2.000000e-004	
1024	1.750000e-004	
1025	1.000000e-004	
1026	1.250000e-004	
1027	2.500000e-005	
1028	7.500000e-005	
1029	1.500000e-004	
1030	1.250000e-004	
1031	7.500000e-005	
1032	2.500000e-005	
1033	2.500000e-005	
1034	2.500000e-005	
1035	5.000000e-005	
1036	5.000000e-005	
1037	7.500000e-005	
1038	7.500000e-005	
1039	1.000000e-004	
1040	2.500000e-005	
1041	2.500000e-005	
1042	5.000000e-005	
1043	5.000000e-005	
1044	1.500000e-004	
1045	1.750000e-004	
1046	3.000000e-004	
1047	2.000000e-004	
1048	2.500000e-004	
1049	3.750000e-004	
1050	4.250000e-004	
1051	3.750000e-004	
1052	3.500000e-004	
1053	3.500000e-004	
1054	5.250000e-004	
1055	6.250000e-004	
1056	6.250000e-004	
1057	7.500000e-004	
1058	5.750000e-004	
1059	5.250000e-004	
1060	4.500000e-004	
1061	3.500000e-004	
1062	2.500000e-004	
1063	2.500000e-004	
1064	2.750000e-004	
1065	3.250000e-004	
1066	3.500000e-004	
1067	3.250000e-004	
1068	2.500000e-004	
1069	1.750000e-004	
1070	1.500000e-004	
1071	2.000000e-004	
1072	2.250000e-004	
1073	1.500000e-004	
1074	3.000000e-004	
1075	2.000000e-004	
1076	1.750000e-004	
1077	1.500000e-004	
1078	1.250000e-004	
1079	1.750000e-004	
1080	1.250000e-004	
1081	1.500000e-004	
1082	1.750000e-004	
1083	7.500000e-005	
1084	1.500000e-004	
1085	1.500000e-004	
1086	2.000000e-004	
1087	1.250000e-004	
1088	1.000000e-004	
1089	1.250000e-004	
1090	1.250000e-004	
1091	1.250000e-004	
1092	1.250000e-004	
1093	7.500000e-005	
1094	2.000000e-004	
1095	1.750000e-004	
1096	1.750000e-004	
1097	1.000000e-004	
1098	1.000000e-004	
1099	1.250000e-004	
1100	1.750000e-004	
1101	1.000000e-004	
1102	1.500000e-004	
1103	2.000000e-004	
1104	2.000000e-004	
1105	2.500000e-004	
1106	2.750000e-004	
1107	4.000000e-004	
1108	3.750000e-004	
1109	4.750000e-004	
1110	6.500000e-004	
1111	4.750000e-004	
1112	5.250000e-004	
1113	4.000000e-004	
1114	3.750000e-004	
1115	3.250000e-004	
1116	3.500000e-004	
1117	3.000000e-004	
1118	3.750000e-004	
1119	3.000000e-004	
1120	2.750000e-004	
1121	2.000000e-004	
1122	2.250000e-004	
1123	1.750000e-004	
1124	3.250000e-004	
1125	3.500000e-004	
1126	4.500000e-004	
1127	4.250000e-004	
1128	5.000000e-004	
1129	5.750000e-004	
1130	6.250000e-004	
1131	6.250000e-004	
1132	7.000000e-004	
1133	5.750000e-004	
1134	6.500000e-004	
1135	6.250000e-004	
1136	6.500000e-004	
1137	7.000000e-004	
1138	5.000000e-004	
1139	7.500000e-004	
1140	6.750000e-004	
1141	1.025000e-003	
1142	1.000000e-003	
1143	1.025000e-003	
1144	1.175000e-003	
1145	1.275000e-003	
1146	1.275000e-003	
1147	1.000000e-003	
1148	9.250000e-004	
1149	7.500000e-004	
1150	9.250000e-004	
1151	1.100000e-003	
1152	1.150000e-003	
1153	1.025000e-003	
1154	1.050000e-003	
1155	9.250000e-004	
1156	9.250000e-004	
1157	7.750000e-004	
1158	9.750000e-004	
1159	1.000000e-003	
1160	1.025000e-003	
1161	1.400000e-003	
1162	1.125000e-003	
1163	1.275000e-003	
1164	1.225000e-003	
1165	1.025000e-003	
1166	1.025000e-003	
1167	7.750000e-004	
1168	9.250000e-004	
1169	9.250000e-004	
1170	8.750000e-004	
1171	1.025000e-003	
1172	1.025000e-003	
1173	1.325000e-003	
1174	1.575000e-003	
1175	1.625000e-003	
1176	1.650000e-003	
1177	1.300000e-003	
1178	1.275000e-003	
1179	1.525000e-003	
1180	1.900000e-003	
1181	2.225000e-003	
1182	2.125000e-003	
1183	2.350000e-003	
1184	2.375000e-003	
1185	2.475000e-003	
1186	2.800000e-003	
1187	2.600000e-003	
1188	2.775000e-003	
1189	2.825000e-003	
1190	3.100000e-003	
1191	3.050000e-003	
1192	3.175000e-003	
1193	3.500000e-003	
1194	3.700000e-003	
1195	3.325000e-003	
1196	3.900000e-003	
1197	3.400000e-003	
1198	2.950000e-003	
1199	3.150000e-003	
1200	3.875000e-003	
1201	3.650000e-003	
1202	3.725000e-003	
1203	3.850000e-003	
1204	3.550000e-003	
1205	3.450000e-003	
1206	3.700000e-003	
1207	3.725000e-003	
1208	4.050000e-003	
1209	3.775000e-003	
1210	3.925000e-003	
1211	3.900000e-003	
1212	3.675000e-003	
1213	3.425000e-003	
1214	3.150000e-003	
1215	3.250000e-003	
1216	3.200000e-003	
1217	2.900000e-003	
1218	3.000000e-003	
1219	2.875000e-003	
1220	2.850000e-003	
1221	2.775000e-003	
1222	2.875000e-003	
1223	2.650000e-003	
1224	2.725000e-003	
1225	2.500000e-003	
1226	2.550000e-003	
1227	2.350000e-003	
1228	2.125000e-003	
1229	2.150000e-003	
1230	1.700000e-003	
1231	1.650000e-003	
1232	2.150000e-003	
1233	1.875000e-003	
1234	1.525000e-003	
1235	1.700000e-003	
1236	1.450000e-003	
1237	1.375000e-003	
1238	1.350000e-003	
1239	1.800000e-003	
1240	2.325000e-003	
1241	2.000000e-003	
1242	1.925000e-003	
1243	1.825000e-003	
1244	1.675000e-003	
1245	1.625000e-003	
1246	1.375000e-003	
1247	1.250000e-003	
1248	1.300000e-003	
1249	1.950000e-003	
1250	1.475000e-003	
1251	1.525000e-003	
1252	1.525000e-003	
1253	1.700000e-003	
1254	2.100000e-003	
1255	2.150000e-003	
1256	1.950000e-003	
1257	2.150000e-003	
1258	2.650000e-003	
1259	2.300000e-003	
1260	2.325000e-003	
1261	2.700000e-003	
1262	2.650000e-003	
1263	2.550000e-003	
1264	2.075000e-003	
1265	2.525000e-003	
1266	3.225000e-003	
1267	3.525000e-003	
1268	3.625000e-003	
1269	3.075000e-003	
1270	3.450000e-003	
1271	3.775000e-003	
1272	3.300000e-003	
1273	3.200000e-003	
1274	3.650000e-003	
1275	3.450000e-003	
1276	3.400000e-003	
1277	2.850000e-003	
1278	2.500000e-003	
1279	2.000000e-003	
1280	1.825000e-003	
1281	1.275000e-003	
1282	1.375000e-003	
1283	1.375000e-003	
1284	1.675000e-003	
1285	1.625000e-003	
1286	1.525000e-003	
1287	1.325000e-003	
1288	1.450000e-003	
1289	1.275000e-003	
1290	1.125000e-003	
1291	1.200000e-003	
1292	1.075000e-003	
1293	1.150000e-003	
1294	1.225000e-003	
1295	1.250000e-003	
1296	9.750000e-004	
1297	8.500000e-004	
1298	6.750000e-004	
1299	6.000000e-004	
1300	6.250000e-004	
1301	9.000000e-004	
1302	8.750000e-004	
1303	9.500000e-004	
1304	7.250000e-004	
1305	4.750000e-004	
1306	4.250000e-004	
1307	1.000000e-004	
1308	7.500000e-005	
1309	2.500000e-005	
1310	5.000000e-005	
1311	5.000000e-005	
1312	0	
1313	0	
1314	0	
1315	0	
1316	0	
1317	0	
1318	0	
1319	0	
1320	0	
1321	0	
1322	0	
1323	0	
1324	0	
1325	0	
1326	0	
1327	0	
1328	0	
1329	0	
1330	0	
1331	2.500000e-005	
1332	1.250000e-004	
1333	1.000000e-004	
1334	5.000000e-005	
1335	0	
1336	0	
1337	0	
1338	0	
1339	0	
1340	0	
1341	0	
1342	0	
1343	0	
1344	0	
1345	0	
1346	2.500000e-005	
1347	5.000000e-005	
1348	2.500000e-005	
1349	0	
1350	0	
1351	0	
1352	0	
1353	0	
1354	0	
1355	0	
1356	0	
1357	0	
1358	0	
1359	0	
1360	0	
1361	0	
1362	0	
1363	0	
1364	0	
1365	0	
1366	0	
1367	0	
1368	0	
1369	0	
1370	0	
1371	0	
1372	0	
1373	0	
1374	0	
1375	0	
1376	0	
1377	0	
1378	0	
1379	0	
1380	0	
1381	0	
1382	0	
1383	0	
1384	0	
1385	0	
1386	0	
1387	0	
1388	0	
1389	0	
1390	0	
1391	0	
1392	0	
1393	0	
1394	0	
1395	0	
1396	0	
1397	0	
1398	0	
1399	0	
1400	0	
1401	0	
1402	0	
1403	0	
1404	0	
1405	0	
1406	0	
1407	0	
1408	0	
1409	0	
1410	0	
1411	0	
1412	0	
1413	2.500000e-005	
1414	2.500000e-005	
1415	5.000000e-005	
1416	1.000000e-004	
1417	7.500000e-005	
1418	7.500000e-005	
1419	5.000000e-005	
1420	2.500000e-005	
1421	5.000000e-005	
1422	5.000000e-005	
1423	0	
1424	0	
1425	0	
1426	0	
1427	0	
1428	0	
1429	2.500000e-005	
1430	5.000000e-005	
1431	5.000000e-005	
1432	5.000000e-005	
1433	5.000000e-005	
1434	2.500000e-005	
1435	0	
1436	0	
1437	0	
1438	0	
1439	0	
1440	0	
1441	2.500000e-005	
1442	2.500000e-005	
1443	0	
1444	0	
1445	0	
1446	0	
1447	0	
1448	0	
1449	0	
1450	0	
1451	0	
1452	0	
1453	0	
1454	0	
1455	0	
1456	0	
1457	0	
1458	0	
1459	0	
1460	0	
1461	2.500000e-005	
1462	5.000000e-005	
1463	1.000000e-004	
1464	1.000000e-004	
1465	1.250000e-004	
1466	1.500000e-004	
1467	1.500000e-004	
1468	2.000000e-004	
1469	2.000000e-004	
1470	7.500000e-005	
1471	1.250000e-004	
1472	1.000000e-004	
1473	7.500000e-005	
1474	7.500000e-005	
1475	1.000000e-004	
1476	1.250000e-004	
1477	1.000000e-004	
1478	7.500000e-005	
1479	1.000000e-004	
1480	1.000000e-004	
1481	2.000000e-004	
1482	2.750000e-004	
1483	2.000000e-004	
1484	2.250000e-004	
1485	1.500000e-004	
1486	7.500000e-005	
1487	5.000000e-005	
1488	1.250000e-004	
1489	7.500000e-005	
1490	2.500000e-005	
1491	2.500000e-005	
1492	5.000000e-005	
1493	2.500000e-005	
1494	2.500000e-005	
1495	0	
1496	0	
1497	0	
1498	0	
1499	0	
1500	0	
1501	0	
1502	0	
1503	0	
1504	0	
1505	0	
1506	0	
1507	0	
1508	0	
1509	0	
1510	0	
1511	0	
1512	0	
1513	0	
1514	0	
1515	0	
1516	2.500000e-005	
1517	7.500000e-005	
1518	5.000000e-005	
1519	5.000000e-005	
1520	5.000000e-005	
1521	7.500000e-005	
1522	1.500000e-004	
1523	1.500000e-004	
1524	7.500000e-005	
1525	7.500000e-005	
1526	2.500000e-005	
1527	0	
1528	0	
1529	0	
1530	0	
1531	0	
1532	0	
1533	0	
1534	0	
1535	0	
1536	0	
1537	0	
1538	0	
1539	0	
1540	0	
1541	2.500000e-005	
1542	7.500000e-005	
1543	0	
1544	0	
1545	0	
1546	0	
1547	2.500000e-005	
1548	1.250000e-004	
1549	2.000000e-004	
1550	1.750000e-004	
1551	2.250000e-004	
1552	3.000000e-004	
1553	4.000000e-004	
1554	5.250000e-004	
1555	8.000000e-004	
1556	7.750000e-004	
1557	9.000000e-004	
1558	9.250000e-004	
1559	9.500000e-004	
1560	1.150000e-003	
1561	1.050000e-003	
1562	1.075000e-003	
1563	1.150000e-003	
1564	1.575000e-003	
1565	1.375000e-003	
1566	1.250000e-003	
1567	1.125000e-003	
1568	1.175000e-003	
1569	1.275000e-003	
1570	1.150000e-003	
1571	1.425000e-003	
1572	1.375000e-003	
1573	1.375000e-003	
1574	1.200000e-003	
1575	1.100000e-003	
1576	1.300000e-003	
1577	1.250000e-003	
1578	1.275000e-003	
1579	1.175000e-003	
1580	1.050000e-003	
1581	9.750000e-004	
1582	1.025000e-003	
1583	9.250000e-004	
1584	9.500000e-004	
1585	8.500000e-004	
1586	8.500000e-004	
1587	8.000000e-004	
1588	9.250000e-004	
1589	1.225000e-003	
1590	1.225000e-003	
1591	1.150000e-003	
1592	1.275000e-003	
1593	9.750000e-004	
1594	9.000000e-004	
1595	1.075000e-003	
1596	9.250000e-004	
1597	9.250000e-004	
1598	8.250000e-004	
1599	8.250000e-004	
1600	7.750000e-004	
1601	7.250000e-004	
1602	8.250000e-004	
1603	9.000000e-004	
1604	7.750000e-004	
1605	8.000000e-004	
1606	9.750000e-004	
1607	1.075000e-003	
1608	1.000000e-003	
1609	1.325000e-003	
1610	1.375000e-003	
1611	1.025000e-003	
1612	1.100000e-003	
1613	8.500000e-004	
1614	8.000000e-004	
1615	7.750000e-004	
1616	7.750000e-004	
1617	5.250000e-004	
1618	5.500000e-004	
1619	3.000000e-004	
1620	4.750000e-004	
1621	3.500000e-004	
1622	3.750000e-004	
1623	4.750000e-004	
1624	4.500000e-004	
1625	4.000000e-004	
1626	3.250000e-004	
1627	2.500000e-004	
1628	2.500000e-004	
1629	3.000000e-004	
1630	4.250000e-004	
1631	4.000000e-004	
1632	2.750000e-004	
1633	2.500000e-004	
1634	2.750000e-004	
1635	3.750000e-004	
1636	3.250000e-004	
1637	3.750000e-004	
1638	3.750000e-004	
1639	4.500000e-004	
1640	4.500000e-004	
1641	4.250000e-004	
1642	4.500000e-004	
1643	4.750000e-004	
1644	4.250000e-004	
1645	3.750000e-004	
1646	3.000000e-004	
1647	4.500000e-004	
1648	4.500000e-004	
1649	6.750000e-004	
1650	7.000000e-004	
1651	7.000000e-004	
1652	5.500000e-004	
1653	6.250000e-004	
1654	5.250000e-004	
1655	3.250000e-004	
1656	2.500000e-004	
1657	3.750000e-004	
1658	5.000000e-004	
1659	5.000000e-004	
1660	5.250000e-004	
1661	5.000000e-004	
1662	4.250000e-004	
1663	3.750000e-004	
1664	3.500000e-004	
1665	4.750000e-004	
1666	4.250000e-004	
1667	5.250000e-004	
1668	5.500000e-004	
1669	3.500000e-004	
1670	3.500000e-004	
1671	4.250000e-004	
1672	4.500000e-004	
1673	7.000000e-004	
1674	8.000000e-004	
1675	7.500000e-004	
1676	7.500000e-004	
1677	6.750000e-004	
1678	5.750000e-004	
1679	6.250000e-004	
1680	5.000000e-004	
1681	3.750000e-004	
1682	3.750000e-004	
1683	3.500000e-004	
1684	1.750000e-004	
1685	1.500000e-004	
1686	7.500000e-005	
1687	1.250000e-004	
1688	1.500000e-004	
1689	1.250000e-004	
1690	1.500000e-004	
1691	2.500000e-004	
1692	1.750000e-004	
1693	1.750000e-004	
1694	2.750000e-004	
1695	2.500000e-004	
1696	2.250000e-004	
1697	2.500000e-004	
1698	2.500000e-004	
1699	3.500000e-004	
1700	3.500000e-004	
1701	1.750000e-004	
1702	2.000000e-004	
1703	2.500000e-004	
1704	3.500000e-004	
1705	2.750000e-004	
1706	1.750000e-004	
1707	1.500000e-004	
1708	2.250000e-004	
1709	2.250000e-004	
1710	1.500000e-004	
1711	2.000000e-004	
1712	3.000000e-004	
1713	3.500000e-004	
1714	3.750000e-004	
1715	4.250000e-004	
1716	3.000000e-004	
1717	4.000000e-004	
1718	6.750000e-004	
1719	6.500000e-004	
1720	7.000000e-004	
1721	7.750000e-004	
1722	7.250000e-004	
1723	9.500000e-004	
1724	7.250000e-004	
1725	8.500000e-004	
1726	8.750000e-004	
1727	1.100000e-003	
1728	1.275000e-003	
1729	1.425000e-003	
1730	1.450000e-003	
1731	1.250000e-003	
1732	1.275000e-003	
1733	1.825000e-003	
1734	2.050000e-003	
1735	2.275000e-003	
1736	2.400000e-003	
1737	2.400000e-003	
1738	2.475000e-003	
1739	2.525000e-003	
1740	2.475000e-003	
1741	2.625000e-003	
1742	2.800000e-003	
1743	2.675000e-003	
1744	2.400000e-003	
1745	2.450000e-003	
1746	1.900000e-003	
1747	2.050000e-003	
1748	1.875000e-003	
1749	1.975000e-003	
1750	2.100000e-003	
1751	2.250000e-003	
1752	2.450000e-003	
1753	1.825000e-003	
1754	2.425000e-003	
1755	2.725000e-003	
1756	2.500000e-003	
1757	2.350000e-003	
1758	2.125000e-003	
1759	2.250000e-003	
1760	2.225000e-003	
1761	2.550000e-003	
1762	2.525000e-003	
1763	2.150000e-003	
1764	2.400000e-003	
1765	2.050000e-003	
1766	2.250000e-003	
1767	2.075000e-003	
1768	2.250000e-003	
1769	2.625000e-003	
1770	2.625000e-003	
1771	2.825000e-003	
1772	2.700000e-003	
1773	2.425000e-003	
1774	2.575000e-003	
1775	2.525000e-003	
1776	2.725000e-003	
1777	2.750000e-003	
1778	2.875000e-003	
1779	2.325000e-003	
1780	2.050000e-003	
1781	2.550000e-003	
1782	2.850000e-003	
1783	2.950000e-003	
1784	2.825000e-003	
1785	2.675000e-003	
1786	2.250000e-003	
1787	2.550000e-003	
1788	2.300000e-003	
1789	2.200000e-003	
1790	2.450000e-003	
1791	2.150000e-003	
1792	2.250000e-003	
1793	2.100000e-003	
1794	2.250000e-003	
1795	2.550000e-003	
1796	2.325000e-003	
1797	2.525000e-003	
1798	2.025000e-003	
1799	1.950000e-003	
1800	1.650000e-003	
1801	1.850000e-003	
1802	1.975000e-003	
1803	2.025000e-003	
1804	2.050000e-003	
1805	2.150000e-003	
1806	2.175000e-003	
1807	1.975000e-003	
1808	2.250000e-003	
1809	2.250000e-003	
1810	2.525000e-003	
1811	2.625000e-003	
1812	2.650000e-003	
1813	2.575000e-003	
1814	2.675000e-003	
1815	2.650000e-003	
1816	2.350000e-003	
1817	2.275000e-003	
1818	2.450000e-003	
1819	2.475000e-003	
1820	2.550000e-003	
1821	2.950000e-003	
1822	2.600000e-003	
1823	2.750000e-003	
1824	2.575000e-003	
1825	1.975000e-003	
1826	1.625000e-003	
1827	1.975000e-003	
1828	1.475000e-003	
1829	1.725000e-003	
1830	1.400000e-003	
1831	1.300000e-003	
1832	1.250000e-003	
1833	1.175000e-003	
1834	1.100000e-003	
1835	9.750000e-004	
1836	8.250000e-004	
1837	8.250000e-004	
1838	9.750000e-004	
1839	1.050000e-003	
1840	8.500000e-004	
1841	7.000000e-004	
1842	6.750000e-004	
1843	7.500000e-004	
1844	6.500000e-004	
1845	6.500000e-004	
1846	6.500000e-004	
1847	6.750000e-004	
1848	7.000000e-004	
1849	8.000000e-004	
1850	6.750000e-004	
1851	6.250000e-004	
1852	6.250000e-004	
1853	5.750000e-004	
1854	5.250000e-004	
1855	5.000000e-004	
1856	4.750000e-004	
1857	3.750000e-004	
1858	5.250000e-004	
1859	5.250000e-004	
1860	6.500000e-004	
1861	4.000000e-004	
1862	3.750000e-004	
1863	3.500000e-004	
1864	3.750000e-004	
1865	6.250000e-004	
1866	5.250000e-004	
1867	6.750000e-004	
1868	6.500000e-004	
1869	4.750000e-004	
1870	4.250000e-004	
1871	3.500000e-004	
1872	3.000000e-004	
1873	4.000000e-004	
1874	3.500000e-004	
1875	6.000000e-004	
1876	5.750000e-004	
1877	5.500000e-004	
1878	4.500000e-004	
1879	5.000000e-004	
1880	6.250000e-004	
1881	6.750000e-004	
1882	5.500000e-004	
1883	5.500000e-004	
1884	5.750000e-004	
1885	6.000000e-004	
1886	5.750000e-004	
1887	3.750000e-004	
1888	4.000000e-004	
1889	3.250000e-004	
1890	3.250000e-004	
1891	3.500000e-004	
1892	3.750000e-004	
1893	5.000000e-004	
1894	4.750000e-004	
1895	3.500000e-004	
1896	3.500000e-004	
1897	3.750000e-004	
1898	3.750000e-004	
1899	2.750000e-004	
1900	2.750000e-004	
1901	1.250000e-004	
1902	1.000000e-004	
1903	2.250000e-004	
1904	2.500000e-004	
1905	2.500000e-004	
1906	1.750000e-004	
1907	2.750000e-004	
1908	3.000000e-004	
1909	2.500000e-004	
1910	2.750000e-004	
1911	1.750000e-004	
1912	1.750000e-004	
1913	1.750000e-004	
1914	1.250000e-004	
1915	2.750000e-004	
1916	2.500000e-004	
1917	1.750000e-004	
1918	2.250000e-004	
1919	2.250000e-004	
1920	2.750000e-004	
1921	2.500000e-004	
1922	2.500000e-004	
1923	1.750000e-004	
1924	1.500000e-004	
1925	7.500000e-005	
1926	0	
1927	0	
1928	0	
1929	0	
1930	0	
1931	0	
1932	0	
1933	0	
1934	0	
1935	0	
1936	0	
1937	0	
1938	0	
1939	0	
1940	0	
1941	0	
1942	0	
1943	0	
1944	0	
1945	0	
1946	0	
1947	0	
1948	0	
1949	0	
1950	0	
1951	0	
1952	0	
1953	0	
1954	0	
1955	0	
1956	0	
1957	2.500000e-005	
1958	7.500000e-005	
1959	7.500000e-005	
1960	1.500000e-004	
1961	1.500000e-004	
1962	2.000000e-004	
1963	1.500000e-004	
1964	1.750000e-004	
1965	1.500000e-004	
1966	1.250000e-004	
1967	5.000000e-005	
1968	0	
1969	0	
1970	0	
1971	0	
1972	0	
1973	0	
1974	0	
1975	0	
1976	0	
1977	0	
1978	0	
1979	0	
1980	0	
1981	0	
1982	0	
1983	0	
1984	0	
1985	0	
1986	0	
1987	0	
1988	0	
1989	0	
1990	0	
1991	0	
1992	2.500000e-005	
1993	7.500000e-005	
1994	1.250000e-004	
1995	1.250000e-004	
1996	7.500000e-005	
1997	2.500000e-005	
1998	0	
1999	0	
2000	0	
2001	0	
2002	0	
2003	0	
2004	0	
2005	0	
2006	0	
2007	0	
2008	0	
2009	0	
2010	0	
2011	0	
2012	0	
2013	0	
2014	0	
2015	0	
2016	0	
2017	2.500000e-005	
2018	7.500000e-005	
2019	7.500000e-005	
2020	2.000000e-004	
2021	1.750000e-004	
2022	5.000000e-005	
2023	1.000000e-004	
2024	1.250000e-004	
2025	7.500000e-005	
2026	1.000000e-004	
2027	1.500000e-004	
2028	1.000000e-004	
2029	7.500000e-005	
2030	5.000000e-005	
2031	5.000000e-005	
2032	2.500000e-005	
2033	2.500000e-005	
2034	5.000000e-005	
2035	2.500000e-005	
2036	0	
2037	0	
2038	0	
2039	0	
2040	0	
2041	0	
2042	0	
2043	0	
2044	0	
2045	0	
2046	2.500000e-005	
2047	5.000000e-005	
2048	2.500000e-005	
2049	2.500000e-005	
2050	5.000000e-005	
2051	2.500000e-005	
2052	2.500000e-005	
2053	2.500000e-005	
2054	5.000000e-005	
2055	2.500000e-005	
2056	5.000000e-005	
2057	7.500000e-005	
2058	1.250000e-004	
2059	1.000000e-004	
2060	7.500000e-005	
2061	1.000000e-004	
2062	1.000000e-004	
2063	1.000000e-004	
2064	7.500000e-005	
2065	5.000000e-005	
2066	2.500000e-005	
2067	0	
2068	0	
2069	0	
2070	0	
2071	0	
2072	0	
2073	0	
2074	0	
2075	0	
2076	0	
2077	0	
2078	0	
2079	0	
2080	0	
2081	0	
2082	0	
2083	0	
2084	0	
2085	0	
2086	0	
2087	0	
2088	0	
2089	0	
2090	0	
2091	2.500000e-005	
2092	5.000000e-005	
2093	2.500000e-005	
2094	2.500000e-005	
2095	2.500000e-005	
2096	5.000000e-005	
2097	5.000000e-005	
2098	2.500000e-005	
2099	2.500000e-005	
2100	2.500000e-005	
2101	0	
2102	0	
2103	0	
2104	0	
2105	0	
2106	0	
2107	0	
2108	2.500000e-005	
2109	1.250000e-004	
2110	1.500000e-004	
2111	2.250000e-004	
2112	2.750000e-004	
2113	3.500000e-004	
2114	3.250000e-004	
2115	3.500000e-004	
2116	3.250000e-004	
2117	2.750000e-004	
2118	4.500000e-004	
2119	5.250000e-004	
2120	6.500000e-004	
2121	6.500000e-004	
2122	8.000000e-004	
2123	8.250000e-004	
2124	8.500000e-004	
2125	8.750000e-004	
2126	9.000000e-004	
2127	8.000000e-004	
2128	8.750000e-004	
2129	9.250000e-004	
2130	1.000000e-003	
2131	1.200000e-003	
2132	1.075000e-003	
2133	1.275000e-003	
2134	1.000000e-003	
2135	9.500000e-004	
2136	1.150000e-003	
2137	1.250000e-003	
2138	1.275000e-003	
2139	1.450000e-003	
2140	1.250000e-003	
2141	1.250000e-003	
2142	1.100000e-003	
2143	1.025000e-003	
2144	1.000000e-003	
2145	1.125000e-003	
2146	1.225000e-003	
2147	1.125000e-003	
2148	1.100000e-003	
2149	1.225000e-003	
2150	1.050000e-003	
2151	1.050000e-003	
2152	1.100000e-003	
2153	1.200000e-003	
2154	1.225000e-003	
2155	1.325000e-003	
2156	1.075000e-003	
2157	8.250000e-004	
2158	7.000000e-004	
2159	5.750000e-004	
2160	7.250000e-004	
2161	8.250000e-004	
2162	7.250000e-004	
2163	7.750000e-004	
2164	7.500000e-004	
2165	7.500000e-004	
2166	6.750000e-004	
2167	6.500000e-004	
2168	6.250000e-004	
2169	7.500000e-004	
2170	6.750000e-004	
2171	7.750000e-004	
2172	1.175000e-003	
2173	1.050000e-003	
2174	1.150000e-003	
2175	1.075000e-003	
2176	1.100000e-003	
2177	8.750000e-004	
2178	1.100000e-003	
2179	8.250000e-004	
2180	1.100000e-003	
2181	1.150000e-003	
2182	1.450000e-003	
2183	1.575000e-003	
2184	1.925000e-003	
2185	2.150000e-003	
2186	1.925000e-003	
2187	1.750000e-003	
2188	1.875000e-003	
2189	1.600000e-003	
2190	1.550000e-003	
2191	1.600000e-003	
2192	1.525000e-003	
2193	1.700000e-003	
2194	1.975000e-003	
2195	1.825000e-003	
2196	1.775000e-003	
2197	1.500000e-003	
2198	1.575000e-003	
2199	1.675000e-003	
2200	1.225000e-003	
2201	9.750000e-004	
2202	1.100000e-003	
2203	1.250000e-003	
2204	1.275000e-003	
2205	1.175000e-003	
2206	1.100000e-003	
2207	1.000000e-003	
2208	1.175000e-003	
2209	1.300000e-003	
2210	1.150000e-003	
2211	1.250000e-003	
2212	1.575000e-003	
2213	1.650000e-003	
2214	1.575000e-003	
2215	1.575000e-003	
2216	1.700000e-003	
2217	1.625000e-003	
2218	1.775000e-003	
2219	1.850000e-003	
2220	1.750000e-003	
2221	1.600000e-003	
2222	1.800000e-003	
2223	1.450000e-003	
2224	1.375000e-003	
2225	1.200000e-003	
2226	1.350000e-003	
2227	1.300000e-003	
2228	1.350000e-003	
2229	1.250000e-003	
2230	1.425000e-003	
2231	1.400000e-003	
2232	1.700000e-003	
2233	1.750000e-003	
2234	1.700000e-003	
2235	1.800000e-003	
2236	1.525000e-003	
2237	1.650000e-003	
2238	1.650000e-003	
2239	1.725000e-003	
2240	1.825000e-003	
2241	1.875000e-003	
2242	1.725000e-003	
2243	1.750000e-003	
2244	1.975000e-003	
2245	2.025000e-003	
2246	1.975000e-003	
2247	2.175000e-003	
2248	2.325000e-003	
2249	2.450000e-003	
2250	2.675000e-003	
2251	2.950000e-003	
2252	2.825000e-003	
2253	2.475000e-003	
2254	2.425000e-003	
2255	2.450000e-003	
2256	2.475000e-003	
2257	2.475000e-003	
2258	2.650000e-003	
2259	2.950000e-003	
2260	2.975000e-003	
2261	3.250000e-003	
2262	3.675000e-003	
2263	3.250000e-003	
2264	3.675000e-003	
2265	3.450000e-003	
2266	2.875000e-003	
2267	2.750000e-003	
2268	2.875000e-003	
2269	2.675000e-003	
2270	2.450000e-003	
2271	2.425000e-003	
2272	2.400000e-003	
2273	2.175000e-003	
2274	1.800000e-003	
2275	1.700000e-003	
2276	1.750000e-003	
2277	1.725000e-003	
2278	1.625000e-003	
2279	1.300000e-003	
2280	1.250000e-003	
2281	1.125000e-003	
2282	1.200000e-003	
2283	1.500000e-003	
2284	1.425000e-003	
2285	1.325000e-003	
2286	1.300000e-003	
2287	1.225000e-003	
2288	1.400000e-003	
2289	1.400000e-003	
2290	1.250000e-003	
2291	1.125000e-003	
2292	1.350000e-003	
2293	1.275000e-003	
2294	1.125000e-003	
2295	1.050000e-003	
2296	1.150000e-003	
2297	1.200000e-003	
2298	1.225000e-003	
2299	1.225000e-003	
2300	1.250000e-003	
2301	1.325000e-003	
2302	1.250000e-003	
2303	1.375000e-003	
2304	9.500000e-004	
2305	1.025000e-003	
2306	1.050000e-003	
2307	9.750000e-004	
2308	8.750000e-004	
2309	7.750000e-004	
2310	7.750000e-004	
2311	7.250000e-004	
2312	6.250000e-004	
2313	6.750000e-004	
2314	5.250000e-004	
2315	4.750000e-004	
2316	4.500000e-004	
2317	5.750000e-004	
2318	6.250000e-004	
2319	6.750000e-004	
2320	5.500000e-004	
2321	4.250000e-004	
2322	4.250000e-004	
2323	3.500000e-004	
2324	4.000000e-004	
2325	3.750000e-004	
2326	3.750000e-004	
2327	4.500000e-004	
2328	1.750000e-004	
2329	2.000000e-004	
2330	2.250000e-004	
2331	3.250000e-004	
2332	2.500000e-004	
2333	1.250000e-004	
2334	1.750000e-004	
2335	1.250000e-004	
2336	2.250000e-004	
2337	2.250000e-004	
2338	3.750000e-004	
2339	6.000000e-004	
2340	4.250000e-004	
2341	3.000000e-004	
2342	3.000000e-004	
2343	3.000000e-004	
2344	3.250000e-004	
2345	4.000000e-004	
2346	4.500000e-004	
2347	5.000000e-004	
2348	4.000000e-004	
2349	3.000000e-004	
2350	3.500000e-004	
2351	2.750000e-004	
2352	2.000000e-004	
2353	3.250000e-004	
2354	4.000000e-004	
2355	2.500000e-004	
2356	3.000000e-004	
2357	2.250000e-004	
2358	3.000000e-004	
2359	1.750000e-004	
2360	5.000000e-005	
2361	1.250000e-004	
2362	1.750000e-004	
2363	1.750000e-004	
2364	1.750000e-004	
2365	2.750000e-004	
2366	1.500000e-004	
2367	1.250000e-004	
2368	7.500000e-005	
2369	1.000000e-004	
2370	1.000000e-004	
2371	1.250000e-004	
2372	1.750000e-004	
2373	2.000000e-004	
2374	2.000000e-004	
2375	2.250000e-004	
2376	3.750000e-004	
2377	3.500000e-004	
2378	4.250000e-004	
2379	4.250000e-004	
2380	5.000000e-004	
2381	6.000000e-004	
2382	3.500000e-004	
2383	4.250000e-004	
2384	5.000000e-004	
2385	4.500000e-004	
2386	4.750000e-004	
2387	3.250000e-004	
2388	3.250000e-004	
2389	3.750000e-004	
2390	3.000000e-004	
2391	4.250000e-004	
2392	5.000000e-004	
2393	5.750000e-004	
2394	4.250000e-004	
2395	4.750000e-004	
2396	5.000000e-004	
2397	4.500000e-004	
2398	3.250000e-004	
2399	4.000000e-004	
2400	4.500000e-004	
2401	3.750000e-004	
2402	4.250000e-004	
2403	3.750000e-004	
2404	5.000000e-004	
2405	5.500000e-004	
2406	4.750000e-004	
2407	5.000000e-004	
2408	6.000000e-004	
2409	7.250000e-004	
2410	8.250000e-004	
2411	7.250000e-004	
2412	7.750000e-004	
2413	9.000000e-004	
2414	9.750000e-004	
2415	8.250000e-004	
2416	9.250000e-004	
2417	9.250000e-004	
2418	8.250000e-004	
2419	6.750000e-004	
2420	8.250000e-004	
2421	9.750000e-004	
2422	1.050000e-003	
2423	1.000000e-003	
2424	7.250000e-004	
2425	9.250000e-004	
2426	1.100000e-003	
2427	1.075000e-003	
2428	1.075000e-003	
2429	1.200000e-003	
2430	8.500000e-004	
2431	6.750000e-004	
2432	5.250000e-004	
2433	4.250000e-004	
2434	2.000000e-004	
2435	1.000000e-004	
2436	7.500000e-005	
2437	1.000000e-004	
2438	1.000000e-004	
2439	1.000000e-004	
2440	1.250000e-004	
2441	1.250000e-004	
2442	1.000000e-004	
2443	2.250000e-004	
2444	2.250000e-004	
2445	1.000000e-004	
2446	1.500000e-004	
2447	1.500000e-004	
2448	1.000000e-004	
2449	5.000000e-005	
2450	1.250000e-004	
2451	1.750000e-004	
2452	1.250000e-004	
2453	1.500000e-004	
2454	5.000000e-005	
2455	5.000000e-005	
2456	7.500000e-005	
2457	5.000000e-005	
2458	1.000000e-004	
2459	5.000000e-005	
2460	7.500000e-005	
2461	1.500000e-004	
2462	2.500000e-004	
2463	2.250000e-004	
2464	3.250000e-004	
2465	2.750000e-004	
2466	1.500000e-004	
2467	2.000000e-004	
2468	1.500000e-004	
2469	1.750000e-004	
2470	2.000000e-004	
2471	1.250000e-004	
2472	1.250000e-004	
2473	1.750000e-004	
2474	2.000000e-004	
2475	1.250000e-004	
2476	2.000000e-004	
2477	1.500000e-004	
2478	1.500000e-004	
2479	2.000000e-004	
2480	2.000000e-004	
2481	3.750000e-004	
2482	3.250000e-004	
2483	3.500000e-004	
2484	4.750000e-004	
2485	5.500000e-004	
2486	4.250000e-004	
2487	4.750000e-004	
2488	4.750000e-004	
2489	4.500000e-004	
2490	3.750000e-004	
2491	4.750000e-004	
2492	6.750000e-004	
2493	5.750000e-004	
2494	6.500000e-004	
2495	6.750000e-004	
2496	5.000000e-004	
2497	5.250000e-004	
2498	3.250000e-004	
2499	3.250000e-004	
2500	2.000000e-004	
2501	2.250000e-004	
2502	2.500000e-004	
2503	3.750000e-004	
2504	3.250000e-004	
2505	2.500000e-004	
2506	2.500000e-004	
2507	2.250000e-004	
2508	1.250000e-004	
2509	2.000000e-004	
2510	2.750000e-004	
2511	2.250000e-004	
2512	2.250000e-004	
2513	2.250000e-004	
2514	1.500000e-004	
2515	2.500000e-004	
2516	1.000000e-004	
2517	1.500000e-004	
2518	1.750000e-004	
2519	2.750000e-004	
2520	2.750000e-004	
2521	2.000000e-004	
2522	2.000000e-004	
2523	3.000000e-004	
2524	2.000000e-004	
2525	1.750000e-004	
2526	1.750000e-004	
2527	3.500000e-004	
2528	3.750000e-004	
2529	4.000000e-004	
2530	4.000000e-004	
2531	3.250000e-004	
2532	3.000000e-004	
2533	4.500000e-004	
2534	4.500000e-004	
2535	4.750000e-004	
2536	4.500000e-004	
2537	4.750000e-004	
2538	5.250000e-004	
2539	5.250000e-004	
2540	6.250000e-004	
2541	5.250000e-004	
2542	6.000000e-004	
2543	6.750000e-004	
2544	3.750000e-004	
2545	4.500000e-004	
2546	4.000000e-004	
2547	5.250000e-004	
2548	8.250000e-004	
2549	9.250000e-004	
2550	6.250000e-004	
2551	7.250000e-004	
2552	9.500000e-004	
2553	7.000000e-004	
2554	7.000000e-004	
2555	8.500000e-004	
2556	5.250000e-004	
2557	5.750000e-004	
2558	6.750000e-004	
2559	6.000000e-004	
2560	4.250000e-004	
2561	3.250000e-004	
2562	1.500000e-004	
2563	7.500000e-005	
2564	7.500000e-005	
2565	1.000000e-004	
2566	1.750000e-004	
2567	1.750000e-004	
2568	2.750000e-004	
2569	2.750000e-004	
2570	1.000000e-004	
2571	2.500000e-005	
2572	0	
2573	0	
2574	0	
2575	0	
2576	0	
2577	0	
2578	0	
2579	0	
2580	0	
2581	0	
2582	0	
2583	0	
2584	0	
2585	0	
2586	0	
2587	0	
2588	0	
2589	0	
2590	0	
2591	0	
2592	2.500000e-005	
2593	7.500000e-005	
2594	2.000000e-004	
2595	2.250000e-004	
2596	2.000000e-004	
2597	3.500000e-004	
2598	3.500000e-004	
2599	4.500000e-004	
2600	4.500000e-004	
2601	4.750000e-004	
2602	3.000000e-004	
2603	3.500000e-004	
2604	3.000000e-004	
2605	2.250000e-004	
2606	3.000000e-004	
2607	3.750000e-004	
2608	3.500000e-004	
2609	2.250000e-004	
2610	2.250000e-004	
2611	3.000000e-004	
2612	2.750000e-004	
2613	2.500000e-004	
2614	2.000000e-004	
2615	2.250000e-004	
2616	1.500000e-004	
2617	7.500000e-005	
2618	2.250000e-004	
2619	3.000000e-004	
2620	2.750000e-004	
2621	2.500000e-004	
2622	4.000000e-004	
2623	4.500000e-004	
2624	7.000000e-004	
2625	7.500000e-004	
2626	6.250000e-004	
2627	5.500000e-004	
2628	7.250000e-004	
2629	6.500000e-004	
2630	7.250000e-004	
2631	8.500000e-004	
2632	6.750000e-004	
2633	7.250000e-004	
2634	6.750000e-004	
2635	7.500000e-004	
2636	7.500000e-004	
2637	7.000000e-004	
2638	7.250000e-004	
2639	6.750000e-004	
2640	6.500000e-004	
2641	7.750000e-004	
2642	5.750000e-004	
2643	5.750000e-004	
2644	4.250000e-004	
2645	4.250000e-004	
2646	5.250000e-004	
2647	5.500000e-004	
2648	3.250000e-004	
2649	3.750000e-004	
2650	2.750000e-004	
2651	2.250000e-004	
2652	1.500000e-004	
2653	1.250000e-004	
2654	1.750000e-004	
2655	5.000000e-005	
2656	5.000000e-005	
2657	5.000000e-005	
2658	2.500000e-005	
2659	5.000000e-005	
2660	1.000000e-004	
2661	1.500000e-004	
2662	1.250000e-004	
2663	1.500000e-004	
2664	1.250000e-004	
2665	2.500000e-004	
2666	3.000000e-004	
2667	3.500000e-004	
2668	4.500000e-004	
2669	5.750000e-004	
2670	7.000000e-004	
2671	8.500000e-004	
2672	1.000000e-003	
2673	1.225000e-003	
2674	1.100000e-003	
2675	1.025000e-003	
2676	1.275000e-003	
2677	1.275000e-003	
2678	1.400000e-003	
2679	1.350000e-003	
2680	1.400000e-003	
2681	1.175000e-003	
2682	1.300000e-003	
2683	1.375000e-003	
2684	1.300000e-003	
2685	9.750000e-004	
2686	1.075000e-003	
2687	1.000000e-003	
2688	1.050000e-003	
2689	1.225000e-003	
2690	1.575000e-003	
2691	1.500000e-003	
2692	1.725000e-003	
2693	1.300000e-003	
2694	1.325000e-003	
2695	1.250000e-003	
2696	1.175000e-003	
2697	1.200000e-003	
2698	1.475000e-003	
2699	1.275000e-003	
2700	1.500000e-003	
2701	1.625000e-003	
2702	1.575000e-003	
2703	1.650000e-003	
2704	1.975000e-003	
2705	2.050000e-003	
2706	1.775000e-003	
2707	1.800000e-003	
2708	1.525000e-003	
2709	1.600000e-003	
2710	1.250000e-003	
2711	9.500000e-004	
2712	1.100000e-003	
2713	1.350000e-003	
2714	1.225000e-003	
2715	1.300000e-003	
2716	1.100000e-003	
2717	9.250000e-004	
2718	1.300000e-003	
2719	1.250000e-003	
2720	1.100000e-003	
2721	1.700000e-003	
2722	1.875000e-003	
2723	2.175000e-003	
2724	1.750000e-003	
2725	1.750000e-003	
2726	1.775000e-003	
2727	1.775000e-003	
2728	1.675000e-003	
2729	1.675000e-003	
2730	1.775000e-003	
2731	2.150000e-003	
2732	2.525000e-003	
2733	2.400000e-003	
2734	2.725000e-003	
2735	2.675000e-003	
2736	2.725000e-003	
2737	2.575000e-003	
2738	2.525000e-003	
2739	2.225000e-003	
2740	1.950000e-003	
2741	1.900000e-003	
2742	2.525000e-003	
2743	2.075000e-003	
2744	2.225000e-003	
2745	2.200000e-003	
2746	2.000000e-003	
2747	2.175000e-003	
2748	1.950000e-003	
2749	1.775000e-003	
2750	1.850000e-003	
2751	1.975000e-003	
2752	2.050000e-003	
2753	2.150000e-003	
2754	2.075000e-003	
2755	2.175000e-003	
2756	2.375000e-003	
2757	2.300000e-003	
2758	2.425000e-003	
2759	2.600000e-003	
2760	2.750000e-003	
2761	2.450000e-003	
2762	2.525000e-003	
2763	2.400000e-003	
2764	2.475000e-003	
2765	2.450000e-003	
2766	2.225000e-003	
2767	2.075000e-003	
2768	2.000000e-003	
2769	2.100000e-003	
2770	2.125000e-003	
2771	2.300000e-003	
2772	2.275000e-003	
2773	1.925000e-003	
2774	2.125000e-003	
2775	1.750000e-003	
2776	2.100000e-003	
2777	2.150000e-003	
2778	2.050000e-003	
2779	1.975000e-003	
2780	1.825000e-003	
2781	1.600000e-003	
2782	1.575000e-003	
2783	1.675000e-003	
2784	1.725000e-003	
2785	1.550000e-003	
2786	1.425000e-003	
2787	1.200000e-003	
2788	1.100000e-003	
2789	1.000000e-003	
2790	9.500000e-004	
2791	7.000000e-004	
2792	5.250000e-004	
2793	5.250000e-004	
2794	5.500000e-004	
2795	5.000000e-004	
2796	6.000000e-004	
2797	7.750000e-004	
2798	9.000000e-004	
2799	8.250000e-004	
2800	6.500000e-004	
2801	7.000000e-004	
2802	3.750000e-004	
2803	4.500000e-004	
2804	4.000000e-004	
2805	4.750000e-004	
2806	4.500000e-004	
2807	4.250000e-004	
2808	2.500000e-004	
2809	1.750000e-004	
2810	1.750000e-004	
2811	1.250000e-004	
2812	1.500000e-004	
2813	2.500000e-005	
2814	0	
2815	0	
2816	0	
2817	0	
2818	0	
2819	0	
2820	2.500000e-005	
2821	5.000000e-005	
2822	1.000000e-004	
2823	1.000000e-004	
2824	1.500000e-004	
2825	1.500000e-004	
2826	1.750000e-004	
2827	2.000000e-004	
2828	1.250000e-004	
2829	1.000000e-004	
2830	0	
2831	0	
2832	0	
2833	0	
2834	0	
2835	2.500000e-005	
2836	0	
2837	0	
2838	0	
2839	0	
2840	0	
2841	0	
2842	0	
2843	0	
2844	0	
2845	0	
2846	0	
2847	0	
2848	0	
2849	0	
2850	0	
2851	0	
2852	0	
2853	0	
2854	0	
2855	0	
2856	0	
2857	0	
2858	0	
2859	0	
2860	0	
2861	0	
2862	0	
2863	0	
2864	0	
2865	0	
2866	0	
2867	0	
2868	0	
2869	0	
2870	0	
2871	0	
2872	0	
2873	0	
2874	0	
2875	0	
2876	0	
2877	0	
2878	0	
2879	0	
2880	0	
2881	0	
2882	0	
2883	0	
2884	0	
2885	0	
2886	0	
2887	0	
2888	0	
2889	0	
2890	0	
2891	0	
2892	0	
2893	0	
2894	0	
2895	0	
2896	0	
2897	0	
2898	0	
2899	0	
2900	0	
2901	0	
2902	0	
2903	0	
2904	0	
2905	0	
2906	2.500000e-005	
2907	7.500000e-005	
2908	0	
2909	0	
2910	0	
2911	0	
2912	0	
2913	0	
2914	0	
2915	0	
2916	0	
2917	0	
2918	0	
2919	0	
2920	0	
2921	0	
2922	0	
2923	0	
2924	0	
2925	0	
2926	0	
2927	0	
2928	0	
2929	0	
2930	0	
2931	0	
2932	0	
2933	0	
2934	0	
2935	0	
2936	0	
2937	0	
2938	0	
2939	0	
2940	0	
2941	0	
2942	0	
2943	0	
2944	0	
2945	0	
2946	0	
2947	0	
2948	0	
2949	0	
2950	0	
2951	0	
2952	0	
2953	0	
2954	0	
2955	0	
2956	0	
2957	0	
2958	2.500000e-005	
2959	2.500000e-005	
2960	2.500000e-005	
2961	2.500000e-005	
2962	2.500000e-005	
2963	2.500000e-005	
2964	0	
2965	0	
2966	0	
2967	0	
2968	0	
2969	0	
2970	2.500000e-005	
2971	5.000000e-005	
2972	5.000000e-005	
2973	5.000000e-005	
2974	1.250000e-004	
2975	1.750000e-004	
2976	2.500000e-004	
2977	2.250000e-004	
2978	3.250000e-004	
2979	1.750000e-004	
2980	1.750000e-004	
2981	2.250000e-004	
2982	1.750000e-004	
2983	1.750000e-004	
2984	1.250000e-004	
2985	1.250000e-004	
2986	5.000000e-005	
2987	0	
2988	0	
2989	0	
2990	2.500000e-005	
2991	1.250000e-004	
2992	2.000000e-004	
2993	2.000000e-004	
2994	4.500000e-004	
2995	5.500000e-004	
2996	4.500000e-004	
2997	5.000000e-004	
2998	8.000000e-004	
2999	7.250000e-004	
3000	5.750000e-004	
3001	5.500000e-004	
