1	0	
2	0	
3	0	
4	0	
5	0	
6	0	
7	0	
8	0	
9	0	
10	0	
11	0	
12	0	
13	0	
14	0	
15	0	
16	0	
17	0	
18	0	
19	0	
20	0	
21	0	
22	0	
23	0	
24	2.500000e-005	
25	7.500000e-005	
26	1.750000e-004	
27	3.500000e-004	
28	4.750000e-004	
29	7.000000e-004	
30	8.250000e-004	
31	1.000000e-003	
32	1.325000e-003	
33	1.300000e-003	
34	1.825000e-003	
35	2.100000e-003	
36	2.450000e-003	
37	2.725000e-003	
38	2.675000e-003	
39	3.050000e-003	
40	3.450000e-003	
41	3.825000e-003	
42	4.100000e-003	
43	4.350000e-003	
44	4.950000e-003	
45	5.125000e-003	
46	5.650000e-003	
47	5.875000e-003	
48	6.200000e-003	
49	6.825000e-003	
50	7.375000e-003	
51	7.300000e-003	
52	7.525000e-003	
53	8.675000e-003	
54	8.625000e-003	
55	8.625000e-003	
56	8.225000e-003	
57	8.875000e-003	
58	8.825000e-003	
59	9.475000e-003	
60	9.350000e-003	
61	9.200000e-003	
62	9.175000e-003	
63	9.775000e-003	
64	1.005000e-002	
65	1.000000e-002	
66	1.065000e-002	
67	1.112500e-002	
68	1.117500e-002	
69	1.052500e-002	
70	1.000000e-002	
71	1.097500e-002	
72	1.125000e-002	
73	1.100000e-002	
74	1.002500e-002	
75	1.007500e-002	
76	9.975000e-003	
77	9.300000e-003	
78	8.750000e-003	
79	8.500000e-003	
80	7.700000e-003	
81	7.275000e-003	
82	7.150000e-003	
83	6.600000e-003	
84	5.750000e-003	
85	5.875000e-003	
86	6.200000e-003	
87	6.150000e-003	
88	6.075000e-003	
89	5.725000e-003	
90	5.675000e-003	
91	5.150000e-003	
92	5.125000e-003	
93	4.900000e-003	
94	4.725000e-003	
95	4.625000e-003	
96	4.475000e-003	
97	4.125000e-003	
98	4.575000e-003	
99	4.950000e-003	
100	5.150000e-003	
101	4.875000e-003	
102	4.525000e-003	
103	4.150000e-003	
104	3.325000e-003	
105	3.750000e-003	
106	3.425000e-003	
107	3.450000e-003	
108	3.225000e-003	
109	2.800000e-003	
110	2.200000e-003	
111	1.775000e-003	
112	1.450000e-003	
113	1.325000e-003	
114	1.425000e-003	
115	1.375000e-003	
116	1.450000e-003	
117	1.225000e-003	
118	9.500000e-004	
119	1.075000e-003	
120	6.500000e-004	
121	5.000000e-004	
122	4.000000e-004	
123	2.250000e-004	
124	1.500000e-004	
125	2.000000e-004	
126	1.250000e-004	
127	1.000000e-004	
128	2.500000e-005	
129	0	
130	0	
131	0	
132	0	
133	0	
134	0	
135	0	
136	0	
137	0	
138	0	
139	0	
140	0	
141	0	
142	0	
143	0	
144	0	
145	0	
146	0	
147	0	
148	0	
149	0	
150	0	
151	0	
152	0	
153	0	
154	0	
155	0	
156	0	
157	0	
158	0	
159	0	
160	0	
161	2.500000e-005	
162	0	
163	0	
164	0	
165	0	
166	0	
167	0	
168	0	
169	0	
170	0	
171	0	
172	0	
173	0	
174	0	
175	0	
176	0	
177	0	
178	0	
179	0	
180	0	
181	0	
182	0	
183	0	
184	0	
185	0	
186	0	
187	0	
188	0	
189	0	
190	0	
191	0	
192	0	
193	0	
194	0	
195	0	
196	0	
197	0	
198	0	
199	0	
200	0	
201	0	
202	0	
203	0	
204	0	
205	0	
206	0	
207	0	
208	0	
209	0	
210	0	
211	0	
212	0	
213	0	
214	0	
215	0	
216	0	
217	0	
218	0	
219	0	
220	0	
221	0	
222	0	
223	0	
224	0	
225	0	
226	0	
227	2.500000e-005	
228	0	
229	0	
230	0	
231	0	
232	0	
233	2.500000e-005	
234	2.500000e-005	
235	0	
236	0	
237	0	
238	0	
239	0	
240	0	
241	0	
242	0	
243	0	
244	0	
245	0	
246	0	
247	0	
248	0	
249	0	
250	0	
251	0	
252	0	
253	2.500000e-005	
254	7.500000e-005	
255	0	
256	0	
257	0	
258	0	
259	0	
260	0	
261	0	
262	0	
263	0	
264	0	
265	0	
266	0	
267	0	
268	0	
269	0	
270	0	
271	0	
272	0	
273	0	
274	0	
275	0	
276	0	
277	0	
278	0	
279	0	
280	0	
281	0	
282	0	
283	0	
284	0	
285	0	
286	0	
287	0	
288	0	
289	0	
290	0	
291	0	
292	0	
293	0	
294	0	
295	0	
296	0	
297	2.500000e-005	
298	0	
299	0	
300	0	
301	0	
302	0	
303	0	
304	0	
305	0	
306	0	
307	0	
308	0	
309	0	
310	0	
311	0	
312	0	
313	0	
314	0	
315	0	
316	0	
317	0	
318	0	
319	0	
320	0	
321	0	
322	0	
323	0	
324	0	
325	0	
326	0	
327	0	
328	0	
329	2.500000e-005	
330	1.250000e-004	
331	1.000000e-004	
332	1.000000e-004	
333	2.500000e-005	
334	0	
335	0	
336	0	
337	0	
338	0	
339	0	
340	0	
341	0	
342	0	
343	0	
344	0	
345	0	
346	0	
347	0	
348	0	
349	0	
350	0	
351	0	
352	0	
353	0	
354	2.500000e-005	
355	1.000000e-004	
356	7.500000e-005	
357	5.000000e-005	
358	5.000000e-005	
359	5.000000e-005	
360	5.000000e-005	
361	1.250000e-004	
362	1.000000e-004	
363	5.000000e-005	
364	2.500000e-005	
365	5.000000e-005	
366	0	
367	0	
368	0	
369	0	
370	2.500000e-005	
371	2.500000e-005	
372	5.000000e-005	
373	0	
374	0	
375	0	
376	0	
377	0	
378	0	
379	0	
380	0	
381	0	
382	0	
383	0	
384	2.500000e-005	
385	7.500000e-005	
386	1.000000e-004	
387	1.250000e-004	
388	5.000000e-005	
389	5.000000e-005	
390	5.000000e-005	
391	2.500000e-005	
392	0	
393	0	
394	0	
395	0	
396	0	
397	0	
398	0	
399	0	
400	0	
401	0	
402	0	
403	0	
404	0	
405	0	
406	0	
407	0	
408	0	
409	0	
410	0	
411	0	
412	0	
413	0	
414	0	
415	0	
416	0	
417	0	
418	0	
419	0	
420	0	
421	0	
422	0	
423	0	
424	0	
425	0	
426	0	
427	0	
428	0	
429	0	
430	0	
431	0	
432	0	
433	0	
434	0	
435	2.500000e-005	
436	1.250000e-004	
437	0	
438	0	
439	0	
440	0	
441	0	
442	0	
443	0	
444	0	
445	2.500000e-005	
446	2.500000e-005	
447	2.500000e-005	
448	5.000000e-005	
449	5.000000e-005	
450	7.500000e-005	
451	7.500000e-005	
452	7.500000e-005	
453	1.000000e-004	
454	5.000000e-005	
455	1.000000e-004	
456	7.500000e-005	
457	7.500000e-005	
458	7.500000e-005	
459	1.000000e-004	
460	1.000000e-004	
461	1.250000e-004	
462	1.000000e-004	
463	2.500000e-005	
464	2.500000e-005	
465	1.000000e-004	
466	1.750000e-004	
467	1.000000e-004	
468	1.500000e-004	
469	1.750000e-004	
470	1.250000e-004	
471	1.250000e-004	
472	1.250000e-004	
473	1.000000e-004	
474	2.750000e-004	
475	2.500000e-004	
476	2.750000e-004	
477	2.000000e-004	
478	1.000000e-004	
479	7.500000e-005	
480	7.500000e-005	
481	1.250000e-004	
482	1.250000e-004	
483	1.750000e-004	
484	2.750000e-004	
485	2.250000e-004	
486	3.750000e-004	
487	4.000000e-004	
488	4.250000e-004	
489	5.250000e-004	
490	4.750000e-004	
491	4.500000e-004	
492	5.250000e-004	
493	6.000000e-004	
494	4.250000e-004	
495	5.000000e-004	
496	4.250000e-004	
497	5.000000e-004	
498	3.500000e-004	
499	3.250000e-004	
500	2.250000e-004	
501	1.500000e-004	
502	2.250000e-004	
503	3.250000e-004	
504	2.500000e-004	
505	2.250000e-004	
506	1.750000e-004	
507	2.000000e-004	
508	1.750000e-004	
509	1.750000e-004	
510	1.250000e-004	
511	1.250000e-004	
512	1.500000e-004	
513	1.500000e-004	
514	2.000000e-004	
515	1.750000e-004	
516	1.000000e-004	
517	7.500000e-005	
518	2.000000e-004	
519	1.250000e-004	
520	1.000000e-004	
521	5.000000e-005	
522	1.000000e-004	
523	7.500000e-005	
524	1.500000e-004	
525	1.250000e-004	
526	1.250000e-004	
527	1.000000e-004	
528	1.000000e-004	
529	1.250000e-004	
530	1.000000e-004	
531	5.000000e-005	
532	2.500000e-005	
533	2.500000e-005	
534	5.000000e-005	
535	2.250000e-004	
536	1.750000e-004	
537	4.000000e-004	
538	2.000000e-004	
539	2.250000e-004	
540	3.250000e-004	
541	3.250000e-004	
542	1.750000e-004	
543	2.000000e-004	
544	1.250000e-004	
545	1.000000e-004	
546	7.500000e-005	
547	7.500000e-005	
548	1.750000e-004	
549	1.750000e-004	
550	4.000000e-004	
551	4.250000e-004	
552	4.000000e-004	
553	4.500000e-004	
554	4.750000e-004	
555	3.750000e-004	
556	3.250000e-004	
557	2.500000e-004	
558	3.250000e-004	
559	3.000000e-004	
560	3.250000e-004	
561	4.500000e-004	
562	4.000000e-004	
563	4.000000e-004	
564	5.750000e-004	
565	5.500000e-004	
566	5.000000e-004	
567	5.750000e-004	
568	4.750000e-004	
569	4.750000e-004	
570	5.750000e-004	
571	5.000000e-004	
572	6.250000e-004	
573	7.250000e-004	
574	6.250000e-004	
575	7.250000e-004	
576	8.000000e-004	
577	8.000000e-004	
578	7.500000e-004	
579	1.000000e-003	
580	9.500000e-004	
581	9.000000e-004	
582	1.100000e-003	
583	1.300000e-003	
584	1.300000e-003	
585	1.200000e-003	
586	1.150000e-003	
587	1.375000e-003	
588	1.175000e-003	
589	1.150000e-003	
590	1.325000e-003	
591	1.475000e-003	
592	1.400000e-003	
593	1.575000e-003	
594	1.500000e-003	
595	1.475000e-003	
596	1.475000e-003	
597	1.450000e-003	
598	1.650000e-003	
599	1.700000e-003	
600	1.550000e-003	
601	1.775000e-003	
602	1.650000e-003	
603	1.775000e-003	
604	1.625000e-003	
605	1.850000e-003	
606	1.675000e-003	
607	1.550000e-003	
608	1.400000e-003	
609	1.625000e-003	
610	1.700000e-003	
611	1.800000e-003	
612	1.975000e-003	
613	1.650000e-003	
614	2.050000e-003	
615	1.900000e-003	
616	2.125000e-003	
617	2.100000e-003	
618	2.000000e-003	
619	1.600000e-003	
620	1.625000e-003	
621	1.625000e-003	
622	1.350000e-003	
623	1.300000e-003	
624	1.325000e-003	
625	1.725000e-003	
626	1.450000e-003	
627	1.450000e-003	
628	1.450000e-003	
629	1.425000e-003	
630	1.450000e-003	
631	1.425000e-003	
632	1.600000e-003	
633	1.400000e-003	
634	1.400000e-003	
635	1.175000e-003	
636	1.175000e-003	
637	1.200000e-003	
638	1.150000e-003	
639	1.175000e-003	
640	1.375000e-003	
641	1.475000e-003	
642	1.850000e-003	
643	1.925000e-003	
644	1.700000e-003	
645	1.975000e-003	
646	1.800000e-003	
647	2.000000e-003	
648	2.025000e-003	
649	2.025000e-003	
650	1.900000e-003	
651	1.925000e-003	
652	2.050000e-003	
653	2.150000e-003	
654	2.125000e-003	
655	2.050000e-003	
656	1.775000e-003	
657	2.275000e-003	
658	2.550000e-003	
659	2.775000e-003	
660	2.650000e-003	
661	2.925000e-003	
662	3.325000e-003	
663	3.675000e-003	
664	3.600000e-003	
665	4.000000e-003	
666	3.825000e-003	
667	3.825000e-003	
668	4.500000e-003	
669	4.325000e-003	
670	4.375000e-003	
671	4.750000e-003	
672	4.525000e-003	
673	4.350000e-003	
674	4.275000e-003	
675	4.425000e-003	
676	4.275000e-003	
677	4.825000e-003	
678	5.100000e-003	
679	5.575000e-003	
680	5.575000e-003	
681	5.275000e-003	
682	4.700000e-003	
683	4.525000e-003	
684	4.550000e-003	
685	3.900000e-003	
686	4.025000e-003	
687	3.575000e-003	
688	3.300000e-003	
689	3.325000e-003	
690	3.150000e-003	
691	3.025000e-003	
692	2.925000e-003	
693	2.825000e-003	
694	2.925000e-003	
695	2.675000e-003	
696	2.625000e-003	
697	2.825000e-003	
698	2.900000e-003	
699	2.900000e-003	
700	2.725000e-003	
701	2.550000e-003	
702	2.400000e-003	
703	3.050000e-003	
704	3.475000e-003	
705	3.375000e-003	
706	3.325000e-003	
707	2.525000e-003	
708	2.800000e-003	
709	2.775000e-003	
710	2.900000e-003	
711	2.900000e-003	
712	2.475000e-003	
713	2.775000e-003	
714	2.900000e-003	
715	2.750000e-003	
716	2.425000e-003	
717	2.450000e-003	
718	2.525000e-003	
719	2.275000e-003	
720	2.300000e-003	
721	2.300000e-003	
722	1.925000e-003	
723	1.850000e-003	
724	1.900000e-003	
725	1.700000e-003	
726	1.350000e-003	
727	1.475000e-003	
728	1.625000e-003	
729	1.325000e-003	
730	1.550000e-003	
731	1.650000e-003	
732	1.575000e-003	
733	2.075000e-003	
734	1.900000e-003	
735	9.750000e-004	
736	5.250000e-004	
737	5.750000e-004	
738	5.000000e-004	
739	4.500000e-004	
740	3.500000e-004	
741	5.000000e-004	
742	6.250000e-004	
743	5.250000e-004	
744	6.250000e-004	
745	6.000000e-004	
746	3.750000e-004	
747	3.000000e-004	
748	2.500000e-004	
749	3.000000e-004	
750	2.750000e-004	
751	3.500000e-004	
752	4.750000e-004	
753	5.500000e-004	
754	8.000000e-004	
755	6.750000e-004	
756	5.750000e-004	
757	5.250000e-004	
758	5.000000e-004	
759	3.750000e-004	
760	4.000000e-004	
761	3.000000e-004	
762	2.750000e-004	
763	2.750000e-004	
764	2.000000e-004	
765	1.750000e-004	
766	1.750000e-004	
767	1.750000e-004	
768	1.500000e-004	
769	5.000000e-005	
770	0	
771	0	
772	0	
773	0	
774	0	
775	0	
776	0	
777	0	
778	0	
779	0	
780	0	
781	0	
782	0	
783	0	
784	0	
785	0	
786	0	
787	0	
788	0	
789	0	
790	0	
791	0	
792	0	
793	0	
794	0	
795	0	
796	2.500000e-005	
797	1.000000e-004	
798	1.000000e-004	
799	1.750000e-004	
800	1.750000e-004	
801	1.500000e-004	
802	7.500000e-005	
803	5.000000e-005	
804	7.500000e-005	
805	1.000000e-004	
806	5.000000e-005	
807	0	
808	0	
809	0	
810	0	
811	0	
812	0	
813	0	
814	0	
815	0	
816	0	
817	0	
818	0	
819	0	
820	0	
821	0	
822	0	
823	0	
824	0	
825	2.500000e-005	
826	0	
827	0	
828	0	
829	0	
830	0	
831	0	
832	0	
833	0	
834	0	
835	0	
836	0	
837	0	
838	0	
839	0	
840	0	
841	0	
842	0	
843	0	
844	0	
845	0	
846	0	
847	0	
848	0	
849	0	
850	0	
851	0	
852	0	
853	0	
854	0	
855	0	
856	0	
857	0	
858	0	
859	0	
860	0	
861	0	
862	0	
863	0	
864	0	
865	0	
866	0	
867	0	
868	0	
869	0	
870	0	
871	0	
872	0	
873	2.500000e-005	
874	1.000000e-004	
875	1.250000e-004	
876	7.500000e-005	
877	5.000000e-005	
878	1.250000e-004	
879	1.500000e-004	
880	1.500000e-004	
881	1.000000e-004	
882	1.000000e-004	
883	1.000000e-004	
884	1.000000e-004	
885	7.500000e-005	
886	1.250000e-004	
887	2.000000e-004	
888	1.500000e-004	
889	7.500000e-005	
890	2.500000e-005	
891	2.500000e-005	
892	5.000000e-005	
893	7.500000e-005	
894	1.500000e-004	
895	7.500000e-005	
896	7.500000e-005	
897	2.500000e-005	
898	2.500000e-005	
899	5.000000e-005	
900	5.000000e-005	
901	2.500000e-005	
902	2.500000e-005	
903	2.500000e-005	
904	2.500000e-005	
905	5.000000e-005	
906	5.000000e-005	
907	7.500000e-005	
908	1.000000e-004	
909	2.000000e-004	
910	2.000000e-004	
911	2.000000e-004	
912	5.000000e-005	
913	7.500000e-005	
914	2.500000e-005	
915	2.500000e-005	
916	2.500000e-005	
917	2.500000e-005	
918	2.500000e-005	
919	2.500000e-005	
920	2.500000e-005	
921	5.000000e-005	
922	0	
923	0	
924	0	
925	0	
926	0	
927	0	
928	0	
929	0	
930	0	
931	0	
932	0	
933	0	
934	0	
935	0	
936	0	
937	0	
938	0	
939	0	
940	0	
941	0	
942	0	
943	0	
944	0	
945	0	
946	0	
947	0	
948	0	
949	0	
950	0	
951	0	
952	0	
953	0	
954	0	
955	0	
956	0	
957	0	
958	0	
959	0	
960	0	
961	0	
962	0	
963	0	
964	0	
965	0	
966	0	
967	0	
968	0	
969	0	
970	0	
971	0	
972	0	
973	0	
974	2.500000e-005	
975	1.000000e-004	
976	1.250000e-004	
977	7.500000e-005	
978	1.000000e-004	
979	5.000000e-005	
980	1.000000e-004	
981	1.000000e-004	
982	7.500000e-005	
983	2.500000e-005	
984	2.500000e-005	
985	2.500000e-005	
986	5.000000e-005	
987	2.500000e-005	
988	5.000000e-005	
989	2.500000e-005	
990	0	
991	0	
992	0	
993	0	
994	0	
995	2.500000e-005	
996	5.000000e-005	
997	7.500000e-005	
998	1.250000e-004	
999	1.750000e-004	
1000	1.250000e-004	
1001	1.000000e-004	
1002	1.500000e-004	
1003	2.000000e-004	
1004	1.500000e-004	
1005	1.500000e-004	
1006	2.250000e-004	
1007	2.500000e-004	
1008	2.000000e-004	
1009	1.750000e-004	
1010	2.000000e-004	
1011	3.250000e-004	
1012	3.250000e-004	
1013	3.000000e-004	
1014	4.000000e-004	
1015	5.250000e-004	
1016	6.000000e-004	
1017	8.250000e-004	
1018	5.500000e-004	
1019	5.250000e-004	
1020	3.500000e-004	
1021	2.750000e-004	
1022	3.500000e-004	
1023	5.000000e-004	
1024	6.000000e-004	
1025	6.250000e-004	
1026	6.250000e-004	
1027	6.000000e-004	
1028	7.000000e-004	
1029	5.500000e-004	
1030	4.500000e-004	
1031	4.250000e-004	
1032	5.000000e-004	
1033	5.250000e-004	
1034	3.250000e-004	
1035	3.000000e-004	
1036	3.750000e-004	
1037	3.250000e-004	
1038	3.000000e-004	
1039	3.500000e-004	
1040	3.000000e-004	
1041	3.000000e-004	
1042	3.000000e-004	
1043	2.750000e-004	
1044	4.750000e-004	
1045	5.250000e-004	
1046	5.750000e-004	
1047	8.250000e-004	
1048	6.250000e-004	
1049	6.250000e-004	
1050	6.750000e-004	
1051	5.750000e-004	
1052	6.750000e-004	
1053	1.000000e-003	
1054	6.250000e-004	
1055	6.750000e-004	
1056	8.000000e-004	
1057	6.000000e-004	
1058	7.500000e-004	
1059	7.250000e-004	
1060	6.500000e-004	
1061	5.250000e-004	
1062	3.750000e-004	
1063	4.250000e-004	
1064	4.000000e-004	
1065	4.500000e-004	
1066	4.500000e-004	
1067	5.750000e-004	
1068	4.500000e-004	
1069	4.000000e-004	
1070	3.750000e-004	
1071	4.250000e-004	
1072	2.500000e-004	
1073	3.000000e-004	
1074	1.000000e-004	
1075	1.500000e-004	
1076	7.500000e-005	
1077	1.500000e-004	
1078	7.500000e-005	
1079	1.250000e-004	
1080	1.000000e-004	
1081	1.250000e-004	
1082	1.500000e-004	
1083	1.000000e-004	
1084	7.500000e-005	
1085	1.000000e-004	
1086	1.750000e-004	
1087	2.000000e-004	
1088	1.750000e-004	
1089	2.000000e-004	
1090	1.750000e-004	
1091	2.250000e-004	
1092	1.250000e-004	
1093	7.500000e-005	
1094	1.500000e-004	
1095	5.000000e-005	
1096	7.500000e-005	
1097	2.500000e-005	
1098	7.500000e-005	
1099	2.500000e-005	
1100	0	
1101	0	
1102	0	
1103	0	
1104	0	
1105	0	
1106	0	
1107	2.500000e-005	
1108	7.500000e-005	
1109	5.000000e-005	
1110	5.000000e-005	
1111	5.000000e-005	
1112	2.500000e-005	
1113	0	
1114	0	
1115	7.500000e-005	
1116	5.000000e-005	
1117	0	
1118	0	
1119	2.500000e-005	
1120	2.500000e-005	
1121	7.500000e-005	
1122	1.250000e-004	
1123	2.000000e-004	
1124	1.750000e-004	
1125	4.000000e-004	
1126	4.500000e-004	
1127	3.000000e-004	
1128	3.750000e-004	
1129	3.750000e-004	
1130	3.750000e-004	
1131	4.250000e-004	
1132	5.000000e-004	
1133	6.000000e-004	
1134	6.000000e-004	
1135	4.750000e-004	
1136	5.000000e-004	
1137	5.500000e-004	
1138	7.000000e-004	
1139	6.750000e-004	
1140	6.250000e-004	
1141	8.750000e-004	
1142	9.000000e-004	
1143	8.250000e-004	
1144	8.750000e-004	
1145	7.750000e-004	
1146	8.750000e-004	
1147	8.000000e-004	
1148	8.000000e-004	
1149	8.750000e-004	
1150	8.500000e-004	
1151	8.500000e-004	
1152	9.000000e-004	
1153	9.500000e-004	
1154	8.750000e-004	
1155	9.750000e-004	
1156	1.075000e-003	
1157	1.475000e-003	
1158	1.525000e-003	
1159	1.275000e-003	
1160	1.100000e-003	
1161	1.300000e-003	
1162	1.250000e-003	
1163	1.425000e-003	
1164	1.675000e-003	
1165	1.550000e-003	
1166	1.625000e-003	
1167	1.600000e-003	
1168	1.475000e-003	
1169	1.775000e-003	
1170	1.750000e-003	
1171	1.625000e-003	
1172	1.700000e-003	
1173	2.100000e-003	
1174	2.125000e-003	
1175	2.275000e-003	
1176	2.350000e-003	
1177	2.450000e-003	
1178	2.300000e-003	
1179	2.600000e-003	
1180	2.500000e-003	
1181	2.200000e-003	
1182	2.400000e-003	
1183	2.450000e-003	
1184	2.650000e-003	
1185	2.850000e-003	
1186	2.625000e-003	
1187	2.700000e-003	
1188	2.650000e-003	
1189	2.500000e-003	
1190	2.400000e-003	
1191	1.825000e-003	
1192	1.900000e-003	
1193	1.900000e-003	
1194	2.075000e-003	
1195	1.850000e-003	
1196	2.000000e-003	
1197	2.000000e-003	
1198	1.900000e-003	
1199	1.900000e-003	
1200	1.900000e-003	
1201	1.825000e-003	
1202	1.925000e-003	
1203	1.850000e-003	
1204	1.675000e-003	
1205	1.925000e-003	
1206	1.975000e-003	
1207	1.600000e-003	
1208	1.825000e-003	
1209	1.550000e-003	
1210	1.600000e-003	
1211	1.725000e-003	
1212	1.750000e-003	
1213	1.950000e-003	
1214	1.825000e-003	
1215	2.100000e-003	
1216	1.800000e-003	
1217	1.550000e-003	
1218	1.475000e-003	
1219	1.575000e-003	
1220	2.000000e-003	
1221	2.025000e-003	
1222	2.000000e-003	
1223	1.975000e-003	
1224	1.925000e-003	
1225	2.050000e-003	
1226	2.100000e-003	
1227	2.200000e-003	
1228	2.150000e-003	
1229	2.000000e-003	
1230	2.150000e-003	
1231	2.100000e-003	
1232	1.850000e-003	
1233	2.000000e-003	
1234	1.725000e-003	
1235	1.800000e-003	
1236	1.575000e-003	
1237	1.800000e-003	
1238	2.100000e-003	
1239	2.500000e-003	
1240	2.350000e-003	
1241	2.375000e-003	
1242	2.400000e-003	
1243	2.175000e-003	
1244	2.150000e-003	
1245	2.350000e-003	
1246	2.750000e-003	
1247	2.675000e-003	
1248	2.500000e-003	
1249	3.000000e-003	
1250	3.250000e-003	
1251	3.200000e-003	
1252	3.575000e-003	
1253	2.825000e-003	
1254	2.425000e-003	
1255	2.225000e-003	
1256	2.650000e-003	
1257	2.450000e-003	
1258	2.575000e-003	
1259	2.950000e-003	
1260	2.950000e-003	
1261	2.975000e-003	
1262	3.100000e-003	
1263	3.325000e-003	
1264	3.125000e-003	
1265	3.000000e-003	
1266	3.075000e-003	
1267	2.975000e-003	
1268	3.075000e-003	
1269	3.425000e-003	
1270	3.700000e-003	
1271	3.800000e-003	
1272	3.050000e-003	
1273	2.950000e-003	
1274	3.100000e-003	
1275	2.925000e-003	
1276	2.925000e-003	
1277	3.000000e-003	
1278	2.850000e-003	
1279	3.100000e-003	
1280	3.100000e-003	
1281	3.225000e-003	
1282	2.925000e-003	
1283	3.150000e-003	
1284	2.875000e-003	
1285	2.275000e-003	
1286	2.450000e-003	
1287	2.050000e-003	
1288	1.625000e-003	
1289	1.575000e-003	
1290	1.575000e-003	
1291	1.250000e-003	
1292	1.425000e-003	
1293	1.225000e-003	
1294	1.200000e-003	
1295	1.225000e-003	
1296	1.225000e-003	
1297	1.475000e-003	
1298	1.425000e-003	
1299	1.575000e-003	
1300	1.325000e-003	
1301	1.175000e-003	
1302	1.025000e-003	
1303	7.500000e-004	
1304	6.250000e-004	
1305	6.750000e-004	
1306	7.250000e-004	
1307	4.500000e-004	
1308	4.500000e-004	
1309	5.250000e-004	
1310	6.250000e-004	
1311	6.000000e-004	
1312	5.500000e-004	
1313	6.000000e-004	
1314	8.000000e-004	
1315	1.000000e-003	
1316	8.250000e-004	
1317	4.750000e-004	
1318	5.250000e-004	
1319	5.250000e-004	
1320	4.750000e-004	
1321	5.250000e-004	
1322	5.250000e-004	
1323	3.750000e-004	
1324	3.750000e-004	
1325	3.000000e-004	
1326	1.750000e-004	
1327	2.500000e-004	
1328	2.000000e-004	
1329	1.750000e-004	
1330	2.500000e-004	
1331	2.250000e-004	
1332	2.000000e-004	
1333	5.000000e-005	
1334	1.250000e-004	
1335	7.500000e-005	
1336	2.500000e-005	
1337	0	
1338	2.500000e-005	
1339	7.500000e-005	
1340	2.250000e-004	
1341	2.750000e-004	
1342	2.000000e-004	
1343	2.250000e-004	
1344	2.750000e-004	
1345	2.000000e-004	
1346	2.500000e-004	
1347	2.000000e-004	
1348	1.000000e-004	
1349	5.000000e-005	
1350	5.000000e-005	
1351	2.500000e-005	
1352	0	
1353	0	
1354	0	
1355	0	
1356	0	
1357	0	
1358	0	
1359	0	
1360	0	
1361	0	
1362	0	
1363	0	
1364	0	
1365	0	
1366	0	
1367	0	
1368	0	
1369	0	
1370	0	
1371	0	
1372	0	
1373	0	
1374	0	
1375	0	
1376	0	
1377	0	
1378	0	
1379	0	
1380	0	
1381	0	
1382	0	
1383	0	
1384	0	
1385	0	
1386	0	
1387	0	
1388	0	
1389	0	
1390	0	
1391	0	
1392	0	
1393	0	
1394	0	
1395	0	
1396	0	
1397	0	
1398	0	
1399	0	
1400	0	
1401	0	
1402	0	
1403	0	
1404	0	
1405	0	
1406	0	
1407	0	
1408	0	
1409	0	
1410	0	
1411	0	
1412	0	
1413	0	
1414	0	
1415	0	
1416	0	
1417	0	
1418	0	
1419	0	
1420	0	
1421	0	
1422	0	
1423	0	
1424	2.500000e-005	
1425	2.500000e-005	
1426	0	
1427	0	
1428	0	
1429	0	
1430	0	
1431	0	
1432	0	
1433	0	
1434	0	
1435	2.500000e-005	
1436	0	
1437	0	
1438	0	
1439	0	
1440	0	
1441	0	
1442	0	
1443	0	
1444	0	
1445	0	
1446	0	
1447	0	
1448	0	
1449	0	
1450	0	
1451	0	
1452	0	
1453	0	
1454	0	
1455	0	
1456	0	
1457	0	
1458	0	
1459	0	
1460	0	
1461	0	
1462	0	
1463	0	
1464	0	
1465	0	
1466	0	
1467	0	
1468	0	
1469	0	
1470	2.500000e-005	
1471	0	
1472	0	
1473	0	
1474	0	
1475	0	
1476	0	
1477	2.500000e-005	
1478	2.500000e-005	
1479	0	
1480	0	
1481	0	
1482	0	
1483	0	
1484	0	
1485	0	
1486	0	
1487	2.500000e-005	
1488	1.500000e-004	
1489	2.000000e-004	
1490	2.500000e-004	
1491	2.000000e-004	
1492	1.250000e-004	
1493	1.750000e-004	
1494	1.250000e-004	
1495	5.000000e-005	
1496	1.500000e-004	
1497	1.750000e-004	
1498	1.000000e-004	
1499	1.500000e-004	
1500	1.000000e-004	
1501	7.500000e-005	
1502	5.000000e-005	
1503	1.000000e-004	
1504	1.500000e-004	
1505	7.500000e-005	
1506	0	
1507	0	
1508	0	
1509	2.500000e-005	
1510	2.500000e-005	
1511	5.000000e-005	
1512	5.000000e-005	
1513	7.500000e-005	
1514	2.500000e-005	
1515	5.000000e-005	
1516	7.500000e-005	
1517	7.500000e-005	
1518	7.500000e-005	
1519	7.500000e-005	
1520	2.500000e-005	
1521	0	
1522	0	
1523	0	
1524	0	
1525	0	
1526	0	
1527	2.500000e-005	
1528	7.500000e-005	
1529	7.500000e-005	
1530	2.500000e-005	
1531	0	
1532	0	
1533	1.000000e-004	
1534	1.750000e-004	
1535	1.750000e-004	
1536	1.500000e-004	
1537	1.000000e-004	
1538	2.000000e-004	
1539	1.500000e-004	
1540	2.250000e-004	
1541	2.500000e-004	
1542	2.250000e-004	
1543	1.250000e-004	
1544	1.000000e-004	
1545	1.500000e-004	
1546	2.500000e-004	
1547	1.250000e-004	
1548	1.750000e-004	
1549	5.000000e-005	
1550	7.500000e-005	
1551	5.000000e-005	
1552	1.000000e-004	
1553	1.000000e-004	
1554	1.000000e-004	
1555	1.000000e-004	
1556	1.250000e-004	
1557	5.000000e-005	
1558	1.750000e-004	
1559	1.750000e-004	
1560	1.250000e-004	
1561	1.250000e-004	
1562	1.250000e-004	
1563	1.250000e-004	
1564	1.250000e-004	
1565	1.750000e-004	
1566	2.000000e-004	
1567	2.750000e-004	
1568	3.000000e-004	
1569	2.250000e-004	
1570	2.250000e-004	
1571	2.750000e-004	
1572	3.000000e-004	
1573	3.000000e-004	
1574	3.500000e-004	
1575	6.250000e-004	
1576	7.000000e-004	
1577	7.250000e-004	
1578	7.250000e-004	
1579	5.500000e-004	
1580	6.000000e-004	
1581	5.000000e-004	
1582	6.000000e-004	
1583	5.750000e-004	
1584	4.500000e-004	
1585	3.750000e-004	
1586	3.500000e-004	
1587	3.250000e-004	
1588	3.000000e-004	
1589	1.750000e-004	
1590	2.250000e-004	
1591	1.750000e-004	
1592	1.750000e-004	
1593	1.250000e-004	
1594	2.000000e-004	
1595	1.750000e-004	
1596	3.500000e-004	
1597	3.500000e-004	
1598	3.250000e-004	
1599	2.250000e-004	
1600	1.750000e-004	
1601	2.500000e-004	
1602	1.500000e-004	
1603	2.000000e-004	
1604	2.250000e-004	
1605	2.250000e-004	
1606	2.750000e-004	
1607	3.250000e-004	
1608	3.250000e-004	
1609	4.500000e-004	
1610	4.250000e-004	
1611	4.250000e-004	
1612	6.250000e-004	
1613	5.500000e-004	
1614	3.750000e-004	
1615	5.250000e-004	
1616	6.000000e-004	
1617	5.750000e-004	
1618	5.500000e-004	
1619	5.750000e-004	
1620	7.000000e-004	
1621	8.250000e-004	
1622	1.050000e-003	
1623	9.250000e-004	
1624	9.000000e-004	
1625	8.750000e-004	
1626	8.000000e-004	
1627	6.250000e-004	
1628	8.250000e-004	
1629	7.000000e-004	
1630	8.500000e-004	
1631	6.750000e-004	
1632	6.750000e-004	
1633	8.000000e-004	
1634	1.000000e-003	
1635	7.250000e-004	
1636	7.000000e-004	
1637	7.000000e-004	
1638	6.000000e-004	
1639	7.250000e-004	
1640	7.250000e-004	
1641	6.000000e-004	
1642	5.500000e-004	
1643	6.750000e-004	
1644	7.500000e-004	
1645	8.250000e-004	
1646	9.000000e-004	
1647	8.250000e-004	
1648	7.000000e-004	
1649	6.750000e-004	
1650	7.500000e-004	
1651	7.250000e-004	
1652	7.750000e-004	
1653	8.500000e-004	
1654	6.250000e-004	
1655	6.000000e-004	
1656	7.000000e-004	
1657	7.000000e-004	
1658	5.750000e-004	
1659	7.000000e-004	
1660	8.000000e-004	
1661	6.750000e-004	
1662	7.000000e-004	
1663	6.500000e-004	
1664	5.250000e-004	
1665	4.750000e-004	
1666	4.250000e-004	
1667	4.250000e-004	
1668	6.250000e-004	
1669	4.250000e-004	
1670	3.750000e-004	
1671	5.500000e-004	
1672	6.500000e-004	
1673	7.000000e-004	
1674	7.500000e-004	
1675	8.500000e-004	
1676	1.175000e-003	
1677	8.250000e-004	
1678	7.000000e-004	
1679	5.750000e-004	
1680	7.000000e-004	
1681	5.000000e-004	
1682	6.250000e-004	
1683	6.000000e-004	
1684	7.250000e-004	
1685	6.500000e-004	
1686	5.500000e-004	
1687	4.750000e-004	
1688	4.250000e-004	
1689	6.250000e-004	
1690	6.250000e-004	
1691	6.750000e-004	
1692	7.000000e-004	
1693	5.250000e-004	
1694	5.500000e-004	
1695	7.250000e-004	
1696	5.750000e-004	
1697	6.250000e-004	
1698	6.500000e-004	
1699	4.250000e-004	
1700	4.500000e-004	
1701	7.750000e-004	
1702	7.500000e-004	
1703	7.000000e-004	
1704	7.750000e-004	
1705	9.500000e-004	
1706	9.250000e-004	
1707	1.125000e-003	
1708	8.750000e-004	
1709	8.250000e-004	
1710	7.750000e-004	
1711	6.000000e-004	
1712	5.000000e-004	
1713	5.500000e-004	
1714	5.750000e-004	
1715	4.750000e-004	
1716	6.250000e-004	
1717	3.750000e-004	
1718	3.750000e-004	
1719	4.250000e-004	
1720	3.000000e-004	
1721	3.250000e-004	
1722	4.000000e-004	
1723	3.000000e-004	
1724	3.250000e-004	
1725	3.500000e-004	
1726	4.500000e-004	
1727	3.500000e-004	
1728	4.500000e-004	
1729	4.000000e-004	
1730	2.750000e-004	
1731	3.750000e-004	
1732	5.000000e-004	
1733	5.500000e-004	
1734	6.000000e-004	
1735	5.750000e-004	
1736	6.250000e-004	
1737	6.750000e-004	
1738	9.250000e-004	
1739	1.100000e-003	
1740	1.375000e-003	
1741	1.450000e-003	
1742	1.300000e-003	
1743	1.500000e-003	
1744	1.800000e-003	
1745	1.400000e-003	
1746	1.525000e-003	
1747	1.800000e-003	
1748	1.925000e-003	
1749	2.425000e-003	
1750	2.600000e-003	
1751	3.050000e-003	
1752	3.525000e-003	
1753	3.150000e-003	
1754	3.550000e-003	
1755	3.475000e-003	
1756	3.650000e-003	
1757	3.400000e-003	
1758	3.575000e-003	
1759	4.150000e-003	
1760	4.400000e-003	
1761	4.300000e-003	
1762	3.800000e-003	
1763	3.975000e-003	
1764	4.350000e-003	
1765	3.875000e-003	
1766	3.675000e-003	
1767	3.775000e-003	
1768	3.525000e-003	
1769	3.900000e-003	
1770	4.150000e-003	
1771	3.875000e-003	
1772	4.275000e-003	
1773	4.375000e-003	
1774	4.325000e-003	
1775	4.550000e-003	
1776	4.250000e-003	
1777	4.725000e-003	
1778	3.725000e-003	
1779	3.825000e-003	
1780	3.775000e-003	
1781	3.325000e-003	
1782	4.150000e-003	
1783	3.775000e-003	
1784	3.475000e-003	
1785	3.200000e-003	
1786	3.100000e-003	
1787	3.050000e-003	
1788	2.875000e-003	
1789	3.075000e-003	
1790	3.000000e-003	
1791	3.325000e-003	
1792	3.650000e-003	
1793	3.300000e-003	
1794	3.125000e-003	
1795	3.400000e-003	
1796	3.100000e-003	
1797	2.400000e-003	
1798	2.450000e-003	
1799	2.700000e-003	
1800	3.025000e-003	
1801	3.175000e-003	
1802	2.750000e-003	
1803	2.625000e-003	
1804	2.050000e-003	
1805	2.500000e-003	
1806	2.550000e-003	
1807	2.550000e-003	
1808	2.875000e-003	
1809	3.000000e-003	
1810	2.800000e-003	
1811	2.800000e-003	
1812	2.825000e-003	
1813	2.250000e-003	
1814	1.750000e-003	
1815	1.950000e-003	
1816	1.675000e-003	
1817	1.425000e-003	
1818	1.750000e-003	
1819	1.875000e-003	
1820	1.700000e-003	
1821	1.575000e-003	
1822	1.275000e-003	
1823	1.200000e-003	
1824	1.025000e-003	
1825	8.000000e-004	
1826	9.000000e-004	
1827	1.000000e-003	
1828	9.750000e-004	
1829	6.250000e-004	
1830	6.250000e-004	
1831	7.250000e-004	
1832	5.250000e-004	
1833	4.750000e-004	
1834	4.500000e-004	
1835	4.500000e-004	
1836	4.000000e-004	
1837	3.500000e-004	
1838	3.500000e-004	
1839	1.750000e-004	
1840	7.500000e-005	
1841	7.500000e-005	
1842	1.000000e-004	
1843	2.500000e-005	
1844	2.500000e-005	
1845	0	
1846	0	
1847	0	
1848	0	
1849	0	
1850	0	
1851	0	
1852	0	
1853	0	
1854	0	
1855	0	
1856	0	
1857	0	
1858	0	
1859	0	
1860	0	
1861	0	
1862	0	
1863	0	
1864	0	
1865	0	
1866	0	
1867	0	
1868	0	
1869	0	
1870	0	
1871	0	
1872	0	
1873	0	
1874	0	
1875	0	
1876	0	
1877	0	
1878	0	
1879	0	
1880	2.500000e-005	
1881	0	
1882	0	
1883	0	
1884	0	
1885	0	
1886	0	
1887	0	
1888	0	
1889	0	
1890	0	
1891	0	
1892	0	
1893	2.500000e-005	
1894	5.000000e-005	
1895	5.000000e-005	
1896	5.000000e-005	
1897	2.500000e-005	
1898	7.500000e-005	
1899	0	
1900	0	
1901	0	
1902	0	
1903	0	
1904	0	
1905	0	
1906	0	
1907	0	
1908	0	
1909	0	
1910	0	
1911	0	
1912	0	
1913	0	
1914	0	
1915	0	
1916	0	
1917	0	
1918	0	
1919	0	
1920	0	
1921	0	
1922	0	
1923	0	
1924	0	
1925	0	
1926	0	
1927	0	
1928	0	
1929	0	
1930	0	
1931	0	
1932	0	
1933	0	
1934	0	
1935	0	
1936	0	
1937	0	
1938	0	
1939	0	
1940	0	
1941	0	
1942	0	
1943	0	
1944	0	
1945	0	
1946	0	
1947	0	
1948	0	
1949	0	
1950	0	
1951	0	
1952	0	
1953	0	
1954	0	
1955	0	
1956	0	
1957	0	
1958	0	
1959	0	
1960	0	
1961	0	
1962	0	
1963	0	
1964	0	
1965	0	
1966	0	
1967	0	
1968	0	
1969	0	
1970	0	
1971	0	
1972	0	
1973	0	
1974	0	
1975	0	
1976	2.500000e-005	
1977	0	
1978	0	
1979	0	
1980	0	
1981	0	
1982	0	
1983	0	
1984	0	
1985	0	
1986	0	
1987	0	
1988	0	
1989	2.500000e-005	
1990	5.000000e-005	
1991	0	
1992	0	
1993	0	
1994	0	
1995	0	
1996	0	
1997	0	
1998	0	
1999	0	
2000	0	
2001	0	
2002	0	
2003	0	
2004	0	
2005	0	
2006	0	
2007	0	
2008	0	
2009	0	
2010	0	
2011	0	
2012	2.500000e-005	
2013	1.250000e-004	
2014	7.500000e-005	
2015	1.250000e-004	
2016	7.500000e-005	
2017	2.500000e-005	
2018	2.500000e-005	
2019	0	
2020	0	
2021	0	
2022	0	
2023	0	
2024	0	
2025	2.500000e-005	
2026	1.250000e-004	
2027	2.000000e-004	
2028	3.250000e-004	
2029	5.250000e-004	
2030	6.500000e-004	
2031	7.000000e-004	
2032	6.500000e-004	
2033	6.500000e-004	
2034	7.750000e-004	
2035	8.000000e-004	
2036	8.750000e-004	
2037	7.250000e-004	
2038	8.250000e-004	
2039	9.750000e-004	
2040	1.050000e-003	
2041	9.250000e-004	
2042	9.250000e-004	
2043	7.750000e-004	
2044	6.500000e-004	
2045	8.500000e-004	
2046	9.750000e-004	
2047	1.100000e-003	
2048	8.250000e-004	
2049	8.250000e-004	
2050	8.500000e-004	
2051	9.250000e-004	
2052	9.250000e-004	
2053	8.500000e-004	
2054	8.000000e-004	
2055	8.750000e-004	
2056	6.500000e-004	
2057	4.000000e-004	
2058	4.500000e-004	
2059	4.500000e-004	
2060	3.250000e-004	
2061	3.500000e-004	
2062	3.250000e-004	
2063	2.250000e-004	
2064	5.000000e-005	
2065	2.500000e-005	
2066	0	
2067	0	
2068	0	
2069	2.500000e-005	
2070	2.500000e-005	
2071	5.000000e-005	
2072	5.000000e-005	
2073	5.000000e-005	
2074	2.500000e-005	
2075	7.500000e-005	
2076	1.750000e-004	
2077	1.500000e-004	
2078	1.750000e-004	
2079	2.500000e-004	
2080	2.750000e-004	
2081	3.750000e-004	
2082	5.000000e-004	
2083	4.750000e-004	
2084	4.750000e-004	
2085	3.000000e-004	
2086	3.500000e-004	
2087	3.000000e-004	
2088	2.500000e-004	
2089	1.000000e-004	
2090	2.000000e-004	
2091	2.000000e-004	
2092	1.750000e-004	
2093	2.500000e-004	
2094	1.750000e-004	
2095	3.250000e-004	
2096	4.750000e-004	
2097	4.250000e-004	
2098	5.750000e-004	
2099	6.750000e-004	
2100	5.750000e-004	
2101	6.500000e-004	
2102	6.250000e-004	
2103	5.250000e-004	
2104	6.250000e-004	
2105	7.750000e-004	
2106	7.250000e-004	
2107	7.750000e-004	
2108	7.500000e-004	
2109	5.500000e-004	
2110	6.000000e-004	
2111	5.750000e-004	
2112	7.000000e-004	
2113	6.750000e-004	
2114	8.250000e-004	
2115	8.500000e-004	
2116	7.750000e-004	
2117	6.250000e-004	
2118	5.500000e-004	
2119	3.250000e-004	
2120	3.750000e-004	
2121	4.250000e-004	
2122	3.500000e-004	
2123	4.500000e-004	
2124	4.500000e-004	
2125	4.500000e-004	
2126	4.000000e-004	
2127	3.000000e-004	
2128	3.500000e-004	
2129	3.500000e-004	
2130	2.500000e-004	
2131	2.250000e-004	
2132	1.750000e-004	
2133	2.250000e-004	
2134	2.000000e-004	
2135	2.250000e-004	
2136	2.250000e-004	
2137	1.500000e-004	
2138	7.500000e-005	
2139	5.000000e-005	
2140	0	
2141	0	
2142	0	
2143	0	
2144	0	
2145	0	
2146	0	
2147	0	
2148	0	
2149	0	
2150	0	
2151	0	
2152	0	
2153	0	
2154	0	
2155	0	
2156	0	
2157	0	
2158	0	
2159	0	
2160	0	
2161	0	
2162	0	
2163	2.500000e-005	
2164	1.000000e-004	
2165	1.500000e-004	
2166	1.500000e-004	
2167	1.250000e-004	
2168	1.250000e-004	
2169	1.750000e-004	
2170	1.500000e-004	
2171	1.000000e-004	
2172	1.000000e-004	
2173	7.500000e-005	
2174	7.500000e-005	
2175	1.500000e-004	
2176	1.250000e-004	
2177	1.750000e-004	
2178	2.000000e-004	
2179	7.500000e-005	
2180	1.250000e-004	
2181	7.500000e-005	
2182	5.000000e-005	
2183	1.000000e-004	
2184	5.000000e-005	
2185	7.500000e-005	
2186	2.500000e-005	
2187	2.500000e-005	
2188	2.500000e-005	
2189	2.500000e-005	
2190	2.500000e-005	
2191	2.500000e-005	
2192	2.500000e-005	
2193	2.500000e-005	
2194	2.500000e-005	
2195	5.000000e-005	
2196	7.500000e-005	
2197	1.000000e-004	
2198	1.000000e-004	
2199	1.250000e-004	
2200	2.000000e-004	
2201	1.250000e-004	
2202	1.250000e-004	
2203	2.500000e-005	
2204	2.500000e-005	
2205	0	
2206	0	
2207	0	
2208	0	
2209	0	
2210	0	
2211	0	
2212	0	
2213	0	
2214	0	
2215	0	
2216	0	
2217	2.500000e-005	
2218	1.000000e-004	
2219	7.500000e-005	
2220	1.500000e-004	
2221	2.000000e-004	
2222	2.250000e-004	
2223	7.500000e-005	
2224	1.000000e-004	
2225	1.000000e-004	
2226	1.750000e-004	
2227	1.500000e-004	
2228	1.000000e-004	
2229	5.000000e-005	
2230	5.000000e-005	
2231	2.500000e-005	
2232	2.500000e-005	
2233	5.000000e-005	
2234	7.500000e-005	
2235	1.000000e-004	
2236	5.000000e-005	
2237	1.500000e-004	
2238	1.750000e-004	
2239	3.750000e-004	
2240	4.500000e-004	
2241	5.500000e-004	
2242	6.000000e-004	
2243	5.500000e-004	
2244	5.000000e-004	
2245	4.750000e-004	
2246	6.250000e-004	
2247	8.250000e-004	
2248	8.750000e-004	
2249	7.250000e-004	
2250	7.250000e-004	
2251	7.250000e-004	
2252	7.750000e-004	
2253	9.500000e-004	
2254	1.150000e-003	
2255	1.400000e-003	
2256	1.450000e-003	
2257	1.300000e-003	
2258	1.200000e-003	
2259	1.400000e-003	
2260	1.475000e-003	
2261	1.275000e-003	
2262	1.125000e-003	
2263	1.375000e-003	
2264	1.400000e-003	
2265	1.725000e-003	
2266	1.725000e-003	
2267	1.950000e-003	
2268	2.225000e-003	
2269	2.025000e-003	
2270	2.250000e-003	
2271	2.475000e-003	
2272	2.650000e-003	
2273	2.900000e-003	
2274	3.025000e-003	
2275	3.100000e-003	
2276	3.050000e-003	
2277	3.000000e-003	
2278	2.750000e-003	
2279	2.700000e-003	
2280	3.200000e-003	
2281	3.325000e-003	
2282	3.375000e-003	
2283	3.425000e-003	
2284	3.350000e-003	
2285	3.025000e-003	
2286	3.150000e-003	
2287	3.625000e-003	
2288	3.575000e-003	
2289	3.475000e-003	
2290	3.275000e-003	
2291	3.575000e-003	
2292	3.325000e-003	
2293	3.650000e-003	
2294	3.525000e-003	
2295	3.275000e-003	
2296	3.125000e-003	
2297	3.325000e-003	
2298	3.575000e-003	
2299	3.775000e-003	
2300	3.725000e-003	
2301	3.950000e-003	
2302	4.475000e-003	
2303	4.600000e-003	
2304	4.925000e-003	
2305	4.925000e-003	
2306	4.750000e-003	
2307	4.450000e-003	
2308	5.175000e-003	
2309	5.000000e-003	
2310	4.425000e-003	
2311	4.350000e-003	
2312	4.825000e-003	
2313	4.450000e-003	
2314	4.000000e-003	
2315	4.075000e-003	
2316	4.325000e-003	
2317	4.175000e-003	
2318	4.375000e-003	
2319	4.350000e-003	
2320	4.375000e-003	
2321	3.850000e-003	
2322	4.150000e-003	
2323	3.850000e-003	
2324	3.700000e-003	
2325	3.725000e-003	
2326	3.400000e-003	
2327	3.450000e-003	
2328	3.200000e-003	
2329	2.900000e-003	
2330	2.925000e-003	
2331	2.825000e-003	
2332	3.225000e-003	
2333	2.950000e-003	
2334	3.275000e-003	
2335	3.300000e-003	
2336	3.275000e-003	
2337	3.100000e-003	
2338	3.050000e-003	
2339	3.150000e-003	
2340	3.025000e-003	
2341	3.175000e-003	
2342	3.575000e-003	
2343	3.175000e-003	
2344	2.775000e-003	
2345	2.625000e-003	
2346	2.250000e-003	
2347	2.075000e-003	
2348	2.050000e-003	
2349	2.275000e-003	
2350	1.825000e-003	
2351	1.550000e-003	
2352	1.575000e-003	
2353	1.875000e-003	
2354	1.625000e-003	
2355	1.325000e-003	
2356	1.425000e-003	
2357	1.450000e-003	
2358	1.375000e-003	
2359	1.125000e-003	
2360	1.275000e-003	
2361	1.225000e-003	
2362	1.175000e-003	
2363	1.250000e-003	
2364	1.000000e-003	
2365	9.750000e-004	
2366	7.500000e-004	
2367	6.000000e-004	
2368	7.000000e-004	
2369	5.500000e-004	
2370	3.250000e-004	
2371	3.000000e-004	
2372	3.500000e-004	
2373	4.000000e-004	
2374	2.750000e-004	
2375	2.250000e-004	
2376	1.250000e-004	
2377	1.250000e-004	
2378	2.500000e-005	
2379	0	
2380	0	
2381	0	
2382	0	
2383	0	
2384	0	
2385	0	
2386	0	
2387	0	
2388	0	
2389	0	
2390	0	
2391	0	
2392	0	
2393	0	
2394	0	
2395	0	
2396	0	
2397	0	
2398	0	
2399	0	
2400	0	
2401	0	
2402	0	
2403	0	
2404	0	
2405	0	
2406	0	
2407	0	
2408	0	
2409	0	
2410	0	
2411	0	
2412	0	
2413	2.500000e-005	
2414	0	
2415	0	
2416	0	
2417	0	
2418	0	
2419	0	
2420	0	
2421	0	
2422	0	
2423	0	
2424	0	
2425	0	
2426	0	
2427	0	
2428	0	
2429	0	
2430	0	
2431	0	
2432	0	
2433	0	
2434	0	
2435	0	
2436	0	
2437	0	
2438	0	
2439	0	
2440	0	
2441	0	
2442	0	
2443	0	
2444	0	
2445	0	
2446	0	
2447	0	
2448	0	
2449	0	
2450	0	
2451	0	
2452	0	
2453	0	
2454	0	
2455	0	
2456	0	
2457	2.500000e-005	
2458	5.000000e-005	
2459	7.500000e-005	
2460	5.000000e-005	
2461	5.000000e-005	
2462	1.250000e-004	
2463	1.500000e-004	
2464	1.500000e-004	
2465	1.500000e-004	
2466	1.250000e-004	
2467	7.500000e-005	
2468	1.250000e-004	
2469	2.000000e-004	
2470	2.500000e-004	
2471	2.250000e-004	
2472	3.000000e-004	
2473	3.750000e-004	
2474	4.000000e-004	
2475	4.000000e-004	
2476	5.250000e-004	
2477	4.500000e-004	
2478	4.500000e-004	
2479	5.750000e-004	
2480	4.000000e-004	
2481	1.750000e-004	
2482	2.000000e-004	
2483	2.250000e-004	
2484	1.250000e-004	
2485	1.250000e-004	
2486	1.000000e-004	
2487	1.500000e-004	
2488	3.250000e-004	
2489	2.250000e-004	
2490	2.250000e-004	
2491	1.500000e-004	
2492	2.000000e-004	
2493	1.750000e-004	
2494	2.500000e-004	
2495	2.000000e-004	
2496	2.500000e-004	
2497	1.750000e-004	
2498	2.000000e-004	
2499	2.500000e-004	
2500	2.750000e-004	
2501	2.250000e-004	
2502	2.000000e-004	
2503	2.000000e-004	
2504	1.500000e-004	
2505	1.250000e-004	
2506	1.250000e-004	
2507	1.500000e-004	
2508	2.000000e-004	
2509	1.500000e-004	
2510	1.250000e-004	
2511	7.500000e-005	
2512	5.000000e-005	
2513	5.000000e-005	
2514	2.500000e-005	
2515	2.500000e-005	
2516	5.000000e-005	
2517	0	
2518	0	
2519	0	
2520	0	
2521	0	
2522	0	
2523	0	
2524	0	
2525	0	
2526	0	
2527	0	
2528	0	
2529	0	
2530	0	
2531	0	
2532	0	
2533	0	
2534	0	
2535	0	
2536	0	
2537	0	
2538	0	
2539	0	
2540	0	
2541	0	
2542	0	
2543	0	
2544	0	
2545	0	
2546	0	
2547	0	
2548	0	
2549	0	
2550	0	
2551	0	
2552	0	
2553	0	
2554	0	
2555	0	
2556	0	
2557	0	
2558	0	
2559	0	
2560	0	
2561	0	
2562	0	
2563	0	
2564	0	
2565	2.500000e-005	
2566	2.500000e-005	
2567	2.500000e-005	
2568	0	
2569	2.500000e-005	
2570	2.500000e-005	
2571	2.500000e-005	
2572	0	
2573	0	
2574	0	
2575	0	
2576	0	
2577	0	
2578	2.500000e-005	
2579	2.500000e-005	
2580	5.000000e-005	
2581	5.000000e-005	
2582	5.000000e-005	
2583	5.000000e-005	
2584	0	
2585	0	
2586	0	
2587	0	
2588	0	
2589	0	
2590	0	
2591	0	
2592	0	
2593	0	
2594	0	
2595	0	
2596	0	
2597	0	
2598	0	
2599	0	
2600	0	
2601	0	
2602	0	
2603	2.500000e-005	
2604	1.500000e-004	
2605	2.000000e-004	
2606	2.750000e-004	
2607	2.500000e-004	
2608	3.250000e-004	
2609	3.500000e-004	
2610	5.250000e-004	
2611	5.750000e-004	
2612	5.250000e-004	
2613	6.750000e-004	
2614	6.000000e-004	
2615	5.750000e-004	
2616	5.750000e-004	
2617	5.000000e-004	
2618	5.250000e-004	
2619	5.000000e-004	
2620	4.250000e-004	
2621	5.000000e-004	
2622	6.500000e-004	
2623	6.500000e-004	
2624	6.000000e-004	
2625	5.500000e-004	
2626	5.000000e-004	
2627	4.250000e-004	
2628	2.750000e-004	
2629	2.500000e-004	
2630	2.750000e-004	
2631	2.750000e-004	
2632	2.750000e-004	
2633	2.750000e-004	
2634	3.250000e-004	
2635	1.750000e-004	
2636	1.500000e-004	
2637	1.250000e-004	
2638	1.500000e-004	
2639	1.000000e-004	
2640	2.750000e-004	
2641	2.750000e-004	
2642	3.750000e-004	
2643	6.000000e-004	
2644	6.000000e-004	
2645	5.250000e-004	
2646	6.250000e-004	
2647	7.250000e-004	
2648	5.750000e-004	
2649	7.000000e-004	
2650	7.250000e-004	
2651	9.500000e-004	
2652	8.500000e-004	
2653	6.250000e-004	
2654	4.500000e-004	
2655	5.000000e-004	
2656	5.250000e-004	
2657	5.250000e-004	
2658	3.250000e-004	
2659	6.000000e-004	
2660	7.000000e-004	
2661	6.750000e-004	
2662	7.250000e-004	
2663	7.750000e-004	
2664	9.500000e-004	
2665	8.250000e-004	
2666	8.750000e-004	
2667	1.125000e-003	
2668	9.000000e-004	
2669	7.250000e-004	
2670	7.500000e-004	
2671	5.500000e-004	
2672	7.500000e-004	
2673	8.500000e-004	
2674	7.500000e-004	
2675	6.750000e-004	
2676	7.750000e-004	
2677	8.750000e-004	
2678	6.250000e-004	
2679	6.000000e-004	
2680	5.750000e-004	
2681	8.750000e-004	
2682	9.500000e-004	
2683	8.000000e-004	
2684	7.000000e-004	
2685	8.500000e-004	
2686	8.250000e-004	
2687	8.000000e-004	
2688	7.500000e-004	
2689	5.750000e-004	
2690	6.750000e-004	
2691	4.250000e-004	
2692	4.500000e-004	
2693	3.750000e-004	
2694	2.750000e-004	
2695	3.500000e-004	
2696	2.500000e-004	
2697	3.000000e-004	
2698	1.500000e-004	
2699	5.000000e-005	
2700	1.250000e-004	
2701	1.500000e-004	
2702	1.250000e-004	
2703	1.750000e-004	
2704	1.250000e-004	
2705	1.500000e-004	
2706	1.000000e-004	
2707	1.750000e-004	
2708	2.250000e-004	
2709	2.000000e-004	
2710	1.000000e-004	
2711	1.500000e-004	
2712	2.250000e-004	
2713	1.250000e-004	
2714	1.750000e-004	
2715	2.000000e-004	
2716	2.000000e-004	
2717	2.000000e-004	
2718	3.250000e-004	
2719	2.000000e-004	
2720	1.250000e-004	
2721	1.750000e-004	
2722	2.000000e-004	
2723	1.250000e-004	
2724	2.250000e-004	
2725	3.500000e-004	
2726	5.250000e-004	
2727	6.250000e-004	
2728	8.250000e-004	
2729	8.750000e-004	
2730	6.750000e-004	
2731	8.250000e-004	
2732	8.250000e-004	
2733	6.250000e-004	
2734	7.000000e-004	
2735	6.250000e-004	
2736	6.250000e-004	
2737	6.750000e-004	
2738	5.750000e-004	
2739	7.250000e-004	
2740	7.750000e-004	
2741	1.000000e-003	
2742	7.750000e-004	
2743	8.500000e-004	
2744	9.750000e-004	
2745	1.150000e-003	
2746	1.225000e-003	
2747	1.025000e-003	
2748	1.200000e-003	
2749	1.175000e-003	
2750	1.200000e-003	
2751	1.250000e-003	
2752	1.025000e-003	
2753	1.175000e-003	
2754	1.175000e-003	
2755	9.500000e-004	
2756	1.075000e-003	
2757	1.075000e-003	
2758	1.275000e-003	
2759	1.275000e-003	
2760	1.200000e-003	
2761	1.250000e-003	
2762	1.175000e-003	
2763	1.150000e-003	
2764	1.075000e-003	
2765	1.500000e-003	
2766	1.275000e-003	
2767	1.275000e-003	
2768	1.175000e-003	
2769	1.300000e-003	
2770	1.200000e-003	
2771	1.100000e-003	
2772	1.100000e-003	
2773	1.575000e-003	
2774	1.775000e-003	
2775	1.850000e-003	
2776	1.925000e-003	
2777	1.775000e-003	
2778	1.850000e-003	
2779	1.875000e-003	
2780	1.550000e-003	
2781	1.325000e-003	
2782	1.350000e-003	
2783	1.250000e-003	
2784	1.050000e-003	
2785	1.000000e-003	
2786	1.125000e-003	
2787	1.150000e-003	
2788	1.150000e-003	
2789	1.400000e-003	
2790	1.600000e-003	
2791	1.525000e-003	
2792	1.300000e-003	
2793	1.550000e-003	
2794	1.700000e-003	
2795	1.450000e-003	
2796	1.200000e-003	
2797	1.175000e-003	
2798	1.425000e-003	
2799	1.575000e-003	
2800	1.550000e-003	
2801	1.250000e-003	
2802	1.300000e-003	
2803	1.150000e-003	
2804	1.450000e-003	
2805	1.200000e-003	
2806	1.150000e-003	
2807	1.350000e-003	
2808	1.575000e-003	
2809	1.400000e-003	
2810	1.250000e-003	
2811	9.500000e-004	
2812	1.325000e-003	
2813	1.275000e-003	
2814	1.325000e-003	
2815	1.575000e-003	
2816	1.650000e-003	
2817	1.450000e-003	
2818	1.250000e-003	
2819	1.075000e-003	
2820	1.050000e-003	
2821	1.250000e-003	
2822	1.375000e-003	
2823	1.150000e-003	
2824	1.000000e-003	
2825	1.100000e-003	
2826	1.225000e-003	
2827	9.250000e-004	
2828	1.025000e-003	
2829	9.250000e-004	
2830	1.025000e-003	
2831	9.500000e-004	
2832	1.000000e-003	
2833	8.750000e-004	
2834	8.500000e-004	
2835	8.000000e-004	
2836	7.500000e-004	
2837	7.000000e-004	
2838	6.250000e-004	
2839	3.500000e-004	
2840	2.750000e-004	
2841	2.750000e-004	
2842	2.500000e-004	
2843	1.750000e-004	
2844	7.500000e-005	
2845	2.500000e-005	
2846	0	
2847	0	
2848	0	
2849	0	
2850	0	
2851	0	
2852	0	
2853	0	
2854	0	
2855	0	
2856	0	
2857	0	
2858	0	
2859	0	
2860	0	
2861	0	
2862	0	
2863	0	
2864	2.500000e-005	
2865	1.250000e-004	
2866	1.250000e-004	
2867	2.250000e-004	
2868	2.250000e-004	
2869	2.750000e-004	
2870	3.500000e-004	
2871	4.000000e-004	
2872	4.250000e-004	
2873	3.500000e-004	
2874	4.000000e-004	
2875	2.500000e-004	
2876	2.750000e-004	
2877	2.750000e-004	
2878	3.750000e-004	
2879	5.250000e-004	
2880	5.000000e-004	
2881	4.750000e-004	
2882	2.500000e-004	
2883	3.750000e-004	
2884	5.250000e-004	
2885	6.250000e-004	
2886	9.000000e-004	
2887	1.050000e-003	
2888	8.500000e-004	
2889	7.750000e-004	
2890	7.250000e-004	
2891	6.250000e-004	
2892	8.000000e-004	
2893	8.000000e-004	
2894	8.250000e-004	
2895	9.250000e-004	
2896	7.750000e-004	
2897	7.250000e-004	
2898	7.750000e-004	
2899	1.050000e-003	
2900	6.000000e-004	
2901	6.500000e-004	
2902	7.000000e-004	
2903	7.750000e-004	
2904	6.500000e-004	
2905	7.250000e-004	
2906	9.500000e-004	
2907	8.250000e-004	
2908	6.750000e-004	
2909	7.250000e-004	
2910	6.500000e-004	
2911	5.750000e-004	
2912	7.000000e-004	
2913	7.000000e-004	
2914	7.500000e-004	
2915	7.250000e-004	
2916	7.750000e-004	
2917	8.750000e-004	
2918	1.150000e-003	
2919	1.350000e-003	
2920	1.200000e-003	
2921	1.250000e-003	
2922	1.075000e-003	
2923	1.125000e-003	
2924	1.025000e-003	
2925	1.050000e-003	
2926	1.200000e-003	
2927	1.050000e-003	
2928	1.450000e-003	
2929	1.300000e-003	
2930	1.425000e-003	
2931	1.850000e-003	
2932	1.700000e-003	
2933	1.550000e-003	
2934	1.275000e-003	
2935	1.325000e-003	
2936	1.125000e-003	
2937	1.250000e-003	
2938	1.000000e-003	
2939	1.075000e-003	
2940	1.125000e-003	
2941	1.450000e-003	
2942	1.250000e-003	
2943	1.175000e-003	
2944	1.425000e-003	
2945	1.000000e-003	
2946	1.375000e-003	
2947	1.625000e-003	
2948	1.575000e-003	
2949	1.200000e-003	
2950	1.175000e-003	
2951	1.375000e-003	
2952	1.350000e-003	
2953	1.300000e-003	
2954	1.350000e-003	
2955	1.450000e-003	
2956	1.425000e-003	
2957	1.400000e-003	
2958	1.525000e-003	
2959	1.375000e-003	
2960	1.600000e-003	
2961	1.375000e-003	
2962	1.375000e-003	
2963	1.500000e-003	
2964	1.125000e-003	
2965	1.150000e-003	
2966	1.525000e-003	
2967	1.800000e-003	
2968	1.575000e-003	
2969	1.700000e-003	
2970	1.750000e-003	
2971	1.900000e-003	
2972	1.975000e-003	
2973	1.800000e-003	
2974	2.050000e-003	
2975	2.225000e-003	
2976	2.125000e-003	
2977	2.200000e-003	
2978	1.775000e-003	
2979	2.100000e-003	
2980	2.300000e-003	
2981	2.225000e-003	
2982	2.275000e-003	
2983	2.150000e-003	
2984	2.100000e-003	
2985	1.925000e-003	
2986	2.100000e-003	
2987	1.975000e-003	
2988	1.775000e-003	
2989	2.075000e-003	
2990	2.200000e-003	
2991	1.750000e-003	
2992	1.875000e-003	
2993	1.725000e-003	
2994	1.825000e-003	
2995	2.125000e-003	
2996	1.800000e-003	
2997	2.125000e-003	
2998	2.050000e-003	
2999	2.125000e-003	
3000	2.100000e-003	
3001	2.525000e-003	
