1	0	
2	0	
3	0	
4	0	
5	0	
6	0	
7	0	
8	5.000000e-005	
9	1.500000e-004	
10	2.000000e-004	
11	3.000000e-004	
12	3.500000e-004	
13	5.000000e-004	
14	7.000000e-004	
15	8.000000e-004	
16	9.250000e-004	
17	1.075000e-003	
18	1.425000e-003	
19	1.250000e-003	
20	1.350000e-003	
21	1.450000e-003	
22	1.275000e-003	
23	1.325000e-003	
24	1.575000e-003	
25	1.750000e-003	
26	1.775000e-003	
27	1.925000e-003	
28	2.325000e-003	
29	2.150000e-003	
30	2.350000e-003	
31	2.275000e-003	
32	2.525000e-003	
33	2.675000e-003	
34	3.125000e-003	
35	3.400000e-003	
36	3.375000e-003	
37	3.325000e-003	
38	3.475000e-003	
39	3.400000e-003	
40	3.225000e-003	
41	3.675000e-003	
42	3.550000e-003	
43	3.300000e-003	
44	2.675000e-003	
45	3.225000e-003	
46	3.625000e-003	
47	3.600000e-003	
48	4.075000e-003	
49	4.025000e-003	
50	4.050000e-003	
51	3.575000e-003	
52	3.225000e-003	
53	3.100000e-003	
54	3.100000e-003	
55	3.425000e-003	
56	3.675000e-003	
57	3.825000e-003	
58	3.975000e-003	
59	3.850000e-003	
60	3.850000e-003	
61	3.850000e-003	
62	3.675000e-003	
63	3.875000e-003	
64	3.850000e-003	
65	3.750000e-003	
66	3.250000e-003	
67	3.100000e-003	
68	3.425000e-003	
69	3.350000e-003	
70	3.650000e-003	
71	3.650000e-003	
72	3.475000e-003	
73	3.650000e-003	
74	3.675000e-003	
75	3.750000e-003	
76	3.700000e-003	
77	3.675000e-003	
78	4.075000e-003	
79	4.225000e-003	
80	4.300000e-003	
81	4.050000e-003	
82	4.325000e-003	
83	4.325000e-003	
84	4.425000e-003	
85	3.475000e-003	
86	3.725000e-003	
87	3.525000e-003	
88	4.200000e-003	
89	4.150000e-003	
90	3.800000e-003	
91	3.475000e-003	
92	3.675000e-003	
93	3.700000e-003	
94	3.850000e-003	
95	4.575000e-003	
96	4.200000e-003	
97	4.150000e-003	
98	4.075000e-003	
99	4.300000e-003	
100	3.875000e-003	
101	4.050000e-003	
102	4.450000e-003	
103	4.275000e-003	
104	4.050000e-003	
105	3.925000e-003	
106	3.950000e-003	
107	4.225000e-003	
108	4.100000e-003	
109	3.825000e-003	
110	4.050000e-003	
111	4.700000e-003	
112	4.900000e-003	
113	4.975000e-003	
114	4.575000e-003	
115	4.175000e-003	
116	4.250000e-003	
117	4.350000e-003	
118	4.500000e-003	
119	4.125000e-003	
120	4.475000e-003	
121	4.675000e-003	
122	4.375000e-003	
123	4.775000e-003	
124	5.075000e-003	
125	5.900000e-003	
126	5.500000e-003	
127	5.750000e-003	
128	5.550000e-003	
129	5.550000e-003	
130	5.275000e-003	
131	6.025000e-003	
132	6.050000e-003	
133	5.975000e-003	
134	6.450000e-003	
135	6.150000e-003	
136	6.575000e-003	
137	6.625000e-003	
138	6.075000e-003	
139	5.100000e-003	
140	5.200000e-003	
141	5.025000e-003	
142	4.900000e-003	
143	4.275000e-003	
144	3.750000e-003	
145	3.575000e-003	
146	3.475000e-003	
147	3.325000e-003	
148	3.175000e-003	
149	3.000000e-003	
150	3.000000e-003	
151	2.800000e-003	
152	2.375000e-003	
153	1.650000e-003	
154	1.150000e-003	
155	5.000000e-004	
156	1.250000e-004	
157	1.750000e-004	
158	2.500000e-005	
159	0	
160	2.500000e-005	
161	0	
162	0	
163	0	
164	0	
165	0	
166	0	
167	0	
168	0	
169	0	
170	0	
171	0	
172	0	
173	0	
174	0	
175	0	
176	0	
177	0	
178	0	
179	0	
180	0	
181	0	
182	0	
183	0	
184	0	
185	0	
186	0	
187	0	
188	0	
189	0	
190	0	
191	0	
192	0	
193	0	
194	0	
195	0	
196	0	
197	0	
198	0	
199	0	
200	0	
201	0	
202	0	
203	0	
204	0	
205	0	
206	0	
207	0	
208	0	
209	0	
210	0	
211	0	
212	0	
213	0	
214	0	
215	0	
216	0	
217	0	
218	0	
219	0	
220	0	
221	0	
222	0	
223	0	
224	0	
225	0	
226	0	
227	0	
228	0	
229	0	
230	0	
231	0	
232	0	
233	0	
234	0	
235	0	
236	0	
237	0	
238	0	
239	0	
240	0	
241	0	
242	0	
243	0	
244	0	
245	0	
246	0	
247	0	
248	0	
249	0	
250	0	
251	0	
252	0	
253	0	
254	0	
255	0	
256	0	
257	0	
258	0	
259	0	
260	0	
261	0	
262	0	
263	0	
264	0	
265	0	
266	0	
267	0	
268	0	
269	0	
270	0	
271	0	
272	0	
273	0	
274	0	
275	0	
276	0	
277	0	
278	0	
279	0	
280	0	
281	0	
282	0	
283	0	
284	0	
285	0	
286	0	
287	0	
288	0	
289	0	
290	0	
291	0	
292	0	
293	0	
294	0	
295	0	
296	0	
297	0	
298	0	
299	0	
300	0	
301	0	
302	0	
303	0	
304	0	
305	0	
306	0	
307	0	
308	0	
309	0	
310	0	
311	0	
312	0	
313	0	
314	0	
315	0	
316	0	
317	0	
318	0	
319	0	
320	0	
321	0	
322	0	
323	0	
324	0	
325	0	
326	0	
327	0	
328	0	
329	0	
330	0	
331	0	
332	0	
333	2.500000e-005	
334	2.500000e-005	
335	0	
336	0	
337	0	
338	0	
339	0	
340	0	
341	0	
342	0	
343	0	
344	0	
345	0	
346	0	
347	0	
348	0	
349	0	
350	0	
351	0	
352	0	
353	0	
354	0	
355	0	
356	2.500000e-005	
357	5.000000e-005	
358	7.500000e-005	
359	7.500000e-005	
360	2.500000e-005	
361	0	
362	0	
363	0	
364	0	
365	0	
366	0	
367	0	
368	0	
369	0	
370	0	
371	0	
372	0	
373	0	
374	0	
375	2.500000e-005	
376	0	
377	0	
378	0	
379	0	
380	0	
381	0	
382	0	
383	0	
384	0	
385	0	
386	0	
387	0	
388	0	
389	0	
390	0	
391	0	
392	0	
393	0	
394	0	
395	0	
396	0	
397	0	
398	0	
399	0	
400	0	
401	0	
402	0	
403	0	
404	0	
405	0	
406	0	
407	0	
408	0	
409	0	
410	0	
411	2.500000e-005	
412	5.000000e-005	
413	7.500000e-005	
414	2.500000e-005	
415	2.500000e-005	
416	2.500000e-005	
417	2.500000e-005	
418	0	
419	0	
420	0	
421	0	
422	0	
423	0	
424	0	
425	0	
426	0	
427	0	
428	0	
429	0	
430	0	
431	0	
432	0	
433	0	
434	2.500000e-005	
435	1.250000e-004	
436	1.750000e-004	
437	1.500000e-004	
438	7.500000e-005	
439	2.500000e-005	
440	2.500000e-005	
441	2.500000e-005	
442	2.500000e-005	
443	5.000000e-005	
444	7.500000e-005	
445	1.000000e-004	
446	1.000000e-004	
447	1.000000e-004	
448	1.750000e-004	
449	2.000000e-004	
450	2.000000e-004	
451	1.750000e-004	
452	1.750000e-004	
453	1.000000e-004	
454	7.500000e-005	
455	7.500000e-005	
456	5.000000e-005	
457	7.500000e-005	
458	7.500000e-005	
459	1.250000e-004	
460	7.500000e-005	
461	1.000000e-004	
462	1.000000e-004	
463	7.500000e-005	
464	2.500000e-005	
465	7.500000e-005	
466	5.000000e-005	
467	5.000000e-005	
468	2.500000e-005	
469	0	
470	0	
471	0	
472	0	
473	0	
474	0	
475	0	
476	0	
477	0	
478	0	
479	0	
480	0	
481	0	
482	0	
483	0	
484	0	
485	0	
486	0	
487	0	
488	0	
489	0	
490	0	
491	0	
492	0	
493	0	
494	0	
495	0	
496	0	
497	0	
498	0	
499	0	
500	0	
501	0	
502	0	
503	0	
504	0	
505	0	
506	0	
507	0	
508	0	
509	0	
510	0	
511	0	
512	2.500000e-005	
513	1.250000e-004	
514	5.000000e-005	
515	1.000000e-004	
516	7.500000e-005	
517	1.000000e-004	
518	7.500000e-005	
519	5.000000e-005	
520	1.000000e-004	
521	1.250000e-004	
522	2.500000e-004	
523	2.500000e-004	
524	3.250000e-004	
525	3.250000e-004	
526	2.750000e-004	
527	3.750000e-004	
528	5.250000e-004	
529	5.250000e-004	
530	5.500000e-004	
531	3.500000e-004	
532	3.750000e-004	
533	4.750000e-004	
534	4.750000e-004	
535	4.750000e-004	
536	5.000000e-004	
537	5.000000e-004	
538	2.250000e-004	
539	2.750000e-004	
540	2.750000e-004	
541	3.500000e-004	
542	3.250000e-004	
543	3.500000e-004	
544	3.000000e-004	
545	3.500000e-004	
546	5.000000e-004	
547	3.250000e-004	
548	4.250000e-004	
549	3.750000e-004	
550	2.000000e-004	
551	2.750000e-004	
552	3.500000e-004	
553	3.250000e-004	
554	2.750000e-004	
555	2.500000e-004	
556	2.750000e-004	
557	2.750000e-004	
558	3.750000e-004	
559	4.750000e-004	
560	3.250000e-004	
561	5.000000e-004	
562	5.250000e-004	
563	5.250000e-004	
564	5.500000e-004	
565	6.000000e-004	
566	5.000000e-004	
567	5.500000e-004	
568	5.250000e-004	
569	5.750000e-004	
570	5.000000e-004	
571	6.250000e-004	
572	7.000000e-004	
573	5.000000e-004	
574	5.750000e-004	
575	7.500000e-004	
576	7.000000e-004	
577	5.000000e-004	
578	4.750000e-004	
579	3.750000e-004	
580	4.250000e-004	
581	3.500000e-004	
582	3.000000e-004	
583	2.250000e-004	
584	3.750000e-004	
585	3.500000e-004	
586	4.000000e-004	
587	4.250000e-004	
588	4.500000e-004	
589	4.250000e-004	
590	3.250000e-004	
591	2.500000e-004	
592	2.500000e-004	
593	2.250000e-004	
594	1.750000e-004	
595	2.000000e-004	
596	1.000000e-004	
597	1.500000e-004	
598	2.750000e-004	
599	3.250000e-004	
600	3.250000e-004	
601	4.750000e-004	
602	5.250000e-004	
603	5.250000e-004	
604	7.500000e-004	
605	7.000000e-004	
606	4.750000e-004	
607	5.500000e-004	
608	7.750000e-004	
609	7.000000e-004	
610	5.000000e-004	
611	4.750000e-004	
612	2.750000e-004	
613	3.500000e-004	
614	4.500000e-004	
615	5.750000e-004	
616	7.500000e-004	
617	5.500000e-004	
618	5.750000e-004	
619	5.750000e-004	
620	5.750000e-004	
621	6.250000e-004	
622	7.500000e-004	
623	7.750000e-004	
624	8.500000e-004	
625	9.250000e-004	
626	1.050000e-003	
627	1.125000e-003	
628	1.175000e-003	
629	1.250000e-003	
630	8.750000e-004	
631	1.150000e-003	
632	1.200000e-003	
633	1.275000e-003	
634	1.375000e-003	
635	1.500000e-003	
636	1.800000e-003	
637	1.825000e-003	
638	2.050000e-003	
639	1.900000e-003	
640	2.300000e-003	
641	2.175000e-003	
642	1.900000e-003	
643	2.075000e-003	
644	2.175000e-003	
645	2.550000e-003	
646	2.925000e-003	
647	2.900000e-003	
648	2.925000e-003	
649	2.950000e-003	
650	3.300000e-003	
651	3.575000e-003	
652	3.750000e-003	
653	3.925000e-003	
654	3.850000e-003	
655	3.800000e-003	
656	3.900000e-003	
657	3.125000e-003	
658	3.275000e-003	
659	3.550000e-003	
660	3.650000e-003	
661	3.050000e-003	
662	3.475000e-003	
663	2.950000e-003	
664	2.925000e-003	
665	2.950000e-003	
666	3.125000e-003	
667	3.050000e-003	
668	3.350000e-003	
669	3.125000e-003	
670	3.475000e-003	
671	3.300000e-003	
672	3.175000e-003	
673	3.200000e-003	
674	2.850000e-003	
675	3.000000e-003	
676	3.175000e-003	
677	3.025000e-003	
678	2.975000e-003	
679	2.975000e-003	
680	2.975000e-003	
681	3.075000e-003	
682	3.250000e-003	
683	2.825000e-003	
684	2.875000e-003	
685	2.950000e-003	
686	2.825000e-003	
687	3.175000e-003	
688	3.225000e-003	
689	3.575000e-003	
690	3.450000e-003	
691	3.425000e-003	
692	3.625000e-003	
693	4.175000e-003	
694	4.025000e-003	
695	4.650000e-003	
696	4.450000e-003	
697	4.625000e-003	
698	4.475000e-003	
699	4.575000e-003	
700	4.800000e-003	
701	4.250000e-003	
702	4.575000e-003	
703	5.000000e-003	
704	5.125000e-003	
705	4.300000e-003	
706	4.200000e-003	
707	3.775000e-003	
708	3.725000e-003	
709	3.550000e-003	
710	3.575000e-003	
711	4.050000e-003	
712	3.675000e-003	
713	3.675000e-003	
714	4.025000e-003	
715	4.025000e-003	
716	4.625000e-003	
717	3.975000e-003	
718	3.675000e-003	
719	3.950000e-003	
720	3.650000e-003	
721	3.700000e-003	
722	3.525000e-003	
723	3.150000e-003	
724	2.925000e-003	
725	2.775000e-003	
726	2.575000e-003	
727	2.375000e-003	
728	2.675000e-003	
729	3.000000e-003	
730	2.750000e-003	
731	2.500000e-003	
732	2.400000e-003	
733	2.325000e-003	
734	1.925000e-003	
735	1.850000e-003	
736	1.825000e-003	
737	1.500000e-003	
738	1.350000e-003	
739	9.750000e-004	
740	7.500000e-004	
741	7.500000e-004	
742	7.750000e-004	
743	6.250000e-004	
744	6.000000e-004	
745	4.500000e-004	
746	5.250000e-004	
747	3.000000e-004	
748	2.250000e-004	
749	1.500000e-004	
750	2.750000e-004	
751	3.500000e-004	
752	2.500000e-004	
753	2.500000e-004	
754	1.250000e-004	
755	7.500000e-005	
756	5.000000e-005	
757	5.000000e-005	
758	7.500000e-005	
759	1.000000e-004	
760	2.500000e-005	
761	0	
762	0	
763	0	
764	0	
765	0	
766	0	
767	0	
768	0	
769	0	
770	0	
771	0	
772	0	
773	0	
774	0	
775	0	
776	0	
777	0	
778	0	
779	0	
780	0	
781	0	
782	0	
783	0	
784	0	
785	0	
786	0	
787	0	
788	0	
789	0	
790	0	
791	0	
792	0	
793	0	
794	0	
795	0	
796	0	
797	2.500000e-005	
798	2.500000e-005	
799	5.000000e-005	
800	7.500000e-005	
801	1.500000e-004	
802	1.750000e-004	
803	2.250000e-004	
804	1.500000e-004	
805	1.500000e-004	
806	1.750000e-004	
807	3.250000e-004	
808	2.750000e-004	
809	4.000000e-004	
810	5.500000e-004	
811	4.000000e-004	
812	2.250000e-004	
813	2.750000e-004	
814	3.250000e-004	
815	4.000000e-004	
816	4.000000e-004	
817	5.250000e-004	
818	3.500000e-004	
819	4.500000e-004	
820	5.000000e-004	
821	3.500000e-004	
822	3.000000e-004	
823	3.500000e-004	
824	2.250000e-004	
825	2.750000e-004	
826	4.000000e-004	
827	3.500000e-004	
828	3.750000e-004	
829	4.250000e-004	
830	3.250000e-004	
831	2.000000e-004	
832	2.750000e-004	
833	4.000000e-004	
834	3.250000e-004	
835	4.000000e-004	
836	4.250000e-004	
837	5.000000e-004	
838	2.750000e-004	
839	3.500000e-004	
840	3.750000e-004	
841	4.000000e-004	
842	3.000000e-004	
843	2.250000e-004	
844	2.250000e-004	
845	2.750000e-004	
846	2.500000e-004	
847	2.000000e-004	
848	2.000000e-004	
849	2.000000e-004	
850	1.250000e-004	
851	2.500000e-004	
852	3.500000e-004	
853	4.250000e-004	
854	4.500000e-004	
855	3.750000e-004	
856	3.000000e-004	
857	1.750000e-004	
858	1.750000e-004	
859	1.750000e-004	
860	1.750000e-004	
861	2.250000e-004	
862	1.500000e-004	
863	1.500000e-004	
864	2.250000e-004	
865	1.500000e-004	
866	7.500000e-005	
867	5.000000e-005	
868	2.500000e-005	
869	0	
870	0	
871	0	
872	0	
873	0	
874	0	
875	0	
876	0	
877	0	
878	0	
879	0	
880	0	
881	0	
882	0	
883	0	
884	0	
885	0	
886	0	
887	0	
888	0	
889	0	
890	0	
891	0	
892	0	
893	0	
894	0	
895	0	
896	0	
897	2.500000e-005	
898	2.500000e-005	
899	0	
900	0	
901	0	
902	0	
903	0	
904	0	
905	0	
906	0	
907	0	
908	0	
909	0	
910	0	
911	0	
912	2.500000e-005	
913	2.500000e-005	
914	5.000000e-005	
915	5.000000e-005	
916	2.250000e-004	
917	1.500000e-004	
918	1.500000e-004	
919	1.500000e-004	
920	2.500000e-004	
921	2.000000e-004	
922	7.500000e-005	
923	1.250000e-004	
924	1.250000e-004	
925	5.000000e-005	
926	5.000000e-005	
927	5.000000e-005	
928	2.500000e-005	
929	0	
930	0	
931	0	
932	0	
933	0	
934	0	
935	0	
936	0	
937	0	
938	0	
939	0	
940	0	
941	0	
942	0	
943	0	
944	0	
945	0	
946	0	
947	0	
948	0	
949	0	
950	0	
951	0	
952	0	
953	0	
954	0	
955	0	
956	0	
957	0	
958	0	
959	0	
960	0	
961	0	
962	0	
963	0	
964	0	
965	0	
966	0	
967	0	
968	0	
969	0	
970	0	
971	0	
972	0	
973	0	
974	0	
975	0	
976	0	
977	0	
978	2.500000e-005	
979	7.500000e-005	
980	0	
981	0	
982	0	
983	0	
984	0	
985	0	
986	0	
987	0	
988	0	
989	0	
990	0	
991	0	
992	0	
993	0	
994	0	
995	0	
996	0	
997	0	
998	0	
999	0	
1000	0	
1001	0	
1002	0	
1003	0	
1004	0	
1005	0	
1006	0	
1007	0	
1008	0	
1009	0	
1010	0	
1011	0	
1012	0	
1013	0	
1014	0	
1015	0	
1016	0	
1017	0	
1018	0	
1019	0	
1020	0	
1021	0	
1022	0	
1023	0	
1024	0	
1025	0	
1026	0	
1027	0	
1028	0	
1029	0	
1030	0	
1031	0	
1032	2.500000e-005	
1033	7.500000e-005	
1034	5.000000e-005	
1035	7.500000e-005	
1036	1.250000e-004	
1037	5.000000e-005	
1038	2.500000e-005	
1039	5.000000e-005	
1040	7.500000e-005	
1041	2.500000e-005	
1042	0	
1043	0	
1044	0	
1045	0	
1046	0	
1047	0	
1048	0	
1049	0	
1050	0	
1051	0	
1052	0	
1053	0	
1054	0	
1055	0	
1056	0	
1057	0	
1058	0	
1059	0	
1060	0	
1061	0	
1062	0	
1063	0	
1064	0	
1065	0	
1066	0	
1067	0	
1068	0	
1069	0	
1070	0	
1071	0	
1072	0	
1073	0	
1074	0	
1075	0	
1076	0	
1077	0	
1078	0	
1079	0	
1080	0	
1081	0	
1082	0	
1083	0	
1084	0	
1085	0	
1086	0	
1087	0	
1088	0	
1089	0	
1090	2.500000e-005	
1091	0	
1092	0	
1093	0	
1094	0	
1095	0	
1096	0	
1097	0	
1098	0	
1099	0	
1100	0	
1101	0	
1102	0	
1103	0	
1104	0	
1105	0	
1106	0	
1107	0	
1108	0	
1109	0	
1110	0	
1111	0	
1112	0	
1113	0	
1114	0	
1115	0	
1116	0	
1117	0	
1118	0	
1119	0	
1120	0	
1121	0	
1122	0	
1123	0	
1124	0	
1125	0	
1126	0	
1127	0	
1128	0	
1129	0	
1130	0	
1131	0	
1132	0	
1133	0	
1134	0	
1135	0	
1136	0	
1137	0	
1138	0	
1139	0	
1140	0	
1141	0	
1142	0	
1143	0	
1144	0	
1145	0	
1146	0	
1147	0	
1148	0	
1149	0	
1150	0	
1151	0	
1152	0	
1153	0	
1154	0	
1155	0	
1156	0	
1157	0	
1158	0	
1159	0	
1160	0	
1161	0	
1162	0	
1163	0	
1164	0	
1165	0	
1166	0	
1167	0	
1168	0	
1169	0	
1170	0	
1171	0	
1172	0	
1173	0	
1174	0	
1175	0	
1176	0	
1177	0	
1178	0	
1179	0	
1180	0	
1181	0	
1182	0	
1183	0	
1184	0	
1185	2.500000e-005	
1186	1.250000e-004	
1187	1.000000e-004	
1188	1.250000e-004	
1189	1.500000e-004	
1190	1.500000e-004	
1191	1.250000e-004	
1192	1.750000e-004	
1193	1.500000e-004	
1194	1.250000e-004	
1195	2.250000e-004	
1196	2.750000e-004	
1197	3.750000e-004	
1198	5.250000e-004	
1199	4.750000e-004	
1200	4.750000e-004	
1201	3.250000e-004	
1202	4.500000e-004	
1203	4.000000e-004	
1204	6.250000e-004	
1205	7.500000e-004	
1206	5.750000e-004	
1207	5.750000e-004	
1208	6.750000e-004	
1209	9.250000e-004	
1210	1.000000e-003	
1211	9.750000e-004	
1212	1.175000e-003	
1213	1.200000e-003	
1214	1.100000e-003	
1215	1.350000e-003	
1216	1.125000e-003	
1217	1.125000e-003	
1218	1.100000e-003	
1219	1.025000e-003	
1220	1.075000e-003	
1221	1.050000e-003	
1222	1.000000e-003	
1223	1.250000e-003	
1224	1.225000e-003	
1225	1.025000e-003	
1226	9.750000e-004	
1227	1.350000e-003	
1228	1.400000e-003	
1229	1.225000e-003	
1230	1.225000e-003	
1231	1.300000e-003	
1232	1.250000e-003	
1233	1.225000e-003	
1234	1.200000e-003	
1235	1.200000e-003	
1236	1.400000e-003	
1237	1.250000e-003	
1238	1.125000e-003	
1239	1.125000e-003	
1240	1.275000e-003	
1241	1.350000e-003	
1242	1.500000e-003	
1243	1.600000e-003	
1244	1.425000e-003	
1245	1.525000e-003	
1246	1.950000e-003	
1247	2.275000e-003	
1248	2.300000e-003	
1249	2.525000e-003	
1250	2.550000e-003	
1251	2.700000e-003	
1252	2.725000e-003	
1253	2.550000e-003	
1254	3.025000e-003	
1255	3.100000e-003	
1256	2.900000e-003	
1257	3.075000e-003	
1258	2.750000e-003	
1259	2.600000e-003	
1260	3.100000e-003	
1261	2.775000e-003	
1262	2.725000e-003	
1263	2.750000e-003	
1264	2.950000e-003	
1265	2.625000e-003	
1266	2.725000e-003	
1267	2.625000e-003	
1268	2.625000e-003	
1269	2.675000e-003	
1270	2.925000e-003	
1271	3.275000e-003	
1272	3.450000e-003	
1273	4.025000e-003	
1274	3.875000e-003	
1275	4.525000e-003	
1276	4.575000e-003	
1277	4.950000e-003	
1278	4.400000e-003	
1279	4.875000e-003	
1280	4.675000e-003	
1281	4.750000e-003	
1282	4.425000e-003	
1283	4.375000e-003	
1284	4.900000e-003	
1285	4.875000e-003	
1286	4.925000e-003	
1287	4.475000e-003	
1288	4.725000e-003	
1289	4.725000e-003	
1290	4.450000e-003	
1291	4.050000e-003	
1292	4.550000e-003	
1293	5.425000e-003	
1294	5.500000e-003	
1295	5.600000e-003	
1296	5.775000e-003	
1297	5.800000e-003	
1298	6.200000e-003	
1299	5.825000e-003	
1300	5.400000e-003	
1301	5.275000e-003	
1302	4.825000e-003	
1303	4.900000e-003	
1304	5.275000e-003	
1305	5.725000e-003	
1306	6.350000e-003	
1307	6.675000e-003	
1308	6.650000e-003	
1309	6.375000e-003	
1310	5.850000e-003	
1311	6.250000e-003	
1312	5.650000e-003	
1313	5.575000e-003	
1314	5.450000e-003	
1315	5.400000e-003	
1316	4.975000e-003	
1317	5.175000e-003	
1318	5.400000e-003	
1319	5.425000e-003	
1320	5.225000e-003	
1321	5.100000e-003	
1322	5.250000e-003	
1323	4.325000e-003	
1324	3.925000e-003	
1325	3.400000e-003	
1326	3.300000e-003	
1327	2.500000e-003	
1328	2.150000e-003	
1329	2.150000e-003	
1330	2.125000e-003	
1331	2.200000e-003	
1332	2.200000e-003	
1333	1.650000e-003	
1334	1.175000e-003	
1335	1.000000e-003	
1336	1.025000e-003	
1337	1.150000e-003	
1338	1.100000e-003	
1339	8.500000e-004	
1340	1.275000e-003	
1341	1.175000e-003	
1342	8.750000e-004	
1343	8.500000e-004	
1344	7.500000e-004	
1345	5.250000e-004	
1346	2.000000e-004	
1347	2.000000e-004	
1348	1.750000e-004	
1349	1.500000e-004	
1350	1.250000e-004	
1351	2.500000e-004	
1352	3.000000e-004	
1353	2.000000e-004	
1354	1.750000e-004	
1355	2.750000e-004	
1356	2.250000e-004	
1357	3.500000e-004	
1358	4.000000e-004	
1359	4.000000e-004	
1360	4.250000e-004	
1361	3.250000e-004	
1362	4.250000e-004	
1363	2.750000e-004	
1364	2.750000e-004	
1365	2.000000e-004	
1366	1.750000e-004	
1367	1.500000e-004	
1368	7.500000e-005	
1369	5.000000e-005	
1370	5.000000e-005	
1371	2.500000e-005	
1372	0	
1373	0	
1374	0	
1375	0	
1376	0	
1377	0	
1378	0	
1379	0	
1380	0	
1381	0	
1382	0	
1383	0	
1384	0	
1385	0	
1386	0	
1387	0	
1388	0	
1389	0	
1390	0	
1391	0	
1392	0	
1393	0	
1394	0	
1395	0	
1396	0	
1397	0	
1398	0	
1399	0	
1400	0	
1401	0	
1402	0	
1403	0	
1404	0	
1405	5.000000e-005	
1406	0	
1407	0	
1408	0	
1409	0	
1410	0	
1411	0	
1412	0	
1413	0	
1414	0	
1415	0	
1416	0	
1417	0	
1418	0	
1419	0	
1420	0	
1421	0	
1422	0	
1423	0	
1424	0	
1425	0	
1426	0	
1427	0	
1428	0	
1429	0	
1430	0	
1431	0	
1432	0	
1433	0	
1434	0	
1435	0	
1436	0	
1437	0	
1438	0	
1439	0	
1440	0	
1441	0	
1442	0	
1443	0	
1444	0	
1445	0	
1446	0	
1447	0	
1448	0	
1449	0	
1450	0	
1451	0	
1452	0	
1453	0	
1454	0	
1455	0	
1456	0	
1457	0	
1458	0	
1459	0	
1460	0	
1461	0	
1462	0	
1463	0	
1464	0	
1465	0	
1466	0	
1467	0	
1468	0	
1469	0	
1470	0	
1471	0	
1472	0	
1473	0	
1474	0	
1475	0	
1476	0	
1477	0	
1478	0	
1479	0	
1480	0	
1481	0	
1482	0	
1483	0	
1484	0	
1485	0	
1486	0	
1487	0	
1488	0	
1489	0	
1490	0	
1491	0	
1492	0	
1493	0	
1494	0	
1495	0	
1496	0	
1497	0	
1498	0	
1499	0	
1500	0	
1501	0	
1502	0	
1503	0	
1504	0	
1505	0	
1506	0	
1507	0	
1508	0	
1509	0	
1510	0	
1511	0	
1512	0	
1513	0	
1514	0	
1515	0	
1516	0	
1517	0	
1518	0	
1519	0	
1520	0	
1521	0	
1522	0	
1523	0	
1524	0	
1525	0	
1526	0	
1527	0	
1528	0	
1529	0	
1530	0	
1531	0	
1532	0	
1533	0	
1534	0	
1535	0	
1536	0	
1537	0	
1538	0	
1539	0	
1540	0	
1541	0	
1542	0	
1543	0	
1544	0	
1545	0	
1546	0	
1547	0	
1548	0	
1549	0	
1550	0	
1551	0	
1552	0	
1553	0	
1554	0	
1555	0	
1556	0	
1557	0	
1558	0	
1559	0	
1560	0	
1561	0	
1562	0	
1563	0	
1564	0	
1565	0	
1566	0	
1567	0	
1568	0	
1569	0	
1570	0	
1571	0	
1572	0	
1573	0	
1574	0	
1575	0	
1576	0	
1577	0	
1578	0	
1579	0	
1580	0	
1581	0	
1582	0	
1583	5.000000e-005	
1584	1.250000e-004	
1585	1.500000e-004	
1586	2.000000e-004	
1587	2.250000e-004	
1588	3.250000e-004	
1589	3.500000e-004	
1590	1.250000e-004	
1591	7.500000e-005	
1592	1.250000e-004	
1593	1.250000e-004	
1594	5.000000e-005	
1595	7.500000e-005	
1596	5.000000e-005	
1597	5.000000e-005	
1598	2.500000e-005	
1599	2.500000e-005	
1600	0	
1601	0	
1602	0	
1603	0	
1604	0	
1605	2.500000e-005	
1606	2.500000e-005	
1607	2.500000e-005	
1608	2.500000e-005	
1609	7.500000e-005	
1610	1.000000e-004	
1611	5.000000e-005	
1612	1.000000e-004	
1613	1.500000e-004	
1614	5.000000e-005	
1615	2.500000e-005	
1616	2.500000e-005	
1617	2.500000e-005	
1618	2.500000e-005	
1619	0	
1620	0	
1621	0	
1622	0	
1623	0	
1624	0	
1625	0	
1626	0	
1627	0	
1628	0	
1629	2.500000e-005	
1630	5.000000e-005	
1631	7.500000e-005	
1632	7.500000e-005	
1633	1.000000e-004	
1634	1.250000e-004	
1635	1.250000e-004	
1636	1.250000e-004	
1637	1.000000e-004	
1638	1.250000e-004	
1639	1.250000e-004	
1640	1.750000e-004	
1641	1.750000e-004	
1642	2.000000e-004	
1643	1.000000e-004	
1644	1.500000e-004	
1645	1.000000e-004	
1646	1.000000e-004	
1647	1.000000e-004	
1648	2.500000e-005	
1649	0	
1650	0	
1651	0	
1652	0	
1653	0	
1654	0	
1655	0	
1656	0	
1657	0	
1658	0	
1659	0	
1660	0	
1661	0	
1662	0	
1663	0	
1664	0	
1665	0	
1666	0	
1667	0	
1668	0	
1669	0	
1670	0	
1671	0	
1672	0	
1673	0	
1674	0	
1675	0	
1676	0	
1677	0	
1678	0	
1679	0	
1680	0	
1681	0	
1682	0	
1683	0	
1684	0	
1685	0	
1686	0	
1687	0	
1688	0	
1689	2.500000e-005	
1690	1.250000e-004	
1691	7.500000e-005	
1692	2.500000e-005	
1693	2.500000e-005	
1694	7.500000e-005	
1695	5.000000e-005	
1696	5.000000e-005	
1697	0	
1698	0	
1699	0	
1700	0	
1701	0	
1702	0	
1703	0	
1704	0	
1705	0	
1706	0	
1707	0	
1708	0	
1709	0	
1710	0	
1711	0	
1712	0	
1713	0	
1714	0	
1715	0	
1716	0	
1717	0	
1718	0	
1719	0	
1720	0	
1721	0	
1722	0	
1723	2.500000e-005	
1724	1.500000e-004	
1725	1.000000e-004	
1726	1.000000e-004	
1727	1.500000e-004	
1728	7.500000e-005	
1729	7.500000e-005	
1730	1.750000e-004	
1731	5.000000e-005	
1732	7.500000e-005	
1733	1.250000e-004	
1734	2.000000e-004	
1735	2.000000e-004	
1736	3.000000e-004	
1737	2.250000e-004	
1738	2.000000e-004	
1739	2.000000e-004	
1740	1.000000e-004	
1741	5.000000e-005	
1742	5.000000e-005	
1743	7.500000e-005	
1744	1.250000e-004	
1745	1.000000e-004	
1746	1.750000e-004	
1747	1.500000e-004	
1748	1.500000e-004	
1749	7.500000e-005	
1750	7.500000e-005	
1751	5.000000e-005	
1752	2.500000e-005	
1753	2.500000e-005	
1754	5.000000e-005	
1755	2.500000e-005	
1756	5.000000e-005	
1757	1.000000e-004	
1758	5.000000e-005	
1759	5.000000e-005	
1760	0	
1761	0	
1762	0	
1763	0	
1764	0	
1765	0	
1766	0	
1767	0	
1768	0	
1769	0	
1770	0	
1771	0	
1772	0	
1773	0	
1774	0	
1775	0	
1776	0	
1777	0	
1778	0	
1779	0	
1780	0	
1781	0	
1782	0	
1783	0	
1784	0	
1785	0	
1786	0	
1787	0	
1788	0	
1789	0	
1790	0	
1791	0	
1792	0	
1793	0	
1794	0	
1795	0	
1796	0	
1797	0	
1798	0	
1799	0	
1800	0	
1801	0	
1802	0	
1803	0	
1804	0	
1805	0	
1806	0	
1807	0	
1808	0	
1809	0	
1810	0	
1811	0	
1812	0	
1813	0	
1814	0	
1815	0	
1816	0	
1817	0	
1818	0	
1819	0	
1820	0	
1821	0	
1822	2.500000e-005	
1823	1.000000e-004	
1824	1.750000e-004	
1825	2.500000e-004	
1826	2.000000e-004	
1827	3.000000e-004	
1828	3.000000e-004	
1829	2.750000e-004	
1830	3.000000e-004	
1831	3.750000e-004	
1832	1.500000e-004	
1833	1.250000e-004	
1834	1.500000e-004	
1835	1.250000e-004	
1836	2.000000e-004	
1837	2.750000e-004	
1838	3.250000e-004	
1839	3.750000e-004	
1840	4.000000e-004	
1841	4.250000e-004	
1842	6.500000e-004	
1843	5.750000e-004	
1844	5.750000e-004	
1845	4.500000e-004	
1846	7.000000e-004	
1847	8.750000e-004	
1848	8.500000e-004	
1849	9.750000e-004	
1850	9.000000e-004	
1851	1.200000e-003	
1852	1.050000e-003	
1853	1.325000e-003	
1854	1.575000e-003	
1855	1.750000e-003	
1856	1.850000e-003	
1857	2.275000e-003	
1858	2.250000e-003	
1859	2.300000e-003	
1860	2.725000e-003	
1861	2.200000e-003	
1862	2.525000e-003	
1863	2.925000e-003	
1864	2.800000e-003	
1865	2.975000e-003	
1866	3.375000e-003	
1867	3.325000e-003	
1868	3.525000e-003	
1869	3.600000e-003	
1870	3.375000e-003	
1871	3.125000e-003	
1872	3.375000e-003	
1873	3.400000e-003	
1874	3.525000e-003	
1875	3.975000e-003	
1876	4.025000e-003	
1877	4.175000e-003	
1878	3.950000e-003	
1879	4.400000e-003	
1880	4.675000e-003	
1881	4.675000e-003	
1882	5.200000e-003	
1883	5.325000e-003	
1884	5.125000e-003	
1885	4.900000e-003	
1886	4.450000e-003	
1887	4.750000e-003	
1888	4.525000e-003	
1889	4.950000e-003	
1890	4.700000e-003	
1891	4.025000e-003	
1892	4.100000e-003	
1893	4.650000e-003	
1894	4.750000e-003	
1895	4.475000e-003	
1896	5.025000e-003	
1897	4.900000e-003	
1898	5.050000e-003	
1899	5.550000e-003	
1900	5.450000e-003	
1901	5.475000e-003	
1902	5.425000e-003	
1903	5.475000e-003	
1904	5.400000e-003	
1905	5.275000e-003	
1906	5.500000e-003	
1907	5.575000e-003	
1908	5.675000e-003	
1909	5.600000e-003	
1910	5.925000e-003	
1911	5.900000e-003	
1912	5.450000e-003	
1913	5.425000e-003	
1914	5.425000e-003	
1915	5.425000e-003	
1916	5.450000e-003	
1917	5.100000e-003	
1918	5.625000e-003	
1919	6.150000e-003	
1920	5.600000e-003	
1921	5.175000e-003	
1922	5.075000e-003	
1923	4.725000e-003	
1924	5.075000e-003	
1925	4.600000e-003	
1926	4.800000e-003	
1927	5.375000e-003	
1928	5.375000e-003	
1929	5.125000e-003	
1930	4.850000e-003	
1931	5.100000e-003	
1932	5.325000e-003	
1933	5.450000e-003	
1934	5.075000e-003	
1935	4.825000e-003	
1936	4.825000e-003	
1937	4.750000e-003	
1938	4.600000e-003	
1939	4.475000e-003	
1940	4.650000e-003	
1941	4.125000e-003	
1942	3.875000e-003	
1943	3.300000e-003	
1944	2.975000e-003	
1945	2.500000e-003	
1946	2.025000e-003	
1947	1.800000e-003	
1948	1.025000e-003	
1949	6.250000e-004	
1950	4.250000e-004	
1951	2.500000e-004	
1952	3.000000e-004	
1953	1.500000e-004	
1954	2.250000e-004	
1955	2.250000e-004	
1956	1.750000e-004	
1957	1.750000e-004	
1958	1.000000e-004	
1959	5.000000e-005	
1960	7.500000e-005	
1961	7.500000e-005	
1962	0	
1963	0	
1964	0	
1965	0	
1966	0	
1967	0	
1968	0	
1969	0	
1970	0	
1971	0	
1972	0	
1973	0	
1974	0	
1975	0	
1976	0	
1977	0	
1978	0	
1979	0	
1980	0	
1981	0	
1982	0	
1983	0	
1984	0	
1985	0	
1986	0	
1987	0	
1988	0	
1989	0	
1990	0	
1991	0	
1992	0	
1993	0	
1994	0	
1995	0	
1996	0	
1997	0	
1998	0	
1999	0	
2000	0	
2001	0	
2002	0	
2003	0	
2004	0	
2005	0	
2006	0	
2007	0	
2008	0	
2009	0	
2010	0	
2011	0	
2012	0	
2013	0	
2014	0	
2015	0	
2016	0	
2017	0	
2018	0	
2019	0	
2020	0	
2021	0	
2022	0	
2023	0	
2024	0	
2025	0	
2026	0	
2027	0	
2028	0	
2029	0	
2030	0	
2031	0	
2032	0	
2033	0	
2034	0	
2035	0	
2036	0	
2037	0	
2038	0	
2039	0	
2040	0	
2041	0	
2042	0	
2043	0	
2044	0	
2045	0	
2046	0	
2047	0	
2048	0	
2049	0	
2050	0	
2051	0	
2052	0	
2053	0	
2054	0	
2055	0	
2056	0	
2057	0	
2058	0	
2059	0	
2060	0	
2061	0	
2062	0	
2063	0	
2064	0	
2065	0	
2066	0	
2067	0	
2068	0	
2069	0	
2070	0	
2071	0	
2072	0	
2073	0	
2074	0	
2075	0	
2076	0	
2077	0	
2078	0	
2079	0	
2080	0	
2081	0	
2082	0	
2083	0	
2084	0	
2085	0	
2086	0	
2087	0	
2088	0	
2089	0	
2090	0	
2091	0	
2092	0	
2093	0	
2094	0	
2095	0	
2096	0	
2097	0	
2098	0	
2099	0	
2100	0	
2101	0	
2102	0	
2103	0	
2104	0	
2105	0	
2106	0	
2107	0	
2108	0	
2109	0	
2110	0	
2111	0	
2112	0	
2113	0	
2114	0	
2115	0	
2116	0	
2117	0	
2118	0	
2119	0	
2120	0	
2121	0	
2122	0	
2123	0	
2124	0	
2125	0	
2126	0	
2127	0	
2128	0	
2129	0	
2130	0	
2131	0	
2132	0	
2133	0	
2134	0	
2135	0	
2136	0	
2137	0	
2138	0	
2139	0	
2140	0	
2141	0	
2142	0	
2143	0	
2144	0	
2145	0	
2146	0	
2147	0	
2148	0	
2149	0	
2150	0	
2151	0	
2152	0	
2153	0	
2154	0	
2155	0	
2156	0	
2157	0	
2158	0	
2159	0	
2160	0	
2161	0	
2162	0	
2163	0	
2164	0	
2165	0	
2166	0	
2167	0	
2168	0	
2169	0	
2170	0	
2171	0	
2172	0	
2173	0	
2174	0	
2175	0	
2176	0	
2177	0	
2178	0	
2179	0	
2180	0	
2181	0	
2182	0	
2183	0	
2184	0	
2185	0	
2186	0	
2187	0	
2188	0	
2189	0	
2190	0	
2191	0	
2192	0	
2193	0	
2194	0	
2195	0	
2196	0	
2197	2.500000e-005	
2198	2.500000e-005	
2199	5.000000e-005	
2200	7.500000e-005	
2201	1.000000e-004	
2202	7.500000e-005	
2203	5.000000e-005	
2204	2.500000e-005	
2205	5.000000e-005	
2206	2.500000e-005	
2207	2.500000e-005	
2208	5.000000e-005	
2209	2.500000e-005	
2210	0	
2211	0	
2212	0	
2213	0	
2214	0	
2215	0	
2216	0	
2217	0	
2218	0	
2219	0	
2220	0	
2221	0	
2222	0	
2223	0	
2224	0	
2225	0	
2226	0	
2227	0	
2228	2.500000e-005	
2229	7.500000e-005	
2230	1.250000e-004	
2231	1.500000e-004	
2232	5.000000e-005	
2233	5.000000e-005	
2234	5.000000e-005	
2235	7.500000e-005	
2236	7.500000e-005	
2237	7.500000e-005	
2238	7.500000e-005	
2239	5.000000e-005	
2240	7.500000e-005	
2241	1.500000e-004	
2242	1.500000e-004	
2243	1.250000e-004	
2244	1.750000e-004	
2245	1.000000e-004	
2246	1.250000e-004	
2247	2.250000e-004	
2248	2.250000e-004	
2249	1.750000e-004	
2250	1.250000e-004	
2251	1.250000e-004	
2252	1.250000e-004	
2253	1.500000e-004	
2254	3.250000e-004	
2255	3.250000e-004	
2256	3.000000e-004	
2257	2.250000e-004	
2258	2.250000e-004	
2259	2.500000e-004	
2260	3.000000e-004	
2261	4.250000e-004	
2262	5.500000e-004	
2263	5.000000e-004	
2264	4.250000e-004	
2265	3.500000e-004	
2266	4.750000e-004	
2267	4.750000e-004	
2268	6.000000e-004	
2269	6.000000e-004	
2270	6.750000e-004	
2271	6.250000e-004	
2272	7.000000e-004	
2273	6.000000e-004	
2274	4.000000e-004	
2275	3.750000e-004	
2276	2.500000e-004	
2277	2.250000e-004	
2278	2.250000e-004	
2279	2.500000e-004	
2280	2.750000e-004	
2281	3.750000e-004	
2282	5.000000e-004	
2283	4.750000e-004	
2284	5.000000e-004	
2285	5.000000e-004	
2286	4.500000e-004	
2287	3.250000e-004	
2288	3.750000e-004	
2289	2.750000e-004	
2290	2.750000e-004	
2291	3.250000e-004	
2292	2.750000e-004	
2293	2.000000e-004	
2294	1.000000e-004	
2295	1.000000e-004	
2296	1.000000e-004	
2297	7.500000e-005	
2298	1.000000e-004	
2299	1.000000e-004	
2300	1.750000e-004	
2301	2.750000e-004	
2302	3.000000e-004	
2303	2.500000e-004	
2304	1.750000e-004	
2305	1.750000e-004	
2306	1.750000e-004	
2307	2.000000e-004	
2308	2.250000e-004	
2309	2.500000e-004	
2310	2.500000e-004	
2311	2.500000e-004	
2312	2.500000e-004	
2313	2.750000e-004	
2314	3.250000e-004	
2315	4.250000e-004	
2316	5.750000e-004	
2317	5.750000e-004	
2318	3.750000e-004	
2319	4.000000e-004	
2320	5.000000e-004	
2321	4.750000e-004	
2322	6.000000e-004	
2323	5.000000e-004	
2324	3.750000e-004	
2325	3.250000e-004	
2326	3.000000e-004	
2327	2.250000e-004	
2328	2.000000e-004	
2329	2.250000e-004	
2330	3.250000e-004	
2331	2.000000e-004	
2332	1.750000e-004	
2333	2.000000e-004	
2334	2.750000e-004	
2335	2.750000e-004	
2336	2.000000e-004	
2337	2.500000e-004	
2338	2.750000e-004	
2339	1.000000e-004	
2340	1.000000e-004	
2341	5.000000e-005	
2342	1.750000e-004	
2343	2.000000e-004	
2344	1.250000e-004	
2345	1.250000e-004	
2346	1.250000e-004	
2347	1.500000e-004	
2348	1.500000e-004	
2349	2.000000e-004	
2350	7.500000e-005	
2351	1.000000e-004	
2352	7.500000e-005	
2353	2.500000e-005	
2354	5.000000e-005	
2355	5.000000e-005	
2356	1.000000e-004	
2357	5.000000e-005	
2358	1.250000e-004	
2359	1.250000e-004	
2360	1.250000e-004	
2361	1.000000e-004	
2362	1.250000e-004	
2363	1.250000e-004	
2364	1.250000e-004	
2365	1.000000e-004	
2366	7.500000e-005	
2367	5.000000e-005	
2368	5.000000e-005	
2369	5.000000e-005	
2370	0	
2371	0	
2372	0	
2373	0	
2374	0	
2375	0	
2376	0	
2377	0	
2378	0	
2379	0	
2380	0	
2381	0	
2382	0	
2383	0	
2384	0	
2385	0	
2386	0	
2387	0	
2388	0	
2389	0	
2390	0	
2391	0	
2392	0	
2393	0	
2394	0	
2395	0	
2396	0	
2397	0	
2398	0	
2399	0	
2400	0	
2401	0	
2402	0	
2403	0	
2404	0	
2405	0	
2406	0	
2407	0	
2408	0	
2409	2.500000e-005	
2410	5.000000e-005	
2411	1.250000e-004	
2412	1.000000e-004	
2413	1.250000e-004	
2414	2.250000e-004	
2415	2.250000e-004	
2416	1.500000e-004	
2417	2.750000e-004	
2418	1.750000e-004	
2419	3.250000e-004	
2420	5.250000e-004	
2421	6.750000e-004	
2422	7.000000e-004	
2423	9.000000e-004	
2424	8.750000e-004	
2425	7.500000e-004	
2426	7.500000e-004	
2427	7.750000e-004	
2428	5.000000e-004	
2429	6.750000e-004	
2430	8.000000e-004	
2431	8.750000e-004	
2432	8.500000e-004	
2433	9.750000e-004	
2434	9.500000e-004	
2435	1.000000e-003	
2436	1.175000e-003	
2437	1.300000e-003	
2438	1.325000e-003	
2439	1.475000e-003	
2440	1.575000e-003	
2441	1.650000e-003	
2442	1.750000e-003	
2443	1.725000e-003	
2444	1.575000e-003	
2445	2.075000e-003	
2446	2.000000e-003	
2447	2.150000e-003	
2448	2.025000e-003	
2449	2.075000e-003	
2450	1.950000e-003	
2451	2.075000e-003	
2452	2.200000e-003	
2453	2.375000e-003	
2454	2.700000e-003	
2455	2.575000e-003	
2456	2.575000e-003	
2457	2.425000e-003	
2458	2.675000e-003	
2459	2.425000e-003	
2460	2.150000e-003	
2461	2.000000e-003	
2462	2.225000e-003	
2463	2.275000e-003	
2464	2.500000e-003	
2465	2.850000e-003	
2466	3.050000e-003	
2467	3.425000e-003	
2468	3.375000e-003	
2469	3.200000e-003	
2470	3.075000e-003	
2471	3.300000e-003	
2472	3.500000e-003	
2473	4.150000e-003	
2474	4.075000e-003	
2475	4.400000e-003	
2476	3.800000e-003	
2477	3.925000e-003	
2478	3.525000e-003	
2479	3.750000e-003	
2480	4.000000e-003	
2481	3.800000e-003	
2482	4.025000e-003	
2483	3.575000e-003	
2484	3.275000e-003	
2485	3.300000e-003	
2486	3.600000e-003	
2487	3.600000e-003	
2488	4.175000e-003	
2489	4.400000e-003	
2490	3.850000e-003	
2491	4.050000e-003	
2492	4.250000e-003	
2493	4.200000e-003	
2494	3.950000e-003	
2495	3.600000e-003	
2496	3.100000e-003	
2497	3.025000e-003	
2498	3.825000e-003	
2499	4.000000e-003	
2500	4.100000e-003	
2501	4.450000e-003	
2502	4.800000e-003	
2503	5.075000e-003	
2504	5.625000e-003	
2505	5.925000e-003	
2506	5.775000e-003	
2507	5.775000e-003	
2508	5.250000e-003	
2509	5.400000e-003	
2510	5.225000e-003	
2511	6.450000e-003	
2512	5.625000e-003	
2513	5.675000e-003	
2514	5.775000e-003	
2515	5.100000e-003	
2516	4.950000e-003	
2517	5.100000e-003	
2518	5.050000e-003	
2519	4.950000e-003	
2520	4.500000e-003	
2521	4.525000e-003	
2522	3.950000e-003	
2523	3.775000e-003	
2524	3.725000e-003	
2525	3.500000e-003	
2526	3.450000e-003	
2527	3.500000e-003	
2528	3.850000e-003	
2529	3.650000e-003	
2530	2.900000e-003	
2531	2.875000e-003	
2532	2.775000e-003	
2533	2.625000e-003	
2534	2.050000e-003	
2535	2.000000e-003	
2536	1.750000e-003	
2537	1.875000e-003	
2538	1.675000e-003	
2539	1.775000e-003	
2540	1.625000e-003	
2541	1.525000e-003	
2542	1.125000e-003	
2543	1.125000e-003	
2544	1.050000e-003	
2545	1.150000e-003	
2546	1.000000e-003	
2547	9.000000e-004	
2548	6.750000e-004	
2549	6.500000e-004	
2550	5.500000e-004	
2551	2.750000e-004	
2552	2.500000e-004	
2553	2.000000e-004	
2554	2.500000e-004	
2555	3.500000e-004	
2556	3.500000e-004	
2557	2.750000e-004	
2558	2.250000e-004	
2559	2.500000e-004	
2560	2.250000e-004	
2561	3.000000e-004	
2562	2.500000e-004	
2563	2.000000e-004	
2564	2.000000e-004	
2565	1.500000e-004	
2566	2.000000e-004	
2567	1.000000e-004	
2568	5.000000e-005	
2569	0	
2570	0	
2571	0	
2572	0	
2573	0	
2574	0	
2575	0	
2576	0	
2577	0	
2578	0	
2579	0	
2580	0	
2581	0	
2582	0	
2583	0	
2584	0	
2585	0	
2586	0	
2587	0	
2588	0	
2589	0	
2590	0	
2591	0	
2592	0	
2593	0	
2594	0	
2595	0	
2596	0	
2597	0	
2598	0	
2599	0	
2600	0	
2601	0	
2602	0	
2603	0	
2604	2.500000e-005	
2605	2.500000e-005	
2606	5.000000e-005	
2607	0	
2608	0	
2609	0	
2610	0	
2611	0	
2612	0	
2613	0	
2614	0	
2615	0	
2616	0	
2617	0	
2618	0	
2619	0	
2620	0	
2621	0	
2622	0	
2623	0	
2624	0	
2625	0	
2626	0	
2627	0	
2628	0	
2629	0	
2630	0	
2631	0	
2632	0	
2633	0	
2634	0	
2635	0	
2636	0	
2637	0	
2638	0	
2639	0	
2640	0	
2641	0	
2642	0	
2643	0	
2644	0	
2645	0	
2646	0	
2647	0	
2648	0	
2649	0	
2650	0	
2651	0	
2652	0	
2653	0	
2654	0	
2655	0	
2656	0	
2657	0	
2658	0	
2659	0	
2660	0	
2661	0	
2662	0	
2663	0	
2664	0	
2665	0	
2666	0	
2667	0	
2668	0	
2669	0	
2670	0	
2671	0	
2672	0	
2673	0	
2674	0	
2675	0	
2676	0	
2677	0	
2678	0	
2679	0	
2680	0	
2681	0	
2682	0	
2683	0	
2684	0	
2685	0	
2686	0	
2687	0	
2688	0	
2689	0	
2690	0	
2691	0	
2692	0	
2693	0	
2694	0	
2695	0	
2696	0	
2697	0	
2698	0	
2699	0	
2700	2.500000e-005	
2701	7.500000e-005	
2702	5.000000e-005	
2703	1.000000e-004	
2704	1.000000e-004	
2705	1.250000e-004	
2706	2.250000e-004	
2707	1.000000e-004	
2708	1.750000e-004	
2709	1.250000e-004	
2710	1.250000e-004	
2711	1.250000e-004	
2712	7.500000e-005	
2713	7.500000e-005	
2714	5.000000e-005	
2715	7.500000e-005	
2716	1.250000e-004	
2717	1.000000e-004	
2718	2.250000e-004	
2719	2.250000e-004	
2720	1.000000e-004	
2721	5.000000e-005	
2722	1.250000e-004	
2723	7.500000e-005	
2724	1.000000e-004	
2725	7.500000e-005	
2726	1.250000e-004	
2727	1.500000e-004	
2728	2.000000e-004	
2729	1.500000e-004	
2730	1.000000e-004	
2731	1.000000e-004	
2732	1.500000e-004	
2733	1.000000e-004	
2734	1.250000e-004	
2735	1.000000e-004	
2736	1.000000e-004	
2737	1.250000e-004	
2738	1.000000e-004	
2739	2.000000e-004	
2740	1.500000e-004	
2741	1.500000e-004	
2742	1.500000e-004	
2743	1.500000e-004	
2744	3.000000e-004	
2745	3.000000e-004	
2746	2.750000e-004	
2747	2.250000e-004	
2748	3.250000e-004	
2749	2.750000e-004	
2750	2.500000e-004	
2751	2.750000e-004	
2752	2.750000e-004	
2753	3.750000e-004	
2754	2.250000e-004	
2755	1.500000e-004	
2756	1.500000e-004	
2757	1.750000e-004	
2758	1.250000e-004	
2759	2.500000e-004	
2760	2.000000e-004	
2761	1.750000e-004	
2762	1.500000e-004	
2763	2.500000e-004	
2764	2.500000e-004	
2765	2.500000e-004	
2766	2.500000e-004	
2767	3.000000e-004	
2768	3.250000e-004	
2769	2.750000e-004	
2770	1.500000e-004	
2771	1.500000e-004	
2772	1.000000e-004	
2773	1.500000e-004	
2774	1.000000e-004	
2775	7.500000e-005	
2776	7.500000e-005	
2777	5.000000e-005	
2778	1.000000e-004	
2779	5.000000e-005	
2780	7.500000e-005	
2781	5.000000e-005	
2782	5.000000e-005	
2783	5.000000e-005	
2784	5.000000e-005	
2785	2.500000e-005	
2786	7.500000e-005	
2787	1.000000e-004	
2788	1.500000e-004	
2789	1.250000e-004	
2790	1.500000e-004	
2791	1.500000e-004	
2792	7.500000e-005	
2793	1.000000e-004	
2794	1.750000e-004	
2795	2.250000e-004	
2796	2.750000e-004	
2797	3.000000e-004	
2798	2.250000e-004	
2799	1.750000e-004	
2800	2.250000e-004	
2801	2.500000e-004	
2802	3.250000e-004	
2803	3.750000e-004	
2804	2.250000e-004	
2805	1.250000e-004	
2806	2.500000e-004	
2807	2.000000e-004	
2808	1.750000e-004	
2809	1.000000e-004	
2810	2.500000e-005	
2811	5.000000e-005	
2812	1.000000e-004	
2813	1.000000e-004	
2814	1.000000e-004	
2815	5.000000e-005	
2816	2.500000e-005	
2817	5.000000e-005	
2818	2.500000e-005	
2819	0	
2820	0	
2821	0	
2822	0	
2823	0	
2824	0	
2825	0	
2826	2.500000e-005	
2827	7.500000e-005	
2828	1.250000e-004	
2829	7.500000e-005	
2830	1.000000e-004	
2831	1.250000e-004	
2832	1.500000e-004	
2833	1.500000e-004	
2834	1.500000e-004	
2835	1.000000e-004	
2836	0	
2837	0	
2838	0	
2839	0	
2840	0	
2841	0	
2842	0	
2843	0	
2844	0	
2845	0	
2846	0	
2847	0	
2848	0	
2849	0	
2850	0	
2851	0	
2852	0	
2853	0	
2854	0	
2855	0	
2856	0	
2857	0	
2858	0	
2859	0	
2860	0	
2861	0	
2862	0	
2863	0	
2864	0	
2865	0	
2866	0	
2867	0	
2868	0	
2869	0	
2870	0	
2871	0	
2872	0	
2873	0	
2874	0	
2875	0	
2876	0	
2877	0	
2878	0	
2879	0	
2880	0	
2881	0	
2882	0	
2883	0	
2884	0	
2885	0	
2886	0	
2887	0	
2888	0	
2889	0	
2890	0	
2891	0	
2892	0	
2893	0	
2894	0	
2895	0	
2896	0	
2897	0	
2898	0	
2899	0	
2900	0	
2901	0	
2902	0	
2903	0	
2904	0	
2905	0	
2906	0	
2907	0	
2908	0	
2909	0	
2910	0	
2911	0	
2912	0	
2913	0	
2914	0	
2915	0	
2916	0	
2917	0	
2918	0	
2919	0	
2920	0	
2921	0	
2922	0	
2923	0	
2924	0	
2925	0	
2926	0	
2927	0	
2928	0	
2929	0	
2930	0	
2931	0	
2932	0	
2933	0	
2934	0	
2935	0	
2936	0	
2937	0	
2938	0	
2939	0	
2940	0	
2941	0	
2942	0	
2943	0	
2944	0	
2945	0	
2946	0	
2947	0	
2948	0	
2949	0	
2950	0	
2951	0	
2952	0	
2953	0	
2954	0	
2955	0	
2956	0	
2957	0	
2958	0	
2959	0	
2960	0	
2961	0	
2962	0	
2963	0	
2964	0	
2965	0	
2966	0	
2967	0	
2968	0	
2969	0	
2970	0	
2971	0	
2972	0	
2973	0	
2974	0	
2975	0	
2976	0	
2977	0	
2978	0	
2979	0	
2980	0	
2981	0	
2982	0	
2983	0	
2984	0	
2985	0	
2986	0	
2987	0	
2988	0	
2989	0	
2990	0	
2991	0	
2992	0	
2993	0	
2994	0	
2995	0	
2996	0	
2997	0	
2998	0	
2999	0	
3000	0	
3001	0	
