1	0	
2	0	
3	0	
4	0	
5	0	
6	0	
7	0	
8	0	
9	0	
10	0	
11	0	
12	0	
13	0	
14	0	
15	2.500000e-005	
16	1.500000e-004	
17	1.750000e-004	
18	1.500000e-004	
19	2.750000e-004	
20	3.250000e-004	
21	4.250000e-004	
22	4.500000e-004	
23	3.250000e-004	
24	3.000000e-004	
25	2.750000e-004	
26	2.750000e-004	
27	3.250000e-004	
28	6.750000e-004	
29	7.250000e-004	
30	9.250000e-004	
31	1.150000e-003	
32	1.025000e-003	
33	1.350000e-003	
34	1.700000e-003	
35	1.850000e-003	
36	1.750000e-003	
37	2.175000e-003	
38	2.825000e-003	
39	3.000000e-003	
40	3.300000e-003	
41	3.525000e-003	
42	3.675000e-003	
43	4.025000e-003	
44	4.250000e-003	
45	4.225000e-003	
46	4.550000e-003	
47	5.225000e-003	
48	5.375000e-003	
49	5.775000e-003	
50	5.925000e-003	
51	6.425000e-003	
52	6.200000e-003	
53	6.125000e-003	
54	5.800000e-003	
55	6.250000e-003	
56	5.850000e-003	
57	5.850000e-003	
58	5.775000e-003	
59	6.250000e-003	
60	6.375000e-003	
61	6.400000e-003	
62	6.300000e-003	
63	6.750000e-003	
64	6.675000e-003	
65	6.750000e-003	
66	6.725000e-003	
67	5.700000e-003	
68	6.075000e-003	
69	6.200000e-003	
70	6.425000e-003	
71	6.175000e-003	
72	6.375000e-003	
73	7.000000e-003	
74	6.925000e-003	
75	7.300000e-003	
76	7.675000e-003	
77	7.200000e-003	
78	7.225000e-003	
79	7.475000e-003	
80	7.975000e-003	
81	8.025000e-003	
82	7.825000e-003	
83	7.750000e-003	
84	7.850000e-003	
85	7.600000e-003	
86	7.625000e-003	
87	6.675000e-003	
88	7.250000e-003	
89	7.475000e-003	
90	7.975000e-003	
91	6.675000e-003	
92	7.250000e-003	
93	6.675000e-003	
94	6.875000e-003	
95	7.275000e-003	
96	6.925000e-003	
97	6.900000e-003	
98	7.575000e-003	
99	7.650000e-003	
100	7.675000e-003	
101	7.950000e-003	
102	8.325000e-003	
103	8.375000e-003	
104	8.400000e-003	
105	8.475000e-003	
106	7.900000e-003	
107	6.975000e-003	
108	6.550000e-003	
109	6.725000e-003	
110	6.475000e-003	
111	5.525000e-003	
112	5.125000e-003	
113	4.275000e-003	
114	3.575000e-003	
115	2.775000e-003	
116	1.675000e-003	
117	1.700000e-003	
118	1.325000e-003	
119	9.250000e-004	
120	5.000000e-004	
121	3.000000e-004	
122	1.250000e-004	
123	1.500000e-004	
124	7.500000e-005	
125	5.000000e-005	
126	2.500000e-005	
127	5.000000e-005	
128	1.000000e-004	
129	0	
130	0	
131	0	
132	0	
133	0	
134	0	
135	0	
136	0	
137	0	
138	0	
139	0	
140	0	
141	0	
142	0	
143	0	
144	0	
145	0	
146	0	
147	0	
148	0	
149	0	
150	0	
151	0	
152	0	
153	0	
154	0	
155	0	
156	0	
157	0	
158	0	
159	2.500000e-005	
160	2.500000e-005	
161	0	
162	0	
163	0	
164	0	
165	0	
166	0	
167	0	
168	0	
169	0	
170	0	
171	0	
172	0	
173	0	
174	0	
175	0	
176	0	
177	0	
178	0	
179	0	
180	0	
181	0	
182	0	
183	2.500000e-005	
184	7.500000e-005	
185	7.500000e-005	
186	0	
187	0	
188	0	
189	2.500000e-005	
190	2.500000e-005	
191	0	
192	0	
193	0	
194	0	
195	0	
196	0	
197	0	
198	0	
199	0	
200	0	
201	0	
202	0	
203	0	
204	0	
205	0	
206	0	
207	0	
208	0	
209	0	
210	0	
211	0	
212	0	
213	0	
214	0	
215	0	
216	0	
217	0	
218	0	
219	0	
220	0	
221	0	
222	0	
223	0	
224	0	
225	0	
226	0	
227	0	
228	0	
229	0	
230	0	
231	0	
232	0	
233	0	
234	0	
235	0	
236	0	
237	0	
238	0	
239	0	
240	0	
241	0	
242	0	
243	0	
244	0	
245	0	
246	0	
247	0	
248	0	
249	0	
250	0	
251	0	
252	0	
253	0	
254	0	
255	0	
256	0	
257	2.500000e-005	
258	2.500000e-005	
259	0	
260	0	
261	0	
262	0	
263	0	
264	0	
265	0	
266	0	
267	0	
268	0	
269	0	
270	0	
271	0	
272	0	
273	0	
274	0	
275	0	
276	0	
277	0	
278	0	
279	0	
280	0	
281	0	
282	0	
283	0	
284	0	
285	0	
286	0	
287	0	
288	0	
289	0	
290	0	
291	0	
292	0	
293	0	
294	0	
295	0	
296	0	
297	0	
298	0	
299	0	
300	0	
301	0	
302	0	
303	0	
304	0	
305	2.500000e-005	
306	5.000000e-005	
307	2.500000e-005	
308	2.500000e-005	
309	0	
310	0	
311	0	
312	0	
313	0	
314	0	
315	0	
316	0	
317	0	
318	0	
319	0	
320	0	
321	0	
322	0	
323	0	
324	0	
325	0	
326	0	
327	0	
328	0	
329	0	
330	0	
331	0	
332	0	
333	0	
334	0	
335	0	
336	0	
337	0	
338	0	
339	0	
340	0	
341	0	
342	0	
343	0	
344	0	
345	0	
346	0	
347	0	
348	0	
349	0	
350	0	
351	0	
352	0	
353	0	
354	0	
355	0	
356	0	
357	0	
358	0	
359	0	
360	0	
361	0	
362	0	
363	0	
364	0	
365	0	
366	0	
367	0	
368	0	
369	0	
370	0	
371	0	
372	2.500000e-005	
373	5.000000e-005	
374	2.500000e-005	
375	2.500000e-005	
376	5.000000e-005	
377	2.500000e-005	
378	2.500000e-005	
379	5.000000e-005	
380	0	
381	0	
382	0	
383	0	
384	0	
385	0	
386	0	
387	0	
388	0	
389	0	
390	0	
391	2.500000e-005	
392	5.000000e-005	
393	5.000000e-005	
394	1.000000e-004	
395	5.000000e-005	
396	7.500000e-005	
397	7.500000e-005	
398	2.500000e-005	
399	7.500000e-005	
400	5.000000e-005	
401	2.500000e-005	
402	5.000000e-005	
403	0	
404	0	
405	0	
406	0	
407	0	
408	0	
409	0	
410	0	
411	0	
412	0	
413	0	
414	0	
415	0	
416	0	
417	0	
418	0	
419	0	
420	0	
421	0	
422	0	
423	0	
424	0	
425	0	
426	0	
427	0	
428	0	
429	0	
430	0	
431	0	
432	0	
433	2.500000e-005	
434	5.000000e-005	
435	5.000000e-005	
436	5.000000e-005	
437	5.000000e-005	
438	1.000000e-004	
439	1.500000e-004	
440	7.500000e-005	
441	2.500000e-005	
442	2.500000e-005	
443	2.500000e-005	
444	2.500000e-005	
445	0	
446	0	
447	0	
448	0	
449	0	
450	0	
451	0	
452	0	
453	0	
454	0	
455	0	
456	0	
457	2.500000e-005	
458	5.000000e-005	
459	7.500000e-005	
460	2.500000e-005	
461	7.500000e-005	
462	1.000000e-004	
463	7.500000e-005	
464	1.000000e-004	
465	1.250000e-004	
466	5.000000e-005	
467	7.500000e-005	
468	7.500000e-005	
469	5.000000e-005	
470	7.500000e-005	
471	1.000000e-004	
472	7.500000e-005	
473	1.000000e-004	
474	1.500000e-004	
475	1.000000e-004	
476	5.000000e-005	
477	1.000000e-004	
478	7.500000e-005	
479	7.500000e-005	
480	5.000000e-005	
481	7.500000e-005	
482	2.500000e-005	
483	0	
484	0	
485	0	
486	0	
487	0	
488	2.500000e-005	
489	7.500000e-005	
490	1.000000e-004	
491	1.500000e-004	
492	1.250000e-004	
493	1.250000e-004	
494	2.000000e-004	
495	3.000000e-004	
496	1.250000e-004	
497	7.500000e-005	
498	5.000000e-005	
499	7.500000e-005	
500	1.250000e-004	
501	7.500000e-005	
502	2.500000e-005	
503	7.500000e-005	
504	7.500000e-005	
505	7.500000e-005	
506	5.000000e-005	
507	1.000000e-004	
508	5.000000e-005	
509	1.000000e-004	
510	7.500000e-005	
511	1.000000e-004	
512	7.500000e-005	
513	1.250000e-004	
514	2.500000e-004	
515	2.000000e-004	
516	2.500000e-004	
517	2.750000e-004	
518	3.000000e-004	
519	3.500000e-004	
520	3.250000e-004	
521	4.000000e-004	
522	4.750000e-004	
523	2.500000e-004	
524	2.250000e-004	
525	2.250000e-004	
526	2.500000e-004	
527	3.000000e-004	
528	1.500000e-004	
529	1.750000e-004	
530	3.250000e-004	
531	3.750000e-004	
532	4.000000e-004	
533	4.750000e-004	
534	4.750000e-004	
535	5.500000e-004	
536	7.750000e-004	
537	6.750000e-004	
538	7.000000e-004	
539	6.750000e-004	
540	9.000000e-004	
541	8.500000e-004	
542	8.000000e-004	
543	9.250000e-004	
544	9.250000e-004	
545	8.500000e-004	
546	9.750000e-004	
547	8.750000e-004	
548	9.250000e-004	
549	8.750000e-004	
550	9.000000e-004	
551	8.500000e-004	
552	7.250000e-004	
553	8.000000e-004	
554	4.500000e-004	
555	5.250000e-004	
556	5.750000e-004	
557	6.250000e-004	
558	7.500000e-004	
559	8.250000e-004	
560	8.500000e-004	
561	6.250000e-004	
562	6.250000e-004	
563	7.250000e-004	
564	6.500000e-004	
565	6.000000e-004	
566	5.000000e-004	
567	5.500000e-004	
568	3.750000e-004	
569	4.500000e-004	
570	3.250000e-004	
571	3.750000e-004	
572	2.500000e-004	
573	2.500000e-004	
574	2.500000e-004	
575	2.750000e-004	
576	2.750000e-004	
577	2.750000e-004	
578	2.250000e-004	
579	2.500000e-004	
580	3.750000e-004	
581	3.500000e-004	
582	2.250000e-004	
583	3.500000e-004	
584	4.000000e-004	
585	5.750000e-004	
586	4.250000e-004	
587	3.750000e-004	
588	2.500000e-004	
589	2.000000e-004	
590	2.500000e-004	
591	4.250000e-004	
592	4.750000e-004	
593	4.000000e-004	
594	5.500000e-004	
595	5.750000e-004	
596	7.000000e-004	
597	6.250000e-004	
598	6.000000e-004	
599	8.000000e-004	
600	1.125000e-003	
601	8.000000e-004	
602	6.250000e-004	
603	4.750000e-004	
604	6.500000e-004	
605	6.000000e-004	
606	7.750000e-004	
607	7.750000e-004	
608	8.250000e-004	
609	9.500000e-004	
610	1.025000e-003	
611	1.175000e-003	
612	1.150000e-003	
613	1.150000e-003	
614	1.200000e-003	
615	1.300000e-003	
616	1.450000e-003	
617	1.700000e-003	
618	1.650000e-003	
619	1.475000e-003	
620	1.325000e-003	
621	1.350000e-003	
622	1.600000e-003	
623	1.250000e-003	
624	1.150000e-003	
625	9.250000e-004	
626	9.750000e-004	
627	8.750000e-004	
628	1.075000e-003	
629	1.000000e-003	
630	1.450000e-003	
631	1.725000e-003	
632	1.750000e-003	
633	1.675000e-003	
634	2.125000e-003	
635	1.925000e-003	
636	2.225000e-003	
637	2.200000e-003	
638	2.775000e-003	
639	2.575000e-003	
640	2.600000e-003	
641	3.125000e-003	
642	3.275000e-003	
643	3.475000e-003	
644	3.600000e-003	
645	3.600000e-003	
646	3.750000e-003	
647	3.400000e-003	
648	3.825000e-003	
649	4.125000e-003	
650	3.825000e-003	
651	3.950000e-003	
652	4.000000e-003	
653	3.600000e-003	
654	3.650000e-003	
655	4.000000e-003	
656	3.875000e-003	
657	3.875000e-003	
658	4.150000e-003	
659	4.075000e-003	
660	3.750000e-003	
661	3.350000e-003	
662	3.350000e-003	
663	3.575000e-003	
664	3.425000e-003	
665	3.300000e-003	
666	3.350000e-003	
667	3.375000e-003	
668	3.125000e-003	
669	2.625000e-003	
670	2.800000e-003	
671	2.675000e-003	
672	3.075000e-003	
673	3.200000e-003	
674	2.850000e-003	
675	2.950000e-003	
676	2.050000e-003	
677	2.100000e-003	
678	2.475000e-003	
679	2.475000e-003	
680	2.250000e-003	
681	2.025000e-003	
682	1.925000e-003	
683	2.225000e-003	
684	1.875000e-003	
685	1.800000e-003	
686	1.900000e-003	
687	1.825000e-003	
688	2.150000e-003	
689	2.325000e-003	
690	3.000000e-003	
691	3.025000e-003	
692	2.925000e-003	
693	2.725000e-003	
694	2.875000e-003	
695	2.550000e-003	
696	2.200000e-003	
697	2.750000e-003	
698	2.950000e-003	
699	3.050000e-003	
700	3.575000e-003	
701	3.325000e-003	
702	3.650000e-003	
703	3.900000e-003	
704	3.850000e-003	
705	3.525000e-003	
706	3.300000e-003	
707	3.550000e-003	
708	3.400000e-003	
709	3.675000e-003	
710	4.000000e-003	
711	3.850000e-003	
712	3.825000e-003	
713	3.575000e-003	
714	3.400000e-003	
715	3.025000e-003	
716	3.100000e-003	
717	3.300000e-003	
718	3.300000e-003	
719	3.550000e-003	
720	2.950000e-003	
721	2.875000e-003	
722	2.825000e-003	
723	3.075000e-003	
724	2.600000e-003	
725	2.150000e-003	
726	2.275000e-003	
727	2.150000e-003	
728	2.150000e-003	
729	2.225000e-003	
730	1.600000e-003	
731	1.525000e-003	
732	1.575000e-003	
733	1.675000e-003	
734	1.625000e-003	
735	1.625000e-003	
736	1.575000e-003	
737	1.025000e-003	
738	9.000000e-004	
739	1.100000e-003	
740	9.750000e-004	
741	1.150000e-003	
742	1.025000e-003	
743	9.000000e-004	
744	9.250000e-004	
745	8.000000e-004	
746	6.500000e-004	
747	6.250000e-004	
748	5.750000e-004	
749	8.000000e-004	
750	9.250000e-004	
751	8.750000e-004	
752	9.750000e-004	
753	7.250000e-004	
754	6.750000e-004	
755	7.500000e-004	
756	6.500000e-004	
757	5.750000e-004	
758	3.250000e-004	
759	3.500000e-004	
760	3.500000e-004	
761	2.500000e-004	
762	3.000000e-004	
763	3.500000e-004	
764	3.750000e-004	
765	3.000000e-004	
766	4.500000e-004	
767	3.500000e-004	
768	3.250000e-004	
769	3.250000e-004	
770	4.000000e-004	
771	2.250000e-004	
772	2.500000e-004	
773	2.000000e-004	
774	1.000000e-004	
775	1.000000e-004	
776	1.500000e-004	
777	1.250000e-004	
778	1.000000e-004	
779	1.250000e-004	
780	1.250000e-004	
781	5.000000e-005	
782	5.000000e-005	
783	1.250000e-004	
784	7.500000e-005	
785	2.500000e-005	
786	0	
787	0	
788	0	
789	0	
790	0	
791	0	
792	0	
793	0	
794	0	
795	2.500000e-005	
796	5.000000e-005	
797	0	
798	0	
799	0	
800	0	
801	0	
802	0	
803	0	
804	0	
805	0	
806	0	
807	0	
808	0	
809	0	
810	2.500000e-005	
811	5.000000e-005	
812	7.500000e-005	
813	2.500000e-005	
814	0	
815	0	
816	0	
817	0	
818	0	
819	0	
820	0	
821	0	
822	0	
823	0	
824	0	
825	0	
826	0	
827	0	
828	0	
829	0	
830	0	
831	0	
832	0	
833	0	
834	0	
835	0	
836	0	
837	0	
838	0	
839	0	
840	0	
841	0	
842	0	
843	0	
844	0	
845	2.500000e-005	
846	0	
847	0	
848	0	
849	0	
850	0	
851	0	
852	0	
853	0	
854	0	
855	0	
856	0	
857	0	
858	0	
859	0	
860	0	
861	0	
862	0	
863	0	
864	0	
865	0	
866	0	
867	0	
868	0	
869	0	
870	0	
871	0	
872	0	
873	0	
874	0	
875	0	
876	0	
877	0	
878	0	
879	0	
880	0	
881	0	
882	0	
883	2.500000e-005	
884	2.500000e-005	
885	5.000000e-005	
886	7.500000e-005	
887	2.500000e-005	
888	2.500000e-005	
889	0	
890	0	
891	2.500000e-005	
892	5.000000e-005	
893	2.500000e-005	
894	5.000000e-005	
895	7.500000e-005	
896	1.250000e-004	
897	7.500000e-005	
898	5.000000e-005	
899	0	
900	0	
901	0	
902	0	
903	0	
904	0	
905	0	
906	0	
907	0	
908	0	
909	0	
910	0	
911	0	
912	2.500000e-005	
913	2.500000e-005	
914	2.500000e-005	
915	5.000000e-005	
916	0	
917	0	
918	0	
919	0	
920	0	
921	0	
922	0	
923	0	
924	0	
925	0	
926	0	
927	0	
928	0	
929	0	
930	0	
931	0	
932	0	
933	0	
934	0	
935	0	
936	0	
937	0	
938	0	
939	0	
940	0	
941	0	
942	0	
943	0	
944	0	
945	2.500000e-005	
946	2.500000e-005	
947	0	
948	0	
949	0	
950	0	
951	0	
952	0	
953	0	
954	0	
955	0	
956	0	
957	0	
958	0	
959	0	
960	2.500000e-005	
961	2.500000e-005	
962	5.000000e-005	
963	7.500000e-005	
964	1.000000e-004	
965	1.250000e-004	
966	1.250000e-004	
967	1.500000e-004	
968	1.750000e-004	
969	1.750000e-004	
970	2.000000e-004	
971	1.500000e-004	
972	2.000000e-004	
973	2.250000e-004	
974	2.000000e-004	
975	1.250000e-004	
976	2.500000e-005	
977	0	
978	0	
979	0	
980	0	
981	0	
982	0	
983	0	
984	0	
985	0	
986	0	
987	0	
988	0	
989	0	
990	0	
991	0	
992	0	
993	0	
994	0	
995	2.500000e-005	
996	1.000000e-004	
997	1.750000e-004	
998	2.000000e-004	
999	1.500000e-004	
1000	1.500000e-004	
1001	1.250000e-004	
1002	7.500000e-005	
1003	1.500000e-004	
1004	3.000000e-004	
1005	3.500000e-004	
1006	5.250000e-004	
1007	2.750000e-004	
1008	3.250000e-004	
1009	3.500000e-004	
1010	3.750000e-004	
1011	4.500000e-004	
1012	2.750000e-004	
1013	1.750000e-004	
1014	1.250000e-004	
1015	1.750000e-004	
1016	1.750000e-004	
1017	4.000000e-004	
1018	3.500000e-004	
1019	4.750000e-004	
1020	2.500000e-004	
1021	3.750000e-004	
1022	5.500000e-004	
1023	5.000000e-004	
1024	4.750000e-004	
1025	4.500000e-004	
1026	5.750000e-004	
1027	7.250000e-004	
1028	8.250000e-004	
1029	9.750000e-004	
1030	8.750000e-004	
1031	8.500000e-004	
1032	1.000000e-003	
1033	8.000000e-004	
1034	1.075000e-003	
1035	9.750000e-004	
1036	1.050000e-003	
1037	7.500000e-004	
1038	6.250000e-004	
1039	7.000000e-004	
1040	7.000000e-004	
1041	6.500000e-004	
1042	6.500000e-004	
1043	5.000000e-004	
1044	4.500000e-004	
1045	4.750000e-004	
1046	4.000000e-004	
1047	3.750000e-004	
1048	4.250000e-004	
1049	4.500000e-004	
1050	4.000000e-004	
1051	4.000000e-004	
1052	3.000000e-004	
1053	3.500000e-004	
1054	2.750000e-004	
1055	2.750000e-004	
1056	2.000000e-004	
1057	1.500000e-004	
1058	1.250000e-004	
1059	2.250000e-004	
1060	5.000000e-005	
1061	5.000000e-005	
1062	0	
1063	0	
1064	0	
1065	0	
1066	0	
1067	0	
1068	0	
1069	0	
1070	0	
1071	0	
1072	0	
1073	0	
1074	0	
1075	0	
1076	0	
1077	0	
1078	0	
1079	0	
1080	0	
1081	0	
1082	0	
1083	0	
1084	0	
1085	0	
1086	0	
1087	0	
1088	0	
1089	0	
1090	0	
1091	0	
1092	0	
1093	0	
1094	0	
1095	0	
1096	0	
1097	0	
1098	0	
1099	0	
1100	0	
1101	0	
1102	0	
1103	0	
1104	2.500000e-005	
1105	1.000000e-004	
1106	1.500000e-004	
1107	1.750000e-004	
1108	2.500000e-004	
1109	2.250000e-004	
1110	1.750000e-004	
1111	2.250000e-004	
1112	3.000000e-004	
1113	2.750000e-004	
1114	4.750000e-004	
1115	3.250000e-004	
1116	3.750000e-004	
1117	3.750000e-004	
1118	2.750000e-004	
1119	1.750000e-004	
1120	1.250000e-004	
1121	2.000000e-004	
1122	2.500000e-004	
1123	4.000000e-004	
1124	3.000000e-004	
1125	4.000000e-004	
1126	6.750000e-004	
1127	6.250000e-004	
1128	8.250000e-004	
1129	7.750000e-004	
1130	6.500000e-004	
1131	9.500000e-004	
1132	9.750000e-004	
1133	7.000000e-004	
1134	5.000000e-004	
1135	2.500000e-004	
1136	2.500000e-004	
1137	3.500000e-004	
1138	5.250000e-004	
1139	6.250000e-004	
1140	5.250000e-004	
1141	6.250000e-004	
1142	6.000000e-004	
1143	5.500000e-004	
1144	6.000000e-004	
1145	5.000000e-004	
1146	5.000000e-004	
1147	6.000000e-004	
1148	5.500000e-004	
1149	6.000000e-004	
1150	6.250000e-004	
1151	7.000000e-004	
1152	5.500000e-004	
1153	5.250000e-004	
1154	4.000000e-004	
1155	4.500000e-004	
1156	5.500000e-004	
1157	5.250000e-004	
1158	3.750000e-004	
1159	5.250000e-004	
1160	5.500000e-004	
1161	7.500000e-004	
1162	1.050000e-003	
1163	1.000000e-003	
1164	9.500000e-004	
1165	1.000000e-003	
1166	1.000000e-003	
1167	1.000000e-003	
1168	1.125000e-003	
1169	1.450000e-003	
1170	1.550000e-003	
1171	1.350000e-003	
1172	1.100000e-003	
1173	1.175000e-003	
1174	1.300000e-003	
1175	1.000000e-003	
1176	1.025000e-003	
1177	1.125000e-003	
1178	1.050000e-003	
1179	1.200000e-003	
1180	9.750000e-004	
1181	7.750000e-004	
1182	1.100000e-003	
1183	8.750000e-004	
1184	8.750000e-004	
1185	9.750000e-004	
1186	8.000000e-004	
1187	8.750000e-004	
1188	8.750000e-004	
1189	9.500000e-004	
1190	7.750000e-004	
1191	9.000000e-004	
1192	1.175000e-003	
1193	1.150000e-003	
1194	1.450000e-003	
1195	1.050000e-003	
1196	8.000000e-004	
1197	7.500000e-004	
1198	1.000000e-003	
1199	1.050000e-003	
1200	1.175000e-003	
1201	8.500000e-004	
1202	6.750000e-004	
1203	8.250000e-004	
1204	8.500000e-004	
1205	7.000000e-004	
1206	5.750000e-004	
1207	3.750000e-004	
1208	3.250000e-004	
1209	2.500000e-004	
1210	2.750000e-004	
1211	3.500000e-004	
1212	4.750000e-004	
1213	5.000000e-004	
1214	5.250000e-004	
1215	5.750000e-004	
1216	6.750000e-004	
1217	6.250000e-004	
1218	5.000000e-004	
1219	3.750000e-004	
1220	5.000000e-004	
1221	4.750000e-004	
1222	7.000000e-004	
1223	7.250000e-004	
1224	6.500000e-004	
1225	6.250000e-004	
1226	8.500000e-004	
1227	8.500000e-004	
1228	9.500000e-004	
1229	8.000000e-004	
1230	9.250000e-004	
1231	9.000000e-004	
1232	1.025000e-003	
1233	1.000000e-003	
1234	9.750000e-004	
1235	9.500000e-004	
1236	1.200000e-003	
1237	1.225000e-003	
1238	1.375000e-003	
1239	1.175000e-003	
1240	1.200000e-003	
1241	1.225000e-003	
1242	1.075000e-003	
1243	1.075000e-003	
1244	1.200000e-003	
1245	1.025000e-003	
1246	1.075000e-003	
1247	1.050000e-003	
1248	1.100000e-003	
1249	1.425000e-003	
1250	1.600000e-003	
1251	2.025000e-003	
1252	2.275000e-003	
1253	1.825000e-003	
1254	1.950000e-003	
1255	1.975000e-003	
1256	2.200000e-003	
1257	1.975000e-003	
1258	2.225000e-003	
1259	2.450000e-003	
1260	2.725000e-003	
1261	3.000000e-003	
1262	3.175000e-003	
1263	3.550000e-003	
1264	2.950000e-003	
1265	3.450000e-003	
1266	3.525000e-003	
1267	3.725000e-003	
1268	4.575000e-003	
1269	4.500000e-003	
1270	4.525000e-003	
1271	4.275000e-003	
1272	4.225000e-003	
1273	3.850000e-003	
1274	3.875000e-003	
1275	3.250000e-003	
1276	4.100000e-003	
1277	4.000000e-003	
1278	4.075000e-003	
1279	4.525000e-003	
1280	4.025000e-003	
1281	3.700000e-003	
1282	3.650000e-003	
1283	4.025000e-003	
1284	3.650000e-003	
1285	3.275000e-003	
1286	3.025000e-003	
1287	2.825000e-003	
1288	2.500000e-003	
1289	2.575000e-003	
1290	2.650000e-003	
1291	2.600000e-003	
1292	2.350000e-003	
1293	2.000000e-003	
1294	1.975000e-003	
1295	2.025000e-003	
1296	2.325000e-003	
1297	2.400000e-003	
1298	2.725000e-003	
1299	2.125000e-003	
1300	1.925000e-003	
1301	2.125000e-003	
1302	2.150000e-003	
1303	2.175000e-003	
1304	2.050000e-003	
1305	2.025000e-003	
1306	1.950000e-003	
1307	2.100000e-003	
1308	1.500000e-003	
1309	1.575000e-003	
1310	1.800000e-003	
1311	2.000000e-003	
1312	2.100000e-003	
1313	2.250000e-003	
1314	2.600000e-003	
1315	2.325000e-003	
1316	2.450000e-003	
1317	2.575000e-003	
1318	2.525000e-003	
1319	2.850000e-003	
1320	2.750000e-003	
1321	2.925000e-003	
1322	2.825000e-003	
1323	2.450000e-003	
1324	2.425000e-003	
1325	2.400000e-003	
1326	2.000000e-003	
1327	1.925000e-003	
1328	2.225000e-003	
1329	1.850000e-003	
1330	2.125000e-003	
1331	1.850000e-003	
1332	2.200000e-003	
1333	2.100000e-003	
1334	1.750000e-003	
1335	1.525000e-003	
1336	1.350000e-003	
1337	1.650000e-003	
1338	1.350000e-003	
1339	1.750000e-003	
1340	1.900000e-003	
1341	1.925000e-003	
1342	1.950000e-003	
1343	1.925000e-003	
1344	1.075000e-003	
1345	9.250000e-004	
1346	9.000000e-004	
1347	8.500000e-004	
1348	8.000000e-004	
1349	9.000000e-004	
1350	8.750000e-004	
1351	1.200000e-003	
1352	9.750000e-004	
1353	1.150000e-003	
1354	1.075000e-003	
1355	1.300000e-003	
1356	1.650000e-003	
1357	1.600000e-003	
1358	1.375000e-003	
1359	1.475000e-003	
1360	1.325000e-003	
1361	9.750000e-004	
1362	9.500000e-004	
1363	5.750000e-004	
1364	4.500000e-004	
1365	3.000000e-004	
1366	3.250000e-004	
1367	3.750000e-004	
1368	4.500000e-004	
1369	4.500000e-004	
1370	4.750000e-004	
1371	3.250000e-004	
1372	5.250000e-004	
1373	3.000000e-004	
1374	3.250000e-004	
1375	3.750000e-004	
1376	2.500000e-004	
1377	2.250000e-004	
1378	4.000000e-004	
1379	3.750000e-004	
1380	2.750000e-004	
1381	2.750000e-004	
1382	2.250000e-004	
1383	2.500000e-004	
1384	2.500000e-004	
1385	3.750000e-004	
1386	2.750000e-004	
1387	2.500000e-004	
1388	2.500000e-004	
1389	1.250000e-004	
1390	1.000000e-004	
1391	1.250000e-004	
1392	1.500000e-004	
1393	2.000000e-004	
1394	2.500000e-004	
1395	2.000000e-004	
1396	1.000000e-004	
1397	1.250000e-004	
1398	7.500000e-005	
1399	1.250000e-004	
1400	1.000000e-004	
1401	1.500000e-004	
1402	1.250000e-004	
1403	7.500000e-005	
1404	7.500000e-005	
1405	1.750000e-004	
1406	1.250000e-004	
1407	1.250000e-004	
1408	5.000000e-005	
1409	2.500000e-005	
1410	7.500000e-005	
1411	5.000000e-005	
1412	5.000000e-005	
1413	2.500000e-005	
1414	1.000000e-004	
1415	5.000000e-005	
1416	7.500000e-005	
1417	7.500000e-005	
1418	7.500000e-005	
1419	5.000000e-005	
1420	2.500000e-005	
1421	2.500000e-005	
1422	2.500000e-005	
1423	2.500000e-005	
1424	5.000000e-005	
1425	5.000000e-005	
1426	2.500000e-005	
1427	5.000000e-005	
1428	1.000000e-004	
1429	7.500000e-005	
1430	2.500000e-005	
1431	0	
1432	0	
1433	0	
1434	0	
1435	0	
1436	0	
1437	0	
1438	0	
1439	5.000000e-005	
1440	7.500000e-005	
1441	5.000000e-005	
1442	2.500000e-005	
1443	5.000000e-005	
1444	5.000000e-005	
1445	7.500000e-005	
1446	2.500000e-005	
1447	0	
1448	0	
1449	0	
1450	0	
1451	0	
1452	0	
1453	0	
1454	0	
1455	0	
1456	0	
1457	0	
1458	0	
1459	0	
1460	0	
1461	0	
1462	0	
1463	0	
1464	0	
1465	0	
1466	0	
1467	0	
1468	0	
1469	0	
1470	0	
1471	2.500000e-005	
1472	1.250000e-004	
1473	1.750000e-004	
1474	1.000000e-004	
1475	1.750000e-004	
1476	2.000000e-004	
1477	2.500000e-004	
1478	3.000000e-004	
1479	3.000000e-004	
1480	4.250000e-004	
1481	5.500000e-004	
1482	6.250000e-004	
1483	6.500000e-004	
1484	7.250000e-004	
1485	6.750000e-004	
1486	6.500000e-004	
1487	6.750000e-004	
1488	7.000000e-004	
1489	7.250000e-004	
1490	7.250000e-004	
1491	4.500000e-004	
1492	4.000000e-004	
1493	5.000000e-004	
1494	4.500000e-004	
1495	5.750000e-004	
1496	6.750000e-004	
1497	6.000000e-004	
1498	4.750000e-004	
1499	4.750000e-004	
1500	5.750000e-004	
1501	7.500000e-004	
1502	6.250000e-004	
1503	7.750000e-004	
1504	8.000000e-004	
1505	5.250000e-004	
1506	5.500000e-004	
1507	4.750000e-004	
1508	5.250000e-004	
1509	5.750000e-004	
1510	4.000000e-004	
1511	3.250000e-004	
1512	5.000000e-004	
1513	4.500000e-004	
1514	3.750000e-004	
1515	3.750000e-004	
1516	3.250000e-004	
1517	2.000000e-004	
1518	2.000000e-004	
1519	1.750000e-004	
1520	1.250000e-004	
1521	1.250000e-004	
1522	1.250000e-004	
1523	1.750000e-004	
1524	1.500000e-004	
1525	7.500000e-005	
1526	7.500000e-005	
1527	5.000000e-005	
1528	1.250000e-004	
1529	1.000000e-004	
1530	1.000000e-004	
1531	7.500000e-005	
1532	5.000000e-005	
1533	5.000000e-005	
1534	2.500000e-005	
1535	2.500000e-005	
1536	2.500000e-005	
1537	5.000000e-005	
1538	7.500000e-005	
1539	1.000000e-004	
1540	7.500000e-005	
1541	1.000000e-004	
1542	5.000000e-005	
1543	2.500000e-005	
1544	5.000000e-005	
1545	5.000000e-005	
1546	1.250000e-004	
1547	1.250000e-004	
1548	5.000000e-005	
1549	5.000000e-005	
1550	5.000000e-005	
1551	2.500000e-005	
1552	7.500000e-005	
1553	1.000000e-004	
1554	1.250000e-004	
1555	1.250000e-004	
1556	5.000000e-005	
1557	5.000000e-005	
1558	5.000000e-005	
1559	5.000000e-005	
1560	7.500000e-005	
1561	7.500000e-005	
1562	1.750000e-004	
1563	2.000000e-004	
1564	1.750000e-004	
1565	2.000000e-004	
1566	1.250000e-004	
1567	1.500000e-004	
1568	7.500000e-005	
1569	7.500000e-005	
1570	2.500000e-005	
1571	2.500000e-005	
1572	7.500000e-005	
1573	5.000000e-005	
1574	2.500000e-005	
1575	2.500000e-005	
1576	0	
1577	0	
1578	0	
1579	0	
1580	0	
1581	0	
1582	0	
1583	2.500000e-005	
1584	2.500000e-005	
1585	2.500000e-005	
1586	7.500000e-005	
1587	7.500000e-005	
1588	1.500000e-004	
1589	5.000000e-005	
1590	5.000000e-005	
1591	1.000000e-004	
1592	1.000000e-004	
1593	1.000000e-004	
1594	1.000000e-004	
1595	2.000000e-004	
1596	2.000000e-004	
1597	2.000000e-004	
1598	2.250000e-004	
1599	2.500000e-004	
1600	2.250000e-004	
1601	1.500000e-004	
1602	1.750000e-004	
1603	1.000000e-004	
1604	7.500000e-005	
1605	2.500000e-005	
1606	0	
1607	0	
1608	0	
1609	0	
1610	0	
1611	0	
1612	0	
1613	0	
1614	0	
1615	0	
1616	0	
1617	0	
1618	0	
1619	0	
1620	0	
1621	0	
1622	0	
1623	2.500000e-005	
1624	1.250000e-004	
1625	1.750000e-004	
1626	1.500000e-004	
1627	7.500000e-005	
1628	1.000000e-004	
1629	1.250000e-004	
1630	1.000000e-004	
1631	1.750000e-004	
1632	1.500000e-004	
1633	1.500000e-004	
1634	7.500000e-005	
1635	1.000000e-004	
1636	7.500000e-005	
1637	1.750000e-004	
1638	2.500000e-004	
1639	2.750000e-004	
1640	3.500000e-004	
1641	4.250000e-004	
1642	6.000000e-004	
1643	7.750000e-004	
1644	8.000000e-004	
1645	7.750000e-004	
1646	6.750000e-004	
1647	8.000000e-004	
1648	1.025000e-003	
1649	9.000000e-004	
1650	7.750000e-004	
1651	7.750000e-004	
1652	7.500000e-004	
1653	7.000000e-004	
1654	7.000000e-004	
1655	6.500000e-004	
1656	6.500000e-004	
1657	7.500000e-004	
1658	6.750000e-004	
1659	9.000000e-004	
1660	7.250000e-004	
1661	8.500000e-004	
1662	8.250000e-004	
1663	8.000000e-004	
1664	9.000000e-004	
1665	8.500000e-004	
1666	8.750000e-004	
1667	9.250000e-004	
1668	9.500000e-004	
1669	1.000000e-003	
1670	1.150000e-003	
1671	1.050000e-003	
1672	1.150000e-003	
1673	1.225000e-003	
1674	1.175000e-003	
1675	1.125000e-003	
1676	1.150000e-003	
1677	1.175000e-003	
1678	1.325000e-003	
1679	1.375000e-003	
1680	1.250000e-003	
1681	1.300000e-003	
1682	1.250000e-003	
1683	1.550000e-003	
1684	1.275000e-003	
1685	1.375000e-003	
1686	1.125000e-003	
1687	1.075000e-003	
1688	1.000000e-003	
1689	6.750000e-004	
1690	8.500000e-004	
1691	9.500000e-004	
1692	8.000000e-004	
1693	7.250000e-004	
1694	8.250000e-004	
1695	8.000000e-004	
1696	8.500000e-004	
1697	7.250000e-004	
1698	7.500000e-004	
1699	8.500000e-004	
1700	7.750000e-004	
1701	7.750000e-004	
1702	1.050000e-003	
1703	9.500000e-004	
1704	8.500000e-004	
1705	7.750000e-004	
1706	1.100000e-003	
1707	1.100000e-003	
1708	1.100000e-003	
1709	1.125000e-003	
1710	1.125000e-003	
1711	1.000000e-003	
1712	1.075000e-003	
1713	8.250000e-004	
1714	7.500000e-004	
1715	5.250000e-004	
1716	6.750000e-004	
1717	6.750000e-004	
1718	8.000000e-004	
1719	6.500000e-004	
1720	8.750000e-004	
1721	8.000000e-004	
1722	1.000000e-003	
1723	9.750000e-004	
1724	1.050000e-003	
1725	1.350000e-003	
1726	1.300000e-003	
1727	1.225000e-003	
1728	9.500000e-004	
1729	9.250000e-004	
1730	7.750000e-004	
1731	8.500000e-004	
1732	1.050000e-003	
1733	1.075000e-003	
1734	1.075000e-003	
1735	1.125000e-003	
1736	9.000000e-004	
1737	9.750000e-004	
1738	8.500000e-004	
1739	9.000000e-004	
1740	9.500000e-004	
1741	6.500000e-004	
1742	7.000000e-004	
1743	7.750000e-004	
1744	8.750000e-004	
1745	7.750000e-004	
1746	8.000000e-004	
1747	5.500000e-004	
1748	5.500000e-004	
1749	5.500000e-004	
1750	5.000000e-004	
1751	5.250000e-004	
1752	4.250000e-004	
1753	4.750000e-004	
1754	6.250000e-004	
1755	5.000000e-004	
1756	4.500000e-004	
1757	5.500000e-004	
1758	4.500000e-004	
1759	5.500000e-004	
1760	7.500000e-004	
1761	6.000000e-004	
1762	5.500000e-004	
1763	5.250000e-004	
1764	6.000000e-004	
1765	6.250000e-004	
1766	8.750000e-004	
1767	8.500000e-004	
1768	8.250000e-004	
1769	1.000000e-003	
1770	9.750000e-004	
1771	1.225000e-003	
1772	1.125000e-003	
1773	1.050000e-003	
1774	1.100000e-003	
1775	1.000000e-003	
1776	1.000000e-003	
1777	8.000000e-004	
1778	1.000000e-003	
1779	8.500000e-004	
1780	7.500000e-004	
1781	7.500000e-004	
1782	8.750000e-004	
1783	8.500000e-004	
1784	8.000000e-004	
1785	1.050000e-003	
1786	1.050000e-003	
1787	1.000000e-003	
1788	1.025000e-003	
1789	1.150000e-003	
1790	1.200000e-003	
1791	9.250000e-004	
1792	7.500000e-004	
1793	7.000000e-004	
1794	7.750000e-004	
1795	8.500000e-004	
1796	8.000000e-004	
1797	8.250000e-004	
1798	1.100000e-003	
1799	9.500000e-004	
1800	8.750000e-004	
1801	1.000000e-003	
1802	1.225000e-003	
1803	1.250000e-003	
1804	1.125000e-003	
1805	1.050000e-003	
1806	8.500000e-004	
1807	8.500000e-004	
1808	9.250000e-004	
1809	1.150000e-003	
1810	1.025000e-003	
1811	9.750000e-004	
1812	1.075000e-003	
1813	1.450000e-003	
1814	1.275000e-003	
1815	1.100000e-003	
1816	9.500000e-004	
1817	1.025000e-003	
1818	9.750000e-004	
1819	1.200000e-003	
1820	1.250000e-003	
1821	1.050000e-003	
1822	1.000000e-003	
1823	1.200000e-003	
1824	9.000000e-004	
1825	8.250000e-004	
1826	7.000000e-004	
1827	7.250000e-004	
1828	7.000000e-004	
1829	1.000000e-003	
1830	1.100000e-003	
1831	8.750000e-004	
1832	1.025000e-003	
1833	9.250000e-004	
1834	9.500000e-004	
1835	1.150000e-003	
1836	1.000000e-003	
1837	1.000000e-003	
1838	9.500000e-004	
1839	7.750000e-004	
1840	7.000000e-004	
1841	7.750000e-004	
1842	1.000000e-003	
1843	1.075000e-003	
1844	1.350000e-003	
1845	1.200000e-003	
1846	1.450000e-003	
1847	1.625000e-003	
1848	1.725000e-003	
1849	1.825000e-003	
1850	2.175000e-003	
1851	2.300000e-003	
1852	2.100000e-003	
1853	2.125000e-003	
1854	1.600000e-003	
1855	1.175000e-003	
1856	1.175000e-003	
1857	9.750000e-004	
1858	1.375000e-003	
1859	1.300000e-003	
1860	1.275000e-003	
1861	1.275000e-003	
1862	1.225000e-003	
1863	1.275000e-003	
1864	1.325000e-003	
1865	1.125000e-003	
1866	1.250000e-003	
1867	1.350000e-003	
1868	1.575000e-003	
1869	1.525000e-003	
1870	1.800000e-003	
1871	1.800000e-003	
1872	1.775000e-003	
1873	1.975000e-003	
1874	2.125000e-003	
1875	2.675000e-003	
1876	2.850000e-003	
1877	3.025000e-003	
1878	2.550000e-003	
1879	2.675000e-003	
1880	2.975000e-003	
1881	3.375000e-003	
1882	3.075000e-003	
1883	2.725000e-003	
1884	2.725000e-003	
1885	3.200000e-003	
1886	3.025000e-003	
1887	2.725000e-003	
1888	2.600000e-003	
1889	2.125000e-003	
1890	2.325000e-003	
1891	2.475000e-003	
1892	2.550000e-003	
1893	2.775000e-003	
1894	2.350000e-003	
1895	2.750000e-003	
1896	2.775000e-003	
1897	2.700000e-003	
1898	3.000000e-003	
1899	2.925000e-003	
1900	2.975000e-003	
1901	2.700000e-003	
1902	2.100000e-003	
1903	2.350000e-003	
1904	1.925000e-003	
1905	2.100000e-003	
1906	1.975000e-003	
1907	1.825000e-003	
1908	2.100000e-003	
1909	2.100000e-003	
1910	2.100000e-003	
1911	1.900000e-003	
1912	1.775000e-003	
1913	1.825000e-003	
1914	2.075000e-003	
1915	2.050000e-003	
1916	2.000000e-003	
1917	1.600000e-003	
1918	1.525000e-003	
1919	1.325000e-003	
1920	1.000000e-003	
1921	9.250000e-004	
1922	9.000000e-004	
1923	1.050000e-003	
1924	8.750000e-004	
1925	9.000000e-004	
1926	7.750000e-004	
1927	8.750000e-004	
1928	9.000000e-004	
1929	8.250000e-004	
1930	8.000000e-004	
1931	8.500000e-004	
1932	8.500000e-004	
1933	6.750000e-004	
1934	7.000000e-004	
1935	6.000000e-004	
1936	8.500000e-004	
1937	7.500000e-004	
1938	7.500000e-004	
1939	9.500000e-004	
1940	8.250000e-004	
1941	8.750000e-004	
1942	6.000000e-004	
1943	6.250000e-004	
1944	8.250000e-004	
1945	1.000000e-003	
1946	1.025000e-003	
1947	7.000000e-004	
1948	8.000000e-004	
1949	6.750000e-004	
1950	5.000000e-004	
1951	2.500000e-004	
1952	2.000000e-004	
1953	1.750000e-004	
1954	3.000000e-004	
1955	3.250000e-004	
1956	3.000000e-004	
1957	1.500000e-004	
1958	5.000000e-005	
1959	1.000000e-004	
1960	2.500000e-005	
1961	1.250000e-004	
1962	1.250000e-004	
1963	1.000000e-004	
1964	1.000000e-004	
1965	5.000000e-005	
1966	7.500000e-005	
1967	1.500000e-004	
1968	1.000000e-004	
1969	7.500000e-005	
1970	1.250000e-004	
1971	1.000000e-004	
1972	7.500000e-005	
1973	7.500000e-005	
1974	7.500000e-005	
1975	1.000000e-004	
1976	1.250000e-004	
1977	1.250000e-004	
1978	7.500000e-005	
1979	1.000000e-004	
1980	1.250000e-004	
1981	1.250000e-004	
1982	1.500000e-004	
1983	1.000000e-004	
1984	1.250000e-004	
1985	1.750000e-004	
1986	1.500000e-004	
1987	1.750000e-004	
1988	2.750000e-004	
1989	3.250000e-004	
1990	3.250000e-004	
1991	2.250000e-004	
1992	2.500000e-004	
1993	3.000000e-004	
1994	1.750000e-004	
1995	2.750000e-004	
1996	3.000000e-004	
1997	2.750000e-004	
1998	2.000000e-004	
1999	1.750000e-004	
2000	1.000000e-004	
2001	5.000000e-005	
2002	2.500000e-005	
2003	0	
2004	0	
2005	0	
2006	0	
2007	0	
2008	0	
2009	0	
2010	0	
2011	0	
2012	0	
2013	0	
2014	0	
2015	0	
2016	0	
2017	2.500000e-005	
2018	2.500000e-005	
2019	2.500000e-005	
2020	0	
2021	0	
2022	0	
2023	0	
2024	0	
2025	0	
2026	0	
2027	0	
2028	0	
2029	0	
2030	0	
2031	0	
2032	0	
2033	0	
2034	0	
2035	0	
2036	0	
2037	0	
2038	0	
2039	0	
2040	0	
2041	0	
2042	0	
2043	0	
2044	0	
2045	0	
2046	0	
2047	0	
2048	2.500000e-005	
2049	0	
2050	0	
2051	0	
2052	0	
2053	0	
2054	0	
2055	0	
2056	0	
2057	0	
2058	0	
2059	0	
2060	0	
2061	0	
2062	0	
2063	0	
2064	0	
2065	0	
2066	0	
2067	0	
2068	0	
2069	0	
2070	0	
2071	0	
2072	0	
2073	0	
2074	0	
2075	0	
2076	2.500000e-005	
2077	7.500000e-005	
2078	7.500000e-005	
2079	1.250000e-004	
2080	7.500000e-005	
2081	1.250000e-004	
2082	1.750000e-004	
2083	1.250000e-004	
2084	1.250000e-004	
2085	1.000000e-004	
2086	1.250000e-004	
2087	7.500000e-005	
2088	5.000000e-005	
2089	5.000000e-005	
2090	2.500000e-005	
2091	2.500000e-005	
2092	5.000000e-005	
2093	2.500000e-005	
2094	5.000000e-005	
2095	5.000000e-005	
2096	7.500000e-005	
2097	7.500000e-005	
2098	2.500000e-005	
2099	2.500000e-005	
2100	7.500000e-005	
2101	1.250000e-004	
2102	2.500000e-005	
2103	2.500000e-005	
2104	2.500000e-005	
2105	1.000000e-004	
2106	1.750000e-004	
2107	1.250000e-004	
2108	7.500000e-005	
2109	0	
2110	0	
2111	0	
2112	0	
2113	0	
2114	0	
2115	0	
2116	0	
2117	0	
2118	0	
2119	0	
2120	0	
2121	0	
2122	0	
2123	0	
2124	0	
2125	0	
2126	0	
2127	2.500000e-005	
2128	5.000000e-005	
2129	7.500000e-005	
2130	2.500000e-005	
2131	2.500000e-005	
2132	2.500000e-005	
2133	2.500000e-005	
2134	7.500000e-005	
2135	1.250000e-004	
2136	1.750000e-004	
2137	2.500000e-004	
2138	2.750000e-004	
2139	2.750000e-004	
2140	3.500000e-004	
2141	2.750000e-004	
2142	2.750000e-004	
2143	2.500000e-004	
2144	1.250000e-004	
2145	0	
2146	0	
2147	0	
2148	0	
2149	0	
2150	0	
2151	0	
2152	0	
2153	0	
2154	0	
2155	0	
2156	0	
2157	0	
2158	0	
2159	0	
2160	0	
2161	0	
2162	0	
2163	0	
2164	2.500000e-005	
2165	7.500000e-005	
2166	2.500000e-005	
2167	0	
2168	0	
2169	0	
2170	0	
2171	0	
2172	0	
2173	0	
2174	0	
2175	0	
2176	2.500000e-005	
2177	5.000000e-005	
2178	2.500000e-005	
2179	2.500000e-005	
2180	2.500000e-005	
2181	5.000000e-005	
2182	7.500000e-005	
2183	1.000000e-004	
2184	1.000000e-004	
2185	1.500000e-004	
2186	1.750000e-004	
2187	1.500000e-004	
2188	7.500000e-005	
2189	1.000000e-004	
2190	1.750000e-004	
2191	1.000000e-004	
2192	1.750000e-004	
2193	2.500000e-004	
2194	2.250000e-004	
2195	4.000000e-004	
2196	4.500000e-004	
2197	5.500000e-004	
2198	8.500000e-004	
2199	9.250000e-004	
2200	8.750000e-004	
2201	1.025000e-003	
2202	1.000000e-003	
2203	1.050000e-003	
2204	8.000000e-004	
2205	7.000000e-004	
2206	6.250000e-004	
2207	7.250000e-004	
2208	8.250000e-004	
2209	8.000000e-004	
2210	8.500000e-004	
2211	9.000000e-004	
2212	7.750000e-004	
2213	7.000000e-004	
2214	7.250000e-004	
2215	9.250000e-004	
2216	1.075000e-003	
2217	1.250000e-003	
2218	1.025000e-003	
2219	1.300000e-003	
2220	1.450000e-003	
2221	1.625000e-003	
2222	2.300000e-003	
2223	1.950000e-003	
2224	2.125000e-003	
2225	2.100000e-003	
2226	2.025000e-003	
2227	1.825000e-003	
2228	2.125000e-003	
2229	2.075000e-003	
2230	2.175000e-003	
2231	2.200000e-003	
2232	2.575000e-003	
2233	2.725000e-003	
2234	2.650000e-003	
2235	2.800000e-003	
2236	2.525000e-003	
2237	2.425000e-003	
2238	2.725000e-003	
2239	2.375000e-003	
2240	2.600000e-003	
2241	2.825000e-003	
2242	3.000000e-003	
2243	2.675000e-003	
2244	2.775000e-003	
2245	2.600000e-003	
2246	2.200000e-003	
2247	2.075000e-003	
2248	2.125000e-003	
2249	2.250000e-003	
2250	2.225000e-003	
2251	2.450000e-003	
2252	2.400000e-003	
2253	2.650000e-003	
2254	2.125000e-003	
2255	2.275000e-003	
2256	2.850000e-003	
2257	2.950000e-003	
2258	2.775000e-003	
2259	2.975000e-003	
2260	3.225000e-003	
2261	2.975000e-003	
2262	2.600000e-003	
2263	2.225000e-003	
2264	2.350000e-003	
2265	2.225000e-003	
2266	1.900000e-003	
2267	2.125000e-003	
2268	2.275000e-003	
2269	2.275000e-003	
2270	2.200000e-003	
2271	1.900000e-003	
2272	1.850000e-003	
2273	2.050000e-003	
2274	1.775000e-003	
2275	1.625000e-003	
2276	1.650000e-003	
2277	1.775000e-003	
2278	1.550000e-003	
2279	1.425000e-003	
2280	1.300000e-003	
2281	9.250000e-004	
2282	1.000000e-003	
2283	6.250000e-004	
2284	7.500000e-004	
2285	6.250000e-004	
2286	6.500000e-004	
2287	5.500000e-004	
2288	6.750000e-004	
2289	9.250000e-004	
2290	7.750000e-004	
2291	6.250000e-004	
2292	6.750000e-004	
2293	7.750000e-004	
2294	7.500000e-004	
2295	9.750000e-004	
2296	1.050000e-003	
2297	1.125000e-003	
2298	1.325000e-003	
2299	1.425000e-003	
2300	1.400000e-003	
2301	1.400000e-003	
2302	9.750000e-004	
2303	1.050000e-003	
2304	8.500000e-004	
2305	8.000000e-004	
2306	7.500000e-004	
2307	8.000000e-004	
2308	8.750000e-004	
2309	9.000000e-004	
2310	8.750000e-004	
2311	8.500000e-004	
2312	9.500000e-004	
2313	1.050000e-003	
2314	8.500000e-004	
2315	7.250000e-004	
2316	5.250000e-004	
2317	3.500000e-004	
2318	2.250000e-004	
2319	3.500000e-004	
2320	5.750000e-004	
2321	6.000000e-004	
2322	5.250000e-004	
2323	5.250000e-004	
2324	5.500000e-004	
2325	5.500000e-004	
2326	5.750000e-004	
2327	4.500000e-004	
2328	6.250000e-004	
2329	8.000000e-004	
2330	7.250000e-004	
2331	8.250000e-004	
2332	9.250000e-004	
2333	1.000000e-003	
2334	1.050000e-003	
2335	9.250000e-004	
2336	9.000000e-004	
2337	8.250000e-004	
2338	6.500000e-004	
2339	8.000000e-004	
2340	7.750000e-004	
2341	7.750000e-004	
2342	6.750000e-004	
2343	7.000000e-004	
2344	6.500000e-004	
2345	8.000000e-004	
2346	4.750000e-004	
2347	5.250000e-004	
2348	6.250000e-004	
2349	5.750000e-004	
2350	6.000000e-004	
2351	6.500000e-004	
2352	8.000000e-004	
2353	7.500000e-004	
2354	7.750000e-004	
2355	8.750000e-004	
2356	1.075000e-003	
2357	9.750000e-004	
2358	1.075000e-003	
2359	8.750000e-004	
2360	9.000000e-004	
2361	8.250000e-004	
2362	1.025000e-003	
2363	1.025000e-003	
2364	7.750000e-004	
2365	9.000000e-004	
2366	9.750000e-004	
2367	9.750000e-004	
2368	8.750000e-004	
2369	6.750000e-004	
2370	8.000000e-004	
2371	9.250000e-004	
2372	8.500000e-004	
2373	8.250000e-004	
2374	1.050000e-003	
2375	1.025000e-003	
2376	1.125000e-003	
2377	1.100000e-003	
2378	1.200000e-003	
2379	1.225000e-003	
2380	1.350000e-003	
2381	1.250000e-003	
2382	9.000000e-004	
2383	8.750000e-004	
2384	1.000000e-003	
2385	1.075000e-003	
2386	9.000000e-004	
2387	6.750000e-004	
2388	6.750000e-004	
2389	7.250000e-004	
2390	7.250000e-004	
2391	6.500000e-004	
2392	6.000000e-004	
2393	6.500000e-004	
2394	7.250000e-004	
2395	6.250000e-004	
2396	6.500000e-004	
2397	6.250000e-004	
2398	4.000000e-004	
2399	3.000000e-004	
2400	2.250000e-004	
2401	1.750000e-004	
2402	1.500000e-004	
2403	2.250000e-004	
2404	2.750000e-004	
2405	4.250000e-004	
2406	3.000000e-004	
2407	2.750000e-004	
2408	3.750000e-004	
2409	3.250000e-004	
2410	1.250000e-004	
2411	3.250000e-004	
2412	4.000000e-004	
2413	2.750000e-004	
2414	2.250000e-004	
2415	1.500000e-004	
2416	1.250000e-004	
2417	1.250000e-004	
2418	1.250000e-004	
2419	1.250000e-004	
2420	2.750000e-004	
2421	4.000000e-004	
2422	4.750000e-004	
2423	5.000000e-004	
2424	5.750000e-004	
2425	6.750000e-004	
2426	6.500000e-004	
2427	8.250000e-004	
2428	6.500000e-004	
2429	7.750000e-004	
2430	9.000000e-004	
2431	7.000000e-004	
2432	9.250000e-004	
2433	1.025000e-003	
2434	8.500000e-004	
2435	9.250000e-004	
2436	8.750000e-004	
2437	9.250000e-004	
2438	1.100000e-003	
2439	9.500000e-004	
2440	8.000000e-004	
2441	8.250000e-004	
2442	7.250000e-004	
2443	8.750000e-004	
2444	9.500000e-004	
2445	7.500000e-004	
2446	7.000000e-004	
2447	6.500000e-004	
2448	6.750000e-004	
2449	7.250000e-004	
2450	1.000000e-003	
2451	1.000000e-003	
2452	1.150000e-003	
2453	1.050000e-003	
2454	7.500000e-004	
2455	7.500000e-004	
2456	5.250000e-004	
2457	6.000000e-004	
2458	7.750000e-004	
2459	9.750000e-004	
2460	1.050000e-003	
2461	9.000000e-004	
2462	1.050000e-003	
2463	1.125000e-003	
2464	1.025000e-003	
2465	7.500000e-004	
2466	9.250000e-004	
2467	7.000000e-004	
2468	6.250000e-004	
2469	5.250000e-004	
2470	6.750000e-004	
2471	9.000000e-004	
2472	1.200000e-003	
2473	1.250000e-003	
2474	1.100000e-003	
2475	1.050000e-003	
2476	9.750000e-004	
2477	8.500000e-004	
2478	9.500000e-004	
2479	7.500000e-004	
2480	1.175000e-003	
2481	1.125000e-003	
2482	1.150000e-003	
2483	1.100000e-003	
2484	1.250000e-003	
2485	9.500000e-004	
2486	1.200000e-003	
2487	1.300000e-003	
2488	1.525000e-003	
2489	1.075000e-003	
2490	1.100000e-003	
2491	1.075000e-003	
2492	1.000000e-003	
2493	9.500000e-004	
2494	8.750000e-004	
2495	9.000000e-004	
2496	7.250000e-004	
2497	8.250000e-004	
2498	6.000000e-004	
2499	4.500000e-004	
2500	4.000000e-004	
2501	2.750000e-004	
2502	1.500000e-004	
2503	2.000000e-004	
2504	2.250000e-004	
2505	3.000000e-004	
2506	3.000000e-004	
2507	2.750000e-004	
2508	3.000000e-004	
2509	2.500000e-004	
2510	3.250000e-004	
2511	4.500000e-004	
2512	5.250000e-004	
2513	5.250000e-004	
2514	6.500000e-004	
2515	7.000000e-004	
2516	8.250000e-004	
2517	6.000000e-004	
2518	2.750000e-004	
2519	3.250000e-004	
2520	2.500000e-004	
2521	2.500000e-004	
2522	3.500000e-004	
2523	4.000000e-004	
2524	5.500000e-004	
2525	3.750000e-004	
2526	4.500000e-004	
2527	4.000000e-004	
2528	3.250000e-004	
2529	3.500000e-004	
2530	4.000000e-004	
2531	3.000000e-004	
2532	4.500000e-004	
2533	5.500000e-004	
2534	5.750000e-004	
2535	5.000000e-004	
2536	4.000000e-004	
2537	4.000000e-004	
2538	3.750000e-004	
2539	4.250000e-004	
2540	5.000000e-004	
2541	5.000000e-004	
2542	3.250000e-004	
2543	2.500000e-004	
2544	3.000000e-004	
2545	2.500000e-004	
2546	2.750000e-004	
2547	1.750000e-004	
2548	1.750000e-004	
2549	2.000000e-004	
2550	1.750000e-004	
2551	2.500000e-004	
2552	2.500000e-004	
2553	2.000000e-004	
2554	1.250000e-004	
2555	1.500000e-004	
2556	1.500000e-004	
2557	1.250000e-004	
2558	1.500000e-004	
2559	1.250000e-004	
2560	1.000000e-004	
2561	5.000000e-005	
2562	5.000000e-005	
2563	1.500000e-004	
2564	1.000000e-004	
2565	7.500000e-005	
2566	5.000000e-005	
2567	2.500000e-005	
2568	2.500000e-005	
2569	7.500000e-005	
2570	7.500000e-005	
2571	1.250000e-004	
2572	1.500000e-004	
2573	1.000000e-004	
2574	1.000000e-004	
2575	1.000000e-004	
2576	7.500000e-005	
2577	1.500000e-004	
2578	7.500000e-005	
2579	1.250000e-004	
2580	1.250000e-004	
2581	0	
2582	0	
2583	0	
2584	0	
2585	0	
2586	0	
2587	0	
2588	0	
2589	0	
2590	0	
2591	0	
2592	0	
2593	2.500000e-005	
2594	1.000000e-004	
2595	2.500000e-005	
2596	7.500000e-005	
2597	1.000000e-004	
2598	0	
2599	0	
2600	0	
2601	0	
2602	0	
2603	0	
2604	0	
2605	0	
2606	0	
2607	0	
2608	0	
2609	0	
2610	0	
2611	0	
2612	0	
2613	0	
2614	0	
2615	0	
2616	2.500000e-005	
2617	1.000000e-004	
2618	5.000000e-005	
2619	5.000000e-005	
2620	2.500000e-005	
2621	0	
2622	0	
2623	0	
2624	0	
2625	2.500000e-005	
2626	2.500000e-005	
2627	2.500000e-005	
2628	0	
2629	5.000000e-005	
2630	1.500000e-004	
2631	2.500000e-004	
2632	3.000000e-004	
2633	3.000000e-004	
2634	3.750000e-004	
2635	4.500000e-004	
2636	6.000000e-004	
2637	6.500000e-004	
2638	6.500000e-004	
2639	6.750000e-004	
2640	6.500000e-004	
2641	6.250000e-004	
2642	7.000000e-004	
2643	7.500000e-004	
2644	1.075000e-003	
2645	9.500000e-004	
2646	1.000000e-003	
2647	1.125000e-003	
2648	1.075000e-003	
2649	1.075000e-003	
2650	1.225000e-003	
2651	1.050000e-003	
2652	1.150000e-003	
2653	1.175000e-003	
2654	1.300000e-003	
2655	1.175000e-003	
2656	1.400000e-003	
2657	1.425000e-003	
2658	1.400000e-003	
2659	1.425000e-003	
2660	1.600000e-003	
2661	1.725000e-003	
2662	1.625000e-003	
2663	1.350000e-003	
2664	1.325000e-003	
2665	1.500000e-003	
2666	1.425000e-003	
2667	1.400000e-003	
2668	1.800000e-003	
2669	1.700000e-003	
2670	1.525000e-003	
2671	1.475000e-003	
2672	1.800000e-003	
2673	1.600000e-003	
2674	1.350000e-003	
2675	1.400000e-003	
2676	1.325000e-003	
2677	1.325000e-003	
2678	1.200000e-003	
2679	7.750000e-004	
2680	8.500000e-004	
2681	8.500000e-004	
2682	8.000000e-004	
2683	9.500000e-004	
2684	9.500000e-004	
2685	1.000000e-003	
2686	1.050000e-003	
2687	9.250000e-004	
2688	9.250000e-004	
2689	8.500000e-004	
2690	8.750000e-004	
2691	8.000000e-004	
2692	7.500000e-004	
2693	6.750000e-004	
2694	5.250000e-004	
2695	3.250000e-004	
2696	2.500000e-004	
2697	2.500000e-004	
2698	3.250000e-004	
2699	2.750000e-004	
2700	4.500000e-004	
2701	4.750000e-004	
2702	5.750000e-004	
2703	6.750000e-004	
2704	6.500000e-004	
2705	4.250000e-004	
2706	7.000000e-004	
2707	6.750000e-004	
2708	8.000000e-004	
2709	8.500000e-004	
2710	8.750000e-004	
2711	7.500000e-004	
2712	8.000000e-004	
2713	8.000000e-004	
2714	8.000000e-004	
2715	8.000000e-004	
2716	7.750000e-004	
2717	9.250000e-004	
2718	9.500000e-004	
2719	8.000000e-004	
2720	1.100000e-003	
2721	9.500000e-004	
2722	1.025000e-003	
2723	7.000000e-004	
2724	8.000000e-004	
2725	8.000000e-004	
2726	9.000000e-004	
2727	1.125000e-003	
2728	1.100000e-003	
2729	9.000000e-004	
2730	1.150000e-003	
2731	1.075000e-003	
2732	1.175000e-003	
2733	1.000000e-003	
2734	1.000000e-003	
2735	9.750000e-004	
2736	8.250000e-004	
2737	8.250000e-004	
2738	8.250000e-004	
2739	8.500000e-004	
2740	8.250000e-004	
2741	6.500000e-004	
2742	6.500000e-004	
2743	5.250000e-004	
2744	4.000000e-004	
2745	3.500000e-004	
2746	4.000000e-004	
2747	5.250000e-004	
2748	6.000000e-004	
2749	5.500000e-004	
2750	6.750000e-004	
2751	8.500000e-004	
2752	6.250000e-004	
2753	5.500000e-004	
2754	5.500000e-004	
2755	4.500000e-004	
2756	4.500000e-004	
2757	4.750000e-004	
2758	6.000000e-004	
2759	4.250000e-004	
2760	4.500000e-004	
2761	5.000000e-004	
2762	3.500000e-004	
2763	4.000000e-004	
2764	4.500000e-004	
2765	3.250000e-004	
2766	2.750000e-004	
2767	3.750000e-004	
2768	2.250000e-004	
2769	2.250000e-004	
2770	3.000000e-004	
2771	3.000000e-004	
2772	2.750000e-004	
2773	2.750000e-004	
2774	2.500000e-004	
2775	3.500000e-004	
2776	4.250000e-004	
2777	4.750000e-004	
2778	5.500000e-004	
2779	4.000000e-004	
2780	3.750000e-004	
2781	3.500000e-004	
2782	3.250000e-004	
2783	4.000000e-004	
2784	4.000000e-004	
2785	3.750000e-004	
2786	4.000000e-004	
2787	4.500000e-004	
2788	6.250000e-004	
2789	8.000000e-004	
2790	6.000000e-004	
2791	8.250000e-004	
2792	8.250000e-004	
2793	8.250000e-004	
2794	7.750000e-004	
2795	6.250000e-004	
2796	5.000000e-004	
2797	6.750000e-004	
2798	8.250000e-004	
2799	9.250000e-004	
2800	9.500000e-004	
2801	1.225000e-003	
2802	9.750000e-004	
2803	1.025000e-003	
2804	1.075000e-003	
2805	1.025000e-003	
2806	9.000000e-004	
2807	1.050000e-003	
2808	8.500000e-004	
2809	1.000000e-003	
2810	1.300000e-003	
2811	1.575000e-003	
2812	1.075000e-003	
2813	1.100000e-003	
2814	1.025000e-003	
2815	8.750000e-004	
2816	9.750000e-004	
2817	7.250000e-004	
2818	7.500000e-004	
2819	8.750000e-004	
2820	1.050000e-003	
2821	1.000000e-003	
2822	9.000000e-004	
2823	9.500000e-004	
2824	1.500000e-003	
2825	1.575000e-003	
2826	1.775000e-003	
2827	1.550000e-003	
2828	1.700000e-003	
2829	1.825000e-003	
2830	1.850000e-003	
2831	1.900000e-003	
2832	1.800000e-003	
2833	1.875000e-003	
2834	2.075000e-003	
2835	2.375000e-003	
2836	2.475000e-003	
2837	2.625000e-003	
2838	2.375000e-003	
2839	2.475000e-003	
2840	2.825000e-003	
2841	2.925000e-003	
2842	2.875000e-003	
2843	2.350000e-003	
2844	2.300000e-003	
2845	2.125000e-003	
2846	2.000000e-003	
2847	1.550000e-003	
2848	1.575000e-003	
2849	1.750000e-003	
2850	1.550000e-003	
2851	1.575000e-003	
2852	1.725000e-003	
2853	1.425000e-003	
2854	1.550000e-003	
2855	1.475000e-003	
2856	1.600000e-003	
2857	1.575000e-003	
2858	1.125000e-003	
2859	1.000000e-003	
2860	1.300000e-003	
2861	1.450000e-003	
2862	1.500000e-003	
2863	1.300000e-003	
2864	1.425000e-003	
2865	1.175000e-003	
2866	1.125000e-003	
2867	1.050000e-003	
2868	1.100000e-003	
2869	1.125000e-003	
2870	9.000000e-004	
2871	8.250000e-004	
2872	1.000000e-003	
2873	1.275000e-003	
2874	1.550000e-003	
2875	1.275000e-003	
2876	1.525000e-003	
2877	1.725000e-003	
2878	2.075000e-003	
2879	1.800000e-003	
2880	1.800000e-003	
2881	1.825000e-003	
2882	1.800000e-003	
2883	1.850000e-003	
2884	1.800000e-003	
2885	1.725000e-003	
2886	1.675000e-003	
2887	1.800000e-003	
2888	1.525000e-003	
2889	1.450000e-003	
2890	1.650000e-003	
2891	1.525000e-003	
2892	1.775000e-003	
2893	1.475000e-003	
2894	1.100000e-003	
2895	1.100000e-003	
2896	1.225000e-003	
2897	1.075000e-003	
2898	9.500000e-004	
2899	9.000000e-004	
2900	8.500000e-004	
2901	7.500000e-004	
2902	5.250000e-004	
2903	5.250000e-004	
2904	5.000000e-004	
2905	4.750000e-004	
2906	3.750000e-004	
2907	4.750000e-004	
2908	4.750000e-004	
2909	4.500000e-004	
2910	3.500000e-004	
2911	3.000000e-004	
2912	3.250000e-004	
2913	4.250000e-004	
2914	4.250000e-004	
2915	4.500000e-004	
2916	2.750000e-004	
2917	2.500000e-004	
2918	1.500000e-004	
2919	1.750000e-004	
2920	2.250000e-004	
2921	2.250000e-004	
2922	1.500000e-004	
2923	2.750000e-004	
2924	2.750000e-004	
2925	2.500000e-004	
2926	2.500000e-004	
2927	3.500000e-004	
2928	3.000000e-004	
2929	2.250000e-004	
2930	3.750000e-004	
2931	3.500000e-004	
2932	3.000000e-004	
2933	3.750000e-004	
2934	2.500000e-004	
2935	1.500000e-004	
2936	2.250000e-004	
2937	2.750000e-004	
2938	2.500000e-004	
2939	2.500000e-004	
2940	1.250000e-004	
2941	1.750000e-004	
2942	1.500000e-004	
2943	1.500000e-004	
2944	2.750000e-004	
2945	1.500000e-004	
2946	2.250000e-004	
2947	2.750000e-004	
2948	4.000000e-004	
2949	4.250000e-004	
2950	3.750000e-004	
2951	4.500000e-004	
2952	3.500000e-004	
2953	2.750000e-004	
2954	2.750000e-004	
2955	3.750000e-004	
2956	6.500000e-004	
2957	5.750000e-004	
2958	5.000000e-004	
2959	2.250000e-004	
2960	3.250000e-004	
2961	4.000000e-004	
2962	2.500000e-004	
2963	3.750000e-004	
2964	4.250000e-004	
2965	4.500000e-004	
2966	4.250000e-004	
2967	5.500000e-004	
2968	6.000000e-004	
2969	5.250000e-004	
2970	4.750000e-004	
2971	4.250000e-004	
2972	3.250000e-004	
2973	2.500000e-004	
2974	3.500000e-004	
2975	4.500000e-004	
2976	4.000000e-004	
2977	4.000000e-004	
2978	2.750000e-004	
2979	2.500000e-004	
2980	4.000000e-004	
2981	2.500000e-004	
2982	1.500000e-004	
2983	1.250000e-004	
2984	1.500000e-004	
2985	1.500000e-004	
2986	2.000000e-004	
2987	2.750000e-004	
2988	2.000000e-004	
2989	1.750000e-004	
2990	1.000000e-004	
2991	7.500000e-005	
2992	1.750000e-004	
2993	1.500000e-004	
2994	7.500000e-005	
2995	7.500000e-005	
2996	1.500000e-004	
2997	1.250000e-004	
2998	2.000000e-004	
2999	2.250000e-004	
3000	1.500000e-004	
3001	1.250000e-004	
