1	0	
2	0	
3	2.500000e-005	
4	5.000000e-005	
5	5.000000e-005	
6	7.500000e-005	
7	7.500000e-005	
8	7.500000e-005	
9	1.250000e-004	
10	2.250000e-004	
11	2.500000e-004	
12	3.250000e-004	
13	4.000000e-004	
14	4.000000e-004	
15	3.500000e-004	
16	4.250000e-004	
17	6.000000e-004	
18	5.500000e-004	
19	5.500000e-004	
20	6.250000e-004	
21	7.750000e-004	
22	8.750000e-004	
23	1.175000e-003	
24	1.300000e-003	
25	1.700000e-003	
26	1.500000e-003	
27	1.700000e-003	
28	1.600000e-003	
29	1.900000e-003	
30	2.275000e-003	
31	2.650000e-003	
32	2.500000e-003	
33	2.900000e-003	
34	3.150000e-003	
35	3.550000e-003	
36	4.150000e-003	
37	4.350000e-003	
38	4.825000e-003	
39	5.250000e-003	
40	5.800000e-003	
41	5.875000e-003	
42	6.025000e-003	
43	6.425000e-003	
44	6.825000e-003	
45	6.875000e-003	
46	7.325000e-003	
47	7.600000e-003	
48	8.625000e-003	
49	9.075000e-003	
50	9.000000e-003	
51	9.900000e-003	
52	1.070000e-002	
53	1.035000e-002	
54	1.055000e-002	
55	1.072500e-002	
56	1.072500e-002	
57	1.122500e-002	
58	1.160000e-002	
59	1.172500e-002	
60	1.165000e-002	
61	1.125000e-002	
62	1.107500e-002	
63	1.110000e-002	
64	1.125000e-002	
65	1.067500e-002	
66	1.130000e-002	
67	1.230000e-002	
68	1.182500e-002	
69	1.180000e-002	
70	1.255000e-002	
71	1.152500e-002	
72	1.095000e-002	
73	1.125000e-002	
74	1.037500e-002	
75	9.400000e-003	
76	8.775000e-003	
77	8.225000e-003	
78	7.625000e-003	
79	6.750000e-003	
80	6.325000e-003	
81	5.475000e-003	
82	5.150000e-003	
83	4.700000e-003	
84	4.300000e-003	
85	3.925000e-003	
86	2.975000e-003	
87	2.600000e-003	
88	2.025000e-003	
89	1.925000e-003	
90	1.950000e-003	
91	1.700000e-003	
92	1.825000e-003	
93	1.550000e-003	
94	1.600000e-003	
95	1.700000e-003	
96	1.575000e-003	
97	1.575000e-003	
98	1.450000e-003	
99	1.300000e-003	
100	1.500000e-003	
101	1.450000e-003	
102	1.600000e-003	
103	1.475000e-003	
104	1.500000e-003	
105	1.550000e-003	
106	1.400000e-003	
107	1.250000e-003	
108	9.750000e-004	
109	8.500000e-004	
110	7.000000e-004	
111	5.000000e-004	
112	3.750000e-004	
113	3.500000e-004	
114	5.250000e-004	
115	2.750000e-004	
116	1.000000e-004	
117	5.000000e-005	
118	0	
119	0	
120	0	
121	0	
122	0	
123	0	
124	0	
125	0	
126	0	
127	0	
128	0	
129	0	
130	0	
131	0	
132	0	
133	0	
134	0	
135	0	
136	0	
137	0	
138	0	
139	0	
140	0	
141	0	
142	0	
143	0	
144	0	
145	0	
146	2.500000e-005	
147	5.000000e-005	
148	0	
149	0	
150	0	
151	0	
152	0	
153	0	
154	0	
155	0	
156	0	
157	0	
158	0	
159	0	
160	0	
161	0	
162	0	
163	0	
164	0	
165	0	
166	0	
167	0	
168	0	
169	0	
170	0	
171	0	
172	0	
173	0	
174	0	
175	0	
176	0	
177	0	
178	0	
179	0	
180	0	
181	0	
182	0	
183	0	
184	0	
185	0	
186	0	
187	0	
188	0	
189	0	
190	0	
191	0	
192	0	
193	0	
194	0	
195	0	
196	2.500000e-005	
197	0	
198	0	
199	0	
200	0	
201	0	
202	0	
203	0	
204	0	
205	0	
206	0	
207	0	
208	0	
209	2.500000e-005	
210	7.500000e-005	
211	7.500000e-005	
212	2.500000e-005	
213	0	
214	0	
215	0	
216	0	
217	0	
218	0	
219	0	
220	0	
221	0	
222	0	
223	0	
224	0	
225	0	
226	2.500000e-005	
227	7.500000e-005	
228	5.000000e-005	
229	5.000000e-005	
230	0	
231	0	
232	0	
233	0	
234	0	
235	0	
236	0	
237	5.000000e-005	
238	1.000000e-004	
239	5.000000e-005	
240	5.000000e-005	
241	0	
242	0	
243	0	
244	0	
245	0	
246	0	
247	0	
248	0	
249	0	
250	0	
251	0	
252	0	
253	0	
254	0	
255	0	
256	0	
257	0	
258	0	
259	0	
260	0	
261	0	
262	0	
263	0	
264	0	
265	0	
266	2.500000e-005	
267	0	
268	0	
269	0	
270	0	
271	0	
272	0	
273	2.500000e-005	
274	5.000000e-005	
275	2.500000e-005	
276	2.500000e-005	
277	7.500000e-005	
278	2.500000e-005	
279	0	
280	0	
281	0	
282	0	
283	5.000000e-005	
284	1.500000e-004	
285	7.500000e-005	
286	1.000000e-004	
287	2.500000e-005	
288	0	
289	0	
290	0	
291	0	
292	0	
293	0	
294	0	
295	0	
296	0	
297	0	
298	0	
299	0	
300	0	
301	0	
302	0	
303	0	
304	0	
305	0	
306	0	
307	0	
308	0	
309	2.500000e-005	
310	5.000000e-005	
311	5.000000e-005	
312	7.500000e-005	
313	2.500000e-005	
314	5.000000e-005	
315	2.500000e-005	
316	2.500000e-005	
317	7.500000e-005	
318	5.000000e-005	
319	2.500000e-005	
320	2.500000e-005	
321	0	
322	0	
323	0	
324	0	
325	0	
326	0	
327	0	
328	0	
329	0	
330	2.500000e-005	
331	2.500000e-005	
332	0	
333	0	
334	0	
335	0	
336	0	
337	0	
338	0	
339	5.000000e-005	
340	7.500000e-005	
341	1.500000e-004	
342	1.250000e-004	
343	1.750000e-004	
344	1.750000e-004	
345	1.250000e-004	
346	1.500000e-004	
347	1.000000e-004	
348	5.000000e-005	
349	5.000000e-005	
350	2.500000e-005	
351	2.500000e-005	
352	2.500000e-005	
353	5.000000e-005	
354	5.000000e-005	
355	2.500000e-005	
356	2.500000e-005	
357	0	
358	0	
359	0	
360	0	
361	0	
362	0	
363	0	
364	0	
365	0	
366	0	
367	0	
368	0	
369	0	
370	0	
371	0	
372	0	
373	0	
374	0	
375	0	
376	0	
377	0	
378	0	
379	0	
380	0	
381	0	
382	0	
383	0	
384	0	
385	0	
386	0	
387	0	
388	0	
389	0	
390	2.500000e-005	
391	5.000000e-005	
392	1.000000e-004	
393	7.500000e-005	
394	1.250000e-004	
395	2.500000e-005	
396	2.500000e-005	
397	0	
398	0	
399	0	
400	0	
401	0	
402	0	
403	2.500000e-005	
404	2.500000e-005	
405	0	
406	0	
407	0	
408	0	
409	0	
410	0	
411	0	
412	0	
413	0	
414	0	
415	0	
416	2.500000e-005	
417	2.500000e-005	
418	0	
419	0	
420	0	
421	0	
422	0	
423	0	
424	0	
425	0	
426	0	
427	2.500000e-005	
428	2.500000e-005	
429	5.000000e-005	
430	2.500000e-005	
431	0	
432	0	
433	0	
434	0	
435	0	
436	0	
437	0	
438	0	
439	0	
440	0	
441	0	
442	2.500000e-005	
443	5.000000e-005	
444	1.250000e-004	
445	1.000000e-004	
446	1.000000e-004	
447	1.500000e-004	
448	1.500000e-004	
449	1.750000e-004	
450	1.500000e-004	
451	1.500000e-004	
452	7.500000e-005	
453	7.500000e-005	
454	7.500000e-005	
455	5.000000e-005	
456	5.000000e-005	
457	1.000000e-004	
458	1.000000e-004	
459	7.500000e-005	
460	1.000000e-004	
461	1.250000e-004	
462	1.750000e-004	
463	1.750000e-004	
464	1.250000e-004	
465	1.500000e-004	
466	1.500000e-004	
467	1.000000e-004	
468	1.000000e-004	
469	1.000000e-004	
470	1.750000e-004	
471	1.250000e-004	
472	1.000000e-004	
473	7.500000e-005	
474	1.250000e-004	
475	1.000000e-004	
476	1.000000e-004	
477	7.500000e-005	
478	1.000000e-004	
479	5.000000e-005	
480	2.500000e-005	
481	0	
482	0	
483	0	
484	0	
485	0	
486	0	
487	5.000000e-005	
488	1.750000e-004	
489	1.750000e-004	
490	1.250000e-004	
491	1.250000e-004	
492	2.000000e-004	
493	1.750000e-004	
494	1.250000e-004	
495	1.000000e-004	
496	1.500000e-004	
497	2.250000e-004	
498	1.000000e-004	
499	1.250000e-004	
500	1.250000e-004	
501	1.750000e-004	
502	1.500000e-004	
503	1.000000e-004	
504	1.000000e-004	
505	1.250000e-004	
506	1.250000e-004	
507	2.250000e-004	
508	2.000000e-004	
509	2.250000e-004	
510	2.000000e-004	
511	2.250000e-004	
512	3.000000e-004	
513	4.750000e-004	
514	5.000000e-004	
515	2.750000e-004	
516	4.000000e-004	
517	3.250000e-004	
518	4.750000e-004	
519	4.000000e-004	
520	3.250000e-004	
521	3.000000e-004	
522	5.250000e-004	
523	6.000000e-004	
524	6.750000e-004	
525	6.000000e-004	
526	9.250000e-004	
527	9.000000e-004	
528	6.750000e-004	
529	7.500000e-004	
530	8.500000e-004	
531	8.750000e-004	
532	7.000000e-004	
533	7.250000e-004	
534	8.250000e-004	
535	9.250000e-004	
536	7.250000e-004	
537	6.250000e-004	
538	5.750000e-004	
539	7.750000e-004	
540	9.000000e-004	
541	9.000000e-004	
542	9.500000e-004	
543	6.500000e-004	
544	5.750000e-004	
545	4.500000e-004	
546	5.500000e-004	
547	5.500000e-004	
548	6.250000e-004	
549	6.250000e-004	
550	4.500000e-004	
551	3.750000e-004	
552	4.250000e-004	
553	5.500000e-004	
554	6.250000e-004	
555	4.500000e-004	
556	8.250000e-004	
557	7.500000e-004	
558	8.500000e-004	
559	7.250000e-004	
560	5.500000e-004	
561	5.250000e-004	
562	4.250000e-004	
563	6.500000e-004	
564	6.500000e-004	
565	8.500000e-004	
566	9.750000e-004	
567	1.100000e-003	
568	1.100000e-003	
569	1.150000e-003	
570	9.750000e-004	
571	7.750000e-004	
572	8.000000e-004	
573	8.000000e-004	
574	7.500000e-004	
575	8.750000e-004	
576	1.050000e-003	
577	9.000000e-004	
578	9.000000e-004	
579	9.500000e-004	
580	1.000000e-003	
581	9.250000e-004	
582	1.250000e-003	
583	1.575000e-003	
584	1.200000e-003	
585	1.625000e-003	
586	1.800000e-003	
587	1.450000e-003	
588	1.475000e-003	
589	1.900000e-003	
590	2.100000e-003	
591	2.050000e-003	
592	2.125000e-003	
593	2.200000e-003	
594	2.475000e-003	
595	2.850000e-003	
596	2.700000e-003	
597	2.675000e-003	
598	2.750000e-003	
599	2.625000e-003	
600	3.050000e-003	
601	2.925000e-003	
602	3.075000e-003	
603	3.300000e-003	
604	3.850000e-003	
605	3.700000e-003	
606	3.575000e-003	
607	3.175000e-003	
608	3.075000e-003	
609	3.125000e-003	
610	3.500000e-003	
611	3.650000e-003	
612	4.125000e-003	
613	4.375000e-003	
614	4.400000e-003	
615	4.650000e-003	
616	4.425000e-003	
617	4.425000e-003	
618	4.400000e-003	
619	4.575000e-003	
620	4.725000e-003	
621	5.350000e-003	
622	4.925000e-003	
623	5.250000e-003	
624	4.550000e-003	
625	4.500000e-003	
626	4.550000e-003	
627	4.175000e-003	
628	4.100000e-003	
629	3.700000e-003	
630	3.450000e-003	
631	3.050000e-003	
632	3.100000e-003	
633	3.375000e-003	
634	3.250000e-003	
635	3.400000e-003	
636	3.525000e-003	
637	4.025000e-003	
638	4.100000e-003	
639	4.600000e-003	
640	4.725000e-003	
641	4.300000e-003	
642	3.950000e-003	
643	4.000000e-003	
644	3.975000e-003	
645	4.200000e-003	
646	4.100000e-003	
647	4.775000e-003	
648	4.875000e-003	
649	4.150000e-003	
650	3.950000e-003	
651	3.875000e-003	
652	3.750000e-003	
653	4.200000e-003	
654	4.100000e-003	
655	3.725000e-003	
656	3.300000e-003	
657	3.450000e-003	
658	3.325000e-003	
659	2.750000e-003	
660	2.700000e-003	
661	3.125000e-003	
662	3.375000e-003	
663	3.150000e-003	
664	3.100000e-003	
665	2.575000e-003	
666	2.725000e-003	
667	2.950000e-003	
668	2.750000e-003	
669	2.725000e-003	
670	2.125000e-003	
671	1.800000e-003	
672	1.300000e-003	
673	1.075000e-003	
674	1.175000e-003	
675	1.100000e-003	
676	1.075000e-003	
677	8.000000e-004	
678	7.000000e-004	
679	7.750000e-004	
680	9.750000e-004	
681	7.750000e-004	
682	6.250000e-004	
683	4.750000e-004	
684	5.250000e-004	
685	5.500000e-004	
686	5.000000e-004	
687	4.250000e-004	
688	4.500000e-004	
689	3.500000e-004	
690	1.750000e-004	
691	2.250000e-004	
692	1.000000e-004	
693	1.250000e-004	
694	5.000000e-005	
695	1.500000e-004	
696	1.500000e-004	
697	2.000000e-004	
698	1.000000e-004	
699	7.500000e-005	
700	7.500000e-005	
701	5.000000e-005	
702	5.000000e-005	
703	0	
704	0	
705	0	
706	0	
707	0	
708	0	
709	0	
710	0	
711	0	
712	0	
713	0	
714	0	
715	0	
716	0	
717	0	
718	0	
719	0	
720	0	
721	0	
722	0	
723	0	
724	0	
725	0	
726	0	
727	0	
728	0	
729	0	
730	0	
731	0	
732	0	
733	0	
734	0	
735	0	
736	0	
737	0	
738	0	
739	0	
740	0	
741	0	
742	0	
743	0	
744	0	
745	0	
746	0	
747	0	
748	0	
749	0	
750	0	
751	0	
752	0	
753	0	
754	0	
755	0	
756	0	
757	0	
758	0	
759	0	
760	0	
761	0	
762	0	
763	0	
764	0	
765	0	
766	0	
767	2.500000e-005	
768	0	
769	0	
770	0	
771	0	
772	0	
773	0	
774	0	
775	0	
776	2.500000e-005	
777	2.500000e-005	
778	0	
779	0	
780	0	
781	0	
782	0	
783	0	
784	0	
785	0	
786	0	
787	0	
788	0	
789	0	
790	0	
791	0	
792	0	
793	0	
794	0	
795	0	
796	0	
797	0	
798	0	
799	0	
800	2.500000e-005	
801	2.500000e-005	
802	2.500000e-005	
803	0	
804	0	
805	0	
806	0	
807	2.500000e-005	
808	2.500000e-005	
809	2.500000e-005	
810	0	
811	0	
812	0	
813	0	
814	2.500000e-005	
815	2.500000e-005	
816	2.500000e-005	
817	5.000000e-005	
818	5.000000e-005	
819	5.000000e-005	
820	7.500000e-005	
821	5.000000e-005	
822	2.500000e-005	
823	2.500000e-005	
824	2.500000e-005	
825	0	
826	0	
827	0	
828	0	
829	0	
830	0	
831	0	
832	0	
833	0	
834	0	
835	0	
836	0	
837	0	
838	0	
839	0	
840	0	
841	0	
842	0	
843	0	
844	0	
845	0	
846	0	
847	0	
848	0	
849	0	
850	0	
851	0	
852	0	
853	0	
854	0	
855	2.500000e-005	
856	7.500000e-005	
857	7.500000e-005	
858	0	
859	0	
860	0	
861	0	
862	0	
863	0	
864	0	
865	0	
866	0	
867	0	
868	0	
869	0	
870	0	
871	0	
872	0	
873	0	
874	0	
875	0	
876	0	
877	0	
878	0	
879	0	
880	0	
881	0	
882	0	
883	0	
884	0	
885	0	
886	0	
887	0	
888	0	
889	0	
890	0	
891	0	
892	0	
893	0	
894	0	
895	0	
896	0	
897	0	
898	0	
899	0	
900	0	
901	2.500000e-005	
902	5.000000e-005	
903	0	
904	0	
905	0	
906	0	
907	0	
908	0	
909	0	
910	0	
911	0	
912	0	
913	0	
914	0	
915	0	
916	0	
917	0	
918	0	
919	0	
920	0	
921	0	
922	0	
923	0	
924	0	
925	0	
926	2.500000e-005	
927	7.500000e-005	
928	7.500000e-005	
929	7.500000e-005	
930	2.500000e-005	
931	5.000000e-005	
932	7.500000e-005	
933	1.000000e-004	
934	7.500000e-005	
935	7.500000e-005	
936	2.500000e-005	
937	5.000000e-005	
938	1.250000e-004	
939	1.750000e-004	
940	1.500000e-004	
941	1.250000e-004	
942	5.000000e-005	
943	0	
944	0	
945	2.500000e-005	
946	2.500000e-005	
947	2.500000e-005	
948	0	
949	0	
950	0	
951	0	
952	0	
953	0	
954	0	
955	0	
956	0	
957	0	
958	0	
959	0	
960	0	
961	0	
962	0	
963	0	
964	0	
965	2.500000e-005	
966	5.000000e-005	
967	5.000000e-005	
968	1.250000e-004	
969	1.500000e-004	
970	2.250000e-004	
971	1.250000e-004	
972	1.250000e-004	
973	1.500000e-004	
974	1.250000e-004	
975	1.000000e-004	
976	7.500000e-005	
977	1.000000e-004	
978	1.750000e-004	
979	2.250000e-004	
980	2.000000e-004	
981	1.500000e-004	
982	1.000000e-004	
983	1.000000e-004	
984	1.250000e-004	
985	1.500000e-004	
986	1.000000e-004	
987	1.500000e-004	
988	1.500000e-004	
989	2.250000e-004	
990	3.250000e-004	
991	4.000000e-004	
992	5.500000e-004	
993	3.250000e-004	
994	2.750000e-004	
995	2.250000e-004	
996	1.750000e-004	
997	2.250000e-004	
998	1.250000e-004	
999	2.250000e-004	
1000	2.500000e-004	
1001	2.250000e-004	
1002	2.000000e-004	
1003	1.250000e-004	
1004	2.000000e-004	
1005	2.250000e-004	
1006	1.750000e-004	
1007	1.000000e-004	
1008	2.000000e-004	
1009	1.250000e-004	
1010	2.000000e-004	
1011	2.500000e-004	
1012	4.000000e-004	
1013	3.000000e-004	
1014	3.250000e-004	
1015	4.250000e-004	
1016	3.000000e-004	
1017	4.000000e-004	
1018	4.750000e-004	
1019	5.000000e-004	
1020	6.250000e-004	
1021	6.500000e-004	
1022	5.750000e-004	
1023	6.750000e-004	
1024	6.750000e-004	
1025	6.750000e-004	
1026	6.500000e-004	
1027	4.500000e-004	
1028	5.000000e-004	
1029	7.000000e-004	
1030	7.250000e-004	
1031	7.000000e-004	
1032	7.500000e-004	
1033	1.350000e-003	
1034	1.275000e-003	
1035	1.125000e-003	
1036	1.350000e-003	
1037	1.350000e-003	
1038	1.600000e-003	
1039	1.700000e-003	
1040	1.800000e-003	
1041	1.675000e-003	
1042	1.875000e-003	
1043	2.075000e-003	
1044	2.025000e-003	
1045	2.025000e-003	
1046	2.550000e-003	
1047	2.800000e-003	
1048	2.500000e-003	
1049	2.300000e-003	
1050	2.425000e-003	
1051	2.450000e-003	
1052	2.400000e-003	
1053	2.175000e-003	
1054	2.050000e-003	
1055	2.200000e-003	
1056	2.475000e-003	
1057	2.450000e-003	
1058	2.550000e-003	
1059	2.400000e-003	
1060	2.350000e-003	
1061	2.850000e-003	
1062	2.575000e-003	
1063	2.350000e-003	
1064	2.250000e-003	
1065	2.250000e-003	
1066	2.075000e-003	
1067	1.925000e-003	
1068	1.875000e-003	
1069	1.550000e-003	
1070	1.325000e-003	
1071	1.275000e-003	
1072	1.250000e-003	
1073	1.300000e-003	
1074	1.275000e-003	
1075	1.425000e-003	
1076	1.350000e-003	
1077	1.275000e-003	
1078	1.200000e-003	
1079	9.500000e-004	
1080	1.325000e-003	
1081	1.200000e-003	
1082	1.125000e-003	
1083	1.200000e-003	
1084	1.250000e-003	
1085	1.200000e-003	
1086	1.225000e-003	
1087	1.525000e-003	
1088	1.400000e-003	
1089	1.425000e-003	
1090	1.400000e-003	
1091	1.150000e-003	
1092	1.200000e-003	
1093	1.375000e-003	
1094	1.350000e-003	
1095	1.600000e-003	
1096	1.450000e-003	
1097	1.600000e-003	
1098	1.850000e-003	
1099	1.650000e-003	
1100	1.450000e-003	
1101	1.550000e-003	
1102	1.575000e-003	
1103	1.300000e-003	
1104	1.275000e-003	
1105	1.375000e-003	
1106	1.350000e-003	
1107	1.200000e-003	
1108	1.225000e-003	
1109	1.175000e-003	
1110	1.175000e-003	
1111	1.075000e-003	
1112	1.025000e-003	
1113	9.500000e-004	
1114	8.750000e-004	
1115	9.500000e-004	
1116	9.000000e-004	
1117	7.500000e-004	
1118	6.000000e-004	
1119	5.500000e-004	
1120	6.000000e-004	
1121	7.000000e-004	
1122	7.250000e-004	
1123	7.750000e-004	
1124	8.500000e-004	
1125	1.025000e-003	
1126	1.125000e-003	
1127	1.275000e-003	
1128	1.300000e-003	
1129	1.350000e-003	
1130	1.325000e-003	
1131	1.250000e-003	
1132	1.250000e-003	
1133	1.625000e-003	
1134	1.475000e-003	
1135	1.575000e-003	
1136	1.800000e-003	
1137	1.875000e-003	
1138	1.600000e-003	
1139	1.750000e-003	
1140	1.850000e-003	
1141	1.750000e-003	
1142	2.225000e-003	
1143	1.750000e-003	
1144	1.875000e-003	
1145	1.525000e-003	
1146	1.125000e-003	
1147	1.125000e-003	
1148	1.350000e-003	
1149	1.500000e-003	
1150	1.925000e-003	
1151	2.175000e-003	
1152	2.175000e-003	
1153	2.250000e-003	
1154	1.825000e-003	
1155	1.575000e-003	
1156	1.825000e-003	
1157	1.725000e-003	
1158	1.675000e-003	
1159	1.575000e-003	
1160	1.525000e-003	
1161	1.550000e-003	
1162	1.550000e-003	
1163	1.550000e-003	
1164	1.200000e-003	
1165	1.300000e-003	
1166	1.400000e-003	
1167	1.475000e-003	
1168	1.175000e-003	
1169	1.125000e-003	
1170	1.050000e-003	
1171	9.000000e-004	
1172	6.000000e-004	
1173	7.750000e-004	
1174	8.250000e-004	
1175	8.250000e-004	
1176	6.750000e-004	
1177	6.500000e-004	
1178	7.000000e-004	
1179	6.250000e-004	
1180	8.000000e-004	
1181	8.250000e-004	
1182	7.750000e-004	
1183	6.250000e-004	
1184	7.250000e-004	
1185	5.750000e-004	
1186	7.250000e-004	
1187	7.250000e-004	
1188	8.750000e-004	
1189	5.000000e-004	
1190	3.750000e-004	
1191	4.250000e-004	
1192	4.250000e-004	
1193	4.250000e-004	
1194	4.250000e-004	
1195	5.750000e-004	
1196	5.750000e-004	
1197	6.750000e-004	
1198	4.250000e-004	
1199	3.500000e-004	
1200	3.000000e-004	
1201	2.500000e-004	
1202	2.750000e-004	
1203	3.250000e-004	
1204	4.000000e-004	
1205	4.000000e-004	
1206	2.250000e-004	
1207	2.750000e-004	
1208	3.500000e-004	
1209	4.000000e-004	
1210	2.750000e-004	
1211	1.500000e-004	
1212	1.750000e-004	
1213	1.250000e-004	
1214	1.250000e-004	
1215	1.000000e-004	
1216	5.000000e-005	
1217	1.000000e-004	
1218	2.250000e-004	
1219	1.250000e-004	
1220	7.500000e-005	
1221	1.250000e-004	
1222	1.500000e-004	
1223	1.000000e-004	
1224	1.000000e-004	
1225	5.000000e-005	
1226	0	
1227	0	
1228	0	
1229	0	
1230	0	
1231	0	
1232	0	
1233	0	
1234	0	
1235	0	
1236	0	
1237	0	
1238	0	
1239	2.500000e-005	
1240	1.000000e-004	
1241	5.000000e-005	
1242	2.500000e-005	
1243	2.500000e-005	
1244	5.000000e-005	
1245	7.500000e-005	
1246	1.000000e-004	
1247	1.000000e-004	
1248	2.250000e-004	
1249	2.500000e-004	
1250	3.000000e-004	
1251	2.750000e-004	
1252	5.000000e-004	
1253	4.250000e-004	
1254	5.500000e-004	
1255	5.250000e-004	
1256	4.500000e-004	
1257	6.000000e-004	
1258	7.000000e-004	
1259	8.250000e-004	
1260	9.500000e-004	
1261	9.750000e-004	
1262	1.050000e-003	
1263	1.100000e-003	
1264	1.200000e-003	
1265	1.550000e-003	
1266	1.900000e-003	
1267	1.700000e-003	
1268	1.850000e-003	
1269	2.050000e-003	
1270	1.775000e-003	
1271	1.550000e-003	
1272	2.050000e-003	
1273	1.775000e-003	
1274	1.750000e-003	
1275	1.800000e-003	
1276	1.500000e-003	
1277	1.450000e-003	
1278	1.750000e-003	
1279	1.925000e-003	
1280	1.950000e-003	
1281	1.875000e-003	
1282	1.700000e-003	
1283	1.975000e-003	
1284	1.875000e-003	
1285	2.025000e-003	
1286	1.825000e-003	
1287	1.925000e-003	
1288	2.025000e-003	
1289	2.050000e-003	
1290	1.775000e-003	
1291	1.850000e-003	
1292	1.800000e-003	
1293	2.125000e-003	
1294	2.050000e-003	
1295	2.050000e-003	
1296	2.075000e-003	
1297	1.975000e-003	
1298	2.075000e-003	
1299	1.925000e-003	
1300	1.950000e-003	
1301	2.000000e-003	
1302	1.800000e-003	
1303	1.825000e-003	
1304	1.825000e-003	
1305	1.725000e-003	
1306	1.575000e-003	
1307	1.650000e-003	
1308	1.500000e-003	
1309	1.650000e-003	
1310	1.400000e-003	
1311	1.375000e-003	
1312	1.350000e-003	
1313	1.425000e-003	
1314	1.575000e-003	
1315	1.575000e-003	
1316	1.575000e-003	
1317	1.625000e-003	
1318	1.925000e-003	
1319	1.550000e-003	
1320	1.600000e-003	
1321	1.775000e-003	
1322	1.700000e-003	
1323	1.800000e-003	
1324	1.650000e-003	
1325	1.275000e-003	
1326	1.125000e-003	
1327	1.200000e-003	
1328	1.150000e-003	
1329	1.150000e-003	
1330	1.325000e-003	
1331	1.025000e-003	
1332	1.025000e-003	
1333	1.100000e-003	
1334	1.225000e-003	
1335	1.050000e-003	
1336	1.275000e-003	
1337	9.500000e-004	
1338	9.750000e-004	
1339	9.750000e-004	
1340	6.250000e-004	
1341	7.250000e-004	
1342	5.750000e-004	
1343	6.250000e-004	
1344	5.750000e-004	
1345	4.750000e-004	
1346	5.000000e-004	
1347	5.250000e-004	
1348	5.250000e-004	
1349	4.750000e-004	
1350	4.000000e-004	
1351	2.750000e-004	
1352	2.750000e-004	
1353	1.500000e-004	
1354	2.250000e-004	
1355	1.250000e-004	
1356	7.500000e-005	
1357	5.000000e-005	
1358	0	
1359	0	
1360	0	
1361	0	
1362	0	
1363	0	
1364	0	
1365	0	
1366	0	
1367	0	
1368	0	
1369	0	
1370	0	
1371	0	
1372	0	
1373	0	
1374	0	
1375	0	
1376	0	
1377	0	
1378	0	
1379	0	
1380	0	
1381	0	
1382	0	
1383	0	
1384	0	
1385	0	
1386	0	
1387	0	
1388	0	
1389	0	
1390	0	
1391	0	
1392	0	
1393	0	
1394	2.500000e-005	
1395	0	
1396	0	
1397	0	
1398	0	
1399	0	
1400	0	
1401	0	
1402	0	
1403	0	
1404	0	
1405	0	
1406	0	
1407	2.500000e-005	
1408	1.000000e-004	
1409	7.500000e-005	
1410	7.500000e-005	
1411	7.500000e-005	
1412	7.500000e-005	
1413	2.000000e-004	
1414	3.000000e-004	
1415	2.500000e-004	
1416	3.750000e-004	
1417	4.500000e-004	
1418	3.750000e-004	
1419	2.750000e-004	
1420	4.250000e-004	
1421	5.500000e-004	
1422	4.500000e-004	
1423	4.000000e-004	
1424	4.250000e-004	
1425	4.250000e-004	
1426	5.500000e-004	
1427	3.500000e-004	
1428	3.500000e-004	
1429	3.750000e-004	
1430	4.000000e-004	
1431	2.500000e-004	
1432	2.500000e-004	
1433	2.250000e-004	
1434	2.500000e-004	
1435	2.000000e-004	
1436	1.000000e-004	
1437	1.000000e-004	
1438	1.750000e-004	
1439	1.750000e-004	
1440	2.000000e-004	
1441	1.000000e-004	
1442	1.500000e-004	
1443	1.750000e-004	
1444	2.500000e-004	
1445	2.500000e-004	
1446	2.250000e-004	
1447	3.750000e-004	
1448	2.750000e-004	
1449	2.750000e-004	
1450	2.000000e-004	
1451	2.500000e-004	
1452	2.750000e-004	
1453	1.500000e-004	
1454	2.500000e-004	
1455	1.250000e-004	
1456	1.000000e-004	
1457	7.500000e-005	
1458	7.500000e-005	
1459	2.500000e-005	
1460	5.000000e-005	
1461	1.500000e-004	
1462	1.750000e-004	
1463	3.000000e-004	
1464	3.500000e-004	
1465	2.500000e-004	
1466	2.000000e-004	
1467	3.500000e-004	
1468	2.250000e-004	
1469	3.000000e-004	
1470	2.500000e-004	
1471	3.250000e-004	
1472	3.500000e-004	
1473	5.000000e-004	
1474	2.750000e-004	
1475	2.000000e-004	
1476	2.000000e-004	
1477	2.000000e-004	
1478	2.750000e-004	
1479	4.000000e-004	
1480	2.750000e-004	
1481	2.750000e-004	
1482	1.500000e-004	
1483	1.250000e-004	
1484	1.500000e-004	
1485	1.750000e-004	
1486	2.000000e-004	
1487	1.250000e-004	
1488	1.250000e-004	
1489	1.500000e-004	
1490	2.000000e-004	
1491	1.250000e-004	
1492	2.250000e-004	
1493	3.000000e-004	
1494	2.500000e-004	
1495	2.250000e-004	
1496	1.500000e-004	
1497	1.000000e-004	
1498	1.000000e-004	
1499	1.750000e-004	
1500	1.000000e-004	
1501	2.500000e-005	
1502	2.500000e-005	
1503	7.500000e-005	
1504	2.000000e-004	
1505	1.750000e-004	
1506	2.500000e-004	
1507	2.000000e-004	
1508	1.750000e-004	
1509	1.250000e-004	
1510	2.500000e-004	
1511	3.250000e-004	
1512	1.500000e-004	
1513	2.000000e-004	
1514	3.000000e-004	
1515	3.250000e-004	
1516	4.250000e-004	
1517	7.000000e-004	
1518	7.250000e-004	
1519	8.500000e-004	
1520	8.000000e-004	
1521	6.250000e-004	
1522	6.500000e-004	
1523	6.000000e-004	
1524	7.000000e-004	
1525	6.750000e-004	
1526	6.000000e-004	
1527	5.250000e-004	
1528	6.500000e-004	
1529	5.500000e-004	
1530	4.500000e-004	
1531	6.250000e-004	
1532	6.750000e-004	
1533	6.750000e-004	
1534	7.750000e-004	
1535	7.500000e-004	
1536	7.250000e-004	
1537	6.000000e-004	
1538	4.750000e-004	
1539	5.750000e-004	
1540	6.000000e-004	
1541	4.000000e-004	
1542	4.750000e-004	
1543	4.250000e-004	
1544	6.500000e-004	
1545	6.000000e-004	
1546	3.750000e-004	
1547	4.750000e-004	
1548	3.500000e-004	
1549	2.000000e-004	
1550	3.000000e-004	
1551	3.500000e-004	
1552	4.000000e-004	
1553	4.500000e-004	
1554	4.750000e-004	
1555	6.250000e-004	
1556	8.250000e-004	
1557	6.750000e-004	
1558	7.000000e-004	
1559	5.500000e-004	
1560	6.250000e-004	
1561	6.250000e-004	
1562	7.000000e-004	
1563	6.500000e-004	
1564	4.500000e-004	
1565	5.750000e-004	
1566	7.000000e-004	
1567	6.750000e-004	
1568	6.000000e-004	
1569	5.500000e-004	
1570	4.250000e-004	
1571	3.250000e-004	
1572	4.500000e-004	
1573	2.750000e-004	
1574	2.500000e-004	
1575	4.500000e-004	
1576	4.500000e-004	
1577	4.250000e-004	
1578	5.250000e-004	
1579	4.750000e-004	
1580	4.750000e-004	
1581	4.250000e-004	
1582	4.000000e-004	
1583	4.500000e-004	
1584	4.500000e-004	
1585	4.000000e-004	
1586	3.500000e-004	
1587	2.500000e-004	
1588	3.250000e-004	
1589	2.750000e-004	
1590	2.500000e-004	
1591	1.750000e-004	
1592	3.750000e-004	
1593	4.250000e-004	
1594	3.000000e-004	
1595	3.750000e-004	
1596	3.250000e-004	
1597	3.250000e-004	
1598	2.500000e-004	
1599	2.750000e-004	
1600	1.250000e-004	
1601	1.750000e-004	
1602	1.500000e-004	
1603	1.250000e-004	
1604	7.500000e-005	
1605	1.250000e-004	
1606	1.250000e-004	
1607	1.500000e-004	
1608	1.500000e-004	
1609	2.250000e-004	
1610	1.750000e-004	
1611	1.750000e-004	
1612	2.500000e-004	
1613	3.250000e-004	
1614	4.000000e-004	
1615	4.250000e-004	
1616	5.250000e-004	
1617	3.000000e-004	
1618	5.250000e-004	
1619	5.750000e-004	
1620	6.250000e-004	
1621	7.500000e-004	
1622	7.500000e-004	
1623	8.250000e-004	
1624	9.000000e-004	
1625	9.250000e-004	
1626	9.250000e-004	
1627	9.250000e-004	
1628	7.250000e-004	
1629	9.500000e-004	
1630	9.750000e-004	
1631	1.200000e-003	
1632	1.000000e-003	
1633	1.025000e-003	
1634	8.500000e-004	
1635	9.000000e-004	
1636	6.750000e-004	
1637	7.000000e-004	
1638	8.000000e-004	
1639	8.750000e-004	
1640	7.500000e-004	
1641	1.025000e-003	
1642	1.125000e-003	
1643	1.200000e-003	
1644	1.125000e-003	
1645	1.125000e-003	
1646	1.200000e-003	
1647	1.275000e-003	
1648	1.075000e-003	
1649	9.250000e-004	
1650	1.025000e-003	
1651	1.200000e-003	
1652	1.100000e-003	
1653	1.275000e-003	
1654	1.450000e-003	
1655	1.125000e-003	
1656	1.400000e-003	
1657	1.750000e-003	
1658	2.100000e-003	
1659	2.000000e-003	
1660	1.900000e-003	
1661	2.000000e-003	
1662	2.125000e-003	
1663	2.350000e-003	
1664	2.075000e-003	
1665	2.375000e-003	
1666	2.425000e-003	
1667	1.900000e-003	
1668	1.900000e-003	
1669	2.025000e-003	
1670	1.700000e-003	
1671	1.600000e-003	
1672	1.600000e-003	
1673	1.900000e-003	
1674	1.625000e-003	
1675	1.725000e-003	
1676	1.800000e-003	
1677	1.775000e-003	
1678	1.625000e-003	
1679	1.450000e-003	
1680	1.525000e-003	
1681	1.450000e-003	
1682	1.375000e-003	
1683	1.600000e-003	
1684	1.425000e-003	
1685	1.475000e-003	
1686	1.550000e-003	
1687	1.375000e-003	
1688	1.400000e-003	
1689	1.600000e-003	
1690	1.550000e-003	
1691	1.250000e-003	
1692	1.225000e-003	
1693	1.300000e-003	
1694	1.325000e-003	
1695	1.475000e-003	
1696	1.725000e-003	
1697	1.675000e-003	
1698	1.825000e-003	
1699	1.675000e-003	
1700	2.075000e-003	
1701	1.875000e-003	
1702	1.650000e-003	
1703	1.700000e-003	
1704	1.875000e-003	
1705	1.575000e-003	
1706	1.725000e-003	
1707	1.900000e-003	
1708	1.975000e-003	
1709	2.050000e-003	
1710	1.900000e-003	
1711	1.800000e-003	
1712	1.900000e-003	
1713	1.900000e-003	
1714	2.025000e-003	
1715	2.000000e-003	
1716	2.025000e-003	
1717	2.100000e-003	
1718	2.650000e-003	
1719	2.475000e-003	
1720	2.350000e-003	
1721	2.725000e-003	
1722	2.550000e-003	
1723	2.625000e-003	
1724	2.525000e-003	
1725	2.375000e-003	
1726	2.375000e-003	
1727	1.850000e-003	
1728	2.300000e-003	
1729	2.525000e-003	
1730	2.050000e-003	
1731	1.925000e-003	
1732	1.600000e-003	
1733	1.575000e-003	
1734	1.700000e-003	
1735	1.325000e-003	
1736	1.150000e-003	
1737	1.050000e-003	
1738	1.075000e-003	
1739	1.200000e-003	
1740	1.525000e-003	
1741	1.500000e-003	
1742	1.700000e-003	
1743	2.050000e-003	
1744	1.500000e-003	
1745	1.575000e-003	
1746	1.600000e-003	
1747	1.525000e-003	
1748	1.100000e-003	
1749	1.025000e-003	
1750	1.425000e-003	
1751	1.600000e-003	
1752	1.225000e-003	
1753	1.100000e-003	
1754	1.350000e-003	
1755	1.150000e-003	
1756	1.075000e-003	
1757	1.050000e-003	
1758	1.000000e-003	
1759	8.250000e-004	
1760	8.000000e-004	
1761	7.000000e-004	
1762	5.250000e-004	
1763	5.000000e-004	
1764	4.750000e-004	
1765	7.000000e-004	
1766	7.250000e-004	
1767	9.000000e-004	
1768	7.750000e-004	
1769	7.000000e-004	
1770	7.750000e-004	
1771	6.500000e-004	
1772	5.500000e-004	
1773	6.000000e-004	
1774	5.000000e-004	
1775	3.250000e-004	
1776	5.000000e-004	
1777	5.000000e-004	
1778	5.250000e-004	
1779	5.250000e-004	
1780	7.250000e-004	
1781	6.500000e-004	
1782	6.750000e-004	
1783	6.500000e-004	
1784	9.000000e-004	
1785	8.500000e-004	
1786	8.250000e-004	
1787	7.750000e-004	
1788	7.250000e-004	
1789	6.250000e-004	
1790	6.000000e-004	
1791	5.750000e-004	
1792	6.250000e-004	
1793	7.750000e-004	
1794	7.500000e-004	
1795	5.250000e-004	
1796	6.250000e-004	
1797	6.500000e-004	
1798	5.750000e-004	
1799	6.500000e-004	
1800	5.500000e-004	
1801	5.250000e-004	
1802	3.750000e-004	
1803	4.750000e-004	
1804	5.250000e-004	
1805	3.750000e-004	
1806	5.250000e-004	
1807	5.250000e-004	
1808	3.250000e-004	
1809	4.250000e-004	
1810	4.750000e-004	
1811	3.250000e-004	
1812	3.500000e-004	
1813	3.250000e-004	
1814	4.000000e-004	
1815	5.250000e-004	
1816	6.500000e-004	
1817	7.750000e-004	
1818	8.750000e-004	
1819	8.000000e-004	
1820	7.500000e-004	
1821	5.000000e-004	
1822	8.250000e-004	
1823	9.750000e-004	
1824	8.750000e-004	
1825	1.000000e-003	
1826	9.000000e-004	
1827	9.000000e-004	
1828	7.500000e-004	
1829	9.500000e-004	
1830	6.000000e-004	
1831	4.000000e-004	
1832	3.500000e-004	
1833	4.250000e-004	
1834	4.500000e-004	
1835	5.250000e-004	
1836	6.250000e-004	
1837	6.500000e-004	
1838	4.500000e-004	
1839	6.250000e-004	
1840	6.500000e-004	
1841	8.750000e-004	
1842	6.750000e-004	
1843	5.750000e-004	
1844	5.750000e-004	
1845	7.250000e-004	
1846	5.750000e-004	
1847	3.250000e-004	
1848	3.000000e-004	
1849	2.500000e-004	
1850	2.750000e-004	
1851	3.500000e-004	
1852	3.000000e-004	
1853	5.250000e-004	
1854	6.250000e-004	
1855	7.000000e-004	
1856	8.000000e-004	
1857	7.500000e-004	
1858	9.000000e-004	
1859	6.750000e-004	
1860	5.750000e-004	
1861	6.250000e-004	
1862	6.750000e-004	
1863	8.000000e-004	
1864	9.750000e-004	
1865	1.250000e-003	
1866	1.225000e-003	
1867	1.075000e-003	
1868	9.500000e-004	
1869	1.275000e-003	
1870	1.475000e-003	
1871	1.775000e-003	
1872	1.800000e-003	
1873	1.675000e-003	
1874	1.850000e-003	
1875	1.675000e-003	
1876	1.350000e-003	
1877	1.400000e-003	
1878	1.200000e-003	
1879	1.350000e-003	
1880	1.425000e-003	
1881	1.175000e-003	
1882	1.000000e-003	
1883	6.000000e-004	
1884	6.250000e-004	
1885	6.500000e-004	
1886	8.500000e-004	
1887	7.000000e-004	
1888	8.250000e-004	
1889	8.500000e-004	
1890	5.500000e-004	
1891	5.250000e-004	
1892	6.000000e-004	
1893	7.250000e-004	
1894	8.000000e-004	
1895	7.250000e-004	
1896	5.000000e-004	
1897	5.500000e-004	
1898	6.250000e-004	
1899	6.250000e-004	
1900	5.000000e-004	
1901	5.000000e-004	
1902	4.500000e-004	
1903	4.750000e-004	
1904	4.000000e-004	
1905	5.000000e-004	
1906	4.500000e-004	
1907	3.500000e-004	
1908	2.250000e-004	
1909	2.500000e-004	
1910	1.750000e-004	
1911	1.500000e-004	
1912	1.000000e-004	
1913	7.500000e-005	
1914	0	
1915	0	
1916	0	
1917	2.500000e-005	
1918	2.500000e-005	
1919	2.500000e-005	
1920	0	
1921	0	
1922	0	
1923	0	
1924	0	
1925	0	
1926	0	
1927	0	
1928	0	
1929	0	
1930	0	
1931	0	
1932	0	
1933	0	
1934	2.500000e-005	
1935	0	
1936	0	
1937	0	
1938	0	
1939	0	
1940	0	
1941	0	
1942	0	
1943	0	
1944	0	
1945	0	
1946	0	
1947	0	
1948	0	
1949	0	
1950	0	
1951	0	
1952	0	
1953	0	
1954	0	
1955	0	
1956	0	
1957	0	
1958	0	
1959	0	
1960	0	
1961	0	
1962	0	
1963	0	
1964	0	
1965	0	
1966	0	
1967	0	
1968	0	
1969	0	
1970	0	
1971	0	
1972	0	
1973	0	
1974	0	
1975	0	
1976	0	
1977	0	
1978	0	
1979	2.500000e-005	
1980	5.000000e-005	
1981	0	
1982	0	
1983	2.500000e-005	
1984	7.500000e-005	
1985	2.000000e-004	
1986	2.500000e-004	
1987	2.750000e-004	
1988	3.250000e-004	
1989	2.000000e-004	
1990	2.500000e-004	
1991	2.000000e-004	
1992	2.750000e-004	
1993	4.000000e-004	
1994	4.250000e-004	
1995	4.500000e-004	
1996	4.500000e-004	
1997	4.500000e-004	
1998	5.750000e-004	
1999	6.000000e-004	
2000	5.750000e-004	
2001	5.000000e-004	
2002	3.500000e-004	
2003	2.750000e-004	
2004	2.000000e-004	
2005	2.000000e-004	
2006	1.750000e-004	
2007	1.750000e-004	
2008	1.000000e-004	
2009	1.250000e-004	
2010	1.000000e-004	
2011	1.500000e-004	
2012	7.500000e-005	
2013	1.500000e-004	
2014	1.750000e-004	
2015	1.750000e-004	
2016	2.500000e-004	
2017	2.250000e-004	
2018	2.250000e-004	
2019	3.250000e-004	
2020	2.000000e-004	
2021	1.750000e-004	
2022	7.500000e-005	
2023	7.500000e-005	
2024	2.500000e-005	
2025	5.000000e-005	
2026	7.500000e-005	
2027	1.250000e-004	
2028	1.250000e-004	
2029	2.000000e-004	
2030	2.500000e-004	
2031	1.750000e-004	
2032	2.500000e-004	
2033	2.750000e-004	
2034	2.500000e-004	
2035	2.750000e-004	
2036	2.000000e-004	
2037	2.000000e-004	
2038	1.750000e-004	
2039	1.000000e-004	
2040	1.250000e-004	
2041	1.750000e-004	
2042	1.750000e-004	
2043	1.750000e-004	
2044	1.500000e-004	
2045	7.500000e-005	
2046	5.000000e-005	
2047	1.500000e-004	
2048	2.750000e-004	
2049	2.500000e-004	
2050	2.750000e-004	
2051	1.750000e-004	
2052	2.000000e-004	
2053	1.500000e-004	
2054	1.500000e-004	
2055	7.500000e-005	
2056	7.500000e-005	
2057	1.500000e-004	
2058	1.250000e-004	
2059	1.000000e-004	
2060	1.250000e-004	
2061	1.500000e-004	
2062	1.750000e-004	
2063	1.750000e-004	
2064	2.500000e-004	
2065	2.250000e-004	
2066	3.000000e-004	
2067	1.500000e-004	
2068	1.000000e-004	
2069	5.000000e-005	
2070	1.000000e-004	
2071	7.500000e-005	
2072	7.500000e-005	
2073	7.500000e-005	
2074	5.000000e-005	
2075	2.500000e-005	
2076	2.500000e-005	
2077	5.000000e-005	
2078	2.500000e-005	
2079	2.500000e-005	
2080	5.000000e-005	
2081	7.500000e-005	
2082	1.250000e-004	
2083	7.500000e-005	
2084	7.500000e-005	
2085	7.500000e-005	
2086	5.000000e-005	
2087	5.000000e-005	
2088	7.500000e-005	
2089	5.000000e-005	
2090	1.000000e-004	
2091	2.500000e-005	
2092	7.500000e-005	
2093	5.000000e-005	
2094	5.000000e-005	
2095	7.500000e-005	
2096	1.000000e-004	
2097	1.000000e-004	
2098	1.250000e-004	
2099	2.000000e-004	
2100	2.750000e-004	
2101	2.250000e-004	
2102	3.500000e-004	
2103	3.500000e-004	
2104	1.750000e-004	
2105	2.000000e-004	
2106	2.500000e-004	
2107	2.500000e-004	
2108	3.500000e-004	
2109	3.500000e-004	
2110	3.750000e-004	
2111	3.500000e-004	
2112	5.000000e-004	
2113	4.250000e-004	
2114	3.000000e-004	
2115	1.750000e-004	
2116	1.250000e-004	
2117	1.000000e-004	
2118	1.500000e-004	
2119	2.500000e-004	
2120	2.500000e-004	
2121	3.250000e-004	
2122	3.750000e-004	
2123	4.250000e-004	
2124	3.750000e-004	
2125	3.000000e-004	
2126	3.250000e-004	
2127	2.000000e-004	
2128	2.750000e-004	
2129	2.250000e-004	
2130	2.500000e-004	
2131	1.500000e-004	
2132	1.000000e-004	
2133	1.000000e-004	
2134	1.500000e-004	
2135	3.500000e-004	
2136	3.500000e-004	
2137	4.750000e-004	
2138	5.250000e-004	
2139	7.750000e-004	
2140	9.000000e-004	
2141	8.250000e-004	
2142	6.750000e-004	
2143	7.750000e-004	
2144	9.500000e-004	
2145	1.000000e-003	
2146	8.250000e-004	
2147	9.750000e-004	
2148	1.050000e-003	
2149	1.075000e-003	
2150	1.275000e-003	
2151	1.825000e-003	
2152	1.750000e-003	
2153	1.475000e-003	
2154	1.550000e-003	
2155	1.125000e-003	
2156	1.050000e-003	
2157	8.750000e-004	
2158	9.250000e-004	
2159	6.750000e-004	
2160	8.750000e-004	
2161	9.750000e-004	
2162	1.150000e-003	
2163	1.250000e-003	
2164	1.250000e-003	
2165	1.325000e-003	
2166	1.125000e-003	
2167	9.500000e-004	
2168	1.150000e-003	
2169	9.750000e-004	
2170	1.050000e-003	
2171	1.225000e-003	
2172	1.275000e-003	
2173	9.000000e-004	
2174	7.250000e-004	
2175	7.750000e-004	
2176	6.500000e-004	
2177	8.000000e-004	
2178	8.750000e-004	
2179	1.125000e-003	
2180	9.000000e-004	
2181	1.000000e-003	
2182	1.000000e-003	
2183	8.000000e-004	
2184	9.250000e-004	
2185	1.075000e-003	
2186	1.150000e-003	
2187	1.200000e-003	
2188	1.350000e-003	
2189	1.425000e-003	
2190	1.700000e-003	
2191	1.800000e-003	
2192	1.875000e-003	
2193	1.950000e-003	
2194	2.025000e-003	
2195	2.050000e-003	
2196	2.200000e-003	
2197	1.825000e-003	
2198	1.700000e-003	
2199	1.875000e-003	
2200	1.675000e-003	
2201	1.800000e-003	
2202	1.850000e-003	
2203	1.975000e-003	
2204	1.450000e-003	
2205	1.625000e-003	
2206	1.500000e-003	
2207	1.750000e-003	
2208	1.900000e-003	
2209	1.625000e-003	
2210	1.725000e-003	
2211	1.725000e-003	
2212	1.700000e-003	
2213	1.775000e-003	
2214	1.575000e-003	
2215	1.325000e-003	
2216	1.400000e-003	
2217	1.600000e-003	
2218	1.650000e-003	
2219	1.600000e-003	
2220	1.575000e-003	
2221	1.550000e-003	
2222	1.625000e-003	
2223	1.725000e-003	
2224	1.475000e-003	
2225	1.475000e-003	
2226	1.375000e-003	
2227	1.325000e-003	
2228	1.175000e-003	
2229	9.750000e-004	
2230	1.000000e-003	
2231	1.375000e-003	
2232	1.300000e-003	
2233	1.300000e-003	
2234	1.200000e-003	
2235	1.150000e-003	
2236	9.000000e-004	
2237	9.500000e-004	
2238	9.750000e-004	
2239	9.750000e-004	
2240	1.175000e-003	
2241	1.150000e-003	
2242	1.175000e-003	
2243	1.375000e-003	
2244	1.500000e-003	
2245	1.625000e-003	
2246	1.775000e-003	
2247	1.750000e-003	
2248	1.525000e-003	
2249	1.575000e-003	
2250	1.450000e-003	
2251	1.500000e-003	
2252	1.450000e-003	
2253	1.625000e-003	
2254	1.625000e-003	
2255	1.775000e-003	
2256	1.675000e-003	
2257	1.575000e-003	
2258	1.800000e-003	
2259	1.950000e-003	
2260	2.375000e-003	
2261	2.350000e-003	
2262	2.850000e-003	
2263	2.975000e-003	
2264	2.725000e-003	
2265	2.525000e-003	
2266	2.600000e-003	
2267	2.600000e-003	
2268	2.625000e-003	
2269	3.150000e-003	
2270	3.025000e-003	
2271	3.400000e-003	
2272	3.725000e-003	
2273	3.575000e-003	
2274	3.650000e-003	
2275	3.200000e-003	
2276	3.475000e-003	
2277	3.775000e-003	
2278	4.125000e-003	
2279	3.950000e-003	
2280	3.925000e-003	
2281	3.625000e-003	
2282	3.200000e-003	
2283	2.950000e-003	
2284	2.650000e-003	
2285	2.825000e-003	
2286	2.900000e-003	
2287	2.775000e-003	
2288	2.650000e-003	
2289	2.550000e-003	
2290	2.850000e-003	
2291	2.925000e-003	
2292	3.050000e-003	
2293	2.925000e-003	
2294	2.350000e-003	
2295	2.425000e-003	
2296	2.550000e-003	
2297	2.325000e-003	
2298	2.350000e-003	
2299	2.275000e-003	
2300	2.050000e-003	
2301	2.100000e-003	
2302	2.000000e-003	
2303	2.325000e-003	
2304	1.775000e-003	
2305	1.625000e-003	
2306	1.425000e-003	
2307	1.675000e-003	
2308	1.500000e-003	
2309	1.450000e-003	
2310	1.525000e-003	
2311	1.350000e-003	
2312	1.000000e-003	
2313	9.250000e-004	
2314	9.000000e-004	
2315	9.500000e-004	
2316	1.050000e-003	
2317	1.075000e-003	
2318	1.150000e-003	
2319	1.175000e-003	
2320	1.375000e-003	
2321	1.400000e-003	
2322	1.150000e-003	
2323	1.200000e-003	
2324	1.250000e-003	
2325	1.600000e-003	
2326	1.225000e-003	
2327	1.050000e-003	
2328	9.500000e-004	
2329	1.025000e-003	
2330	8.500000e-004	
2331	6.000000e-004	
2332	4.750000e-004	
2333	4.000000e-004	
2334	3.750000e-004	
2335	3.250000e-004	
2336	2.500000e-004	
2337	1.750000e-004	
2338	1.500000e-004	
2339	2.000000e-004	
2340	1.500000e-004	
2341	1.500000e-004	
2342	1.500000e-004	
2343	1.500000e-004	
2344	1.750000e-004	
2345	7.500000e-005	
2346	1.000000e-004	
2347	1.000000e-004	
2348	1.000000e-004	
2349	1.750000e-004	
2350	1.750000e-004	
2351	1.250000e-004	
2352	1.500000e-004	
2353	1.750000e-004	
2354	1.500000e-004	
2355	1.750000e-004	
2356	1.500000e-004	
2357	1.250000e-004	
2358	5.000000e-005	
2359	7.500000e-005	
2360	7.500000e-005	
2361	2.500000e-005	
2362	0	
2363	0	
2364	0	
2365	0	
2366	0	
2367	0	
2368	0	
2369	0	
2370	0	
2371	2.500000e-005	
2372	0	
2373	0	
2374	0	
2375	0	
2376	0	
2377	0	
2378	0	
2379	2.500000e-005	
2380	2.500000e-005	
2381	0	
2382	0	
2383	0	
2384	0	
2385	0	
2386	0	
2387	0	
2388	2.500000e-005	
2389	7.500000e-005	
2390	1.500000e-004	
2391	1.750000e-004	
2392	1.750000e-004	
2393	2.250000e-004	
2394	2.000000e-004	
2395	2.750000e-004	
2396	2.500000e-004	
2397	1.500000e-004	
2398	1.750000e-004	
2399	1.250000e-004	
2400	1.250000e-004	
2401	2.250000e-004	
2402	1.250000e-004	
2403	1.250000e-004	
2404	1.250000e-004	
2405	5.000000e-005	
2406	2.500000e-005	
2407	2.500000e-005	
2408	0	
2409	0	
2410	0	
2411	0	
2412	2.500000e-005	
2413	2.500000e-005	
2414	0	
2415	0	
2416	0	
2417	0	
2418	0	
2419	0	
2420	0	
2421	0	
2422	0	
2423	0	
2424	0	
2425	0	
2426	0	
2427	0	
2428	0	
2429	0	
2430	0	
2431	0	
2432	0	
2433	0	
2434	0	
2435	0	
2436	0	
2437	0	
2438	2.500000e-005	
2439	5.000000e-005	
2440	7.500000e-005	
2441	7.500000e-005	
2442	0	
2443	0	
2444	0	
2445	2.500000e-005	
2446	0	
2447	0	
2448	0	
2449	0	
2450	0	
2451	0	
2452	2.500000e-005	
2453	5.000000e-005	
2454	1.000000e-004	
2455	7.500000e-005	
2456	5.000000e-005	
2457	5.000000e-005	
2458	0	
2459	0	
2460	2.500000e-005	
2461	7.500000e-005	
2462	1.000000e-004	
2463	1.500000e-004	
2464	1.500000e-004	
2465	1.500000e-004	
2466	1.250000e-004	
2467	1.000000e-004	
2468	1.500000e-004	
2469	1.750000e-004	
2470	1.250000e-004	
2471	1.250000e-004	
2472	1.750000e-004	
2473	2.000000e-004	
2474	1.750000e-004	
2475	2.000000e-004	
2476	2.000000e-004	
2477	2.500000e-004	
2478	2.750000e-004	
2479	2.250000e-004	
2480	2.000000e-004	
2481	2.000000e-004	
2482	2.250000e-004	
2483	2.000000e-004	
2484	1.500000e-004	
2485	2.250000e-004	
2486	2.500000e-004	
2487	3.000000e-004	
2488	2.250000e-004	
2489	2.250000e-004	
2490	2.250000e-004	
2491	2.750000e-004	
2492	5.000000e-004	
2493	4.250000e-004	
2494	4.250000e-004	
2495	4.750000e-004	
2496	2.750000e-004	
2497	3.500000e-004	
2498	2.750000e-004	
2499	2.500000e-004	
2500	4.250000e-004	
2501	3.000000e-004	
2502	4.750000e-004	
2503	3.750000e-004	
2504	4.500000e-004	
2505	5.750000e-004	
2506	5.250000e-004	
2507	7.750000e-004	
2508	7.250000e-004	
2509	6.250000e-004	
2510	4.500000e-004	
2511	3.750000e-004	
2512	2.500000e-004	
2513	1.750000e-004	
2514	1.500000e-004	
2515	1.750000e-004	
2516	1.750000e-004	
2517	2.000000e-004	
2518	1.750000e-004	
2519	1.750000e-004	
2520	2.500000e-004	
2521	2.250000e-004	
2522	2.500000e-004	
2523	2.250000e-004	
2524	1.250000e-004	
2525	1.500000e-004	
2526	1.000000e-004	
2527	1.000000e-004	
2528	1.250000e-004	
2529	1.250000e-004	
2530	5.000000e-005	
2531	7.500000e-005	
2532	2.500000e-005	
2533	0	
2534	0	
2535	0	
2536	0	
2537	0	
2538	0	
2539	0	
2540	0	
2541	0	
2542	0	
2543	0	
2544	0	
2545	0	
2546	2.500000e-005	
2547	1.000000e-004	
2548	1.000000e-004	
2549	1.000000e-004	
2550	2.000000e-004	
2551	7.500000e-005	
2552	7.500000e-005	
2553	5.000000e-005	
2554	1.000000e-004	
2555	1.000000e-004	
2556	2.000000e-004	
2557	2.250000e-004	
2558	3.000000e-004	
2559	2.250000e-004	
2560	3.500000e-004	
2561	5.000000e-004	
2562	4.000000e-004	
2563	3.250000e-004	
2564	2.500000e-004	
2565	3.000000e-004	
2566	5.500000e-004	
2567	3.500000e-004	
2568	4.250000e-004	
2569	4.000000e-004	
2570	3.750000e-004	
2571	4.000000e-004	
2572	4.000000e-004	
2573	3.250000e-004	
2574	4.250000e-004	
2575	5.500000e-004	
2576	4.500000e-004	
2577	3.500000e-004	
2578	2.750000e-004	
2579	3.000000e-004	
2580	4.000000e-004	
2581	4.250000e-004	
2582	3.250000e-004	
2583	2.750000e-004	
2584	2.500000e-004	
2585	3.500000e-004	
2586	3.500000e-004	
2587	4.250000e-004	
2588	3.500000e-004	
2589	5.000000e-004	
2590	7.250000e-004	
2591	7.750000e-004	
2592	6.500000e-004	
2593	5.750000e-004	
2594	6.250000e-004	
2595	9.000000e-004	
2596	7.250000e-004	
2597	7.500000e-004	
2598	6.000000e-004	
2599	8.500000e-004	
2600	9.000000e-004	
2601	1.025000e-003	
2602	9.750000e-004	
2603	1.300000e-003	
2604	1.425000e-003	
2605	1.550000e-003	
2606	1.700000e-003	
2607	1.400000e-003	
2608	1.475000e-003	
2609	1.325000e-003	
2610	1.575000e-003	
2611	1.850000e-003	
2612	1.575000e-003	
2613	1.825000e-003	
2614	1.500000e-003	
2615	1.450000e-003	
2616	1.450000e-003	
2617	1.325000e-003	
2618	1.500000e-003	
2619	1.375000e-003	
2620	1.175000e-003	
2621	1.125000e-003	
2622	1.200000e-003	
2623	1.475000e-003	
2624	1.450000e-003	
2625	1.525000e-003	
2626	1.500000e-003	
2627	1.350000e-003	
2628	1.125000e-003	
2629	1.150000e-003	
2630	1.550000e-003	
2631	1.350000e-003	
2632	1.350000e-003	
2633	1.225000e-003	
2634	1.225000e-003	
2635	1.275000e-003	
2636	1.350000e-003	
2637	1.400000e-003	
2638	1.325000e-003	
2639	1.275000e-003	
2640	1.425000e-003	
2641	1.350000e-003	
2642	1.350000e-003	
2643	1.375000e-003	
2644	1.500000e-003	
2645	1.525000e-003	
2646	1.500000e-003	
2647	1.625000e-003	
2648	1.375000e-003	
2649	1.500000e-003	
2650	1.400000e-003	
2651	1.225000e-003	
2652	1.350000e-003	
2653	1.475000e-003	
2654	1.100000e-003	
2655	1.025000e-003	
2656	1.125000e-003	
2657	9.500000e-004	
2658	1.000000e-003	
2659	9.500000e-004	
2660	8.500000e-004	
2661	9.250000e-004	
2662	9.250000e-004	
2663	8.750000e-004	
2664	7.500000e-004	
2665	7.250000e-004	
2666	1.000000e-003	
2667	9.000000e-004	
2668	9.000000e-004	
2669	9.250000e-004	
2670	9.500000e-004	
2671	9.000000e-004	
2672	9.000000e-004	
2673	1.100000e-003	
2674	1.150000e-003	
2675	1.300000e-003	
2676	1.225000e-003	
2677	1.375000e-003	
2678	1.425000e-003	
2679	1.825000e-003	
2680	1.800000e-003	
2681	1.425000e-003	
2682	1.450000e-003	
2683	1.425000e-003	
2684	1.225000e-003	
2685	8.750000e-004	
2686	7.500000e-004	
2687	9.000000e-004	
2688	9.500000e-004	
2689	8.250000e-004	
2690	7.500000e-004	
2691	8.750000e-004	
2692	1.000000e-003	
2693	7.500000e-004	
2694	8.250000e-004	
2695	1.025000e-003	
2696	1.025000e-003	
2697	1.025000e-003	
2698	9.500000e-004	
2699	1.025000e-003	
2700	1.225000e-003	
2701	1.300000e-003	
2702	1.425000e-003	
2703	1.125000e-003	
2704	1.025000e-003	
2705	9.750000e-004	
2706	1.175000e-003	
2707	1.225000e-003	
2708	1.150000e-003	
2709	1.250000e-003	
2710	1.300000e-003	
2711	7.500000e-004	
2712	9.250000e-004	
2713	9.000000e-004	
2714	1.125000e-003	
2715	1.075000e-003	
2716	1.100000e-003	
2717	8.250000e-004	
2718	8.250000e-004	
2719	8.750000e-004	
2720	8.750000e-004	
2721	9.500000e-004	
2722	9.500000e-004	
2723	8.250000e-004	
2724	9.250000e-004	
2725	9.750000e-004	
2726	8.000000e-004	
2727	7.750000e-004	
2728	9.000000e-004	
2729	7.750000e-004	
2730	7.000000e-004	
2731	7.000000e-004	
2732	5.750000e-004	
2733	6.000000e-004	
2734	6.250000e-004	
2735	7.250000e-004	
2736	6.000000e-004	
2737	5.250000e-004	
2738	5.000000e-004	
2739	5.750000e-004	
2740	6.750000e-004	
2741	6.250000e-004	
2742	5.500000e-004	
2743	6.250000e-004	
2744	6.500000e-004	
2745	7.500000e-004	
2746	7.750000e-004	
2747	9.000000e-004	
2748	1.000000e-003	
2749	8.750000e-004	
2750	9.500000e-004	
2751	8.500000e-004	
2752	8.500000e-004	
2753	1.075000e-003	
2754	1.250000e-003	
2755	1.450000e-003	
2756	1.275000e-003	
2757	1.450000e-003	
2758	1.325000e-003	
2759	1.225000e-003	
2760	1.150000e-003	
2761	9.500000e-004	
2762	7.750000e-004	
2763	8.750000e-004	
2764	1.125000e-003	
2765	1.200000e-003	
2766	1.400000e-003	
2767	1.525000e-003	
2768	1.500000e-003	
2769	1.525000e-003	
2770	1.625000e-003	
2771	1.400000e-003	
2772	1.675000e-003	
2773	1.350000e-003	
2774	1.500000e-003	
2775	1.500000e-003	
2776	1.475000e-003	
2777	1.200000e-003	
2778	1.350000e-003	
2779	1.350000e-003	
2780	1.150000e-003	
2781	1.325000e-003	
2782	1.650000e-003	
2783	1.575000e-003	
2784	1.500000e-003	
2785	1.225000e-003	
2786	1.375000e-003	
2787	1.475000e-003	
2788	1.525000e-003	
2789	1.400000e-003	
2790	1.225000e-003	
2791	1.100000e-003	
2792	1.000000e-003	
2793	9.000000e-004	
2794	1.150000e-003	
2795	1.075000e-003	
2796	1.175000e-003	
2797	1.075000e-003	
2798	1.050000e-003	
2799	1.050000e-003	
2800	9.000000e-004	
2801	1.100000e-003	
2802	1.200000e-003	
2803	1.225000e-003	
2804	1.450000e-003	
2805	1.425000e-003	
2806	1.300000e-003	
2807	1.250000e-003	
2808	1.100000e-003	
2809	1.000000e-003	
2810	8.000000e-004	
2811	6.750000e-004	
2812	5.750000e-004	
2813	3.500000e-004	
2814	3.250000e-004	
2815	4.000000e-004	
2816	4.000000e-004	
2817	3.500000e-004	
2818	1.500000e-004	
2819	1.000000e-004	
2820	5.000000e-005	
2821	0	
2822	0	
2823	0	
2824	0	
2825	0	
2826	0	
2827	0	
2828	0	
2829	0	
2830	2.500000e-005	
2831	7.500000e-005	
2832	5.000000e-005	
2833	1.250000e-004	
2834	2.250000e-004	
2835	3.500000e-004	
2836	3.500000e-004	
2837	3.250000e-004	
2838	2.750000e-004	
2839	2.500000e-004	
2840	3.250000e-004	
2841	3.000000e-004	
2842	3.500000e-004	
2843	4.250000e-004	
2844	3.750000e-004	
2845	3.000000e-004	
2846	2.250000e-004	
2847	1.750000e-004	
2848	1.750000e-004	
2849	1.000000e-004	
2850	1.500000e-004	
2851	3.000000e-004	
2852	2.000000e-004	
2853	2.750000e-004	
2854	4.000000e-004	
2855	4.500000e-004	
2856	3.750000e-004	
2857	3.000000e-004	
2858	4.000000e-004	
2859	4.500000e-004	
2860	5.000000e-004	
2861	5.000000e-004	
2862	4.500000e-004	
2863	4.750000e-004	
2864	4.750000e-004	
2865	4.500000e-004	
2866	5.500000e-004	
2867	4.750000e-004	
2868	5.250000e-004	
2869	7.750000e-004	
2870	8.000000e-004	
2871	8.000000e-004	
2872	5.250000e-004	
2873	5.250000e-004	
2874	4.250000e-004	
2875	4.750000e-004	
2876	4.250000e-004	
2877	5.000000e-004	
2878	4.250000e-004	
2879	4.500000e-004	
2880	5.750000e-004	
2881	5.500000e-004	
2882	7.250000e-004	
2883	9.750000e-004	
2884	1.000000e-003	
2885	9.750000e-004	
2886	8.750000e-004	
2887	6.750000e-004	
2888	5.750000e-004	
2889	6.250000e-004	
2890	7.500000e-004	
2891	5.250000e-004	
2892	3.750000e-004	
2893	4.250000e-004	
2894	3.250000e-004	
2895	3.500000e-004	
2896	2.000000e-004	
2897	2.750000e-004	
2898	3.000000e-004	
2899	3.750000e-004	
2900	4.000000e-004	
2901	3.750000e-004	
2902	2.500000e-004	
2903	2.250000e-004	
2904	3.500000e-004	
2905	4.500000e-004	
2906	4.250000e-004	
2907	4.500000e-004	
2908	3.000000e-004	
2909	2.250000e-004	
2910	7.500000e-005	
2911	5.000000e-005	
2912	5.000000e-005	
2913	1.500000e-004	
2914	1.250000e-004	
2915	1.000000e-004	
2916	7.500000e-005	
2917	1.250000e-004	
2918	1.750000e-004	
2919	2.250000e-004	
2920	3.000000e-004	
2921	3.250000e-004	
2922	3.250000e-004	
2923	4.250000e-004	
2924	4.250000e-004	
2925	4.500000e-004	
2926	5.500000e-004	
2927	3.250000e-004	
2928	3.500000e-004	
2929	3.500000e-004	
2930	4.750000e-004	
2931	3.500000e-004	
2932	3.250000e-004	
2933	3.250000e-004	
2934	4.750000e-004	
2935	6.500000e-004	
2936	7.000000e-004	
2937	9.250000e-004	
2938	8.750000e-004	
2939	8.250000e-004	
2940	7.750000e-004	
2941	6.750000e-004	
2942	8.250000e-004	
2943	9.000000e-004	
2944	7.000000e-004	
2945	9.000000e-004	
2946	8.500000e-004	
2947	7.750000e-004	
2948	1.050000e-003	
2949	1.125000e-003	
2950	1.075000e-003	
2951	1.050000e-003	
2952	1.050000e-003	
2953	1.350000e-003	
2954	1.725000e-003	
2955	1.575000e-003	
2956	1.625000e-003	
2957	1.775000e-003	
2958	1.850000e-003	
2959	1.850000e-003	
2960	1.725000e-003	
2961	1.700000e-003	
2962	2.050000e-003	
2963	1.950000e-003	
2964	2.175000e-003	
2965	1.875000e-003	
2966	2.075000e-003	
2967	2.025000e-003	
2968	1.800000e-003	
2969	1.475000e-003	
2970	1.175000e-003	
2971	8.000000e-004	
2972	9.750000e-004	
2973	1.025000e-003	
2974	1.050000e-003	
2975	1.150000e-003	
2976	1.100000e-003	
2977	1.250000e-003	
2978	1.150000e-003	
2979	8.250000e-004	
2980	9.500000e-004	
2981	9.000000e-004	
2982	1.000000e-003	
2983	8.250000e-004	
2984	7.500000e-004	
2985	6.750000e-004	
2986	8.000000e-004	
2987	7.750000e-004	
2988	6.750000e-004	
2989	9.250000e-004	
2990	1.050000e-003	
2991	1.025000e-003	
2992	1.075000e-003	
2993	9.250000e-004	
2994	9.500000e-004	
2995	9.750000e-004	
2996	1.075000e-003	
2997	1.100000e-003	
2998	1.025000e-003	
2999	9.750000e-004	
3000	8.750000e-004	
3001	1.025000e-003	
