1	0	
2	2.500000e-005	
3	5.000000e-005	
4	0	
5	0	
6	0	
7	0	
8	0	
9	0	
10	0	
11	0	
12	0	
13	0	
14	0	
15	0	
16	0	
17	0	
18	2.500000e-005	
19	1.250000e-004	
20	2.000000e-004	
21	1.750000e-004	
22	3.250000e-004	
23	3.000000e-004	
24	3.750000e-004	
25	4.750000e-004	
26	5.000000e-004	
27	6.500000e-004	
28	7.250000e-004	
29	1.025000e-003	
30	9.500000e-004	
31	1.125000e-003	
32	1.125000e-003	
33	9.750000e-004	
34	1.275000e-003	
35	1.425000e-003	
36	1.475000e-003	
37	1.650000e-003	
38	1.825000e-003	
39	1.875000e-003	
40	2.325000e-003	
41	2.325000e-003	
42	2.675000e-003	
43	2.575000e-003	
44	2.625000e-003	
45	2.600000e-003	
46	2.400000e-003	
47	2.525000e-003	
48	2.475000e-003	
49	3.125000e-003	
50	3.700000e-003	
51	3.500000e-003	
52	3.150000e-003	
53	3.150000e-003	
54	3.350000e-003	
55	3.325000e-003	
56	3.800000e-003	
57	4.125000e-003	
58	3.975000e-003	
59	3.850000e-003	
60	3.775000e-003	
61	3.950000e-003	
62	4.075000e-003	
63	4.375000e-003	
64	4.675000e-003	
65	5.700000e-003	
66	6.225000e-003	
67	5.850000e-003	
68	5.075000e-003	
69	5.050000e-003	
70	5.200000e-003	
71	5.275000e-003	
72	5.550000e-003	
73	5.200000e-003	
74	4.475000e-003	
75	4.750000e-003	
76	4.825000e-003	
77	4.750000e-003	
78	4.975000e-003	
79	5.275000e-003	
80	5.325000e-003	
81	4.500000e-003	
82	4.600000e-003	
83	4.825000e-003	
84	4.800000e-003	
85	5.350000e-003	
86	6.025000e-003	
87	6.000000e-003	
88	6.025000e-003	
89	6.200000e-003	
90	5.800000e-003	
91	5.300000e-003	
92	4.750000e-003	
93	4.400000e-003	
94	4.500000e-003	
95	4.425000e-003	
96	3.550000e-003	
97	3.375000e-003	
98	3.425000e-003	
99	3.850000e-003	
100	3.850000e-003	
101	3.650000e-003	
102	4.175000e-003	
103	3.700000e-003	
104	3.675000e-003	
105	3.575000e-003	
106	3.600000e-003	
107	4.025000e-003	
108	3.975000e-003	
109	4.175000e-003	
110	4.225000e-003	
111	4.200000e-003	
112	4.500000e-003	
113	4.850000e-003	
114	5.000000e-003	
115	4.375000e-003	
116	4.275000e-003	
117	4.300000e-003	
118	4.250000e-003	
119	4.100000e-003	
120	4.300000e-003	
121	4.325000e-003	
122	4.375000e-003	
123	4.200000e-003	
124	4.400000e-003	
125	4.450000e-003	
126	4.775000e-003	
127	4.600000e-003	
128	5.100000e-003	
129	5.075000e-003	
130	4.850000e-003	
131	5.125000e-003	
132	5.275000e-003	
133	4.850000e-003	
134	5.275000e-003	
135	5.225000e-003	
136	5.225000e-003	
137	5.825000e-003	
138	5.375000e-003	
139	5.950000e-003	
140	5.875000e-003	
141	5.825000e-003	
142	5.400000e-003	
143	4.750000e-003	
144	4.225000e-003	
145	3.575000e-003	
146	3.025000e-003	
147	3.000000e-003	
148	2.000000e-003	
149	2.175000e-003	
150	2.225000e-003	
151	1.850000e-003	
152	2.075000e-003	
153	1.700000e-003	
154	1.825000e-003	
155	1.825000e-003	
156	1.950000e-003	
157	2.300000e-003	
158	2.100000e-003	
159	1.600000e-003	
160	1.775000e-003	
161	1.700000e-003	
162	1.750000e-003	
163	1.350000e-003	
164	1.300000e-003	
165	1.500000e-003	
166	1.800000e-003	
167	1.750000e-003	
168	1.200000e-003	
169	1.300000e-003	
170	9.500000e-004	
171	4.750000e-004	
172	3.250000e-004	
173	2.500000e-004	
174	1.500000e-004	
175	7.500000e-005	
176	2.500000e-005	
177	0	
178	0	
179	0	
180	0	
181	0	
182	0	
183	0	
184	0	
185	0	
186	0	
187	0	
188	0	
189	0	
190	0	
191	0	
192	0	
193	0	
194	0	
195	0	
196	0	
197	0	
198	0	
199	0	
200	0	
201	0	
202	0	
203	0	
204	0	
205	0	
206	0	
207	0	
208	0	
209	0	
210	0	
211	0	
212	0	
213	0	
214	0	
215	0	
216	0	
217	0	
218	0	
219	0	
220	0	
221	0	
222	0	
223	0	
224	0	
225	0	
226	0	
227	0	
228	0	
229	0	
230	0	
231	0	
232	0	
233	0	
234	0	
235	0	
236	0	
237	0	
238	0	
239	0	
240	0	
241	0	
242	0	
243	0	
244	0	
245	0	
246	0	
247	0	
248	0	
249	0	
250	0	
251	0	
252	0	
253	0	
254	0	
255	0	
256	0	
257	0	
258	0	
259	0	
260	0	
261	0	
262	0	
263	0	
264	0	
265	0	
266	0	
267	0	
268	0	
269	0	
270	0	
271	0	
272	0	
273	0	
274	0	
275	0	
276	0	
277	0	
278	0	
279	0	
280	0	
281	0	
282	0	
283	0	
284	2.500000e-005	
285	5.000000e-005	
286	0	
287	0	
288	0	
289	0	
290	0	
291	2.500000e-005	
292	5.000000e-005	
293	5.000000e-005	
294	5.000000e-005	
295	5.000000e-005	
296	7.500000e-005	
297	2.500000e-005	
298	0	
299	0	
300	0	
301	0	
302	0	
303	0	
304	0	
305	0	
306	5.000000e-005	
307	2.500000e-005	
308	2.500000e-005	
309	5.000000e-005	
310	0	
311	0	
312	0	
313	2.500000e-005	
314	2.500000e-005	
315	2.500000e-005	
316	0	
317	0	
318	0	
319	0	
320	0	
321	0	
322	0	
323	0	
324	0	
325	0	
326	0	
327	0	
328	0	
329	0	
330	0	
331	0	
332	0	
333	0	
334	0	
335	0	
336	0	
337	0	
338	0	
339	0	
340	0	
341	0	
342	0	
343	0	
344	0	
345	0	
346	0	
347	0	
348	0	
349	0	
350	0	
351	0	
352	0	
353	0	
354	0	
355	0	
356	0	
357	2.500000e-005	
358	7.500000e-005	
359	2.500000e-005	
360	2.500000e-005	
361	2.500000e-005	
362	2.500000e-005	
363	2.500000e-005	
364	0	
365	0	
366	0	
367	0	
368	0	
369	0	
370	0	
371	2.500000e-005	
372	5.000000e-005	
373	2.500000e-005	
374	0	
375	0	
376	0	
377	0	
378	0	
379	0	
380	0	
381	0	
382	0	
383	0	
384	0	
385	0	
386	0	
387	0	
388	0	
389	0	
390	0	
391	0	
392	0	
393	0	
394	0	
395	0	
396	0	
397	0	
398	0	
399	0	
400	0	
401	0	
402	0	
403	0	
404	0	
405	0	
406	0	
407	0	
408	0	
409	0	
410	0	
411	0	
412	0	
413	0	
414	0	
415	0	
416	0	
417	0	
418	0	
419	0	
420	0	
421	0	
422	0	
423	0	
424	0	
425	0	
426	0	
427	2.500000e-005	
428	2.500000e-005	
429	0	
430	2.500000e-005	
431	2.500000e-005	
432	2.500000e-005	
433	5.000000e-005	
434	0	
435	0	
436	0	
437	0	
438	0	
439	0	
440	0	
441	0	
442	0	
443	0	
444	0	
445	0	
446	0	
447	0	
448	0	
449	0	
450	0	
451	0	
452	0	
453	0	
454	0	
455	0	
456	0	
457	0	
458	0	
459	0	
460	0	
461	0	
462	0	
463	2.500000e-005	
464	7.500000e-005	
465	2.500000e-005	
466	5.000000e-005	
467	2.500000e-005	
468	5.000000e-005	
469	2.500000e-005	
470	0	
471	0	
472	0	
473	0	
474	0	
475	0	
476	0	
477	0	
478	0	
479	0	
480	0	
481	0	
482	0	
483	0	
484	0	
485	0	
486	0	
487	0	
488	0	
489	0	
490	0	
491	0	
492	0	
493	0	
494	0	
495	0	
496	0	
497	0	
498	0	
499	2.500000e-005	
500	7.500000e-005	
501	1.000000e-004	
502	5.000000e-005	
503	2.500000e-005	
504	2.500000e-005	
505	5.000000e-005	
506	7.500000e-005	
507	5.000000e-005	
508	5.000000e-005	
509	5.000000e-005	
510	7.500000e-005	
511	1.000000e-004	
512	1.250000e-004	
513	1.250000e-004	
514	1.000000e-004	
515	1.500000e-004	
516	1.500000e-004	
517	1.250000e-004	
518	2.500000e-005	
519	0	
520	0	
521	0	
522	0	
523	0	
524	0	
525	0	
526	0	
527	0	
528	0	
529	0	
530	0	
531	0	
532	0	
533	0	
534	0	
535	0	
536	0	
537	0	
538	0	
539	0	
540	0	
541	0	
542	0	
543	0	
544	0	
545	2.500000e-005	
546	1.250000e-004	
547	1.000000e-004	
548	1.000000e-004	
549	1.000000e-004	
550	1.750000e-004	
551	1.500000e-004	
552	1.000000e-004	
553	7.500000e-005	
554	7.500000e-005	
555	7.500000e-005	
556	1.500000e-004	
557	1.000000e-004	
558	1.500000e-004	
559	1.500000e-004	
560	1.500000e-004	
561	1.250000e-004	
562	1.250000e-004	
563	1.500000e-004	
564	1.750000e-004	
565	2.750000e-004	
566	2.250000e-004	
567	3.250000e-004	
568	3.000000e-004	
569	2.250000e-004	
570	1.500000e-004	
571	3.000000e-004	
572	4.250000e-004	
573	4.750000e-004	
574	3.750000e-004	
575	3.250000e-004	
576	3.250000e-004	
577	4.750000e-004	
578	5.250000e-004	
579	6.250000e-004	
580	4.500000e-004	
581	3.250000e-004	
582	3.000000e-004	
583	5.500000e-004	
584	6.250000e-004	
585	6.500000e-004	
586	4.500000e-004	
587	5.000000e-004	
588	6.000000e-004	
589	5.250000e-004	
590	6.500000e-004	
591	4.250000e-004	
592	4.500000e-004	
593	3.750000e-004	
594	4.500000e-004	
595	3.250000e-004	
596	4.250000e-004	
597	4.000000e-004	
598	3.500000e-004	
599	6.500000e-004	
600	5.750000e-004	
601	6.500000e-004	
602	8.000000e-004	
603	9.500000e-004	
604	9.000000e-004	
605	8.750000e-004	
606	7.750000e-004	
607	7.500000e-004	
608	9.500000e-004	
609	9.500000e-004	
610	8.750000e-004	
611	1.025000e-003	
612	1.150000e-003	
613	1.175000e-003	
614	1.150000e-003	
615	9.250000e-004	
616	7.000000e-004	
617	5.750000e-004	
618	6.000000e-004	
619	1.000000e-003	
620	8.250000e-004	
621	7.750000e-004	
622	8.500000e-004	
623	7.250000e-004	
624	1.025000e-003	
625	1.000000e-003	
626	1.175000e-003	
627	1.275000e-003	
628	8.500000e-004	
629	1.025000e-003	
630	1.225000e-003	
631	9.500000e-004	
632	1.075000e-003	
633	8.500000e-004	
634	1.050000e-003	
635	8.250000e-004	
636	9.750000e-004	
637	1.350000e-003	
638	1.450000e-003	
639	1.350000e-003	
640	1.125000e-003	
641	1.025000e-003	
642	1.100000e-003	
643	1.300000e-003	
644	1.050000e-003	
645	9.500000e-004	
646	1.075000e-003	
647	1.125000e-003	
648	1.000000e-003	
649	1.050000e-003	
650	9.000000e-004	
651	1.325000e-003	
652	1.250000e-003	
653	1.100000e-003	
654	1.200000e-003	
655	1.450000e-003	
656	1.425000e-003	
657	1.450000e-003	
658	1.525000e-003	
659	1.375000e-003	
660	1.550000e-003	
661	1.825000e-003	
662	1.850000e-003	
663	1.725000e-003	
664	1.975000e-003	
665	2.175000e-003	
666	1.775000e-003	
667	1.825000e-003	
668	1.650000e-003	
669	1.600000e-003	
670	1.725000e-003	
671	1.800000e-003	
672	1.750000e-003	
673	1.875000e-003	
674	1.975000e-003	
675	1.975000e-003	
676	1.700000e-003	
677	2.175000e-003	
678	2.150000e-003	
679	2.175000e-003	
680	2.000000e-003	
681	2.050000e-003	
682	2.150000e-003	
683	2.025000e-003	
684	2.175000e-003	
685	2.325000e-003	
686	2.075000e-003	
687	1.725000e-003	
688	2.100000e-003	
689	2.525000e-003	
690	2.375000e-003	
691	2.575000e-003	
692	2.550000e-003	
693	2.550000e-003	
694	2.725000e-003	
695	2.800000e-003	
696	3.075000e-003	
697	3.150000e-003	
698	2.950000e-003	
699	2.500000e-003	
700	2.400000e-003	
701	2.550000e-003	
702	2.475000e-003	
703	2.500000e-003	
704	2.700000e-003	
705	3.050000e-003	
706	3.150000e-003	
707	3.450000e-003	
708	2.725000e-003	
709	2.875000e-003	
710	2.725000e-003	
711	3.050000e-003	
712	3.250000e-003	
713	3.300000e-003	
714	2.775000e-003	
715	2.550000e-003	
716	2.875000e-003	
717	3.175000e-003	
718	3.175000e-003	
719	3.000000e-003	
720	2.925000e-003	
721	2.950000e-003	
722	3.275000e-003	
723	4.450000e-003	
724	4.150000e-003	
725	4.100000e-003	
726	4.250000e-003	
727	4.375000e-003	
728	3.950000e-003	
729	3.975000e-003	
730	4.750000e-003	
731	4.650000e-003	
732	4.350000e-003	
733	5.000000e-003	
734	5.200000e-003	
735	4.600000e-003	
736	4.800000e-003	
737	5.275000e-003	
738	4.900000e-003	
739	4.350000e-003	
740	4.875000e-003	
741	4.650000e-003	
742	4.975000e-003	
743	4.450000e-003	
744	4.300000e-003	
745	4.225000e-003	
746	4.800000e-003	
747	4.575000e-003	
748	4.350000e-003	
749	4.250000e-003	
750	4.475000e-003	
751	4.800000e-003	
752	4.925000e-003	
753	4.600000e-003	
754	3.700000e-003	
755	2.900000e-003	
756	2.450000e-003	
757	2.475000e-003	
758	2.100000e-003	
759	2.100000e-003	
760	1.825000e-003	
761	1.750000e-003	
762	1.650000e-003	
763	1.675000e-003	
764	1.950000e-003	
765	2.100000e-003	
766	1.875000e-003	
767	1.850000e-003	
768	1.500000e-003	
769	1.825000e-003	
770	1.700000e-003	
771	1.600000e-003	
772	1.350000e-003	
773	1.275000e-003	
774	1.150000e-003	
775	1.300000e-003	
776	8.500000e-004	
777	8.250000e-004	
778	8.750000e-004	
779	8.500000e-004	
780	9.250000e-004	
781	8.250000e-004	
782	8.000000e-004	
783	7.750000e-004	
784	6.250000e-004	
785	4.250000e-004	
786	4.250000e-004	
787	5.500000e-004	
788	2.750000e-004	
789	1.500000e-004	
790	1.000000e-004	
791	0	
792	0	
793	0	
794	0	
795	0	
796	2.500000e-005	
797	5.000000e-005	
798	1.250000e-004	
799	5.000000e-005	
800	5.000000e-005	
801	7.500000e-005	
802	1.250000e-004	
803	1.000000e-004	
804	1.000000e-004	
805	1.500000e-004	
806	1.500000e-004	
807	2.500000e-005	
808	2.500000e-005	
809	0	
810	0	
811	0	
812	0	
813	0	
814	0	
815	0	
816	0	
817	0	
818	0	
819	0	
820	0	
821	0	
822	0	
823	2.500000e-005	
824	0	
825	0	
826	0	
827	0	
828	0	
829	0	
830	0	
831	0	
832	0	
833	0	
834	0	
835	0	
836	0	
837	0	
838	0	
839	0	
840	2.500000e-005	
841	0	
842	0	
843	0	
844	0	
845	0	
846	0	
847	0	
848	0	
849	0	
850	0	
851	0	
852	0	
853	0	
854	0	
855	0	
856	0	
857	0	
858	0	
859	0	
860	0	
861	0	
862	0	
863	0	
864	0	
865	0	
866	0	
867	0	
868	0	
869	0	
870	0	
871	0	
872	0	
873	0	
874	0	
875	0	
876	0	
877	0	
878	0	
879	2.500000e-005	
880	5.000000e-005	
881	5.000000e-005	
882	7.500000e-005	
883	1.250000e-004	
884	1.750000e-004	
885	2.000000e-004	
886	1.750000e-004	
887	1.000000e-004	
888	1.000000e-004	
889	2.500000e-005	
890	2.500000e-005	
891	5.000000e-005	
892	1.500000e-004	
893	7.500000e-005	
894	1.000000e-004	
895	0	
896	0	
897	0	
898	0	
899	0	
900	0	
901	0	
902	0	
903	0	
904	0	
905	0	
906	0	
907	0	
908	2.500000e-005	
909	2.500000e-005	
910	0	
911	0	
912	0	
913	0	
914	0	
915	0	
916	0	
917	0	
918	0	
919	0	
920	0	
921	0	
922	0	
923	0	
924	0	
925	0	
926	0	
927	0	
928	0	
929	0	
930	0	
931	0	
932	2.500000e-005	
933	5.000000e-005	
934	5.000000e-005	
935	0	
936	0	
937	0	
938	0	
939	0	
940	0	
941	0	
942	0	
943	0	
944	0	
945	0	
946	0	
947	0	
948	0	
949	0	
950	0	
951	0	
952	0	
953	0	
954	0	
955	0	
956	0	
957	0	
958	2.500000e-005	
959	5.000000e-005	
960	7.500000e-005	
961	1.000000e-004	
962	7.500000e-005	
963	5.000000e-005	
964	0	
965	0	
966	0	
967	0	
968	0	
969	0	
970	0	
971	0	
972	0	
973	0	
974	0	
975	0	
976	0	
977	0	
978	0	
979	2.500000e-005	
980	7.500000e-005	
981	7.500000e-005	
982	7.500000e-005	
983	7.500000e-005	
984	1.000000e-004	
985	1.000000e-004	
986	7.500000e-005	
987	2.500000e-005	
988	5.000000e-005	
989	5.000000e-005	
990	7.500000e-005	
991	1.750000e-004	
992	1.000000e-004	
993	7.500000e-005	
994	0	
995	0	
996	0	
997	0	
998	0	
999	0	
1000	0	
1001	0	
1002	0	
1003	0	
1004	0	
1005	0	
1006	0	
1007	0	
1008	0	
1009	0	
1010	0	
1011	0	
1012	0	
1013	0	
1014	0	
1015	0	
1016	0	
1017	2.500000e-005	
1018	1.000000e-004	
1019	1.250000e-004	
1020	1.250000e-004	
1021	1.500000e-004	
1022	1.750000e-004	
1023	1.250000e-004	
1024	1.750000e-004	
1025	3.250000e-004	
1026	3.500000e-004	
1027	4.250000e-004	
1028	4.000000e-004	
1029	2.250000e-004	
1030	2.000000e-004	
1031	2.250000e-004	
1032	2.000000e-004	
1033	1.250000e-004	
1034	1.000000e-004	
1035	1.000000e-004	
1036	1.000000e-004	
1037	2.250000e-004	
1038	1.750000e-004	
1039	1.000000e-004	
1040	7.500000e-005	
1041	1.000000e-004	
1042	1.500000e-004	
1043	1.250000e-004	
1044	1.000000e-004	
1045	1.500000e-004	
1046	1.500000e-004	
1047	2.500000e-004	
1048	2.000000e-004	
1049	1.250000e-004	
1050	1.250000e-004	
1051	2.000000e-004	
1052	1.000000e-004	
1053	1.000000e-004	
1054	1.500000e-004	
1055	1.250000e-004	
1056	1.250000e-004	
1057	1.500000e-004	
1058	1.250000e-004	
1059	2.000000e-004	
1060	2.500000e-004	
1061	2.500000e-004	
1062	1.250000e-004	
1063	1.250000e-004	
1064	2.000000e-004	
1065	2.000000e-004	
1066	2.000000e-004	
1067	1.750000e-004	
1068	2.000000e-004	
1069	2.000000e-004	
1070	2.000000e-004	
1071	3.250000e-004	
1072	3.000000e-004	
1073	4.000000e-004	
1074	3.250000e-004	
1075	3.000000e-004	
1076	3.750000e-004	
1077	4.000000e-004	
1078	4.000000e-004	
1079	4.750000e-004	
1080	5.250000e-004	
1081	4.500000e-004	
1082	3.750000e-004	
1083	4.750000e-004	
1084	6.000000e-004	
1085	7.250000e-004	
1086	7.750000e-004	
1087	6.500000e-004	
1088	6.250000e-004	
1089	6.250000e-004	
1090	6.250000e-004	
1091	6.250000e-004	
1092	7.000000e-004	
1093	5.000000e-004	
1094	7.750000e-004	
1095	7.250000e-004	
1096	5.750000e-004	
1097	5.750000e-004	
1098	6.000000e-004	
1099	6.500000e-004	
1100	4.500000e-004	
1101	6.250000e-004	
1102	5.500000e-004	
1103	4.250000e-004	
1104	4.250000e-004	
1105	4.000000e-004	
1106	4.250000e-004	
1107	5.000000e-004	
1108	5.000000e-004	
1109	4.750000e-004	
1110	5.500000e-004	
1111	4.500000e-004	
1112	5.500000e-004	
1113	6.250000e-004	
1114	8.250000e-004	
1115	8.500000e-004	
1116	9.500000e-004	
1117	9.000000e-004	
1118	7.750000e-004	
1119	7.250000e-004	
1120	7.000000e-004	
1121	6.250000e-004	
1122	6.250000e-004	
1123	7.000000e-004	
1124	5.500000e-004	
1125	5.250000e-004	
1126	4.750000e-004	
1127	6.500000e-004	
1128	6.500000e-004	
1129	4.500000e-004	
1130	4.000000e-004	
1131	4.000000e-004	
1132	3.750000e-004	
1133	4.250000e-004	
1134	3.750000e-004	
1135	3.250000e-004	
1136	3.250000e-004	
1137	4.250000e-004	
1138	4.000000e-004	
1139	2.000000e-004	
1140	3.750000e-004	
1141	4.250000e-004	
1142	4.000000e-004	
1143	3.500000e-004	
1144	2.250000e-004	
1145	2.750000e-004	
1146	1.500000e-004	
1147	7.500000e-005	
1148	1.750000e-004	
1149	1.500000e-004	
1150	3.000000e-004	
1151	2.750000e-004	
1152	2.000000e-004	
1153	2.000000e-004	
1154	2.250000e-004	
1155	2.250000e-004	
1156	2.500000e-004	
1157	3.500000e-004	
1158	2.500000e-004	
1159	3.500000e-004	
1160	3.250000e-004	
1161	3.000000e-004	
1162	4.250000e-004	
1163	4.750000e-004	
1164	3.000000e-004	
1165	3.750000e-004	
1166	5.250000e-004	
1167	6.250000e-004	
1168	5.250000e-004	
1169	3.500000e-004	
1170	2.750000e-004	
1171	5.000000e-004	
1172	7.000000e-004	
1173	8.500000e-004	
1174	9.750000e-004	
1175	1.050000e-003	
1176	9.750000e-004	
1177	9.500000e-004	
1178	1.150000e-003	
1179	1.050000e-003	
1180	1.100000e-003	
1181	9.750000e-004	
1182	1.050000e-003	
1183	1.100000e-003	
1184	9.250000e-004	
1185	8.750000e-004	
1186	6.750000e-004	
1187	5.000000e-004	
1188	4.500000e-004	
1189	4.750000e-004	
1190	6.000000e-004	
1191	6.250000e-004	
1192	7.000000e-004	
1193	7.250000e-004	
1194	5.250000e-004	
1195	4.750000e-004	
1196	4.500000e-004	
1197	6.250000e-004	
1198	6.750000e-004	
1199	7.250000e-004	
1200	8.500000e-004	
1201	7.750000e-004	
1202	7.500000e-004	
1203	7.750000e-004	
1204	8.000000e-004	
1205	8.750000e-004	
1206	1.000000e-003	
1207	9.000000e-004	
1208	7.500000e-004	
1209	8.500000e-004	
1210	1.075000e-003	
1211	9.500000e-004	
1212	9.500000e-004	
1213	1.175000e-003	
1214	1.050000e-003	
1215	9.750000e-004	
1216	1.100000e-003	
1217	1.100000e-003	
1218	1.125000e-003	
1219	1.225000e-003	
1220	1.375000e-003	
1221	1.300000e-003	
1222	1.275000e-003	
1223	1.150000e-003	
1224	1.025000e-003	
1225	1.200000e-003	
1226	8.500000e-004	
1227	8.000000e-004	
1228	8.000000e-004	
1229	1.000000e-003	
1230	9.250000e-004	
1231	9.000000e-004	
1232	1.125000e-003	
1233	1.325000e-003	
1234	1.400000e-003	
1235	1.175000e-003	
1236	1.225000e-003	
1237	1.300000e-003	
1238	1.275000e-003	
1239	1.325000e-003	
1240	1.175000e-003	
1241	1.050000e-003	
1242	1.350000e-003	
1243	1.500000e-003	
1244	1.425000e-003	
1245	1.475000e-003	
1246	1.500000e-003	
1247	1.175000e-003	
1248	1.025000e-003	
1249	8.750000e-004	
1250	1.025000e-003	
1251	1.100000e-003	
1252	1.075000e-003	
1253	1.425000e-003	
1254	1.350000e-003	
1255	1.575000e-003	
1256	1.800000e-003	
1257	1.375000e-003	
1258	1.400000e-003	
1259	1.325000e-003	
1260	1.650000e-003	
1261	2.025000e-003	
1262	2.125000e-003	
1263	1.700000e-003	
1264	1.175000e-003	
1265	1.300000e-003	
1266	1.525000e-003	
1267	1.475000e-003	
1268	1.350000e-003	
1269	1.550000e-003	
1270	1.675000e-003	
1271	1.750000e-003	
1272	1.700000e-003	
1273	1.775000e-003	
1274	2.100000e-003	
1275	2.250000e-003	
1276	2.000000e-003	
1277	1.725000e-003	
1278	1.550000e-003	
1279	1.600000e-003	
1280	1.600000e-003	
1281	1.725000e-003	
1282	1.825000e-003	
1283	1.975000e-003	
1284	2.125000e-003	
1285	1.825000e-003	
1286	1.675000e-003	
1287	1.750000e-003	
1288	1.725000e-003	
1289	1.725000e-003	
1290	1.900000e-003	
1291	1.750000e-003	
1292	2.100000e-003	
1293	2.075000e-003	
1294	2.250000e-003	
1295	3.175000e-003	
1296	2.875000e-003	
1297	2.825000e-003	
1298	2.800000e-003	
1299	2.750000e-003	
1300	2.650000e-003	
1301	2.275000e-003	
1302	2.200000e-003	
1303	1.925000e-003	
1304	1.850000e-003	
1305	1.750000e-003	
1306	1.700000e-003	
1307	1.975000e-003	
1308	1.850000e-003	
1309	1.800000e-003	
1310	1.550000e-003	
1311	1.525000e-003	
1312	1.625000e-003	
1313	1.650000e-003	
1314	2.125000e-003	
1315	2.200000e-003	
1316	2.100000e-003	
1317	2.125000e-003	
1318	1.975000e-003	
1319	1.825000e-003	
1320	2.000000e-003	
1321	2.200000e-003	
1322	2.200000e-003	
1323	2.500000e-003	
1324	2.600000e-003	
1325	2.500000e-003	
1326	2.675000e-003	
1327	2.550000e-003	
1328	2.425000e-003	
1329	2.575000e-003	
1330	2.400000e-003	
1331	2.450000e-003	
1332	2.375000e-003	
1333	2.400000e-003	
1334	2.325000e-003	
1335	2.250000e-003	
1336	2.200000e-003	
1337	2.500000e-003	
1338	2.600000e-003	
1339	2.325000e-003	
1340	2.625000e-003	
1341	2.900000e-003	
1342	2.725000e-003	
1343	3.175000e-003	
1344	3.200000e-003	
1345	3.350000e-003	
1346	3.000000e-003	
1347	2.925000e-003	
1348	3.350000e-003	
1349	3.300000e-003	
1350	3.100000e-003	
1351	3.050000e-003	
1352	2.925000e-003	
1353	2.600000e-003	
1354	2.425000e-003	
1355	2.525000e-003	
1356	2.800000e-003	
1357	2.500000e-003	
1358	2.675000e-003	
1359	2.600000e-003	
1360	2.575000e-003	
1361	2.150000e-003	
1362	2.325000e-003	
1363	1.900000e-003	
1364	2.025000e-003	
1365	1.975000e-003	
1366	1.875000e-003	
1367	1.275000e-003	
1368	1.300000e-003	
1369	1.375000e-003	
1370	1.450000e-003	
1371	1.775000e-003	
1372	1.450000e-003	
1373	1.425000e-003	
1374	1.150000e-003	
1375	1.400000e-003	
1376	1.225000e-003	
1377	1.125000e-003	
1378	8.500000e-004	
1379	8.000000e-004	
1380	7.750000e-004	
1381	8.500000e-004	
1382	1.100000e-003	
1383	1.000000e-003	
1384	8.750000e-004	
1385	5.500000e-004	
1386	5.500000e-004	
1387	6.000000e-004	
1388	6.500000e-004	
1389	6.250000e-004	
1390	4.750000e-004	
1391	6.500000e-004	
1392	4.750000e-004	
1393	5.250000e-004	
1394	5.750000e-004	
1395	4.750000e-004	
1396	4.750000e-004	
1397	3.250000e-004	
1398	3.250000e-004	
1399	2.750000e-004	
1400	1.250000e-004	
1401	1.250000e-004	
1402	7.500000e-005	
1403	2.500000e-005	
1404	0	
1405	0	
1406	0	
1407	0	
1408	0	
1409	0	
1410	0	
1411	0	
1412	0	
1413	0	
1414	0	
1415	0	
1416	0	
1417	0	
1418	0	
1419	0	
1420	0	
1421	0	
1422	0	
1423	0	
1424	0	
1425	0	
1426	0	
1427	0	
1428	0	
1429	0	
1430	0	
1431	0	
1432	0	
1433	0	
1434	0	
1435	0	
1436	0	
1437	0	
1438	0	
1439	0	
1440	0	
1441	0	
1442	0	
1443	0	
1444	0	
1445	0	
1446	0	
1447	0	
1448	0	
1449	0	
1450	0	
1451	0	
1452	0	
1453	0	
1454	0	
1455	0	
1456	0	
1457	0	
1458	0	
1459	0	
1460	0	
1461	0	
1462	0	
1463	0	
1464	0	
1465	0	
1466	0	
1467	0	
1468	0	
1469	0	
1470	0	
1471	0	
1472	0	
1473	0	
1474	0	
1475	0	
1476	0	
1477	0	
1478	0	
1479	0	
1480	0	
1481	0	
1482	0	
1483	0	
1484	0	
1485	0	
1486	0	
1487	0	
1488	0	
1489	0	
1490	0	
1491	0	
1492	0	
1493	0	
1494	0	
1495	0	
1496	0	
1497	0	
1498	0	
1499	0	
1500	0	
1501	0	
1502	0	
1503	0	
1504	0	
1505	0	
1506	0	
1507	0	
1508	0	
1509	0	
1510	0	
1511	0	
1512	0	
1513	0	
1514	0	
1515	0	
1516	0	
1517	0	
1518	0	
1519	0	
1520	0	
1521	0	
1522	0	
1523	0	
1524	0	
1525	0	
1526	0	
1527	0	
1528	0	
1529	0	
1530	0	
1531	0	
1532	0	
1533	0	
1534	0	
1535	0	
1536	0	
1537	0	
1538	0	
1539	0	
1540	0	
1541	0	
1542	0	
1543	0	
1544	0	
1545	0	
1546	0	
1547	0	
1548	0	
1549	0	
1550	0	
1551	0	
1552	0	
1553	0	
1554	0	
1555	0	
1556	0	
1557	0	
1558	0	
1559	0	
1560	0	
1561	0	
1562	0	
1563	0	
1564	0	
1565	0	
1566	0	
1567	0	
1568	0	
1569	0	
1570	0	
1571	0	
1572	0	
1573	0	
1574	0	
1575	0	
1576	0	
1577	0	
1578	0	
1579	0	
1580	0	
1581	0	
1582	0	
1583	0	
1584	0	
1585	0	
1586	2.500000e-005	
1587	2.500000e-005	
1588	2.500000e-005	
1589	2.500000e-005	
1590	5.000000e-005	
1591	7.500000e-005	
1592	1.750000e-004	
1593	2.000000e-004	
1594	2.250000e-004	
1595	1.750000e-004	
1596	5.000000e-005	
1597	7.500000e-005	
1598	7.500000e-005	
1599	1.000000e-004	
1600	1.750000e-004	
1601	2.500000e-004	
1602	1.750000e-004	
1603	1.750000e-004	
1604	2.250000e-004	
1605	2.250000e-004	
1606	2.500000e-004	
1607	1.750000e-004	
1608	1.750000e-004	
1609	7.500000e-005	
1610	7.500000e-005	
1611	1.000000e-004	
1612	5.000000e-005	
1613	7.500000e-005	
1614	2.500000e-005	
1615	2.500000e-005	
1616	2.500000e-005	
1617	5.000000e-005	
1618	5.000000e-005	
1619	0	
1620	0	
1621	0	
1622	0	
1623	0	
1624	0	
1625	0	
1626	0	
1627	0	
1628	0	
1629	0	
1630	0	
1631	0	
1632	0	
1633	0	
1634	0	
1635	0	
1636	0	
1637	2.500000e-005	
1638	2.500000e-005	
1639	5.000000e-005	
1640	7.500000e-005	
1641	5.000000e-005	
1642	7.500000e-005	
1643	1.000000e-004	
1644	1.750000e-004	
1645	2.250000e-004	
1646	2.250000e-004	
1647	2.000000e-004	
1648	1.500000e-004	
1649	1.250000e-004	
1650	1.250000e-004	
1651	1.500000e-004	
1652	1.750000e-004	
1653	1.500000e-004	
1654	1.000000e-004	
1655	2.500000e-004	
1656	2.750000e-004	
1657	2.500000e-004	
1658	2.250000e-004	
1659	1.000000e-004	
1660	7.500000e-005	
1661	1.000000e-004	
1662	7.500000e-005	
1663	1.250000e-004	
1664	1.250000e-004	
1665	1.250000e-004	
1666	5.000000e-005	
1667	0	
1668	0	
1669	0	
1670	0	
1671	0	
1672	0	
1673	0	
1674	0	
1675	0	
1676	0	
1677	0	
1678	0	
1679	0	
1680	0	
1681	0	
1682	2.500000e-005	
1683	1.000000e-004	
1684	1.000000e-004	
1685	7.500000e-005	
1686	2.500000e-005	
1687	5.000000e-005	
1688	5.000000e-005	
1689	7.500000e-005	
1690	1.000000e-004	
1691	1.500000e-004	
1692	1.750000e-004	
1693	2.000000e-004	
1694	2.750000e-004	
1695	4.250000e-004	
1696	5.500000e-004	
1697	3.500000e-004	
1698	4.250000e-004	
1699	4.250000e-004	
1700	6.500000e-004	
1701	7.250000e-004	
1702	8.250000e-004	
1703	5.750000e-004	
1704	7.000000e-004	
1705	6.750000e-004	
1706	7.250000e-004	
1707	7.000000e-004	
1708	7.500000e-004	
1709	8.500000e-004	
1710	1.000000e-003	
1711	8.250000e-004	
1712	6.750000e-004	
1713	6.000000e-004	
1714	6.500000e-004	
1715	8.500000e-004	
1716	9.250000e-004	
1717	8.750000e-004	
1718	9.500000e-004	
1719	9.750000e-004	
1720	9.750000e-004	
1721	9.500000e-004	
1722	9.000000e-004	
1723	1.075000e-003	
1724	8.750000e-004	
1725	8.000000e-004	
1726	9.000000e-004	
1727	9.750000e-004	
1728	9.000000e-004	
1729	7.750000e-004	
1730	9.750000e-004	
1731	1.000000e-003	
1732	8.750000e-004	
1733	9.250000e-004	
1734	1.025000e-003	
1735	1.025000e-003	
1736	9.750000e-004	
1737	1.000000e-003	
1738	8.250000e-004	
1739	5.750000e-004	
1740	8.000000e-004	
1741	8.000000e-004	
1742	7.250000e-004	
1743	9.750000e-004	
1744	1.000000e-003	
1745	9.750000e-004	
1746	1.250000e-003	
1747	1.425000e-003	
1748	1.350000e-003	
1749	1.100000e-003	
1750	1.275000e-003	
1751	1.325000e-003	
1752	1.425000e-003	
1753	1.425000e-003	
1754	1.300000e-003	
1755	1.350000e-003	
1756	1.325000e-003	
1757	1.400000e-003	
1758	1.600000e-003	
1759	1.625000e-003	
1760	1.650000e-003	
1761	1.775000e-003	
1762	1.675000e-003	
1763	1.875000e-003	
1764	2.450000e-003	
1765	2.325000e-003	
1766	2.300000e-003	
1767	2.175000e-003	
1768	2.200000e-003	
1769	2.150000e-003	
1770	1.975000e-003	
1771	2.125000e-003	
1772	2.025000e-003	
1773	2.225000e-003	
1774	2.425000e-003	
1775	2.600000e-003	
1776	2.225000e-003	
1777	2.025000e-003	
1778	2.175000e-003	
1779	2.725000e-003	
1780	2.600000e-003	
1781	2.475000e-003	
1782	2.575000e-003	
1783	2.825000e-003	
1784	2.800000e-003	
1785	2.850000e-003	
1786	2.525000e-003	
1787	2.675000e-003	
1788	2.975000e-003	
1789	2.650000e-003	
1790	2.275000e-003	
1791	2.550000e-003	
1792	2.775000e-003	
1793	2.800000e-003	
1794	2.950000e-003	
1795	2.600000e-003	
1796	2.425000e-003	
1797	2.350000e-003	
1798	2.700000e-003	
1799	2.600000e-003	
1800	2.250000e-003	
1801	2.175000e-003	
1802	2.025000e-003	
1803	1.900000e-003	
1804	2.075000e-003	
1805	2.600000e-003	
1806	2.475000e-003	
1807	2.600000e-003	
1808	2.625000e-003	
1809	2.500000e-003	
1810	2.350000e-003	
1811	2.950000e-003	
1812	2.650000e-003	
1813	2.775000e-003	
1814	2.350000e-003	
1815	2.575000e-003	
1816	2.625000e-003	
1817	2.325000e-003	
1818	2.500000e-003	
1819	2.300000e-003	
1820	2.875000e-003	
1821	2.725000e-003	
1822	2.825000e-003	
1823	3.425000e-003	
1824	2.600000e-003	
1825	2.650000e-003	
1826	2.925000e-003	
1827	2.750000e-003	
1828	3.100000e-003	
1829	2.525000e-003	
1830	2.625000e-003	
1831	2.525000e-003	
1832	2.325000e-003	
1833	2.250000e-003	
1834	2.225000e-003	
1835	2.300000e-003	
1836	2.700000e-003	
1837	2.550000e-003	
1838	2.175000e-003	
1839	2.200000e-003	
1840	1.675000e-003	
1841	1.575000e-003	
1842	1.775000e-003	
1843	1.950000e-003	
1844	1.825000e-003	
1845	1.950000e-003	
1846	2.125000e-003	
1847	2.125000e-003	
1848	2.000000e-003	
1849	2.100000e-003	
1850	2.400000e-003	
1851	2.050000e-003	
1852	2.450000e-003	
1853	2.750000e-003	
1854	2.650000e-003	
1855	2.275000e-003	
1856	1.925000e-003	
1857	1.950000e-003	
1858	2.025000e-003	
1859	2.150000e-003	
1860	2.050000e-003	
1861	2.250000e-003	
1862	2.200000e-003	
1863	2.250000e-003	
1864	1.925000e-003	
1865	1.500000e-003	
1866	1.900000e-003	
1867	1.825000e-003	
1868	1.475000e-003	
1869	1.200000e-003	
1870	1.050000e-003	
1871	6.500000e-004	
1872	6.250000e-004	
1873	6.500000e-004	
1874	8.500000e-004	
1875	7.500000e-004	
1876	6.750000e-004	
1877	7.250000e-004	
1878	7.250000e-004	
1879	6.250000e-004	
1880	5.250000e-004	
1881	4.750000e-004	
1882	5.000000e-004	
1883	5.250000e-004	
1884	6.750000e-004	
1885	5.500000e-004	
1886	3.500000e-004	
1887	3.500000e-004	
1888	6.750000e-004	
1889	8.000000e-004	
1890	8.250000e-004	
1891	8.000000e-004	
1892	6.750000e-004	
1893	7.000000e-004	
1894	7.000000e-004	
1895	5.750000e-004	
1896	6.500000e-004	
1897	5.500000e-004	
1898	5.500000e-004	
1899	6.000000e-004	
1900	4.750000e-004	
1901	5.750000e-004	
1902	3.750000e-004	
1903	2.500000e-004	
1904	2.000000e-004	
1905	1.500000e-004	
1906	2.000000e-004	
1907	2.250000e-004	
1908	2.250000e-004	
1909	3.000000e-004	
1910	1.750000e-004	
1911	1.500000e-004	
1912	1.500000e-004	
1913	1.500000e-004	
1914	5.000000e-005	
1915	2.500000e-005	
1916	5.000000e-005	
1917	2.500000e-005	
1918	2.500000e-005	
1919	2.500000e-005	
1920	1.000000e-004	
1921	7.500000e-005	
1922	5.000000e-005	
1923	1.250000e-004	
1924	1.250000e-004	
1925	1.500000e-004	
1926	7.500000e-005	
1927	2.000000e-004	
1928	1.250000e-004	
1929	1.250000e-004	
1930	1.500000e-004	
1931	2.000000e-004	
1932	2.500000e-004	
1933	1.750000e-004	
1934	1.500000e-004	
1935	1.000000e-004	
1936	1.000000e-004	
1937	1.500000e-004	
1938	1.000000e-004	
1939	0	
1940	0	
1941	0	
1942	0	
1943	0	
1944	0	
1945	0	
1946	0	
1947	0	
1948	0	
1949	0	
1950	0	
1951	0	
1952	0	
1953	0	
1954	0	
1955	0	
1956	0	
1957	0	
1958	0	
1959	0	
1960	0	
1961	0	
1962	0	
1963	0	
1964	0	
1965	0	
1966	0	
1967	0	
1968	0	
1969	0	
1970	0	
1971	0	
1972	0	
1973	0	
1974	0	
1975	0	
1976	0	
1977	0	
1978	0	
1979	0	
1980	0	
1981	0	
1982	0	
1983	0	
1984	0	
1985	0	
1986	0	
1987	0	
1988	0	
1989	0	
1990	0	
1991	0	
1992	0	
1993	0	
1994	0	
1995	0	
1996	0	
1997	0	
1998	0	
1999	0	
2000	0	
2001	0	
2002	0	
2003	0	
2004	0	
2005	0	
2006	0	
2007	0	
2008	0	
2009	0	
2010	0	
2011	0	
2012	0	
2013	0	
2014	0	
2015	0	
2016	0	
2017	0	
2018	0	
2019	2.500000e-005	
2020	7.500000e-005	
2021	1.000000e-004	
2022	2.500000e-005	
2023	2.500000e-005	
2024	5.000000e-005	
2025	7.500000e-005	
2026	7.500000e-005	
2027	1.000000e-004	
2028	1.000000e-004	
2029	2.000000e-004	
2030	1.750000e-004	
2031	1.000000e-004	
2032	5.000000e-005	
2033	5.000000e-005	
2034	7.500000e-005	
2035	2.500000e-005	
2036	7.500000e-005	
2037	1.250000e-004	
2038	1.250000e-004	
2039	2.000000e-004	
2040	2.000000e-004	
2041	1.250000e-004	
2042	7.500000e-005	
2043	1.750000e-004	
2044	1.500000e-004	
2045	1.000000e-004	
2046	7.500000e-005	
2047	5.000000e-005	
2048	2.500000e-005	
2049	2.500000e-005	
2050	0	
2051	0	
2052	0	
2053	0	
2054	0	
2055	0	
2056	2.500000e-005	
2057	5.000000e-005	
2058	0	
2059	0	
2060	0	
2061	0	
2062	0	
2063	0	
2064	0	
2065	0	
2066	0	
2067	0	
2068	0	
2069	0	
2070	0	
2071	2.500000e-005	
2072	0	
2073	0	
2074	0	
2075	2.500000e-005	
2076	0	
2077	0	
2078	0	
2079	0	
2080	0	
2081	0	
2082	0	
2083	0	
2084	0	
2085	0	
2086	0	
2087	0	
2088	0	
2089	0	
2090	0	
2091	0	
2092	0	
2093	0	
2094	0	
2095	0	
2096	0	
2097	0	
2098	0	
2099	0	
2100	0	
2101	0	
2102	0	
2103	0	
2104	2.500000e-005	
2105	0	
2106	0	
2107	0	
2108	0	
2109	0	
2110	0	
2111	0	
2112	0	
2113	0	
2114	2.500000e-005	
2115	1.500000e-004	
2116	1.750000e-004	
2117	1.750000e-004	
2118	2.250000e-004	
2119	2.250000e-004	
2120	1.500000e-004	
2121	1.250000e-004	
2122	1.750000e-004	
2123	1.750000e-004	
2124	2.000000e-004	
2125	3.000000e-004	
2126	2.750000e-004	
2127	1.500000e-004	
2128	1.250000e-004	
2129	1.500000e-004	
2130	2.500000e-004	
2131	1.750000e-004	
2132	1.750000e-004	
2133	1.500000e-004	
2134	0	
2135	0	
2136	0	
2137	0	
2138	0	
2139	0	
2140	0	
2141	0	
2142	0	
2143	0	
2144	0	
2145	0	
2146	0	
2147	0	
2148	0	
2149	0	
2150	0	
2151	0	
2152	0	
2153	0	
2154	0	
2155	0	
2156	2.500000e-005	
2157	2.500000e-005	
2158	5.000000e-005	
2159	1.000000e-004	
2160	1.500000e-004	
2161	1.750000e-004	
2162	5.000000e-005	
2163	5.000000e-005	
2164	5.000000e-005	
2165	5.000000e-005	
2166	1.500000e-004	
2167	1.750000e-004	
2168	1.500000e-004	
2169	2.250000e-004	
2170	4.000000e-004	
2171	6.000000e-004	
2172	1.175000e-003	
2173	1.200000e-003	
2174	1.225000e-003	
2175	1.525000e-003	
2176	1.400000e-003	
2177	1.550000e-003	
2178	1.625000e-003	
2179	1.650000e-003	
2180	1.550000e-003	
2181	1.775000e-003	
2182	1.700000e-003	
2183	1.675000e-003	
2184	1.550000e-003	
2185	1.475000e-003	
2186	1.725000e-003	
2187	1.975000e-003	
2188	2.125000e-003	
2189	2.400000e-003	
2190	2.475000e-003	
2191	2.325000e-003	
2192	2.200000e-003	
2193	2.000000e-003	
2194	2.000000e-003	
2195	1.800000e-003	
2196	1.950000e-003	
2197	1.700000e-003	
2198	1.800000e-003	
2199	2.125000e-003	
2200	2.025000e-003	
2201	1.700000e-003	
2202	1.625000e-003	
2203	1.675000e-003	
2204	1.750000e-003	
2205	1.900000e-003	
2206	1.800000e-003	
2207	1.850000e-003	
2208	1.825000e-003	
2209	1.450000e-003	
2210	1.425000e-003	
2211	1.175000e-003	
2212	1.275000e-003	
2213	1.325000e-003	
2214	1.150000e-003	
2215	1.150000e-003	
2216	1.400000e-003	
2217	1.250000e-003	
2218	1.150000e-003	
2219	1.250000e-003	
2220	1.025000e-003	
2221	8.250000e-004	
2222	9.750000e-004	
2223	9.250000e-004	
2224	1.025000e-003	
2225	9.250000e-004	
2226	7.500000e-004	
2227	7.750000e-004	
2228	9.500000e-004	
2229	6.000000e-004	
2230	5.250000e-004	
2231	4.250000e-004	
2232	3.000000e-004	
2233	4.250000e-004	
2234	5.250000e-004	
2235	4.500000e-004	
2236	3.250000e-004	
2237	3.000000e-004	
2238	4.750000e-004	
2239	4.750000e-004	
2240	5.000000e-004	
2241	5.500000e-004	
2242	4.000000e-004	
2243	2.000000e-004	
2244	2.000000e-004	
2245	1.250000e-004	
2246	1.250000e-004	
2247	1.750000e-004	
2248	2.500000e-004	
2249	1.500000e-004	
2250	1.250000e-004	
2251	1.750000e-004	
2252	1.500000e-004	
2253	2.250000e-004	
2254	1.250000e-004	
2255	1.500000e-004	
2256	1.000000e-004	
2257	1.750000e-004	
2258	2.500000e-004	
2259	1.250000e-004	
2260	2.000000e-004	
2261	2.750000e-004	
2262	1.250000e-004	
2263	2.250000e-004	
2264	2.500000e-004	
2265	2.250000e-004	
2266	2.250000e-004	
2267	2.000000e-004	
2268	1.750000e-004	
2269	1.750000e-004	
2270	2.500000e-004	
2271	3.500000e-004	
2272	3.250000e-004	
2273	2.750000e-004	
2274	3.500000e-004	
2275	2.750000e-004	
2276	3.000000e-004	
2277	4.250000e-004	
2278	4.000000e-004	
2279	3.250000e-004	
2280	3.250000e-004	
2281	4.250000e-004	
2282	3.000000e-004	
2283	3.250000e-004	
2284	2.250000e-004	
2285	3.000000e-004	
2286	2.000000e-004	
2287	2.500000e-004	
2288	2.750000e-004	
2289	2.250000e-004	
2290	2.500000e-004	
2291	2.500000e-004	
2292	3.000000e-004	
2293	2.500000e-004	
2294	2.750000e-004	
2295	3.250000e-004	
2296	3.250000e-004	
2297	2.250000e-004	
2298	2.250000e-004	
2299	2.750000e-004	
2300	4.000000e-004	
2301	6.000000e-004	
2302	8.750000e-004	
2303	1.025000e-003	
2304	7.500000e-004	
2305	8.000000e-004	
2306	8.000000e-004	
2307	8.250000e-004	
2308	9.250000e-004	
2309	9.500000e-004	
2310	1.050000e-003	
2311	1.075000e-003	
2312	1.200000e-003	
2313	1.125000e-003	
2314	9.750000e-004	
2315	1.225000e-003	
2316	1.450000e-003	
2317	1.200000e-003	
2318	1.050000e-003	
2319	1.200000e-003	
2320	1.350000e-003	
2321	1.200000e-003	
2322	1.125000e-003	
2323	1.350000e-003	
2324	1.325000e-003	
2325	1.125000e-003	
2326	1.050000e-003	
2327	1.200000e-003	
2328	1.150000e-003	
2329	1.200000e-003	
2330	1.225000e-003	
2331	1.475000e-003	
2332	1.450000e-003	
2333	1.500000e-003	
2334	1.775000e-003	
2335	1.700000e-003	
2336	1.725000e-003	
2337	1.525000e-003	
2338	1.475000e-003	
2339	1.650000e-003	
2340	1.550000e-003	
2341	1.750000e-003	
2342	1.650000e-003	
2343	1.375000e-003	
2344	1.800000e-003	
2345	1.725000e-003	
2346	1.900000e-003	
2347	1.650000e-003	
2348	1.775000e-003	
2349	1.800000e-003	
2350	1.975000e-003	
2351	1.600000e-003	
2352	1.325000e-003	
2353	1.300000e-003	
2354	1.350000e-003	
2355	1.650000e-003	
2356	1.325000e-003	
2357	1.600000e-003	
2358	1.750000e-003	
2359	1.750000e-003	
2360	2.025000e-003	
2361	2.050000e-003	
2362	2.050000e-003	
2363	2.150000e-003	
2364	1.675000e-003	
2365	1.725000e-003	
2366	1.975000e-003	
2367	2.100000e-003	
2368	2.125000e-003	
2369	1.875000e-003	
2370	2.325000e-003	
2371	2.550000e-003	
2372	2.825000e-003	
2373	2.100000e-003	
2374	2.225000e-003	
2375	2.300000e-003	
2376	2.850000e-003	
2377	2.650000e-003	
2378	2.600000e-003	
2379	2.650000e-003	
2380	2.925000e-003	
2381	3.550000e-003	
2382	3.575000e-003	
2383	4.175000e-003	
2384	3.700000e-003	
2385	3.350000e-003	
2386	3.000000e-003	
2387	3.175000e-003	
2388	3.275000e-003	
2389	3.875000e-003	
2390	4.150000e-003	
2391	4.075000e-003	
2392	3.500000e-003	
2393	3.325000e-003	
2394	3.100000e-003	
2395	2.550000e-003	
2396	2.625000e-003	
2397	2.400000e-003	
2398	2.350000e-003	
2399	2.300000e-003	
2400	2.175000e-003	
2401	2.325000e-003	
2402	2.675000e-003	
2403	2.925000e-003	
2404	3.150000e-003	
2405	3.200000e-003	
2406	2.750000e-003	
2407	2.450000e-003	
2408	2.275000e-003	
2409	2.525000e-003	
2410	1.975000e-003	
2411	1.875000e-003	
2412	1.450000e-003	
2413	1.300000e-003	
2414	1.350000e-003	
2415	1.450000e-003	
2416	9.250000e-004	
2417	1.125000e-003	
2418	1.075000e-003	
2419	9.500000e-004	
2420	8.000000e-004	
2421	9.000000e-004	
2422	1.225000e-003	
2423	1.400000e-003	
2424	1.250000e-003	
2425	1.225000e-003	
2426	1.125000e-003	
2427	1.100000e-003	
2428	9.750000e-004	
2429	7.250000e-004	
2430	6.000000e-004	
2431	4.500000e-004	
2432	5.500000e-004	
2433	5.500000e-004	
2434	5.500000e-004	
2435	5.250000e-004	
2436	5.250000e-004	
2437	7.750000e-004	
2438	5.750000e-004	
2439	7.000000e-004	
2440	6.000000e-004	
2441	8.000000e-004	
2442	8.250000e-004	
2443	6.500000e-004	
2444	4.250000e-004	
2445	3.250000e-004	
2446	3.750000e-004	
2447	3.000000e-004	
2448	2.000000e-004	
2449	2.250000e-004	
2450	2.750000e-004	
2451	2.000000e-004	
2452	2.250000e-004	
2453	2.250000e-004	
2454	2.500000e-004	
2455	3.500000e-004	
2456	4.500000e-004	
2457	3.250000e-004	
2458	5.000000e-004	
2459	3.000000e-004	
2460	2.750000e-004	
2461	2.500000e-004	
2462	2.750000e-004	
2463	4.000000e-004	
2464	5.250000e-004	
2465	3.750000e-004	
2466	4.000000e-004	
2467	3.000000e-004	
2468	3.250000e-004	
2469	2.750000e-004	
2470	1.500000e-004	
2471	2.500000e-005	
2472	0	
2473	0	
2474	0	
2475	0	
2476	0	
2477	0	
2478	0	
2479	0	
2480	0	
2481	0	
2482	0	
2483	0	
2484	0	
2485	0	
2486	0	
2487	0	
2488	0	
2489	0	
2490	0	
2491	0	
2492	0	
2493	0	
2494	0	
2495	0	
2496	0	
2497	0	
2498	0	
2499	0	
2500	0	
2501	0	
2502	0	
2503	0	
2504	0	
2505	0	
2506	0	
2507	0	
2508	0	
2509	0	
2510	0	
2511	0	
2512	0	
2513	0	
2514	0	
2515	0	
2516	0	
2517	0	
2518	0	
2519	0	
2520	0	
2521	0	
2522	0	
2523	0	
2524	0	
2525	0	
2526	0	
2527	0	
2528	0	
2529	0	
2530	0	
2531	0	
2532	0	
2533	0	
2534	0	
2535	0	
2536	0	
2537	0	
2538	0	
2539	0	
2540	0	
2541	0	
2542	0	
2543	0	
2544	0	
2545	0	
2546	0	
2547	0	
2548	0	
2549	0	
2550	0	
2551	0	
2552	0	
2553	0	
2554	0	
2555	0	
2556	0	
2557	0	
2558	0	
2559	0	
2560	2.500000e-005	
2561	2.500000e-005	
2562	0	
2563	0	
2564	0	
2565	0	
2566	0	
2567	0	
2568	0	
2569	0	
2570	0	
2571	0	
2572	0	
2573	0	
2574	0	
2575	0	
2576	0	
2577	0	
2578	0	
2579	0	
2580	0	
2581	0	
2582	0	
2583	0	
2584	0	
2585	0	
2586	0	
2587	0	
2588	0	
2589	0	
2590	0	
2591	0	
2592	0	
2593	0	
2594	0	
2595	0	
2596	0	
2597	0	
2598	0	
2599	0	
2600	0	
2601	2.500000e-005	
2602	5.000000e-005	
2603	1.250000e-004	
2604	7.500000e-005	
2605	1.000000e-004	
2606	1.250000e-004	
2607	1.500000e-004	
2608	2.500000e-005	
2609	0	
2610	0	
2611	0	
2612	0	
2613	0	
2614	0	
2615	0	
2616	0	
2617	0	
2618	0	
2619	0	
2620	0	
2621	0	
2622	0	
2623	0	
2624	0	
2625	0	
2626	0	
2627	0	
2628	2.500000e-005	
2629	1.000000e-004	
2630	2.250000e-004	
2631	2.000000e-004	
2632	3.000000e-004	
2633	3.250000e-004	
2634	4.250000e-004	
2635	5.500000e-004	
2636	5.750000e-004	
2637	5.750000e-004	
2638	7.000000e-004	
2639	8.000000e-004	
2640	7.000000e-004	
2641	8.500000e-004	
2642	7.750000e-004	
2643	9.250000e-004	
2644	1.025000e-003	
2645	1.025000e-003	
2646	1.225000e-003	
2647	7.500000e-004	
2648	6.250000e-004	
2649	5.750000e-004	
2650	9.000000e-004	
2651	9.750000e-004	
2652	1.025000e-003	
2653	9.250000e-004	
2654	1.325000e-003	
2655	1.350000e-003	
2656	1.150000e-003	
2657	1.050000e-003	
2658	1.175000e-003	
2659	1.050000e-003	
2660	1.125000e-003	
2661	1.300000e-003	
2662	1.400000e-003	
2663	1.375000e-003	
2664	1.500000e-003	
2665	1.325000e-003	
2666	1.400000e-003	
2667	1.450000e-003	
2668	1.600000e-003	
2669	1.250000e-003	
2670	1.300000e-003	
2671	1.325000e-003	
2672	1.250000e-003	
2673	1.150000e-003	
2674	1.025000e-003	
2675	9.750000e-004	
2676	7.750000e-004	
2677	9.000000e-004	
2678	6.750000e-004	
2679	4.750000e-004	
2680	6.000000e-004	
2681	7.250000e-004	
2682	7.750000e-004	
2683	1.100000e-003	
2684	8.750000e-004	
2685	7.750000e-004	
2686	6.750000e-004	
2687	7.500000e-004	
2688	7.500000e-004	
2689	5.750000e-004	
2690	7.250000e-004	
2691	6.500000e-004	
2692	7.000000e-004	
2693	8.500000e-004	
2694	6.250000e-004	
2695	7.250000e-004	
2696	6.000000e-004	
2697	6.250000e-004	
2698	4.500000e-004	
2699	4.000000e-004	
2700	5.250000e-004	
2701	6.750000e-004	
2702	7.000000e-004	
2703	6.000000e-004	
2704	7.250000e-004	
2705	1.075000e-003	
2706	1.275000e-003	
2707	9.750000e-004	
2708	7.000000e-004	
2709	8.500000e-004	
2710	6.500000e-004	
2711	8.000000e-004	
2712	8.750000e-004	
2713	9.000000e-004	
2714	8.750000e-004	
2715	1.025000e-003	
2716	8.500000e-004	
2717	8.000000e-004	
2718	9.500000e-004	
2719	1.025000e-003	
2720	1.075000e-003	
2721	1.225000e-003	
2722	1.200000e-003	
2723	8.250000e-004	
2724	7.750000e-004	
2725	9.500000e-004	
2726	1.100000e-003	
2727	1.075000e-003	
2728	9.000000e-004	
2729	9.500000e-004	
2730	7.250000e-004	
2731	8.750000e-004	
2732	1.150000e-003	
2733	1.050000e-003	
2734	1.100000e-003	
2735	1.175000e-003	
2736	1.150000e-003	
2737	1.075000e-003	
2738	1.350000e-003	
2739	1.400000e-003	
2740	1.450000e-003	
2741	1.700000e-003	
2742	1.800000e-003	
2743	1.600000e-003	
2744	1.550000e-003	
2745	1.675000e-003	
2746	1.825000e-003	
2747	1.650000e-003	
2748	1.575000e-003	
2749	1.475000e-003	
2750	1.375000e-003	
2751	1.350000e-003	
2752	1.700000e-003	
2753	1.725000e-003	
2754	1.425000e-003	
2755	1.125000e-003	
2756	1.225000e-003	
2757	9.750000e-004	
2758	1.050000e-003	
2759	1.275000e-003	
2760	1.375000e-003	
2761	1.350000e-003	
2762	1.175000e-003	
2763	1.550000e-003	
2764	1.675000e-003	
2765	1.225000e-003	
2766	1.350000e-003	
2767	1.325000e-003	
2768	1.250000e-003	
2769	1.225000e-003	
2770	1.150000e-003	
2771	1.100000e-003	
2772	9.000000e-004	
2773	1.250000e-003	
2774	1.275000e-003	
2775	1.200000e-003	
2776	1.275000e-003	
2777	1.325000e-003	
2778	1.275000e-003	
2779	1.200000e-003	
2780	1.300000e-003	
2781	1.150000e-003	
2782	1.325000e-003	
2783	1.075000e-003	
2784	8.750000e-004	
2785	8.750000e-004	
2786	8.250000e-004	
2787	7.500000e-004	
2788	8.000000e-004	
2789	6.000000e-004	
2790	6.750000e-004	
2791	6.750000e-004	
2792	6.000000e-004	
2793	4.500000e-004	
2794	5.250000e-004	
2795	4.000000e-004	
2796	3.750000e-004	
2797	4.500000e-004	
2798	2.750000e-004	
2799	2.750000e-004	
2800	4.750000e-004	
2801	5.250000e-004	
2802	4.500000e-004	
2803	4.500000e-004	
2804	4.000000e-004	
2805	4.500000e-004	
2806	2.500000e-004	
2807	3.000000e-004	
2808	3.000000e-004	
2809	2.500000e-004	
2810	1.750000e-004	
2811	2.000000e-004	
2812	2.000000e-004	
2813	2.000000e-004	
2814	3.250000e-004	
2815	3.250000e-004	
2816	3.750000e-004	
2817	3.750000e-004	
2818	4.500000e-004	
2819	3.750000e-004	
2820	5.000000e-004	
2821	5.000000e-004	
2822	5.250000e-004	
2823	5.500000e-004	
2824	5.750000e-004	
2825	4.000000e-004	
2826	5.000000e-004	
2827	6.000000e-004	
2828	5.750000e-004	
2829	5.500000e-004	
2830	4.750000e-004	
2831	5.250000e-004	
2832	7.000000e-004	
2833	9.000000e-004	
2834	5.750000e-004	
2835	2.500000e-004	
2836	3.250000e-004	
2837	3.500000e-004	
2838	3.000000e-004	
2839	2.750000e-004	
2840	2.750000e-004	
2841	3.000000e-004	
2842	2.750000e-004	
2843	2.750000e-004	
2844	1.500000e-004	
2845	7.500000e-005	
2846	5.000000e-005	
2847	1.750000e-004	
2848	5.000000e-005	
2849	5.000000e-005	
2850	2.500000e-005	
2851	2.500000e-005	
2852	0	
2853	0	
2854	0	
2855	2.500000e-005	
2856	5.000000e-005	
2857	5.000000e-005	
2858	7.500000e-005	
2859	1.000000e-004	
2860	1.250000e-004	
2861	1.250000e-004	
2862	1.000000e-004	
2863	1.750000e-004	
2864	1.500000e-004	
2865	2.000000e-004	
2866	1.750000e-004	
2867	1.250000e-004	
2868	1.250000e-004	
2869	1.000000e-004	
2870	1.000000e-004	
2871	7.500000e-005	
2872	1.500000e-004	
2873	1.250000e-004	
2874	1.000000e-004	
2875	1.000000e-004	
2876	2.000000e-004	
2877	1.250000e-004	
2878	1.250000e-004	
2879	1.500000e-004	
2880	1.750000e-004	
2881	1.250000e-004	
2882	7.500000e-005	
2883	2.500000e-005	
2884	5.000000e-005	
2885	5.000000e-005	
2886	0	
2887	0	
2888	0	
2889	0	
2890	0	
2891	0	
2892	0	
2893	0	
2894	0	
2895	0	
2896	0	
2897	0	
2898	0	
2899	0	
2900	0	
2901	0	
2902	0	
2903	0	
2904	0	
2905	0	
2906	0	
2907	0	
2908	0	
2909	0	
2910	0	
2911	0	
2912	0	
2913	0	
2914	0	
2915	0	
2916	0	
2917	0	
2918	0	
2919	0	
2920	0	
2921	0	
2922	0	
2923	0	
2924	0	
2925	0	
2926	2.500000e-005	
2927	2.500000e-005	
2928	2.500000e-005	
2929	0	
2930	0	
2931	0	
2932	0	
2933	2.500000e-005	
2934	0	
2935	0	
2936	0	
2937	0	
2938	0	
2939	0	
2940	0	
2941	0	
2942	0	
2943	0	
2944	0	
2945	0	
2946	0	
2947	2.500000e-005	
2948	2.500000e-005	
2949	0	
2950	0	
2951	2.500000e-005	
2952	1.250000e-004	
2953	2.000000e-004	
2954	2.500000e-004	
2955	2.500000e-004	
2956	3.250000e-004	
2957	3.500000e-004	
2958	3.750000e-004	
2959	5.250000e-004	
2960	4.500000e-004	
2961	7.250000e-004	
2962	8.250000e-004	
2963	8.000000e-004	
2964	8.250000e-004	
2965	1.050000e-003	
2966	1.200000e-003	
2967	1.475000e-003	
2968	1.375000e-003	
2969	1.200000e-003	
2970	1.275000e-003	
2971	1.325000e-003	
2972	1.500000e-003	
2973	1.350000e-003	
2974	1.575000e-003	
2975	1.350000e-003	
2976	1.425000e-003	
2977	1.400000e-003	
2978	1.575000e-003	
2979	1.600000e-003	
2980	1.950000e-003	
2981	2.000000e-003	
2982	2.125000e-003	
2983	2.025000e-003	
2984	2.050000e-003	
2985	1.900000e-003	
2986	1.875000e-003	
2987	1.775000e-003	
2988	1.750000e-003	
2989	1.675000e-003	
2990	1.775000e-003	
2991	1.950000e-003	
2992	2.075000e-003	
2993	2.000000e-003	
2994	2.700000e-003	
2995	2.500000e-003	
2996	2.725000e-003	
2997	2.600000e-003	
2998	2.525000e-003	
2999	2.600000e-003	
3000	2.500000e-003	
3001	2.425000e-003	
