1	0	
2	0	
3	0	
4	0	
5	0	
6	0	
7	0	
8	0	
9	0	
10	0	
11	0	
12	0	
13	0	
14	0	
15	0	
16	0	
17	0	
18	0	
19	0	
20	0	
21	0	
22	0	
23	0	
24	0	
25	0	
26	0	
27	0	
28	2.500000e-005	
29	1.750000e-004	
30	2.750000e-004	
31	3.250000e-004	
32	5.500000e-004	
33	8.250000e-004	
34	8.750000e-004	
35	1.350000e-003	
36	1.575000e-003	
37	1.725000e-003	
38	1.975000e-003	
39	2.450000e-003	
40	2.825000e-003	
41	2.950000e-003	
42	3.300000e-003	
43	3.650000e-003	
44	4.650000e-003	
45	5.250000e-003	
46	5.425000e-003	
47	6.000000e-003	
48	6.325000e-003	
49	6.725000e-003	
50	7.150000e-003	
51	7.700000e-003	
52	7.525000e-003	
53	8.725000e-003	
54	8.950000e-003	
55	9.825000e-003	
56	9.400000e-003	
57	9.675000e-003	
58	9.800000e-003	
59	9.925000e-003	
60	1.100000e-002	
61	1.125000e-002	
62	1.107500e-002	
63	1.167500e-002	
64	1.145000e-002	
65	1.237500e-002	
66	1.277500e-002	
67	1.282500e-002	
68	1.387500e-002	
69	1.270000e-002	
70	1.267500e-002	
71	1.290000e-002	
72	1.292500e-002	
73	1.272500e-002	
74	1.247500e-002	
75	1.365000e-002	
76	1.340000e-002	
77	1.237500e-002	
78	1.275000e-002	
79	1.252500e-002	
80	1.197500e-002	
81	1.102500e-002	
82	9.900000e-003	
83	8.075000e-003	
84	7.975000e-003	
85	7.875000e-003	
86	6.950000e-003	
87	7.150000e-003	
88	6.075000e-003	
89	5.550000e-003	
90	5.225000e-003	
91	5.050000e-003	
92	4.375000e-003	
93	4.525000e-003	
94	4.200000e-003	
95	3.525000e-003	
96	2.500000e-003	
97	2.350000e-003	
98	1.900000e-003	
99	1.650000e-003	
100	1.050000e-003	
101	8.750000e-004	
102	5.250000e-004	
103	2.750000e-004	
104	1.500000e-004	
105	5.000000e-005	
106	5.000000e-005	
107	5.000000e-005	
108	0	
109	0	
110	0	
111	0	
112	0	
113	0	
114	0	
115	0	
116	0	
117	0	
118	0	
119	0	
120	0	
121	0	
122	0	
123	0	
124	0	
125	0	
126	0	
127	0	
128	0	
129	0	
130	0	
131	0	
132	0	
133	0	
134	0	
135	0	
136	0	
137	0	
138	0	
139	0	
140	0	
141	2.500000e-005	
142	2.500000e-005	
143	0	
144	0	
145	0	
146	0	
147	0	
148	0	
149	0	
150	0	
151	0	
152	0	
153	0	
154	0	
155	0	
156	0	
157	2.500000e-005	
158	2.500000e-005	
159	0	
160	0	
161	0	
162	0	
163	0	
164	0	
165	0	
166	0	
167	0	
168	0	
169	0	
170	0	
171	0	
172	0	
173	0	
174	0	
175	0	
176	0	
177	0	
178	0	
179	0	
180	0	
181	0	
182	0	
183	0	
184	0	
185	0	
186	0	
187	0	
188	2.500000e-005	
189	2.500000e-005	
190	0	
191	0	
192	0	
193	0	
194	0	
195	0	
196	0	
197	0	
198	0	
199	0	
200	0	
201	0	
202	2.500000e-005	
203	0	
204	0	
205	0	
206	0	
207	0	
208	0	
209	0	
210	0	
211	0	
212	0	
213	2.500000e-005	
214	0	
215	0	
216	0	
217	0	
218	0	
219	0	
220	0	
221	0	
222	2.500000e-005	
223	7.500000e-005	
224	5.000000e-005	
225	5.000000e-005	
226	2.500000e-005	
227	2.500000e-005	
228	2.500000e-005	
229	0	
230	2.500000e-005	
231	2.500000e-005	
232	2.500000e-005	
233	2.500000e-005	
234	0	
235	0	
236	0	
237	2.500000e-005	
238	0	
239	0	
240	0	
241	0	
242	0	
243	0	
244	0	
245	0	
246	0	
247	0	
248	0	
249	0	
250	0	
251	0	
252	0	
253	0	
254	0	
255	0	
256	0	
257	0	
258	0	
259	0	
260	0	
261	0	
262	0	
263	0	
264	0	
265	0	
266	0	
267	0	
268	0	
269	0	
270	0	
271	2.500000e-005	
272	0	
273	0	
274	0	
275	0	
276	0	
277	0	
278	0	
279	0	
280	0	
281	0	
282	0	
283	2.500000e-005	
284	5.000000e-005	
285	0	
286	0	
287	0	
288	0	
289	0	
290	0	
291	0	
292	0	
293	0	
294	0	
295	0	
296	0	
297	0	
298	0	
299	0	
300	0	
301	0	
302	0	
303	2.500000e-005	
304	7.500000e-005	
305	2.500000e-005	
306	0	
307	0	
308	0	
309	0	
310	0	
311	0	
312	0	
313	0	
314	0	
315	0	
316	2.500000e-005	
317	7.500000e-005	
318	2.500000e-005	
319	5.000000e-005	
320	2.500000e-005	
321	2.500000e-005	
322	5.000000e-005	
323	7.500000e-005	
324	7.500000e-005	
325	0	
326	0	
327	0	
328	0	
329	2.500000e-005	
330	2.500000e-005	
331	0	
332	0	
333	0	
334	2.500000e-005	
335	7.500000e-005	
336	1.500000e-004	
337	7.500000e-005	
338	1.000000e-004	
339	1.000000e-004	
340	7.500000e-005	
341	1.000000e-004	
342	1.000000e-004	
343	5.000000e-005	
344	7.500000e-005	
345	7.500000e-005	
346	2.500000e-005	
347	2.500000e-005	
348	2.500000e-005	
349	0	
350	0	
351	0	
352	0	
353	0	
354	0	
355	0	
356	0	
357	2.500000e-005	
358	7.500000e-005	
359	1.000000e-004	
360	1.000000e-004	
361	2.500000e-005	
362	5.000000e-005	
363	2.500000e-005	
364	2.500000e-005	
365	2.500000e-005	
366	2.500000e-005	
367	5.000000e-005	
368	7.500000e-005	
369	0	
370	0	
371	0	
372	0	
373	0	
374	0	
375	0	
376	0	
377	0	
378	0	
379	0	
380	0	
381	0	
382	0	
383	0	
384	0	
385	0	
386	0	
387	0	
388	0	
389	0	
390	0	
391	0	
392	0	
393	0	
394	0	
395	0	
396	0	
397	0	
398	0	
399	2.500000e-005	
400	5.000000e-005	
401	5.000000e-005	
402	1.250000e-004	
403	1.750000e-004	
404	2.250000e-004	
405	2.000000e-004	
406	1.750000e-004	
407	2.000000e-004	
408	1.500000e-004	
409	2.250000e-004	
410	1.750000e-004	
411	1.500000e-004	
412	1.750000e-004	
413	2.250000e-004	
414	2.500000e-004	
415	1.500000e-004	
416	7.500000e-005	
417	0	
418	0	
419	0	
420	0	
421	2.500000e-005	
422	5.000000e-005	
423	1.000000e-004	
424	5.000000e-005	
425	2.500000e-005	
426	0	
427	0	
428	2.500000e-005	
429	7.500000e-005	
430	7.500000e-005	
431	1.250000e-004	
432	1.250000e-004	
433	7.500000e-005	
434	2.000000e-004	
435	1.000000e-004	
436	7.500000e-005	
437	2.500000e-005	
438	2.500000e-005	
439	0	
440	5.000000e-005	
441	7.500000e-005	
442	1.500000e-004	
443	7.500000e-005	
444	1.250000e-004	
445	1.750000e-004	
446	7.500000e-005	
447	1.000000e-004	
448	7.500000e-005	
449	1.000000e-004	
450	1.250000e-004	
451	2.250000e-004	
452	1.750000e-004	
453	2.250000e-004	
454	1.250000e-004	
455	1.750000e-004	
456	1.500000e-004	
457	1.500000e-004	
458	2.000000e-004	
459	2.750000e-004	
460	2.000000e-004	
461	2.750000e-004	
462	2.500000e-004	
463	1.750000e-004	
464	1.500000e-004	
465	2.500000e-005	
466	7.500000e-005	
467	2.000000e-004	
468	2.750000e-004	
469	1.500000e-004	
470	1.500000e-004	
471	7.500000e-005	
472	5.000000e-005	
473	5.000000e-005	
474	5.000000e-005	
475	5.000000e-005	
476	5.000000e-005	
477	5.000000e-005	
478	2.500000e-005	
479	0	
480	0	
481	0	
482	0	
483	0	
484	0	
485	0	
486	0	
487	0	
488	0	
489	0	
490	0	
491	0	
492	2.500000e-005	
493	1.250000e-004	
494	1.500000e-004	
495	1.250000e-004	
496	1.000000e-004	
497	0	
498	0	
499	0	
500	0	
501	0	
502	2.500000e-005	
503	7.500000e-005	
504	7.500000e-005	
505	1.000000e-004	
506	1.000000e-004	
507	1.000000e-004	
508	7.500000e-005	
509	1.000000e-004	
510	1.000000e-004	
511	1.250000e-004	
512	7.500000e-005	
513	1.000000e-004	
514	1.250000e-004	
515	1.000000e-004	
516	1.500000e-004	
517	2.500000e-004	
518	1.250000e-004	
519	1.000000e-004	
520	1.000000e-004	
521	7.500000e-005	
522	5.000000e-005	
523	1.000000e-004	
524	1.000000e-004	
525	1.250000e-004	
526	1.250000e-004	
527	2.000000e-004	
528	1.250000e-004	
529	2.250000e-004	
530	2.500000e-004	
531	2.250000e-004	
532	2.250000e-004	
533	1.750000e-004	
534	2.250000e-004	
535	3.250000e-004	
536	3.500000e-004	
537	3.500000e-004	
538	3.000000e-004	
539	3.250000e-004	
540	2.500000e-004	
541	2.500000e-004	
542	2.750000e-004	
543	2.750000e-004	
544	2.250000e-004	
545	1.750000e-004	
546	2.000000e-004	
547	2.000000e-004	
548	1.500000e-004	
549	2.500000e-004	
550	2.000000e-004	
551	3.500000e-004	
552	3.750000e-004	
553	2.500000e-004	
554	4.250000e-004	
555	5.750000e-004	
556	5.500000e-004	
557	6.000000e-004	
558	6.250000e-004	
559	5.750000e-004	
560	6.250000e-004	
561	9.250000e-004	
562	8.250000e-004	
563	6.750000e-004	
564	7.000000e-004	
565	7.500000e-004	
566	8.250000e-004	
567	7.500000e-004	
568	1.025000e-003	
569	1.050000e-003	
570	1.025000e-003	
571	1.025000e-003	
572	1.200000e-003	
573	9.500000e-004	
574	1.000000e-003	
575	1.225000e-003	
576	1.400000e-003	
577	1.500000e-003	
578	1.225000e-003	
579	1.450000e-003	
580	1.600000e-003	
581	1.550000e-003	
582	1.725000e-003	
583	1.500000e-003	
584	1.725000e-003	
585	1.750000e-003	
586	1.725000e-003	
587	1.775000e-003	
588	1.850000e-003	
589	1.825000e-003	
590	1.800000e-003	
591	2.025000e-003	
592	1.975000e-003	
593	1.850000e-003	
594	2.075000e-003	
595	2.400000e-003	
596	1.925000e-003	
597	2.050000e-003	
598	2.200000e-003	
599	2.275000e-003	
600	2.200000e-003	
601	2.000000e-003	
602	1.875000e-003	
603	2.050000e-003	
604	2.500000e-003	
605	2.100000e-003	
606	2.150000e-003	
607	2.250000e-003	
608	2.425000e-003	
609	2.475000e-003	
610	2.750000e-003	
611	3.050000e-003	
612	3.450000e-003	
613	3.525000e-003	
614	3.900000e-003	
615	3.775000e-003	
616	3.350000e-003	
617	3.150000e-003	
618	3.650000e-003	
619	4.100000e-003	
620	4.150000e-003	
621	4.525000e-003	
622	4.900000e-003	
623	4.850000e-003	
624	5.125000e-003	
625	5.000000e-003	
626	5.200000e-003	
627	5.200000e-003	
628	5.675000e-003	
629	5.525000e-003	
630	5.400000e-003	
631	5.175000e-003	
632	4.725000e-003	
633	4.500000e-003	
634	4.650000e-003	
635	4.275000e-003	
636	4.975000e-003	
637	4.925000e-003	
638	4.550000e-003	
639	4.375000e-003	
640	4.625000e-003	
641	4.425000e-003	
642	4.500000e-003	
643	4.150000e-003	
644	4.150000e-003	
645	3.950000e-003	
646	3.975000e-003	
647	3.825000e-003	
648	4.400000e-003	
649	4.150000e-003	
650	4.075000e-003	
651	3.475000e-003	
652	3.875000e-003	
653	4.050000e-003	
654	3.800000e-003	
655	3.475000e-003	
656	3.375000e-003	
657	3.725000e-003	
658	3.450000e-003	
659	3.650000e-003	
660	3.475000e-003	
661	3.725000e-003	
662	3.200000e-003	
663	2.925000e-003	
664	2.900000e-003	
665	3.050000e-003	
666	2.350000e-003	
667	2.525000e-003	
668	2.450000e-003	
669	2.325000e-003	
670	2.100000e-003	
671	2.075000e-003	
672	1.925000e-003	
673	1.700000e-003	
674	1.525000e-003	
675	1.500000e-003	
676	1.525000e-003	
677	1.250000e-003	
678	1.225000e-003	
679	9.250000e-004	
680	7.250000e-004	
681	9.500000e-004	
682	6.250000e-004	
683	6.750000e-004	
684	6.500000e-004	
685	8.250000e-004	
686	6.250000e-004	
687	6.000000e-004	
688	7.000000e-004	
689	5.750000e-004	
690	5.000000e-004	
691	3.250000e-004	
692	3.250000e-004	
693	2.500000e-004	
694	3.750000e-004	
695	3.000000e-004	
696	3.000000e-004	
697	3.250000e-004	
698	3.500000e-004	
699	3.500000e-004	
700	1.250000e-004	
701	1.000000e-004	
702	7.500000e-005	
703	1.250000e-004	
704	1.250000e-004	
705	7.500000e-005	
706	1.000000e-004	
707	1.000000e-004	
708	7.500000e-005	
709	5.000000e-005	
710	2.500000e-005	
711	2.500000e-005	
712	2.500000e-005	
713	7.500000e-005	
714	7.500000e-005	
715	1.000000e-004	
716	1.500000e-004	
717	1.000000e-004	
718	1.250000e-004	
719	1.000000e-004	
720	1.250000e-004	
721	5.000000e-005	
722	0	
723	0	
724	0	
725	0	
726	0	
727	0	
728	0	
729	0	
730	0	
731	0	
732	2.500000e-005	
733	5.000000e-005	
734	5.000000e-005	
735	2.500000e-005	
736	2.500000e-005	
737	0	
738	0	
739	0	
740	0	
741	0	
742	0	
743	0	
744	0	
745	0	
746	0	
747	0	
748	2.500000e-005	
749	0	
750	0	
751	0	
752	0	
753	0	
754	0	
755	0	
756	0	
757	0	
758	0	
759	0	
760	0	
761	0	
762	0	
763	0	
764	0	
765	0	
766	0	
767	0	
768	0	
769	0	
770	0	
771	0	
772	0	
773	0	
774	2.500000e-005	
775	2.500000e-005	
776	2.500000e-005	
777	2.500000e-005	
778	5.000000e-005	
779	0	
780	0	
781	0	
782	0	
783	0	
784	0	
785	0	
786	0	
787	0	
788	0	
789	0	
790	0	
791	0	
792	0	
793	0	
794	0	
795	0	
796	0	
797	0	
798	0	
799	0	
800	0	
801	0	
802	0	
803	0	
804	0	
805	0	
806	0	
807	0	
808	0	
809	0	
810	0	
811	0	
812	0	
813	0	
814	2.500000e-005	
815	5.000000e-005	
816	5.000000e-005	
817	7.500000e-005	
818	5.000000e-005	
819	1.000000e-004	
820	1.250000e-004	
821	5.000000e-005	
822	2.500000e-005	
823	0	
824	0	
825	7.500000e-005	
826	1.500000e-004	
827	2.500000e-004	
828	1.750000e-004	
829	1.500000e-004	
830	1.750000e-004	
831	7.500000e-005	
832	1.750000e-004	
833	1.250000e-004	
834	1.250000e-004	
835	7.500000e-005	
836	1.500000e-004	
837	1.750000e-004	
838	1.500000e-004	
839	7.500000e-005	
840	5.000000e-005	
841	7.500000e-005	
842	7.500000e-005	
843	5.000000e-005	
844	5.000000e-005	
845	2.500000e-005	
846	2.500000e-005	
847	2.500000e-005	
848	7.500000e-005	
849	1.000000e-004	
850	1.000000e-004	
851	1.000000e-004	
852	1.000000e-004	
853	1.000000e-004	
854	1.000000e-004	
855	2.000000e-004	
856	2.250000e-004	
857	1.000000e-004	
858	1.250000e-004	
859	1.250000e-004	
860	3.000000e-004	
861	2.000000e-004	
862	1.500000e-004	
863	5.000000e-005	
864	7.500000e-005	
865	1.000000e-004	
866	7.500000e-005	
867	2.500000e-005	
868	0	
869	0	
870	0	
871	0	
872	0	
873	0	
874	0	
875	0	
876	0	
877	0	
878	0	
879	0	
880	0	
881	0	
882	0	
883	0	
884	2.500000e-005	
885	5.000000e-005	
886	7.500000e-005	
887	5.000000e-005	
888	0	
889	0	
890	0	
891	0	
892	0	
893	0	
894	0	
895	0	
896	0	
897	0	
898	0	
899	0	
900	0	
901	0	
902	2.500000e-005	
903	5.000000e-005	
904	1.500000e-004	
905	1.750000e-004	
906	2.250000e-004	
907	3.000000e-004	
908	4.000000e-004	
909	4.000000e-004	
910	2.500000e-004	
911	2.000000e-004	
912	2.250000e-004	
913	1.750000e-004	
914	2.000000e-004	
915	3.250000e-004	
916	4.500000e-004	
917	4.750000e-004	
918	5.750000e-004	
919	4.000000e-004	
920	3.500000e-004	
921	4.500000e-004	
922	5.250000e-004	
923	4.000000e-004	
924	2.250000e-004	
925	2.500000e-004	
926	2.500000e-004	
927	2.500000e-004	
928	2.750000e-004	
929	3.000000e-004	
930	3.750000e-004	
931	2.500000e-004	
932	2.500000e-004	
933	2.500000e-004	
934	4.000000e-004	
935	4.000000e-004	
936	4.250000e-004	
937	2.750000e-004	
938	2.750000e-004	
939	1.500000e-004	
940	1.250000e-004	
941	1.250000e-004	
942	2.000000e-004	
943	1.250000e-004	
944	2.250000e-004	
945	1.750000e-004	
946	1.500000e-004	
947	1.000000e-004	
948	7.500000e-005	
949	7.500000e-005	
950	1.250000e-004	
951	1.000000e-004	
952	1.500000e-004	
953	1.750000e-004	
954	1.250000e-004	
955	7.500000e-005	
956	1.500000e-004	
957	1.250000e-004	
958	1.500000e-004	
959	1.750000e-004	
960	1.500000e-004	
961	1.250000e-004	
962	7.500000e-005	
963	7.500000e-005	
964	7.500000e-005	
965	1.250000e-004	
966	2.500000e-004	
967	1.750000e-004	
968	2.250000e-004	
969	3.750000e-004	
970	3.000000e-004	
971	2.500000e-004	
972	3.000000e-004	
973	1.500000e-004	
974	1.500000e-004	
975	1.500000e-004	
976	1.750000e-004	
977	2.250000e-004	
978	1.750000e-004	
979	1.250000e-004	
980	1.000000e-004	
981	7.500000e-005	
982	1.500000e-004	
983	1.500000e-004	
984	7.500000e-005	
985	7.500000e-005	
986	1.000000e-004	
987	5.000000e-005	
988	5.000000e-005	
989	2.500000e-005	
990	5.000000e-005	
991	7.500000e-005	
992	1.500000e-004	
993	2.000000e-004	
994	2.000000e-004	
995	1.750000e-004	
996	2.250000e-004	
997	2.250000e-004	
998	2.750000e-004	
999	1.250000e-004	
1000	1.000000e-004	
1001	1.500000e-004	
1002	2.500000e-004	
1003	1.750000e-004	
1004	1.250000e-004	
1005	2.000000e-004	
1006	2.500000e-004	
1007	2.000000e-004	
1008	2.750000e-004	
1009	2.250000e-004	
1010	3.500000e-004	
1011	3.500000e-004	
1012	3.000000e-004	
1013	3.750000e-004	
1014	3.500000e-004	
1015	2.250000e-004	
1016	2.000000e-004	
1017	1.750000e-004	
1018	2.250000e-004	
1019	2.750000e-004	
1020	2.000000e-004	
1021	1.000000e-004	
1022	1.500000e-004	
1023	2.250000e-004	
1024	2.250000e-004	
1025	3.000000e-004	
1026	2.750000e-004	
1027	1.000000e-004	
1028	1.250000e-004	
1029	2.000000e-004	
1030	2.500000e-004	
1031	3.750000e-004	
1032	3.500000e-004	
1033	4.000000e-004	
1034	3.000000e-004	
1035	2.000000e-004	
1036	1.500000e-004	
1037	1.750000e-004	
1038	1.750000e-004	
1039	2.000000e-004	
1040	2.250000e-004	
1041	1.750000e-004	
1042	2.500000e-005	
1043	7.500000e-005	
1044	7.500000e-005	
1045	1.250000e-004	
1046	1.750000e-004	
1047	2.500000e-004	
1048	2.250000e-004	
1049	2.750000e-004	
1050	4.250000e-004	
1051	4.500000e-004	
1052	4.750000e-004	
1053	5.500000e-004	
1054	4.250000e-004	
1055	5.250000e-004	
1056	5.500000e-004	
1057	5.250000e-004	
1058	6.250000e-004	
1059	7.250000e-004	
1060	6.000000e-004	
1061	6.750000e-004	
1062	8.500000e-004	
1063	1.275000e-003	
1064	1.100000e-003	
1065	1.350000e-003	
1066	1.450000e-003	
1067	1.650000e-003	
1068	1.750000e-003	
1069	1.925000e-003	
1070	1.750000e-003	
1071	2.000000e-003	
1072	1.800000e-003	
1073	1.550000e-003	
1074	1.625000e-003	
1075	1.450000e-003	
1076	1.125000e-003	
1077	1.200000e-003	
1078	1.250000e-003	
1079	1.250000e-003	
1080	9.500000e-004	
1081	1.100000e-003	
1082	1.075000e-003	
1083	8.500000e-004	
1084	7.750000e-004	
1085	8.500000e-004	
1086	9.250000e-004	
1087	1.000000e-003	
1088	9.000000e-004	
1089	9.000000e-004	
1090	1.025000e-003	
1091	1.025000e-003	
1092	9.500000e-004	
1093	1.125000e-003	
1094	1.100000e-003	
1095	1.100000e-003	
1096	9.750000e-004	
1097	8.500000e-004	
1098	1.000000e-003	
1099	9.500000e-004	
1100	1.000000e-003	
1101	9.750000e-004	
1102	8.000000e-004	
1103	6.750000e-004	
1104	6.500000e-004	
1105	6.750000e-004	
1106	8.250000e-004	
1107	8.250000e-004	
1108	8.250000e-004	
1109	9.000000e-004	
1110	7.750000e-004	
1111	9.750000e-004	
1112	1.150000e-003	
1113	1.275000e-003	
1114	1.050000e-003	
1115	1.025000e-003	
1116	1.075000e-003	
1117	1.325000e-003	
1118	1.300000e-003	
1119	1.625000e-003	
1120	1.650000e-003	
1121	1.575000e-003	
1122	1.550000e-003	
1123	1.400000e-003	
1124	1.375000e-003	
1125	1.400000e-003	
1126	1.300000e-003	
1127	1.750000e-003	
1128	1.900000e-003	
1129	1.750000e-003	
1130	1.850000e-003	
1131	1.800000e-003	
1132	1.875000e-003	
1133	1.725000e-003	
1134	1.475000e-003	
1135	1.525000e-003	
1136	1.450000e-003	
1137	1.525000e-003	
1138	1.675000e-003	
1139	1.375000e-003	
1140	1.350000e-003	
1141	1.525000e-003	
1142	1.475000e-003	
1143	1.625000e-003	
1144	1.575000e-003	
1145	1.350000e-003	
1146	1.525000e-003	
1147	1.425000e-003	
1148	1.275000e-003	
1149	1.675000e-003	
1150	1.525000e-003	
1151	1.600000e-003	
1152	1.300000e-003	
1153	1.475000e-003	
1154	1.650000e-003	
1155	1.725000e-003	
1156	1.600000e-003	
1157	1.525000e-003	
1158	1.775000e-003	
1159	2.025000e-003	
1160	1.800000e-003	
1161	1.825000e-003	
1162	2.275000e-003	
1163	2.025000e-003	
1164	1.550000e-003	
1165	1.950000e-003	
1166	2.250000e-003	
1167	2.525000e-003	
1168	2.600000e-003	
1169	2.550000e-003	
1170	2.600000e-003	
1171	2.750000e-003	
1172	2.475000e-003	
1173	2.275000e-003	
1174	2.625000e-003	
1175	2.575000e-003	
1176	2.500000e-003	
1177	2.525000e-003	
1178	2.200000e-003	
1179	2.300000e-003	
1180	2.550000e-003	
1181	2.250000e-003	
1182	2.075000e-003	
1183	1.675000e-003	
1184	1.500000e-003	
1185	1.750000e-003	
1186	1.925000e-003	
1187	2.425000e-003	
1188	2.475000e-003	
1189	2.600000e-003	
1190	3.000000e-003	
1191	3.000000e-003	
1192	2.725000e-003	
1193	2.925000e-003	
1194	2.925000e-003	
1195	2.800000e-003	
1196	2.650000e-003	
1197	2.950000e-003	
1198	2.625000e-003	
1199	3.025000e-003	
1200	2.500000e-003	
1201	2.300000e-003	
1202	2.250000e-003	
1203	2.625000e-003	
1204	2.075000e-003	
1205	1.950000e-003	
1206	2.175000e-003	
1207	2.150000e-003	
1208	2.575000e-003	
1209	2.100000e-003	
1210	2.000000e-003	
1211	1.950000e-003	
1212	1.975000e-003	
1213	2.250000e-003	
1214	2.325000e-003	
1215	2.125000e-003	
1216	2.250000e-003	
1217	2.200000e-003	
1218	2.200000e-003	
1219	2.525000e-003	
1220	2.225000e-003	
1221	2.475000e-003	
1222	2.500000e-003	
1223	2.450000e-003	
1224	2.525000e-003	
1225	2.450000e-003	
1226	2.875000e-003	
1227	2.650000e-003	
1228	2.475000e-003	
1229	2.900000e-003	
1230	2.225000e-003	
1231	2.275000e-003	
1232	2.325000e-003	
1233	2.375000e-003	
1234	2.425000e-003	
1235	2.625000e-003	
1236	2.075000e-003	
1237	1.925000e-003	
1238	2.225000e-003	
1239	2.025000e-003	
1240	1.825000e-003	
1241	1.675000e-003	
1242	1.800000e-003	
1243	1.500000e-003	
1244	1.075000e-003	
1245	7.750000e-004	
1246	1.000000e-003	
1247	9.750000e-004	
1248	1.000000e-003	
1249	9.000000e-004	
1250	6.750000e-004	
1251	6.250000e-004	
1252	4.000000e-004	
1253	2.750000e-004	
1254	3.250000e-004	
1255	2.250000e-004	
1256	1.500000e-004	
1257	1.000000e-004	
1258	1.250000e-004	
1259	1.750000e-004	
1260	1.500000e-004	
1261	1.250000e-004	
1262	1.750000e-004	
1263	1.500000e-004	
1264	1.500000e-004	
1265	1.500000e-004	
1266	1.750000e-004	
1267	1.750000e-004	
1268	5.000000e-005	
1269	7.500000e-005	
1270	5.000000e-005	
1271	2.500000e-005	
1272	0	
1273	0	
1274	0	
1275	0	
1276	0	
1277	0	
1278	0	
1279	0	
1280	2.500000e-005	
1281	2.500000e-005	
1282	5.000000e-005	
1283	2.500000e-005	
1284	0	
1285	0	
1286	0	
1287	0	
1288	0	
1289	0	
1290	0	
1291	0	
1292	0	
1293	0	
1294	0	
1295	0	
1296	0	
1297	0	
1298	0	
1299	0	
1300	0	
1301	0	
1302	2.500000e-005	
1303	2.500000e-005	
1304	0	
1305	0	
1306	0	
1307	0	
1308	0	
1309	0	
1310	2.500000e-005	
1311	7.500000e-005	
1312	1.000000e-004	
1313	1.250000e-004	
1314	1.500000e-004	
1315	1.000000e-004	
1316	5.000000e-005	
1317	5.000000e-005	
1318	7.500000e-005	
1319	2.500000e-005	
1320	5.000000e-005	
1321	2.500000e-005	
1322	2.500000e-005	
1323	2.500000e-005	
1324	5.000000e-005	
1325	5.000000e-005	
1326	7.500000e-005	
1327	2.500000e-005	
1328	2.500000e-005	
1329	2.500000e-005	
1330	2.500000e-005	
1331	2.500000e-005	
1332	0	
1333	0	
1334	0	
1335	0	
1336	0	
1337	0	
1338	0	
1339	0	
1340	0	
1341	2.500000e-005	
1342	5.000000e-005	
1343	5.000000e-005	
1344	7.500000e-005	
1345	5.000000e-005	
1346	1.000000e-004	
1347	2.000000e-004	
1348	1.000000e-004	
1349	2.500000e-005	
1350	7.500000e-005	
1351	2.500000e-005	
1352	7.500000e-005	
1353	7.500000e-005	
1354	2.500000e-005	
1355	5.000000e-005	
1356	5.000000e-005	
1357	2.500000e-005	
1358	0	
1359	0	
1360	0	
1361	0	
1362	0	
1363	0	
1364	0	
1365	0	
1366	0	
1367	0	
1368	2.500000e-005	
1369	5.000000e-005	
1370	7.500000e-005	
1371	5.000000e-005	
1372	1.000000e-004	
1373	1.750000e-004	
1374	3.250000e-004	
1375	4.500000e-004	
1376	4.750000e-004	
1377	5.500000e-004	
1378	5.750000e-004	
1379	5.250000e-004	
1380	4.000000e-004	
1381	3.750000e-004	
1382	1.500000e-004	
1383	7.500000e-005	
1384	2.500000e-005	
1385	2.500000e-005	
1386	5.000000e-005	
1387	0	
1388	0	
1389	0	
1390	0	
1391	0	
1392	0	
1393	0	
1394	2.500000e-005	
1395	5.000000e-005	
1396	2.500000e-005	
1397	0	
1398	0	
1399	0	
1400	0	
1401	0	
1402	0	
1403	0	
1404	0	
1405	0	
1406	0	
1407	0	
1408	0	
1409	0	
1410	0	
1411	0	
1412	0	
1413	0	
1414	0	
1415	0	
1416	0	
1417	0	
1418	0	
1419	0	
1420	0	
1421	0	
1422	0	
1423	0	
1424	0	
1425	0	
1426	0	
1427	0	
1428	0	
1429	0	
1430	0	
1431	0	
1432	0	
1433	0	
1434	0	
1435	0	
1436	0	
1437	0	
1438	2.500000e-005	
1439	5.000000e-005	
1440	1.250000e-004	
1441	1.000000e-004	
1442	1.500000e-004	
1443	2.000000e-004	
1444	2.500000e-004	
1445	3.000000e-004	
1446	3.500000e-004	
1447	3.500000e-004	
1448	2.000000e-004	
1449	2.750000e-004	
1450	2.500000e-004	
1451	2.750000e-004	
1452	2.250000e-004	
1453	2.750000e-004	
1454	4.500000e-004	
1455	6.250000e-004	
1456	6.500000e-004	
1457	7.000000e-004	
1458	6.750000e-004	
1459	5.250000e-004	
1460	6.000000e-004	
1461	4.750000e-004	
1462	3.250000e-004	
1463	2.000000e-004	
1464	3.000000e-004	
1465	2.750000e-004	
1466	2.500000e-004	
1467	2.250000e-004	
1468	3.250000e-004	
1469	4.250000e-004	
1470	4.500000e-004	
1471	2.750000e-004	
1472	2.750000e-004	
1473	3.000000e-004	
1474	3.000000e-004	
1475	4.250000e-004	
1476	5.250000e-004	
1477	5.750000e-004	
1478	7.250000e-004	
1479	5.250000e-004	
1480	4.500000e-004	
1481	6.750000e-004	
1482	8.750000e-004	
1483	9.000000e-004	
1484	8.000000e-004	
1485	8.000000e-004	
1486	9.000000e-004	
1487	7.500000e-004	
1488	7.500000e-004	
1489	7.500000e-004	
1490	6.250000e-004	
1491	5.750000e-004	
1492	7.000000e-004	
1493	5.250000e-004	
1494	4.750000e-004	
1495	5.000000e-004	
1496	5.500000e-004	
1497	6.000000e-004	
1498	5.250000e-004	
1499	6.000000e-004	
1500	5.750000e-004	
1501	5.750000e-004	
1502	5.750000e-004	
1503	7.500000e-004	
1504	8.000000e-004	
1505	8.250000e-004	
1506	7.250000e-004	
1507	6.250000e-004	
1508	6.250000e-004	
1509	4.750000e-004	
1510	5.000000e-004	
1511	7.000000e-004	
1512	7.500000e-004	
1513	1.025000e-003	
1514	9.500000e-004	
1515	9.250000e-004	
1516	8.750000e-004	
1517	8.500000e-004	
1518	6.000000e-004	
1519	4.250000e-004	
1520	4.500000e-004	
1521	4.250000e-004	
1522	4.250000e-004	
1523	4.750000e-004	
1524	4.250000e-004	
1525	4.500000e-004	
1526	4.250000e-004	
1527	4.000000e-004	
1528	4.750000e-004	
1529	3.750000e-004	
1530	5.000000e-004	
1531	4.750000e-004	
1532	6.500000e-004	
1533	7.000000e-004	
1534	7.000000e-004	
1535	8.500000e-004	
1536	9.500000e-004	
1537	9.000000e-004	
1538	7.500000e-004	
1539	7.000000e-004	
1540	5.750000e-004	
1541	5.000000e-004	
1542	5.250000e-004	
1543	6.000000e-004	
1544	7.750000e-004	
1545	8.500000e-004	
1546	6.250000e-004	
1547	6.250000e-004	
1548	4.000000e-004	
1549	4.250000e-004	
1550	5.500000e-004	
1551	5.750000e-004	
1552	5.750000e-004	
1553	6.000000e-004	
1554	8.750000e-004	
1555	6.750000e-004	
1556	6.500000e-004	
1557	6.000000e-004	
1558	7.000000e-004	
1559	7.250000e-004	
1560	6.500000e-004	
1561	8.250000e-004	
1562	6.250000e-004	
1563	3.750000e-004	
1564	5.250000e-004	
1565	5.500000e-004	
1566	4.250000e-004	
1567	3.750000e-004	
1568	4.000000e-004	
1569	3.250000e-004	
1570	3.500000e-004	
1571	3.250000e-004	
1572	3.250000e-004	
1573	2.250000e-004	
1574	3.500000e-004	
1575	4.750000e-004	
1576	4.750000e-004	
1577	5.250000e-004	
1578	3.250000e-004	
1579	3.250000e-004	
1580	3.250000e-004	
1581	4.000000e-004	
1582	3.750000e-004	
1583	5.000000e-004	
1584	5.250000e-004	
1585	4.500000e-004	
1586	4.750000e-004	
1587	5.500000e-004	
1588	4.750000e-004	
1589	6.000000e-004	
1590	6.000000e-004	
1591	5.250000e-004	
1592	6.500000e-004	
1593	6.000000e-004	
1594	6.250000e-004	
1595	4.750000e-004	
1596	6.000000e-004	
1597	6.000000e-004	
1598	6.000000e-004	
1599	5.500000e-004	
1600	5.750000e-004	
1601	7.500000e-004	
1602	7.250000e-004	
1603	7.000000e-004	
1604	6.500000e-004	
1605	6.500000e-004	
1606	6.500000e-004	
1607	6.500000e-004	
1608	4.750000e-004	
1609	5.750000e-004	
1610	6.500000e-004	
1611	8.000000e-004	
1612	6.500000e-004	
1613	9.500000e-004	
1614	8.750000e-004	
1615	1.125000e-003	
1616	1.275000e-003	
1617	1.250000e-003	
1618	1.150000e-003	
1619	1.275000e-003	
1620	1.600000e-003	
1621	1.650000e-003	
1622	1.600000e-003	
1623	1.950000e-003	
1624	1.575000e-003	
1625	1.100000e-003	
1626	1.175000e-003	
1627	8.750000e-004	
1628	9.500000e-004	
1629	1.425000e-003	
1630	1.475000e-003	
1631	1.725000e-003	
1632	1.450000e-003	
1633	1.150000e-003	
1634	1.075000e-003	
1635	1.175000e-003	
1636	1.125000e-003	
1637	1.475000e-003	
1638	1.550000e-003	
1639	1.450000e-003	
1640	1.175000e-003	
1641	1.050000e-003	
1642	9.250000e-004	
1643	9.500000e-004	
1644	8.750000e-004	
1645	8.500000e-004	
1646	7.000000e-004	
1647	7.250000e-004	
1648	7.750000e-004	
1649	7.750000e-004	
1650	9.750000e-004	
1651	8.000000e-004	
1652	5.750000e-004	
1653	6.250000e-004	
1654	5.250000e-004	
1655	5.000000e-004	
1656	4.750000e-004	
1657	5.250000e-004	
1658	4.000000e-004	
1659	3.750000e-004	
1660	4.250000e-004	
1661	4.750000e-004	
1662	4.000000e-004	
1663	6.750000e-004	
1664	7.000000e-004	
1665	5.250000e-004	
1666	7.000000e-004	
1667	7.000000e-004	
1668	5.750000e-004	
1669	8.250000e-004	
1670	8.000000e-004	
1671	9.000000e-004	
1672	9.000000e-004	
1673	1.150000e-003	
1674	1.000000e-003	
1675	1.050000e-003	
1676	1.225000e-003	
1677	1.525000e-003	
1678	1.650000e-003	
1679	1.475000e-003	
1680	1.375000e-003	
1681	1.375000e-003	
1682	1.875000e-003	
1683	1.825000e-003	
1684	1.475000e-003	
1685	1.250000e-003	
1686	1.100000e-003	
1687	1.000000e-003	
1688	1.000000e-003	
1689	1.025000e-003	
1690	1.050000e-003	
1691	1.050000e-003	
1692	7.250000e-004	
1693	9.250000e-004	
1694	7.000000e-004	
1695	8.500000e-004	
1696	8.500000e-004	
1697	1.125000e-003	
1698	8.750000e-004	
1699	1.125000e-003	
1700	1.050000e-003	
1701	1.000000e-003	
1702	1.225000e-003	
1703	1.425000e-003	
1704	1.375000e-003	
1705	1.200000e-003	
1706	1.100000e-003	
1707	1.125000e-003	
1708	1.000000e-003	
1709	1.175000e-003	
1710	1.250000e-003	
1711	1.000000e-003	
1712	8.500000e-004	
1713	9.500000e-004	
1714	9.750000e-004	
1715	1.075000e-003	
1716	9.500000e-004	
1717	1.050000e-003	
1718	1.050000e-003	
1719	9.000000e-004	
1720	8.750000e-004	
1721	8.250000e-004	
1722	6.750000e-004	
1723	8.250000e-004	
1724	9.750000e-004	
1725	8.250000e-004	
1726	7.750000e-004	
1727	7.750000e-004	
1728	8.250000e-004	
1729	7.500000e-004	
1730	6.500000e-004	
1731	8.000000e-004	
1732	9.250000e-004	
1733	7.000000e-004	
1734	6.750000e-004	
1735	5.750000e-004	
1736	6.750000e-004	
1737	7.750000e-004	
1738	7.000000e-004	
1739	6.500000e-004	
1740	5.500000e-004	
1741	6.500000e-004	
1742	9.500000e-004	
1743	1.175000e-003	
1744	9.500000e-004	
1745	9.000000e-004	
1746	7.750000e-004	
1747	8.000000e-004	
1748	6.250000e-004	
1749	7.250000e-004	
1750	5.750000e-004	
1751	9.000000e-004	
1752	1.050000e-003	
1753	1.300000e-003	
1754	1.725000e-003	
1755	1.875000e-003	
1756	1.850000e-003	
1757	1.550000e-003	
1758	1.625000e-003	
1759	1.225000e-003	
1760	1.075000e-003	
1761	1.200000e-003	
1762	1.400000e-003	
1763	1.400000e-003	
1764	1.675000e-003	
1765	1.675000e-003	
1766	1.800000e-003	
1767	2.150000e-003	
1768	2.525000e-003	
1769	2.725000e-003	
1770	2.925000e-003	
1771	2.950000e-003	
1772	3.225000e-003	
1773	2.875000e-003	
1774	2.425000e-003	
1775	2.475000e-003	
1776	2.525000e-003	
1777	2.250000e-003	
1778	2.375000e-003	
1779	2.550000e-003	
1780	2.375000e-003	
1781	2.875000e-003	
1782	2.725000e-003	
1783	2.625000e-003	
1784	2.500000e-003	
1785	1.775000e-003	
1786	2.050000e-003	
1787	1.825000e-003	
1788	1.800000e-003	
1789	1.750000e-003	
1790	2.150000e-003	
1791	1.925000e-003	
1792	1.675000e-003	
1793	1.350000e-003	
1794	1.525000e-003	
1795	1.775000e-003	
1796	1.625000e-003	
1797	1.825000e-003	
1798	1.700000e-003	
1799	1.675000e-003	
1800	1.850000e-003	
1801	2.075000e-003	
1802	1.925000e-003	
1803	2.000000e-003	
1804	1.675000e-003	
1805	1.550000e-003	
1806	1.525000e-003	
1807	1.650000e-003	
1808	1.300000e-003	
1809	1.200000e-003	
1810	9.250000e-004	
1811	1.175000e-003	
1812	1.300000e-003	
1813	1.125000e-003	
1814	1.200000e-003	
1815	1.150000e-003	
1816	9.000000e-004	
1817	8.250000e-004	
1818	8.250000e-004	
1819	1.025000e-003	
1820	1.375000e-003	
1821	1.250000e-003	
1822	1.275000e-003	
1823	1.300000e-003	
1824	1.325000e-003	
1825	1.225000e-003	
1826	1.150000e-003	
1827	1.375000e-003	
1828	1.200000e-003	
1829	1.050000e-003	
1830	1.150000e-003	
1831	9.000000e-004	
1832	9.500000e-004	
1833	8.000000e-004	
1834	8.500000e-004	
1835	7.250000e-004	
1836	9.000000e-004	
1837	9.750000e-004	
1838	9.500000e-004	
1839	1.175000e-003	
1840	1.475000e-003	
1841	1.025000e-003	
1842	9.000000e-004	
1843	8.250000e-004	
1844	7.500000e-004	
1845	7.250000e-004	
1846	8.250000e-004	
1847	9.750000e-004	
1848	9.250000e-004	
1849	1.125000e-003	
1850	1.350000e-003	
1851	1.000000e-003	
1852	1.025000e-003	
1853	7.250000e-004	
1854	7.250000e-004	
1855	7.500000e-004	
1856	7.250000e-004	
1857	8.000000e-004	
1858	7.750000e-004	
1859	6.250000e-004	
1860	7.250000e-004	
1861	7.500000e-004	
1862	8.000000e-004	
1863	8.250000e-004	
1864	9.750000e-004	
1865	6.250000e-004	
1866	6.750000e-004	
1867	7.750000e-004	
1868	9.000000e-004	
1869	9.250000e-004	
1870	9.000000e-004	
1871	7.750000e-004	
1872	6.250000e-004	
1873	4.750000e-004	
1874	4.500000e-004	
1875	6.000000e-004	
1876	4.250000e-004	
1877	4.250000e-004	
1878	4.500000e-004	
1879	4.500000e-004	
1880	4.000000e-004	
1881	5.000000e-004	
1882	4.500000e-004	
1883	3.250000e-004	
1884	3.750000e-004	
1885	2.750000e-004	
1886	2.500000e-004	
1887	2.750000e-004	
1888	2.500000e-004	
1889	2.750000e-004	
1890	2.500000e-004	
1891	2.500000e-004	
1892	2.000000e-004	
1893	3.250000e-004	
1894	2.750000e-004	
1895	3.000000e-004	
1896	3.000000e-004	
1897	3.750000e-004	
1898	4.000000e-004	
1899	2.000000e-004	
1900	1.500000e-004	
1901	1.000000e-004	
1902	2.500000e-005	
1903	2.500000e-005	
1904	5.000000e-005	
1905	7.500000e-005	
1906	5.000000e-005	
1907	2.500000e-005	
1908	0	
1909	0	
1910	0	
1911	0	
1912	0	
1913	0	
1914	0	
1915	0	
1916	0	
1917	0	
1918	0	
1919	0	
1920	0	
1921	0	
1922	0	
1923	0	
1924	0	
1925	0	
1926	0	
1927	0	
1928	0	
1929	0	
1930	0	
1931	0	
1932	0	
1933	0	
1934	0	
1935	2.500000e-005	
1936	1.000000e-004	
1937	7.500000e-005	
1938	5.000000e-005	
1939	5.000000e-005	
1940	5.000000e-005	
1941	2.500000e-005	
1942	2.500000e-005	
1943	0	
1944	0	
1945	0	
1946	0	
1947	0	
1948	0	
1949	0	
1950	0	
1951	0	
1952	0	
1953	0	
1954	2.500000e-005	
1955	7.500000e-005	
1956	1.000000e-004	
1957	1.000000e-004	
1958	5.000000e-005	
1959	7.500000e-005	
1960	5.000000e-005	
1961	1.250000e-004	
1962	1.000000e-004	
1963	1.000000e-004	
1964	0	
1965	0	
1966	5.000000e-005	
1967	1.250000e-004	
1968	1.000000e-004	
1969	1.000000e-004	
1970	1.750000e-004	
1971	2.500000e-004	
1972	2.250000e-004	
1973	2.500000e-004	
1974	3.500000e-004	
1975	3.250000e-004	
1976	3.000000e-004	
1977	3.750000e-004	
1978	3.000000e-004	
1979	2.250000e-004	
1980	1.500000e-004	
1981	2.250000e-004	
1982	2.000000e-004	
1983	1.250000e-004	
1984	7.500000e-005	
1985	0	
1986	0	
1987	0	
1988	0	
1989	0	
1990	0	
1991	0	
1992	0	
1993	0	
1994	0	
1995	0	
1996	0	
1997	0	
1998	0	
1999	2.500000e-005	
2000	1.000000e-004	
2001	1.500000e-004	
2002	1.500000e-004	
2003	1.750000e-004	
2004	1.250000e-004	
2005	1.250000e-004	
2006	1.000000e-004	
2007	7.500000e-005	
2008	0	
2009	0	
2010	0	
2011	0	
2012	0	
2013	2.500000e-005	
2014	7.500000e-005	
2015	2.500000e-005	
2016	1.000000e-004	
2017	1.500000e-004	
2018	1.000000e-004	
2019	1.750000e-004	
2020	2.250000e-004	
2021	1.750000e-004	
2022	1.750000e-004	
2023	3.750000e-004	
2024	3.250000e-004	
2025	3.000000e-004	
2026	4.000000e-004	
2027	6.750000e-004	
2028	6.750000e-004	
2029	6.750000e-004	
2030	6.500000e-004	
2031	6.500000e-004	
2032	6.000000e-004	
2033	7.750000e-004	
2034	8.250000e-004	
2035	8.500000e-004	
2036	8.500000e-004	
2037	7.250000e-004	
2038	8.250000e-004	
2039	7.750000e-004	
2040	9.250000e-004	
2041	7.500000e-004	
2042	6.750000e-004	
2043	8.250000e-004	
2044	8.500000e-004	
2045	8.000000e-004	
2046	7.250000e-004	
2047	5.750000e-004	
2048	4.750000e-004	
2049	3.750000e-004	
2050	4.000000e-004	
2051	3.000000e-004	
2052	2.500000e-004	
2053	2.750000e-004	
2054	2.500000e-004	
2055	2.500000e-004	
2056	2.500000e-004	
2057	2.250000e-004	
2058	2.250000e-004	
2059	2.000000e-004	
2060	1.500000e-004	
2061	1.000000e-004	
2062	1.250000e-004	
2063	7.500000e-005	
2064	2.500000e-005	
2065	2.500000e-005	
2066	5.000000e-005	
2067	7.500000e-005	
2068	7.500000e-005	
2069	1.500000e-004	
2070	7.500000e-005	
2071	5.000000e-005	
2072	7.500000e-005	
2073	1.250000e-004	
2074	1.000000e-004	
2075	1.000000e-004	
2076	1.000000e-004	
2077	7.500000e-005	
2078	7.500000e-005	
2079	5.000000e-005	
2080	2.500000e-005	
2081	2.500000e-005	
2082	0	
2083	0	
2084	0	
2085	0	
2086	5.000000e-005	
2087	1.500000e-004	
2088	1.250000e-004	
2089	2.000000e-004	
2090	2.250000e-004	
2091	2.000000e-004	
2092	2.250000e-004	
2093	2.750000e-004	
2094	4.250000e-004	
2095	6.750000e-004	
2096	7.250000e-004	
2097	8.250000e-004	
2098	8.250000e-004	
2099	8.500000e-004	
2100	9.000000e-004	
2101	8.500000e-004	
2102	1.250000e-003	
2103	1.150000e-003	
2104	1.425000e-003	
2105	1.350000e-003	
2106	1.275000e-003	
2107	1.125000e-003	
2108	1.075000e-003	
2109	1.075000e-003	
2110	1.200000e-003	
2111	1.100000e-003	
2112	9.500000e-004	
2113	8.250000e-004	
2114	5.750000e-004	
2115	6.500000e-004	
2116	7.250000e-004	
2117	6.750000e-004	
2118	6.250000e-004	
2119	5.000000e-004	
2120	5.000000e-004	
2121	5.250000e-004	
2122	5.500000e-004	
2123	7.000000e-004	
2124	5.250000e-004	
2125	3.500000e-004	
2126	3.250000e-004	
2127	4.000000e-004	
2128	4.000000e-004	
2129	3.250000e-004	
2130	3.500000e-004	
2131	4.000000e-004	
2132	6.250000e-004	
2133	7.250000e-004	
2134	9.250000e-004	
2135	8.000000e-004	
2136	8.750000e-004	
2137	1.125000e-003	
2138	1.175000e-003	
2139	1.225000e-003	
2140	1.200000e-003	
2141	1.075000e-003	
2142	1.075000e-003	
2143	1.150000e-003	
2144	1.250000e-003	
2145	1.325000e-003	
2146	1.450000e-003	
2147	1.600000e-003	
2148	1.675000e-003	
2149	1.575000e-003	
2150	1.500000e-003	
2151	1.100000e-003	
2152	1.150000e-003	
2153	1.200000e-003	
2154	1.250000e-003	
2155	1.175000e-003	
2156	1.275000e-003	
2157	1.425000e-003	
2158	1.625000e-003	
2159	1.700000e-003	
2160	1.975000e-003	
2161	1.700000e-003	
2162	1.525000e-003	
2163	1.575000e-003	
2164	1.700000e-003	
2165	1.675000e-003	
2166	1.800000e-003	
2167	1.600000e-003	
2168	1.700000e-003	
2169	1.425000e-003	
2170	1.300000e-003	
2171	1.325000e-003	
2172	1.100000e-003	
2173	1.425000e-003	
2174	1.475000e-003	
2175	1.250000e-003	
2176	1.550000e-003	
2177	1.425000e-003	
2178	1.325000e-003	
2179	9.000000e-004	
2180	7.000000e-004	
2181	6.250000e-004	
2182	5.250000e-004	
2183	5.250000e-004	
2184	4.000000e-004	
2185	5.000000e-004	
2186	3.500000e-004	
2187	3.000000e-004	
2188	2.750000e-004	
2189	2.250000e-004	
2190	3.250000e-004	
2191	4.000000e-004	
2192	5.500000e-004	
2193	7.000000e-004	
2194	5.750000e-004	
2195	5.500000e-004	
2196	4.750000e-004	
2197	5.000000e-004	
2198	6.250000e-004	
2199	8.000000e-004	
2200	6.000000e-004	
2201	7.500000e-004	
2202	7.250000e-004	
2203	5.250000e-004	
2204	5.750000e-004	
2205	4.000000e-004	
2206	4.500000e-004	
2207	3.750000e-004	
2208	5.250000e-004	
2209	5.250000e-004	
2210	5.250000e-004	
2211	4.750000e-004	
2212	4.250000e-004	
2213	3.500000e-004	
2214	3.250000e-004	
2215	3.750000e-004	
2216	4.750000e-004	
2217	3.750000e-004	
2218	4.500000e-004	
2219	6.000000e-004	
2220	1.025000e-003	
2221	9.750000e-004	
2222	8.750000e-004	
2223	1.150000e-003	
2224	1.050000e-003	
2225	1.075000e-003	
2226	1.000000e-003	
2227	1.050000e-003	
2228	1.075000e-003	
2229	1.125000e-003	
2230	1.000000e-003	
2231	8.750000e-004	
2232	8.000000e-004	
2233	8.250000e-004	
2234	9.500000e-004	
2235	1.050000e-003	
2236	1.325000e-003	
2237	1.300000e-003	
2238	1.125000e-003	
2239	1.075000e-003	
2240	8.500000e-004	
2241	8.000000e-004	
2242	7.000000e-004	
2243	1.050000e-003	
2244	8.750000e-004	
2245	1.175000e-003	
2246	1.475000e-003	
2247	1.275000e-003	
2248	1.500000e-003	
2249	1.725000e-003	
2250	1.800000e-003	
2251	1.925000e-003	
2252	2.025000e-003	
2253	2.125000e-003	
2254	1.900000e-003	
2255	2.000000e-003	
2256	1.725000e-003	
2257	1.900000e-003	
2258	2.000000e-003	
2259	2.075000e-003	
2260	1.850000e-003	
2261	1.650000e-003	
2262	1.800000e-003	
2263	1.650000e-003	
2264	1.775000e-003	
2265	1.750000e-003	
2266	1.975000e-003	
2267	2.150000e-003	
2268	1.875000e-003	
2269	1.700000e-003	
2270	1.725000e-003	
2271	1.875000e-003	
2272	1.750000e-003	
2273	1.950000e-003	
2274	2.200000e-003	
2275	2.175000e-003	
2276	1.750000e-003	
2277	1.450000e-003	
2278	1.450000e-003	
2279	1.150000e-003	
2280	1.100000e-003	
2281	1.350000e-003	
2282	1.150000e-003	
2283	1.350000e-003	
2284	1.300000e-003	
2285	1.325000e-003	
2286	1.225000e-003	
2287	1.400000e-003	
2288	1.475000e-003	
2289	1.425000e-003	
2290	1.450000e-003	
2291	1.250000e-003	
2292	1.100000e-003	
2293	9.250000e-004	
2294	9.250000e-004	
2295	7.000000e-004	
2296	4.500000e-004	
2297	3.250000e-004	
2298	1.750000e-004	
2299	2.750000e-004	
2300	3.750000e-004	
2301	4.250000e-004	
2302	4.250000e-004	
2303	3.500000e-004	
2304	4.250000e-004	
2305	3.500000e-004	
2306	2.250000e-004	
2307	2.000000e-004	
2308	2.000000e-004	
2309	1.500000e-004	
2310	1.750000e-004	
2311	2.000000e-004	
2312	3.000000e-004	
2313	3.250000e-004	
2314	3.500000e-004	
2315	4.000000e-004	
2316	4.250000e-004	
2317	4.500000e-004	
2318	5.250000e-004	
2319	3.750000e-004	
2320	4.000000e-004	
2321	3.000000e-004	
2322	4.250000e-004	
2323	2.500000e-004	
2324	1.000000e-004	
2325	3.000000e-004	
2326	1.250000e-004	
2327	2.750000e-004	
2328	1.500000e-004	
2329	2.500000e-004	
2330	3.000000e-004	
2331	3.000000e-004	
2332	4.500000e-004	
2333	3.500000e-004	
2334	4.000000e-004	
2335	4.500000e-004	
2336	5.500000e-004	
2337	7.000000e-004	
2338	5.000000e-004	
2339	6.250000e-004	
2340	6.000000e-004	
2341	5.500000e-004	
2342	5.000000e-004	
2343	5.000000e-004	
2344	6.750000e-004	
2345	6.750000e-004	
2346	6.250000e-004	
2347	6.000000e-004	
2348	8.000000e-004	
2349	7.750000e-004	
2350	6.750000e-004	
2351	6.750000e-004	
2352	7.500000e-004	
2353	6.750000e-004	
2354	7.750000e-004	
2355	8.250000e-004	
2356	8.500000e-004	
2357	8.500000e-004	
2358	9.500000e-004	
2359	1.000000e-003	
2360	1.150000e-003	
2361	9.750000e-004	
2362	8.250000e-004	
2363	7.750000e-004	
2364	7.750000e-004	
2365	7.250000e-004	
2366	7.750000e-004	
2367	1.000000e-003	
2368	9.250000e-004	
2369	1.075000e-003	
2370	9.250000e-004	
2371	9.000000e-004	
2372	5.750000e-004	
2373	5.250000e-004	
2374	7.000000e-004	
2375	8.000000e-004	
2376	8.250000e-004	
2377	9.500000e-004	
2378	7.250000e-004	
2379	8.750000e-004	
2380	1.000000e-003	
2381	1.000000e-003	
2382	7.500000e-004	
2383	9.750000e-004	
2384	1.050000e-003	
2385	1.200000e-003	
2386	1.075000e-003	
2387	1.050000e-003	
2388	1.100000e-003	
2389	1.375000e-003	
2390	1.375000e-003	
2391	1.300000e-003	
2392	1.625000e-003	
2393	1.650000e-003	
2394	1.500000e-003	
2395	1.625000e-003	
2396	1.550000e-003	
2397	1.675000e-003	
2398	1.625000e-003	
2399	1.900000e-003	
2400	1.850000e-003	
2401	1.650000e-003	
2402	1.550000e-003	
2403	1.775000e-003	
2404	1.625000e-003	
2405	1.800000e-003	
2406	1.500000e-003	
2407	1.600000e-003	
2408	1.850000e-003	
2409	2.150000e-003	
2410	1.700000e-003	
2411	1.600000e-003	
2412	1.600000e-003	
2413	1.700000e-003	
2414	1.725000e-003	
2415	1.675000e-003	
2416	1.550000e-003	
2417	1.300000e-003	
2418	1.300000e-003	
2419	1.425000e-003	
2420	1.200000e-003	
2421	1.525000e-003	
2422	1.350000e-003	
2423	1.200000e-003	
2424	1.450000e-003	
2425	1.425000e-003	
2426	1.450000e-003	
2427	1.125000e-003	
2428	1.000000e-003	
2429	1.100000e-003	
2430	1.200000e-003	
2431	1.150000e-003	
2432	1.100000e-003	
2433	1.025000e-003	
2434	7.750000e-004	
2435	9.500000e-004	
2436	9.250000e-004	
2437	1.025000e-003	
2438	1.200000e-003	
2439	1.075000e-003	
2440	1.200000e-003	
2441	1.125000e-003	
2442	1.175000e-003	
2443	1.175000e-003	
2444	1.025000e-003	
2445	7.750000e-004	
2446	9.250000e-004	
2447	9.250000e-004	
2448	9.500000e-004	
2449	9.250000e-004	
2450	1.000000e-003	
2451	8.750000e-004	
2452	9.750000e-004	
2453	1.150000e-003	
2454	1.025000e-003	
2455	5.750000e-004	
2456	6.250000e-004	
2457	7.500000e-004	
2458	6.500000e-004	
2459	7.000000e-004	
2460	7.750000e-004	
2461	7.500000e-004	
2462	7.000000e-004	
2463	4.000000e-004	
2464	4.250000e-004	
2465	4.000000e-004	
2466	4.750000e-004	
2467	5.750000e-004	
2468	5.750000e-004	
2469	6.000000e-004	
2470	5.750000e-004	
2471	4.000000e-004	
2472	4.250000e-004	
2473	4.500000e-004	
2474	4.500000e-004	
2475	2.500000e-004	
2476	2.250000e-004	
2477	1.750000e-004	
2478	1.250000e-004	
2479	1.000000e-004	
2480	5.000000e-005	
2481	5.000000e-005	
2482	5.000000e-005	
2483	7.500000e-005	
2484	2.500000e-005	
2485	0	
2486	0	
2487	0	
2488	0	
2489	0	
2490	0	
2491	0	
2492	0	
2493	0	
2494	0	
2495	0	
2496	0	
2497	0	
2498	0	
2499	0	
2500	0	
2501	0	
2502	2.500000e-005	
2503	0	
2504	0	
2505	0	
2506	0	
2507	0	
2508	2.500000e-005	
2509	1.000000e-004	
2510	5.000000e-005	
2511	7.500000e-005	
2512	1.250000e-004	
2513	1.750000e-004	
2514	2.250000e-004	
2515	2.000000e-004	
2516	1.250000e-004	
2517	1.750000e-004	
2518	1.500000e-004	
2519	1.750000e-004	
2520	2.250000e-004	
2521	1.750000e-004	
2522	1.500000e-004	
2523	1.750000e-004	
2524	1.750000e-004	
2525	3.250000e-004	
2526	2.000000e-004	
2527	3.250000e-004	
2528	3.750000e-004	
2529	2.500000e-004	
2530	2.500000e-004	
2531	3.250000e-004	
2532	4.500000e-004	
2533	5.250000e-004	
2534	6.250000e-004	
2535	7.000000e-004	
2536	7.000000e-004	
2537	7.000000e-004	
2538	7.750000e-004	
2539	8.750000e-004	
2540	8.500000e-004	
2541	6.750000e-004	
2542	4.250000e-004	
2543	5.250000e-004	
2544	5.000000e-004	
2545	4.750000e-004	
2546	5.750000e-004	
2547	6.000000e-004	
2548	6.000000e-004	
2549	4.750000e-004	
2550	6.000000e-004	
2551	9.000000e-004	
2552	7.750000e-004	
2553	6.000000e-004	
2554	6.250000e-004	
2555	5.250000e-004	
2556	7.000000e-004	
2557	8.250000e-004	
2558	9.750000e-004	
2559	7.750000e-004	
2560	8.000000e-004	
2561	8.750000e-004	
2562	7.500000e-004	
2563	7.750000e-004	
2564	8.000000e-004	
2565	6.000000e-004	
2566	5.250000e-004	
2567	3.500000e-004	
2568	3.750000e-004	
2569	4.250000e-004	
2570	4.500000e-004	
2571	2.500000e-004	
2572	3.500000e-004	
2573	2.250000e-004	
2574	1.750000e-004	
2575	2.500000e-004	
2576	1.750000e-004	
2577	1.750000e-004	
2578	2.250000e-004	
2579	2.000000e-004	
2580	1.500000e-004	
2581	2.000000e-004	
2582	2.250000e-004	
2583	3.750000e-004	
2584	3.000000e-004	
2585	4.750000e-004	
2586	6.000000e-004	
2587	5.500000e-004	
2588	5.250000e-004	
2589	3.250000e-004	
2590	2.750000e-004	
2591	2.750000e-004	
2592	3.500000e-004	
2593	3.000000e-004	
2594	4.250000e-004	
2595	3.000000e-004	
2596	3.000000e-004	
2597	4.000000e-004	
2598	3.250000e-004	
2599	3.500000e-004	
2600	3.750000e-004	
2601	3.250000e-004	
2602	2.000000e-004	
2603	3.000000e-004	
2604	2.500000e-004	
2605	3.250000e-004	
2606	2.750000e-004	
2607	2.250000e-004	
2608	1.750000e-004	
2609	2.250000e-004	
2610	1.500000e-004	
2611	2.250000e-004	
2612	1.250000e-004	
2613	1.250000e-004	
2614	1.000000e-004	
2615	1.000000e-004	
2616	1.500000e-004	
2617	2.000000e-004	
2618	2.250000e-004	
2619	1.750000e-004	
2620	2.000000e-004	
2621	2.750000e-004	
2622	3.000000e-004	
2623	2.500000e-004	
2624	1.500000e-004	
2625	7.500000e-005	
2626	2.500000e-005	
2627	2.500000e-005	
2628	2.500000e-005	
2629	5.000000e-005	
2630	2.500000e-005	
2631	1.000000e-004	
2632	7.500000e-005	
2633	7.500000e-005	
2634	1.000000e-004	
2635	7.500000e-005	
2636	7.500000e-005	
2637	1.500000e-004	
2638	1.250000e-004	
2639	1.000000e-004	
2640	1.250000e-004	
2641	1.750000e-004	
2642	1.250000e-004	
2643	5.000000e-005	
2644	7.500000e-005	
2645	7.500000e-005	
2646	1.000000e-004	
2647	1.250000e-004	
2648	1.000000e-004	
2649	1.000000e-004	
2650	5.000000e-005	
2651	5.000000e-005	
2652	7.500000e-005	
2653	7.500000e-005	
2654	2.250000e-004	
2655	2.500000e-004	
2656	3.000000e-004	
2657	3.250000e-004	
2658	3.250000e-004	
2659	3.750000e-004	
2660	5.750000e-004	
2661	6.000000e-004	
2662	5.000000e-004	
2663	4.000000e-004	
2664	3.500000e-004	
2665	3.750000e-004	
2666	4.500000e-004	
2667	6.750000e-004	
2668	5.250000e-004	
2669	4.250000e-004	
2670	2.750000e-004	
2671	4.500000e-004	
2672	6.000000e-004	
2673	7.500000e-004	
2674	6.750000e-004	
2675	7.500000e-004	
2676	8.500000e-004	
2677	9.250000e-004	
2678	7.750000e-004	
2679	7.000000e-004	
2680	7.250000e-004	
2681	9.000000e-004	
2682	8.000000e-004	
2683	9.000000e-004	
2684	8.750000e-004	
2685	1.050000e-003	
2686	1.000000e-003	
2687	1.475000e-003	
2688	1.425000e-003	
2689	1.100000e-003	
2690	1.175000e-003	
2691	1.225000e-003	
2692	1.250000e-003	
2693	1.250000e-003	
2694	1.025000e-003	
2695	1.125000e-003	
2696	1.025000e-003	
2697	9.500000e-004	
2698	9.000000e-004	
2699	8.750000e-004	
2700	9.500000e-004	
2701	1.100000e-003	
2702	8.250000e-004	
2703	8.750000e-004	
2704	7.250000e-004	
2705	8.750000e-004	
2706	9.750000e-004	
2707	1.000000e-003	
2708	9.250000e-004	
2709	6.500000e-004	
2710	8.750000e-004	
2711	8.000000e-004	
2712	9.000000e-004	
2713	9.500000e-004	
2714	9.750000e-004	
2715	9.750000e-004	
2716	7.500000e-004	
2717	6.250000e-004	
2718	7.000000e-004	
2719	6.500000e-004	
2720	4.750000e-004	
2721	7.000000e-004	
2722	8.500000e-004	
2723	1.000000e-003	
2724	9.250000e-004	
2725	8.500000e-004	
2726	4.750000e-004	
2727	4.250000e-004	
2728	3.750000e-004	
2729	5.750000e-004	
2730	5.750000e-004	
2731	4.750000e-004	
2732	5.000000e-004	
2733	7.750000e-004	
2734	6.250000e-004	
2735	5.250000e-004	
2736	6.000000e-004	
2737	7.750000e-004	
2738	1.075000e-003	
2739	1.150000e-003	
2740	1.125000e-003	
2741	7.250000e-004	
2742	5.750000e-004	
2743	6.500000e-004	
2744	5.500000e-004	
2745	3.000000e-004	
2746	4.250000e-004	
2747	3.750000e-004	
2748	4.750000e-004	
2749	4.750000e-004	
2750	4.500000e-004	
2751	6.500000e-004	
2752	5.000000e-004	
2753	3.250000e-004	
2754	3.000000e-004	
2755	2.500000e-004	
2756	1.750000e-004	
2757	1.500000e-004	
2758	7.500000e-005	
2759	1.000000e-004	
2760	1.250000e-004	
2761	2.000000e-004	
2762	1.750000e-004	
2763	2.000000e-004	
2764	7.500000e-005	
2765	1.250000e-004	
2766	3.000000e-004	
2767	3.750000e-004	
2768	3.750000e-004	
2769	4.500000e-004	
2770	6.000000e-004	
2771	5.000000e-004	
2772	6.750000e-004	
2773	7.000000e-004	
2774	8.500000e-004	
2775	7.250000e-004	
2776	7.250000e-004	
2777	9.750000e-004	
2778	8.500000e-004	
2779	6.250000e-004	
2780	7.500000e-004	
2781	7.000000e-004	
2782	8.250000e-004	
2783	8.250000e-004	
2784	8.250000e-004	
2785	7.750000e-004	
2786	7.500000e-004	
2787	7.250000e-004	
2788	7.250000e-004	
2789	7.000000e-004	
2790	8.750000e-004	
2791	7.750000e-004	
2792	8.750000e-004	
2793	1.175000e-003	
2794	1.175000e-003	
2795	1.200000e-003	
2796	1.125000e-003	
2797	1.175000e-003	
2798	9.500000e-004	
2799	8.250000e-004	
2800	7.500000e-004	
2801	7.750000e-004	
2802	7.250000e-004	
2803	6.250000e-004	
2804	7.750000e-004	
2805	7.250000e-004	
2806	7.500000e-004	
2807	6.750000e-004	
2808	6.750000e-004	
2809	7.500000e-004	
2810	6.500000e-004	
2811	8.000000e-004	
2812	7.250000e-004	
2813	5.000000e-004	
2814	3.500000e-004	
2815	4.500000e-004	
2816	4.500000e-004	
2817	4.000000e-004	
2818	2.750000e-004	
2819	3.750000e-004	
2820	3.250000e-004	
2821	4.500000e-004	
2822	4.250000e-004	
2823	2.250000e-004	
2824	2.500000e-004	
2825	2.250000e-004	
2826	2.250000e-004	
2827	3.250000e-004	
2828	3.250000e-004	
2829	3.500000e-004	
2830	3.000000e-004	
2831	2.750000e-004	
2832	2.000000e-004	
2833	1.500000e-004	
2834	2.000000e-004	
2835	3.250000e-004	
2836	2.500000e-004	
2837	3.000000e-004	
2838	2.250000e-004	
2839	2.000000e-004	
2840	1.750000e-004	
2841	1.750000e-004	
2842	1.500000e-004	
2843	1.000000e-004	
2844	1.250000e-004	
2845	5.000000e-005	
2846	7.500000e-005	
2847	2.500000e-005	
2848	5.000000e-005	
2849	7.500000e-005	
2850	7.500000e-005	
2851	1.750000e-004	
2852	2.000000e-004	
2853	2.750000e-004	
2854	2.250000e-004	
2855	1.750000e-004	
2856	2.000000e-004	
2857	2.500000e-004	
2858	2.000000e-004	
2859	2.750000e-004	
2860	3.000000e-004	
2861	2.500000e-004	
2862	2.750000e-004	
2863	2.500000e-004	
2864	2.000000e-004	
2865	2.750000e-004	
2866	2.000000e-004	
2867	3.500000e-004	
2868	4.250000e-004	
2869	6.000000e-004	
2870	5.500000e-004	
2871	4.750000e-004	
2872	3.750000e-004	
2873	4.500000e-004	
2874	5.250000e-004	
2875	6.750000e-004	
2876	7.250000e-004	
2877	8.500000e-004	
2878	7.750000e-004	
2879	6.500000e-004	
2880	7.750000e-004	
2881	7.750000e-004	
2882	6.750000e-004	
2883	6.250000e-004	
2884	8.000000e-004	
2885	7.500000e-004	
2886	7.250000e-004	
2887	1.000000e-003	
2888	9.750000e-004	
2889	8.750000e-004	
2890	9.000000e-004	
2891	9.250000e-004	
2892	1.000000e-003	
2893	1.000000e-003	
2894	7.000000e-004	
2895	6.500000e-004	
2896	7.750000e-004	
2897	9.500000e-004	
2898	9.750000e-004	
2899	1.200000e-003	
2900	1.275000e-003	
2901	1.400000e-003	
2902	1.400000e-003	
2903	1.625000e-003	
2904	1.600000e-003	
2905	1.500000e-003	
2906	1.275000e-003	
2907	1.275000e-003	
2908	1.400000e-003	
2909	1.800000e-003	
2910	1.800000e-003	
2911	1.850000e-003	
2912	1.625000e-003	
2913	1.775000e-003	
2914	2.125000e-003	
2915	1.900000e-003	
2916	2.000000e-003	
2917	1.750000e-003	
2918	1.575000e-003	
2919	1.900000e-003	
2920	2.150000e-003	
2921	2.350000e-003	
2922	2.325000e-003	
2923	2.525000e-003	
2924	2.375000e-003	
2925	2.550000e-003	
2926	2.775000e-003	
2927	2.900000e-003	
2928	3.400000e-003	
2929	3.550000e-003	
2930	3.500000e-003	
2931	3.150000e-003	
2932	2.925000e-003	
2933	2.825000e-003	
2934	2.750000e-003	
2935	2.700000e-003	
2936	2.600000e-003	
2937	2.625000e-003	
2938	3.250000e-003	
2939	3.625000e-003	
2940	3.325000e-003	
2941	3.475000e-003	
2942	3.675000e-003	
2943	3.375000e-003	
2944	3.100000e-003	
2945	3.200000e-003	
2946	3.150000e-003	
2947	3.200000e-003	
2948	3.425000e-003	
2949	3.400000e-003	
2950	2.875000e-003	
2951	3.150000e-003	
2952	3.100000e-003	
2953	3.250000e-003	
2954	3.475000e-003	
2955	3.475000e-003	
2956	3.450000e-003	
2957	2.900000e-003	
2958	2.700000e-003	
2959	2.325000e-003	
2960	2.600000e-003	
2961	2.350000e-003	
2962	2.125000e-003	
2963	2.000000e-003	
2964	1.900000e-003	
2965	1.825000e-003	
2966	1.650000e-003	
2967	1.875000e-003	
2968	1.725000e-003	
2969	2.050000e-003	
2970	2.400000e-003	
2971	2.275000e-003	
2972	2.050000e-003	
2973	1.625000e-003	
2974	1.725000e-003	
2975	1.900000e-003	
2976	1.750000e-003	
2977	1.925000e-003	
2978	2.500000e-003	
2979	2.525000e-003	
2980	2.125000e-003	
2981	1.800000e-003	
2982	1.400000e-003	
2983	1.250000e-003	
2984	1.000000e-003	
2985	9.000000e-004	
2986	8.500000e-004	
2987	8.750000e-004	
2988	9.500000e-004	
2989	8.750000e-004	
2990	1.100000e-003	
2991	1.225000e-003	
2992	1.450000e-003	
2993	1.375000e-003	
2994	1.375000e-003	
2995	1.325000e-003	
2996	1.225000e-003	
2997	1.200000e-003	
2998	9.250000e-004	
2999	9.250000e-004	
3000	8.500000e-004	
3001	8.000000e-004	
