1	0	
2	2.500000e-005	
3	5.000000e-005	
4	5.000000e-005	
5	5.000000e-005	
6	5.000000e-005	
7	1.750000e-004	
8	3.000000e-004	
9	2.250000e-004	
10	2.000000e-004	
11	4.500000e-004	
12	5.750000e-004	
13	6.750000e-004	
14	7.500000e-004	
15	7.250000e-004	
16	6.250000e-004	
17	7.250000e-004	
18	7.250000e-004	
19	8.500000e-004	
20	1.000000e-003	
21	1.025000e-003	
22	9.500000e-004	
23	1.150000e-003	
24	1.375000e-003	
25	1.775000e-003	
26	1.600000e-003	
27	1.625000e-003	
28	1.975000e-003	
29	2.150000e-003	
30	2.050000e-003	
31	2.075000e-003	
32	2.175000e-003	
33	2.050000e-003	
34	2.125000e-003	
35	2.025000e-003	
36	1.925000e-003	
37	1.975000e-003	
38	2.275000e-003	
39	2.075000e-003	
40	2.250000e-003	
41	2.375000e-003	
42	2.375000e-003	
43	2.375000e-003	
44	2.300000e-003	
45	2.775000e-003	
46	3.175000e-003	
47	3.700000e-003	
48	3.450000e-003	
49	3.500000e-003	
50	3.675000e-003	
51	4.275000e-003	
52	4.100000e-003	
53	4.325000e-003	
54	4.425000e-003	
55	4.325000e-003	
56	4.125000e-003	
57	4.350000e-003	
58	4.650000e-003	
59	5.100000e-003	
60	5.125000e-003	
61	5.350000e-003	
62	5.250000e-003	
63	5.225000e-003	
64	4.850000e-003	
65	5.350000e-003	
66	5.400000e-003	
67	5.775000e-003	
68	5.775000e-003	
69	5.950000e-003	
70	6.225000e-003	
71	5.825000e-003	
72	6.200000e-003	
73	6.125000e-003	
74	6.275000e-003	
75	6.325000e-003	
76	6.325000e-003	
77	5.650000e-003	
78	5.700000e-003	
79	6.100000e-003	
80	6.375000e-003	
81	6.600000e-003	
82	6.900000e-003	
83	6.525000e-003	
84	6.925000e-003	
85	6.725000e-003	
86	7.200000e-003	
87	6.675000e-003	
88	6.525000e-003	
89	7.025000e-003	
90	6.925000e-003	
91	6.675000e-003	
92	6.125000e-003	
93	6.125000e-003	
94	6.350000e-003	
95	6.350000e-003	
96	6.175000e-003	
97	6.075000e-003	
98	5.600000e-003	
99	5.000000e-003	
100	4.775000e-003	
101	5.175000e-003	
102	5.000000e-003	
103	4.875000e-003	
104	5.000000e-003	
105	4.525000e-003	
106	4.600000e-003	
107	4.875000e-003	
108	4.925000e-003	
109	5.325000e-003	
110	5.575000e-003	
111	5.850000e-003	
112	5.725000e-003	
113	5.550000e-003	
114	5.675000e-003	
115	5.575000e-003	
116	4.925000e-003	
117	4.900000e-003	
118	5.350000e-003	
119	5.250000e-003	
120	4.675000e-003	
121	4.900000e-003	
122	5.350000e-003	
123	4.325000e-003	
124	4.125000e-003	
125	3.675000e-003	
126	3.400000e-003	
127	3.150000e-003	
128	2.925000e-003	
129	2.125000e-003	
130	2.450000e-003	
131	2.675000e-003	
132	2.725000e-003	
133	2.900000e-003	
134	2.975000e-003	
135	2.500000e-003	
136	2.250000e-003	
137	1.725000e-003	
138	9.750000e-004	
139	1.025000e-003	
140	9.000000e-004	
141	8.500000e-004	
142	8.250000e-004	
143	3.500000e-004	
144	3.250000e-004	
145	2.250000e-004	
146	1.250000e-004	
147	5.000000e-005	
148	1.250000e-004	
149	5.000000e-005	
150	0	
151	0	
152	0	
153	0	
154	0	
155	0	
156	0	
157	0	
158	0	
159	0	
160	0	
161	0	
162	0	
163	0	
164	0	
165	0	
166	0	
167	0	
168	0	
169	0	
170	0	
171	0	
172	0	
173	0	
174	0	
175	0	
176	0	
177	0	
178	0	
179	0	
180	0	
181	0	
182	0	
183	0	
184	0	
185	0	
186	0	
187	0	
188	0	
189	0	
190	0	
191	0	
192	0	
193	0	
194	0	
195	0	
196	0	
197	0	
198	0	
199	0	
200	0	
201	0	
202	0	
203	0	
204	0	
205	0	
206	0	
207	0	
208	0	
209	0	
210	0	
211	0	
212	0	
213	0	
214	0	
215	0	
216	0	
217	0	
218	0	
219	0	
220	0	
221	0	
222	0	
223	0	
224	0	
225	0	
226	0	
227	0	
228	0	
229	0	
230	0	
231	0	
232	0	
233	0	
234	0	
235	0	
236	0	
237	0	
238	0	
239	0	
240	0	
241	0	
242	0	
243	0	
244	0	
245	0	
246	0	
247	0	
248	0	
249	0	
250	5.000000e-005	
251	7.500000e-005	
252	5.000000e-005	
253	2.500000e-005	
254	2.500000e-005	
255	2.500000e-005	
256	2.500000e-005	
257	0	
258	0	
259	0	
260	0	
261	0	
262	0	
263	0	
264	0	
265	0	
266	0	
267	0	
268	0	
269	0	
270	0	
271	0	
272	0	
273	0	
274	0	
275	0	
276	0	
277	0	
278	0	
279	0	
280	0	
281	0	
282	0	
283	0	
284	0	
285	0	
286	0	
287	0	
288	0	
289	0	
290	0	
291	0	
292	0	
293	0	
294	0	
295	0	
296	0	
297	0	
298	0	
299	0	
300	0	
301	0	
302	2.500000e-005	
303	7.500000e-005	
304	1.000000e-004	
305	2.500000e-005	
306	2.500000e-005	
307	2.500000e-005	
308	2.500000e-005	
309	0	
310	0	
311	0	
312	0	
313	0	
314	0	
315	0	
316	0	
317	0	
318	0	
319	0	
320	0	
321	0	
322	0	
323	0	
324	0	
325	0	
326	0	
327	0	
328	0	
329	0	
330	0	
331	0	
332	0	
333	0	
334	0	
335	0	
336	0	
337	0	
338	0	
339	0	
340	0	
341	0	
342	0	
343	0	
344	0	
345	0	
346	0	
347	0	
348	0	
349	0	
350	0	
351	0	
352	0	
353	0	
354	0	
355	0	
356	0	
357	0	
358	0	
359	0	
360	0	
361	0	
362	0	
363	0	
364	0	
365	0	
366	0	
367	0	
368	0	
369	0	
370	0	
371	0	
372	0	
373	0	
374	0	
375	0	
376	0	
377	0	
378	0	
379	0	
380	0	
381	0	
382	0	
383	0	
384	0	
385	0	
386	0	
387	0	
388	0	
389	0	
390	0	
391	0	
392	0	
393	0	
394	0	
395	0	
396	0	
397	0	
398	0	
399	0	
400	0	
401	0	
402	0	
403	0	
404	0	
405	0	
406	0	
407	0	
408	0	
409	0	
410	0	
411	0	
412	0	
413	0	
414	0	
415	0	
416	0	
417	0	
418	0	
419	0	
420	0	
421	0	
422	2.500000e-005	
423	2.500000e-005	
424	2.500000e-005	
425	2.500000e-005	
426	0	
427	0	
428	0	
429	0	
430	0	
431	0	
432	0	
433	0	
434	0	
435	0	
436	0	
437	0	
438	0	
439	0	
440	0	
441	0	
442	0	
443	0	
444	0	
445	0	
446	0	
447	0	
448	0	
449	0	
450	0	
451	0	
452	0	
453	0	
454	0	
455	0	
456	0	
457	0	
458	0	
459	0	
460	0	
461	0	
462	0	
463	0	
464	0	
465	0	
466	5.000000e-005	
467	5.000000e-005	
468	2.500000e-005	
469	2.500000e-005	
470	5.000000e-005	
471	2.500000e-005	
472	0	
473	0	
474	0	
475	0	
476	0	
477	0	
478	2.500000e-005	
479	1.000000e-004	
480	1.500000e-004	
481	1.000000e-004	
482	7.500000e-005	
483	5.000000e-005	
484	5.000000e-005	
485	5.000000e-005	
486	5.000000e-005	
487	7.500000e-005	
488	1.250000e-004	
489	1.000000e-004	
490	5.000000e-005	
491	1.250000e-004	
492	2.000000e-004	
493	2.750000e-004	
494	2.750000e-004	
495	2.000000e-004	
496	2.000000e-004	
497	1.750000e-004	
498	1.000000e-004	
499	1.250000e-004	
500	7.500000e-005	
501	1.000000e-004	
502	2.000000e-004	
503	1.750000e-004	
504	1.000000e-004	
505	7.500000e-005	
506	1.000000e-004	
507	1.000000e-004	
508	1.000000e-004	
509	1.250000e-004	
510	2.500000e-004	
511	2.500000e-004	
512	3.000000e-004	
513	2.250000e-004	
514	1.500000e-004	
515	1.750000e-004	
516	1.500000e-004	
517	1.000000e-004	
518	1.250000e-004	
519	1.250000e-004	
520	1.000000e-004	
521	7.500000e-005	
522	1.250000e-004	
523	1.750000e-004	
524	1.500000e-004	
525	2.000000e-004	
526	1.750000e-004	
527	2.000000e-004	
528	2.000000e-004	
529	1.750000e-004	
530	2.000000e-004	
531	2.750000e-004	
532	3.000000e-004	
533	4.000000e-004	
534	3.500000e-004	
535	1.500000e-004	
536	2.000000e-004	
537	1.750000e-004	
538	1.750000e-004	
539	1.250000e-004	
540	1.250000e-004	
541	1.500000e-004	
542	1.500000e-004	
543	1.250000e-004	
544	1.250000e-004	
545	1.000000e-004	
546	1.250000e-004	
547	1.250000e-004	
548	7.500000e-005	
549	7.500000e-005	
550	1.000000e-004	
551	1.000000e-004	
552	1.500000e-004	
553	2.500000e-004	
554	3.000000e-004	
555	1.000000e-004	
556	1.500000e-004	
557	2.000000e-004	
558	2.250000e-004	
559	1.750000e-004	
560	2.750000e-004	
561	3.000000e-004	
562	2.250000e-004	
563	3.250000e-004	
564	3.750000e-004	
565	4.000000e-004	
566	4.750000e-004	
567	3.750000e-004	
568	3.500000e-004	
569	5.500000e-004	
570	5.250000e-004	
571	5.750000e-004	
572	5.750000e-004	
573	7.250000e-004	
574	8.000000e-004	
575	7.000000e-004	
576	5.250000e-004	
577	7.500000e-004	
578	7.250000e-004	
579	8.000000e-004	
580	7.250000e-004	
581	9.000000e-004	
582	7.750000e-004	
583	8.750000e-004	
584	8.000000e-004	
585	8.750000e-004	
586	1.025000e-003	
587	1.175000e-003	
588	1.325000e-003	
589	1.175000e-003	
590	1.075000e-003	
591	1.300000e-003	
592	1.425000e-003	
593	1.800000e-003	
594	1.575000e-003	
595	1.600000e-003	
596	1.475000e-003	
597	1.675000e-003	
598	1.650000e-003	
599	2.200000e-003	
600	2.175000e-003	
601	2.225000e-003	
602	2.200000e-003	
603	2.600000e-003	
604	2.425000e-003	
605	2.650000e-003	
606	2.650000e-003	
607	2.600000e-003	
608	2.350000e-003	
609	2.675000e-003	
610	2.675000e-003	
611	3.000000e-003	
612	2.250000e-003	
613	2.200000e-003	
614	2.425000e-003	
615	2.500000e-003	
616	2.150000e-003	
617	2.250000e-003	
618	2.150000e-003	
619	2.075000e-003	
620	2.275000e-003	
621	2.050000e-003	
622	2.025000e-003	
623	2.025000e-003	
624	2.200000e-003	
625	2.150000e-003	
626	2.475000e-003	
627	2.300000e-003	
628	2.325000e-003	
629	2.575000e-003	
630	2.300000e-003	
631	2.200000e-003	
632	2.275000e-003	
633	2.075000e-003	
634	2.250000e-003	
635	2.075000e-003	
636	2.225000e-003	
637	2.425000e-003	
638	2.225000e-003	
639	1.875000e-003	
640	1.925000e-003	
641	2.450000e-003	
642	2.350000e-003	
643	2.600000e-003	
644	2.275000e-003	
645	2.425000e-003	
646	2.875000e-003	
647	2.550000e-003	
648	2.425000e-003	
649	2.475000e-003	
650	2.475000e-003	
651	2.675000e-003	
652	2.350000e-003	
653	2.575000e-003	
654	2.800000e-003	
655	2.950000e-003	
656	2.950000e-003	
657	3.375000e-003	
658	3.775000e-003	
659	3.350000e-003	
660	3.650000e-003	
661	3.675000e-003	
662	3.625000e-003	
663	3.500000e-003	
664	3.850000e-003	
665	3.875000e-003	
666	3.600000e-003	
667	3.675000e-003	
668	3.725000e-003	
669	3.500000e-003	
670	2.775000e-003	
671	2.975000e-003	
672	2.775000e-003	
673	2.625000e-003	
674	2.875000e-003	
675	3.200000e-003	
676	2.825000e-003	
677	2.600000e-003	
678	2.975000e-003	
679	2.875000e-003	
680	3.200000e-003	
681	3.450000e-003	
682	2.900000e-003	
683	3.225000e-003	
684	3.525000e-003	
685	3.200000e-003	
686	2.375000e-003	
687	2.950000e-003	
688	3.100000e-003	
689	3.225000e-003	
690	2.675000e-003	
691	2.475000e-003	
692	2.600000e-003	
693	2.800000e-003	
694	2.500000e-003	
695	2.550000e-003	
696	2.825000e-003	
697	2.600000e-003	
698	2.800000e-003	
699	3.100000e-003	
700	2.950000e-003	
701	2.750000e-003	
702	2.575000e-003	
703	2.425000e-003	
704	2.800000e-003	
705	3.200000e-003	
706	2.850000e-003	
707	2.625000e-003	
708	2.375000e-003	
709	2.250000e-003	
710	2.075000e-003	
711	2.100000e-003	
712	1.775000e-003	
713	1.750000e-003	
714	1.375000e-003	
715	1.400000e-003	
716	1.450000e-003	
717	1.375000e-003	
718	1.500000e-003	
719	1.550000e-003	
720	1.425000e-003	
721	1.400000e-003	
722	1.625000e-003	
723	1.400000e-003	
724	1.550000e-003	
725	1.225000e-003	
726	1.350000e-003	
727	9.750000e-004	
728	9.750000e-004	
729	9.500000e-004	
730	8.500000e-004	
731	5.750000e-004	
732	7.000000e-004	
733	7.000000e-004	
734	5.250000e-004	
735	4.750000e-004	
736	5.750000e-004	
737	6.250000e-004	
738	6.250000e-004	
739	5.250000e-004	
740	3.250000e-004	
741	2.500000e-004	
742	3.250000e-004	
743	2.250000e-004	
744	1.500000e-004	
745	2.500000e-004	
746	1.750000e-004	
747	2.000000e-004	
748	2.000000e-004	
749	1.250000e-004	
750	1.750000e-004	
751	2.000000e-004	
752	2.500000e-004	
753	2.000000e-004	
754	2.500000e-004	
755	3.000000e-004	
756	2.750000e-004	
757	2.250000e-004	
758	1.000000e-004	
759	5.000000e-005	
760	1.250000e-004	
761	1.000000e-004	
762	5.000000e-005	
763	7.500000e-005	
764	7.500000e-005	
765	7.500000e-005	
766	2.500000e-005	
767	2.500000e-005	
768	0	
769	0	
770	0	
771	0	
772	0	
773	0	
774	0	
775	0	
776	0	
777	0	
778	0	
779	0	
780	0	
781	0	
782	0	
783	0	
784	0	
785	0	
786	0	
787	0	
788	0	
789	0	
790	0	
791	0	
792	0	
793	0	
794	0	
795	2.500000e-005	
796	5.000000e-005	
797	5.000000e-005	
798	5.000000e-005	
799	2.500000e-005	
800	5.000000e-005	
801	2.500000e-005	
802	7.500000e-005	
803	5.000000e-005	
804	5.000000e-005	
805	2.500000e-005	
806	7.500000e-005	
807	1.500000e-004	
808	7.500000e-005	
809	7.500000e-005	
810	7.500000e-005	
811	2.500000e-005	
812	2.500000e-005	
813	0	
814	0	
815	0	
816	0	
817	0	
818	0	
819	0	
820	0	
821	0	
822	0	
823	0	
824	0	
825	0	
826	0	
827	0	
828	0	
829	0	
830	0	
831	0	
832	0	
833	0	
834	0	
835	0	
836	0	
837	0	
838	0	
839	0	
840	0	
841	0	
842	0	
843	0	
844	0	
845	0	
846	0	
847	0	
848	0	
849	0	
850	0	
851	0	
852	0	
853	0	
854	0	
855	0	
856	0	
857	0	
858	0	
859	0	
860	0	
861	0	
862	0	
863	0	
864	0	
865	0	
866	0	
867	0	
868	0	
869	0	
870	0	
871	0	
872	0	
873	0	
874	0	
875	0	
876	0	
877	2.500000e-005	
878	7.500000e-005	
879	7.500000e-005	
880	2.500000e-005	
881	0	
882	0	
883	0	
884	0	
885	0	
886	0	
887	0	
888	0	
889	0	
890	0	
891	0	
892	0	
893	0	
894	0	
895	0	
896	0	
897	5.000000e-005	
898	1.250000e-004	
899	1.250000e-004	
900	1.250000e-004	
901	1.500000e-004	
902	1.250000e-004	
903	1.000000e-004	
904	7.500000e-005	
905	2.500000e-005	
906	1.000000e-004	
907	2.500000e-005	
908	2.500000e-005	
909	0	
910	0	
911	2.500000e-005	
912	1.750000e-004	
913	5.000000e-005	
914	1.000000e-004	
915	0	
916	0	
917	0	
918	0	
919	0	
920	0	
921	0	
922	0	
923	2.500000e-005	
924	2.500000e-005	
925	0	
926	0	
927	0	
928	0	
929	0	
930	0	
931	0	
932	0	
933	0	
934	0	
935	0	
936	0	
937	0	
938	0	
939	0	
940	0	
941	0	
942	2.500000e-005	
943	2.500000e-005	
944	0	
945	0	
946	0	
947	0	
948	0	
949	0	
950	0	
951	0	
952	0	
953	0	
954	0	
955	0	
956	0	
957	0	
958	0	
959	0	
960	0	
961	0	
962	0	
963	0	
964	0	
965	0	
966	0	
967	0	
968	0	
969	0	
970	0	
971	0	
972	0	
973	0	
974	0	
975	0	
976	0	
977	0	
978	0	
979	0	
980	0	
981	0	
982	0	
983	0	
984	0	
985	0	
986	0	
987	2.500000e-005	
988	1.500000e-004	
989	2.000000e-004	
990	2.750000e-004	
991	2.500000e-004	
992	2.000000e-004	
993	2.250000e-004	
994	4.500000e-004	
995	5.250000e-004	
996	7.500000e-004	
997	5.500000e-004	
998	6.750000e-004	
999	5.750000e-004	
1000	4.500000e-004	
1001	6.250000e-004	
1002	7.000000e-004	
1003	5.000000e-004	
1004	3.500000e-004	
1005	2.750000e-004	
1006	3.250000e-004	
1007	2.750000e-004	
1008	3.250000e-004	
1009	4.000000e-004	
1010	4.500000e-004	
1011	3.750000e-004	
1012	4.500000e-004	
1013	2.750000e-004	
1014	2.250000e-004	
1015	1.000000e-004	
1016	1.250000e-004	
1017	1.250000e-004	
1018	7.500000e-005	
1019	7.500000e-005	
1020	1.250000e-004	
1021	7.500000e-005	
1022	5.000000e-005	
1023	7.500000e-005	
1024	1.500000e-004	
1025	1.750000e-004	
1026	1.750000e-004	
1027	7.500000e-005	
1028	5.000000e-005	
1029	1.500000e-004	
1030	1.000000e-004	
1031	1.750000e-004	
1032	1.750000e-004	
1033	2.000000e-004	
1034	2.250000e-004	
1035	3.000000e-004	
1036	3.750000e-004	
1037	3.500000e-004	
1038	4.500000e-004	
1039	2.500000e-004	
1040	3.000000e-004	
1041	2.000000e-004	
1042	2.250000e-004	
1043	1.750000e-004	
1044	1.250000e-004	
1045	1.250000e-004	
1046	1.250000e-004	
1047	2.000000e-004	
1048	1.750000e-004	
1049	2.000000e-004	
1050	2.000000e-004	
1051	1.750000e-004	
1052	1.500000e-004	
1053	1.000000e-004	
1054	1.250000e-004	
1055	5.000000e-005	
1056	7.500000e-005	
1057	1.000000e-004	
1058	1.000000e-004	
1059	5.000000e-005	
1060	5.000000e-005	
1061	2.500000e-005	
1062	0	
1063	0	
1064	0	
1065	2.500000e-005	
1066	5.000000e-005	
1067	1.000000e-004	
1068	7.500000e-005	
1069	1.500000e-004	
1070	2.250000e-004	
1071	1.000000e-004	
1072	1.250000e-004	
1073	1.750000e-004	
1074	1.000000e-004	
1075	1.250000e-004	
1076	5.000000e-005	
1077	7.500000e-005	
1078	2.500000e-005	
1079	0	
1080	0	
1081	0	
1082	0	
1083	0	
1084	2.500000e-005	
1085	1.750000e-004	
1086	1.750000e-004	
1087	2.500000e-004	
1088	3.000000e-004	
1089	5.000000e-004	
1090	4.250000e-004	
1091	6.500000e-004	
1092	6.250000e-004	
1093	6.250000e-004	
1094	7.000000e-004	
1095	7.750000e-004	
1096	8.500000e-004	
1097	9.000000e-004	
1098	7.750000e-004	
1099	9.500000e-004	
1100	8.250000e-004	
1101	7.250000e-004	
1102	7.500000e-004	
1103	6.750000e-004	
1104	7.000000e-004	
1105	8.750000e-004	
1106	8.750000e-004	
1107	8.250000e-004	
1108	1.000000e-003	
1109	9.500000e-004	
1110	1.050000e-003	
1111	1.000000e-003	
1112	1.150000e-003	
1113	1.250000e-003	
1114	1.250000e-003	
1115	1.075000e-003	
1116	9.500000e-004	
1117	7.500000e-004	
1118	8.750000e-004	
1119	8.250000e-004	
1120	7.500000e-004	
1121	8.000000e-004	
1122	8.250000e-004	
1123	9.250000e-004	
1124	1.075000e-003	
1125	8.500000e-004	
1126	8.500000e-004	
1127	8.500000e-004	
1128	1.075000e-003	
1129	8.750000e-004	
1130	7.750000e-004	
1131	9.000000e-004	
1132	1.150000e-003	
1133	1.250000e-003	
1134	1.150000e-003	
1135	1.075000e-003	
1136	1.250000e-003	
1137	1.375000e-003	
1138	1.325000e-003	
1139	1.525000e-003	
1140	1.500000e-003	
1141	1.450000e-003	
1142	1.600000e-003	
1143	2.000000e-003	
1144	2.450000e-003	
1145	2.400000e-003	
1146	1.800000e-003	
1147	1.475000e-003	
1148	1.800000e-003	
1149	1.725000e-003	
1150	1.625000e-003	
1151	1.600000e-003	
1152	1.700000e-003	
1153	1.425000e-003	
1154	1.800000e-003	
1155	1.850000e-003	
1156	1.775000e-003	
1157	1.625000e-003	
1158	1.700000e-003	
1159	1.975000e-003	
1160	2.000000e-003	
1161	1.650000e-003	
1162	1.625000e-003	
1163	1.750000e-003	
1164	1.700000e-003	
1165	1.625000e-003	
1166	2.050000e-003	
1167	2.025000e-003	
1168	1.750000e-003	
1169	1.925000e-003	
1170	1.975000e-003	
1171	2.175000e-003	
1172	2.700000e-003	
1173	2.625000e-003	
1174	2.775000e-003	
1175	2.425000e-003	
1176	2.300000e-003	
1177	2.350000e-003	
1178	2.475000e-003	
1179	3.150000e-003	
1180	3.325000e-003	
1181	3.875000e-003	
1182	3.750000e-003	
1183	3.500000e-003	
1184	2.900000e-003	
1185	3.200000e-003	
1186	3.350000e-003	
1187	3.200000e-003	
1188	3.075000e-003	
1189	3.275000e-003	
1190	2.850000e-003	
1191	2.900000e-003	
1192	2.950000e-003	
1193	2.550000e-003	
1194	2.675000e-003	
1195	2.500000e-003	
1196	2.425000e-003	
1197	2.425000e-003	
1198	2.900000e-003	
1199	3.000000e-003	
1200	3.175000e-003	
1201	3.250000e-003	
1202	2.775000e-003	
1203	2.725000e-003	
1204	2.700000e-003	
1205	2.850000e-003	
1206	2.875000e-003	
1207	3.025000e-003	
1208	2.900000e-003	
1209	3.425000e-003	
1210	3.125000e-003	
1211	2.800000e-003	
1212	2.725000e-003	
1213	2.675000e-003	
1214	2.775000e-003	
1215	2.950000e-003	
1216	3.000000e-003	
1217	3.050000e-003	
1218	2.725000e-003	
1219	2.525000e-003	
1220	2.600000e-003	
1221	3.175000e-003	
1222	3.425000e-003	
1223	2.900000e-003	
1224	2.950000e-003	
1225	3.150000e-003	
1226	2.925000e-003	
1227	2.925000e-003	
1228	2.775000e-003	
1229	2.700000e-003	
1230	2.850000e-003	
1231	3.025000e-003	
1232	3.250000e-003	
1233	3.025000e-003	
1234	2.575000e-003	
1235	2.075000e-003	
1236	2.450000e-003	
1237	2.050000e-003	
1238	2.425000e-003	
1239	2.325000e-003	
1240	2.850000e-003	
1241	2.375000e-003	
1242	2.000000e-003	
1243	1.600000e-003	
1244	1.525000e-003	
1245	1.550000e-003	
1246	1.600000e-003	
1247	1.550000e-003	
1248	1.450000e-003	
1249	1.175000e-003	
1250	1.000000e-003	
1251	7.750000e-004	
1252	7.000000e-004	
1253	8.500000e-004	
1254	8.000000e-004	
1255	7.000000e-004	
1256	7.750000e-004	
1257	1.000000e-003	
1258	9.500000e-004	
1259	8.500000e-004	
1260	8.750000e-004	
1261	8.500000e-004	
1262	6.750000e-004	
1263	9.500000e-004	
1264	7.250000e-004	
1265	4.000000e-004	
1266	2.750000e-004	
1267	2.250000e-004	
1268	2.750000e-004	
1269	2.500000e-004	
1270	3.250000e-004	
1271	3.750000e-004	
1272	1.500000e-004	
1273	1.000000e-004	
1274	1.250000e-004	
1275	7.500000e-005	
1276	1.250000e-004	
1277	1.500000e-004	
1278	1.250000e-004	
1279	2.500000e-004	
1280	2.250000e-004	
1281	2.500000e-004	
1282	1.250000e-004	
1283	1.500000e-004	
1284	1.500000e-004	
1285	1.250000e-004	
1286	1.500000e-004	
1287	1.750000e-004	
1288	5.000000e-005	
1289	1.250000e-004	
1290	2.500000e-005	
1291	2.500000e-005	
1292	5.000000e-005	
1293	0	
1294	0	
1295	0	
1296	0	
1297	0	
1298	0	
1299	0	
1300	0	
1301	0	
1302	0	
1303	0	
1304	0	
1305	0	
1306	0	
1307	0	
1308	0	
1309	0	
1310	0	
1311	0	
1312	0	
1313	0	
1314	0	
1315	0	
1316	0	
1317	0	
1318	0	
1319	0	
1320	0	
1321	0	
1322	2.500000e-005	
1323	7.500000e-005	
1324	7.500000e-005	
1325	0	
1326	0	
1327	0	
1328	0	
1329	0	
1330	0	
1331	0	
1332	0	
1333	0	
1334	0	
1335	0	
1336	0	
1337	2.500000e-005	
1338	7.500000e-005	
1339	5.000000e-005	
1340	5.000000e-005	
1341	5.000000e-005	
1342	1.000000e-004	
1343	5.000000e-005	
1344	2.500000e-005	
1345	2.500000e-005	
1346	5.000000e-005	
1347	0	
1348	0	
1349	0	
1350	0	
1351	0	
1352	0	
1353	0	
1354	0	
1355	0	
1356	0	
1357	0	
1358	0	
1359	0	
1360	0	
1361	0	
1362	0	
1363	0	
1364	0	
1365	0	
1366	0	
1367	0	
1368	0	
1369	0	
1370	0	
1371	0	
1372	0	
1373	0	
1374	0	
1375	2.500000e-005	
1376	0	
1377	0	
1378	0	
1379	0	
1380	0	
1381	0	
1382	0	
1383	0	
1384	2.500000e-005	
1385	5.000000e-005	
1386	5.000000e-005	
1387	1.250000e-004	
1388	5.000000e-005	
1389	2.500000e-005	
1390	5.000000e-005	
1391	5.000000e-005	
1392	2.500000e-005	
1393	0	
1394	0	
1395	0	
1396	0	
1397	0	
1398	0	
1399	0	
1400	0	
1401	0	
1402	0	
1403	0	
1404	0	
1405	0	
1406	0	
1407	0	
1408	0	
1409	0	
1410	0	
1411	0	
1412	0	
1413	0	
1414	0	
1415	0	
1416	0	
1417	0	
1418	0	
1419	0	
1420	0	
1421	0	
1422	0	
1423	0	
1424	0	
1425	0	
1426	0	
1427	0	
1428	0	
1429	0	
1430	0	
1431	0	
1432	0	
1433	0	
1434	0	
1435	0	
1436	0	
1437	0	
1438	0	
1439	0	
1440	0	
1441	0	
1442	0	
1443	0	
1444	0	
1445	0	
1446	0	
1447	0	
1448	0	
1449	0	
1450	0	
1451	0	
1452	0	
1453	0	
1454	0	
1455	0	
1456	0	
1457	0	
1458	0	
1459	0	
1460	0	
1461	0	
1462	2.500000e-005	
1463	0	
1464	0	
1465	0	
1466	0	
1467	0	
1468	0	
1469	0	
1470	0	
1471	0	
1472	2.500000e-005	
1473	1.250000e-004	
1474	2.500000e-004	
1475	2.750000e-004	
1476	4.250000e-004	
1477	4.750000e-004	
1478	4.000000e-004	
1479	5.250000e-004	
1480	5.000000e-004	
1481	7.750000e-004	
1482	1.075000e-003	
1483	9.250000e-004	
1484	8.500000e-004	
1485	9.750000e-004	
1486	1.100000e-003	
1487	1.200000e-003	
1488	1.250000e-003	
1489	1.300000e-003	
1490	1.275000e-003	
1491	1.650000e-003	
1492	1.775000e-003	
1493	1.725000e-003	
1494	1.325000e-003	
1495	1.350000e-003	
1496	1.775000e-003	
1497	2.075000e-003	
1498	2.075000e-003	
1499	2.300000e-003	
1500	1.950000e-003	
1501	1.750000e-003	
1502	1.475000e-003	
1503	1.375000e-003	
1504	1.250000e-003	
1505	1.250000e-003	
1506	1.475000e-003	
1507	1.325000e-003	
1508	1.350000e-003	
1509	1.275000e-003	
1510	1.600000e-003	
1511	1.500000e-003	
1512	1.500000e-003	
1513	1.300000e-003	
1514	1.125000e-003	
1515	9.000000e-004	
1516	1.025000e-003	
1517	1.225000e-003	
1518	8.750000e-004	
1519	7.500000e-004	
1520	7.750000e-004	
1521	5.750000e-004	
1522	4.500000e-004	
1523	6.000000e-004	
1524	6.500000e-004	
1525	6.250000e-004	
1526	7.250000e-004	
1527	7.500000e-004	
1528	7.250000e-004	
1529	7.000000e-004	
1530	5.000000e-004	
1531	3.250000e-004	
1532	2.750000e-004	
1533	2.250000e-004	
1534	3.000000e-004	
1535	3.500000e-004	
1536	1.750000e-004	
1537	1.500000e-004	
1538	1.000000e-004	
1539	7.500000e-005	
1540	1.500000e-004	
1541	1.000000e-004	
1542	1.500000e-004	
1543	2.500000e-004	
1544	2.000000e-004	
1545	1.000000e-004	
1546	1.250000e-004	
1547	1.500000e-004	
1548	1.500000e-004	
1549	2.250000e-004	
1550	1.750000e-004	
1551	1.750000e-004	
1552	1.750000e-004	
1553	2.000000e-004	
1554	3.500000e-004	
1555	3.750000e-004	
1556	2.750000e-004	
1557	3.500000e-004	
1558	3.250000e-004	
1559	2.500000e-004	
1560	2.750000e-004	
1561	3.250000e-004	
1562	4.250000e-004	
1563	5.250000e-004	
1564	4.000000e-004	
1565	4.000000e-004	
1566	4.000000e-004	
1567	5.250000e-004	
1568	4.500000e-004	
1569	3.500000e-004	
1570	1.500000e-004	
1571	2.500000e-004	
1572	1.000000e-004	
1573	1.000000e-004	
1574	1.000000e-004	
1575	1.500000e-004	
1576	1.250000e-004	
1577	1.250000e-004	
1578	2.500000e-004	
1579	1.750000e-004	
1580	1.750000e-004	
1581	2.500000e-004	
1582	1.000000e-004	
1583	1.000000e-004	
1584	5.000000e-005	
1585	1.250000e-004	
1586	5.000000e-005	
1587	0	
1588	0	
1589	0	
1590	0	
1591	0	
1592	0	
1593	0	
1594	0	
1595	0	
1596	0	
1597	0	
1598	0	
1599	0	
1600	0	
1601	0	
1602	0	
1603	0	
1604	0	
1605	0	
1606	0	
1607	0	
1608	0	
1609	0	
1610	0	
1611	0	
1612	0	
1613	0	
1614	0	
1615	0	
1616	0	
1617	0	
1618	0	
1619	0	
1620	0	
1621	0	
1622	0	
1623	0	
1624	0	
1625	0	
1626	0	
1627	0	
1628	0	
1629	0	
1630	0	
1631	0	
1632	0	
1633	0	
1634	0	
1635	0	
1636	0	
1637	0	
1638	0	
1639	0	
1640	0	
1641	0	
1642	0	
1643	0	
1644	0	
1645	0	
1646	0	
1647	0	
1648	0	
1649	0	
1650	0	
1651	0	
1652	0	
1653	0	
1654	0	
1655	0	
1656	0	
1657	0	
1658	0	
1659	0	
1660	0	
1661	0	
1662	0	
1663	0	
1664	0	
1665	0	
1666	0	
1667	0	
1668	0	
1669	0	
1670	0	
1671	0	
1672	0	
1673	0	
1674	0	
1675	0	
1676	0	
1677	0	
1678	0	
1679	0	
1680	0	
1681	0	
1682	0	
1683	0	
1684	0	
1685	0	
1686	0	
1687	0	
1688	0	
1689	0	
1690	0	
1691	0	
1692	0	
1693	0	
1694	0	
1695	0	
1696	2.500000e-005	
1697	5.000000e-005	
1698	2.500000e-005	
1699	5.000000e-005	
1700	1.250000e-004	
1701	2.250000e-004	
1702	2.250000e-004	
1703	2.750000e-004	
1704	2.500000e-004	
1705	2.750000e-004	
1706	2.000000e-004	
1707	1.250000e-004	
1708	1.250000e-004	
1709	2.500000e-005	
1710	7.500000e-005	
1711	1.000000e-004	
1712	1.000000e-004	
1713	7.500000e-005	
1714	7.500000e-005	
1715	5.000000e-005	
1716	1.000000e-004	
1717	1.000000e-004	
1718	5.000000e-005	
1719	0	
1720	0	
1721	0	
1722	0	
1723	2.500000e-005	
1724	2.500000e-005	
1725	1.000000e-004	
1726	1.250000e-004	
1727	2.750000e-004	
1728	4.000000e-004	
1729	3.000000e-004	
1730	2.750000e-004	
1731	2.500000e-004	
1732	2.000000e-004	
1733	3.000000e-004	
1734	3.750000e-004	
1735	4.000000e-004	
1736	4.750000e-004	
1737	4.500000e-004	
1738	5.250000e-004	
1739	3.500000e-004	
1740	5.000000e-004	
1741	7.500000e-004	
1742	8.250000e-004	
1743	7.750000e-004	
1744	9.750000e-004	
1745	1.075000e-003	
1746	1.100000e-003	
1747	1.425000e-003	
1748	1.500000e-003	
1749	1.300000e-003	
1750	1.600000e-003	
1751	1.500000e-003	
1752	1.525000e-003	
1753	1.425000e-003	
1754	1.625000e-003	
1755	1.850000e-003	
1756	2.225000e-003	
1757	2.100000e-003	
1758	1.950000e-003	
1759	2.025000e-003	
1760	2.450000e-003	
1761	2.600000e-003	
1762	2.475000e-003	
1763	2.525000e-003	
1764	2.650000e-003	
1765	2.325000e-003	
1766	2.450000e-003	
1767	2.500000e-003	
1768	2.225000e-003	
1769	1.950000e-003	
1770	1.950000e-003	
1771	2.250000e-003	
1772	2.100000e-003	
1773	1.975000e-003	
1774	1.950000e-003	
1775	1.850000e-003	
1776	2.075000e-003	
1777	2.700000e-003	
1778	2.725000e-003	
1779	3.075000e-003	
1780	2.550000e-003	
1781	2.700000e-003	
1782	2.650000e-003	
1783	2.250000e-003	
1784	2.300000e-003	
1785	2.950000e-003	
1786	2.750000e-003	
1787	3.075000e-003	
1788	2.825000e-003	
1789	2.775000e-003	
1790	2.800000e-003	
1791	3.375000e-003	
1792	3.300000e-003	
1793	3.225000e-003	
1794	2.850000e-003	
1795	2.750000e-003	
1796	2.650000e-003	
1797	2.900000e-003	
1798	3.050000e-003	
1799	3.150000e-003	
1800	3.675000e-003	
1801	3.925000e-003	
1802	3.850000e-003	
1803	3.975000e-003	
1804	4.200000e-003	
1805	3.825000e-003	
1806	4.425000e-003	
1807	5.025000e-003	
1808	5.375000e-003	
1809	5.425000e-003	
1810	5.425000e-003	
1811	5.725000e-003	
1812	5.700000e-003	
1813	5.625000e-003	
1814	6.075000e-003	
1815	6.150000e-003	
1816	6.100000e-003	
1817	6.000000e-003	
1818	5.900000e-003	
1819	5.950000e-003	
1820	5.800000e-003	
1821	5.950000e-003	
1822	6.025000e-003	
1823	6.050000e-003	
1824	5.750000e-003	
1825	5.750000e-003	
1826	5.925000e-003	
1827	5.825000e-003	
1828	6.225000e-003	
1829	6.450000e-003	
1830	5.850000e-003	
1831	5.500000e-003	
1832	4.875000e-003	
1833	4.350000e-003	
1834	4.000000e-003	
1835	4.100000e-003	
1836	3.400000e-003	
1837	3.375000e-003	
1838	3.000000e-003	
1839	2.725000e-003	
1840	2.700000e-003	
1841	2.725000e-003	
1842	2.750000e-003	
1843	3.150000e-003	
1844	3.300000e-003	
1845	3.400000e-003	
1846	2.200000e-003	
1847	2.025000e-003	
1848	1.700000e-003	
1849	1.325000e-003	
1850	1.425000e-003	
1851	1.425000e-003	
1852	1.350000e-003	
1853	1.425000e-003	
1854	1.400000e-003	
1855	1.150000e-003	
1856	1.125000e-003	
1857	8.500000e-004	
1858	9.250000e-004	
1859	9.000000e-004	
1860	7.250000e-004	
1861	7.500000e-004	
1862	4.250000e-004	
1863	3.250000e-004	
1864	4.250000e-004	
1865	4.750000e-004	
1866	4.250000e-004	
1867	4.500000e-004	
1868	4.750000e-004	
1869	3.250000e-004	
1870	3.500000e-004	
1871	2.750000e-004	
1872	2.250000e-004	
1873	2.750000e-004	
1874	3.250000e-004	
1875	2.750000e-004	
1876	2.000000e-004	
1877	2.250000e-004	
1878	4.000000e-004	
1879	3.750000e-004	
1880	2.750000e-004	
1881	2.000000e-004	
1882	1.500000e-004	
1883	1.250000e-004	
1884	1.250000e-004	
1885	1.750000e-004	
1886	1.500000e-004	
1887	7.500000e-005	
1888	5.000000e-005	
1889	7.500000e-005	
1890	7.500000e-005	
1891	5.000000e-005	
1892	5.000000e-005	
1893	2.500000e-005	
1894	2.500000e-005	
1895	2.500000e-005	
1896	0	
1897	0	
1898	0	
1899	0	
1900	0	
1901	0	
1902	0	
1903	0	
1904	0	
1905	0	
1906	0	
1907	0	
1908	0	
1909	0	
1910	0	
1911	0	
1912	0	
1913	0	
1914	0	
1915	0	
1916	0	
1917	0	
1918	0	
1919	0	
1920	0	
1921	0	
1922	0	
1923	0	
1924	0	
1925	0	
1926	0	
1927	0	
1928	0	
1929	0	
1930	0	
1931	0	
1932	0	
1933	0	
1934	0	
1935	0	
1936	0	
1937	0	
1938	0	
1939	0	
1940	2.500000e-005	
1941	1.000000e-004	
1942	7.500000e-005	
1943	5.000000e-005	
1944	7.500000e-005	
1945	7.500000e-005	
1946	1.000000e-004	
1947	5.000000e-005	
1948	5.000000e-005	
1949	7.500000e-005	
1950	7.500000e-005	
1951	5.000000e-005	
1952	1.000000e-004	
1953	1.250000e-004	
1954	1.000000e-004	
1955	7.500000e-005	
1956	7.500000e-005	
1957	1.000000e-004	
1958	7.500000e-005	
1959	2.500000e-005	
1960	7.500000e-005	
1961	1.000000e-004	
1962	5.000000e-005	
1963	2.500000e-005	
1964	0	
1965	0	
1966	0	
1967	0	
1968	0	
1969	0	
1970	0	
1971	0	
1972	0	
1973	0	
1974	0	
1975	0	
1976	0	
1977	0	
1978	0	
1979	0	
1980	0	
1981	0	
1982	0	
1983	0	
1984	0	
1985	0	
1986	0	
1987	0	
1988	0	
1989	0	
1990	0	
1991	0	
1992	0	
1993	0	
1994	0	
1995	0	
1996	0	
1997	0	
1998	2.500000e-005	
1999	0	
2000	0	
2001	0	
2002	0	
2003	0	
2004	0	
2005	0	
2006	0	
2007	0	
2008	0	
2009	0	
2010	0	
2011	0	
2012	0	
2013	0	
2014	0	
2015	0	
2016	0	
2017	0	
2018	0	
2019	0	
2020	0	
2021	0	
2022	0	
2023	0	
2024	0	
2025	2.500000e-005	
2026	2.500000e-005	
2027	5.000000e-005	
2028	0	
2029	0	
2030	0	
2031	0	
2032	0	
2033	0	
2034	0	
2035	0	
2036	0	
2037	0	
2038	0	
2039	0	
2040	0	
2041	0	
2042	0	
2043	0	
2044	0	
2045	0	
2046	0	
2047	0	
2048	0	
2049	0	
2050	0	
2051	0	
2052	0	
2053	0	
2054	0	
2055	0	
2056	0	
2057	0	
2058	0	
2059	0	
2060	0	
2061	0	
2062	0	
2063	0	
2064	0	
2065	0	
2066	0	
2067	0	
2068	0	
2069	0	
2070	0	
2071	0	
2072	0	
2073	0	
2074	0	
2075	0	
2076	0	
2077	0	
2078	0	
2079	0	
2080	0	
2081	0	
2082	0	
2083	0	
2084	0	
2085	0	
2086	0	
2087	0	
2088	2.500000e-005	
2089	2.500000e-005	
2090	2.500000e-005	
2091	0	
2092	0	
2093	0	
2094	0	
2095	0	
2096	0	
2097	0	
2098	0	
2099	0	
2100	2.500000e-005	
2101	7.500000e-005	
2102	5.000000e-005	
2103	2.500000e-005	
2104	0	
2105	0	
2106	0	
2107	0	
2108	0	
2109	0	
2110	0	
2111	0	
2112	0	
2113	0	
2114	0	
2115	0	
2116	0	
2117	0	
2118	0	
2119	2.500000e-005	
2120	7.500000e-005	
2121	2.500000e-005	
2122	2.500000e-005	
2123	5.000000e-005	
2124	2.500000e-005	
2125	2.500000e-005	
2126	0	
2127	0	
2128	0	
2129	0	
2130	0	
2131	0	
2132	0	
2133	0	
2134	0	
2135	0	
2136	0	
2137	0	
2138	0	
2139	0	
2140	0	
2141	0	
2142	0	
2143	0	
2144	0	
2145	0	
2146	0	
2147	0	
2148	0	
2149	0	
2150	0	
2151	0	
2152	0	
2153	0	
2154	0	
2155	0	
2156	0	
2157	0	
2158	0	
2159	0	
2160	0	
2161	0	
2162	0	
2163	0	
2164	0	
2165	0	
2166	0	
2167	0	
2168	0	
2169	0	
2170	0	
2171	0	
2172	0	
2173	0	
2174	0	
2175	0	
2176	0	
2177	0	
2178	0	
2179	0	
2180	0	
2181	0	
2182	0	
2183	0	
2184	0	
2185	0	
2186	0	
2187	0	
2188	0	
2189	0	
2190	0	
2191	0	
2192	0	
2193	0	
2194	0	
2195	0	
2196	0	
2197	0	
2198	0	
2199	0	
2200	0	
2201	0	
2202	0	
2203	0	
2204	0	
2205	0	
2206	0	
2207	0	
2208	0	
2209	0	
2210	0	
2211	0	
2212	0	
2213	0	
2214	0	
2215	0	
2216	0	
2217	0	
2218	0	
2219	0	
2220	0	
2221	0	
2222	0	
2223	0	
2224	0	
2225	0	
2226	0	
2227	0	
2228	0	
2229	0	
2230	2.500000e-005	
2231	1.250000e-004	
2232	1.000000e-004	
2233	1.500000e-004	
2234	7.500000e-005	
2235	7.500000e-005	
2236	2.500000e-005	
2237	0	
2238	0	
2239	0	
2240	0	
2241	0	
2242	0	
2243	0	
2244	0	
2245	0	
2246	0	
2247	0	
2248	0	
2249	0	
2250	0	
2251	0	
2252	0	
2253	0	
2254	0	
2255	2.500000e-005	
2256	1.250000e-004	
2257	2.000000e-004	
2258	1.500000e-004	
2259	1.250000e-004	
2260	1.500000e-004	
2261	1.000000e-004	
2262	2.250000e-004	
2263	1.250000e-004	
2264	1.000000e-004	
2265	7.500000e-005	
2266	7.500000e-005	
2267	1.000000e-004	
2268	2.500000e-005	
2269	0	
2270	0	
2271	0	
2272	2.500000e-005	
2273	0	
2274	0	
2275	0	
2276	0	
2277	0	
2278	0	
2279	0	
2280	0	
2281	0	
2282	0	
2283	0	
2284	0	
2285	0	
2286	0	
2287	0	
2288	0	
2289	0	
2290	0	
2291	0	
2292	5.000000e-005	
2293	1.250000e-004	
2294	1.500000e-004	
2295	2.750000e-004	
2296	2.000000e-004	
2297	1.750000e-004	
2298	2.250000e-004	
2299	1.500000e-004	
2300	1.500000e-004	
2301	2.250000e-004	
2302	2.000000e-004	
2303	1.250000e-004	
2304	1.250000e-004	
2305	1.500000e-004	
2306	3.000000e-004	
2307	4.000000e-004	
2308	6.000000e-004	
2309	5.500000e-004	
2310	5.500000e-004	
2311	8.250000e-004	
2312	8.000000e-004	
2313	8.250000e-004	
2314	7.750000e-004	
2315	8.750000e-004	
2316	8.250000e-004	
2317	8.250000e-004	
2318	8.500000e-004	
2319	8.250000e-004	
2320	8.250000e-004	
2321	9.500000e-004	
2322	8.750000e-004	
2323	9.750000e-004	
2324	9.750000e-004	
2325	1.325000e-003	
2326	1.300000e-003	
2327	1.475000e-003	
2328	1.625000e-003	
2329	1.575000e-003	
2330	1.550000e-003	
2331	1.200000e-003	
2332	1.750000e-003	
2333	1.625000e-003	
2334	1.550000e-003	
2335	1.600000e-003	
2336	1.725000e-003	
2337	1.700000e-003	
2338	2.050000e-003	
2339	2.300000e-003	
2340	2.300000e-003	
2341	2.125000e-003	
2342	2.450000e-003	
2343	2.200000e-003	
2344	2.525000e-003	
2345	2.525000e-003	
2346	2.350000e-003	
2347	2.500000e-003	
2348	2.525000e-003	
2349	2.675000e-003	
2350	2.800000e-003	
2351	2.825000e-003	
2352	3.475000e-003	
2353	3.625000e-003	
2354	4.050000e-003	
2355	4.175000e-003	
2356	3.950000e-003	
2357	4.150000e-003	
2358	4.275000e-003	
2359	4.850000e-003	
2360	4.900000e-003	
2361	5.200000e-003	
2362	5.125000e-003	
2363	5.200000e-003	
2364	5.300000e-003	
2365	5.800000e-003	
2366	6.625000e-003	
2367	6.625000e-003	
2368	6.125000e-003	
2369	5.150000e-003	
2370	5.050000e-003	
2371	5.350000e-003	
2372	5.175000e-003	
2373	6.225000e-003	
2374	6.250000e-003	
2375	7.125000e-003	
2376	7.300000e-003	
2377	7.350000e-003	
2378	7.500000e-003	
2379	7.025000e-003	
2380	6.725000e-003	
2381	6.825000e-003	
2382	5.875000e-003	
2383	5.725000e-003	
2384	5.850000e-003	
2385	5.900000e-003	
2386	6.475000e-003	
2387	5.475000e-003	
2388	5.250000e-003	
2389	5.175000e-003	
2390	5.475000e-003	
2391	6.375000e-003	
2392	6.150000e-003	
2393	5.550000e-003	
2394	5.200000e-003	
2395	5.025000e-003	
2396	5.125000e-003	
2397	4.725000e-003	
2398	5.150000e-003	
2399	5.050000e-003	
2400	5.325000e-003	
2401	4.200000e-003	
2402	3.650000e-003	
2403	3.425000e-003	
2404	3.825000e-003	
2405	3.750000e-003	
2406	3.650000e-003	
2407	3.400000e-003	
2408	3.625000e-003	
2409	3.500000e-003	
2410	3.500000e-003	
2411	3.325000e-003	
2412	2.900000e-003	
2413	3.000000e-003	
2414	3.125000e-003	
2415	2.775000e-003	
2416	2.900000e-003	
2417	2.650000e-003	
2418	2.125000e-003	
2419	1.900000e-003	
2420	1.700000e-003	
2421	1.725000e-003	
2422	1.650000e-003	
2423	1.650000e-003	
2424	1.450000e-003	
2425	1.375000e-003	
2426	1.075000e-003	
2427	6.750000e-004	
2428	6.750000e-004	
2429	4.000000e-004	
2430	6.000000e-004	
2431	3.750000e-004	
2432	3.250000e-004	
2433	2.250000e-004	
2434	2.750000e-004	
2435	3.000000e-004	
2436	2.750000e-004	
2437	3.250000e-004	
2438	3.250000e-004	
2439	3.500000e-004	
2440	3.250000e-004	
2441	1.500000e-004	
2442	1.250000e-004	
2443	1.250000e-004	
2444	1.750000e-004	
2445	2.250000e-004	
2446	1.250000e-004	
2447	1.000000e-004	
2448	7.500000e-005	
2449	7.500000e-005	
2450	2.500000e-005	
2451	2.500000e-005	
2452	0	
2453	0	
2454	0	
2455	0	
2456	0	
2457	0	
2458	0	
2459	0	
2460	0	
2461	0	
2462	0	
2463	0	
2464	0	
2465	0	
2466	0	
2467	0	
2468	0	
2469	0	
2470	0	
2471	0	
2472	0	
2473	0	
2474	0	
2475	0	
2476	0	
2477	0	
2478	0	
2479	0	
2480	0	
2481	0	
2482	0	
2483	0	
2484	0	
2485	0	
2486	0	
2487	0	
2488	0	
2489	0	
2490	0	
2491	0	
2492	0	
2493	0	
2494	0	
2495	0	
2496	0	
2497	0	
2498	0	
2499	0	
2500	0	
2501	0	
2502	0	
2503	0	
2504	0	
2505	0	
2506	0	
2507	0	
2508	0	
2509	0	
2510	0	
2511	0	
2512	0	
2513	0	
2514	0	
2515	0	
2516	0	
2517	0	
2518	0	
2519	0	
2520	0	
2521	0	
2522	0	
2523	0	
2524	0	
2525	0	
2526	0	
2527	0	
2528	0	
2529	0	
2530	0	
2531	2.500000e-005	
2532	2.500000e-005	
2533	0	
2534	0	
2535	0	
2536	0	
2537	0	
2538	0	
2539	0	
2540	0	
2541	0	
2542	0	
2543	0	
2544	0	
2545	0	
2546	0	
2547	0	
2548	0	
2549	0	
2550	0	
2551	0	
2552	0	
2553	0	
2554	0	
2555	0	
2556	0	
2557	0	
2558	0	
2559	0	
2560	0	
2561	0	
2562	0	
2563	0	
2564	0	
2565	0	
2566	0	
2567	0	
2568	0	
2569	0	
2570	0	
2571	0	
2572	0	
2573	0	
2574	0	
2575	0	
2576	0	
2577	0	
2578	0	
2579	0	
2580	0	
2581	0	
2582	0	
2583	0	
2584	0	
2585	0	
2586	0	
2587	0	
2588	0	
2589	0	
2590	0	
2591	0	
2592	0	
2593	0	
2594	0	
2595	0	
2596	0	
2597	0	
2598	0	
2599	2.500000e-005	
2600	1.000000e-004	
2601	5.000000e-005	
2602	7.500000e-005	
2603	7.500000e-005	
2604	5.000000e-005	
2605	2.500000e-005	
2606	2.500000e-005	
2607	0	
2608	0	
2609	0	
2610	0	
2611	0	
2612	0	
2613	0	
2614	0	
2615	0	
2616	0	
2617	0	
2618	0	
2619	0	
2620	0	
2621	0	
2622	0	
2623	0	
2624	2.500000e-005	
2625	7.500000e-005	
2626	5.000000e-005	
2627	7.500000e-005	
2628	0	
2629	0	
2630	0	
2631	0	
2632	0	
2633	0	
2634	0	
2635	0	
2636	0	
2637	0	
2638	0	
2639	0	
2640	0	
2641	0	
2642	0	
2643	0	
2644	0	
2645	0	
2646	0	
2647	0	
2648	0	
2649	0	
2650	2.500000e-005	
2651	1.000000e-004	
2652	7.500000e-005	
2653	1.750000e-004	
2654	1.250000e-004	
2655	1.500000e-004	
2656	1.250000e-004	
2657	7.500000e-005	
2658	7.500000e-005	
2659	2.500000e-005	
2660	5.000000e-005	
2661	7.500000e-005	
2662	7.500000e-005	
2663	1.000000e-004	
2664	1.750000e-004	
2665	1.500000e-004	
2666	5.000000e-005	
2667	2.500000e-005	
2668	0	
2669	0	
2670	0	
2671	0	
2672	0	
2673	0	
2674	0	
2675	0	
2676	0	
2677	0	
2678	0	
2679	0	
2680	0	
2681	0	
2682	0	
2683	0	
2684	0	
2685	0	
2686	0	
2687	0	
2688	0	
2689	0	
2690	0	
2691	0	
2692	0	
2693	0	
2694	0	
2695	0	
2696	0	
2697	0	
2698	0	
2699	0	
2700	0	
2701	0	
2702	0	
2703	0	
2704	0	
2705	0	
2706	0	
2707	0	
2708	0	
2709	0	
2710	0	
2711	0	
2712	0	
2713	0	
2714	0	
2715	0	
2716	0	
2717	0	
2718	0	
2719	0	
2720	0	
2721	0	
2722	0	
2723	0	
2724	0	
2725	0	
2726	0	
2727	0	
2728	0	
2729	0	
2730	0	
2731	0	
2732	0	
2733	0	
2734	0	
2735	0	
2736	0	
2737	2.500000e-005	
2738	5.000000e-005	
2739	2.500000e-005	
2740	2.500000e-005	
2741	0	
2742	0	
2743	0	
2744	0	
2745	0	
2746	0	
2747	0	
2748	0	
2749	0	
2750	0	
2751	0	
2752	0	
2753	0	
2754	0	
2755	0	
2756	0	
2757	0	
2758	0	
2759	0	
2760	0	
2761	0	
2762	0	
2763	0	
2764	0	
2765	0	
2766	0	
2767	0	
2768	0	
2769	0	
2770	0	
2771	0	
2772	0	
2773	0	
2774	0	
2775	0	
2776	0	
2777	0	
2778	0	
2779	0	
2780	0	
2781	0	
2782	0	
2783	0	
2784	0	
2785	0	
2786	0	
2787	2.500000e-005	
2788	5.000000e-005	
2789	5.000000e-005	
2790	5.000000e-005	
2791	1.000000e-004	
2792	7.500000e-005	
2793	1.000000e-004	
2794	1.250000e-004	
2795	1.750000e-004	
2796	1.750000e-004	
2797	1.500000e-004	
2798	2.500000e-004	
2799	3.000000e-004	
2800	2.750000e-004	
2801	2.250000e-004	
2802	2.500000e-004	
2803	4.750000e-004	
2804	4.000000e-004	
2805	5.000000e-004	
2806	5.000000e-004	
2807	4.750000e-004	
2808	3.000000e-004	
2809	4.000000e-004	
2810	1.500000e-004	
2811	3.250000e-004	
2812	5.000000e-004	
2813	5.750000e-004	
2814	6.250000e-004	
2815	6.750000e-004	
2816	6.000000e-004	
2817	6.000000e-004	
2818	5.250000e-004	
2819	7.500000e-004	
2820	7.750000e-004	
2821	6.500000e-004	
2822	6.750000e-004	
2823	5.500000e-004	
2824	5.250000e-004	
2825	5.250000e-004	
2826	4.750000e-004	
2827	5.750000e-004	
2828	6.000000e-004	
2829	6.000000e-004	
2830	6.750000e-004	
2831	6.500000e-004	
2832	7.500000e-004	
2833	7.500000e-004	
2834	1.050000e-003	
2835	1.175000e-003	
2836	8.500000e-004	
2837	5.500000e-004	
2838	5.250000e-004	
2839	6.000000e-004	
2840	5.250000e-004	
2841	7.000000e-004	
2842	5.000000e-004	
2843	4.750000e-004	
2844	4.750000e-004	
2845	5.250000e-004	
2846	5.250000e-004	
2847	6.250000e-004	
2848	5.000000e-004	
2849	4.500000e-004	
2850	3.500000e-004	
2851	4.750000e-004	
2852	5.500000e-004	
2853	6.250000e-004	
2854	8.250000e-004	
2855	9.250000e-004	
2856	9.000000e-004	
2857	1.000000e-003	
2858	1.200000e-003	
2859	1.250000e-003	
2860	1.425000e-003	
2861	1.275000e-003	
2862	1.075000e-003	
2863	1.175000e-003	
2864	1.150000e-003	
2865	1.125000e-003	
2866	1.100000e-003	
2867	1.250000e-003	
2868	1.500000e-003	
2869	1.375000e-003	
2870	1.350000e-003	
2871	1.175000e-003	
2872	1.125000e-003	
2873	1.300000e-003	
2874	1.050000e-003	
2875	8.500000e-004	
2876	8.250000e-004	
2877	8.250000e-004	
2878	1.100000e-003	
2879	1.025000e-003	
2880	1.125000e-003	
2881	1.000000e-003	
2882	1.050000e-003	
2883	1.050000e-003	
2884	1.075000e-003	
2885	1.025000e-003	
2886	9.750000e-004	
2887	1.050000e-003	
2888	1.175000e-003	
2889	1.050000e-003	
2890	1.100000e-003	
2891	1.375000e-003	
2892	1.075000e-003	
2893	9.500000e-004	
2894	9.500000e-004	
2895	1.025000e-003	
2896	1.050000e-003	
2897	1.275000e-003	
2898	1.150000e-003	
2899	1.050000e-003	
2900	1.050000e-003	
2901	1.025000e-003	
2902	1.075000e-003	
2903	1.175000e-003	
2904	1.150000e-003	
2905	1.100000e-003	
2906	9.000000e-004	
2907	1.275000e-003	
2908	1.450000e-003	
2909	1.550000e-003	
2910	1.450000e-003	
2911	1.550000e-003	
2912	1.500000e-003	
2913	1.500000e-003	
2914	1.425000e-003	
2915	1.600000e-003	
2916	1.775000e-003	
2917	1.650000e-003	
2918	1.725000e-003	
2919	1.725000e-003	
2920	1.775000e-003	
2921	1.725000e-003	
2922	1.875000e-003	
2923	2.025000e-003	
2924	1.700000e-003	
2925	1.725000e-003	
2926	1.875000e-003	
2927	1.775000e-003	
2928	1.600000e-003	
2929	1.925000e-003	
2930	1.800000e-003	
2931	2.175000e-003	
2932	2.075000e-003	
2933	2.225000e-003	
2934	1.800000e-003	
2935	1.650000e-003	
2936	1.600000e-003	
2937	1.500000e-003	
2938	1.450000e-003	
2939	1.525000e-003	
2940	2.025000e-003	
2941	1.900000e-003	
2942	1.825000e-003	
2943	1.925000e-003	
2944	1.800000e-003	
2945	1.675000e-003	
2946	1.700000e-003	
2947	1.250000e-003	
2948	1.425000e-003	
2949	1.250000e-003	
2950	1.325000e-003	
2951	1.225000e-003	
2952	1.525000e-003	
2953	1.825000e-003	
2954	1.875000e-003	
2955	2.050000e-003	
2956	2.100000e-003	
2957	2.375000e-003	
2958	2.325000e-003	
2959	2.775000e-003	
2960	2.550000e-003	
2961	2.325000e-003	
2962	2.250000e-003	
2963	2.625000e-003	
2964	2.150000e-003	
2965	2.675000e-003	
2966	2.600000e-003	
2967	2.550000e-003	
2968	2.900000e-003	
2969	3.200000e-003	
2970	3.100000e-003	
2971	2.750000e-003	
2972	3.025000e-003	
2973	3.225000e-003	
2974	3.200000e-003	
2975	3.625000e-003	
2976	3.500000e-003	
2977	3.375000e-003	
2978	3.325000e-003	
2979	4.000000e-003	
2980	3.775000e-003	
2981	4.125000e-003	
2982	3.850000e-003	
2983	3.825000e-003	
2984	3.300000e-003	
2985	3.050000e-003	
2986	3.300000e-003	
2987	3.625000e-003	
2988	3.825000e-003	
2989	4.075000e-003	
2990	4.200000e-003	
2991	4.025000e-003	
2992	3.775000e-003	
2993	3.550000e-003	
2994	3.700000e-003	
2995	3.300000e-003	
2996	3.300000e-003	
2997	3.100000e-003	
2998	3.200000e-003	
2999	3.500000e-003	
3000	4.000000e-003	
3001	4.225000e-003	
