1	0	
2	0	
3	0	
4	0	
5	0	
6	0	
7	0	
8	0	
9	0	
10	0	
11	0	
12	0	
13	2.500000e-005	
14	1.000000e-004	
15	1.250000e-004	
16	1.000000e-004	
17	2.000000e-004	
18	3.500000e-004	
19	4.250000e-004	
20	3.500000e-004	
21	4.750000e-004	
22	7.250000e-004	
23	9.500000e-004	
24	1.100000e-003	
25	1.225000e-003	
26	1.275000e-003	
27	1.500000e-003	
28	1.450000e-003	
29	1.575000e-003	
30	1.650000e-003	
31	2.075000e-003	
32	2.425000e-003	
33	3.150000e-003	
34	3.425000e-003	
35	3.975000e-003	
36	4.525000e-003	
37	5.050000e-003	
38	5.250000e-003	
39	5.375000e-003	
40	6.375000e-003	
41	6.600000e-003	
42	6.950000e-003	
43	6.850000e-003	
44	8.375000e-003	
45	8.900000e-003	
46	9.250000e-003	
47	1.050000e-002	
48	1.120000e-002	
49	1.135000e-002	
50	1.112500e-002	
51	1.097500e-002	
52	1.152500e-002	
53	1.220000e-002	
54	1.235000e-002	
55	1.197500e-002	
56	1.190000e-002	
57	1.242500e-002	
58	1.257500e-002	
59	1.175000e-002	
60	1.170000e-002	
61	1.155000e-002	
62	1.035000e-002	
63	1.067500e-002	
64	1.065000e-002	
65	1.090000e-002	
66	1.042500e-002	
67	1.072500e-002	
68	1.137500e-002	
69	1.137500e-002	
70	1.162500e-002	
71	1.142500e-002	
72	1.030000e-002	
73	9.975000e-003	
74	9.575000e-003	
75	9.200000e-003	
76	7.700000e-003	
77	7.525000e-003	
78	7.350000e-003	
79	6.800000e-003	
80	5.925000e-003	
81	4.950000e-003	
82	4.850000e-003	
83	4.850000e-003	
84	4.725000e-003	
85	4.275000e-003	
86	4.250000e-003	
87	3.700000e-003	
88	2.775000e-003	
89	2.325000e-003	
90	1.700000e-003	
91	1.500000e-003	
92	1.050000e-003	
93	8.000000e-004	
94	9.000000e-004	
95	8.000000e-004	
96	9.000000e-004	
97	8.750000e-004	
98	7.000000e-004	
99	8.000000e-004	
100	6.000000e-004	
101	4.750000e-004	
102	4.000000e-004	
103	2.750000e-004	
104	4.500000e-004	
105	5.250000e-004	
106	3.750000e-004	
107	4.500000e-004	
108	2.750000e-004	
109	3.250000e-004	
110	3.500000e-004	
111	2.750000e-004	
112	3.000000e-004	
113	2.750000e-004	
114	2.000000e-004	
115	2.750000e-004	
116	2.500000e-004	
117	1.250000e-004	
118	7.500000e-005	
119	5.000000e-005	
120	2.500000e-005	
121	0	
122	2.500000e-005	
123	5.000000e-005	
124	2.500000e-005	
125	2.500000e-005	
126	0	
127	0	
128	0	
129	2.500000e-005	
130	0	
131	0	
132	0	
133	0	
134	0	
135	0	
136	0	
137	0	
138	0	
139	0	
140	0	
141	0	
142	0	
143	0	
144	0	
145	0	
146	0	
147	0	
148	0	
149	0	
150	0	
151	0	
152	0	
153	0	
154	0	
155	0	
156	0	
157	0	
158	2.500000e-005	
159	2.500000e-005	
160	2.500000e-005	
161	0	
162	0	
163	0	
164	0	
165	0	
166	0	
167	0	
168	0	
169	0	
170	0	
171	0	
172	0	
173	0	
174	0	
175	0	
176	0	
177	0	
178	0	
179	0	
180	0	
181	0	
182	0	
183	0	
184	0	
185	0	
186	0	
187	0	
188	0	
189	0	
190	0	
191	0	
192	0	
193	0	
194	0	
195	0	
196	0	
197	0	
198	0	
199	0	
200	0	
201	0	
202	0	
203	2.500000e-005	
204	2.500000e-005	
205	0	
206	0	
207	0	
208	0	
209	0	
210	0	
211	0	
212	0	
213	0	
214	0	
215	0	
216	0	
217	0	
218	0	
219	0	
220	0	
221	0	
222	0	
223	2.500000e-005	
224	2.500000e-005	
225	0	
226	0	
227	0	
228	0	
229	0	
230	0	
231	0	
232	0	
233	0	
234	0	
235	0	
236	0	
237	0	
238	0	
239	0	
240	0	
241	0	
242	0	
243	0	
244	0	
245	2.500000e-005	
246	2.500000e-005	
247	2.500000e-005	
248	5.000000e-005	
249	0	
250	0	
251	0	
252	2.500000e-005	
253	2.500000e-005	
254	0	
255	0	
256	0	
257	0	
258	0	
259	0	
260	0	
261	0	
262	0	
263	0	
264	0	
265	0	
266	2.500000e-005	
267	0	
268	0	
269	0	
270	0	
271	0	
272	0	
273	0	
274	0	
275	0	
276	0	
277	0	
278	0	
279	0	
280	0	
281	0	
282	2.500000e-005	
283	7.500000e-005	
284	5.000000e-005	
285	2.500000e-005	
286	2.500000e-005	
287	0	
288	0	
289	0	
290	0	
291	0	
292	0	
293	0	
294	0	
295	0	
296	0	
297	0	
298	0	
299	2.500000e-005	
300	7.500000e-005	
301	1.000000e-004	
302	7.500000e-005	
303	1.250000e-004	
304	2.250000e-004	
305	3.000000e-004	
306	2.250000e-004	
307	3.250000e-004	
308	2.250000e-004	
309	1.250000e-004	
310	5.000000e-005	
311	5.000000e-005	
312	2.500000e-005	
313	0	
314	0	
315	0	
316	0	
317	0	
318	0	
319	0	
320	0	
321	0	
322	0	
323	0	
324	0	
325	0	
326	0	
327	0	
328	0	
329	0	
330	0	
331	0	
332	0	
333	0	
334	0	
335	0	
336	0	
337	0	
338	0	
339	0	
340	0	
341	0	
342	0	
343	0	
344	0	
345	0	
346	0	
347	0	
348	0	
349	0	
350	0	
351	0	
352	0	
353	0	
354	0	
355	0	
356	0	
357	0	
358	0	
359	0	
360	2.500000e-005	
361	1.000000e-004	
362	5.000000e-005	
363	2.500000e-005	
364	5.000000e-005	
365	5.000000e-005	
366	2.500000e-005	
367	2.500000e-005	
368	0	
369	0	
370	0	
371	0	
372	0	
373	0	
374	0	
375	0	
376	0	
377	0	
378	0	
379	0	
380	0	
381	0	
382	0	
383	0	
384	0	
385	0	
386	0	
387	0	
388	0	
389	0	
390	0	
391	0	
392	0	
393	0	
394	0	
395	0	
396	0	
397	0	
398	0	
399	0	
400	0	
401	0	
402	0	
403	0	
404	0	
405	0	
406	0	
407	2.500000e-005	
408	0	
409	0	
410	0	
411	0	
412	0	
413	2.500000e-005	
414	7.500000e-005	
415	7.500000e-005	
416	5.000000e-005	
417	0	
418	0	
419	0	
420	0	
421	0	
422	0	
423	0	
424	0	
425	0	
426	0	
427	0	
428	0	
429	0	
430	0	
431	0	
432	0	
433	0	
434	0	
435	0	
436	0	
437	0	
438	0	
439	0	
440	0	
441	0	
442	0	
443	0	
444	0	
445	0	
446	0	
447	0	
448	2.500000e-005	
449	7.500000e-005	
450	1.250000e-004	
451	1.500000e-004	
452	1.000000e-004	
453	7.500000e-005	
454	1.000000e-004	
455	1.250000e-004	
456	1.500000e-004	
457	2.000000e-004	
458	1.250000e-004	
459	1.500000e-004	
460	1.500000e-004	
461	1.750000e-004	
462	1.500000e-004	
463	1.750000e-004	
464	5.000000e-005	
465	0	
466	2.500000e-005	
467	2.500000e-005	
468	2.500000e-005	
469	0	
470	0	
471	0	
472	0	
473	0	
474	2.500000e-005	
475	1.000000e-004	
476	1.000000e-004	
477	1.250000e-004	
478	7.500000e-005	
479	1.250000e-004	
480	1.000000e-004	
481	7.500000e-005	
482	1.000000e-004	
483	2.500000e-005	
484	0	
485	2.500000e-005	
486	2.500000e-005	
487	0	
488	0	
489	0	
490	0	
491	2.500000e-005	
492	5.000000e-005	
493	1.000000e-004	
494	0	
495	0	
496	0	
497	0	
498	0	
499	0	
500	2.500000e-005	
501	1.250000e-004	
502	1.500000e-004	
503	1.500000e-004	
504	2.250000e-004	
505	2.500000e-004	
506	1.250000e-004	
507	2.500000e-005	
508	2.500000e-005	
509	7.500000e-005	
510	7.500000e-005	
511	1.250000e-004	
512	1.750000e-004	
513	2.250000e-004	
514	1.750000e-004	
515	1.500000e-004	
516	1.750000e-004	
517	1.750000e-004	
518	1.750000e-004	
519	1.750000e-004	
520	2.000000e-004	
521	2.000000e-004	
522	2.750000e-004	
523	2.500000e-004	
524	1.500000e-004	
525	2.000000e-004	
526	2.500000e-004	
527	3.500000e-004	
528	2.750000e-004	
529	2.750000e-004	
530	3.000000e-004	
531	2.750000e-004	
532	5.000000e-004	
533	5.000000e-004	
534	4.000000e-004	
535	4.250000e-004	
536	4.000000e-004	
537	5.000000e-004	
538	5.500000e-004	
539	5.500000e-004	
540	6.750000e-004	
541	7.000000e-004	
542	6.750000e-004	
543	5.000000e-004	
544	7.000000e-004	
545	7.500000e-004	
546	9.750000e-004	
547	7.750000e-004	
548	8.500000e-004	
549	9.500000e-004	
550	1.000000e-003	
551	9.250000e-004	
552	8.750000e-004	
553	1.075000e-003	
554	1.225000e-003	
555	1.150000e-003	
556	9.750000e-004	
557	8.000000e-004	
558	9.250000e-004	
559	8.000000e-004	
560	7.500000e-004	
561	8.250000e-004	
562	1.175000e-003	
563	1.150000e-003	
564	1.250000e-003	
565	1.400000e-003	
566	1.500000e-003	
567	1.775000e-003	
568	1.600000e-003	
569	1.525000e-003	
570	1.750000e-003	
571	2.050000e-003	
572	1.925000e-003	
573	2.125000e-003	
574	1.825000e-003	
575	1.850000e-003	
576	1.975000e-003	
577	2.075000e-003	
578	2.000000e-003	
579	1.925000e-003	
580	2.100000e-003	
581	2.250000e-003	
582	2.000000e-003	
583	2.175000e-003	
584	2.100000e-003	
585	2.050000e-003	
586	2.200000e-003	
587	2.425000e-003	
588	2.650000e-003	
589	2.850000e-003	
590	2.575000e-003	
591	2.900000e-003	
592	2.900000e-003	
593	2.650000e-003	
594	2.500000e-003	
595	2.525000e-003	
596	2.800000e-003	
597	2.325000e-003	
598	2.075000e-003	
599	2.325000e-003	
600	2.025000e-003	
601	2.050000e-003	
602	2.125000e-003	
603	2.575000e-003	
604	2.500000e-003	
605	2.300000e-003	
606	2.200000e-003	
607	2.575000e-003	
608	2.875000e-003	
609	2.925000e-003	
610	2.900000e-003	
611	2.700000e-003	
612	2.700000e-003	
613	3.025000e-003	
614	2.875000e-003	
615	2.900000e-003	
616	3.200000e-003	
617	3.650000e-003	
618	3.450000e-003	
619	3.900000e-003	
620	3.475000e-003	
621	3.675000e-003	
622	3.725000e-003	
623	3.250000e-003	
624	3.275000e-003	
625	3.525000e-003	
626	3.775000e-003	
627	4.025000e-003	
628	3.950000e-003	
629	3.900000e-003	
630	3.925000e-003	
631	3.500000e-003	
632	3.825000e-003	
633	3.900000e-003	
634	4.275000e-003	
635	4.575000e-003	
636	4.350000e-003	
637	4.475000e-003	
638	4.425000e-003	
639	4.675000e-003	
640	4.525000e-003	
641	3.750000e-003	
642	4.175000e-003	
643	3.850000e-003	
644	4.000000e-003	
645	4.075000e-003	
646	4.150000e-003	
647	3.925000e-003	
648	3.925000e-003	
649	3.575000e-003	
650	3.150000e-003	
651	4.125000e-003	
652	3.975000e-003	
653	3.850000e-003	
654	4.125000e-003	
655	3.775000e-003	
656	4.000000e-003	
657	3.950000e-003	
658	3.575000e-003	
659	3.025000e-003	
660	3.575000e-003	
661	3.525000e-003	
662	3.100000e-003	
663	2.875000e-003	
664	2.550000e-003	
665	2.300000e-003	
666	1.850000e-003	
667	1.825000e-003	
668	1.925000e-003	
669	1.800000e-003	
670	1.775000e-003	
671	1.900000e-003	
672	1.850000e-003	
673	2.025000e-003	
674	2.225000e-003	
675	2.000000e-003	
676	1.775000e-003	
677	1.650000e-003	
678	1.575000e-003	
679	1.650000e-003	
680	1.575000e-003	
681	1.125000e-003	
682	1.225000e-003	
683	1.425000e-003	
684	1.225000e-003	
685	9.750000e-004	
686	7.500000e-004	
687	6.000000e-004	
688	7.000000e-004	
689	7.250000e-004	
690	6.500000e-004	
691	6.750000e-004	
692	5.500000e-004	
693	3.250000e-004	
694	5.500000e-004	
695	5.250000e-004	
696	4.500000e-004	
697	4.000000e-004	
698	3.000000e-004	
699	2.750000e-004	
700	2.500000e-004	
701	2.250000e-004	
702	2.250000e-004	
703	1.750000e-004	
704	2.500000e-004	
705	3.250000e-004	
706	4.750000e-004	
707	5.750000e-004	
708	4.250000e-004	
709	3.500000e-004	
710	2.500000e-004	
711	1.750000e-004	
712	3.250000e-004	
713	4.000000e-004	
714	4.000000e-004	
715	4.000000e-004	
716	5.000000e-004	
717	3.250000e-004	
718	3.750000e-004	
719	2.250000e-004	
720	3.000000e-004	
721	3.500000e-004	
722	4.250000e-004	
723	4.000000e-004	
724	2.000000e-004	
725	2.000000e-004	
726	3.250000e-004	
727	3.000000e-004	
728	4.000000e-004	
729	4.000000e-004	
730	4.000000e-004	
731	3.500000e-004	
732	4.250000e-004	
733	4.750000e-004	
734	4.000000e-004	
735	2.500000e-004	
736	3.250000e-004	
737	4.000000e-004	
738	2.750000e-004	
739	2.250000e-004	
740	1.250000e-004	
741	1.250000e-004	
742	1.500000e-004	
743	1.500000e-004	
744	1.250000e-004	
745	5.000000e-005	
746	5.000000e-005	
747	7.500000e-005	
748	5.000000e-005	
749	7.500000e-005	
750	7.500000e-005	
751	2.500000e-005	
752	5.000000e-005	
753	7.500000e-005	
754	2.500000e-005	
755	0	
756	0	
757	2.500000e-005	
758	7.500000e-005	
759	2.500000e-005	
760	5.000000e-005	
761	0	
762	0	
763	0	
764	0	
765	0	
766	0	
767	0	
768	0	
769	0	
770	0	
771	0	
772	0	
773	0	
774	0	
775	0	
776	0	
777	0	
778	0	
779	0	
780	0	
781	0	
782	0	
783	0	
784	0	
785	0	
786	0	
787	0	
788	0	
789	0	
790	0	
791	0	
792	0	
793	0	
794	0	
795	0	
796	0	
797	0	
798	0	
799	0	
800	0	
801	0	
802	0	
803	0	
804	0	
805	0	
806	0	
807	0	
808	2.500000e-005	
809	1.250000e-004	
810	2.500000e-005	
811	0	
812	0	
813	0	
814	0	
815	0	
816	0	
817	0	
818	0	
819	0	
820	0	
821	0	
822	0	
823	0	
824	2.500000e-005	
825	0	
826	0	
827	0	
828	0	
829	0	
830	0	
831	0	
832	0	
833	0	
834	0	
835	0	
836	0	
837	0	
838	2.500000e-005	
839	0	
840	0	
841	0	
842	0	
843	0	
844	0	
845	0	
846	0	
847	0	
848	0	
849	0	
850	0	
851	0	
852	0	
853	0	
854	0	
855	0	
856	0	
857	0	
858	0	
859	0	
860	0	
861	0	
862	2.500000e-005	
863	5.000000e-005	
864	5.000000e-005	
865	0	
866	0	
867	0	
868	0	
869	0	
870	0	
871	0	
872	0	
873	0	
874	0	
875	0	
876	0	
877	0	
878	0	
879	2.500000e-005	
880	0	
881	0	
882	0	
883	0	
884	0	
885	0	
886	0	
887	0	
888	0	
889	0	
890	0	
891	0	
892	0	
893	0	
894	0	
895	0	
896	0	
897	0	
898	0	
899	0	
900	0	
901	0	
902	0	
903	0	
904	0	
905	0	
906	0	
907	0	
908	2.500000e-005	
909	2.500000e-005	
910	2.500000e-005	
911	7.500000e-005	
912	2.500000e-005	
913	0	
914	0	
915	0	
916	0	
917	0	
918	0	
919	0	
920	0	
921	0	
922	0	
923	0	
924	0	
925	0	
926	0	
927	0	
928	0	
929	2.500000e-005	
930	7.500000e-005	
931	1.000000e-004	
932	7.500000e-005	
933	2.500000e-005	
934	2.500000e-005	
935	0	
936	0	
937	0	
938	0	
939	0	
940	0	
941	0	
942	0	
943	0	
944	0	
945	0	
946	0	
947	0	
948	0	
949	2.500000e-005	
950	5.000000e-005	
951	5.000000e-005	
952	1.000000e-004	
953	7.500000e-005	
954	5.000000e-005	
955	2.500000e-005	
956	0	
957	2.500000e-005	
958	2.500000e-005	
959	5.000000e-005	
960	5.000000e-005	
961	1.250000e-004	
962	1.250000e-004	
963	7.500000e-005	
964	5.000000e-005	
965	5.000000e-005	
966	1.000000e-004	
967	1.000000e-004	
968	2.250000e-004	
969	1.500000e-004	
970	1.500000e-004	
971	1.250000e-004	
972	7.500000e-005	
973	7.500000e-005	
974	2.500000e-005	
975	0	
976	0	
977	0	
978	0	
979	0	
980	0	
981	0	
982	0	
983	0	
984	0	
985	0	
986	0	
987	0	
988	0	
989	0	
990	0	
991	2.500000e-005	
992	1.000000e-004	
993	1.000000e-004	
994	1.000000e-004	
995	2.500000e-005	
996	5.000000e-005	
997	1.000000e-004	
998	1.000000e-004	
999	5.000000e-005	
1000	1.500000e-004	
1001	1.750000e-004	
1002	1.750000e-004	
1003	2.250000e-004	
1004	2.000000e-004	
1005	1.500000e-004	
1006	2.250000e-004	
1007	2.750000e-004	
1008	1.750000e-004	
1009	1.500000e-004	
1010	1.000000e-004	
1011	1.250000e-004	
1012	1.000000e-004	
1013	5.000000e-005	
1014	1.000000e-004	
1015	1.250000e-004	
1016	1.000000e-004	
1017	7.500000e-005	
1018	7.500000e-005	
1019	1.500000e-004	
1020	2.250000e-004	
1021	3.750000e-004	
1022	5.000000e-004	
1023	5.000000e-004	
1024	5.250000e-004	
1025	7.000000e-004	
1026	7.500000e-004	
1027	7.500000e-004	
1028	6.750000e-004	
1029	6.000000e-004	
1030	4.500000e-004	
1031	3.500000e-004	
1032	3.750000e-004	
1033	5.250000e-004	
1034	4.000000e-004	
1035	4.250000e-004	
1036	4.500000e-004	
1037	4.750000e-004	
1038	3.000000e-004	
1039	3.500000e-004	
1040	4.500000e-004	
1041	3.250000e-004	
1042	2.000000e-004	
1043	3.000000e-004	
1044	2.750000e-004	
1045	2.500000e-004	
1046	2.500000e-004	
1047	2.500000e-004	
1048	2.000000e-004	
1049	2.000000e-004	
1050	1.750000e-004	
1051	2.250000e-004	
1052	2.000000e-004	
1053	3.750000e-004	
1054	3.000000e-004	
1055	3.000000e-004	
1056	2.750000e-004	
1057	2.500000e-004	
1058	1.750000e-004	
1059	2.000000e-004	
1060	3.000000e-004	
1061	2.750000e-004	
1062	2.500000e-004	
1063	2.500000e-004	
1064	4.250000e-004	
1065	4.750000e-004	
1066	4.750000e-004	
1067	5.500000e-004	
1068	4.000000e-004	
1069	3.250000e-004	
1070	3.000000e-004	
1071	3.500000e-004	
1072	4.250000e-004	
1073	4.750000e-004	
1074	4.250000e-004	
1075	4.250000e-004	
1076	5.500000e-004	
1077	6.000000e-004	
1078	6.750000e-004	
1079	6.250000e-004	
1080	6.000000e-004	
1081	6.250000e-004	
1082	6.500000e-004	
1083	8.250000e-004	
1084	7.500000e-004	
1085	9.750000e-004	
1086	1.275000e-003	
1087	1.350000e-003	
1088	1.625000e-003	
1089	1.800000e-003	
1090	1.650000e-003	
1091	1.700000e-003	
1092	1.350000e-003	
1093	1.475000e-003	
1094	1.375000e-003	
1095	1.350000e-003	
1096	1.400000e-003	
1097	1.375000e-003	
1098	1.475000e-003	
1099	1.700000e-003	
1100	1.675000e-003	
1101	1.750000e-003	
1102	1.475000e-003	
1103	1.675000e-003	
1104	1.675000e-003	
1105	1.450000e-003	
1106	1.325000e-003	
1107	1.475000e-003	
1108	1.750000e-003	
1109	1.875000e-003	
1110	1.975000e-003	
1111	1.825000e-003	
1112	2.400000e-003	
1113	2.175000e-003	
1114	2.600000e-003	
1115	2.525000e-003	
1116	2.325000e-003	
1117	2.300000e-003	
1118	2.475000e-003	
1119	2.575000e-003	
1120	2.825000e-003	
1121	2.300000e-003	
1122	2.325000e-003	
1123	2.700000e-003	
1124	2.625000e-003	
1125	2.725000e-003	
1126	2.775000e-003	
1127	2.375000e-003	
1128	2.200000e-003	
1129	2.500000e-003	
1130	2.425000e-003	
1131	2.500000e-003	
1132	2.200000e-003	
1133	2.100000e-003	
1134	2.250000e-003	
1135	2.575000e-003	
1136	2.425000e-003	
1137	2.700000e-003	
1138	2.650000e-003	
1139	2.800000e-003	
1140	2.975000e-003	
1141	3.100000e-003	
1142	2.975000e-003	
1143	2.350000e-003	
1144	2.375000e-003	
1145	2.400000e-003	
1146	2.400000e-003	
1147	2.375000e-003	
1148	2.575000e-003	
1149	2.575000e-003	
1150	2.600000e-003	
1151	2.775000e-003	
1152	3.325000e-003	
1153	3.300000e-003	
1154	3.525000e-003	
1155	3.800000e-003	
1156	3.875000e-003	
1157	3.750000e-003	
1158	3.625000e-003	
1159	3.375000e-003	
1160	2.900000e-003	
1161	3.250000e-003	
1162	3.225000e-003	
1163	3.200000e-003	
1164	3.325000e-003	
1165	3.225000e-003	
1166	3.125000e-003	
1167	2.975000e-003	
1168	2.800000e-003	
1169	2.575000e-003	
1170	2.300000e-003	
1171	2.225000e-003	
1172	1.850000e-003	
1173	2.025000e-003	
1174	2.175000e-003	
1175	2.150000e-003	
1176	1.550000e-003	
1177	1.850000e-003	
1178	1.850000e-003	
1179	1.825000e-003	
1180	2.200000e-003	
1181	2.375000e-003	
1182	2.225000e-003	
1183	2.175000e-003	
1184	2.200000e-003	
1185	1.900000e-003	
1186	2.350000e-003	
1187	1.975000e-003	
1188	1.850000e-003	
1189	2.050000e-003	
1190	2.325000e-003	
1191	2.475000e-003	
1192	2.375000e-003	
1193	2.300000e-003	
1194	2.050000e-003	
1195	2.125000e-003	
1196	2.175000e-003	
1197	2.350000e-003	
1198	2.625000e-003	
1199	2.150000e-003	
1200	2.250000e-003	
1201	1.800000e-003	
1202	1.750000e-003	
1203	1.975000e-003	
1204	1.925000e-003	
1205	2.100000e-003	
1206	1.975000e-003	
1207	2.250000e-003	
1208	2.425000e-003	
1209	2.200000e-003	
1210	2.475000e-003	
1211	2.425000e-003	
1212	2.275000e-003	
1213	2.100000e-003	
1214	2.475000e-003	
1215	2.650000e-003	
1216	2.725000e-003	
1217	2.475000e-003	
1218	2.550000e-003	
1219	2.750000e-003	
1220	2.625000e-003	
1221	2.050000e-003	
1222	1.850000e-003	
1223	1.775000e-003	
1224	1.925000e-003	
1225	1.900000e-003	
1226	2.350000e-003	
1227	1.900000e-003	
1228	1.725000e-003	
1229	1.450000e-003	
1230	9.750000e-004	
1231	9.250000e-004	
1232	7.250000e-004	
1233	6.500000e-004	
1234	5.000000e-004	
1235	3.250000e-004	
1236	3.250000e-004	
1237	4.250000e-004	
1238	5.500000e-004	
1239	5.500000e-004	
1240	4.000000e-004	
1241	4.250000e-004	
1242	3.500000e-004	
1243	2.750000e-004	
1244	3.500000e-004	
1245	4.000000e-004	
1246	5.750000e-004	
1247	5.000000e-004	
1248	4.750000e-004	
1249	4.000000e-004	
1250	4.750000e-004	
1251	3.500000e-004	
1252	4.000000e-004	
1253	3.000000e-004	
1254	2.500000e-004	
1255	2.000000e-004	
1256	1.750000e-004	
1257	3.250000e-004	
1258	2.500000e-004	
1259	3.250000e-004	
1260	3.250000e-004	
1261	3.000000e-004	
1262	2.750000e-004	
1263	3.500000e-004	
1264	5.000000e-004	
1265	4.500000e-004	
1266	4.250000e-004	
1267	3.500000e-004	
1268	4.000000e-004	
1269	3.500000e-004	
1270	2.500000e-004	
1271	3.000000e-004	
1272	3.000000e-004	
1273	3.250000e-004	
1274	4.500000e-004	
1275	2.500000e-004	
1276	2.750000e-004	
1277	5.000000e-004	
1278	4.750000e-004	
1279	4.250000e-004	
1280	4.750000e-004	
1281	3.250000e-004	
1282	3.250000e-004	
1283	2.750000e-004	
1284	2.750000e-004	
1285	3.250000e-004	
1286	2.000000e-004	
1287	2.000000e-004	
1288	1.750000e-004	
1289	1.500000e-004	
1290	2.250000e-004	
1291	2.500000e-004	
1292	2.250000e-004	
1293	1.750000e-004	
1294	1.250000e-004	
1295	1.000000e-004	
1296	1.000000e-004	
1297	1.250000e-004	
1298	2.000000e-004	
1299	1.000000e-004	
1300	1.250000e-004	
1301	1.000000e-004	
1302	1.750000e-004	
1303	1.250000e-004	
1304	2.500000e-005	
1305	2.500000e-005	
1306	0	
1307	0	
1308	0	
1309	0	
1310	0	
1311	0	
1312	0	
1313	0	
1314	0	
1315	0	
1316	0	
1317	0	
1318	0	
1319	0	
1320	0	
1321	0	
1322	0	
1323	0	
1324	0	
1325	0	
1326	0	
1327	0	
1328	0	
1329	0	
1330	2.500000e-005	
1331	0	
1332	0	
1333	0	
1334	2.500000e-005	
1335	5.000000e-005	
1336	0	
1337	0	
1338	0	
1339	0	
1340	0	
1341	0	
1342	0	
1343	0	
1344	0	
1345	0	
1346	0	
1347	0	
1348	0	
1349	0	
1350	0	
1351	0	
1352	0	
1353	0	
1354	0	
1355	0	
1356	0	
1357	0	
1358	0	
1359	0	
1360	0	
1361	0	
1362	0	
1363	2.500000e-005	
1364	2.500000e-005	
1365	0	
1366	0	
1367	0	
1368	2.500000e-005	
1369	2.500000e-005	
1370	2.500000e-005	
1371	2.500000e-005	
1372	2.500000e-005	
1373	2.500000e-005	
1374	2.500000e-005	
1375	5.000000e-005	
1376	2.500000e-005	
1377	2.500000e-005	
1378	2.500000e-005	
1379	2.500000e-005	
1380	0	
1381	0	
1382	0	
1383	0	
1384	0	
1385	0	
1386	0	
1387	0	
1388	0	
1389	2.500000e-005	
1390	5.000000e-005	
1391	1.000000e-004	
1392	1.000000e-004	
1393	2.500000e-005	
1394	2.500000e-005	
1395	2.500000e-005	
1396	0	
1397	0	
1398	0	
1399	0	
1400	0	
1401	0	
1402	0	
1403	2.500000e-005	
1404	1.000000e-004	
1405	1.000000e-004	
1406	7.500000e-005	
1407	1.750000e-004	
1408	1.250000e-004	
1409	1.000000e-004	
1410	2.000000e-004	
1411	2.500000e-004	
1412	2.500000e-004	
1413	3.250000e-004	
1414	3.000000e-004	
1415	2.750000e-004	
1416	3.250000e-004	
1417	1.500000e-004	
1418	7.500000e-005	
1419	7.500000e-005	
1420	2.500000e-005	
1421	7.500000e-005	
1422	7.500000e-005	
1423	1.000000e-004	
1424	5.000000e-005	
1425	0	
1426	0	
1427	0	
1428	0	
1429	0	
1430	0	
1431	0	
1432	0	
1433	0	
1434	0	
1435	0	
1436	0	
1437	0	
1438	0	
1439	0	
1440	0	
1441	0	
1442	2.500000e-005	
1443	1.000000e-004	
1444	1.250000e-004	
1445	2.000000e-004	
1446	3.250000e-004	
1447	2.000000e-004	
1448	1.750000e-004	
1449	3.250000e-004	
1450	2.750000e-004	
1451	3.750000e-004	
1452	4.000000e-004	
1453	3.750000e-004	
1454	5.250000e-004	
1455	6.500000e-004	
1456	6.000000e-004	
1457	6.250000e-004	
1458	4.750000e-004	
1459	3.750000e-004	
1460	3.750000e-004	
1461	2.750000e-004	
1462	2.750000e-004	
1463	2.000000e-004	
1464	3.000000e-004	
1465	3.250000e-004	
1466	4.000000e-004	
1467	3.250000e-004	
1468	2.500000e-004	
1469	4.000000e-004	
1470	4.000000e-004	
1471	3.500000e-004	
1472	3.750000e-004	
1473	3.750000e-004	
1474	2.000000e-004	
1475	1.500000e-004	
1476	1.500000e-004	
1477	1.000000e-004	
1478	7.500000e-005	
1479	7.500000e-005	
1480	1.000000e-004	
1481	1.250000e-004	
1482	1.500000e-004	
1483	1.000000e-004	
1484	1.000000e-004	
1485	2.500000e-005	
1486	5.000000e-005	
1487	2.500000e-005	
1488	0	
1489	0	
1490	0	
1491	0	
1492	0	
1493	2.500000e-005	
1494	1.250000e-004	
1495	1.750000e-004	
1496	7.500000e-005	
1497	5.000000e-005	
1498	5.000000e-005	
1499	7.500000e-005	
1500	5.000000e-005	
1501	7.500000e-005	
1502	1.000000e-004	
1503	5.000000e-005	
1504	2.500000e-005	
1505	5.000000e-005	
1506	5.000000e-005	
1507	1.000000e-004	
1508	5.000000e-005	
1509	1.000000e-004	
1510	1.000000e-004	
1511	7.500000e-005	
1512	2.500000e-005	
1513	0	
1514	0	
1515	0	
1516	0	
1517	0	
1518	0	
1519	0	
1520	0	
1521	0	
1522	0	
1523	0	
1524	0	
1525	2.500000e-005	
1526	7.500000e-005	
1527	2.000000e-004	
1528	2.750000e-004	
1529	2.500000e-004	
1530	2.500000e-004	
1531	2.750000e-004	
1532	1.250000e-004	
1533	7.500000e-005	
1534	5.000000e-005	
1535	5.000000e-005	
1536	7.500000e-005	
1537	5.000000e-005	
1538	1.000000e-004	
1539	1.250000e-004	
1540	1.750000e-004	
1541	7.500000e-005	
1542	7.500000e-005	
1543	5.000000e-005	
1544	1.000000e-004	
1545	1.750000e-004	
1546	2.750000e-004	
1547	2.750000e-004	
1548	4.750000e-004	
1549	4.250000e-004	
1550	4.750000e-004	
1551	4.500000e-004	
1552	5.000000e-004	
1553	4.750000e-004	
1554	4.750000e-004	
1555	3.500000e-004	
1556	3.000000e-004	
1557	2.750000e-004	
1558	2.000000e-004	
1559	2.750000e-004	
1560	3.000000e-004	
1561	4.250000e-004	
1562	4.000000e-004	
1563	4.250000e-004	
1564	4.000000e-004	
1565	5.250000e-004	
1566	5.250000e-004	
1567	6.750000e-004	
1568	6.750000e-004	
1569	4.250000e-004	
1570	4.500000e-004	
1571	6.000000e-004	
1572	4.500000e-004	
1573	3.250000e-004	
1574	3.500000e-004	
1575	5.750000e-004	
1576	6.750000e-004	
1577	8.500000e-004	
1578	8.750000e-004	
1579	8.500000e-004	
1580	9.500000e-004	
1581	9.750000e-004	
1582	1.000000e-003	
1583	8.000000e-004	
1584	7.500000e-004	
1585	9.250000e-004	
1586	8.250000e-004	
1587	6.750000e-004	
1588	6.750000e-004	
1589	6.750000e-004	
1590	5.750000e-004	
1591	5.250000e-004	
1592	7.750000e-004	
1593	6.500000e-004	
1594	6.000000e-004	
1595	6.250000e-004	
1596	8.500000e-004	
1597	1.025000e-003	
1598	1.000000e-003	
1599	1.100000e-003	
1600	7.750000e-004	
1601	7.250000e-004	
1602	7.500000e-004	
1603	7.750000e-004	
1604	8.250000e-004	
1605	8.750000e-004	
1606	9.500000e-004	
1607	1.000000e-003	
1608	9.250000e-004	
1609	9.000000e-004	
1610	1.000000e-003	
1611	9.250000e-004	
1612	8.500000e-004	
1613	1.000000e-003	
1614	1.175000e-003	
1615	1.275000e-003	
1616	1.300000e-003	
1617	1.325000e-003	
1618	1.050000e-003	
1619	8.250000e-004	
1620	6.000000e-004	
1621	5.500000e-004	
1622	8.250000e-004	
1623	7.500000e-004	
1624	8.000000e-004	
1625	7.500000e-004	
1626	8.250000e-004	
1627	1.050000e-003	
1628	9.750000e-004	
1629	9.500000e-004	
1630	1.075000e-003	
1631	1.100000e-003	
1632	1.100000e-003	
1633	1.050000e-003	
1634	1.100000e-003	
1635	1.050000e-003	
1636	1.175000e-003	
1637	1.175000e-003	
1638	1.350000e-003	
1639	1.325000e-003	
1640	1.500000e-003	
1641	1.675000e-003	
1642	1.425000e-003	
1643	1.625000e-003	
1644	1.700000e-003	
1645	1.825000e-003	
1646	1.675000e-003	
1647	1.750000e-003	
1648	1.575000e-003	
1649	1.450000e-003	
1650	1.425000e-003	
1651	1.450000e-003	
1652	1.600000e-003	
1653	1.575000e-003	
1654	1.525000e-003	
1655	1.500000e-003	
1656	1.700000e-003	
1657	1.875000e-003	
1658	1.850000e-003	
1659	1.600000e-003	
1660	1.650000e-003	
1661	1.550000e-003	
1662	1.725000e-003	
1663	1.775000e-003	
1664	1.800000e-003	
1665	1.900000e-003	
1666	1.225000e-003	
1667	1.250000e-003	
1668	1.450000e-003	
1669	1.775000e-003	
1670	1.800000e-003	
1671	2.075000e-003	
1672	1.975000e-003	
1673	2.325000e-003	
1674	2.250000e-003	
1675	2.275000e-003	
1676	2.200000e-003	
1677	1.900000e-003	
1678	2.200000e-003	
1679	2.200000e-003	
1680	2.475000e-003	
1681	2.200000e-003	
1682	2.100000e-003	
1683	2.200000e-003	
1684	2.175000e-003	
1685	1.850000e-003	
1686	1.800000e-003	
1687	1.925000e-003	
1688	1.875000e-003	
1689	2.175000e-003	
1690	2.225000e-003	
1691	2.450000e-003	
1692	2.700000e-003	
1693	2.575000e-003	
1694	2.675000e-003	
1695	2.375000e-003	
1696	2.075000e-003	
1697	2.225000e-003	
1698	2.025000e-003	
1699	1.975000e-003	
1700	2.150000e-003	
1701	1.825000e-003	
1702	1.925000e-003	
1703	1.800000e-003	
1704	1.975000e-003	
1705	2.200000e-003	
1706	2.125000e-003	
1707	1.975000e-003	
1708	2.075000e-003	
1709	1.975000e-003	
1710	1.625000e-003	
1711	1.925000e-003	
1712	1.725000e-003	
1713	2.075000e-003	
1714	2.225000e-003	
1715	2.550000e-003	
1716	2.650000e-003	
1717	2.550000e-003	
1718	2.200000e-003	
1719	1.900000e-003	
1720	2.000000e-003	
1721	2.350000e-003	
1722	2.050000e-003	
1723	2.200000e-003	
1724	2.475000e-003	
1725	2.850000e-003	
1726	3.025000e-003	
1727	2.775000e-003	
1728	2.575000e-003	
1729	2.825000e-003	
1730	2.675000e-003	
1731	2.725000e-003	
1732	2.650000e-003	
1733	2.900000e-003	
1734	3.250000e-003	
1735	3.100000e-003	
1736	3.300000e-003	
1737	2.525000e-003	
1738	2.650000e-003	
1739	2.650000e-003	
1740	2.475000e-003	
1741	1.975000e-003	
1742	1.925000e-003	
1743	1.850000e-003	
1744	2.050000e-003	
1745	1.950000e-003	
1746	1.900000e-003	
1747	1.825000e-003	
1748	1.725000e-003	
1749	1.400000e-003	
1750	1.550000e-003	
1751	1.450000e-003	
1752	1.350000e-003	
1753	1.500000e-003	
1754	1.200000e-003	
1755	1.200000e-003	
1756	1.275000e-003	
1757	1.225000e-003	
1758	1.425000e-003	
1759	1.200000e-003	
1760	1.000000e-003	
1761	1.000000e-003	
1762	1.000000e-003	
1763	1.100000e-003	
1764	9.750000e-004	
1765	1.125000e-003	
1766	9.500000e-004	
1767	7.500000e-004	
1768	8.000000e-004	
1769	8.000000e-004	
1770	1.000000e-003	
1771	9.000000e-004	
1772	8.500000e-004	
1773	8.500000e-004	
1774	1.025000e-003	
1775	8.000000e-004	
1776	6.250000e-004	
1777	6.250000e-004	
1778	7.250000e-004	
1779	5.500000e-004	
1780	5.000000e-004	
1781	5.750000e-004	
1782	6.250000e-004	
1783	7.000000e-004	
1784	8.000000e-004	
1785	9.500000e-004	
1786	7.750000e-004	
1787	5.750000e-004	
1788	5.750000e-004	
1789	5.750000e-004	
1790	4.250000e-004	
1791	4.500000e-004	
1792	5.000000e-004	
1793	3.500000e-004	
1794	5.000000e-004	
1795	5.500000e-004	
1796	4.500000e-004	
1797	4.750000e-004	
1798	3.500000e-004	
1799	5.250000e-004	
1800	4.000000e-004	
1801	4.500000e-004	
1802	4.250000e-004	
1803	2.000000e-004	
1804	7.500000e-005	
1805	7.500000e-005	
1806	1.000000e-004	
1807	7.500000e-005	
1808	1.000000e-004	
1809	1.500000e-004	
1810	1.000000e-004	
1811	7.500000e-005	
1812	7.500000e-005	
1813	5.000000e-005	
1814	2.500000e-005	
1815	2.500000e-005	
1816	2.500000e-005	
1817	0	
1818	0	
1819	0	
1820	0	
1821	0	
1822	0	
1823	0	
1824	0	
1825	0	
1826	0	
1827	0	
1828	0	
1829	0	
1830	0	
1831	0	
1832	0	
1833	0	
1834	0	
1835	0	
1836	0	
1837	0	
1838	0	
1839	0	
1840	0	
1841	0	
1842	0	
1843	0	
1844	0	
1845	0	
1846	0	
1847	0	
1848	0	
1849	0	
1850	0	
1851	0	
1852	0	
1853	0	
1854	0	
1855	0	
1856	0	
1857	0	
1858	0	
1859	0	
1860	0	
1861	0	
1862	0	
1863	0	
1864	0	
1865	0	
1866	2.500000e-005	
1867	1.000000e-004	
1868	2.000000e-004	
1869	3.000000e-004	
1870	4.750000e-004	
1871	3.750000e-004	
1872	3.250000e-004	
1873	4.750000e-004	
1874	4.250000e-004	
1875	4.000000e-004	
1876	3.500000e-004	
1877	4.000000e-004	
1878	4.250000e-004	
1879	3.000000e-004	
1880	2.000000e-004	
1881	2.250000e-004	
1882	1.250000e-004	
1883	1.500000e-004	
1884	1.000000e-004	
1885	1.250000e-004	
1886	7.500000e-005	
1887	1.000000e-004	
1888	5.000000e-005	
1889	5.000000e-005	
1890	5.000000e-005	
1891	2.500000e-005	
1892	2.500000e-005	
1893	0	
1894	0	
1895	0	
1896	0	
1897	0	
1898	0	
1899	0	
1900	0	
1901	2.500000e-005	
1902	1.250000e-004	
1903	5.000000e-005	
1904	0	
1905	5.000000e-005	
1906	5.000000e-005	
1907	1.750000e-004	
1908	2.250000e-004	
1909	2.500000e-004	
1910	3.000000e-004	
1911	1.750000e-004	
1912	2.000000e-004	
1913	5.000000e-005	
1914	5.000000e-005	
1915	5.000000e-005	
1916	5.000000e-005	
1917	5.000000e-005	
1918	1.500000e-004	
1919	1.750000e-004	
1920	2.000000e-004	
1921	3.000000e-004	
1922	1.750000e-004	
1923	2.250000e-004	
1924	2.000000e-004	
1925	3.000000e-004	
1926	3.500000e-004	
1927	3.500000e-004	
1928	3.500000e-004	
1929	3.750000e-004	
1930	2.750000e-004	
1931	4.000000e-004	
1932	4.500000e-004	
1933	5.500000e-004	
1934	5.750000e-004	
1935	4.000000e-004	
1936	3.500000e-004	
1937	3.500000e-004	
1938	6.500000e-004	
1939	7.500000e-004	
1940	8.750000e-004	
1941	9.750000e-004	
1942	1.100000e-003	
1943	1.300000e-003	
1944	1.175000e-003	
1945	1.025000e-003	
1946	8.500000e-004	
1947	9.250000e-004	
1948	1.200000e-003	
1949	1.100000e-003	
1950	1.000000e-003	
1951	1.125000e-003	
1952	9.500000e-004	
1953	1.150000e-003	
1954	9.000000e-004	
1955	8.250000e-004	
1956	7.000000e-004	
1957	8.000000e-004	
1958	6.000000e-004	
1959	6.000000e-004	
1960	5.500000e-004	
1961	6.000000e-004	
1962	6.000000e-004	
1963	6.250000e-004	
1964	5.000000e-004	
1965	5.250000e-004	
1966	5.250000e-004	
1967	4.750000e-004	
1968	5.000000e-004	
1969	6.250000e-004	
1970	4.250000e-004	
1971	5.500000e-004	
1972	5.000000e-004	
1973	4.750000e-004	
1974	5.250000e-004	
1975	4.500000e-004	
1976	3.750000e-004	
1977	3.750000e-004	
1978	4.750000e-004	
1979	3.500000e-004	
1980	4.250000e-004	
1981	4.000000e-004	
1982	2.750000e-004	
1983	3.000000e-004	
1984	4.250000e-004	
1985	5.000000e-004	
1986	5.000000e-004	
1987	5.250000e-004	
1988	4.250000e-004	
1989	2.000000e-004	
1990	1.500000e-004	
1991	2.000000e-004	
1992	1.000000e-004	
1993	2.500000e-005	
1994	2.500000e-005	
1995	7.500000e-005	
1996	5.000000e-005	
1997	1.000000e-004	
1998	2.500000e-005	
1999	5.000000e-005	
2000	2.500000e-005	
2001	0	
2002	0	
2003	0	
2004	2.500000e-005	
2005	2.500000e-005	
2006	2.500000e-005	
2007	2.500000e-005	
2008	7.500000e-005	
2009	2.500000e-004	
2010	4.000000e-004	
2011	4.000000e-004	
2012	4.250000e-004	
2013	4.000000e-004	
2014	3.750000e-004	
2015	4.000000e-004	
2016	3.250000e-004	
2017	4.000000e-004	
2018	2.500000e-004	
2019	2.250000e-004	
2020	2.250000e-004	
2021	1.000000e-004	
2022	1.000000e-004	
2023	1.000000e-004	
2024	2.000000e-004	
2025	2.750000e-004	
2026	3.250000e-004	
2027	4.000000e-004	
2028	5.250000e-004	
2029	5.250000e-004	
2030	3.250000e-004	
2031	3.250000e-004	
2032	3.750000e-004	
2033	3.750000e-004	
2034	2.000000e-004	
2035	2.250000e-004	
2036	2.000000e-004	
2037	3.750000e-004	
2038	4.000000e-004	
2039	5.000000e-004	
2040	5.250000e-004	
2041	4.500000e-004	
2042	3.750000e-004	
2043	3.500000e-004	
2044	4.250000e-004	
2045	4.250000e-004	
2046	5.500000e-004	
2047	4.000000e-004	
2048	5.500000e-004	
2049	6.000000e-004	
2050	6.000000e-004	
2051	6.000000e-004	
2052	5.250000e-004	
2053	3.250000e-004	
2054	3.250000e-004	
2055	2.000000e-004	
2056	2.750000e-004	
2057	2.500000e-004	
2058	3.000000e-004	
2059	2.000000e-004	
2060	1.250000e-004	
2061	1.500000e-004	
2062	1.750000e-004	
2063	1.250000e-004	
2064	2.500000e-004	
2065	2.000000e-004	
2066	2.000000e-004	
2067	7.500000e-005	
2068	1.000000e-004	
2069	2.000000e-004	
2070	1.250000e-004	
2071	1.500000e-004	
2072	7.500000e-005	
2073	5.000000e-005	
2074	5.000000e-005	
2075	2.500000e-005	
2076	2.500000e-005	
2077	5.000000e-005	
2078	5.000000e-005	
2079	2.500000e-005	
2080	0	
2081	0	
2082	0	
2083	0	
2084	0	
2085	0	
2086	0	
2087	0	
2088	0	
2089	0	
2090	0	
2091	0	
2092	0	
2093	0	
2094	0	
2095	0	
2096	0	
2097	0	
2098	0	
2099	2.500000e-005	
2100	2.500000e-005	
2101	5.000000e-005	
2102	2.500000e-005	
2103	2.500000e-005	
2104	5.000000e-005	
2105	0	
2106	0	
2107	0	
2108	0	
2109	0	
2110	0	
2111	0	
2112	0	
2113	0	
2114	0	
2115	0	
2116	2.500000e-005	
2117	1.250000e-004	
2118	1.250000e-004	
2119	1.000000e-004	
2120	1.000000e-004	
2121	1.250000e-004	
2122	7.500000e-005	
2123	7.500000e-005	
2124	7.500000e-005	
2125	1.500000e-004	
2126	7.500000e-005	
2127	1.500000e-004	
2128	1.750000e-004	
2129	2.500000e-004	
2130	3.000000e-004	
2131	2.250000e-004	
2132	3.000000e-004	
2133	4.250000e-004	
2134	3.750000e-004	
2135	4.750000e-004	
2136	4.750000e-004	
2137	5.750000e-004	
2138	5.750000e-004	
2139	5.000000e-004	
2140	4.750000e-004	
2141	6.000000e-004	
2142	4.500000e-004	
2143	4.500000e-004	
2144	4.250000e-004	
2145	4.250000e-004	
2146	5.250000e-004	
2147	6.750000e-004	
2148	1.000000e-003	
2149	1.050000e-003	
2150	1.100000e-003	
2151	9.250000e-004	
2152	9.500000e-004	
2153	9.500000e-004	
2154	1.050000e-003	
2155	1.025000e-003	
2156	9.750000e-004	
2157	9.250000e-004	
2158	9.250000e-004	
2159	6.500000e-004	
2160	6.000000e-004	
2161	6.000000e-004	
2162	3.500000e-004	
2163	6.000000e-004	
2164	7.250000e-004	
2165	7.250000e-004	
2166	9.000000e-004	
2167	9.250000e-004	
2168	1.025000e-003	
2169	1.025000e-003	
2170	9.500000e-004	
2171	1.125000e-003	
2172	9.250000e-004	
2173	1.275000e-003	
2174	1.350000e-003	
2175	1.400000e-003	
2176	1.475000e-003	
2177	1.250000e-003	
2178	1.375000e-003	
2179	1.675000e-003	
2180	1.575000e-003	
2181	1.800000e-003	
2182	2.075000e-003	
2183	2.150000e-003	
2184	1.725000e-003	
2185	1.625000e-003	
2186	2.150000e-003	
2187	2.325000e-003	
2188	2.100000e-003	
2189	2.000000e-003	
2190	1.775000e-003	
2191	1.875000e-003	
2192	2.000000e-003	
2193	1.675000e-003	
2194	1.625000e-003	
2195	1.650000e-003	
2196	1.800000e-003	
2197	1.625000e-003	
2198	1.575000e-003	
2199	1.675000e-003	
2200	1.900000e-003	
2201	2.200000e-003	
2202	2.800000e-003	
2203	2.900000e-003	
2204	3.050000e-003	
2205	3.025000e-003	
2206	2.925000e-003	
2207	3.125000e-003	
2208	2.675000e-003	
2209	2.375000e-003	
2210	2.775000e-003	
2211	2.600000e-003	
2212	2.750000e-003	
2213	2.725000e-003	
2214	2.750000e-003	
2215	2.625000e-003	
2216	3.125000e-003	
2217	3.050000e-003	
2218	2.850000e-003	
2219	2.750000e-003	
2220	2.925000e-003	
2221	2.975000e-003	
2222	3.175000e-003	
2223	3.075000e-003	
2224	3.050000e-003	
2225	3.200000e-003	
2226	3.350000e-003	
2227	3.400000e-003	
2228	3.125000e-003	
2229	3.400000e-003	
2230	3.075000e-003	
2231	3.575000e-003	
2232	3.225000e-003	
2233	3.325000e-003	
2234	3.500000e-003	
2235	3.375000e-003	
2236	3.375000e-003	
2237	3.950000e-003	
2238	3.850000e-003	
2239	4.025000e-003	
2240	4.350000e-003	
2241	4.000000e-003	
2242	3.575000e-003	
2243	3.000000e-003	
2244	3.125000e-003	
2245	3.075000e-003	
2246	3.250000e-003	
2247	3.400000e-003	
2248	2.825000e-003	
2249	2.825000e-003	
2250	2.925000e-003	
2251	2.775000e-003	
2252	2.400000e-003	
2253	2.350000e-003	
2254	2.575000e-003	
2255	2.275000e-003	
2256	1.850000e-003	
2257	1.575000e-003	
2258	1.400000e-003	
2259	1.300000e-003	
2260	1.325000e-003	
2261	1.025000e-003	
2262	1.050000e-003	
2263	9.750000e-004	
2264	8.750000e-004	
2265	1.150000e-003	
2266	1.000000e-003	
2267	1.150000e-003	
2268	1.050000e-003	
2269	1.300000e-003	
2270	1.225000e-003	
2271	1.150000e-003	
2272	8.750000e-004	
2273	8.750000e-004	
2274	7.500000e-004	
2275	5.000000e-004	
2276	5.000000e-004	
2277	4.500000e-004	
2278	2.750000e-004	
2279	3.000000e-004	
2280	3.000000e-004	
2281	3.750000e-004	
2282	4.250000e-004	
2283	4.250000e-004	
2284	4.500000e-004	
2285	3.250000e-004	
2286	3.250000e-004	
2287	2.250000e-004	
2288	2.000000e-004	
2289	3.000000e-004	
2290	3.000000e-004	
2291	2.500000e-004	
2292	2.500000e-004	
2293	2.500000e-004	
2294	1.750000e-004	
2295	2.000000e-004	
2296	2.250000e-004	
2297	2.250000e-004	
2298	1.500000e-004	
2299	1.750000e-004	
2300	2.250000e-004	
2301	2.500000e-004	
2302	2.750000e-004	
2303	1.750000e-004	
2304	1.250000e-004	
2305	5.000000e-005	
2306	1.000000e-004	
2307	2.500000e-005	
2308	0	
2309	0	
2310	0	
2311	0	
2312	0	
2313	0	
2314	0	
2315	0	
2316	0	
2317	0	
2318	0	
2319	0	
2320	0	
2321	2.500000e-005	
2322	0	
2323	0	
2324	0	
2325	0	
2326	0	
2327	0	
2328	0	
2329	0	
2330	0	
2331	0	
2332	0	
2333	0	
2334	0	
2335	0	
2336	0	
2337	0	
2338	0	
2339	0	
2340	0	
2341	0	
2342	0	
2343	0	
2344	0	
2345	0	
2346	0	
2347	0	
2348	0	
2349	2.500000e-005	
2350	5.000000e-005	
2351	5.000000e-005	
2352	5.000000e-005	
2353	0	
2354	0	
2355	0	
2356	0	
2357	0	
2358	0	
2359	0	
2360	0	
2361	0	
2362	0	
2363	0	
2364	2.500000e-005	
2365	5.000000e-005	
2366	2.500000e-005	
2367	0	
2368	0	
2369	0	
2370	0	
2371	0	
2372	0	
2373	0	
2374	0	
2375	0	
2376	0	
2377	0	
2378	0	
2379	0	
2380	0	
2381	0	
2382	0	
2383	0	
2384	0	
2385	0	
2386	0	
2387	0	
2388	0	
2389	0	
2390	0	
2391	0	
2392	0	
2393	0	
2394	0	
2395	0	
2396	0	
2397	0	
2398	0	
2399	0	
2400	0	
2401	0	
2402	0	
2403	0	
2404	0	
2405	0	
2406	2.500000e-005	
2407	5.000000e-005	
2408	2.500000e-005	
2409	2.500000e-005	
2410	0	
2411	0	
2412	2.500000e-005	
2413	5.000000e-005	
2414	5.000000e-005	
2415	5.000000e-005	
2416	0	
2417	0	
2418	2.500000e-005	
2419	5.000000e-005	
2420	2.500000e-005	
2421	2.500000e-005	
2422	2.500000e-005	
2423	0	
2424	0	
2425	0	
2426	0	
2427	0	
2428	0	
2429	0	
2430	0	
2431	0	
2432	0	
2433	0	
2434	0	
2435	0	
2436	0	
2437	2.500000e-005	
2438	2.500000e-005	
2439	0	
2440	0	
2441	0	
2442	2.500000e-005	
2443	7.500000e-005	
2444	1.000000e-004	
2445	1.250000e-004	
2446	2.000000e-004	
2447	2.500000e-004	
2448	2.250000e-004	
2449	4.000000e-004	
2450	3.000000e-004	
2451	3.000000e-004	
2452	2.250000e-004	
2453	2.000000e-004	
2454	2.000000e-004	
2455	2.500000e-004	
2456	2.500000e-004	
2457	3.250000e-004	
2458	5.500000e-004	
2459	4.750000e-004	
2460	7.000000e-004	
2461	7.250000e-004	
2462	7.500000e-004	
2463	8.500000e-004	
2464	1.175000e-003	
2465	9.250000e-004	
2466	1.000000e-003	
2467	1.050000e-003	
2468	8.500000e-004	
2469	1.000000e-003	
2470	1.050000e-003	
2471	9.250000e-004	
2472	1.075000e-003	
2473	9.500000e-004	
2474	1.075000e-003	
2475	1.125000e-003	
2476	1.075000e-003	
2477	1.025000e-003	
2478	1.025000e-003	
2479	9.250000e-004	
2480	9.750000e-004	
2481	9.000000e-004	
2482	9.500000e-004	
2483	1.075000e-003	
2484	1.375000e-003	
2485	1.325000e-003	
2486	1.175000e-003	
2487	1.125000e-003	
2488	1.025000e-003	
2489	1.125000e-003	
2490	1.000000e-003	
2491	1.000000e-003	
2492	1.050000e-003	
2493	9.000000e-004	
2494	1.075000e-003	
2495	1.175000e-003	
2496	1.200000e-003	
2497	1.150000e-003	
2498	1.250000e-003	
2499	1.350000e-003	
2500	1.200000e-003	
2501	1.125000e-003	
2502	7.250000e-004	
2503	5.750000e-004	
2504	8.000000e-004	
2505	9.250000e-004	
2506	9.250000e-004	
2507	9.000000e-004	
2508	9.750000e-004	
2509	7.750000e-004	
2510	8.000000e-004	
2511	8.250000e-004	
2512	8.250000e-004	
2513	8.000000e-004	
2514	6.750000e-004	
2515	8.250000e-004	
2516	9.500000e-004	
2517	8.250000e-004	
2518	7.500000e-004	
2519	9.500000e-004	
2520	1.050000e-003	
2521	1.100000e-003	
2522	8.750000e-004	
2523	1.125000e-003	
2524	1.100000e-003	
2525	1.125000e-003	
2526	1.225000e-003	
2527	1.325000e-003	
2528	1.450000e-003	
2529	1.475000e-003	
2530	1.650000e-003	
2531	1.650000e-003	
2532	1.350000e-003	
2533	1.325000e-003	
2534	1.250000e-003	
2535	1.000000e-003	
2536	9.500000e-004	
2537	1.000000e-003	
2538	9.250000e-004	
2539	1.100000e-003	
2540	1.200000e-003	
2541	1.125000e-003	
2542	1.350000e-003	
2543	1.425000e-003	
2544	1.325000e-003	
2545	1.050000e-003	
2546	1.025000e-003	
2547	1.250000e-003	
2548	1.300000e-003	
2549	1.225000e-003	
2550	1.225000e-003	
2551	1.100000e-003	
2552	9.250000e-004	
2553	1.400000e-003	
2554	1.425000e-003	
2555	1.350000e-003	
2556	1.100000e-003	
2557	1.175000e-003	
2558	1.175000e-003	
2559	1.100000e-003	
2560	1.025000e-003	
2561	1.150000e-003	
2562	1.150000e-003	
2563	1.125000e-003	
2564	1.275000e-003	
2565	1.250000e-003	
2566	1.250000e-003	
2567	1.325000e-003	
2568	1.500000e-003	
2569	1.575000e-003	
2570	1.450000e-003	
2571	1.475000e-003	
2572	1.325000e-003	
2573	1.525000e-003	
2574	1.175000e-003	
2575	1.125000e-003	
2576	9.250000e-004	
2577	8.250000e-004	
2578	6.750000e-004	
2579	6.750000e-004	
2580	1.050000e-003	
2581	1.100000e-003	
2582	7.750000e-004	
2583	6.750000e-004	
2584	7.250000e-004	
2585	7.750000e-004	
2586	9.500000e-004	
2587	1.125000e-003	
2588	1.125000e-003	
2589	1.200000e-003	
2590	1.250000e-003	
2591	1.125000e-003	
2592	7.750000e-004	
2593	6.250000e-004	
2594	4.250000e-004	
2595	6.500000e-004	
2596	5.500000e-004	
2597	5.250000e-004	
2598	6.000000e-004	
2599	7.750000e-004	
2600	8.750000e-004	
2601	9.500000e-004	
2602	1.100000e-003	
2603	8.750000e-004	
2604	9.500000e-004	
2605	9.500000e-004	
2606	9.000000e-004	
2607	8.000000e-004	
2608	1.075000e-003	
2609	1.175000e-003	
2610	1.575000e-003	
2611	1.500000e-003	
2612	1.450000e-003	
2613	1.475000e-003	
2614	1.525000e-003	
2615	1.550000e-003	
2616	1.325000e-003	
2617	1.100000e-003	
2618	1.200000e-003	
2619	1.300000e-003	
2620	1.525000e-003	
2621	1.350000e-003	
2622	1.350000e-003	
2623	1.225000e-003	
2624	1.125000e-003	
2625	1.225000e-003	
2626	1.600000e-003	
2627	1.575000e-003	
2628	1.425000e-003	
2629	1.475000e-003	
2630	1.725000e-003	
2631	1.600000e-003	
2632	1.625000e-003	
2633	1.375000e-003	
2634	1.275000e-003	
2635	1.225000e-003	
2636	9.000000e-004	
2637	1.000000e-003	
2638	1.050000e-003	
2639	1.075000e-003	
2640	1.375000e-003	
2641	1.350000e-003	
2642	1.075000e-003	
2643	9.250000e-004	
2644	1.075000e-003	
2645	9.500000e-004	
2646	8.250000e-004	
2647	8.250000e-004	
2648	7.250000e-004	
2649	6.000000e-004	
2650	5.000000e-004	
2651	5.000000e-004	
2652	4.750000e-004	
2653	4.250000e-004	
2654	4.250000e-004	
2655	5.000000e-004	
2656	5.000000e-004	
2657	4.250000e-004	
2658	3.750000e-004	
2659	4.250000e-004	
2660	4.000000e-004	
2661	3.000000e-004	
2662	2.500000e-004	
2663	3.500000e-004	
2664	3.000000e-004	
2665	3.000000e-004	
2666	3.000000e-004	
2667	2.500000e-004	
2668	2.250000e-004	
2669	2.000000e-004	
2670	1.000000e-004	
2671	1.750000e-004	
2672	1.750000e-004	
2673	1.250000e-004	
2674	1.500000e-004	
2675	1.000000e-004	
2676	5.000000e-005	
2677	2.500000e-005	
2678	5.000000e-005	
2679	1.250000e-004	
2680	7.500000e-005	
2681	1.250000e-004	
2682	2.500000e-005	
2683	5.000000e-005	
2684	1.250000e-004	
2685	1.500000e-004	
2686	1.250000e-004	
2687	2.000000e-004	
2688	1.750000e-004	
2689	2.000000e-004	
2690	1.750000e-004	
2691	1.500000e-004	
2692	1.000000e-004	
2693	7.500000e-005	
2694	5.000000e-005	
2695	0	
2696	0	
2697	0	
2698	0	
2699	0	
2700	0	
2701	0	
2702	0	
2703	0	
2704	0	
2705	2.500000e-005	
2706	5.000000e-005	
2707	7.500000e-005	
2708	1.250000e-004	
2709	1.500000e-004	
2710	3.000000e-004	
2711	3.250000e-004	
2712	2.500000e-004	
2713	2.750000e-004	
2714	4.750000e-004	
2715	4.750000e-004	
2716	5.750000e-004	
2717	6.750000e-004	
2718	6.000000e-004	
2719	5.750000e-004	
2720	6.250000e-004	
2721	5.000000e-004	
2722	3.250000e-004	
2723	4.250000e-004	
2724	4.500000e-004	
2725	5.750000e-004	
2726	5.250000e-004	
2727	7.000000e-004	
2728	8.250000e-004	
2729	8.500000e-004	
2730	8.250000e-004	
2731	9.500000e-004	
2732	8.000000e-004	
2733	1.050000e-003	
2734	9.750000e-004	
2735	1.175000e-003	
2736	1.325000e-003	
2737	1.400000e-003	
2738	1.175000e-003	
2739	1.200000e-003	
2740	1.050000e-003	
2741	1.075000e-003	
2742	1.375000e-003	
2743	1.000000e-003	
2744	1.075000e-003	
2745	1.025000e-003	
2746	1.025000e-003	
2747	9.000000e-004	
2748	1.025000e-003	
2749	1.225000e-003	
2750	1.075000e-003	
2751	1.025000e-003	
2752	1.000000e-003	
2753	7.750000e-004	
2754	7.500000e-004	
2755	7.750000e-004	
2756	7.250000e-004	
2757	6.250000e-004	
2758	8.250000e-004	
2759	1.000000e-003	
2760	9.500000e-004	
2761	1.050000e-003	
2762	1.025000e-003	
2763	1.025000e-003	
2764	1.075000e-003	
2765	9.500000e-004	
2766	8.500000e-004	
2767	9.750000e-004	
2768	1.175000e-003	
2769	8.000000e-004	
2770	8.500000e-004	
2771	7.500000e-004	
2772	8.250000e-004	
2773	8.250000e-004	
2774	7.000000e-004	
2775	6.500000e-004	
2776	9.250000e-004	
2777	8.500000e-004	
2778	9.500000e-004	
2779	7.250000e-004	
2780	7.750000e-004	
2781	9.750000e-004	
2782	1.175000e-003	
2783	1.250000e-003	
2784	1.050000e-003	
2785	1.075000e-003	
2786	1.150000e-003	
2787	1.125000e-003	
2788	1.325000e-003	
2789	1.300000e-003	
2790	1.275000e-003	
2791	1.150000e-003	
2792	1.225000e-003	
2793	1.325000e-003	
2794	1.275000e-003	
2795	1.025000e-003	
2796	8.500000e-004	
2797	8.500000e-004	
2798	9.750000e-004	
2799	9.750000e-004	
2800	8.250000e-004	
2801	8.750000e-004	
2802	8.000000e-004	
2803	7.750000e-004	
2804	7.750000e-004	
2805	8.750000e-004	
2806	9.000000e-004	
2807	8.000000e-004	
2808	6.500000e-004	
2809	5.750000e-004	
2810	5.250000e-004	
2811	5.000000e-004	
2812	6.750000e-004	
2813	7.000000e-004	
2814	8.250000e-004	
2815	7.250000e-004	
2816	5.250000e-004	
2817	5.250000e-004	
2818	4.000000e-004	
2819	4.000000e-004	
2820	2.750000e-004	
2821	2.500000e-004	
2822	1.500000e-004	
2823	1.000000e-004	
2824	2.500000e-004	
2825	4.250000e-004	
2826	6.000000e-004	
2827	8.500000e-004	
2828	8.500000e-004	
2829	9.500000e-004	
2830	1.000000e-003	
2831	1.050000e-003	
2832	8.750000e-004	
2833	1.050000e-003	
2834	1.000000e-003	
2835	9.750000e-004	
2836	1.025000e-003	
2837	9.500000e-004	
2838	9.500000e-004	
2839	9.000000e-004	
2840	6.750000e-004	
2841	5.500000e-004	
2842	4.000000e-004	
2843	5.500000e-004	
2844	5.500000e-004	
2845	4.750000e-004	
2846	4.250000e-004	
2847	5.750000e-004	
2848	5.750000e-004	
2849	6.250000e-004	
2850	5.750000e-004	
2851	6.000000e-004	
2852	7.000000e-004	
2853	6.750000e-004	
2854	7.750000e-004	
2855	5.250000e-004	
2856	4.000000e-004	
2857	6.000000e-004	
2858	6.500000e-004	
2859	5.750000e-004	
2860	5.000000e-004	
2861	7.500000e-004	
2862	7.000000e-004	
2863	5.250000e-004	
2864	3.750000e-004	
2865	3.000000e-004	
2866	3.500000e-004	
2867	3.500000e-004	
2868	6.000000e-004	
2869	6.000000e-004	
2870	7.250000e-004	
2871	9.750000e-004	
2872	7.250000e-004	
2873	6.000000e-004	
2874	5.500000e-004	
2875	6.750000e-004	
2876	5.250000e-004	
2877	3.500000e-004	
2878	4.000000e-004	
2879	5.250000e-004	
2880	5.000000e-004	
2881	8.500000e-004	
2882	7.250000e-004	
2883	5.250000e-004	
2884	6.000000e-004	
2885	5.250000e-004	
2886	6.250000e-004	
2887	7.000000e-004	
2888	7.500000e-004	
2889	7.000000e-004	
2890	6.500000e-004	
2891	7.500000e-004	
2892	7.000000e-004	
2893	7.500000e-004	
2894	6.750000e-004	
2895	8.750000e-004	
2896	1.000000e-003	
2897	9.500000e-004	
2898	9.500000e-004	
2899	1.100000e-003	
2900	1.050000e-003	
2901	8.250000e-004	
2902	6.750000e-004	
2903	6.750000e-004	
2904	7.750000e-004	
2905	8.000000e-004	
2906	9.000000e-004	
2907	8.250000e-004	
2908	7.000000e-004	
2909	7.500000e-004	
2910	7.750000e-004	
2911	6.500000e-004	
2912	6.000000e-004	
2913	6.250000e-004	
2914	7.000000e-004	
2915	6.250000e-004	
2916	5.250000e-004	
2917	6.000000e-004	
2918	6.750000e-004	
2919	7.000000e-004	
2920	5.500000e-004	
2921	6.000000e-004	
2922	5.500000e-004	
2923	7.000000e-004	
2924	4.750000e-004	
2925	5.000000e-004	
2926	4.500000e-004	
2927	4.250000e-004	
2928	4.500000e-004	
2929	5.750000e-004	
2930	4.500000e-004	
2931	6.000000e-004	
2932	4.000000e-004	
2933	3.250000e-004	
2934	2.500000e-004	
2935	2.250000e-004	
2936	2.000000e-004	
2937	2.250000e-004	
2938	2.250000e-004	
2939	1.750000e-004	
2940	2.000000e-004	
2941	2.750000e-004	
2942	3.000000e-004	
2943	1.750000e-004	
2944	2.000000e-004	
2945	2.250000e-004	
2946	2.750000e-004	
2947	4.000000e-004	
2948	4.000000e-004	
2949	4.750000e-004	
2950	5.750000e-004	
2951	6.500000e-004	
2952	4.750000e-004	
2953	5.750000e-004	
2954	6.000000e-004	
2955	1.000000e-003	
2956	9.750000e-004	
2957	1.025000e-003	
2958	9.500000e-004	
2959	8.750000e-004	
2960	9.750000e-004	
2961	8.750000e-004	
2962	8.250000e-004	
2963	8.500000e-004	
2964	6.250000e-004	
2965	5.500000e-004	
2966	6.500000e-004	
2967	6.500000e-004	
2968	8.250000e-004	
2969	7.750000e-004	
2970	9.500000e-004	
2971	8.250000e-004	
2972	1.075000e-003	
2973	1.100000e-003	
2974	9.750000e-004	
2975	1.000000e-003	
2976	1.000000e-003	
2977	1.000000e-003	
2978	1.075000e-003	
2979	9.500000e-004	
2980	1.025000e-003	
2981	9.500000e-004	
2982	1.150000e-003	
2983	1.050000e-003	
2984	8.250000e-004	
2985	6.500000e-004	
2986	5.250000e-004	
2987	5.500000e-004	
2988	6.000000e-004	
2989	8.250000e-004	
2990	8.250000e-004	
2991	8.750000e-004	
2992	8.000000e-004	
2993	8.000000e-004	
2994	8.500000e-004	
2995	1.200000e-003	
2996	9.250000e-004	
2997	7.000000e-004	
2998	7.250000e-004	
2999	7.250000e-004	
3000	7.750000e-004	
3001	8.250000e-004	
