1	0	
2	0	
3	0	
4	0	
5	2.500000e-005	
6	1.000000e-004	
7	1.500000e-004	
8	2.250000e-004	
9	3.250000e-004	
10	5.750000e-004	
11	7.500000e-004	
12	7.750000e-004	
13	9.250000e-004	
14	1.150000e-003	
15	1.125000e-003	
16	1.225000e-003	
17	1.175000e-003	
18	1.425000e-003	
19	1.450000e-003	
20	1.800000e-003	
21	1.675000e-003	
22	1.875000e-003	
23	2.000000e-003	
24	2.450000e-003	
25	2.525000e-003	
26	2.775000e-003	
27	2.725000e-003	
28	3.200000e-003	
29	3.500000e-003	
30	4.100000e-003	
31	4.425000e-003	
32	3.825000e-003	
33	4.200000e-003	
34	4.325000e-003	
35	4.450000e-003	
36	5.000000e-003	
37	5.325000e-003	
38	5.500000e-003	
39	5.825000e-003	
40	5.575000e-003	
41	5.875000e-003	
42	5.875000e-003	
43	6.400000e-003	
44	6.125000e-003	
45	5.850000e-003	
46	6.150000e-003	
47	6.225000e-003	
48	6.825000e-003	
49	7.400000e-003	
50	7.625000e-003	
51	8.175000e-003	
52	8.125000e-003	
53	8.575000e-003	
54	9.800000e-003	
55	9.875000e-003	
56	9.975000e-003	
57	9.925000e-003	
58	1.057500e-002	
59	1.117500e-002	
60	1.110000e-002	
61	1.070000e-002	
62	1.100000e-002	
63	1.137500e-002	
64	1.077500e-002	
65	9.450000e-003	
66	9.700000e-003	
67	1.022500e-002	
68	1.037500e-002	
69	1.125000e-002	
70	1.215000e-002	
71	1.167500e-002	
72	1.120000e-002	
73	1.102500e-002	
74	1.017500e-002	
75	8.675000e-003	
76	7.900000e-003	
77	8.375000e-003	
78	7.550000e-003	
79	7.100000e-003	
80	6.850000e-003	
81	5.875000e-003	
82	5.300000e-003	
83	4.725000e-003	
84	4.025000e-003	
85	4.125000e-003	
86	4.150000e-003	
87	3.525000e-003	
88	3.500000e-003	
89	3.500000e-003	
90	2.975000e-003	
91	2.925000e-003	
92	2.400000e-003	
93	2.350000e-003	
94	2.325000e-003	
95	1.825000e-003	
96	1.575000e-003	
97	1.675000e-003	
98	1.375000e-003	
99	1.025000e-003	
100	1.275000e-003	
101	6.750000e-004	
102	4.000000e-004	
103	2.500000e-004	
104	3.000000e-004	
105	2.000000e-004	
106	2.750000e-004	
107	2.000000e-004	
108	1.750000e-004	
109	2.500000e-004	
110	2.500000e-004	
111	2.500000e-004	
112	1.750000e-004	
113	0	
114	0	
115	0	
116	0	
117	0	
118	0	
119	0	
120	0	
121	0	
122	0	
123	0	
124	0	
125	0	
126	0	
127	2.500000e-005	
128	0	
129	2.500000e-005	
130	0	
131	0	
132	0	
133	0	
134	0	
135	0	
136	0	
137	2.500000e-005	
138	2.500000e-005	
139	0	
140	0	
141	0	
142	0	
143	0	
144	0	
145	0	
146	0	
147	0	
148	0	
149	0	
150	0	
151	0	
152	0	
153	0	
154	0	
155	0	
156	0	
157	0	
158	0	
159	0	
160	0	
161	0	
162	0	
163	0	
164	0	
165	0	
166	2.500000e-005	
167	0	
168	0	
169	0	
170	0	
171	0	
172	0	
173	2.500000e-005	
174	0	
175	0	
176	0	
177	0	
178	0	
179	0	
180	0	
181	2.500000e-005	
182	0	
183	0	
184	0	
185	0	
186	0	
187	0	
188	0	
189	0	
190	2.500000e-005	
191	2.500000e-005	
192	0	
193	0	
194	0	
195	0	
196	0	
197	0	
198	0	
199	0	
200	0	
201	0	
202	0	
203	0	
204	0	
205	0	
206	0	
207	0	
208	0	
209	0	
210	0	
211	0	
212	0	
213	0	
214	0	
215	0	
216	0	
217	0	
218	0	
219	0	
220	0	
221	0	
222	0	
223	0	
224	0	
225	0	
226	0	
227	0	
228	0	
229	0	
230	0	
231	0	
232	0	
233	0	
234	0	
235	0	
236	0	
237	0	
238	0	
239	0	
240	0	
241	0	
242	0	
243	0	
244	0	
245	0	
246	0	
247	0	
248	0	
249	0	
250	0	
251	0	
252	0	
253	0	
254	2.500000e-005	
255	2.500000e-005	
256	2.500000e-005	
257	0	
258	0	
259	0	
260	0	
261	0	
262	0	
263	2.500000e-005	
264	5.000000e-005	
265	5.000000e-005	
266	0	
267	0	
268	0	
269	0	
270	0	
271	0	
272	0	
273	0	
274	0	
275	0	
276	0	
277	0	
278	0	
279	0	
280	0	
281	0	
282	0	
283	0	
284	0	
285	0	
286	0	
287	2.500000e-005	
288	5.000000e-005	
289	1.000000e-004	
290	2.500000e-005	
291	0	
292	0	
293	0	
294	0	
295	0	
296	0	
297	0	
298	0	
299	0	
300	0	
301	0	
302	0	
303	0	
304	0	
305	0	
306	0	
307	0	
308	0	
309	0	
310	0	
311	0	
312	0	
313	0	
314	0	
315	0	
316	0	
317	0	
318	0	
319	0	
320	2.500000e-005	
321	7.500000e-005	
322	5.000000e-005	
323	2.500000e-005	
324	2.500000e-005	
325	7.500000e-005	
326	0	
327	0	
328	0	
329	0	
330	0	
331	0	
332	0	
333	0	
334	0	
335	0	
336	0	
337	0	
338	0	
339	0	
340	0	
341	2.500000e-005	
342	5.000000e-005	
343	5.000000e-005	
344	5.000000e-005	
345	7.500000e-005	
346	7.500000e-005	
347	7.500000e-005	
348	5.000000e-005	
349	5.000000e-005	
350	5.000000e-005	
351	2.500000e-005	
352	2.500000e-005	
353	7.500000e-005	
354	5.000000e-005	
355	2.500000e-005	
356	0	
357	0	
358	2.500000e-005	
359	5.000000e-005	
360	5.000000e-005	
361	2.500000e-005	
362	0	
363	0	
364	0	
365	0	
366	0	
367	0	
368	2.500000e-005	
369	0	
370	0	
371	0	
372	0	
373	0	
374	0	
375	0	
376	0	
377	2.500000e-005	
378	5.000000e-005	
379	5.000000e-005	
380	2.500000e-005	
381	2.500000e-005	
382	2.500000e-005	
383	5.000000e-005	
384	7.500000e-005	
385	1.500000e-004	
386	1.750000e-004	
387	1.250000e-004	
388	5.000000e-005	
389	7.500000e-005	
390	7.500000e-005	
391	1.000000e-004	
392	7.500000e-005	
393	0	
394	0	
395	0	
396	0	
397	0	
398	0	
399	2.500000e-005	
400	1.000000e-004	
401	1.000000e-004	
402	1.000000e-004	
403	5.000000e-005	
404	7.500000e-005	
405	5.000000e-005	
406	7.500000e-005	
407	5.000000e-005	
408	0	
409	0	
410	0	
411	0	
412	0	
413	0	
414	0	
415	0	
416	0	
417	0	
418	0	
419	2.500000e-005	
420	5.000000e-005	
421	2.500000e-005	
422	5.000000e-005	
423	7.500000e-005	
424	5.000000e-005	
425	0	
426	0	
427	0	
428	0	
429	0	
430	0	
431	2.500000e-005	
432	5.000000e-005	
433	2.500000e-005	
434	7.500000e-005	
435	2.000000e-004	
436	1.500000e-004	
437	2.000000e-004	
438	2.000000e-004	
439	1.000000e-004	
440	7.500000e-005	
441	1.000000e-004	
442	7.500000e-005	
443	2.500000e-005	
444	0	
445	0	
446	0	
447	0	
448	0	
449	0	
450	2.500000e-005	
451	2.500000e-005	
452	1.000000e-004	
453	1.500000e-004	
454	1.750000e-004	
455	2.750000e-004	
456	1.500000e-004	
457	2.000000e-004	
458	1.750000e-004	
459	1.000000e-004	
460	2.500000e-005	
461	0	
462	0	
463	2.500000e-005	
464	7.500000e-005	
465	5.000000e-005	
466	5.000000e-005	
467	1.000000e-004	
468	1.250000e-004	
469	1.250000e-004	
470	1.750000e-004	
471	1.750000e-004	
472	2.500000e-004	
473	2.500000e-004	
474	2.250000e-004	
475	3.250000e-004	
476	3.500000e-004	
477	3.000000e-004	
478	2.000000e-004	
479	2.500000e-004	
480	1.750000e-004	
481	2.000000e-004	
482	1.750000e-004	
483	1.500000e-004	
484	2.250000e-004	
485	2.250000e-004	
486	2.500000e-004	
487	3.000000e-004	
488	3.500000e-004	
489	3.500000e-004	
490	3.750000e-004	
491	3.500000e-004	
492	5.000000e-004	
493	3.500000e-004	
494	1.750000e-004	
495	3.000000e-004	
496	3.250000e-004	
497	2.750000e-004	
498	2.750000e-004	
499	3.000000e-004	
500	3.250000e-004	
501	3.750000e-004	
502	4.500000e-004	
503	7.750000e-004	
504	9.500000e-004	
505	9.250000e-004	
506	6.500000e-004	
507	5.000000e-004	
508	6.000000e-004	
509	6.250000e-004	
510	7.500000e-004	
511	8.250000e-004	
512	1.150000e-003	
513	9.000000e-004	
514	1.225000e-003	
515	1.225000e-003	
516	1.275000e-003	
517	1.225000e-003	
518	1.200000e-003	
519	1.175000e-003	
520	9.750000e-004	
521	1.025000e-003	
522	1.000000e-003	
523	1.125000e-003	
524	1.225000e-003	
525	1.450000e-003	
526	1.200000e-003	
527	1.575000e-003	
528	1.475000e-003	
529	1.050000e-003	
530	1.025000e-003	
531	1.100000e-003	
532	1.150000e-003	
533	1.300000e-003	
534	1.300000e-003	
535	1.025000e-003	
536	8.500000e-004	
537	1.075000e-003	
538	1.025000e-003	
539	8.750000e-004	
540	7.750000e-004	
541	8.000000e-004	
542	8.500000e-004	
543	8.500000e-004	
544	1.000000e-003	
545	8.750000e-004	
546	6.750000e-004	
547	5.250000e-004	
548	5.500000e-004	
549	5.750000e-004	
550	4.250000e-004	
551	4.250000e-004	
552	4.750000e-004	
553	6.500000e-004	
554	6.000000e-004	
555	4.750000e-004	
556	6.000000e-004	
557	4.750000e-004	
558	5.250000e-004	
559	4.750000e-004	
560	4.500000e-004	
561	4.000000e-004	
562	6.250000e-004	
563	5.750000e-004	
564	5.500000e-004	
565	7.500000e-004	
566	1.025000e-003	
567	1.075000e-003	
568	9.500000e-004	
569	1.150000e-003	
570	9.500000e-004	
571	1.100000e-003	
572	1.275000e-003	
573	1.275000e-003	
574	1.275000e-003	
575	1.200000e-003	
576	1.125000e-003	
577	9.500000e-004	
578	9.000000e-004	
579	9.750000e-004	
580	1.200000e-003	
581	1.150000e-003	
582	1.400000e-003	
583	1.400000e-003	
584	1.225000e-003	
585	1.250000e-003	
586	1.100000e-003	
587	1.325000e-003	
588	1.350000e-003	
589	1.350000e-003	
590	1.425000e-003	
591	1.525000e-003	
592	1.275000e-003	
593	1.275000e-003	
594	1.450000e-003	
595	1.300000e-003	
596	1.175000e-003	
597	1.200000e-003	
598	1.525000e-003	
599	1.825000e-003	
600	1.775000e-003	
601	2.125000e-003	
602	2.075000e-003	
603	1.900000e-003	
604	1.900000e-003	
605	2.150000e-003	
606	2.375000e-003	
607	2.275000e-003	
608	1.875000e-003	
609	1.775000e-003	
610	1.500000e-003	
611	1.675000e-003	
612	1.825000e-003	
613	2.175000e-003	
614	2.325000e-003	
615	2.375000e-003	
616	2.225000e-003	
617	2.450000e-003	
618	2.525000e-003	
619	2.450000e-003	
620	2.825000e-003	
621	3.400000e-003	
622	3.375000e-003	
623	3.675000e-003	
624	4.250000e-003	
625	3.975000e-003	
626	3.775000e-003	
627	4.050000e-003	
628	4.200000e-003	
629	4.000000e-003	
630	4.125000e-003	
631	4.200000e-003	
632	4.275000e-003	
633	4.150000e-003	
634	4.050000e-003	
635	4.400000e-003	
636	4.550000e-003	
637	4.175000e-003	
638	3.800000e-003	
639	4.100000e-003	
640	3.725000e-003	
641	3.375000e-003	
642	3.700000e-003	
643	3.525000e-003	
644	3.400000e-003	
645	3.425000e-003	
646	3.175000e-003	
647	3.350000e-003	
648	3.225000e-003	
649	3.800000e-003	
650	3.525000e-003	
651	2.725000e-003	
652	2.475000e-003	
653	2.550000e-003	
654	2.325000e-003	
655	2.525000e-003	
656	2.675000e-003	
657	2.750000e-003	
658	2.475000e-003	
659	2.525000e-003	
660	2.675000e-003	
661	2.275000e-003	
662	2.500000e-003	
663	2.825000e-003	
664	2.550000e-003	
665	2.950000e-003	
666	3.150000e-003	
667	3.500000e-003	
668	3.250000e-003	
669	2.875000e-003	
670	2.625000e-003	
671	2.475000e-003	
672	2.050000e-003	
673	2.200000e-003	
674	2.575000e-003	
675	2.425000e-003	
676	2.925000e-003	
677	2.750000e-003	
678	2.300000e-003	
679	2.025000e-003	
680	1.725000e-003	
681	1.550000e-003	
682	1.425000e-003	
683	1.250000e-003	
684	9.750000e-004	
685	6.750000e-004	
686	5.000000e-004	
687	5.000000e-004	
688	5.250000e-004	
689	3.750000e-004	
690	3.250000e-004	
691	4.000000e-004	
692	5.750000e-004	
693	4.000000e-004	
694	5.250000e-004	
695	7.250000e-004	
696	6.000000e-004	
697	3.750000e-004	
698	4.250000e-004	
699	3.000000e-004	
700	2.750000e-004	
701	3.500000e-004	
702	3.750000e-004	
703	3.250000e-004	
704	3.750000e-004	
705	3.500000e-004	
706	2.750000e-004	
707	2.500000e-004	
708	1.750000e-004	
709	1.250000e-004	
710	1.750000e-004	
711	1.250000e-004	
712	7.500000e-005	
713	7.500000e-005	
714	5.000000e-005	
715	5.000000e-005	
716	0	
717	0	
718	0	
719	0	
720	0	
721	0	
722	2.500000e-005	
723	2.500000e-005	
724	2.500000e-005	
725	5.000000e-005	
726	5.000000e-005	
727	0	
728	0	
729	0	
730	0	
731	0	
732	0	
733	0	
734	0	
735	0	
736	0	
737	0	
738	0	
739	0	
740	0	
741	0	
742	0	
743	0	
744	0	
745	0	
746	0	
747	0	
748	2.500000e-005	
749	1.500000e-004	
750	1.250000e-004	
751	5.000000e-005	
752	7.500000e-005	
753	5.000000e-005	
754	7.500000e-005	
755	5.000000e-005	
756	5.000000e-005	
757	5.000000e-005	
758	2.500000e-005	
759	5.000000e-005	
760	2.500000e-005	
761	2.500000e-005	
762	7.500000e-005	
763	1.000000e-004	
764	1.000000e-004	
765	5.000000e-005	
766	2.500000e-005	
767	2.500000e-005	
768	2.500000e-005	
769	0	
770	0	
771	0	
772	0	
773	0	
774	0	
775	0	
776	0	
777	0	
778	0	
779	5.000000e-005	
780	1.250000e-004	
781	0	
782	0	
783	0	
784	0	
785	2.500000e-005	
786	5.000000e-005	
787	2.500000e-005	
788	5.000000e-005	
789	2.500000e-005	
790	2.500000e-005	
791	2.500000e-005	
792	0	
793	0	
794	0	
795	0	
796	0	
797	0	
798	0	
799	0	
800	0	
801	0	
802	0	
803	0	
804	0	
805	0	
806	0	
807	0	
808	0	
809	0	
810	0	
811	0	
812	0	
813	0	
814	0	
815	0	
816	2.500000e-005	
817	7.500000e-005	
818	5.000000e-005	
819	2.500000e-005	
820	2.500000e-005	
821	2.500000e-005	
822	0	
823	0	
824	0	
825	0	
826	2.500000e-005	
827	1.250000e-004	
828	2.750000e-004	
829	4.000000e-004	
830	4.750000e-004	
831	5.500000e-004	
832	7.250000e-004	
833	7.500000e-004	
834	7.500000e-004	
835	6.000000e-004	
836	5.000000e-004	
837	4.250000e-004	
838	4.500000e-004	
839	5.750000e-004	
840	5.500000e-004	
841	4.500000e-004	
842	6.000000e-004	
843	6.250000e-004	
844	6.250000e-004	
845	7.000000e-004	
846	5.250000e-004	
847	4.750000e-004	
848	5.000000e-004	
849	4.250000e-004	
850	5.250000e-004	
851	6.750000e-004	
852	8.500000e-004	
853	8.250000e-004	
854	1.075000e-003	
855	8.000000e-004	
856	8.250000e-004	
857	6.750000e-004	
858	7.250000e-004	
859	6.000000e-004	
860	6.500000e-004	
861	6.250000e-004	
862	6.500000e-004	
863	5.000000e-004	
864	6.250000e-004	
865	7.500000e-004	
866	8.000000e-004	
867	6.000000e-004	
868	6.750000e-004	
869	7.750000e-004	
870	6.250000e-004	
871	5.750000e-004	
872	5.500000e-004	
873	7.000000e-004	
874	6.250000e-004	
875	4.500000e-004	
876	4.500000e-004	
877	3.750000e-004	
878	2.500000e-004	
879	2.750000e-004	
880	1.750000e-004	
881	7.500000e-005	
882	7.500000e-005	
883	5.000000e-005	
884	7.500000e-005	
885	2.500000e-005	
886	2.500000e-005	
887	5.000000e-005	
888	2.500000e-005	
889	2.500000e-005	
890	5.000000e-005	
891	0	
892	0	
893	0	
894	0	
895	0	
896	0	
897	0	
898	0	
899	0	
900	0	
901	0	
902	0	
903	0	
904	0	
905	0	
906	0	
907	0	
908	0	
909	0	
910	0	
911	0	
912	0	
913	0	
914	0	
915	0	
916	0	
917	0	
918	0	
919	0	
920	0	
921	0	
922	0	
923	0	
924	2.500000e-005	
925	5.000000e-005	
926	1.000000e-004	
927	7.500000e-005	
928	5.000000e-005	
929	7.500000e-005	
930	0	
931	0	
932	0	
933	0	
934	0	
935	0	
936	0	
937	0	
938	0	
939	0	
940	0	
941	0	
942	0	
943	0	
944	0	
945	0	
946	0	
947	0	
948	0	
949	0	
950	0	
951	2.500000e-005	
952	5.000000e-005	
953	5.000000e-005	
954	2.500000e-005	
955	0	
956	0	
957	0	
958	0	
959	0	
960	0	
961	0	
962	0	
963	0	
964	0	
965	0	
966	5.000000e-005	
967	2.500000e-005	
968	0	
969	2.500000e-005	
970	7.500000e-005	
971	5.000000e-005	
972	2.500000e-005	
973	2.500000e-005	
974	2.500000e-005	
975	5.000000e-005	
976	0	
977	0	
978	0	
979	0	
980	0	
981	0	
982	0	
983	0	
984	0	
985	0	
986	2.500000e-005	
987	7.500000e-005	
988	2.500000e-004	
989	3.000000e-004	
990	3.000000e-004	
991	2.000000e-004	
992	2.250000e-004	
993	2.500000e-004	
994	2.750000e-004	
995	3.750000e-004	
996	2.500000e-004	
997	3.000000e-004	
998	2.250000e-004	
999	2.250000e-004	
1000	3.000000e-004	
1001	1.500000e-004	
1002	2.500000e-004	
1003	2.500000e-004	
1004	3.000000e-004	
1005	2.250000e-004	
1006	1.750000e-004	
1007	1.750000e-004	
1008	1.500000e-004	
1009	1.250000e-004	
1010	5.000000e-005	
1011	1.000000e-004	
1012	1.000000e-004	
1013	1.750000e-004	
1014	1.250000e-004	
1015	1.500000e-004	
1016	1.750000e-004	
1017	1.000000e-004	
1018	2.000000e-004	
1019	1.750000e-004	
1020	2.500000e-004	
1021	2.000000e-004	
1022	1.500000e-004	
1023	2.750000e-004	
1024	2.250000e-004	
1025	2.750000e-004	
1026	3.250000e-004	
1027	2.750000e-004	
1028	2.750000e-004	
1029	3.500000e-004	
1030	3.250000e-004	
1031	2.500000e-004	
1032	2.750000e-004	
1033	5.000000e-004	
1034	6.500000e-004	
1035	6.000000e-004	
1036	6.000000e-004	
1037	8.250000e-004	
1038	1.050000e-003	
1039	7.500000e-004	
1040	5.750000e-004	
1041	6.750000e-004	
1042	6.250000e-004	
1043	6.250000e-004	
1044	6.750000e-004	
1045	9.500000e-004	
1046	8.000000e-004	
1047	8.750000e-004	
1048	9.000000e-004	
1049	9.500000e-004	
1050	6.750000e-004	
1051	7.500000e-004	
1052	7.500000e-004	
1053	7.750000e-004	
1054	8.500000e-004	
1055	9.500000e-004	
1056	7.000000e-004	
1057	6.500000e-004	
1058	7.500000e-004	
1059	5.750000e-004	
1060	3.000000e-004	
1061	3.500000e-004	
1062	4.250000e-004	
1063	3.500000e-004	
1064	4.500000e-004	
1065	5.250000e-004	
1066	6.000000e-004	
1067	6.500000e-004	
1068	7.750000e-004	
1069	8.000000e-004	
1070	6.750000e-004	
1071	6.750000e-004	
1072	8.750000e-004	
1073	9.250000e-004	
1074	6.250000e-004	
1075	6.000000e-004	
1076	4.500000e-004	
1077	5.500000e-004	
1078	3.250000e-004	
1079	3.750000e-004	
1080	3.000000e-004	
1081	4.500000e-004	
1082	2.750000e-004	
1083	3.250000e-004	
1084	3.250000e-004	
1085	4.000000e-004	
1086	5.250000e-004	
1087	6.000000e-004	
1088	5.750000e-004	
1089	4.500000e-004	
1090	4.750000e-004	
1091	2.500000e-004	
1092	2.000000e-004	
1093	1.750000e-004	
1094	1.750000e-004	
1095	1.750000e-004	
1096	1.500000e-004	
1097	1.750000e-004	
1098	7.500000e-005	
1099	5.000000e-005	
1100	7.500000e-005	
1101	7.500000e-005	
1102	1.000000e-004	
1103	7.500000e-005	
1104	1.000000e-004	
1105	1.500000e-004	
1106	1.000000e-004	
1107	1.750000e-004	
1108	2.250000e-004	
1109	2.000000e-004	
1110	3.750000e-004	
1111	3.000000e-004	
1112	4.250000e-004	
1113	4.750000e-004	
1114	5.500000e-004	
1115	5.000000e-004	
1116	5.500000e-004	
1117	4.500000e-004	
1118	3.750000e-004	
1119	4.750000e-004	
1120	6.500000e-004	
1121	9.250000e-004	
1122	6.750000e-004	
1123	5.500000e-004	
1124	6.500000e-004	
1125	5.750000e-004	
1126	5.250000e-004	
1127	4.750000e-004	
1128	5.000000e-004	
1129	5.250000e-004	
1130	5.250000e-004	
1131	4.250000e-004	
1132	4.750000e-004	
1133	5.000000e-004	
1134	4.500000e-004	
1135	7.000000e-004	
1136	7.750000e-004	
1137	7.000000e-004	
1138	6.500000e-004	
1139	9.000000e-004	
1140	9.000000e-004	
1141	9.250000e-004	
1142	9.000000e-004	
1143	8.750000e-004	
1144	9.000000e-004	
1145	8.000000e-004	
1146	1.050000e-003	
1147	1.300000e-003	
1148	1.650000e-003	
1149	1.750000e-003	
1150	2.075000e-003	
1151	1.900000e-003	
1152	1.700000e-003	
1153	2.100000e-003	
1154	2.300000e-003	
1155	2.075000e-003	
1156	2.000000e-003	
1157	2.275000e-003	
1158	2.275000e-003	
1159	2.700000e-003	
1160	2.575000e-003	
1161	2.275000e-003	
1162	2.275000e-003	
1163	2.125000e-003	
1164	2.375000e-003	
1165	2.650000e-003	
1166	2.800000e-003	
1167	2.500000e-003	
1168	2.600000e-003	
1169	2.500000e-003	
1170	2.625000e-003	
1171	3.250000e-003	
1172	3.525000e-003	
1173	4.000000e-003	
1174	3.675000e-003	
1175	3.925000e-003	
1176	4.650000e-003	
1177	5.050000e-003	
1178	4.850000e-003	
1179	5.300000e-003	
1180	4.950000e-003	
1181	4.800000e-003	
1182	4.575000e-003	
1183	4.600000e-003	
1184	4.200000e-003	
1185	3.550000e-003	
1186	3.350000e-003	
1187	2.825000e-003	
1188	2.750000e-003	
1189	2.525000e-003	
1190	2.125000e-003	
1191	2.400000e-003	
1192	2.575000e-003	
1193	2.500000e-003	
1194	2.400000e-003	
1195	1.975000e-003	
1196	2.250000e-003	
1197	2.150000e-003	
1198	2.125000e-003	
1199	2.100000e-003	
1200	2.200000e-003	
1201	1.900000e-003	
1202	1.825000e-003	
1203	1.850000e-003	
1204	1.625000e-003	
1205	1.625000e-003	
1206	2.000000e-003	
1207	1.875000e-003	
1208	1.800000e-003	
1209	1.750000e-003	
1210	1.650000e-003	
1211	1.625000e-003	
1212	1.800000e-003	
1213	1.950000e-003	
1214	1.925000e-003	
1215	2.225000e-003	
1216	1.950000e-003	
1217	2.075000e-003	
1218	2.200000e-003	
1219	2.450000e-003	
1220	2.550000e-003	
1221	2.200000e-003	
1222	2.175000e-003	
1223	2.225000e-003	
1224	2.350000e-003	
1225	2.600000e-003	
1226	2.600000e-003	
1227	2.800000e-003	
1228	2.900000e-003	
1229	2.775000e-003	
1230	2.550000e-003	
1231	2.750000e-003	
1232	2.725000e-003	
1233	2.950000e-003	
1234	3.150000e-003	
1235	3.175000e-003	
1236	3.150000e-003	
1237	3.100000e-003	
1238	2.650000e-003	
1239	2.800000e-003	
1240	2.575000e-003	
1241	2.825000e-003	
1242	3.050000e-003	
1243	3.000000e-003	
1244	3.200000e-003	
1245	2.575000e-003	
1246	2.500000e-003	
1247	2.175000e-003	
1248	1.975000e-003	
1249	2.225000e-003	
1250	2.550000e-003	
1251	2.650000e-003	
1252	2.650000e-003	
1253	2.775000e-003	
1254	2.375000e-003	
1255	2.025000e-003	
1256	2.275000e-003	
1257	2.175000e-003	
1258	1.850000e-003	
1259	1.850000e-003	
1260	1.925000e-003	
1261	1.925000e-003	
1262	1.475000e-003	
1263	1.400000e-003	
1264	1.350000e-003	
1265	1.250000e-003	
1266	1.175000e-003	
1267	1.000000e-003	
1268	7.500000e-004	
1269	8.250000e-004	
1270	1.025000e-003	
1271	7.750000e-004	
1272	6.750000e-004	
1273	7.750000e-004	
1274	7.750000e-004	
1275	6.250000e-004	
1276	6.500000e-004	
1277	4.250000e-004	
1278	3.500000e-004	
1279	3.500000e-004	
1280	3.500000e-004	
1281	3.000000e-004	
1282	1.750000e-004	
1283	1.500000e-004	
1284	1.500000e-004	
1285	2.000000e-004	
1286	3.000000e-004	
1287	2.750000e-004	
1288	2.000000e-004	
1289	2.250000e-004	
1290	2.000000e-004	
1291	1.750000e-004	
1292	1.750000e-004	
1293	1.500000e-004	
1294	1.000000e-004	
1295	1.000000e-004	
1296	1.500000e-004	
1297	1.250000e-004	
1298	1.500000e-004	
1299	1.250000e-004	
1300	1.000000e-004	
1301	5.000000e-005	
1302	1.000000e-004	
1303	1.000000e-004	
1304	5.000000e-005	
1305	5.000000e-005	
1306	0	
1307	0	
1308	0	
1309	0	
1310	0	
1311	0	
1312	0	
1313	0	
1314	0	
1315	0	
1316	0	
1317	0	
1318	0	
1319	0	
1320	0	
1321	0	
1322	0	
1323	0	
1324	0	
1325	0	
1326	0	
1327	0	
1328	0	
1329	0	
1330	0	
1331	0	
1332	0	
1333	0	
1334	0	
1335	0	
1336	2.500000e-005	
1337	5.000000e-005	
1338	1.000000e-004	
1339	2.500000e-005	
1340	2.500000e-005	
1341	5.000000e-005	
1342	0	
1343	0	
1344	0	
1345	0	
1346	0	
1347	0	
1348	0	
1349	0	
1350	0	
1351	0	
1352	0	
1353	0	
1354	0	
1355	0	
1356	0	
1357	0	
1358	0	
1359	0	
1360	0	
1361	0	
1362	0	
1363	0	
1364	0	
1365	2.500000e-005	
1366	7.500000e-005	
1367	5.000000e-005	
1368	5.000000e-005	
1369	2.500000e-005	
1370	0	
1371	0	
1372	0	
1373	2.500000e-005	
1374	2.500000e-005	
1375	5.000000e-005	
1376	2.500000e-005	
1377	5.000000e-005	
1378	5.000000e-005	
1379	5.000000e-005	
1380	0	
1381	0	
1382	0	
1383	2.500000e-005	
1384	0	
1385	0	
1386	0	
1387	0	
1388	0	
1389	0	
1390	0	
1391	0	
1392	0	
1393	0	
1394	0	
1395	0	
1396	0	
1397	0	
1398	0	
1399	0	
1400	0	
1401	0	
1402	0	
1403	0	
1404	0	
1405	0	
1406	0	
1407	0	
1408	0	
1409	0	
1410	0	
1411	0	
1412	0	
1413	0	
1414	0	
1415	0	
1416	0	
1417	0	
1418	0	
1419	0	
1420	0	
1421	0	
1422	0	
1423	0	
1424	0	
1425	0	
1426	0	
1427	0	
1428	2.500000e-005	
1429	5.000000e-005	
1430	1.000000e-004	
1431	7.500000e-005	
1432	1.000000e-004	
1433	5.000000e-005	
1434	1.250000e-004	
1435	7.500000e-005	
1436	5.000000e-005	
1437	5.000000e-005	
1438	2.500000e-005	
1439	0	
1440	0	
1441	0	
1442	0	
1443	0	
1444	0	
1445	0	
1446	0	
1447	2.500000e-005	
1448	2.500000e-005	
1449	2.500000e-005	
1450	7.500000e-005	
1451	2.500000e-005	
1452	0	
1453	0	
1454	0	
1455	0	
1456	0	
1457	0	
1458	0	
1459	0	
1460	0	
1461	0	
1462	0	
1463	0	
1464	2.500000e-005	
1465	7.500000e-005	
1466	1.250000e-004	
1467	1.250000e-004	
1468	2.250000e-004	
1469	3.500000e-004	
1470	3.500000e-004	
1471	2.750000e-004	
1472	2.500000e-004	
1473	2.000000e-004	
1474	2.000000e-004	
1475	2.250000e-004	
1476	2.500000e-004	
1477	2.750000e-004	
1478	1.500000e-004	
1479	1.250000e-004	
1480	1.750000e-004	
1481	1.750000e-004	
1482	3.000000e-004	
1483	2.750000e-004	
1484	3.000000e-004	
1485	3.500000e-004	
1486	3.750000e-004	
1487	3.000000e-004	
1488	3.750000e-004	
1489	5.250000e-004	
1490	4.000000e-004	
1491	3.750000e-004	
1492	4.750000e-004	
1493	3.750000e-004	
1494	4.000000e-004	
1495	4.500000e-004	
1496	4.250000e-004	
1497	6.000000e-004	
1498	7.500000e-004	
1499	5.250000e-004	
1500	7.750000e-004	
1501	6.750000e-004	
1502	8.250000e-004	
1503	7.000000e-004	
1504	6.250000e-004	
1505	5.500000e-004	
1506	5.000000e-004	
1507	5.750000e-004	
1508	5.750000e-004	
1509	7.500000e-004	
1510	6.750000e-004	
1511	7.500000e-004	
1512	7.000000e-004	
1513	6.500000e-004	
1514	6.000000e-004	
1515	4.750000e-004	
1516	3.500000e-004	
1517	3.250000e-004	
1518	2.750000e-004	
1519	2.250000e-004	
1520	1.750000e-004	
1521	1.500000e-004	
1522	1.500000e-004	
1523	1.500000e-004	
1524	1.500000e-004	
1525	1.750000e-004	
1526	2.750000e-004	
1527	2.250000e-004	
1528	7.500000e-005	
1529	2.500000e-005	
1530	5.000000e-005	
1531	5.000000e-005	
1532	1.000000e-004	
1533	5.000000e-005	
1534	2.500000e-005	
1535	2.500000e-005	
1536	5.000000e-005	
1537	1.250000e-004	
1538	7.500000e-005	
1539	1.000000e-004	
1540	7.500000e-005	
1541	7.500000e-005	
1542	5.000000e-005	
1543	0	
1544	0	
1545	0	
1546	0	
1547	0	
1548	2.500000e-005	
1549	1.250000e-004	
1550	1.000000e-004	
1551	1.000000e-004	
1552	7.500000e-005	
1553	1.000000e-004	
1554	1.250000e-004	
1555	2.250000e-004	
1556	2.750000e-004	
1557	2.500000e-004	
1558	3.750000e-004	
1559	4.000000e-004	
1560	4.500000e-004	
1561	5.500000e-004	
1562	4.750000e-004	
1563	5.500000e-004	
1564	5.750000e-004	
1565	5.000000e-004	
1566	6.250000e-004	
1567	5.750000e-004	
1568	7.750000e-004	
1569	4.500000e-004	
1570	4.750000e-004	
1571	4.250000e-004	
1572	3.500000e-004	
1573	3.750000e-004	
1574	5.000000e-004	
1575	3.750000e-004	
1576	3.500000e-004	
1577	5.250000e-004	
1578	6.000000e-004	
1579	5.250000e-004	
1580	5.750000e-004	
1581	7.750000e-004	
1582	8.000000e-004	
1583	5.250000e-004	
1584	5.250000e-004	
1585	6.500000e-004	
1586	7.000000e-004	
1587	8.000000e-004	
1588	9.750000e-004	
1589	1.150000e-003	
1590	1.050000e-003	
1591	1.050000e-003	
1592	1.300000e-003	
1593	1.350000e-003	
1594	1.200000e-003	
1595	1.450000e-003	
1596	1.425000e-003	
1597	1.350000e-003	
1598	1.300000e-003	
1599	9.000000e-004	
1600	8.750000e-004	
1601	1.100000e-003	
1602	9.250000e-004	
1603	9.000000e-004	
1604	8.500000e-004	
1605	9.000000e-004	
1606	6.750000e-004	
1607	7.250000e-004	
1608	6.250000e-004	
1609	7.500000e-004	
1610	8.750000e-004	
1611	1.125000e-003	
1612	1.150000e-003	
1613	8.750000e-004	
1614	7.500000e-004	
1615	8.500000e-004	
1616	8.250000e-004	
1617	6.000000e-004	
1618	5.750000e-004	
1619	6.000000e-004	
1620	6.250000e-004	
1621	8.000000e-004	
1622	9.000000e-004	
1623	8.000000e-004	
1624	8.750000e-004	
1625	6.750000e-004	
1626	8.000000e-004	
1627	6.000000e-004	
1628	5.250000e-004	
1629	5.750000e-004	
1630	6.000000e-004	
1631	6.750000e-004	
1632	6.750000e-004	
1633	5.750000e-004	
1634	4.000000e-004	
1635	3.750000e-004	
1636	2.500000e-004	
1637	3.250000e-004	
1638	2.500000e-004	
1639	2.750000e-004	
1640	2.250000e-004	
1641	2.750000e-004	
1642	2.000000e-004	
1643	2.250000e-004	
1644	2.000000e-004	
1645	2.250000e-004	
1646	1.500000e-004	
1647	1.750000e-004	
1648	1.750000e-004	
1649	1.750000e-004	
1650	1.500000e-004	
1651	1.250000e-004	
1652	7.500000e-005	
1653	5.000000e-005	
1654	5.000000e-005	
1655	1.250000e-004	
1656	1.000000e-004	
1657	2.500000e-005	
1658	5.000000e-005	
1659	7.500000e-005	
1660	7.500000e-005	
1661	1.000000e-004	
1662	7.500000e-005	
1663	1.750000e-004	
1664	2.750000e-004	
1665	2.500000e-004	
1666	3.250000e-004	
1667	2.750000e-004	
1668	2.000000e-004	
1669	1.750000e-004	
1670	3.000000e-004	
1671	1.000000e-004	
1672	5.000000e-005	
1673	1.000000e-004	
1674	1.000000e-004	
1675	2.000000e-004	
1676	1.500000e-004	
1677	1.000000e-004	
1678	7.500000e-005	
1679	1.250000e-004	
1680	1.500000e-004	
1681	1.750000e-004	
1682	2.500000e-004	
1683	3.250000e-004	
1684	2.500000e-004	
1685	3.250000e-004	
1686	3.000000e-004	
1687	3.000000e-004	
1688	3.500000e-004	
1689	2.500000e-004	
1690	3.500000e-004	
1691	3.250000e-004	
1692	2.500000e-004	
1693	1.750000e-004	
1694	2.750000e-004	
1695	4.250000e-004	
1696	5.000000e-004	
1697	2.750000e-004	
1698	2.750000e-004	
1699	4.750000e-004	
1700	5.500000e-004	
1701	4.750000e-004	
1702	4.000000e-004	
1703	4.750000e-004	
1704	4.750000e-004	
1705	5.000000e-004	
1706	8.000000e-004	
1707	1.000000e-003	
1708	8.500000e-004	
1709	1.000000e-003	
1710	9.000000e-004	
1711	9.000000e-004	
1712	7.500000e-004	
1713	9.000000e-004	
1714	8.750000e-004	
1715	1.000000e-003	
1716	9.750000e-004	
1717	1.150000e-003	
1718	9.250000e-004	
1719	1.075000e-003	
1720	1.325000e-003	
1721	1.275000e-003	
1722	1.475000e-003	
1723	1.600000e-003	
1724	1.375000e-003	
1725	1.400000e-003	
1726	1.225000e-003	
1727	1.275000e-003	
1728	1.400000e-003	
1729	1.450000e-003	
1730	1.325000e-003	
1731	1.175000e-003	
1732	1.200000e-003	
1733	1.375000e-003	
1734	1.625000e-003	
1735	1.900000e-003	
1736	1.700000e-003	
1737	1.850000e-003	
1738	1.850000e-003	
1739	2.150000e-003	
1740	2.250000e-003	
1741	2.150000e-003	
1742	2.275000e-003	
1743	3.050000e-003	
1744	2.900000e-003	
1745	2.875000e-003	
1746	2.950000e-003	
1747	3.300000e-003	
1748	3.150000e-003	
1749	3.550000e-003	
1750	3.475000e-003	
1751	3.100000e-003	
1752	2.875000e-003	
1753	3.525000e-003	
1754	3.250000e-003	
1755	3.300000e-003	
1756	3.800000e-003	
1757	4.050000e-003	
1758	3.800000e-003	
1759	4.175000e-003	
1760	3.575000e-003	
1761	3.900000e-003	
1762	3.750000e-003	
1763	3.750000e-003	
1764	3.625000e-003	
1765	4.075000e-003	
1766	3.525000e-003	
1767	3.625000e-003	
1768	3.950000e-003	
1769	4.075000e-003	
1770	4.100000e-003	
1771	3.725000e-003	
1772	3.950000e-003	
1773	3.900000e-003	
1774	3.500000e-003	
1775	3.500000e-003	
1776	3.625000e-003	
1777	3.650000e-003	
1778	3.450000e-003	
1779	3.800000e-003	
1780	3.975000e-003	
1781	3.750000e-003	
1782	2.700000e-003	
1783	2.350000e-003	
1784	2.425000e-003	
1785	2.300000e-003	
1786	2.050000e-003	
1787	2.075000e-003	
1788	2.500000e-003	
1789	2.450000e-003	
1790	2.350000e-003	
1791	2.400000e-003	
1792	2.100000e-003	
1793	2.150000e-003	
1794	2.100000e-003	
1795	2.100000e-003	
1796	1.875000e-003	
1797	1.750000e-003	
1798	2.000000e-003	
1799	1.575000e-003	
1800	1.225000e-003	
1801	1.100000e-003	
1802	1.000000e-003	
1803	9.000000e-004	
1804	9.750000e-004	
1805	1.175000e-003	
1806	1.100000e-003	
1807	1.250000e-003	
1808	1.250000e-003	
1809	1.150000e-003	
1810	1.125000e-003	
1811	1.150000e-003	
1812	1.325000e-003	
1813	1.200000e-003	
1814	1.225000e-003	
1815	1.125000e-003	
1816	1.050000e-003	
1817	1.325000e-003	
1818	1.150000e-003	
1819	1.125000e-003	
1820	1.050000e-003	
1821	8.250000e-004	
1822	9.750000e-004	
1823	9.500000e-004	
1824	1.100000e-003	
1825	8.000000e-004	
1826	1.025000e-003	
1827	1.050000e-003	
1828	1.250000e-003	
1829	1.200000e-003	
1830	1.000000e-003	
1831	9.500000e-004	
1832	9.250000e-004	
1833	8.500000e-004	
1834	6.750000e-004	
1835	7.750000e-004	
1836	8.250000e-004	
1837	1.000000e-003	
1838	6.750000e-004	
1839	6.000000e-004	
1840	6.500000e-004	
1841	6.250000e-004	
1842	6.000000e-004	
1843	6.500000e-004	
1844	9.000000e-004	
1845	8.500000e-004	
1846	8.250000e-004	
1847	7.750000e-004	
1848	9.000000e-004	
1849	1.075000e-003	
1850	1.050000e-003	
1851	1.250000e-003	
1852	1.200000e-003	
1853	1.150000e-003	
1854	1.175000e-003	
1855	1.075000e-003	
1856	7.500000e-004	
1857	8.750000e-004	
1858	1.125000e-003	
1859	1.050000e-003	
1860	7.250000e-004	
1861	6.750000e-004	
1862	6.750000e-004	
1863	5.500000e-004	
1864	6.000000e-004	
1865	5.000000e-004	
1866	4.750000e-004	
1867	4.000000e-004	
1868	5.000000e-004	
1869	5.750000e-004	
1870	7.500000e-004	
1871	9.750000e-004	
1872	8.750000e-004	
1873	9.250000e-004	
1874	1.075000e-003	
1875	9.000000e-004	
1876	6.750000e-004	
1877	7.000000e-004	
1878	7.000000e-004	
1879	6.000000e-004	
1880	5.750000e-004	
1881	6.000000e-004	
1882	5.250000e-004	
1883	6.000000e-004	
1884	5.750000e-004	
1885	4.000000e-004	
1886	4.750000e-004	
1887	3.750000e-004	
1888	5.250000e-004	
1889	6.000000e-004	
1890	5.500000e-004	
1891	3.750000e-004	
1892	2.000000e-004	
1893	1.750000e-004	
1894	2.750000e-004	
1895	3.750000e-004	
1896	4.500000e-004	
1897	4.000000e-004	
1898	4.750000e-004	
1899	4.750000e-004	
1900	3.500000e-004	
1901	2.250000e-004	
1902	3.000000e-004	
1903	2.750000e-004	
1904	2.250000e-004	
1905	2.000000e-004	
1906	1.500000e-004	
1907	2.250000e-004	
1908	2.500000e-004	
1909	2.000000e-004	
1910	2.750000e-004	
1911	3.000000e-004	
1912	2.000000e-004	
1913	1.750000e-004	
1914	2.750000e-004	
1915	3.500000e-004	
1916	2.000000e-004	
1917	2.000000e-004	
1918	1.750000e-004	
1919	1.750000e-004	
1920	1.750000e-004	
1921	1.750000e-004	
1922	1.000000e-004	
1923	1.500000e-004	
1924	1.000000e-004	
1925	5.000000e-005	
1926	7.500000e-005	
1927	2.500000e-005	
1928	7.500000e-005	
1929	2.500000e-005	
1930	5.000000e-005	
1931	1.000000e-004	
1932	7.500000e-005	
1933	7.500000e-005	
1934	7.500000e-005	
1935	2.500000e-005	
1936	5.000000e-005	
1937	5.000000e-005	
1938	1.000000e-004	
1939	7.500000e-005	
1940	1.250000e-004	
1941	2.000000e-004	
1942	2.500000e-004	
1943	1.750000e-004	
1944	2.250000e-004	
1945	2.750000e-004	
1946	2.750000e-004	
1947	2.500000e-004	
1948	3.250000e-004	
1949	3.250000e-004	
1950	4.000000e-004	
1951	4.500000e-004	
1952	4.750000e-004	
1953	6.000000e-004	
1954	5.000000e-004	
1955	3.750000e-004	
1956	2.000000e-004	
1957	2.250000e-004	
1958	1.750000e-004	
1959	2.000000e-004	
1960	1.750000e-004	
1961	2.250000e-004	
1962	1.250000e-004	
1963	2.000000e-004	
1964	1.500000e-004	
1965	1.250000e-004	
1966	1.500000e-004	
1967	5.000000e-005	
1968	7.500000e-005	
1969	5.000000e-005	
1970	5.000000e-005	
1971	7.500000e-005	
1972	5.000000e-005	
1973	0	
1974	2.500000e-005	
1975	5.000000e-005	
1976	1.000000e-004	
1977	1.500000e-004	
1978	2.000000e-004	
1979	1.250000e-004	
1980	1.250000e-004	
1981	1.250000e-004	
1982	5.000000e-005	
1983	1.250000e-004	
1984	5.000000e-005	
1985	1.500000e-004	
1986	1.500000e-004	
1987	1.750000e-004	
1988	1.500000e-004	
1989	1.000000e-004	
1990	1.250000e-004	
1991	1.250000e-004	
1992	1.000000e-004	
1993	1.000000e-004	
1994	5.000000e-005	
1995	7.500000e-005	
1996	7.500000e-005	
1997	5.000000e-005	
1998	1.000000e-004	
1999	1.000000e-004	
2000	1.000000e-004	
2001	7.500000e-005	
2002	0	
2003	0	
2004	0	
2005	0	
2006	0	
2007	0	
2008	2.500000e-005	
2009	2.500000e-005	
2010	7.500000e-005	
2011	1.500000e-004	
2012	7.500000e-005	
2013	1.000000e-004	
2014	1.500000e-004	
2015	1.750000e-004	
2016	2.500000e-004	
2017	2.250000e-004	
2018	7.500000e-005	
2019	1.250000e-004	
2020	7.500000e-005	
2021	1.250000e-004	
2022	1.000000e-004	
2023	5.000000e-005	
2024	1.250000e-004	
2025	2.250000e-004	
2026	3.000000e-004	
2027	2.250000e-004	
2028	1.750000e-004	
2029	2.500000e-004	
2030	2.750000e-004	
2031	2.250000e-004	
2032	2.750000e-004	
2033	2.750000e-004	
2034	3.500000e-004	
2035	2.500000e-004	
2036	1.750000e-004	
2037	2.500000e-004	
2038	2.500000e-004	
2039	1.250000e-004	
2040	2.000000e-004	
2041	2.000000e-004	
2042	3.000000e-004	
2043	3.000000e-004	
2044	2.500000e-004	
2045	2.000000e-004	
2046	1.500000e-004	
2047	1.000000e-004	
2048	1.000000e-004	
2049	1.500000e-004	
2050	1.750000e-004	
2051	2.750000e-004	
2052	2.500000e-004	
2053	3.000000e-004	
2054	2.750000e-004	
2055	3.500000e-004	
2056	3.500000e-004	
2057	3.250000e-004	
2058	2.750000e-004	
2059	4.000000e-004	
2060	4.750000e-004	
2061	4.250000e-004	
2062	4.000000e-004	
2063	3.750000e-004	
2064	3.000000e-004	
2065	3.250000e-004	
2066	2.750000e-004	
2067	2.750000e-004	
2068	2.500000e-004	
2069	2.000000e-004	
2070	2.500000e-004	
2071	2.000000e-004	
2072	1.000000e-004	
2073	7.500000e-005	
2074	1.000000e-004	
2075	5.000000e-005	
2076	0	
2077	2.500000e-005	
2078	2.500000e-005	
2079	0	
2080	0	
2081	2.500000e-005	
2082	2.500000e-005	
2083	5.000000e-005	
2084	2.000000e-004	
2085	1.000000e-004	
2086	1.000000e-004	
2087	1.500000e-004	
2088	1.500000e-004	
2089	1.750000e-004	
2090	2.500000e-005	
2091	5.000000e-005	
2092	2.500000e-005	
2093	0	
2094	0	
2095	5.000000e-005	
2096	2.250000e-004	
2097	2.000000e-004	
2098	2.250000e-004	
2099	1.250000e-004	
2100	2.000000e-004	
2101	2.250000e-004	
2102	2.500000e-004	
2103	1.500000e-004	
2104	1.500000e-004	
2105	2.250000e-004	
2106	3.250000e-004	
2107	3.000000e-004	
2108	2.000000e-004	
2109	1.000000e-004	
2110	1.750000e-004	
2111	3.000000e-004	
2112	3.000000e-004	
2113	1.750000e-004	
2114	1.000000e-004	
2115	1.500000e-004	
2116	1.250000e-004	
2117	2.000000e-004	
2118	1.500000e-004	
2119	7.500000e-005	
2120	7.500000e-005	
2121	2.500000e-005	
2122	2.500000e-005	
2123	2.500000e-005	
2124	0	
2125	0	
2126	0	
2127	0	
2128	0	
2129	0	
2130	2.500000e-005	
2131	1.000000e-004	
2132	1.500000e-004	
2133	3.000000e-004	
2134	3.500000e-004	
2135	3.750000e-004	
2136	3.250000e-004	
2137	3.750000e-004	
2138	5.500000e-004	
2139	6.250000e-004	
2140	5.000000e-004	
2141	3.500000e-004	
2142	3.500000e-004	
2143	5.000000e-004	
2144	7.250000e-004	
2145	6.250000e-004	
2146	8.000000e-004	
2147	9.000000e-004	
2148	8.500000e-004	
2149	7.750000e-004	
2150	9.000000e-004	
2151	9.500000e-004	
2152	9.750000e-004	
2153	1.000000e-003	
2154	9.250000e-004	
2155	8.750000e-004	
2156	7.250000e-004	
2157	7.750000e-004	
2158	6.250000e-004	
2159	5.750000e-004	
2160	4.750000e-004	
2161	5.500000e-004	
2162	7.000000e-004	
2163	6.750000e-004	
2164	5.250000e-004	
2165	6.750000e-004	
2166	7.500000e-004	
2167	5.000000e-004	
2168	6.500000e-004	
2169	5.500000e-004	
2170	5.000000e-004	
2171	4.000000e-004	
2172	4.000000e-004	
2173	4.500000e-004	
2174	4.500000e-004	
2175	3.250000e-004	
2176	3.500000e-004	
2177	3.250000e-004	
2178	3.000000e-004	
2179	4.000000e-004	
2180	4.000000e-004	
2181	4.250000e-004	
2182	4.000000e-004	
2183	4.250000e-004	
2184	5.750000e-004	
2185	4.500000e-004	
2186	5.750000e-004	
2187	6.000000e-004	
2188	3.500000e-004	
2189	4.250000e-004	
2190	5.500000e-004	
2191	6.000000e-004	
2192	5.750000e-004	
2193	3.750000e-004	
2194	5.750000e-004	
2195	5.000000e-004	
2196	6.000000e-004	
2197	4.750000e-004	
2198	4.500000e-004	
2199	5.500000e-004	
2200	6.500000e-004	
2201	7.750000e-004	
2202	7.750000e-004	
2203	6.500000e-004	
2204	7.000000e-004	
2205	8.000000e-004	
2206	6.250000e-004	
2207	5.750000e-004	
2208	7.000000e-004	
2209	8.000000e-004	
2210	9.750000e-004	
2211	1.100000e-003	
2212	1.175000e-003	
2213	9.000000e-004	
2214	8.500000e-004	
2215	7.750000e-004	
2216	8.250000e-004	
2217	1.075000e-003	
2218	9.000000e-004	
2219	8.750000e-004	
2220	1.025000e-003	
2221	1.075000e-003	
2222	1.050000e-003	
2223	1.050000e-003	
2224	1.075000e-003	
2225	1.175000e-003	
2226	1.375000e-003	
2227	1.750000e-003	
2228	1.675000e-003	
2229	1.750000e-003	
2230	2.000000e-003	
2231	1.600000e-003	
2232	1.750000e-003	
2233	1.850000e-003	
2234	1.650000e-003	
2235	1.525000e-003	
2236	1.850000e-003	
2237	2.075000e-003	
2238	2.075000e-003	
2239	2.050000e-003	
2240	2.000000e-003	
2241	1.900000e-003	
2242	2.050000e-003	
2243	1.925000e-003	
2244	1.600000e-003	
2245	2.175000e-003	
2246	1.675000e-003	
2247	1.850000e-003	
2248	1.750000e-003	
2249	1.900000e-003	
2250	2.225000e-003	
2251	2.250000e-003	
2252	1.850000e-003	
2253	1.950000e-003	
2254	2.250000e-003	
2255	2.275000e-003	
2256	1.975000e-003	
2257	2.250000e-003	
2258	2.100000e-003	
2259	1.775000e-003	
2260	1.750000e-003	
2261	1.875000e-003	
2262	1.650000e-003	
2263	1.300000e-003	
2264	1.325000e-003	
2265	1.500000e-003	
2266	1.550000e-003	
2267	1.650000e-003	
2268	1.375000e-003	
2269	1.750000e-003	
2270	1.800000e-003	
2271	2.025000e-003	
2272	2.500000e-003	
2273	2.625000e-003	
2274	2.650000e-003	
2275	2.425000e-003	
2276	2.375000e-003	
2277	2.125000e-003	
2278	2.300000e-003	
2279	2.500000e-003	
2280	2.125000e-003	
2281	2.100000e-003	
2282	2.275000e-003	
2283	2.025000e-003	
2284	2.075000e-003	
2285	1.825000e-003	
2286	1.750000e-003	
2287	1.650000e-003	
2288	1.450000e-003	
2289	1.375000e-003	
2290	1.200000e-003	
2291	1.175000e-003	
2292	1.325000e-003	
2293	1.300000e-003	
2294	1.250000e-003	
2295	1.325000e-003	
2296	1.475000e-003	
2297	1.500000e-003	
2298	1.225000e-003	
2299	1.400000e-003	
2300	1.400000e-003	
2301	9.500000e-004	
2302	9.500000e-004	
2303	1.150000e-003	
2304	1.350000e-003	
2305	1.425000e-003	
2306	1.450000e-003	
2307	1.300000e-003	
2308	1.100000e-003	
2309	1.350000e-003	
2310	1.400000e-003	
2311	1.525000e-003	
2312	1.850000e-003	
2313	1.850000e-003	
2314	2.000000e-003	
2315	1.825000e-003	
2316	2.275000e-003	
2317	2.100000e-003	
2318	2.000000e-003	
2319	2.075000e-003	
2320	2.100000e-003	
2321	1.950000e-003	
2322	1.900000e-003	
2323	1.875000e-003	
2324	1.800000e-003	
2325	1.825000e-003	
2326	1.825000e-003	
2327	1.900000e-003	
2328	2.050000e-003	
2329	2.075000e-003	
2330	2.125000e-003	
2331	2.100000e-003	
2332	2.100000e-003	
2333	1.825000e-003	
2334	1.850000e-003	
2335	1.825000e-003	
2336	2.000000e-003	
2337	1.775000e-003	
2338	1.700000e-003	
2339	1.825000e-003	
2340	1.700000e-003	
2341	1.625000e-003	
2342	1.550000e-003	
2343	1.650000e-003	
2344	1.800000e-003	
2345	1.975000e-003	
2346	1.925000e-003	
2347	1.550000e-003	
2348	1.300000e-003	
2349	1.375000e-003	
2350	1.275000e-003	
2351	1.475000e-003	
2352	1.550000e-003	
2353	1.225000e-003	
2354	1.350000e-003	
2355	1.475000e-003	
2356	1.300000e-003	
2357	1.350000e-003	
2358	1.775000e-003	
2359	1.625000e-003	
2360	1.575000e-003	
2361	1.350000e-003	
2362	1.300000e-003	
2363	1.325000e-003	
2364	1.100000e-003	
2365	1.275000e-003	
2366	1.450000e-003	
2367	1.325000e-003	
2368	1.375000e-003	
2369	1.475000e-003	
2370	1.450000e-003	
2371	1.550000e-003	
2372	1.650000e-003	
2373	1.275000e-003	
2374	1.375000e-003	
2375	1.450000e-003	
2376	1.200000e-003	
2377	1.450000e-003	
2378	1.475000e-003	
2379	1.275000e-003	
2380	1.200000e-003	
2381	9.750000e-004	
2382	8.250000e-004	
2383	7.500000e-004	
2384	8.000000e-004	
2385	8.750000e-004	
2386	7.250000e-004	
2387	8.000000e-004	
2388	7.750000e-004	
2389	8.000000e-004	
2390	8.250000e-004	
2391	8.500000e-004	
2392	8.000000e-004	
2393	6.750000e-004	
2394	6.250000e-004	
2395	4.250000e-004	
2396	1.500000e-004	
2397	7.500000e-005	
2398	2.500000e-005	
2399	7.500000e-005	
2400	1.000000e-004	
2401	1.250000e-004	
2402	2.250000e-004	
2403	3.000000e-004	
2404	3.250000e-004	
2405	4.250000e-004	
2406	2.500000e-004	
2407	2.000000e-004	
2408	2.000000e-004	
2409	2.500000e-004	
2410	2.000000e-004	
2411	1.000000e-004	
2412	1.500000e-004	
2413	7.500000e-005	
2414	0	
2415	0	
2416	0	
2417	0	
2418	0	
2419	0	
2420	0	
2421	0	
2422	0	
2423	0	
2424	0	
2425	2.500000e-005	
2426	2.500000e-005	
2427	5.000000e-005	
2428	0	
2429	0	
2430	0	
2431	0	
2432	0	
2433	0	
2434	0	
2435	0	
2436	0	
2437	0	
2438	0	
2439	0	
2440	0	
2441	0	
2442	0	
2443	2.500000e-005	
2444	5.000000e-005	
2445	0	
2446	0	
2447	2.500000e-005	
2448	7.500000e-005	
2449	5.000000e-005	
2450	2.500000e-005	
2451	2.500000e-005	
2452	2.500000e-005	
2453	0	
2454	2.500000e-005	
2455	7.500000e-005	
2456	1.500000e-004	
2457	1.750000e-004	
2458	2.000000e-004	
2459	2.000000e-004	
2460	2.000000e-004	
2461	3.000000e-004	
2462	1.500000e-004	
2463	1.250000e-004	
2464	1.500000e-004	
2465	7.500000e-005	
2466	2.500000e-005	
2467	0	
2468	0	
2469	0	
2470	0	
2471	2.500000e-005	
2472	1.000000e-004	
2473	1.250000e-004	
2474	2.000000e-004	
2475	2.750000e-004	
2476	3.000000e-004	
2477	3.000000e-004	
2478	2.750000e-004	
2479	3.500000e-004	
2480	3.000000e-004	
2481	4.250000e-004	
2482	3.500000e-004	
2483	3.750000e-004	
2484	3.500000e-004	
2485	2.750000e-004	
2486	1.750000e-004	
2487	1.500000e-004	
2488	2.500000e-005	
2489	2.500000e-005	
2490	2.500000e-005	
2491	2.500000e-005	
2492	2.500000e-005	
2493	0	
2494	0	
2495	0	
2496	0	
2497	0	
2498	0	
2499	0	
2500	0	
2501	0	
2502	0	
2503	0	
2504	0	
2505	0	
2506	2.500000e-005	
2507	7.500000e-005	
2508	1.000000e-004	
2509	7.500000e-005	
2510	1.250000e-004	
2511	1.250000e-004	
2512	2.500000e-005	
2513	5.000000e-005	
2514	2.500000e-005	
2515	2.500000e-005	
2516	7.500000e-005	
2517	5.000000e-005	
2518	7.500000e-005	
2519	5.000000e-005	
2520	1.000000e-004	
2521	5.000000e-005	
2522	2.500000e-005	
2523	2.500000e-005	
2524	5.000000e-005	
2525	2.500000e-005	
2526	2.500000e-005	
2527	5.000000e-005	
2528	7.500000e-005	
2529	1.500000e-004	
2530	7.500000e-005	
2531	0	
2532	0	
2533	0	
2534	0	
2535	0	
2536	0	
2537	0	
2538	0	
2539	0	
2540	0	
2541	0	
2542	0	
2543	0	
2544	0	
2545	0	
2546	2.500000e-005	
2547	0	
2548	0	
2549	0	
2550	0	
2551	0	
2552	0	
2553	0	
2554	0	
2555	0	
2556	0	
2557	0	
2558	0	
2559	0	
2560	0	
2561	0	
2562	2.500000e-005	
2563	1.250000e-004	
2564	1.250000e-004	
2565	1.500000e-004	
2566	2.500000e-005	
2567	5.000000e-005	
2568	0	
2569	0	
2570	0	
2571	2.500000e-005	
2572	5.000000e-005	
2573	5.000000e-005	
2574	5.000000e-005	
2575	1.000000e-004	
2576	5.000000e-005	
2577	5.000000e-005	
2578	2.500000e-005	
2579	0	
2580	0	
2581	0	
2582	0	
2583	0	
2584	0	
2585	0	
2586	0	
2587	2.500000e-005	
2588	7.500000e-005	
2589	1.250000e-004	
2590	2.000000e-004	
2591	1.250000e-004	
2592	5.000000e-005	
2593	5.000000e-005	
2594	7.500000e-005	
2595	5.000000e-005	
2596	2.500000e-005	
2597	5.000000e-005	
2598	5.000000e-005	
2599	1.250000e-004	
2600	7.500000e-005	
2601	7.500000e-005	
2602	2.500000e-005	
2603	7.500000e-005	
2604	2.500000e-005	
2605	2.500000e-005	
2606	2.500000e-005	
2607	0	
2608	2.500000e-005	
2609	7.500000e-005	
2610	5.000000e-005	
2611	7.500000e-005	
2612	1.250000e-004	
2613	1.000000e-004	
2614	1.000000e-004	
2615	1.250000e-004	
2616	1.000000e-004	
2617	5.000000e-005	
2618	2.500000e-005	
2619	5.000000e-005	
2620	7.500000e-005	
2621	2.500000e-005	
2622	2.500000e-005	
2623	5.000000e-005	
2624	1.000000e-004	
2625	1.750000e-004	
2626	3.250000e-004	
2627	4.500000e-004	
2628	5.000000e-004	
2629	5.500000e-004	
2630	7.250000e-004	
2631	6.000000e-004	
2632	6.000000e-004	
2633	4.750000e-004	
2634	6.250000e-004	
2635	6.500000e-004	
2636	6.750000e-004	
2637	6.750000e-004	
2638	7.500000e-004	
2639	6.000000e-004	
2640	7.000000e-004	
2641	6.750000e-004	
2642	6.250000e-004	
2643	7.250000e-004	
2644	4.750000e-004	
2645	6.000000e-004	
2646	6.000000e-004	
2647	6.000000e-004	
2648	6.000000e-004	
2649	5.000000e-004	
2650	4.250000e-004	
2651	4.000000e-004	
2652	4.750000e-004	
2653	4.250000e-004	
2654	5.750000e-004	
2655	8.250000e-004	
2656	7.500000e-004	
2657	7.750000e-004	
2658	6.750000e-004	
2659	6.500000e-004	
2660	6.750000e-004	
2661	6.750000e-004	
2662	8.500000e-004	
2663	1.075000e-003	
2664	9.750000e-004	
2665	9.750000e-004	
2666	1.025000e-003	
2667	8.250000e-004	
2668	7.000000e-004	
2669	7.750000e-004	
2670	9.000000e-004	
2671	1.025000e-003	
2672	9.750000e-004	
2673	7.000000e-004	
2674	7.750000e-004	
2675	8.750000e-004	
2676	9.500000e-004	
2677	9.750000e-004	
2678	1.150000e-003	
2679	9.750000e-004	
2680	7.000000e-004	
2681	8.000000e-004	
2682	7.500000e-004	
2683	6.500000e-004	
2684	5.750000e-004	
2685	5.000000e-004	
2686	6.250000e-004	
2687	5.250000e-004	
2688	7.000000e-004	
2689	8.750000e-004	
2690	9.250000e-004	
2691	9.750000e-004	
2692	8.250000e-004	
2693	9.000000e-004	
2694	9.750000e-004	
2695	1.075000e-003	
2696	9.000000e-004	
2697	7.500000e-004	
2698	7.000000e-004	
2699	5.250000e-004	
2700	5.250000e-004	
2701	5.750000e-004	
2702	6.000000e-004	
2703	3.750000e-004	
2704	3.250000e-004	
2705	2.750000e-004	
2706	2.500000e-004	
2707	2.250000e-004	
2708	1.750000e-004	
2709	2.250000e-004	
2710	1.750000e-004	
2711	1.500000e-004	
2712	7.500000e-005	
2713	5.000000e-005	
2714	7.500000e-005	
2715	2.500000e-005	
2716	7.500000e-005	
2717	5.000000e-005	
2718	1.000000e-004	
2719	2.000000e-004	
2720	1.750000e-004	
2721	2.250000e-004	
2722	2.750000e-004	
2723	2.500000e-004	
2724	2.750000e-004	
2725	1.500000e-004	
2726	1.750000e-004	
2727	3.250000e-004	
2728	3.750000e-004	
2729	4.000000e-004	
2730	2.500000e-004	
2731	2.250000e-004	
2732	2.750000e-004	
2733	4.250000e-004	
2734	3.250000e-004	
2735	2.750000e-004	
2736	4.500000e-004	
2737	3.250000e-004	
2738	3.750000e-004	
2739	3.500000e-004	
2740	4.750000e-004	
2741	4.250000e-004	
2742	4.750000e-004	
2743	4.500000e-004	
2744	4.750000e-004	
2745	6.750000e-004	
2746	7.000000e-004	
2747	7.500000e-004	
2748	9.250000e-004	
2749	9.500000e-004	
2750	9.500000e-004	
2751	7.000000e-004	
2752	7.000000e-004	
2753	6.250000e-004	
2754	6.750000e-004	
2755	8.250000e-004	
2756	1.050000e-003	
2757	9.250000e-004	
2758	1.075000e-003	
2759	1.225000e-003	
2760	1.125000e-003	
2761	1.025000e-003	
2762	7.500000e-004	
2763	6.500000e-004	
2764	7.000000e-004	
2765	8.500000e-004	
2766	6.250000e-004	
2767	6.250000e-004	
2768	6.000000e-004	
2769	8.000000e-004	
2770	8.750000e-004	
2771	8.750000e-004	
2772	1.250000e-003	
2773	1.175000e-003	
2774	1.350000e-003	
2775	1.150000e-003	
2776	1.225000e-003	
2777	1.600000e-003	
2778	1.875000e-003	
2779	1.900000e-003	
2780	2.175000e-003	
2781	2.450000e-003	
2782	2.375000e-003	
2783	2.700000e-003	
2784	3.050000e-003	
2785	2.525000e-003	
2786	2.600000e-003	
2787	2.650000e-003	
2788	2.725000e-003	
2789	3.200000e-003	
2790	3.500000e-003	
2791	3.450000e-003	
2792	3.475000e-003	
2793	3.725000e-003	
2794	3.750000e-003	
2795	3.900000e-003	
2796	3.575000e-003	
2797	3.600000e-003	
2798	3.600000e-003	
2799	3.675000e-003	
2800	3.775000e-003	
2801	3.600000e-003	
2802	3.700000e-003	
2803	3.900000e-003	
2804	4.075000e-003	
2805	4.675000e-003	
2806	4.750000e-003	
2807	4.475000e-003	
2808	4.025000e-003	
2809	4.125000e-003	
2810	3.600000e-003	
2811	4.025000e-003	
2812	3.550000e-003	
2813	3.175000e-003	
2814	3.325000e-003	
2815	3.450000e-003	
2816	3.350000e-003	
2817	3.475000e-003	
2818	3.850000e-003	
2819	3.700000e-003	
2820	3.250000e-003	
2821	3.550000e-003	
2822	3.300000e-003	
2823	3.075000e-003	
2824	2.875000e-003	
2825	2.775000e-003	
2826	2.600000e-003	
2827	2.725000e-003	
2828	2.750000e-003	
2829	3.100000e-003	
2830	3.375000e-003	
2831	3.125000e-003	
2832	2.550000e-003	
2833	2.200000e-003	
2834	2.550000e-003	
2835	2.650000e-003	
2836	2.550000e-003	
2837	2.325000e-003	
2838	2.650000e-003	
2839	3.025000e-003	
2840	2.925000e-003	
2841	2.575000e-003	
2842	2.475000e-003	
2843	2.225000e-003	
2844	1.900000e-003	
2845	1.850000e-003	
2846	1.800000e-003	
2847	1.275000e-003	
2848	1.400000e-003	
2849	1.575000e-003	
2850	1.525000e-003	
2851	1.625000e-003	
2852	2.025000e-003	
2853	1.900000e-003	
2854	1.900000e-003	
2855	1.750000e-003	
2856	1.725000e-003	
2857	1.425000e-003	
2858	1.200000e-003	
2859	9.750000e-004	
2860	8.750000e-004	
2861	7.500000e-004	
2862	8.250000e-004	
2863	9.750000e-004	
2864	9.750000e-004	
2865	6.500000e-004	
2866	6.250000e-004	
2867	8.500000e-004	
2868	8.750000e-004	
2869	1.050000e-003	
2870	1.175000e-003	
2871	1.175000e-003	
2872	1.000000e-003	
2873	9.000000e-004	
2874	9.500000e-004	
2875	1.075000e-003	
2876	1.075000e-003	
2877	1.175000e-003	
2878	1.425000e-003	
2879	1.250000e-003	
2880	1.350000e-003	
2881	1.250000e-003	
2882	1.350000e-003	
2883	1.075000e-003	
2884	9.750000e-004	
2885	1.050000e-003	
2886	1.025000e-003	
2887	1.000000e-003	
2888	1.150000e-003	
2889	9.500000e-004	
2890	8.000000e-004	
2891	7.750000e-004	
2892	8.000000e-004	
2893	8.750000e-004	
2894	6.250000e-004	
2895	5.250000e-004	
2896	5.500000e-004	
2897	3.750000e-004	
2898	3.000000e-004	
2899	1.750000e-004	
2900	1.500000e-004	
2901	2.250000e-004	
2902	2.500000e-005	
2903	0	
2904	0	
2905	0	
2906	0	
2907	0	
2908	0	
2909	0	
2910	0	
2911	0	
2912	0	
2913	0	
2914	0	
2915	0	
2916	0	
2917	0	
2918	0	
2919	0	
2920	0	
2921	0	
2922	0	
2923	0	
2924	0	
2925	0	
2926	0	
2927	0	
2928	0	
2929	0	
2930	0	
2931	0	
2932	0	
2933	0	
2934	0	
2935	0	
2936	0	
2937	0	
2938	0	
2939	0	
2940	0	
2941	0	
2942	0	
2943	0	
2944	0	
2945	2.500000e-005	
2946	2.500000e-005	
2947	1.000000e-004	
2948	7.500000e-005	
2949	0	
2950	0	
2951	0	
2952	0	
2953	2.500000e-005	
2954	0	
2955	0	
2956	0	
2957	0	
2958	0	
2959	0	
2960	0	
2961	0	
2962	0	
2963	0	
2964	0	
2965	0	
2966	0	
2967	0	
2968	0	
2969	0	
2970	0	
2971	0	
2972	0	
2973	0	
2974	0	
2975	0	
2976	0	
2977	0	
2978	0	
2979	0	
2980	0	
2981	0	
2982	0	
2983	0	
2984	0	
2985	2.500000e-005	
2986	7.500000e-005	
2987	1.000000e-004	
2988	1.250000e-004	
2989	1.250000e-004	
2990	1.000000e-004	
2991	2.500000e-005	
2992	5.000000e-005	
2993	0	
2994	0	
2995	0	
2996	0	
2997	0	
2998	0	
2999	0	
3000	0	
3001	0	
