1	0	
2	2.500000e-005	
3	5.000000e-005	
4	1.500000e-004	
5	2.500000e-004	
6	3.250000e-004	
7	3.750000e-004	
8	6.000000e-004	
9	7.250000e-004	
10	8.750000e-004	
11	8.750000e-004	
12	1.050000e-003	
13	1.175000e-003	
14	1.050000e-003	
15	1.400000e-003	
16	1.575000e-003	
17	1.725000e-003	
18	1.925000e-003	
19	2.025000e-003	
20	2.375000e-003	
21	2.750000e-003	
22	2.775000e-003	
23	2.900000e-003	
24	2.950000e-003	
25	3.450000e-003	
26	3.425000e-003	
27	3.625000e-003	
28	3.475000e-003	
29	3.475000e-003	
30	3.675000e-003	
31	3.675000e-003	
32	3.650000e-003	
33	3.750000e-003	
34	3.650000e-003	
35	3.975000e-003	
36	4.400000e-003	
37	4.275000e-003	
38	4.300000e-003	
39	4.100000e-003	
40	4.150000e-003	
41	4.175000e-003	
42	4.375000e-003	
43	4.400000e-003	
44	3.950000e-003	
45	3.975000e-003	
46	4.625000e-003	
47	4.100000e-003	
48	4.300000e-003	
49	4.850000e-003	
50	5.050000e-003	
51	5.675000e-003	
52	6.475000e-003	
53	6.200000e-003	
54	6.350000e-003	
55	5.750000e-003	
56	5.525000e-003	
57	5.200000e-003	
58	5.325000e-003	
59	5.325000e-003	
60	5.500000e-003	
61	5.800000e-003	
62	7.000000e-003	
63	6.825000e-003	
64	6.725000e-003	
65	6.500000e-003	
66	6.325000e-003	
67	6.400000e-003	
68	6.725000e-003	
69	7.100000e-003	
70	7.000000e-003	
71	7.700000e-003	
72	7.450000e-003	
73	7.050000e-003	
74	6.750000e-003	
75	6.975000e-003	
76	7.300000e-003	
77	7.475000e-003	
78	7.900000e-003	
79	7.525000e-003	
80	7.425000e-003	
81	6.525000e-003	
82	6.675000e-003	
83	6.125000e-003	
84	5.850000e-003	
85	6.875000e-003	
86	7.150000e-003	
87	6.475000e-003	
88	6.650000e-003	
89	7.525000e-003	
90	6.925000e-003	
91	7.250000e-003	
92	7.175000e-003	
93	6.275000e-003	
94	6.100000e-003	
95	6.550000e-003	
96	5.900000e-003	
97	6.100000e-003	
98	5.125000e-003	
99	4.475000e-003	
100	4.325000e-003	
101	4.425000e-003	
102	4.600000e-003	
103	4.375000e-003	
104	3.700000e-003	
105	3.400000e-003	
106	3.150000e-003	
107	2.600000e-003	
108	2.900000e-003	
109	3.275000e-003	
110	3.300000e-003	
111	2.725000e-003	
112	2.675000e-003	
113	2.425000e-003	
114	2.675000e-003	
115	2.725000e-003	
116	2.900000e-003	
117	2.400000e-003	
118	1.925000e-003	
119	1.750000e-003	
120	1.175000e-003	
121	1.175000e-003	
122	9.250000e-004	
123	8.000000e-004	
124	6.500000e-004	
125	4.000000e-004	
126	4.250000e-004	
127	2.250000e-004	
128	1.750000e-004	
129	1.750000e-004	
130	1.750000e-004	
131	1.500000e-004	
132	7.500000e-005	
133	1.250000e-004	
134	2.250000e-004	
135	3.500000e-004	
136	2.750000e-004	
137	2.000000e-004	
138	7.500000e-005	
139	2.500000e-005	
140	0	
141	0	
142	0	
143	0	
144	0	
145	0	
146	0	
147	0	
148	0	
149	0	
150	0	
151	0	
152	0	
153	0	
154	0	
155	0	
156	0	
157	0	
158	0	
159	0	
160	0	
161	0	
162	0	
163	0	
164	0	
165	0	
166	0	
167	0	
168	0	
169	0	
170	0	
171	0	
172	0	
173	0	
174	0	
175	0	
176	0	
177	0	
178	0	
179	0	
180	0	
181	0	
182	0	
183	0	
184	0	
185	0	
186	0	
187	0	
188	0	
189	0	
190	0	
191	0	
192	0	
193	0	
194	0	
195	0	
196	0	
197	0	
198	0	
199	0	
200	0	
201	0	
202	0	
203	0	
204	0	
205	0	
206	0	
207	0	
208	0	
209	0	
210	0	
211	0	
212	0	
213	0	
214	0	
215	0	
216	0	
217	0	
218	0	
219	0	
220	0	
221	0	
222	0	
223	0	
224	0	
225	0	
226	2.500000e-005	
227	2.500000e-005	
228	0	
229	0	
230	2.500000e-005	
231	0	
232	0	
233	0	
234	0	
235	0	
236	0	
237	0	
238	0	
239	0	
240	0	
241	0	
242	0	
243	0	
244	0	
245	0	
246	0	
247	0	
248	0	
249	0	
250	0	
251	0	
252	0	
253	0	
254	0	
255	0	
256	0	
257	0	
258	0	
259	0	
260	0	
261	0	
262	2.500000e-005	
263	7.500000e-005	
264	7.500000e-005	
265	5.000000e-005	
266	0	
267	0	
268	0	
269	0	
270	0	
271	0	
272	0	
273	0	
274	0	
275	0	
276	0	
277	0	
278	0	
279	0	
280	0	
281	0	
282	0	
283	0	
284	0	
285	0	
286	0	
287	0	
288	0	
289	0	
290	0	
291	0	
292	0	
293	0	
294	0	
295	0	
296	0	
297	0	
298	0	
299	0	
300	0	
301	0	
302	0	
303	0	
304	0	
305	0	
306	0	
307	0	
308	0	
309	0	
310	0	
311	0	
312	0	
313	0	
314	0	
315	0	
316	0	
317	0	
318	0	
319	0	
320	0	
321	0	
322	0	
323	0	
324	0	
325	0	
326	0	
327	2.500000e-005	
328	7.500000e-005	
329	7.500000e-005	
330	5.000000e-005	
331	7.500000e-005	
332	2.500000e-005	
333	0	
334	0	
335	0	
336	0	
337	0	
338	0	
339	5.000000e-005	
340	2.500000e-005	
341	0	
342	0	
343	0	
344	0	
345	0	
346	0	
347	0	
348	0	
349	0	
350	0	
351	0	
352	0	
353	0	
354	0	
355	0	
356	0	
357	0	
358	0	
359	0	
360	0	
361	0	
362	0	
363	0	
364	0	
365	0	
366	0	
367	0	
368	0	
369	0	
370	0	
371	0	
372	0	
373	0	
374	0	
375	0	
376	0	
377	0	
378	0	
379	0	
380	0	
381	0	
382	0	
383	0	
384	0	
385	0	
386	0	
387	0	
388	0	
389	0	
390	0	
391	0	
392	0	
393	0	
394	0	
395	0	
396	0	
397	0	
398	0	
399	0	
400	2.500000e-005	
401	0	
402	0	
403	0	
404	0	
405	2.500000e-005	
406	5.000000e-005	
407	2.500000e-005	
408	0	
409	2.500000e-005	
410	7.500000e-005	
411	1.250000e-004	
412	5.000000e-005	
413	5.000000e-005	
414	5.000000e-005	
415	5.000000e-005	
416	7.500000e-005	
417	7.500000e-005	
418	5.000000e-005	
419	5.000000e-005	
420	5.000000e-005	
421	5.000000e-005	
422	1.000000e-004	
423	2.500000e-005	
424	0	
425	0	
426	0	
427	0	
428	0	
429	0	
430	0	
431	0	
432	0	
433	0	
434	0	
435	0	
436	0	
437	0	
438	0	
439	0	
440	0	
441	0	
442	0	
443	0	
444	0	
445	0	
446	0	
447	0	
448	0	
449	0	
450	0	
451	0	
452	0	
453	0	
454	0	
455	0	
456	0	
457	0	
458	0	
459	0	
460	0	
461	0	
462	0	
463	0	
464	0	
465	2.500000e-005	
466	1.000000e-004	
467	7.500000e-005	
468	1.000000e-004	
469	1.250000e-004	
470	7.500000e-005	
471	7.500000e-005	
472	7.500000e-005	
473	1.250000e-004	
474	1.500000e-004	
475	1.750000e-004	
476	2.250000e-004	
477	2.500000e-004	
478	2.250000e-004	
479	2.000000e-004	
480	3.250000e-004	
481	3.000000e-004	
482	3.500000e-004	
483	3.500000e-004	
484	2.750000e-004	
485	2.250000e-004	
486	3.500000e-004	
487	2.750000e-004	
488	2.250000e-004	
489	2.750000e-004	
490	2.500000e-004	
491	2.250000e-004	
492	1.750000e-004	
493	1.500000e-004	
494	1.750000e-004	
495	1.500000e-004	
496	1.500000e-004	
497	1.250000e-004	
498	1.250000e-004	
499	2.000000e-004	
500	1.500000e-004	
501	1.500000e-004	
502	2.000000e-004	
503	1.750000e-004	
504	1.000000e-004	
505	1.750000e-004	
506	1.000000e-004	
507	7.500000e-005	
508	1.250000e-004	
509	1.500000e-004	
510	1.250000e-004	
511	1.000000e-004	
512	1.500000e-004	
513	5.000000e-005	
514	1.000000e-004	
515	5.000000e-005	
516	7.500000e-005	
517	1.750000e-004	
518	7.500000e-005	
519	1.500000e-004	
520	1.250000e-004	
521	7.500000e-005	
522	0	
523	0	
524	0	
525	0	
526	0	
527	0	
528	0	
529	0	
530	0	
531	0	
532	0	
533	0	
534	0	
535	0	
536	0	
537	0	
538	0	
539	0	
540	2.500000e-005	
541	7.500000e-005	
542	1.250000e-004	
543	1.500000e-004	
544	2.250000e-004	
545	1.750000e-004	
546	1.750000e-004	
547	1.750000e-004	
548	2.500000e-004	
549	1.750000e-004	
550	1.500000e-004	
551	2.250000e-004	
552	2.750000e-004	
553	2.250000e-004	
554	2.750000e-004	
555	1.750000e-004	
556	2.750000e-004	
557	2.250000e-004	
558	1.000000e-004	
559	1.250000e-004	
560	1.000000e-004	
561	1.500000e-004	
562	2.250000e-004	
563	1.250000e-004	
564	1.250000e-004	
565	3.000000e-004	
566	1.750000e-004	
567	2.250000e-004	
568	1.250000e-004	
569	7.500000e-005	
570	5.000000e-005	
571	1.000000e-004	
572	1.000000e-004	
573	7.500000e-005	
574	7.500000e-005	
575	1.000000e-004	
576	1.500000e-004	
577	7.500000e-005	
578	1.500000e-004	
579	1.000000e-004	
580	1.500000e-004	
581	3.000000e-004	
582	3.750000e-004	
583	3.250000e-004	
584	3.000000e-004	
585	2.250000e-004	
586	2.250000e-004	
587	2.750000e-004	
588	3.250000e-004	
589	4.500000e-004	
590	4.000000e-004	
591	3.750000e-004	
592	4.000000e-004	
593	4.750000e-004	
594	6.250000e-004	
595	6.000000e-004	
596	6.000000e-004	
597	3.750000e-004	
598	4.000000e-004	
599	4.000000e-004	
600	2.750000e-004	
601	3.250000e-004	
602	2.750000e-004	
603	4.250000e-004	
604	6.000000e-004	
605	6.750000e-004	
606	7.250000e-004	
607	7.000000e-004	
608	7.000000e-004	
609	7.750000e-004	
610	9.250000e-004	
611	1.050000e-003	
612	1.050000e-003	
613	1.100000e-003	
614	1.075000e-003	
615	1.025000e-003	
616	1.000000e-003	
617	1.025000e-003	
618	1.375000e-003	
619	1.525000e-003	
620	1.500000e-003	
621	1.725000e-003	
622	1.425000e-003	
623	1.425000e-003	
624	2.025000e-003	
625	1.625000e-003	
626	1.775000e-003	
627	1.900000e-003	
628	2.025000e-003	
629	2.075000e-003	
630	1.775000e-003	
631	1.825000e-003	
632	2.050000e-003	
633	2.100000e-003	
634	2.100000e-003	
635	1.950000e-003	
636	2.250000e-003	
637	2.625000e-003	
638	2.675000e-003	
639	2.725000e-003	
640	3.175000e-003	
641	3.800000e-003	
642	3.775000e-003	
643	3.525000e-003	
644	3.625000e-003	
645	3.975000e-003	
646	4.400000e-003	
647	4.625000e-003	
648	3.975000e-003	
649	4.000000e-003	
650	4.250000e-003	
651	4.575000e-003	
652	4.550000e-003	
653	4.800000e-003	
654	4.800000e-003	
655	4.650000e-003	
656	4.700000e-003	
657	4.550000e-003	
658	4.400000e-003	
659	4.900000e-003	
660	5.400000e-003	
661	5.525000e-003	
662	5.850000e-003	
663	5.500000e-003	
664	5.750000e-003	
665	5.900000e-003	
666	5.500000e-003	
667	5.275000e-003	
668	4.975000e-003	
669	5.200000e-003	
670	5.050000e-003	
671	5.075000e-003	
672	4.975000e-003	
673	5.000000e-003	
674	4.925000e-003	
675	4.950000e-003	
676	5.550000e-003	
677	5.225000e-003	
678	5.375000e-003	
679	5.075000e-003	
680	4.975000e-003	
681	4.300000e-003	
682	4.550000e-003	
683	4.350000e-003	
684	4.075000e-003	
685	4.575000e-003	
686	5.250000e-003	
687	5.175000e-003	
688	5.025000e-003	
689	5.050000e-003	
690	5.325000e-003	
691	5.500000e-003	
692	5.175000e-003	
693	5.725000e-003	
694	4.775000e-003	
695	4.625000e-003	
696	4.350000e-003	
697	3.825000e-003	
698	3.500000e-003	
699	2.600000e-003	
700	2.400000e-003	
701	2.625000e-003	
702	2.350000e-003	
703	2.500000e-003	
704	2.425000e-003	
705	2.425000e-003	
706	2.125000e-003	
707	2.150000e-003	
708	2.225000e-003	
709	2.025000e-003	
710	1.950000e-003	
711	2.150000e-003	
712	2.100000e-003	
713	2.200000e-003	
714	2.100000e-003	
715	1.975000e-003	
716	2.150000e-003	
717	1.875000e-003	
718	1.575000e-003	
719	1.275000e-003	
720	9.000000e-004	
721	5.750000e-004	
722	4.500000e-004	
723	2.500000e-004	
724	2.500000e-004	
725	7.500000e-005	
726	1.250000e-004	
727	5.000000e-005	
728	2.500000e-005	
729	5.000000e-005	
730	5.000000e-005	
731	7.500000e-005	
732	7.500000e-005	
733	7.500000e-005	
734	0	
735	0	
736	0	
737	0	
738	0	
739	0	
740	0	
741	0	
742	0	
743	0	
744	0	
745	0	
746	0	
747	0	
748	0	
749	0	
750	0	
751	0	
752	0	
753	0	
754	0	
755	0	
756	0	
757	0	
758	0	
759	0	
760	0	
761	0	
762	0	
763	2.500000e-005	
764	5.000000e-005	
765	5.000000e-005	
766	0	
767	0	
768	0	
769	0	
770	0	
771	0	
772	0	
773	0	
774	0	
775	0	
776	0	
777	0	
778	0	
779	0	
780	0	
781	0	
782	0	
783	0	
784	0	
785	0	
786	0	
787	0	
788	2.500000e-005	
789	5.000000e-005	
790	1.250000e-004	
791	1.500000e-004	
792	1.250000e-004	
793	2.000000e-004	
794	1.000000e-004	
795	1.000000e-004	
796	7.500000e-005	
797	0	
798	0	
799	0	
800	0	
801	0	
802	0	
803	0	
804	2.500000e-005	
805	5.000000e-005	
806	0	
807	0	
808	0	
809	0	
810	0	
811	0	
812	0	
813	0	
814	0	
815	0	
816	0	
817	0	
818	0	
819	0	
820	0	
821	0	
822	0	
823	0	
824	0	
825	0	
826	0	
827	0	
828	0	
829	0	
830	0	
831	0	
832	0	
833	0	
834	0	
835	0	
836	0	
837	0	
838	0	
839	0	
840	0	
841	0	
842	0	
843	0	
844	0	
845	0	
846	0	
847	0	
848	0	
849	0	
850	0	
851	0	
852	0	
853	0	
854	0	
855	0	
856	0	
857	0	
858	0	
859	0	
860	0	
861	0	
862	0	
863	0	
864	0	
865	0	
866	0	
867	0	
868	0	
869	0	
870	0	
871	0	
872	0	
873	2.500000e-005	
874	2.500000e-005	
875	2.500000e-005	
876	5.000000e-005	
877	5.000000e-005	
878	7.500000e-005	
879	7.500000e-005	
880	7.500000e-005	
881	1.500000e-004	
882	1.250000e-004	
883	1.000000e-004	
884	1.000000e-004	
885	1.000000e-004	
886	1.500000e-004	
887	1.500000e-004	
888	1.750000e-004	
889	2.000000e-004	
890	2.750000e-004	
891	2.250000e-004	
892	7.500000e-005	
893	5.000000e-005	
894	1.250000e-004	
895	1.000000e-004	
896	1.500000e-004	
897	5.000000e-005	
898	2.500000e-005	
899	1.250000e-004	
900	1.000000e-004	
901	1.750000e-004	
902	2.000000e-004	
903	2.000000e-004	
904	3.250000e-004	
905	2.500000e-004	
906	2.000000e-004	
907	2.250000e-004	
908	2.250000e-004	
909	2.500000e-004	
910	3.250000e-004	
911	2.000000e-004	
912	2.250000e-004	
913	2.750000e-004	
914	3.500000e-004	
915	3.250000e-004	
916	2.750000e-004	
917	2.750000e-004	
918	1.750000e-004	
919	1.250000e-004	
920	2.000000e-004	
921	2.250000e-004	
922	1.500000e-004	
923	2.000000e-004	
924	2.000000e-004	
925	1.000000e-004	
926	1.000000e-004	
927	1.250000e-004	
928	2.250000e-004	
929	2.000000e-004	
930	1.250000e-004	
931	1.250000e-004	
932	1.000000e-004	
933	5.000000e-005	
934	2.500000e-005	
935	2.500000e-005	
936	5.000000e-005	
937	2.500000e-005	
938	2.500000e-005	
939	2.500000e-005	
940	0	
941	0	
942	0	
943	0	
944	0	
945	0	
946	0	
947	0	
948	0	
949	0	
950	0	
951	0	
952	0	
953	0	
954	0	
955	0	
956	0	
957	0	
958	0	
959	0	
960	0	
961	0	
962	0	
963	0	
964	0	
965	0	
966	0	
967	0	
968	0	
969	0	
970	0	
971	0	
972	0	
973	0	
974	0	
975	0	
976	0	
977	0	
978	0	
979	0	
980	0	
981	0	
982	0	
983	0	
984	0	
985	0	
986	0	
987	0	
988	0	
989	0	
990	0	
991	0	
992	0	
993	0	
994	0	
995	0	
996	0	
997	0	
998	0	
999	0	
1000	0	
1001	0	
1002	0	
1003	0	
1004	0	
1005	0	
1006	0	
1007	0	
1008	0	
1009	0	
1010	0	
1011	0	
1012	0	
1013	0	
1014	0	
1015	0	
1016	0	
1017	0	
1018	0	
1019	0	
1020	0	
1021	0	
1022	0	
1023	0	
1024	0	
1025	0	
1026	0	
1027	0	
1028	0	
1029	0	
1030	0	
1031	0	
1032	0	
1033	0	
1034	0	
1035	2.500000e-005	
1036	5.000000e-005	
1037	7.500000e-005	
1038	2.500000e-005	
1039	5.000000e-005	
1040	0	
1041	0	
1042	0	
1043	0	
1044	0	
1045	0	
1046	2.500000e-005	
1047	7.500000e-005	
1048	7.500000e-005	
1049	7.500000e-005	
1050	1.500000e-004	
1051	1.500000e-004	
1052	1.500000e-004	
1053	1.750000e-004	
1054	1.250000e-004	
1055	1.000000e-004	
1056	1.000000e-004	
1057	2.500000e-005	
1058	2.500000e-005	
1059	2.500000e-005	
1060	5.000000e-005	
1061	0	
1062	0	
1063	0	
1064	0	
1065	0	
1066	0	
1067	0	
1068	0	
1069	0	
1070	0	
1071	0	
1072	0	
1073	0	
1074	0	
1075	0	
1076	0	
1077	0	
1078	0	
1079	0	
1080	0	
1081	0	
1082	0	
1083	0	
1084	0	
1085	0	
1086	0	
1087	2.500000e-005	
1088	1.000000e-004	
1089	1.000000e-004	
1090	1.500000e-004	
1091	7.500000e-005	
1092	7.500000e-005	
1093	5.000000e-005	
1094	5.000000e-005	
1095	1.250000e-004	
1096	1.000000e-004	
1097	2.250000e-004	
1098	1.500000e-004	
1099	7.500000e-005	
1100	5.000000e-005	
1101	7.500000e-005	
1102	7.500000e-005	
1103	5.000000e-005	
1104	5.000000e-005	
1105	2.500000e-005	
1106	2.500000e-005	
1107	2.500000e-005	
1108	0	
1109	0	
1110	0	
1111	0	
1112	0	
1113	0	
1114	0	
1115	0	
1116	0	
1117	0	
1118	0	
1119	0	
1120	0	
1121	0	
1122	0	
1123	0	
1124	0	
1125	0	
1126	0	
1127	0	
1128	0	
1129	0	
1130	0	
1131	0	
1132	2.500000e-005	
1133	1.500000e-004	
1134	1.250000e-004	
1135	1.500000e-004	
1136	2.500000e-005	
1137	5.000000e-005	
1138	1.250000e-004	
1139	5.000000e-005	
1140	2.500000e-005	
1141	2.500000e-005	
1142	0	
1143	0	
1144	0	
1145	0	
1146	0	
1147	0	
1148	0	
1149	0	
1150	0	
1151	0	
1152	0	
1153	0	
1154	0	
1155	0	
1156	0	
1157	0	
1158	2.500000e-005	
1159	1.000000e-004	
1160	1.500000e-004	
1161	7.500000e-005	
1162	1.000000e-004	
1163	1.250000e-004	
1164	1.500000e-004	
1165	2.750000e-004	
1166	3.000000e-004	
1167	3.250000e-004	
1168	2.250000e-004	
1169	2.750000e-004	
1170	3.000000e-004	
1171	3.250000e-004	
1172	2.750000e-004	
1173	3.500000e-004	
1174	3.000000e-004	
1175	3.250000e-004	
1176	4.250000e-004	
1177	4.750000e-004	
1178	4.250000e-004	
1179	5.000000e-004	
1180	5.750000e-004	
1181	5.500000e-004	
1182	5.750000e-004	
1183	7.000000e-004	
1184	7.750000e-004	
1185	9.000000e-004	
1186	9.250000e-004	
1187	9.500000e-004	
1188	1.350000e-003	
1189	1.275000e-003	
1190	1.300000e-003	
1191	1.525000e-003	
1192	1.350000e-003	
1193	1.400000e-003	
1194	1.400000e-003	
1195	1.325000e-003	
1196	1.475000e-003	
1197	1.475000e-003	
1198	1.175000e-003	
1199	1.300000e-003	
1200	1.300000e-003	
1201	1.600000e-003	
1202	1.425000e-003	
1203	1.925000e-003	
1204	1.675000e-003	
1205	2.000000e-003	
1206	2.125000e-003	
1207	2.400000e-003	
1208	2.125000e-003	
1209	2.525000e-003	
1210	2.300000e-003	
1211	2.475000e-003	
1212	2.675000e-003	
1213	2.925000e-003	
1214	2.525000e-003	
1215	2.450000e-003	
1216	2.325000e-003	
1217	2.175000e-003	
1218	2.225000e-003	
1219	2.150000e-003	
1220	2.250000e-003	
1221	2.150000e-003	
1222	2.675000e-003	
1223	2.350000e-003	
1224	2.250000e-003	
1225	2.025000e-003	
1226	1.900000e-003	
1227	1.850000e-003	
1228	2.075000e-003	
1229	2.075000e-003	
1230	1.875000e-003	
1231	2.250000e-003	
1232	2.200000e-003	
1233	1.950000e-003	
1234	2.125000e-003	
1235	2.400000e-003	
1236	2.500000e-003	
1237	2.775000e-003	
1238	3.300000e-003	
1239	3.200000e-003	
1240	3.450000e-003	
1241	3.275000e-003	
1242	3.550000e-003	
1243	3.550000e-003	
1244	3.750000e-003	
1245	3.375000e-003	
1246	3.325000e-003	
1247	3.825000e-003	
1248	3.750000e-003	
1249	3.350000e-003	
1250	3.950000e-003	
1251	4.150000e-003	
1252	4.250000e-003	
1253	4.250000e-003	
1254	5.025000e-003	
1255	5.025000e-003	
1256	4.750000e-003	
1257	5.225000e-003	
1258	5.700000e-003	
1259	5.250000e-003	
1260	5.400000e-003	
1261	5.500000e-003	
1262	5.225000e-003	
1263	5.075000e-003	
1264	5.650000e-003	
1265	5.150000e-003	
1266	5.575000e-003	
1267	5.475000e-003	
1268	4.900000e-003	
1269	4.950000e-003	
1270	5.125000e-003	
1271	5.475000e-003	
1272	5.325000e-003	
1273	4.850000e-003	
1274	4.725000e-003	
1275	4.450000e-003	
1276	4.450000e-003	
1277	4.500000e-003	
1278	4.475000e-003	
1279	4.825000e-003	
1280	3.875000e-003	
1281	4.050000e-003	
1282	4.050000e-003	
1283	4.625000e-003	
1284	5.025000e-003	
1285	4.950000e-003	
1286	4.775000e-003	
1287	4.500000e-003	
1288	4.200000e-003	
1289	3.775000e-003	
1290	3.400000e-003	
1291	3.475000e-003	
1292	3.975000e-003	
1293	4.275000e-003	
1294	3.900000e-003	
1295	3.575000e-003	
1296	3.550000e-003	
1297	3.350000e-003	
1298	3.825000e-003	
1299	4.150000e-003	
1300	4.700000e-003	
1301	4.450000e-003	
1302	4.250000e-003	
1303	3.425000e-003	
1304	2.675000e-003	
1305	2.125000e-003	
1306	1.875000e-003	
1307	1.650000e-003	
1308	1.850000e-003	
1309	1.700000e-003	
1310	1.350000e-003	
1311	1.075000e-003	
1312	1.050000e-003	
1313	9.000000e-004	
1314	5.750000e-004	
1315	2.750000e-004	
1316	2.250000e-004	
1317	2.250000e-004	
1318	3.000000e-004	
1319	1.750000e-004	
1320	1.750000e-004	
1321	2.250000e-004	
1322	1.500000e-004	
1323	1.750000e-004	
1324	2.500000e-004	
1325	1.250000e-004	
1326	1.000000e-004	
1327	1.500000e-004	
1328	1.000000e-004	
1329	2.500000e-005	
1330	5.000000e-005	
1331	7.500000e-005	
1332	2.500000e-005	
1333	7.500000e-005	
1334	7.500000e-005	
1335	5.000000e-005	
1336	2.500000e-005	
1337	0	
1338	0	
1339	0	
1340	0	
1341	0	
1342	0	
1343	0	
1344	0	
1345	0	
1346	0	
1347	0	
1348	0	
1349	0	
1350	0	
1351	0	
1352	0	
1353	0	
1354	0	
1355	0	
1356	0	
1357	0	
1358	0	
1359	0	
1360	0	
1361	0	
1362	0	
1363	0	
1364	0	
1365	0	
1366	0	
1367	0	
1368	0	
1369	0	
1370	0	
1371	0	
1372	0	
1373	0	
1374	0	
1375	0	
1376	0	
1377	0	
1378	0	
1379	0	
1380	0	
1381	0	
1382	0	
1383	0	
1384	0	
1385	2.500000e-005	
1386	7.500000e-005	
1387	1.000000e-004	
1388	0	
1389	0	
1390	0	
1391	0	
1392	0	
1393	0	
1394	0	
1395	0	
1396	0	
1397	0	
1398	0	
1399	0	
1400	0	
1401	0	
1402	0	
1403	0	
1404	0	
1405	0	
1406	0	
1407	0	
1408	0	
1409	0	
1410	0	
1411	0	
1412	0	
1413	0	
1414	0	
1415	0	
1416	0	
1417	0	
1418	0	
1419	0	
1420	0	
1421	0	
1422	0	
1423	2.500000e-005	
1424	5.000000e-005	
1425	2.500000e-005	
1426	5.000000e-005	
1427	5.000000e-005	
1428	2.500000e-005	
1429	0	
1430	0	
1431	0	
1432	0	
1433	0	
1434	0	
1435	0	
1436	0	
1437	0	
1438	0	
1439	0	
1440	0	
1441	0	
1442	0	
1443	0	
1444	0	
1445	0	
1446	0	
1447	0	
1448	0	
1449	0	
1450	0	
1451	0	
1452	0	
1453	0	
1454	0	
1455	0	
1456	0	
1457	0	
1458	0	
1459	0	
1460	0	
1461	0	
1462	0	
1463	0	
1464	0	
1465	0	
1466	0	
1467	0	
1468	0	
1469	0	
1470	0	
1471	0	
1472	0	
1473	0	
1474	0	
1475	0	
1476	0	
1477	0	
1478	0	
1479	0	
1480	0	
1481	0	
1482	0	
1483	0	
1484	0	
1485	0	
1486	0	
1487	0	
1488	0	
1489	0	
1490	0	
1491	0	
1492	0	
1493	0	
1494	0	
1495	0	
1496	0	
1497	0	
1498	0	
1499	0	
1500	0	
1501	0	
1502	0	
1503	0	
1504	2.500000e-005	
1505	2.500000e-005	
1506	0	
1507	0	
1508	0	
1509	0	
1510	0	
1511	0	
1512	0	
1513	0	
1514	0	
1515	0	
1516	0	
1517	0	
1518	0	
1519	0	
1520	0	
1521	0	
1522	0	
1523	0	
1524	0	
1525	0	
1526	0	
1527	0	
1528	0	
1529	0	
1530	0	
1531	0	
1532	0	
1533	0	
1534	0	
1535	0	
1536	0	
1537	0	
1538	0	
1539	0	
1540	0	
1541	0	
1542	0	
1543	0	
1544	0	
1545	0	
1546	0	
1547	2.500000e-005	
1548	7.500000e-005	
1549	1.250000e-004	
1550	2.500000e-005	
1551	5.000000e-005	
1552	5.000000e-005	
1553	2.500000e-005	
1554	2.500000e-005	
1555	2.500000e-005	
1556	2.500000e-005	
1557	2.500000e-005	
1558	0	
1559	0	
1560	0	
1561	0	
1562	0	
1563	0	
1564	0	
1565	2.500000e-005	
1566	1.250000e-004	
1567	1.750000e-004	
1568	2.250000e-004	
1569	1.000000e-004	
1570	1.250000e-004	
1571	7.500000e-005	
1572	1.500000e-004	
1573	2.500000e-004	
1574	1.500000e-004	
1575	1.750000e-004	
1576	1.000000e-004	
1577	1.000000e-004	
1578	7.500000e-005	
1579	7.500000e-005	
1580	5.000000e-005	
1581	5.000000e-005	
1582	7.500000e-005	
1583	1.250000e-004	
1584	7.500000e-005	
1585	1.250000e-004	
1586	7.500000e-005	
1587	1.000000e-004	
1588	7.500000e-005	
1589	7.500000e-005	
1590	5.000000e-005	
1591	7.500000e-005	
1592	2.500000e-005	
1593	2.500000e-005	
1594	2.500000e-005	
1595	2.500000e-005	
1596	2.500000e-005	
1597	2.500000e-005	
1598	5.000000e-005	
1599	7.500000e-005	
1600	5.000000e-005	
1601	7.500000e-005	
1602	5.000000e-005	
1603	7.500000e-005	
1604	5.000000e-005	
1605	2.500000e-005	
1606	5.000000e-005	
1607	7.500000e-005	
1608	1.250000e-004	
1609	1.250000e-004	
1610	1.750000e-004	
1611	1.000000e-004	
1612	0	
1613	0	
1614	0	
1615	0	
1616	0	
1617	0	
1618	0	
1619	0	
1620	0	
1621	0	
1622	0	
1623	0	
1624	0	
1625	0	
1626	0	
1627	2.500000e-005	
1628	2.500000e-005	
1629	0	
1630	0	
1631	0	
1632	0	
1633	0	
1634	0	
1635	0	
1636	0	
1637	0	
1638	0	
1639	0	
1640	0	
1641	0	
1642	0	
1643	0	
1644	0	
1645	0	
1646	0	
1647	0	
1648	0	
1649	0	
1650	0	
1651	0	
1652	0	
1653	0	
1654	0	
1655	0	
1656	0	
1657	0	
1658	0	
1659	0	
1660	0	
1661	0	
1662	0	
1663	0	
1664	0	
1665	0	
1666	0	
1667	0	
1668	0	
1669	0	
1670	0	
1671	0	
1672	0	
1673	0	
1674	0	
1675	0	
1676	0	
1677	0	
1678	0	
1679	0	
1680	0	
1681	0	
1682	0	
1683	0	
1684	0	
1685	0	
1686	0	
1687	0	
1688	0	
1689	0	
1690	0	
1691	0	
1692	0	
1693	0	
1694	0	
1695	0	
1696	0	
1697	0	
1698	0	
1699	0	
1700	0	
1701	0	
1702	0	
1703	0	
1704	0	
1705	0	
1706	0	
1707	0	
1708	0	
1709	0	
1710	0	
1711	0	
1712	0	
1713	0	
1714	0	
1715	0	
1716	0	
1717	0	
1718	0	
1719	0	
1720	0	
1721	0	
1722	0	
1723	0	
1724	0	
1725	0	
1726	0	
1727	0	
1728	0	
1729	0	
1730	0	
1731	0	
1732	0	
1733	0	
1734	0	
1735	2.500000e-005	
1736	7.500000e-005	
1737	1.250000e-004	
1738	2.000000e-004	
1739	2.000000e-004	
1740	2.500000e-004	
1741	2.250000e-004	
1742	1.000000e-004	
1743	1.000000e-004	
1744	3.250000e-004	
1745	4.000000e-004	
1746	5.500000e-004	
1747	4.000000e-004	
1748	3.750000e-004	
1749	2.500000e-004	
1750	2.250000e-004	
1751	2.750000e-004	
1752	4.250000e-004	
1753	4.250000e-004	
1754	5.250000e-004	
1755	6.250000e-004	
1756	6.500000e-004	
1757	9.000000e-004	
1758	1.050000e-003	
1759	1.050000e-003	
1760	1.275000e-003	
1761	1.325000e-003	
1762	1.400000e-003	
1763	1.275000e-003	
1764	1.175000e-003	
1765	1.100000e-003	
1766	1.125000e-003	
1767	1.300000e-003	
1768	1.475000e-003	
1769	1.475000e-003	
1770	1.875000e-003	
1771	1.900000e-003	
1772	1.875000e-003	
1773	1.875000e-003	
1774	1.900000e-003	
1775	2.050000e-003	
1776	2.650000e-003	
1777	2.600000e-003	
1778	2.800000e-003	
1779	2.575000e-003	
1780	2.875000e-003	
1781	3.000000e-003	
1782	3.375000e-003	
1783	3.700000e-003	
1784	3.575000e-003	
1785	3.825000e-003	
1786	4.100000e-003	
1787	3.850000e-003	
1788	4.050000e-003	
1789	4.125000e-003	
1790	4.600000e-003	
1791	4.750000e-003	
1792	4.550000e-003	
1793	4.250000e-003	
1794	4.750000e-003	
1795	4.975000e-003	
1796	4.725000e-003	
1797	3.875000e-003	
1798	3.375000e-003	
1799	3.600000e-003	
1800	3.500000e-003	
1801	3.600000e-003	
1802	3.625000e-003	
1803	3.500000e-003	
1804	3.450000e-003	
1805	3.700000e-003	
1806	4.050000e-003	
1807	4.225000e-003	
1808	4.225000e-003	
1809	4.375000e-003	
1810	4.650000e-003	
1811	4.650000e-003	
1812	4.600000e-003	
1813	4.825000e-003	
1814	4.825000e-003	
1815	4.525000e-003	
1816	4.500000e-003	
1817	4.275000e-003	
1818	4.150000e-003	
1819	4.350000e-003	
1820	4.600000e-003	
1821	5.625000e-003	
1822	5.850000e-003	
1823	5.050000e-003	
1824	5.250000e-003	
1825	5.600000e-003	
1826	5.825000e-003	
1827	5.325000e-003	
1828	5.000000e-003	
1829	4.975000e-003	
1830	4.775000e-003	
1831	4.750000e-003	
1832	4.925000e-003	
1833	4.750000e-003	
1834	4.975000e-003	
1835	4.475000e-003	
1836	4.550000e-003	
1837	4.825000e-003	
1838	4.800000e-003	
1839	4.875000e-003	
1840	5.300000e-003	
1841	4.875000e-003	
1842	3.950000e-003	
1843	3.875000e-003	
1844	3.725000e-003	
1845	4.075000e-003	
1846	3.800000e-003	
1847	3.725000e-003	
1848	3.450000e-003	
1849	2.900000e-003	
1850	3.200000e-003	
1851	2.725000e-003	
1852	2.050000e-003	
1853	1.725000e-003	
1854	1.750000e-003	
1855	1.500000e-003	
1856	1.375000e-003	
1857	1.625000e-003	
1858	1.350000e-003	
1859	1.650000e-003	
1860	1.325000e-003	
1861	1.250000e-003	
1862	1.425000e-003	
1863	1.325000e-003	
1864	1.325000e-003	
1865	1.125000e-003	
1866	1.450000e-003	
1867	1.375000e-003	
1868	1.400000e-003	
1869	1.150000e-003	
1870	1.125000e-003	
1871	1.350000e-003	
1872	1.125000e-003	
1873	9.000000e-004	
1874	1.025000e-003	
1875	1.000000e-003	
1876	9.250000e-004	
1877	6.250000e-004	
1878	4.000000e-004	
1879	5.500000e-004	
1880	2.500000e-004	
1881	1.500000e-004	
1882	2.500000e-004	
1883	3.250000e-004	
1884	3.500000e-004	
1885	3.000000e-004	
1886	3.000000e-004	
1887	2.250000e-004	
1888	2.000000e-004	
1889	2.750000e-004	
1890	1.250000e-004	
1891	1.000000e-004	
1892	1.250000e-004	
1893	1.000000e-004	
1894	7.500000e-005	
1895	1.250000e-004	
1896	2.000000e-004	
1897	2.250000e-004	
1898	1.500000e-004	
1899	7.500000e-005	
1900	2.500000e-005	
1901	2.500000e-005	
1902	2.500000e-005	
1903	2.500000e-005	
1904	5.000000e-005	
1905	1.000000e-004	
1906	1.000000e-004	
1907	1.000000e-004	
1908	1.500000e-004	
1909	5.000000e-005	
1910	1.000000e-004	
1911	1.000000e-004	
1912	1.500000e-004	
1913	2.000000e-004	
1914	2.250000e-004	
1915	2.750000e-004	
1916	1.000000e-004	
1917	1.000000e-004	
1918	1.000000e-004	
1919	7.500000e-005	
1920	7.500000e-005	
1921	7.500000e-005	
1922	2.500000e-005	
1923	0	
1924	0	
1925	0	
1926	0	
1927	0	
1928	0	
1929	0	
1930	0	
1931	0	
1932	0	
1933	0	
1934	0	
1935	0	
1936	0	
1937	0	
1938	0	
1939	0	
1940	0	
1941	0	
1942	0	
1943	0	
1944	0	
1945	0	
1946	0	
1947	0	
1948	0	
1949	0	
1950	0	
1951	0	
1952	0	
1953	0	
1954	0	
1955	0	
1956	0	
1957	0	
1958	0	
1959	2.500000e-005	
1960	2.500000e-005	
1961	0	
1962	0	
1963	0	
1964	0	
1965	0	
1966	0	
1967	0	
1968	0	
1969	0	
1970	0	
1971	0	
1972	0	
1973	0	
1974	0	
1975	0	
1976	0	
1977	0	
1978	0	
1979	0	
1980	0	
1981	0	
1982	0	
1983	2.500000e-005	
1984	0	
1985	0	
1986	0	
1987	0	
1988	0	
1989	0	
1990	0	
1991	0	
1992	0	
1993	0	
1994	0	
1995	0	
1996	0	
1997	0	
1998	0	
1999	0	
2000	0	
2001	0	
2002	0	
2003	0	
2004	0	
2005	0	
2006	0	
2007	0	
2008	0	
2009	0	
2010	0	
2011	0	
2012	0	
2013	0	
2014	0	
2015	0	
2016	0	
2017	0	
2018	0	
2019	0	
2020	0	
2021	0	
2022	0	
2023	0	
2024	0	
2025	0	
2026	0	
2027	0	
2028	0	
2029	0	
2030	0	
2031	0	
2032	0	
2033	0	
2034	0	
2035	0	
2036	0	
2037	0	
2038	0	
2039	0	
2040	0	
2041	0	
2042	0	
2043	0	
2044	0	
2045	0	
2046	0	
2047	0	
2048	0	
2049	0	
2050	0	
2051	0	
2052	0	
2053	0	
2054	0	
2055	0	
2056	0	
2057	0	
2058	0	
2059	0	
2060	0	
2061	0	
2062	0	
2063	0	
2064	0	
2065	0	
2066	0	
2067	0	
2068	0	
2069	0	
2070	0	
2071	0	
2072	0	
2073	0	
2074	0	
2075	0	
2076	0	
2077	0	
2078	0	
2079	0	
2080	2.500000e-005	
2081	2.500000e-005	
2082	5.000000e-005	
2083	5.000000e-005	
2084	5.000000e-005	
2085	0	
2086	0	
2087	0	
2088	0	
2089	0	
2090	0	
2091	0	
2092	0	
2093	0	
2094	0	
2095	0	
2096	0	
2097	0	
2098	0	
2099	0	
2100	0	
2101	0	
2102	0	
2103	0	
2104	0	
2105	0	
2106	0	
2107	0	
2108	0	
2109	0	
2110	0	
2111	0	
2112	0	
2113	0	
2114	0	
2115	0	
2116	0	
2117	0	
2118	0	
2119	0	
2120	0	
2121	0	
2122	0	
2123	0	
2124	0	
2125	0	
2126	0	
2127	0	
2128	0	
2129	0	
2130	0	
2131	0	
2132	0	
2133	0	
2134	0	
2135	0	
2136	0	
2137	0	
2138	0	
2139	0	
2140	0	
2141	0	
2142	0	
2143	2.500000e-005	
2144	1.250000e-004	
2145	7.500000e-005	
2146	7.500000e-005	
2147	1.250000e-004	
2148	1.000000e-004	
2149	1.250000e-004	
2150	1.000000e-004	
2151	5.000000e-005	
2152	2.500000e-005	
2153	0	
2154	0	
2155	0	
2156	0	
2157	0	
2158	0	
2159	0	
2160	0	
2161	0	
2162	0	
2163	0	
2164	0	
2165	0	
2166	0	
2167	0	
2168	0	
2169	0	
2170	0	
2171	0	
2172	0	
2173	0	
2174	0	
2175	0	
2176	0	
2177	0	
2178	0	
2179	0	
2180	0	
2181	0	
2182	0	
2183	0	
2184	0	
2185	0	
2186	0	
2187	0	
2188	0	
2189	0	
2190	0	
2191	0	
2192	2.500000e-005	
2193	5.000000e-005	
2194	0	
2195	0	
2196	0	
2197	0	
2198	0	
2199	2.500000e-005	
2200	2.500000e-005	
2201	5.000000e-005	
2202	1.000000e-004	
2203	7.500000e-005	
2204	7.500000e-005	
2205	7.500000e-005	
2206	7.500000e-005	
2207	0	
2208	0	
2209	0	
2210	0	
2211	0	
2212	0	
2213	0	
2214	0	
2215	0	
2216	0	
2217	0	
2218	0	
2219	0	
2220	0	
2221	0	
2222	0	
2223	0	
2224	0	
2225	0	
2226	0	
2227	0	
2228	0	
2229	0	
2230	0	
2231	0	
2232	0	
2233	0	
2234	0	
2235	0	
2236	0	
2237	0	
2238	0	
2239	0	
2240	0	
2241	0	
2242	0	
2243	0	
2244	0	
2245	0	
2246	0	
2247	0	
2248	0	
2249	0	
2250	0	
2251	0	
2252	0	
2253	0	
2254	5.000000e-005	
2255	7.500000e-005	
2256	1.250000e-004	
2257	2.000000e-004	
2258	1.500000e-004	
2259	1.250000e-004	
2260	1.250000e-004	
2261	1.500000e-004	
2262	1.250000e-004	
2263	1.250000e-004	
2264	1.750000e-004	
2265	1.000000e-004	
2266	3.000000e-004	
2267	2.500000e-004	
2268	1.750000e-004	
2269	1.500000e-004	
2270	1.000000e-004	
2271	1.000000e-004	
2272	1.000000e-004	
2273	2.250000e-004	
2274	2.000000e-004	
2275	2.750000e-004	
2276	2.000000e-004	
2277	2.250000e-004	
2278	2.250000e-004	
2279	1.250000e-004	
2280	2.500000e-004	
2281	2.250000e-004	
2282	2.500000e-004	
2283	2.000000e-004	
2284	1.500000e-004	
2285	2.000000e-004	
2286	7.500000e-005	
2287	5.000000e-005	
2288	5.000000e-005	
2289	1.250000e-004	
2290	1.500000e-004	
2291	1.250000e-004	
2292	1.250000e-004	
2293	1.500000e-004	
2294	1.750000e-004	
2295	2.500000e-004	
2296	3.250000e-004	
2297	4.250000e-004	
2298	4.250000e-004	
2299	3.500000e-004	
2300	4.250000e-004	
2301	3.750000e-004	
2302	3.000000e-004	
2303	6.000000e-004	
2304	5.250000e-004	
2305	7.000000e-004	
2306	5.500000e-004	
2307	6.500000e-004	
2308	7.250000e-004	
2309	8.750000e-004	
2310	8.250000e-004	
2311	1.050000e-003	
2312	1.075000e-003	
2313	1.050000e-003	
2314	9.250000e-004	
2315	9.250000e-004	
2316	8.750000e-004	
2317	9.000000e-004	
2318	1.000000e-003	
2319	1.250000e-003	
2320	1.075000e-003	
2321	1.075000e-003	
2322	1.150000e-003	
2323	1.175000e-003	
2324	1.100000e-003	
2325	1.200000e-003	
2326	1.550000e-003	
2327	1.625000e-003	
2328	1.450000e-003	
2329	1.425000e-003	
2330	1.425000e-003	
2331	1.600000e-003	
2332	1.750000e-003	
2333	1.475000e-003	
2334	1.900000e-003	
2335	1.975000e-003	
2336	2.350000e-003	
2337	2.450000e-003	
2338	2.525000e-003	
2339	2.275000e-003	
2340	2.300000e-003	
2341	1.925000e-003	
2342	2.000000e-003	
2343	2.150000e-003	
2344	1.550000e-003	
2345	1.625000e-003	
2346	1.900000e-003	
2347	2.075000e-003	
2348	2.000000e-003	
2349	2.075000e-003	
2350	2.025000e-003	
2351	2.350000e-003	
2352	2.425000e-003	
2353	2.075000e-003	
2354	2.150000e-003	
2355	1.950000e-003	
2356	1.825000e-003	
2357	1.850000e-003	
2358	2.150000e-003	
2359	2.300000e-003	
2360	2.625000e-003	
2361	2.750000e-003	
2362	2.475000e-003	
2363	2.900000e-003	
2364	2.575000e-003	
2365	2.800000e-003	
2366	2.725000e-003	
2367	2.975000e-003	
2368	3.175000e-003	
2369	2.925000e-003	
2370	2.925000e-003	
2371	3.100000e-003	
2372	2.725000e-003	
2373	2.675000e-003	
2374	2.750000e-003	
2375	2.575000e-003	
2376	2.650000e-003	
2377	2.450000e-003	
2378	2.225000e-003	
2379	2.150000e-003	
2380	2.075000e-003	
2381	2.000000e-003	
2382	2.050000e-003	
2383	2.425000e-003	
2384	2.225000e-003	
2385	2.475000e-003	
2386	2.875000e-003	
2387	2.850000e-003	
2388	2.700000e-003	
2389	2.850000e-003	
2390	2.650000e-003	
2391	2.750000e-003	
2392	2.625000e-003	
2393	2.800000e-003	
2394	2.925000e-003	
2395	3.075000e-003	
2396	3.300000e-003	
2397	3.425000e-003	
2398	3.075000e-003	
2399	2.800000e-003	
2400	3.400000e-003	
2401	2.900000e-003	
2402	2.875000e-003	
2403	3.050000e-003	
2404	3.300000e-003	
2405	3.200000e-003	
2406	3.525000e-003	
2407	3.275000e-003	
2408	3.225000e-003	
2409	3.425000e-003	
2410	3.825000e-003	
2411	3.400000e-003	
2412	3.400000e-003	
2413	3.375000e-003	
2414	3.525000e-003	
2415	3.525000e-003	
2416	3.725000e-003	
2417	4.000000e-003	
2418	4.200000e-003	
2419	4.150000e-003	
2420	4.050000e-003	
2421	4.325000e-003	
2422	4.175000e-003	
2423	4.525000e-003	
2424	4.575000e-003	
2425	4.625000e-003	
2426	4.950000e-003	
2427	5.050000e-003	
2428	5.125000e-003	
2429	5.375000e-003	
2430	5.650000e-003	
2431	5.125000e-003	
2432	5.100000e-003	
2433	4.725000e-003	
2434	5.000000e-003	
2435	4.600000e-003	
2436	3.750000e-003	
2437	3.725000e-003	
2438	3.650000e-003	
2439	3.250000e-003	
2440	2.800000e-003	
2441	2.875000e-003	
2442	2.600000e-003	
2443	3.000000e-003	
2444	3.150000e-003	
2445	3.125000e-003	
2446	3.000000e-003	
2447	2.775000e-003	
2448	2.450000e-003	
2449	1.875000e-003	
2450	1.500000e-003	
2451	1.525000e-003	
2452	1.750000e-003	
2453	1.950000e-003	
2454	1.950000e-003	
2455	1.750000e-003	
2456	1.075000e-003	
2457	1.000000e-003	
2458	9.000000e-004	
2459	5.750000e-004	
2460	6.250000e-004	
2461	6.000000e-004	
2462	5.750000e-004	
2463	7.000000e-004	
2464	4.750000e-004	
2465	4.000000e-004	
2466	3.250000e-004	
2467	3.250000e-004	
2468	4.250000e-004	
2469	4.250000e-004	
2470	3.750000e-004	
2471	4.750000e-004	
2472	5.500000e-004	
2473	6.000000e-004	
2474	4.750000e-004	
2475	3.250000e-004	
2476	1.750000e-004	
2477	2.500000e-004	
2478	3.250000e-004	
2479	3.750000e-004	
2480	3.500000e-004	
2481	4.250000e-004	
2482	4.750000e-004	
2483	5.000000e-004	
2484	5.500000e-004	
2485	4.500000e-004	
2486	5.000000e-004	
2487	5.000000e-004	
2488	3.000000e-004	
2489	2.250000e-004	
2490	3.250000e-004	
2491	3.250000e-004	
2492	4.000000e-004	
2493	6.500000e-004	
2494	5.000000e-004	
2495	3.500000e-004	
2496	3.500000e-004	
2497	3.000000e-004	
2498	4.000000e-004	
2499	4.000000e-004	
2500	3.250000e-004	
2501	3.500000e-004	
2502	3.250000e-004	
2503	2.500000e-004	
2504	2.500000e-004	
2505	3.000000e-004	
2506	3.250000e-004	
2507	3.750000e-004	
2508	3.250000e-004	
2509	2.500000e-004	
2510	4.000000e-004	
2511	2.250000e-004	
2512	1.250000e-004	
2513	1.000000e-004	
2514	2.500000e-005	
2515	0	
2516	0	
2517	0	
2518	0	
2519	0	
2520	0	
2521	0	
2522	0	
2523	0	
2524	0	
2525	0	
2526	0	
2527	0	
2528	0	
2529	0	
2530	0	
2531	0	
2532	0	
2533	0	
2534	0	
2535	0	
2536	0	
2537	0	
2538	0	
2539	0	
2540	0	
2541	0	
2542	0	
2543	0	
2544	0	
2545	0	
2546	0	
2547	0	
2548	0	
2549	0	
2550	0	
2551	0	
2552	0	
2553	0	
2554	0	
2555	0	
2556	0	
2557	0	
2558	0	
2559	0	
2560	0	
2561	0	
2562	0	
2563	0	
2564	0	
2565	0	
2566	0	
2567	0	
2568	0	
2569	0	
2570	0	
2571	0	
2572	0	
2573	0	
2574	0	
2575	0	
2576	0	
2577	0	
2578	0	
2579	0	
2580	0	
2581	2.500000e-005	
2582	2.500000e-005	
2583	0	
2584	0	
2585	0	
2586	0	
2587	0	
2588	0	
2589	0	
2590	0	
2591	0	
2592	0	
2593	0	
2594	0	
2595	0	
2596	0	
2597	0	
2598	0	
2599	0	
2600	0	
2601	0	
2602	0	
2603	0	
2604	0	
2605	0	
2606	0	
2607	0	
2608	0	
2609	0	
2610	0	
2611	0	
2612	0	
2613	0	
2614	0	
2615	0	
2616	0	
2617	0	
2618	0	
2619	0	
2620	0	
2621	0	
2622	0	
2623	0	
2624	0	
2625	0	
2626	0	
2627	0	
2628	0	
2629	0	
2630	0	
2631	2.500000e-005	
2632	5.000000e-005	
2633	5.000000e-005	
2634	5.000000e-005	
2635	2.500000e-005	
2636	2.500000e-005	
2637	7.500000e-005	
2638	7.500000e-005	
2639	2.500000e-005	
2640	5.000000e-005	
2641	7.500000e-005	
2642	5.000000e-005	
2643	2.500000e-005	
2644	2.500000e-005	
2645	0	
2646	0	
2647	0	
2648	0	
2649	0	
2650	0	
2651	0	
2652	0	
2653	0	
2654	0	
2655	0	
2656	0	
2657	0	
2658	0	
2659	0	
2660	0	
2661	0	
2662	0	
2663	0	
2664	0	
2665	0	
2666	0	
2667	0	
2668	0	
2669	0	
2670	0	
2671	0	
2672	0	
2673	0	
2674	0	
2675	0	
2676	0	
2677	0	
2678	0	
2679	0	
2680	0	
2681	0	
2682	0	
2683	0	
2684	0	
2685	0	
2686	0	
2687	0	
2688	0	
2689	0	
2690	0	
2691	0	
2692	0	
2693	0	
2694	0	
2695	0	
2696	0	
2697	0	
2698	0	
2699	0	
2700	0	
2701	0	
2702	0	
2703	0	
2704	0	
2705	0	
2706	0	
2707	0	
2708	2.500000e-005	
2709	5.000000e-005	
2710	0	
2711	0	
2712	0	
2713	2.500000e-005	
2714	2.500000e-005	
2715	0	
2716	0	
2717	0	
2718	0	
2719	0	
2720	0	
2721	0	
2722	0	
2723	0	
2724	0	
2725	0	
2726	0	
2727	0	
2728	0	
2729	0	
2730	0	
2731	0	
2732	0	
2733	0	
2734	0	
2735	0	
2736	0	
2737	0	
2738	0	
2739	0	
2740	0	
2741	0	
2742	0	
2743	0	
2744	0	
2745	0	
2746	0	
2747	0	
2748	0	
2749	0	
2750	0	
2751	0	
2752	0	
2753	0	
2754	0	
2755	0	
2756	0	
2757	0	
2758	0	
2759	0	
2760	0	
2761	0	
2762	0	
2763	0	
2764	0	
2765	0	
2766	0	
2767	0	
2768	0	
2769	0	
2770	0	
2771	0	
2772	0	
2773	0	
2774	0	
2775	0	
2776	0	
2777	0	
2778	0	
2779	0	
2780	0	
2781	0	
2782	0	
2783	5.000000e-005	
2784	2.500000e-005	
2785	2.500000e-005	
2786	2.500000e-005	
2787	5.000000e-005	
2788	5.000000e-005	
2789	5.000000e-005	
2790	7.500000e-005	
2791	1.000000e-004	
2792	7.500000e-005	
2793	2.500000e-005	
2794	5.000000e-005	
2795	1.000000e-004	
2796	2.250000e-004	
2797	2.500000e-004	
2798	3.750000e-004	
2799	4.750000e-004	
2800	3.750000e-004	
2801	2.000000e-004	
2802	2.750000e-004	
2803	3.250000e-004	
2804	3.750000e-004	
2805	2.250000e-004	
2806	2.250000e-004	
2807	2.250000e-004	
2808	1.750000e-004	
2809	1.750000e-004	
2810	2.000000e-004	
2811	1.250000e-004	
2812	2.000000e-004	
2813	2.000000e-004	
2814	2.750000e-004	
2815	2.500000e-004	
2816	4.250000e-004	
2817	3.250000e-004	
2818	3.000000e-004	
2819	2.500000e-004	
2820	1.250000e-004	
2821	1.250000e-004	
2822	1.250000e-004	
2823	7.500000e-005	
2824	5.000000e-005	
2825	7.500000e-005	
2826	1.750000e-004	
2827	2.750000e-004	
2828	2.750000e-004	
2829	3.250000e-004	
2830	3.250000e-004	
2831	3.750000e-004	
2832	4.250000e-004	
2833	3.000000e-004	
2834	3.750000e-004	
2835	4.500000e-004	
2836	3.000000e-004	
2837	3.250000e-004	
2838	2.750000e-004	
2839	3.250000e-004	
2840	2.750000e-004	
2841	3.250000e-004	
2842	3.250000e-004	
2843	3.750000e-004	
2844	3.750000e-004	
2845	3.500000e-004	
2846	3.500000e-004	
2847	2.750000e-004	
2848	3.000000e-004	
2849	4.250000e-004	
2850	4.750000e-004	
2851	5.500000e-004	
2852	5.750000e-004	
2853	4.750000e-004	
2854	5.250000e-004	
2855	5.250000e-004	
2856	4.750000e-004	
2857	4.750000e-004	
2858	5.000000e-004	
2859	5.750000e-004	
2860	6.000000e-004	
2861	6.750000e-004	
2862	6.250000e-004	
2863	7.250000e-004	
2864	6.000000e-004	
2865	6.000000e-004	
2866	6.750000e-004	
2867	8.750000e-004	
2868	6.250000e-004	
2869	7.500000e-004	
2870	8.250000e-004	
2871	8.750000e-004	
2872	1.025000e-003	
2873	1.050000e-003	
2874	9.750000e-004	
2875	1.050000e-003	
2876	1.100000e-003	
2877	1.375000e-003	
2878	1.225000e-003	
2879	1.425000e-003	
2880	1.225000e-003	
2881	1.425000e-003	
2882	1.225000e-003	
2883	1.375000e-003	
2884	1.300000e-003	
2885	1.275000e-003	
2886	1.400000e-003	
2887	1.450000e-003	
2888	1.325000e-003	
2889	1.650000e-003	
2890	1.375000e-003	
2891	1.475000e-003	
2892	1.150000e-003	
2893	1.100000e-003	
2894	1.450000e-003	
2895	1.550000e-003	
2896	1.650000e-003	
2897	1.650000e-003	
2898	1.300000e-003	
2899	1.550000e-003	
2900	1.925000e-003	
2901	1.925000e-003	
2902	1.900000e-003	
2903	1.850000e-003	
2904	1.925000e-003	
2905	2.100000e-003	
2906	1.750000e-003	
2907	1.850000e-003	
2908	1.775000e-003	
2909	1.675000e-003	
2910	1.925000e-003	
2911	2.150000e-003	
2912	2.150000e-003	
2913	2.075000e-003	
2914	2.025000e-003	
2915	1.800000e-003	
2916	1.925000e-003	
2917	1.900000e-003	
2918	1.925000e-003	
2919	1.625000e-003	
2920	1.700000e-003	
2921	1.750000e-003	
2922	1.950000e-003	
2923	2.000000e-003	
2924	1.650000e-003	
2925	1.850000e-003	
2926	1.825000e-003	
2927	1.925000e-003	
2928	2.000000e-003	
2929	2.100000e-003	
2930	2.175000e-003	
2931	2.150000e-003	
2932	1.950000e-003	
2933	1.950000e-003	
2934	1.975000e-003	
2935	1.975000e-003	
2936	2.000000e-003	
2937	1.800000e-003	
2938	1.725000e-003	
2939	1.950000e-003	
2940	1.875000e-003	
2941	1.800000e-003	
2942	2.025000e-003	
2943	2.125000e-003	
2944	1.975000e-003	
2945	1.900000e-003	
2946	1.900000e-003	
2947	1.650000e-003	
2948	1.850000e-003	
2949	1.850000e-003	
2950	1.250000e-003	
2951	1.275000e-003	
2952	1.500000e-003	
2953	1.125000e-003	
2954	1.050000e-003	
2955	8.750000e-004	
2956	1.075000e-003	
2957	1.125000e-003	
2958	1.050000e-003	
2959	1.075000e-003	
2960	1.125000e-003	
2961	1.275000e-003	
2962	1.100000e-003	
2963	1.375000e-003	
2964	1.175000e-003	
2965	1.150000e-003	
2966	1.225000e-003	
2967	9.750000e-004	
2968	1.125000e-003	
2969	9.000000e-004	
2970	7.750000e-004	
2971	8.750000e-004	
2972	1.000000e-003	
2973	1.200000e-003	
2974	1.300000e-003	
2975	1.350000e-003	
2976	1.575000e-003	
2977	1.825000e-003	
2978	2.050000e-003	
2979	2.225000e-003	
2980	1.925000e-003	
2981	2.150000e-003	
2982	2.125000e-003	
2983	2.200000e-003	
2984	2.425000e-003	
2985	2.350000e-003	
2986	2.425000e-003	
2987	2.300000e-003	
2988	1.900000e-003	
2989	2.125000e-003	
2990	2.075000e-003	
2991	2.050000e-003	
2992	1.975000e-003	
2993	2.025000e-003	
2994	1.875000e-003	
2995	2.075000e-003	
2996	2.075000e-003	
2997	1.825000e-003	
2998	1.800000e-003	
2999	1.950000e-003	
3000	2.525000e-003	
3001	2.125000e-003	
