1	0	
2	0	
3	0	
4	0	
5	0	
6	0	
7	0	
8	0	
9	0	
10	0	
11	0	
12	0	
13	0	
14	0	
15	0	
16	0	
17	0	
18	0	
19	0	
20	0	
21	0	
22	0	
23	0	
24	0	
25	0	
26	0	
27	0	
28	0	
29	0	
30	0	
31	0	
32	0	
33	0	
34	0	
35	0	
36	0	
37	0	
38	0	
39	0	
40	0	
41	0	
42	0	
43	0	
44	0	
45	0	
46	0	
47	0	
48	0	
49	0	
50	0	
51	0	
52	0	
53	0	
54	0	
55	0	
56	0	
57	0	
58	0	
59	0	
60	0	
61	0	
62	0	
63	0	
64	0	
65	0	
66	0	
67	0	
68	0	
69	0	
70	0	
71	0	
72	0	
73	0	
74	0	
75	0	
76	0	
77	0	
78	0	
79	0	
80	0	
81	0	
82	0	
83	0	
84	0	
85	0	
86	0	
87	0	
88	0	
89	0	
90	0	
91	0	
92	0	
93	0	
94	0	
95	0	
96	0	
97	0	
98	0	
99	0	
100	0	
101	0	
102	0	
103	0	
104	0	
105	0	
106	0	
107	0	
108	0	
109	0	
110	0	
111	0	
112	0	
113	0	
114	0	
115	0	
116	0	
117	2.500000e-005	
118	1.250000e-004	
119	1.500000e-004	
120	2.250000e-004	
121	3.500000e-004	
122	4.250000e-004	
123	5.000000e-004	
124	6.000000e-004	
125	6.750000e-004	
126	7.250000e-004	
127	1.000000e-003	
128	1.000000e-003	
129	9.750000e-004	
130	1.075000e-003	
131	1.200000e-003	
132	1.325000e-003	
133	1.750000e-003	
134	1.900000e-003	
135	2.550000e-003	
136	3.000000e-003	
137	2.975000e-003	
138	3.500000e-003	
139	3.575000e-003	
140	3.850000e-003	
141	4.125000e-003	
142	4.200000e-003	
143	4.450000e-003	
144	4.750000e-003	
145	4.925000e-003	
146	5.300000e-003	
147	6.225000e-003	
148	6.575000e-003	
149	7.150000e-003	
150	6.700000e-003	
151	6.550000e-003	
152	6.775000e-003	
153	7.100000e-003	
154	7.450000e-003	
155	7.675000e-003	
156	8.225000e-003	
157	8.675000e-003	
158	9.200000e-003	
159	9.450000e-003	
160	1.007500e-002	
161	9.200000e-003	
162	9.500000e-003	
163	8.650000e-003	
164	9.100000e-003	
165	1.040000e-002	
166	1.047500e-002	
167	1.070000e-002	
168	1.112500e-002	
169	1.175000e-002	
170	1.170000e-002	
171	1.155000e-002	
172	1.132500e-002	
173	1.110000e-002	
174	1.112500e-002	
175	1.115000e-002	
176	1.067500e-002	
177	1.037500e-002	
178	1.010000e-002	
179	9.125000e-003	
180	9.050000e-003	
181	8.975000e-003	
182	8.925000e-003	
183	8.600000e-003	
184	9.125000e-003	
185	9.600000e-003	
186	9.275000e-003	
187	8.950000e-003	
188	8.700000e-003	
189	8.825000e-003	
190	9.225000e-003	
191	8.925000e-003	
192	8.775000e-003	
193	8.275000e-003	
194	7.650000e-003	
195	7.600000e-003	
196	7.050000e-003	
197	6.600000e-003	
198	5.975000e-003	
199	5.125000e-003	
200	4.525000e-003	
201	4.325000e-003	
202	4.100000e-003	
203	3.875000e-003	
204	3.525000e-003	
205	3.475000e-003	
206	2.525000e-003	
207	1.375000e-003	
208	6.750000e-004	
209	1.750000e-004	
210	1.250000e-004	
211	1.250000e-004	
212	7.500000e-005	
213	7.500000e-005	
214	0	
215	0	
216	0	
217	0	
218	0	
219	0	
220	0	
221	0	
222	0	
223	0	
224	0	
225	0	
226	0	
227	0	
228	0	
229	0	
230	0	
231	0	
232	0	
233	0	
234	0	
235	0	
236	0	
237	0	
238	0	
239	0	
240	0	
241	0	
242	0	
243	0	
244	0	
245	0	
246	0	
247	0	
248	0	
249	0	
250	0	
251	0	
252	0	
253	0	
254	0	
255	0	
256	0	
257	0	
258	0	
259	0	
260	0	
261	0	
262	0	
263	0	
264	0	
265	0	
266	0	
267	0	
268	0	
269	0	
270	0	
271	0	
272	0	
273	0	
274	0	
275	0	
276	0	
277	0	
278	0	
279	0	
280	0	
281	0	
282	0	
283	0	
284	0	
285	0	
286	0	
287	0	
288	0	
289	0	
290	0	
291	0	
292	0	
293	0	
294	0	
295	0	
296	0	
297	0	
298	0	
299	0	
300	0	
301	0	
302	0	
303	0	
304	0	
305	0	
306	0	
307	0	
308	0	
309	0	
310	0	
311	0	
312	0	
313	0	
314	0	
315	0	
316	0	
317	0	
318	0	
319	0	
320	0	
321	0	
322	0	
323	0	
324	2.500000e-005	
325	5.000000e-005	
326	5.000000e-005	
327	5.000000e-005	
328	2.500000e-005	
329	2.500000e-005	
330	0	
331	0	
332	0	
333	0	
334	0	
335	0	
336	0	
337	0	
338	0	
339	0	
340	0	
341	0	
342	0	
343	0	
344	0	
345	0	
346	0	
347	2.500000e-005	
348	5.000000e-005	
349	0	
350	0	
351	0	
352	0	
353	0	
354	0	
355	0	
356	0	
357	0	
358	0	
359	0	
360	0	
361	0	
362	0	
363	0	
364	0	
365	0	
366	0	
367	0	
368	0	
369	0	
370	0	
371	0	
372	0	
373	0	
374	0	
375	0	
376	0	
377	0	
378	0	
379	0	
380	0	
381	0	
382	0	
383	0	
384	0	
385	0	
386	0	
387	0	
388	0	
389	0	
390	0	
391	0	
392	0	
393	0	
394	0	
395	0	
396	0	
397	0	
398	0	
399	0	
400	0	
401	0	
402	0	
403	0	
404	0	
405	0	
406	0	
407	0	
408	0	
409	0	
410	0	
411	0	
412	0	
413	0	
414	0	
415	0	
416	0	
417	0	
418	0	
419	0	
420	0	
421	0	
422	0	
423	0	
424	0	
425	0	
426	0	
427	0	
428	0	
429	2.500000e-005	
430	7.500000e-005	
431	5.000000e-005	
432	2.500000e-005	
433	5.000000e-005	
434	2.500000e-005	
435	2.500000e-005	
436	5.000000e-005	
437	5.000000e-005	
438	5.000000e-005	
439	2.500000e-005	
440	0	
441	0	
442	0	
443	0	
444	0	
445	0	
446	0	
447	0	
448	0	
449	0	
450	0	
451	0	
452	0	
453	0	
454	0	
455	0	
456	0	
457	0	
458	0	
459	0	
460	0	
461	0	
462	0	
463	2.500000e-005	
464	5.000000e-005	
465	1.000000e-004	
466	5.000000e-005	
467	0	
468	0	
469	0	
470	0	
471	0	
472	0	
473	0	
474	0	
475	0	
476	0	
477	0	
478	0	
479	0	
480	0	
481	0	
482	0	
483	0	
484	0	
485	0	
486	0	
487	0	
488	0	
489	0	
490	0	
491	0	
492	0	
493	0	
494	0	
495	0	
496	0	
497	0	
498	0	
499	0	
500	0	
501	0	
502	0	
503	0	
504	0	
505	0	
506	0	
507	0	
508	2.500000e-005	
509	7.500000e-005	
510	7.500000e-005	
511	7.500000e-005	
512	1.000000e-004	
513	1.000000e-004	
514	2.500000e-005	
515	0	
516	0	
517	0	
518	0	
519	0	
520	0	
521	0	
522	0	
523	0	
524	0	
525	0	
526	0	
527	0	
528	0	
529	2.500000e-005	
530	7.500000e-005	
531	5.000000e-005	
532	5.000000e-005	
533	7.500000e-005	
534	0	
535	0	
536	0	
537	0	
538	0	
539	0	
540	0	
541	0	
542	0	
543	0	
544	0	
545	0	
546	0	
547	0	
548	0	
549	0	
550	0	
551	2.500000e-005	
552	1.250000e-004	
553	7.500000e-005	
554	5.000000e-005	
555	7.500000e-005	
556	7.500000e-005	
557	1.500000e-004	
558	7.500000e-005	
559	1.250000e-004	
560	2.500000e-005	
561	2.500000e-005	
562	2.500000e-005	
563	0	
564	0	
565	0	
566	0	
567	0	
568	0	
569	0	
570	0	
571	0	
572	0	
573	0	
574	0	
575	0	
576	0	
577	0	
578	0	
579	0	
580	0	
581	0	
582	0	
583	0	
584	0	
585	0	
586	0	
587	0	
588	0	
589	0	
590	0	
591	0	
592	0	
593	0	
594	0	
595	0	
596	0	
597	0	
598	0	
599	0	
600	0	
601	0	
602	0	
603	0	
604	0	
605	0	
606	0	
607	0	
608	0	
609	0	
610	0	
611	0	
612	0	
613	0	
614	0	
615	0	
616	0	
617	0	
618	0	
619	0	
620	0	
621	0	
622	0	
623	0	
624	0	
625	0	
626	0	
627	0	
628	0	
629	0	
630	0	
631	0	
632	0	
633	0	
634	0	
635	0	
636	0	
637	0	
638	0	
639	0	
640	0	
641	0	
642	0	
643	0	
644	0	
645	0	
646	0	
647	0	
648	0	
649	0	
650	0	
651	0	
652	0	
653	0	
654	0	
655	0	
656	0	
657	0	
658	0	
659	0	
660	0	
661	0	
662	0	
663	0	
664	2.500000e-005	
665	1.000000e-004	
666	1.500000e-004	
667	1.750000e-004	
668	7.500000e-005	
669	7.500000e-005	
670	7.500000e-005	
671	1.000000e-004	
672	5.000000e-005	
673	1.000000e-004	
674	2.500000e-005	
675	2.500000e-005	
676	2.500000e-005	
677	5.000000e-005	
678	1.000000e-004	
679	1.500000e-004	
680	1.500000e-004	
681	1.250000e-004	
682	1.000000e-004	
683	5.000000e-005	
684	5.000000e-005	
685	1.000000e-004	
686	5.000000e-005	
687	5.000000e-005	
688	5.000000e-005	
689	7.500000e-005	
690	5.000000e-005	
691	2.500000e-005	
692	7.500000e-005	
693	7.500000e-005	
694	1.000000e-004	
695	1.500000e-004	
696	1.500000e-004	
697	2.250000e-004	
698	1.750000e-004	
699	1.500000e-004	
700	1.000000e-004	
701	1.500000e-004	
702	1.500000e-004	
703	1.500000e-004	
704	2.250000e-004	
705	3.000000e-004	
706	2.750000e-004	
707	2.250000e-004	
708	3.000000e-004	
709	3.000000e-004	
710	3.250000e-004	
711	2.250000e-004	
712	3.750000e-004	
713	2.500000e-004	
714	2.500000e-004	
715	3.000000e-004	
716	3.750000e-004	
717	2.250000e-004	
718	2.000000e-004	
719	2.000000e-004	
720	2.500000e-004	
721	2.250000e-004	
722	3.500000e-004	
723	2.750000e-004	
724	3.250000e-004	
725	4.250000e-004	
726	4.500000e-004	
727	3.750000e-004	
728	5.000000e-004	
729	5.000000e-004	
730	6.250000e-004	
731	7.000000e-004	
732	7.250000e-004	
733	7.750000e-004	
734	6.750000e-004	
735	6.750000e-004	
736	5.750000e-004	
737	6.750000e-004	
738	8.750000e-004	
739	1.025000e-003	
740	1.075000e-003	
741	1.025000e-003	
742	1.150000e-003	
743	1.350000e-003	
744	1.475000e-003	
745	1.425000e-003	
746	1.425000e-003	
747	1.550000e-003	
748	1.225000e-003	
749	1.650000e-003	
750	1.525000e-003	
751	1.675000e-003	
752	1.850000e-003	
753	1.950000e-003	
754	2.125000e-003	
755	2.475000e-003	
756	2.250000e-003	
757	2.025000e-003	
758	2.125000e-003	
759	2.800000e-003	
760	2.800000e-003	
761	3.000000e-003	
762	2.425000e-003	
763	2.950000e-003	
764	3.150000e-003	
765	3.250000e-003	
766	3.375000e-003	
767	3.450000e-003	
768	3.775000e-003	
769	3.275000e-003	
770	3.250000e-003	
771	3.725000e-003	
772	3.925000e-003	
773	3.900000e-003	
774	3.900000e-003	
775	3.675000e-003	
776	3.900000e-003	
777	3.775000e-003	
778	4.025000e-003	
779	4.575000e-003	
780	4.650000e-003	
781	4.475000e-003	
782	3.975000e-003	
783	4.375000e-003	
784	4.925000e-003	
785	4.325000e-003	
786	3.975000e-003	
787	3.900000e-003	
788	3.975000e-003	
789	4.250000e-003	
790	4.775000e-003	
791	4.700000e-003	
792	4.600000e-003	
793	4.400000e-003	
794	4.200000e-003	
795	4.625000e-003	
796	4.700000e-003	
797	4.575000e-003	
798	4.300000e-003	
799	3.850000e-003	
800	4.150000e-003	
801	3.975000e-003	
802	4.325000e-003	
803	4.175000e-003	
804	4.500000e-003	
805	4.225000e-003	
806	4.250000e-003	
807	4.425000e-003	
808	4.700000e-003	
809	4.625000e-003	
810	4.675000e-003	
811	5.025000e-003	
812	5.600000e-003	
813	5.650000e-003	
814	5.200000e-003	
815	4.925000e-003	
816	5.450000e-003	
817	5.125000e-003	
818	4.850000e-003	
819	4.150000e-003	
820	4.325000e-003	
821	4.400000e-003	
822	4.200000e-003	
823	4.000000e-003	
824	4.575000e-003	
825	4.425000e-003	
826	5.150000e-003	
827	4.625000e-003	
828	4.725000e-003	
829	5.025000e-003	
830	5.225000e-003	
831	5.875000e-003	
832	6.075000e-003	
833	6.225000e-003	
834	5.625000e-003	
835	5.900000e-003	
836	5.400000e-003	
837	4.850000e-003	
838	4.200000e-003	
839	3.725000e-003	
840	4.000000e-003	
841	4.125000e-003	
842	3.850000e-003	
843	3.275000e-003	
844	3.125000e-003	
845	2.675000e-003	
846	2.750000e-003	
847	2.625000e-003	
848	2.200000e-003	
849	1.825000e-003	
850	1.425000e-003	
851	1.125000e-003	
852	1.125000e-003	
853	8.500000e-004	
854	5.750000e-004	
855	3.000000e-004	
856	3.750000e-004	
857	3.000000e-004	
858	2.750000e-004	
859	4.000000e-004	
860	4.000000e-004	
861	5.000000e-004	
862	3.000000e-004	
863	2.250000e-004	
864	3.000000e-004	
865	1.750000e-004	
866	7.500000e-005	
867	1.000000e-004	
868	2.500000e-005	
869	0	
870	0	
871	0	
872	0	
873	0	
874	0	
875	0	
876	0	
877	0	
878	0	
879	0	
880	0	
881	0	
882	0	
883	0	
884	0	
885	0	
886	0	
887	0	
888	0	
889	0	
890	0	
891	0	
892	0	
893	0	
894	0	
895	0	
896	0	
897	0	
898	0	
899	0	
900	0	
901	0	
902	0	
903	0	
904	0	
905	0	
906	0	
907	0	
908	0	
909	0	
910	0	
911	0	
912	0	
913	0	
914	0	
915	0	
916	0	
917	0	
918	0	
919	0	
920	0	
921	0	
922	0	
923	0	
924	0	
925	0	
926	0	
927	0	
928	0	
929	0	
930	0	
931	0	
932	0	
933	0	
934	0	
935	0	
936	0	
937	0	
938	0	
939	0	
940	0	
941	0	
942	0	
943	0	
944	0	
945	0	
946	0	
947	0	
948	0	
949	0	
950	0	
951	0	
952	0	
953	0	
954	0	
955	0	
956	0	
957	0	
958	0	
959	0	
960	0	
961	0	
962	0	
963	0	
964	0	
965	0	
966	0	
967	0	
968	0	
969	0	
970	0	
971	0	
972	0	
973	0	
974	0	
975	0	
976	0	
977	0	
978	0	
979	0	
980	0	
981	2.500000e-005	
982	2.500000e-005	
983	7.500000e-005	
984	2.500000e-005	
985	0	
986	2.500000e-005	
987	0	
988	0	
989	0	
990	0	
991	0	
992	0	
993	0	
994	0	
995	0	
996	0	
997	0	
998	0	
999	0	
1000	0	
1001	0	
1002	0	
1003	0	
1004	0	
1005	0	
1006	0	
1007	0	
1008	0	
1009	0	
1010	0	
1011	0	
1012	0	
1013	0	
1014	0	
1015	0	
1016	0	
1017	0	
1018	0	
1019	0	
1020	0	
1021	0	
1022	0	
1023	0	
1024	0	
1025	0	
1026	0	
1027	0	
1028	0	
1029	0	
1030	0	
1031	0	
1032	0	
1033	0	
1034	0	
1035	0	
1036	0	
1037	0	
1038	0	
1039	0	
1040	0	
1041	0	
1042	0	
1043	0	
1044	0	
1045	0	
1046	0	
1047	0	
1048	0	
1049	0	
1050	0	
1051	0	
1052	0	
1053	0	
1054	0	
1055	0	
1056	0	
1057	0	
1058	0	
1059	0	
1060	0	
1061	0	
1062	0	
1063	0	
1064	0	
1065	0	
1066	0	
1067	0	
1068	0	
1069	0	
1070	0	
1071	0	
1072	0	
1073	0	
1074	0	
1075	0	
1076	0	
1077	0	
1078	0	
1079	0	
1080	0	
1081	0	
1082	0	
1083	0	
1084	0	
1085	0	
1086	0	
1087	0	
1088	0	
1089	0	
1090	0	
1091	0	
1092	0	
1093	0	
1094	0	
1095	0	
1096	0	
1097	0	
1098	0	
1099	0	
1100	0	
1101	0	
1102	0	
1103	0	
1104	0	
1105	0	
1106	0	
1107	0	
1108	0	
1109	0	
1110	0	
1111	0	
1112	0	
1113	0	
1114	0	
1115	0	
1116	0	
1117	0	
1118	0	
1119	0	
1120	0	
1121	0	
1122	0	
1123	0	
1124	0	
1125	0	
1126	0	
1127	0	
1128	0	
1129	0	
1130	0	
1131	0	
1132	0	
1133	0	
1134	0	
1135	0	
1136	0	
1137	0	
1138	0	
1139	0	
1140	0	
1141	0	
1142	0	
1143	0	
1144	0	
1145	0	
1146	0	
1147	0	
1148	0	
1149	0	
1150	0	
1151	0	
1152	2.500000e-005	
1153	2.500000e-005	
1154	0	
1155	0	
1156	0	
1157	0	
1158	0	
1159	2.500000e-005	
1160	2.500000e-005	
1161	2.500000e-005	
1162	5.000000e-005	
1163	2.500000e-005	
1164	7.500000e-005	
1165	5.000000e-005	
1166	7.500000e-005	
1167	7.500000e-005	
1168	2.500000e-005	
1169	2.500000e-005	
1170	7.500000e-005	
1171	2.500000e-005	
1172	2.500000e-005	
1173	2.500000e-005	
1174	2.500000e-005	
1175	5.000000e-005	
1176	1.250000e-004	
1177	2.500000e-005	
1178	2.500000e-005	
1179	7.500000e-005	
1180	5.000000e-005	
1181	0	
1182	0	
1183	0	
1184	0	
1185	0	
1186	0	
1187	0	
1188	0	
1189	0	
1190	0	
1191	0	
1192	0	
1193	0	
1194	0	
1195	0	
1196	0	
1197	0	
1198	2.500000e-005	
1199	2.500000e-005	
1200	7.500000e-005	
1201	7.500000e-005	
1202	7.500000e-005	
1203	1.750000e-004	
1204	2.500000e-004	
1205	2.500000e-004	
1206	1.500000e-004	
1207	1.750000e-004	
1208	1.500000e-004	
1209	1.000000e-004	
1210	5.000000e-005	
1211	7.500000e-005	
1212	1.250000e-004	
1213	1.250000e-004	
1214	2.500000e-004	
1215	2.250000e-004	
1216	2.250000e-004	
1217	2.500000e-004	
1218	1.750000e-004	
1219	2.000000e-004	
1220	2.750000e-004	
1221	3.250000e-004	
1222	2.500000e-004	
1223	3.000000e-004	
1224	2.500000e-004	
1225	1.500000e-004	
1226	2.250000e-004	
1227	1.500000e-004	
1228	7.500000e-005	
1229	1.000000e-004	
1230	1.250000e-004	
1231	1.500000e-004	
1232	1.250000e-004	
1233	1.250000e-004	
1234	2.000000e-004	
1235	1.750000e-004	
1236	7.500000e-005	
1237	1.000000e-004	
1238	2.000000e-004	
1239	2.500000e-004	
1240	2.750000e-004	
1241	2.500000e-004	
1242	2.250000e-004	
1243	2.250000e-004	
1244	3.000000e-004	
1245	2.750000e-004	
1246	4.000000e-004	
1247	5.500000e-004	
1248	5.250000e-004	
1249	5.000000e-004	
1250	5.000000e-004	
1251	5.750000e-004	
1252	3.750000e-004	
1253	2.750000e-004	
1254	2.250000e-004	
1255	4.250000e-004	
1256	4.500000e-004	
1257	3.250000e-004	
1258	6.250000e-004	
1259	7.750000e-004	
1260	8.000000e-004	
1261	8.000000e-004	
1262	6.000000e-004	
1263	6.750000e-004	
1264	6.500000e-004	
1265	6.500000e-004	
1266	8.250000e-004	
1267	6.500000e-004	
1268	7.500000e-004	
1269	1.050000e-003	
1270	8.750000e-004	
1271	7.000000e-004	
1272	7.250000e-004	
1273	9.500000e-004	
1274	1.175000e-003	
1275	9.500000e-004	
1276	1.150000e-003	
1277	1.175000e-003	
1278	1.375000e-003	
1279	1.325000e-003	
1280	1.050000e-003	
1281	1.150000e-003	
1282	1.100000e-003	
1283	1.475000e-003	
1284	1.325000e-003	
1285	1.025000e-003	
1286	1.150000e-003	
1287	1.125000e-003	
1288	1.175000e-003	
1289	1.225000e-003	
1290	1.400000e-003	
1291	1.350000e-003	
1292	1.325000e-003	
1293	1.150000e-003	
1294	1.275000e-003	
1295	1.625000e-003	
1296	1.850000e-003	
1297	1.725000e-003	
1298	1.725000e-003	
1299	1.650000e-003	
1300	1.725000e-003	
1301	1.675000e-003	
1302	1.725000e-003	
1303	1.850000e-003	
1304	1.900000e-003	
1305	2.075000e-003	
1306	2.025000e-003	
1307	1.850000e-003	
1308	1.725000e-003	
1309	2.225000e-003	
1310	2.150000e-003	
1311	1.925000e-003	
1312	2.075000e-003	
1313	1.950000e-003	
1314	1.850000e-003	
1315	1.750000e-003	
1316	1.650000e-003	
1317	1.750000e-003	
1318	1.600000e-003	
1319	1.700000e-003	
1320	1.575000e-003	
1321	1.725000e-003	
1322	1.800000e-003	
1323	2.025000e-003	
1324	1.825000e-003	
1325	1.675000e-003	
1326	1.775000e-003	
1327	1.700000e-003	
1328	1.800000e-003	
1329	2.000000e-003	
1330	1.700000e-003	
1331	1.925000e-003	
1332	1.825000e-003	
1333	2.250000e-003	
1334	2.200000e-003	
1335	2.375000e-003	
1336	2.300000e-003	
1337	2.400000e-003	
1338	2.575000e-003	
1339	2.950000e-003	
1340	2.975000e-003	
1341	2.650000e-003	
1342	2.625000e-003	
1343	2.575000e-003	
1344	2.650000e-003	
1345	3.275000e-003	
1346	3.725000e-003	
1347	3.725000e-003	
1348	4.050000e-003	
1349	4.350000e-003	
1350	4.325000e-003	
1351	4.275000e-003	
1352	4.025000e-003	
1353	3.550000e-003	
1354	3.725000e-003	
1355	3.450000e-003	
1356	3.975000e-003	
1357	4.100000e-003	
1358	4.050000e-003	
1359	3.225000e-003	
1360	3.325000e-003	
1361	3.525000e-003	
1362	2.975000e-003	
1363	3.025000e-003	
1364	3.375000e-003	
1365	3.200000e-003	
1366	2.950000e-003	
1367	2.825000e-003	
1368	2.750000e-003	
1369	2.600000e-003	
1370	2.850000e-003	
1371	3.075000e-003	
1372	2.850000e-003	
1373	2.750000e-003	
1374	2.675000e-003	
1375	2.725000e-003	
1376	2.750000e-003	
1377	2.300000e-003	
1378	2.225000e-003	
1379	2.450000e-003	
1380	2.325000e-003	
1381	2.675000e-003	
1382	2.525000e-003	
1383	2.525000e-003	
1384	2.250000e-003	
1385	2.300000e-003	
1386	2.250000e-003	
1387	2.175000e-003	
1388	2.450000e-003	
1389	2.450000e-003	
1390	2.850000e-003	
1391	2.900000e-003	
1392	2.250000e-003	
1393	2.250000e-003	
1394	2.550000e-003	
1395	2.525000e-003	
1396	2.775000e-003	
1397	2.450000e-003	
1398	2.275000e-003	
1399	2.450000e-003	
1400	2.600000e-003	
1401	2.750000e-003	
1402	2.825000e-003	
1403	2.850000e-003	
1404	2.625000e-003	
1405	2.200000e-003	
1406	2.125000e-003	
1407	1.825000e-003	
1408	2.025000e-003	
1409	1.650000e-003	
1410	1.700000e-003	
1411	1.750000e-003	
1412	2.050000e-003	
1413	2.100000e-003	
1414	2.350000e-003	
1415	2.275000e-003	
1416	2.150000e-003	
1417	1.800000e-003	
1418	1.375000e-003	
1419	1.425000e-003	
1420	1.125000e-003	
1421	9.750000e-004	
1422	7.750000e-004	
1423	9.500000e-004	
1424	9.000000e-004	
1425	1.125000e-003	
1426	1.150000e-003	
1427	8.000000e-004	
1428	8.500000e-004	
1429	9.000000e-004	
1430	8.000000e-004	
1431	9.000000e-004	
1432	1.050000e-003	
1433	8.250000e-004	
1434	1.000000e-003	
1435	9.000000e-004	
1436	9.500000e-004	
1437	9.250000e-004	
1438	1.000000e-003	
1439	7.750000e-004	
1440	9.000000e-004	
1441	1.000000e-003	
1442	9.250000e-004	
1443	8.000000e-004	
1444	8.000000e-004	
1445	7.500000e-004	
1446	5.500000e-004	
1447	6.500000e-004	
1448	7.500000e-004	
1449	8.750000e-004	
1450	5.750000e-004	
1451	4.750000e-004	
1452	3.750000e-004	
1453	3.250000e-004	
1454	4.000000e-004	
1455	5.500000e-004	
1456	3.500000e-004	
1457	2.500000e-004	
1458	1.750000e-004	
1459	1.250000e-004	
1460	1.250000e-004	
1461	7.500000e-005	
1462	1.000000e-004	
1463	0	
1464	0	
1465	0	
1466	0	
1467	0	
1468	0	
1469	0	
1470	0	
1471	0	
1472	0	
1473	0	
1474	0	
1475	0	
1476	0	
1477	0	
1478	0	
1479	0	
1480	0	
1481	0	
1482	0	
1483	0	
1484	0	
1485	0	
1486	0	
1487	0	
1488	0	
1489	0	
1490	0	
1491	0	
1492	0	
1493	0	
1494	0	
1495	0	
1496	0	
1497	0	
1498	0	
1499	0	
1500	0	
1501	0	
1502	0	
1503	0	
1504	0	
1505	0	
1506	0	
1507	0	
1508	0	
1509	0	
1510	0	
1511	0	
1512	0	
1513	0	
1514	0	
1515	0	
1516	0	
1517	0	
1518	0	
1519	0	
1520	0	
1521	0	
1522	0	
1523	0	
1524	0	
1525	0	
1526	0	
1527	0	
1528	0	
1529	0	
1530	0	
1531	0	
1532	0	
1533	0	
1534	0	
1535	0	
1536	0	
1537	0	
1538	0	
1539	0	
1540	0	
1541	0	
1542	0	
1543	0	
1544	0	
1545	0	
1546	0	
1547	0	
1548	0	
1549	0	
1550	0	
1551	0	
1552	0	
1553	0	
1554	0	
1555	0	
1556	0	
1557	0	
1558	0	
1559	0	
1560	0	
1561	0	
1562	0	
1563	0	
1564	0	
1565	0	
1566	0	
1567	0	
1568	0	
1569	0	
1570	0	
1571	0	
1572	0	
1573	0	
1574	0	
1575	0	
1576	0	
1577	0	
1578	0	
1579	0	
1580	0	
1581	0	
1582	0	
1583	0	
1584	0	
1585	0	
1586	0	
1587	0	
1588	0	
1589	0	
1590	0	
1591	0	
1592	0	
1593	0	
1594	0	
1595	0	
1596	0	
1597	0	
1598	0	
1599	0	
1600	0	
1601	0	
1602	0	
1603	0	
1604	0	
1605	0	
1606	0	
1607	0	
1608	0	
1609	0	
1610	0	
1611	0	
1612	0	
1613	0	
1614	0	
1615	0	
1616	0	
1617	0	
1618	0	
1619	0	
1620	0	
1621	0	
1622	0	
1623	0	
1624	0	
1625	0	
1626	0	
1627	0	
1628	0	
1629	0	
1630	0	
1631	0	
1632	0	
1633	0	
1634	0	
1635	0	
1636	0	
1637	0	
1638	0	
1639	0	
1640	0	
1641	0	
1642	0	
1643	0	
1644	0	
1645	0	
1646	0	
1647	0	
1648	0	
1649	0	
1650	0	
1651	0	
1652	0	
1653	0	
1654	0	
1655	0	
1656	0	
1657	0	
1658	0	
1659	0	
1660	0	
1661	0	
1662	0	
1663	0	
1664	0	
1665	0	
1666	0	
1667	0	
1668	0	
1669	0	
1670	0	
1671	0	
1672	0	
1673	0	
1674	0	
1675	0	
1676	0	
1677	0	
1678	0	
1679	0	
1680	0	
1681	0	
1682	0	
1683	0	
1684	0	
1685	0	
1686	0	
1687	0	
1688	0	
1689	0	
1690	0	
1691	0	
1692	0	
1693	0	
1694	0	
1695	0	
1696	0	
1697	0	
1698	0	
1699	0	
1700	0	
1701	0	
1702	0	
1703	0	
1704	0	
1705	0	
1706	0	
1707	0	
1708	0	
1709	0	
1710	0	
1711	0	
1712	0	
1713	0	
1714	0	
1715	0	
1716	0	
1717	0	
1718	0	
1719	0	
1720	0	
1721	0	
1722	0	
1723	0	
1724	0	
1725	0	
1726	0	
1727	0	
1728	0	
1729	0	
1730	0	
1731	0	
1732	0	
1733	0	
1734	0	
1735	0	
1736	0	
1737	0	
1738	0	
1739	0	
1740	0	
1741	0	
1742	0	
1743	0	
1744	0	
1745	0	
1746	0	
1747	0	
1748	0	
1749	0	
1750	0	
1751	0	
1752	0	
1753	0	
1754	0	
1755	0	
1756	0	
1757	0	
1758	0	
1759	0	
1760	0	
1761	0	
1762	0	
1763	0	
1764	0	
1765	0	
1766	0	
1767	0	
1768	0	
1769	0	
1770	0	
1771	0	
1772	0	
1773	0	
1774	0	
1775	0	
1776	0	
1777	0	
1778	0	
1779	0	
1780	0	
1781	0	
1782	0	
1783	0	
1784	0	
1785	0	
1786	0	
1787	0	
1788	0	
1789	0	
1790	0	
1791	0	
1792	0	
1793	0	
1794	0	
1795	0	
1796	0	
1797	0	
1798	0	
1799	0	
1800	0	
1801	0	
1802	0	
1803	0	
1804	0	
1805	0	
1806	0	
1807	0	
1808	0	
1809	0	
1810	0	
1811	0	
1812	0	
1813	0	
1814	0	
1815	0	
1816	0	
1817	0	
1818	2.500000e-005	
1819	7.500000e-005	
1820	5.000000e-005	
1821	2.500000e-005	
1822	2.500000e-005	
1823	2.500000e-005	
1824	2.500000e-005	
1825	0	
1826	0	
1827	0	
1828	0	
1829	0	
1830	0	
1831	0	
1832	0	
1833	0	
1834	0	
1835	0	
1836	0	
1837	0	
1838	0	
1839	0	
1840	0	
1841	0	
1842	0	
1843	0	
1844	0	
1845	0	
1846	0	
1847	0	
1848	0	
1849	0	
1850	0	
1851	0	
1852	0	
1853	0	
1854	0	
1855	0	
1856	0	
1857	0	
1858	0	
1859	0	
1860	0	
1861	0	
1862	0	
1863	0	
1864	0	
1865	0	
1866	0	
1867	0	
1868	0	
1869	0	
1870	0	
1871	0	
1872	0	
1873	0	
1874	0	
1875	0	
1876	0	
1877	0	
1878	0	
1879	0	
1880	0	
1881	0	
1882	0	
1883	0	
1884	0	
1885	0	
1886	0	
1887	0	
1888	0	
1889	0	
1890	0	
1891	0	
1892	0	
1893	0	
1894	0	
1895	0	
1896	0	
1897	0	
1898	0	
1899	0	
1900	0	
1901	0	
1902	2.500000e-005	
1903	7.500000e-005	
1904	1.250000e-004	
1905	1.000000e-004	
1906	1.250000e-004	
1907	2.250000e-004	
1908	3.000000e-004	
1909	4.250000e-004	
1910	5.000000e-004	
1911	4.750000e-004	
1912	5.000000e-004	
1913	4.000000e-004	
1914	4.000000e-004	
1915	4.000000e-004	
1916	5.500000e-004	
1917	6.500000e-004	
1918	6.500000e-004	
1919	7.250000e-004	
1920	7.750000e-004	
1921	8.250000e-004	
1922	9.750000e-004	
1923	9.000000e-004	
1924	1.200000e-003	
1925	1.150000e-003	
1926	1.325000e-003	
1927	1.100000e-003	
1928	1.175000e-003	
1929	1.175000e-003	
1930	1.225000e-003	
1931	1.225000e-003	
1932	1.100000e-003	
1933	1.225000e-003	
1934	1.375000e-003	
1935	1.475000e-003	
1936	1.500000e-003	
1937	1.375000e-003	
1938	1.250000e-003	
1939	1.375000e-003	
1940	1.350000e-003	
1941	1.775000e-003	
1942	2.125000e-003	
1943	2.275000e-003	
1944	2.625000e-003	
1945	2.600000e-003	
1946	2.450000e-003	
1947	2.625000e-003	
1948	2.900000e-003	
1949	2.350000e-003	
1950	2.350000e-003	
1951	2.550000e-003	
1952	2.800000e-003	
1953	2.800000e-003	
1954	2.850000e-003	
1955	2.850000e-003	
1956	2.950000e-003	
1957	3.500000e-003	
1958	3.450000e-003	
1959	3.750000e-003	
1960	3.800000e-003	
1961	3.400000e-003	
1962	3.225000e-003	
1963	3.750000e-003	
1964	3.775000e-003	
1965	4.125000e-003	
1966	3.575000e-003	
1967	3.675000e-003	
1968	3.675000e-003	
1969	4.225000e-003	
1970	4.350000e-003	
1971	4.300000e-003	
1972	4.575000e-003	
1973	4.650000e-003	
1974	4.725000e-003	
1975	4.775000e-003	
1976	4.625000e-003	
1977	4.250000e-003	
1978	4.575000e-003	
1979	4.950000e-003	
1980	4.750000e-003	
1981	5.050000e-003	
1982	5.100000e-003	
1983	4.775000e-003	
1984	4.225000e-003	
1985	4.375000e-003	
1986	4.875000e-003	
1987	5.100000e-003	
1988	5.100000e-003	
1989	5.075000e-003	
1990	5.150000e-003	
1991	5.400000e-003	
1992	5.800000e-003	
1993	5.875000e-003	
1994	5.900000e-003	
1995	5.825000e-003	
1996	6.000000e-003	
1997	5.625000e-003	
1998	5.475000e-003	
1999	5.775000e-003	
2000	6.450000e-003	
2001	5.975000e-003	
2002	5.825000e-003	
2003	6.000000e-003	
2004	5.900000e-003	
2005	5.925000e-003	
2006	5.650000e-003	
2007	5.575000e-003	
2008	6.050000e-003	
2009	7.150000e-003	
2010	7.100000e-003	
2011	6.725000e-003	
2012	6.800000e-003	
2013	6.725000e-003	
2014	6.125000e-003	
2015	5.825000e-003	
2016	6.300000e-003	
2017	6.225000e-003	
2018	6.125000e-003	
2019	5.650000e-003	
2020	4.700000e-003	
2021	4.375000e-003	
2022	4.775000e-003	
2023	4.850000e-003	
2024	5.300000e-003	
2025	4.450000e-003	
2026	3.825000e-003	
2027	3.475000e-003	
2028	3.425000e-003	
2029	2.525000e-003	
2030	2.575000e-003	
2031	2.075000e-003	
2032	1.875000e-003	
2033	2.125000e-003	
2034	1.975000e-003	
2035	1.825000e-003	
2036	1.950000e-003	
2037	1.950000e-003	
2038	1.650000e-003	
2039	1.250000e-003	
2040	1.325000e-003	
2041	1.100000e-003	
2042	1.100000e-003	
2043	1.075000e-003	
2044	1.050000e-003	
2045	1.100000e-003	
2046	1.050000e-003	
2047	1.100000e-003	
2048	6.500000e-004	
2049	5.250000e-004	
2050	4.250000e-004	
2051	3.750000e-004	
2052	1.000000e-004	
2053	0	
2054	0	
2055	0	
2056	0	
2057	0	
2058	0	
2059	0	
2060	0	
2061	0	
2062	0	
2063	0	
2064	0	
2065	0	
2066	0	
2067	0	
2068	0	
2069	0	
2070	0	
2071	0	
2072	0	
2073	0	
2074	0	
2075	0	
2076	0	
2077	0	
2078	0	
2079	0	
2080	0	
2081	0	
2082	0	
2083	0	
2084	0	
2085	0	
2086	0	
2087	0	
2088	0	
2089	0	
2090	0	
2091	0	
2092	0	
2093	0	
2094	0	
2095	0	
2096	0	
2097	0	
2098	0	
2099	0	
2100	0	
2101	0	
2102	0	
2103	0	
2104	0	
2105	0	
2106	0	
2107	0	
2108	0	
2109	0	
2110	0	
2111	0	
2112	0	
2113	0	
2114	0	
2115	0	
2116	0	
2117	0	
2118	0	
2119	0	
2120	0	
2121	0	
2122	0	
2123	0	
2124	0	
2125	0	
2126	0	
2127	0	
2128	0	
2129	0	
2130	0	
2131	0	
2132	0	
2133	0	
2134	0	
2135	0	
2136	0	
2137	0	
2138	0	
2139	0	
2140	0	
2141	0	
2142	0	
2143	0	
2144	0	
2145	0	
2146	0	
2147	0	
2148	0	
2149	0	
2150	0	
2151	0	
2152	0	
2153	0	
2154	0	
2155	0	
2156	0	
2157	0	
2158	0	
2159	0	
2160	0	
2161	0	
2162	0	
2163	0	
2164	0	
2165	0	
2166	0	
2167	0	
2168	0	
2169	0	
2170	0	
2171	0	
2172	0	
2173	0	
2174	0	
2175	0	
2176	0	
2177	0	
2178	0	
2179	0	
2180	0	
2181	0	
2182	0	
2183	0	
2184	0	
2185	0	
2186	0	
2187	0	
2188	0	
2189	0	
2190	0	
2191	0	
2192	0	
2193	0	
2194	0	
2195	0	
2196	0	
2197	0	
2198	0	
2199	0	
2200	0	
2201	0	
2202	0	
2203	0	
2204	0	
2205	0	
2206	0	
2207	0	
2208	0	
2209	2.500000e-005	
2210	2.500000e-005	
2211	5.000000e-005	
2212	5.000000e-005	
2213	5.000000e-005	
2214	2.500000e-005	
2215	0	
2216	0	
2217	0	
2218	0	
2219	0	
2220	0	
2221	0	
2222	0	
2223	0	
2224	0	
2225	0	
2226	0	
2227	0	
2228	0	
2229	0	
2230	0	
2231	0	
2232	0	
2233	0	
2234	0	
2235	0	
2236	0	
2237	0	
2238	0	
2239	0	
2240	0	
2241	0	
2242	0	
2243	0	
2244	0	
2245	0	
2246	0	
2247	0	
2248	0	
2249	0	
2250	0	
2251	0	
2252	0	
2253	0	
2254	0	
2255	0	
2256	0	
2257	0	
2258	2.500000e-005	
2259	2.500000e-005	
2260	2.500000e-005	
2261	5.000000e-005	
2262	0	
2263	0	
2264	0	
2265	0	
2266	0	
2267	0	
2268	0	
2269	0	
2270	0	
2271	0	
2272	0	
2273	0	
2274	0	
2275	0	
2276	0	
2277	0	
2278	0	
2279	0	
2280	0	
2281	0	
2282	0	
2283	0	
2284	0	
2285	0	
2286	0	
2287	0	
2288	0	
2289	0	
2290	0	
2291	0	
2292	0	
2293	0	
2294	0	
2295	0	
2296	0	
2297	0	
2298	0	
2299	0	
2300	0	
2301	0	
2302	0	
2303	0	
2304	0	
2305	0	
2306	0	
2307	0	
2308	0	
2309	0	
2310	0	
2311	0	
2312	0	
2313	0	
2314	0	
2315	0	
2316	2.500000e-005	
2317	5.000000e-005	
2318	7.500000e-005	
2319	1.000000e-004	
2320	7.500000e-005	
2321	0	
2322	0	
2323	0	
2324	0	
2325	0	
2326	0	
2327	0	
2328	0	
2329	0	
2330	0	
2331	0	
2332	0	
2333	0	
2334	0	
2335	0	
2336	0	
2337	0	
2338	0	
2339	0	
2340	0	
2341	0	
2342	0	
2343	0	
2344	0	
2345	0	
2346	0	
2347	0	
2348	0	
2349	0	
2350	0	
2351	0	
2352	0	
2353	0	
2354	0	
2355	0	
2356	0	
2357	0	
2358	0	
2359	0	
2360	0	
2361	0	
2362	0	
2363	0	
2364	0	
2365	0	
2366	0	
2367	0	
2368	0	
2369	0	
2370	0	
2371	0	
2372	0	
2373	0	
2374	0	
2375	0	
2376	0	
2377	0	
2378	0	
2379	0	
2380	0	
2381	0	
2382	0	
2383	0	
2384	0	
2385	0	
2386	0	
2387	0	
2388	0	
2389	0	
2390	0	
2391	0	
2392	0	
2393	0	
2394	2.500000e-005	
2395	1.500000e-004	
2396	1.500000e-004	
2397	7.500000e-005	
2398	1.750000e-004	
2399	2.000000e-004	
2400	2.500000e-004	
2401	2.750000e-004	
2402	2.250000e-004	
2403	2.500000e-004	
2404	3.250000e-004	
2405	4.750000e-004	
2406	4.000000e-004	
2407	4.000000e-004	
2408	2.250000e-004	
2409	1.750000e-004	
2410	1.750000e-004	
2411	2.000000e-004	
2412	1.250000e-004	
2413	3.500000e-004	
2414	3.750000e-004	
2415	2.750000e-004	
2416	4.000000e-004	
2417	3.000000e-004	
2418	1.750000e-004	
2419	2.500000e-004	
2420	2.500000e-004	
2421	2.750000e-004	
2422	3.500000e-004	
2423	3.250000e-004	
2424	4.500000e-004	
2425	4.500000e-004	
2426	4.000000e-004	
2427	3.250000e-004	
2428	3.250000e-004	
2429	2.500000e-004	
2430	2.000000e-004	
2431	3.250000e-004	
2432	3.250000e-004	
2433	2.250000e-004	
2434	2.250000e-004	
2435	2.500000e-004	
2436	3.000000e-004	
2437	3.500000e-004	
2438	2.750000e-004	
2439	3.000000e-004	
2440	3.000000e-004	
2441	1.750000e-004	
2442	2.500000e-004	
2443	7.500000e-005	
2444	5.000000e-005	
2445	1.000000e-004	
2446	1.000000e-004	
2447	1.250000e-004	
2448	1.000000e-004	
2449	2.500000e-005	
2450	0	
2451	0	
2452	0	
2453	0	
2454	0	
2455	0	
2456	0	
2457	0	
2458	0	
2459	0	
2460	0	
2461	0	
2462	0	
2463	0	
2464	0	
2465	0	
2466	0	
2467	0	
2468	0	
2469	0	
2470	0	
2471	0	
2472	0	
2473	0	
2474	0	
2475	0	
2476	0	
2477	0	
2478	0	
2479	0	
2480	0	
2481	0	
2482	0	
2483	0	
2484	0	
2485	0	
2486	0	
2487	0	
2488	0	
2489	0	
2490	0	
2491	0	
2492	0	
2493	0	
2494	0	
2495	0	
2496	0	
2497	0	
2498	0	
2499	0	
2500	0	
2501	0	
2502	0	
2503	0	
2504	0	
2505	2.500000e-005	
2506	5.000000e-005	
2507	7.500000e-005	
2508	1.250000e-004	
2509	1.000000e-004	
2510	1.250000e-004	
2511	1.250000e-004	
2512	1.500000e-004	
2513	2.250000e-004	
2514	2.750000e-004	
2515	2.500000e-004	
2516	4.000000e-004	
2517	3.750000e-004	
2518	5.500000e-004	
2519	6.500000e-004	
2520	8.000000e-004	
2521	7.250000e-004	
2522	5.500000e-004	
2523	7.750000e-004	
2524	9.750000e-004	
2525	1.025000e-003	
2526	1.225000e-003	
2527	1.275000e-003	
2528	1.675000e-003	
2529	1.275000e-003	
2530	1.475000e-003	
2531	1.100000e-003	
2532	1.350000e-003	
2533	1.600000e-003	
2534	1.825000e-003	
2535	2.100000e-003	
2536	1.975000e-003	
2537	2.500000e-003	
2538	2.500000e-003	
2539	2.425000e-003	
2540	2.325000e-003	
2541	2.325000e-003	
2542	2.225000e-003	
2543	2.700000e-003	
2544	2.600000e-003	
2545	2.725000e-003	
2546	3.250000e-003	
2547	2.725000e-003	
2548	3.400000e-003	
2549	3.150000e-003	
2550	3.725000e-003	
2551	4.125000e-003	
2552	3.900000e-003	
2553	3.725000e-003	
2554	3.725000e-003	
2555	3.975000e-003	
2556	4.300000e-003	
2557	4.075000e-003	
2558	3.825000e-003	
2559	4.075000e-003	
2560	4.650000e-003	
2561	4.675000e-003	
2562	4.575000e-003	
2563	4.675000e-003	
2564	5.225000e-003	
2565	4.900000e-003	
2566	5.250000e-003	
2567	5.600000e-003	
2568	5.425000e-003	
2569	6.025000e-003	
2570	5.950000e-003	
2571	5.625000e-003	
2572	5.975000e-003	
2573	5.225000e-003	
2574	5.125000e-003	
2575	4.950000e-003	
2576	5.250000e-003	
2577	5.075000e-003	
2578	4.825000e-003	
2579	5.125000e-003	
2580	4.650000e-003	
2581	5.125000e-003	
2582	4.800000e-003	
2583	4.675000e-003	
2584	4.625000e-003	
2585	4.250000e-003	
2586	4.125000e-003	
2587	4.150000e-003	
2588	4.475000e-003	
2589	4.675000e-003	
2590	4.800000e-003	
2591	5.050000e-003	
2592	5.200000e-003	
2593	4.975000e-003	
2594	4.475000e-003	
2595	4.825000e-003	
2596	4.325000e-003	
2597	4.800000e-003	
2598	4.400000e-003	
2599	4.625000e-003	
2600	4.525000e-003	
2601	4.275000e-003	
2602	4.425000e-003	
2603	4.425000e-003	
2604	4.550000e-003	
2605	4.025000e-003	
2606	4.225000e-003	
2607	4.600000e-003	
2608	4.125000e-003	
2609	3.700000e-003	
2610	4.350000e-003	
2611	4.225000e-003	
2612	4.350000e-003	
2613	3.750000e-003	
2614	3.675000e-003	
2615	3.325000e-003	
2616	3.075000e-003	
2617	2.325000e-003	
2618	2.075000e-003	
2619	2.100000e-003	
2620	2.100000e-003	
2621	1.950000e-003	
2622	1.800000e-003	
2623	1.875000e-003	
2624	1.750000e-003	
2625	1.675000e-003	
2626	1.450000e-003	
2627	1.450000e-003	
2628	1.550000e-003	
2629	1.350000e-003	
2630	9.500000e-004	
2631	1.150000e-003	
2632	1.125000e-003	
2633	9.750000e-004	
2634	8.250000e-004	
2635	7.500000e-004	
2636	7.750000e-004	
2637	7.000000e-004	
2638	7.750000e-004	
2639	6.500000e-004	
2640	6.000000e-004	
2641	4.250000e-004	
2642	3.750000e-004	
2643	3.500000e-004	
2644	3.250000e-004	
2645	3.750000e-004	
2646	3.250000e-004	
2647	1.500000e-004	
2648	5.000000e-005	
2649	5.000000e-005	
2650	2.500000e-005	
2651	0	
2652	0	
2653	0	
2654	0	
2655	0	
2656	0	
2657	0	
2658	0	
2659	0	
2660	0	
2661	0	
2662	0	
2663	0	
2664	0	
2665	0	
2666	0	
2667	0	
2668	0	
2669	0	
2670	0	
2671	0	
2672	0	
2673	0	
2674	0	
2675	0	
2676	0	
2677	0	
2678	0	
2679	0	
2680	0	
2681	0	
2682	0	
2683	0	
2684	0	
2685	0	
2686	0	
2687	0	
2688	0	
2689	0	
2690	0	
2691	0	
2692	0	
2693	0	
2694	0	
2695	0	
2696	0	
2697	0	
2698	0	
2699	0	
2700	0	
2701	0	
2702	0	
2703	0	
2704	0	
2705	0	
2706	0	
2707	0	
2708	0	
2709	0	
2710	0	
2711	0	
2712	0	
2713	0	
2714	0	
2715	0	
2716	0	
2717	0	
2718	0	
2719	0	
2720	0	
2721	0	
2722	0	
2723	0	
2724	0	
2725	0	
2726	0	
2727	0	
2728	0	
2729	0	
2730	0	
2731	0	
2732	0	
2733	0	
2734	0	
2735	0	
2736	0	
2737	0	
2738	0	
2739	0	
2740	0	
2741	0	
2742	0	
2743	0	
2744	0	
2745	0	
2746	0	
2747	0	
2748	0	
2749	0	
2750	0	
2751	0	
2752	0	
2753	0	
2754	0	
2755	0	
2756	0	
2757	0	
2758	0	
2759	0	
2760	0	
2761	0	
2762	0	
2763	2.500000e-005	
2764	5.000000e-005	
2765	5.000000e-005	
2766	5.000000e-005	
2767	0	
2768	0	
2769	0	
2770	0	
2771	0	
2772	0	
2773	0	
2774	0	
2775	0	
2776	0	
2777	0	
2778	0	
2779	0	
2780	0	
2781	0	
2782	0	
2783	0	
2784	0	
2785	0	
2786	0	
2787	0	
2788	0	
2789	0	
2790	0	
2791	0	
2792	0	
2793	0	
2794	0	
2795	0	
2796	0	
2797	0	
2798	0	
2799	0	
2800	0	
2801	0	
2802	0	
2803	0	
2804	0	
2805	2.500000e-005	
2806	2.500000e-005	
2807	0	
2808	0	
2809	0	
2810	0	
2811	0	
2812	0	
2813	0	
2814	0	
2815	0	
2816	0	
2817	0	
2818	0	
2819	0	
2820	0	
2821	2.500000e-005	
2822	5.000000e-005	
2823	2.500000e-005	
2824	2.500000e-005	
2825	7.500000e-005	
2826	7.500000e-005	
2827	5.000000e-005	
2828	5.000000e-005	
2829	0	
2830	0	
2831	0	
2832	0	
2833	0	
2834	0	
2835	0	
2836	0	
2837	0	
2838	0	
2839	0	
2840	0	
2841	0	
2842	0	
2843	0	
2844	0	
2845	2.500000e-005	
2846	0	
2847	0	
2848	0	
2849	0	
2850	0	
2851	0	
2852	0	
2853	0	
2854	0	
2855	0	
2856	0	
2857	0	
2858	0	
2859	0	
2860	0	
2861	0	
2862	0	
2863	0	
2864	0	
2865	0	
2866	0	
2867	0	
2868	0	
2869	0	
2870	0	
2871	0	
2872	0	
2873	0	
2874	0	
2875	0	
2876	0	
2877	0	
2878	0	
2879	0	
2880	0	
2881	0	
2882	0	
2883	0	
2884	0	
2885	0	
2886	0	
2887	0	
2888	0	
2889	0	
2890	0	
2891	0	
2892	0	
2893	0	
2894	0	
2895	0	
2896	0	
2897	0	
2898	2.500000e-005	
2899	7.500000e-005	
2900	1.000000e-004	
2901	7.500000e-005	
2902	7.500000e-005	
2903	2.500000e-005	
2904	2.500000e-005	
2905	2.500000e-005	
2906	2.500000e-005	
2907	2.500000e-005	
2908	2.500000e-005	
2909	0	
2910	0	
2911	0	
2912	0	
2913	0	
2914	0	
2915	0	
2916	0	
2917	2.500000e-005	
2918	5.000000e-005	
2919	7.500000e-005	
2920	1.250000e-004	
2921	7.500000e-005	
2922	0	
2923	0	
2924	0	
2925	0	
2926	2.500000e-005	
2927	5.000000e-005	
2928	5.000000e-005	
2929	7.500000e-005	
2930	7.500000e-005	
2931	1.250000e-004	
2932	1.500000e-004	
2933	1.750000e-004	
2934	1.000000e-004	
2935	2.500000e-005	
2936	5.000000e-005	
2937	2.500000e-005	
2938	1.000000e-004	
2939	1.750000e-004	
2940	1.000000e-004	
2941	1.500000e-004	
2942	2.000000e-004	
2943	1.750000e-004	
2944	1.500000e-004	
2945	5.000000e-005	
2946	1.250000e-004	
2947	5.000000e-005	
2948	5.000000e-005	
2949	7.500000e-005	
2950	1.250000e-004	
2951	1.250000e-004	
2952	1.500000e-004	
2953	1.750000e-004	
2954	1.500000e-004	
2955	1.750000e-004	
2956	2.500000e-004	
2957	1.250000e-004	
2958	5.000000e-005	
2959	0	
2960	0	
2961	0	
2962	0	
2963	0	
2964	0	
2965	0	
2966	0	
2967	0	
2968	0	
2969	0	
2970	0	
2971	0	
2972	0	
2973	0	
2974	0	
2975	0	
2976	0	
2977	0	
2978	0	
2979	0	
2980	0	
2981	0	
2982	0	
2983	0	
2984	0	
2985	0	
2986	0	
2987	0	
2988	0	
2989	0	
2990	0	
2991	0	
2992	0	
2993	0	
2994	0	
2995	0	
2996	0	
2997	0	
2998	0	
2999	0	
3000	0	
3001	2.500000e-005	
