1	0	
2	0	
3	0	
4	0	
5	0	
6	0	
7	0	
8	0	
9	0	
10	0	
11	0	
12	0	
13	0	
14	0	
15	0	
16	0	
17	0	
18	0	
19	0	
20	0	
21	0	
22	0	
23	0	
24	0	
25	0	
26	0	
27	0	
28	0	
29	0	
30	0	
31	0	
32	0	
33	0	
34	0	
35	0	
36	0	
37	0	
38	0	
39	0	
40	0	
41	0	
42	0	
43	0	
44	0	
45	0	
46	0	
47	0	
48	0	
49	0	
50	0	
51	0	
52	0	
53	0	
54	0	
55	2.500000e-005	
56	1.500000e-004	
57	1.750000e-004	
58	3.250000e-004	
59	4.000000e-004	
60	5.000000e-004	
61	6.000000e-004	
62	7.500000e-004	
63	8.500000e-004	
64	1.075000e-003	
65	1.300000e-003	
66	1.575000e-003	
67	1.575000e-003	
68	1.650000e-003	
69	2.100000e-003	
70	2.300000e-003	
71	2.600000e-003	
72	2.950000e-003	
73	3.025000e-003	
74	2.875000e-003	
75	2.875000e-003	
76	3.125000e-003	
77	2.675000e-003	
78	2.950000e-003	
79	2.900000e-003	
80	3.200000e-003	
81	2.650000e-003	
82	3.350000e-003	
83	3.175000e-003	
84	3.350000e-003	
85	3.850000e-003	
86	3.875000e-003	
87	3.500000e-003	
88	3.800000e-003	
89	3.750000e-003	
90	3.850000e-003	
91	4.050000e-003	
92	3.625000e-003	
93	3.525000e-003	
94	4.425000e-003	
95	4.475000e-003	
96	4.650000e-003	
97	4.900000e-003	
98	4.600000e-003	
99	4.625000e-003	
100	4.750000e-003	
101	4.400000e-003	
102	3.875000e-003	
103	4.175000e-003	
104	4.300000e-003	
105	4.850000e-003	
106	4.800000e-003	
107	5.200000e-003	
108	4.400000e-003	
109	4.725000e-003	
110	5.225000e-003	
111	5.050000e-003	
112	5.150000e-003	
113	5.125000e-003	
114	4.800000e-003	
115	5.200000e-003	
116	5.200000e-003	
117	5.625000e-003	
118	5.925000e-003	
119	5.825000e-003	
120	6.050000e-003	
121	5.675000e-003	
122	5.525000e-003	
123	5.950000e-003	
124	6.475000e-003	
125	5.725000e-003	
126	5.700000e-003	
127	5.850000e-003	
128	5.975000e-003	
129	6.275000e-003	
130	6.475000e-003	
131	6.275000e-003	
132	6.175000e-003	
133	6.275000e-003	
134	6.475000e-003	
135	5.925000e-003	
136	6.275000e-003	
137	6.600000e-003	
138	6.325000e-003	
139	5.950000e-003	
140	6.125000e-003	
141	6.350000e-003	
142	6.575000e-003	
143	6.500000e-003	
144	7.075000e-003	
145	7.050000e-003	
146	6.400000e-003	
147	6.300000e-003	
148	6.575000e-003	
149	6.000000e-003	
150	6.575000e-003	
151	6.925000e-003	
152	7.125000e-003	
153	7.450000e-003	
154	7.050000e-003	
155	6.325000e-003	
156	6.525000e-003	
157	7.000000e-003	
158	6.700000e-003	
159	7.450000e-003	
160	7.350000e-003	
161	7.250000e-003	
162	7.625000e-003	
163	7.125000e-003	
164	6.625000e-003	
165	6.325000e-003	
166	5.700000e-003	
167	4.825000e-003	
168	4.950000e-003	
169	4.850000e-003	
170	3.775000e-003	
171	2.675000e-003	
172	1.800000e-003	
173	1.475000e-003	
174	1.275000e-003	
175	9.250000e-004	
176	5.250000e-004	
177	2.250000e-004	
178	1.750000e-004	
179	1.000000e-004	
180	0	
181	0	
182	0	
183	0	
184	0	
185	0	
186	0	
187	0	
188	0	
189	0	
190	0	
191	0	
192	0	
193	0	
194	0	
195	0	
196	0	
197	0	
198	0	
199	0	
200	0	
201	0	
202	0	
203	0	
204	0	
205	0	
206	0	
207	0	
208	0	
209	0	
210	0	
211	0	
212	0	
213	0	
214	0	
215	0	
216	0	
217	0	
218	0	
219	0	
220	0	
221	0	
222	0	
223	0	
224	0	
225	0	
226	0	
227	0	
228	0	
229	0	
230	0	
231	0	
232	0	
233	0	
234	0	
235	0	
236	0	
237	0	
238	0	
239	0	
240	0	
241	0	
242	0	
243	0	
244	0	
245	0	
246	0	
247	0	
248	0	
249	0	
250	0	
251	0	
252	0	
253	0	
254	0	
255	0	
256	0	
257	0	
258	0	
259	0	
260	0	
261	0	
262	0	
263	0	
264	0	
265	0	
266	0	
267	0	
268	0	
269	0	
270	0	
271	0	
272	0	
273	0	
274	0	
275	0	
276	0	
277	0	
278	0	
279	0	
280	0	
281	0	
282	0	
283	0	
284	0	
285	0	
286	0	
287	0	
288	0	
289	0	
290	0	
291	0	
292	0	
293	0	
294	0	
295	0	
296	0	
297	0	
298	0	
299	0	
300	0	
301	0	
302	0	
303	0	
304	0	
305	0	
306	0	
307	0	
308	0	
309	0	
310	0	
311	0	
312	0	
313	0	
314	0	
315	0	
316	0	
317	0	
318	0	
319	0	
320	0	
321	0	
322	2.500000e-005	
323	2.500000e-005	
324	2.500000e-005	
325	2.500000e-005	
326	0	
327	0	
328	0	
329	0	
330	0	
331	0	
332	0	
333	0	
334	0	
335	0	
336	0	
337	0	
338	0	
339	0	
340	0	
341	0	
342	0	
343	0	
344	0	
345	0	
346	0	
347	0	
348	0	
349	0	
350	0	
351	0	
352	0	
353	0	
354	0	
355	0	
356	0	
357	0	
358	0	
359	0	
360	0	
361	0	
362	0	
363	0	
364	0	
365	0	
366	0	
367	0	
368	0	
369	0	
370	0	
371	0	
372	0	
373	0	
374	0	
375	0	
376	0	
377	0	
378	0	
379	0	
380	0	
381	0	
382	0	
383	0	
384	0	
385	0	
386	0	
387	0	
388	0	
389	0	
390	0	
391	0	
392	0	
393	0	
394	0	
395	0	
396	0	
397	0	
398	0	
399	0	
400	0	
401	0	
402	0	
403	0	
404	0	
405	0	
406	0	
407	0	
408	0	
409	0	
410	0	
411	0	
412	0	
413	2.500000e-005	
414	7.500000e-005	
415	2.500000e-005	
416	0	
417	0	
418	0	
419	0	
420	0	
421	0	
422	0	
423	0	
424	0	
425	0	
426	0	
427	0	
428	0	
429	0	
430	0	
431	0	
432	0	
433	0	
434	0	
435	0	
436	0	
437	0	
438	0	
439	0	
440	0	
441	0	
442	0	
443	0	
444	0	
445	0	
446	0	
447	0	
448	0	
449	0	
450	0	
451	0	
452	0	
453	0	
454	0	
455	0	
456	0	
457	0	
458	0	
459	0	
460	0	
461	0	
462	0	
463	0	
464	0	
465	0	
466	0	
467	0	
468	0	
469	0	
470	0	
471	0	
472	0	
473	0	
474	0	
475	0	
476	0	
477	0	
478	0	
479	0	
480	0	
481	0	
482	0	
483	0	
484	0	
485	0	
486	0	
487	0	
488	0	
489	0	
490	0	
491	0	
492	0	
493	0	
494	0	
495	0	
496	0	
497	0	
498	0	
499	0	
500	0	
501	0	
502	0	
503	0	
504	0	
505	0	
506	0	
507	0	
508	0	
509	0	
510	0	
511	0	
512	0	
513	0	
514	0	
515	0	
516	0	
517	0	
518	0	
519	0	
520	0	
521	0	
522	0	
523	0	
524	0	
525	0	
526	0	
527	0	
528	0	
529	0	
530	0	
531	0	
532	0	
533	0	
534	0	
535	0	
536	0	
537	0	
538	0	
539	0	
540	0	
541	0	
542	0	
543	0	
544	0	
545	0	
546	0	
547	0	
548	0	
549	0	
550	0	
551	0	
552	0	
553	0	
554	0	
555	0	
556	0	
557	0	
558	0	
559	0	
560	0	
561	0	
562	0	
563	0	
564	0	
565	0	
566	0	
567	0	
568	0	
569	0	
570	0	
571	0	
572	0	
573	0	
574	0	
575	0	
576	0	
577	0	
578	0	
579	0	
580	0	
581	0	
582	0	
583	0	
584	0	
585	0	
586	0	
587	0	
588	0	
589	0	
590	0	
591	0	
592	0	
593	0	
594	0	
595	0	
596	0	
597	0	
598	0	
599	0	
600	0	
601	0	
602	0	
603	0	
604	0	
605	0	
606	0	
607	0	
608	0	
609	0	
610	0	
611	0	
612	0	
613	0	
614	0	
615	0	
616	0	
617	0	
618	0	
619	0	
620	0	
621	0	
622	0	
623	0	
624	0	
625	0	
626	0	
627	0	
628	0	
629	0	
630	0	
631	0	
632	0	
633	0	
634	0	
635	0	
636	0	
637	0	
638	0	
639	0	
640	0	
641	0	
642	0	
643	0	
644	0	
645	0	
646	0	
647	0	
648	0	
649	0	
650	0	
651	0	
652	0	
653	0	
654	0	
655	0	
656	0	
657	0	
658	0	
659	0	
660	0	
661	0	
662	0	
663	0	
664	0	
665	0	
666	0	
667	0	
668	0	
669	0	
670	0	
671	0	
672	0	
673	0	
674	0	
675	0	
676	0	
677	0	
678	0	
679	0	
680	0	
681	0	
682	0	
683	0	
684	0	
685	0	
686	0	
687	0	
688	0	
689	0	
690	0	
691	0	
692	0	
693	0	
694	0	
695	0	
696	0	
697	0	
698	0	
699	0	
700	0	
701	0	
702	0	
703	0	
704	0	
705	0	
706	0	
707	0	
708	0	
709	0	
710	0	
711	0	
712	0	
713	0	
714	0	
715	0	
716	0	
717	0	
718	0	
719	0	
720	0	
721	0	
722	0	
723	0	
724	0	
725	0	
726	0	
727	0	
728	0	
729	0	
730	0	
731	0	
732	0	
733	0	
734	0	
735	0	
736	0	
737	0	
738	0	
739	0	
740	0	
741	0	
742	0	
743	0	
744	0	
745	0	
746	0	
747	0	
748	0	
749	0	
750	0	
751	0	
752	0	
753	0	
754	0	
755	0	
756	0	
757	0	
758	0	
759	0	
760	0	
761	0	
762	0	
763	0	
764	0	
765	0	
766	0	
767	0	
768	2.500000e-005	
769	1.000000e-004	
770	2.500000e-005	
771	7.500000e-005	
772	1.250000e-004	
773	1.750000e-004	
774	1.750000e-004	
775	2.000000e-004	
776	1.750000e-004	
777	1.500000e-004	
778	2.500000e-004	
779	2.250000e-004	
780	3.000000e-004	
781	2.750000e-004	
782	2.500000e-004	
783	2.750000e-004	
784	3.250000e-004	
785	2.500000e-004	
786	3.500000e-004	
787	4.250000e-004	
788	5.500000e-004	
789	7.250000e-004	
790	8.250000e-004	
791	8.750000e-004	
792	1.125000e-003	
793	1.300000e-003	
794	1.350000e-003	
795	1.425000e-003	
796	1.575000e-003	
797	1.775000e-003	
798	1.825000e-003	
799	1.825000e-003	
800	1.925000e-003	
801	2.200000e-003	
802	2.300000e-003	
803	2.350000e-003	
804	2.300000e-003	
805	2.800000e-003	
806	2.700000e-003	
807	2.775000e-003	
808	3.275000e-003	
809	3.100000e-003	
810	3.700000e-003	
811	4.225000e-003	
812	4.150000e-003	
813	4.200000e-003	
814	4.475000e-003	
815	4.325000e-003	
816	4.250000e-003	
817	4.375000e-003	
818	5.050000e-003	
819	5.575000e-003	
820	6.000000e-003	
821	6.050000e-003	
822	6.300000e-003	
823	5.850000e-003	
824	5.725000e-003	
825	5.475000e-003	
826	5.625000e-003	
827	5.600000e-003	
828	6.400000e-003	
829	6.675000e-003	
830	7.125000e-003	
831	6.950000e-003	
832	7.050000e-003	
833	6.525000e-003	
834	6.975000e-003	
835	6.200000e-003	
836	6.575000e-003	
837	6.375000e-003	
838	5.825000e-003	
839	5.975000e-003	
840	6.375000e-003	
841	6.050000e-003	
842	6.250000e-003	
843	6.450000e-003	
844	6.425000e-003	
845	6.925000e-003	
846	6.900000e-003	
847	6.825000e-003	
848	6.750000e-003	
849	6.850000e-003	
850	7.275000e-003	
851	6.800000e-003	
852	7.425000e-003	
853	7.800000e-003	
854	7.800000e-003	
855	7.275000e-003	
856	6.925000e-003	
857	6.300000e-003	
858	6.575000e-003	
859	6.300000e-003	
860	6.200000e-003	
861	6.425000e-003	
862	6.025000e-003	
863	5.800000e-003	
864	6.300000e-003	
865	6.100000e-003	
866	5.450000e-003	
867	5.950000e-003	
868	5.600000e-003	
869	5.450000e-003	
870	5.150000e-003	
871	5.950000e-003	
872	6.425000e-003	
873	6.075000e-003	
874	5.950000e-003	
875	5.525000e-003	
876	4.875000e-003	
877	5.000000e-003	
878	4.600000e-003	
879	4.450000e-003	
880	3.875000e-003	
881	3.675000e-003	
882	3.775000e-003	
883	3.350000e-003	
884	3.000000e-003	
885	2.800000e-003	
886	2.475000e-003	
887	2.125000e-003	
888	1.675000e-003	
889	1.425000e-003	
890	1.325000e-003	
891	1.100000e-003	
892	5.750000e-004	
893	3.500000e-004	
894	3.500000e-004	
895	1.500000e-004	
896	2.500000e-005	
897	0	
898	0	
899	0	
900	0	
901	0	
902	0	
903	0	
904	0	
905	0	
906	0	
907	0	
908	0	
909	0	
910	0	
911	0	
912	0	
913	0	
914	0	
915	0	
916	0	
917	0	
918	0	
919	0	
920	0	
921	0	
922	0	
923	0	
924	0	
925	0	
926	0	
927	0	
928	0	
929	0	
930	0	
931	0	
932	0	
933	0	
934	0	
935	0	
936	0	
937	0	
938	0	
939	0	
940	0	
941	0	
942	0	
943	0	
944	0	
945	0	
946	0	
947	0	
948	0	
949	0	
950	0	
951	0	
952	0	
953	0	
954	0	
955	0	
956	0	
957	0	
958	0	
959	0	
960	0	
961	0	
962	0	
963	0	
964	0	
965	0	
966	0	
967	0	
968	0	
969	0	
970	0	
971	0	
972	0	
973	0	
974	0	
975	0	
976	0	
977	0	
978	0	
979	0	
980	0	
981	0	
982	0	
983	0	
984	0	
985	0	
986	0	
987	0	
988	0	
989	0	
990	0	
991	0	
992	0	
993	0	
994	0	
995	0	
996	0	
997	0	
998	0	
999	0	
1000	0	
1001	0	
1002	0	
1003	0	
1004	0	
1005	0	
1006	0	
1007	0	
1008	0	
1009	0	
1010	0	
1011	0	
1012	0	
1013	0	
1014	0	
1015	0	
1016	0	
1017	0	
1018	0	
1019	0	
1020	0	
1021	0	
1022	0	
1023	0	
1024	0	
1025	0	
1026	0	
1027	0	
1028	0	
1029	0	
1030	0	
1031	0	
1032	0	
1033	0	
1034	0	
1035	0	
1036	0	
1037	0	
1038	0	
1039	0	
1040	0	
1041	0	
1042	0	
1043	0	
1044	0	
1045	0	
1046	0	
1047	0	
1048	0	
1049	0	
1050	0	
1051	0	
1052	0	
1053	0	
1054	0	
1055	0	
1056	0	
1057	0	
1058	0	
1059	0	
1060	0	
1061	0	
1062	0	
1063	0	
1064	0	
1065	0	
1066	0	
1067	0	
1068	0	
1069	0	
1070	0	
1071	0	
1072	0	
1073	0	
1074	0	
1075	0	
1076	0	
1077	2.500000e-005	
1078	2.500000e-005	
1079	5.000000e-005	
1080	2.500000e-005	
1081	5.000000e-005	
1082	0	
1083	0	
1084	0	
1085	0	
1086	0	
1087	0	
1088	0	
1089	0	
1090	0	
1091	0	
1092	0	
1093	0	
1094	0	
1095	0	
1096	0	
1097	0	
1098	0	
1099	0	
1100	0	
1101	0	
1102	0	
1103	0	
1104	0	
1105	0	
1106	0	
1107	0	
1108	0	
1109	0	
1110	0	
1111	0	
1112	0	
1113	0	
1114	0	
1115	0	
1116	0	
1117	0	
1118	0	
1119	0	
1120	0	
1121	0	
1122	0	
1123	0	
1124	0	
1125	0	
1126	0	
1127	0	
1128	0	
1129	0	
1130	0	
1131	0	
1132	0	
1133	0	
1134	0	
1135	0	
1136	0	
1137	0	
1138	0	
1139	0	
1140	0	
1141	0	
1142	0	
1143	0	
1144	0	
1145	0	
1146	0	
1147	0	
1148	0	
1149	0	
1150	0	
1151	0	
1152	0	
1153	0	
1154	0	
1155	0	
1156	0	
1157	0	
1158	0	
1159	0	
1160	0	
1161	0	
1162	0	
1163	0	
1164	0	
1165	0	
1166	0	
1167	0	
1168	0	
1169	0	
1170	0	
1171	0	
1172	0	
1173	0	
1174	0	
1175	0	
1176	0	
1177	0	
1178	0	
1179	0	
1180	0	
1181	0	
1182	0	
1183	0	
1184	0	
1185	0	
1186	0	
1187	0	
1188	0	
1189	0	
1190	0	
1191	0	
1192	0	
1193	0	
1194	0	
1195	0	
1196	0	
1197	0	
1198	0	
1199	0	
1200	0	
1201	0	
1202	0	
1203	0	
1204	0	
1205	0	
1206	0	
1207	0	
1208	0	
1209	0	
1210	0	
1211	0	
1212	0	
1213	0	
1214	0	
1215	0	
1216	0	
1217	0	
1218	0	
1219	0	
1220	0	
1221	0	
1222	0	
1223	2.500000e-005	
1224	7.500000e-005	
1225	7.500000e-005	
1226	7.500000e-005	
1227	1.500000e-004	
1228	1.500000e-004	
1229	1.500000e-004	
1230	2.500000e-004	
1231	1.750000e-004	
1232	2.500000e-004	
1233	2.250000e-004	
1234	1.250000e-004	
1235	7.500000e-005	
1236	1.000000e-004	
1237	1.000000e-004	
1238	1.500000e-004	
1239	1.750000e-004	
1240	1.750000e-004	
1241	1.000000e-004	
1242	1.000000e-004	
1243	5.000000e-005	
1244	5.000000e-005	
1245	1.000000e-004	
1246	1.750000e-004	
1247	2.000000e-004	
1248	2.250000e-004	
1249	2.000000e-004	
1250	2.250000e-004	
1251	2.500000e-004	
1252	2.250000e-004	
1253	1.750000e-004	
1254	1.000000e-004	
1255	1.250000e-004	
1256	1.250000e-004	
1257	7.500000e-005	
1258	0	
1259	0	
1260	0	
1261	0	
1262	0	
1263	0	
1264	0	
1265	0	
1266	0	
1267	0	
1268	0	
1269	0	
1270	0	
1271	2.500000e-005	
1272	0	
1273	0	
1274	0	
1275	0	
1276	0	
1277	0	
1278	0	
1279	0	
1280	0	
1281	0	
1282	0	
1283	0	
1284	0	
1285	0	
1286	0	
1287	0	
1288	0	
1289	0	
1290	0	
1291	0	
1292	0	
1293	0	
1294	0	
1295	0	
1296	0	
1297	0	
1298	0	
1299	0	
1300	0	
1301	0	
1302	0	
1303	0	
1304	0	
1305	0	
1306	0	
1307	0	
1308	0	
1309	0	
1310	0	
1311	0	
1312	0	
1313	0	
1314	0	
1315	0	
1316	0	
1317	0	
1318	0	
1319	0	
1320	0	
1321	0	
1322	0	
1323	0	
1324	0	
1325	0	
1326	0	
1327	0	
1328	0	
1329	0	
1330	0	
1331	0	
1332	0	
1333	0	
1334	0	
1335	0	
1336	0	
1337	0	
1338	0	
1339	0	
1340	0	
1341	0	
1342	0	
1343	0	
1344	0	
1345	0	
1346	0	
1347	0	
1348	0	
1349	0	
1350	0	
1351	0	
1352	0	
1353	0	
1354	0	
1355	0	
1356	0	
1357	0	
1358	0	
1359	0	
1360	0	
1361	0	
1362	0	
1363	0	
1364	0	
1365	0	
1366	0	
1367	0	
1368	0	
1369	0	
1370	0	
1371	0	
1372	0	
1373	0	
1374	0	
1375	0	
1376	0	
1377	0	
1378	0	
1379	0	
1380	0	
1381	0	
1382	0	
1383	2.500000e-005	
1384	5.000000e-005	
1385	5.000000e-005	
1386	5.000000e-005	
1387	7.500000e-005	
1388	7.500000e-005	
1389	2.500000e-005	
1390	2.500000e-005	
1391	2.500000e-005	
1392	5.000000e-005	
1393	5.000000e-005	
1394	0	
1395	0	
1396	0	
1397	0	
1398	0	
1399	0	
1400	0	
1401	0	
1402	0	
1403	0	
1404	0	
1405	0	
1406	0	
1407	0	
1408	0	
1409	0	
1410	0	
1411	0	
1412	0	
1413	0	
1414	0	
1415	0	
1416	0	
1417	0	
1418	0	
1419	0	
1420	0	
1421	0	
1422	0	
1423	0	
1424	0	
1425	0	
1426	0	
1427	0	
1428	0	
1429	0	
1430	0	
1431	0	
1432	0	
1433	0	
1434	0	
1435	0	
1436	0	
1437	0	
1438	0	
1439	0	
1440	0	
1441	0	
1442	0	
1443	0	
1444	0	
1445	0	
1446	0	
1447	0	
1448	0	
1449	0	
1450	0	
1451	0	
1452	0	
1453	0	
1454	0	
1455	0	
1456	0	
1457	0	
1458	0	
1459	0	
1460	0	
1461	0	
1462	0	
1463	0	
1464	0	
1465	0	
1466	0	
1467	0	
1468	0	
1469	0	
1470	0	
1471	0	
1472	0	
1473	0	
1474	0	
1475	0	
1476	0	
1477	0	
1478	0	
1479	0	
1480	0	
1481	0	
1482	0	
1483	0	
1484	0	
1485	0	
1486	0	
1487	0	
1488	0	
1489	0	
1490	0	
1491	0	
1492	0	
1493	0	
1494	0	
1495	0	
1496	0	
1497	0	
1498	0	
1499	0	
1500	0	
1501	0	
1502	0	
1503	0	
1504	0	
1505	0	
1506	0	
1507	0	
1508	0	
1509	0	
1510	0	
1511	0	
1512	0	
1513	0	
1514	0	
1515	0	
1516	0	
1517	0	
1518	0	
1519	0	
1520	0	
1521	0	
1522	0	
1523	0	
1524	0	
1525	0	
1526	0	
1527	0	
1528	0	
1529	0	
1530	0	
1531	0	
1532	0	
1533	0	
1534	0	
1535	0	
1536	0	
1537	0	
1538	0	
1539	0	
1540	0	
1541	0	
1542	0	
1543	0	
1544	0	
1545	0	
1546	0	
1547	0	
1548	0	
1549	2.500000e-005	
1550	7.500000e-005	
1551	1.250000e-004	
1552	1.750000e-004	
1553	3.750000e-004	
1554	4.750000e-004	
1555	5.250000e-004	
1556	6.000000e-004	
1557	7.000000e-004	
1558	5.750000e-004	
1559	5.750000e-004	
1560	7.000000e-004	
1561	5.750000e-004	
1562	7.250000e-004	
1563	7.250000e-004	
1564	1.075000e-003	
1565	1.250000e-003	
1566	1.600000e-003	
1567	1.525000e-003	
1568	1.550000e-003	
1569	1.725000e-003	
1570	2.000000e-003	
1571	2.300000e-003	
1572	2.425000e-003	
1573	2.550000e-003	
1574	2.475000e-003	
1575	3.000000e-003	
1576	2.975000e-003	
1577	3.150000e-003	
1578	3.525000e-003	
1579	3.875000e-003	
1580	3.600000e-003	
1581	3.325000e-003	
1582	3.550000e-003	
1583	3.275000e-003	
1584	4.100000e-003	
1585	3.900000e-003	
1586	3.650000e-003	
1587	3.875000e-003	
1588	4.575000e-003	
1589	4.575000e-003	
1590	5.450000e-003	
1591	5.600000e-003	
1592	5.575000e-003	
1593	5.950000e-003	
1594	6.775000e-003	
1595	6.750000e-003	
1596	6.550000e-003	
1597	6.975000e-003	
1598	7.250000e-003	
1599	7.350000e-003	
1600	6.425000e-003	
1601	6.625000e-003	
1602	6.400000e-003	
1603	5.375000e-003	
1604	6.000000e-003	
1605	5.750000e-003	
1606	6.175000e-003	
1607	6.825000e-003	
1608	6.750000e-003	
1609	6.375000e-003	
1610	6.500000e-003	
1611	6.825000e-003	
1612	6.600000e-003	
1613	6.150000e-003	
1614	6.700000e-003	
1615	7.150000e-003	
1616	7.550000e-003	
1617	7.925000e-003	
1618	8.125000e-003	
1619	8.300000e-003	
1620	8.725000e-003	
1621	8.475000e-003	
1622	8.125000e-003	
1623	7.875000e-003	
1624	8.100000e-003	
1625	7.225000e-003	
1626	6.550000e-003	
1627	6.450000e-003	
1628	6.825000e-003	
1629	6.850000e-003	
1630	6.750000e-003	
1631	7.425000e-003	
1632	7.425000e-003	
1633	6.700000e-003	
1634	6.775000e-003	
1635	7.200000e-003	
1636	6.650000e-003	
1637	5.650000e-003	
1638	5.850000e-003	
1639	6.025000e-003	
1640	6.125000e-003	
1641	6.375000e-003	
1642	6.550000e-003	
1643	6.675000e-003	
1644	6.400000e-003	
1645	6.375000e-003	
1646	6.825000e-003	
1647	6.225000e-003	
1648	5.775000e-003	
1649	5.050000e-003	
1650	4.400000e-003	
1651	4.500000e-003	
1652	4.300000e-003	
1653	4.250000e-003	
1654	3.225000e-003	
1655	2.700000e-003	
1656	2.850000e-003	
1657	2.300000e-003	
1658	1.875000e-003	
1659	1.650000e-003	
1660	1.125000e-003	
1661	1.175000e-003	
1662	8.250000e-004	
1663	5.500000e-004	
1664	5.000000e-004	
1665	3.250000e-004	
1666	2.250000e-004	
1667	7.500000e-005	
1668	0	
1669	0	
1670	0	
1671	0	
1672	0	
1673	0	
1674	0	
1675	0	
1676	0	
1677	0	
1678	0	
1679	0	
1680	0	
1681	0	
1682	0	
1683	0	
1684	0	
1685	0	
1686	0	
1687	0	
1688	0	
1689	0	
1690	0	
1691	0	
1692	0	
1693	0	
1694	0	
1695	0	
1696	0	
1697	0	
1698	0	
1699	0	
1700	0	
1701	0	
1702	0	
1703	0	
1704	0	
1705	0	
1706	0	
1707	0	
1708	0	
1709	0	
1710	0	
1711	0	
1712	0	
1713	0	
1714	0	
1715	0	
1716	0	
1717	0	
1718	0	
1719	0	
1720	0	
1721	0	
1722	0	
1723	0	
1724	0	
1725	0	
1726	0	
1727	0	
1728	0	
1729	0	
1730	0	
1731	0	
1732	0	
1733	0	
1734	0	
1735	0	
1736	0	
1737	0	
1738	0	
1739	0	
1740	0	
1741	0	
1742	0	
1743	0	
1744	0	
1745	0	
1746	0	
1747	0	
1748	0	
1749	0	
1750	0	
1751	0	
1752	0	
1753	0	
1754	0	
1755	0	
1756	0	
1757	0	
1758	0	
1759	0	
1760	0	
1761	0	
1762	0	
1763	0	
1764	0	
1765	0	
1766	0	
1767	0	
1768	0	
1769	0	
1770	0	
1771	0	
1772	0	
1773	0	
1774	0	
1775	0	
1776	0	
1777	0	
1778	0	
1779	0	
1780	0	
1781	0	
1782	0	
1783	0	
1784	0	
1785	0	
1786	0	
1787	0	
1788	0	
1789	0	
1790	0	
1791	0	
1792	0	
1793	0	
1794	0	
1795	0	
1796	0	
1797	0	
1798	0	
1799	0	
1800	0	
1801	0	
1802	0	
1803	0	
1804	0	
1805	0	
1806	0	
1807	0	
1808	0	
1809	0	
1810	0	
1811	0	
1812	0	
1813	0	
1814	0	
1815	0	
1816	0	
1817	0	
1818	0	
1819	0	
1820	0	
1821	0	
1822	0	
1823	0	
1824	0	
1825	0	
1826	0	
1827	0	
1828	0	
1829	0	
1830	0	
1831	0	
1832	0	
1833	0	
1834	0	
1835	0	
1836	0	
1837	0	
1838	0	
1839	0	
1840	0	
1841	0	
1842	0	
1843	0	
1844	0	
1845	0	
1846	0	
1847	0	
1848	0	
1849	0	
1850	0	
1851	0	
1852	0	
1853	0	
1854	0	
1855	0	
1856	0	
1857	0	
1858	0	
1859	0	
1860	0	
1861	0	
1862	0	
1863	0	
1864	0	
1865	0	
1866	0	
1867	0	
1868	0	
1869	0	
1870	0	
1871	0	
1872	0	
1873	0	
1874	0	
1875	0	
1876	0	
1877	0	
1878	0	
1879	0	
1880	0	
1881	0	
1882	0	
1883	0	
1884	0	
1885	0	
1886	0	
1887	0	
1888	0	
1889	0	
1890	0	
1891	0	
1892	0	
1893	0	
1894	0	
1895	0	
1896	0	
1897	0	
1898	0	
1899	0	
1900	0	
1901	0	
1902	0	
1903	0	
1904	0	
1905	0	
1906	0	
1907	0	
1908	0	
1909	0	
1910	0	
1911	0	
1912	0	
1913	0	
1914	0	
1915	0	
1916	0	
1917	0	
1918	0	
1919	0	
1920	0	
1921	0	
1922	0	
1923	0	
1924	0	
1925	0	
1926	0	
1927	0	
1928	0	
1929	0	
1930	0	
1931	0	
1932	0	
1933	0	
1934	0	
1935	0	
1936	0	
1937	0	
1938	0	
1939	0	
1940	0	
1941	2.500000e-005	
1942	7.500000e-005	
1943	5.000000e-005	
1944	7.500000e-005	
1945	1.250000e-004	
1946	3.250000e-004	
1947	2.250000e-004	
1948	1.500000e-004	
1949	1.500000e-004	
1950	1.000000e-004	
1951	7.500000e-005	
1952	1.000000e-004	
1953	7.500000e-005	
1954	7.500000e-005	
1955	7.500000e-005	
1956	7.500000e-005	
1957	7.500000e-005	
1958	0	
1959	0	
1960	2.500000e-005	
1961	5.000000e-005	
1962	5.000000e-005	
1963	5.000000e-005	
1964	1.000000e-004	
1965	0	
1966	0	
1967	0	
1968	0	
1969	0	
1970	0	
1971	0	
1972	0	
1973	0	
1974	0	
1975	0	
1976	0	
1977	0	
1978	0	
1979	0	
1980	0	
1981	0	
1982	0	
1983	0	
1984	0	
1985	0	
1986	0	
1987	0	
1988	0	
1989	0	
1990	0	
1991	0	
1992	0	
1993	0	
1994	0	
1995	0	
1996	0	
1997	0	
1998	0	
1999	0	
2000	0	
2001	0	
2002	0	
2003	0	
2004	0	
2005	0	
2006	0	
2007	0	
2008	0	
2009	0	
2010	0	
2011	0	
2012	0	
2013	0	
2014	0	
2015	0	
2016	0	
2017	0	
2018	0	
2019	0	
2020	0	
2021	0	
2022	0	
2023	0	
2024	0	
2025	0	
2026	2.500000e-005	
2027	1.000000e-004	
2028	1.500000e-004	
2029	1.500000e-004	
2030	7.500000e-005	
2031	7.500000e-005	
2032	1.000000e-004	
2033	5.000000e-005	
2034	1.000000e-004	
2035	2.000000e-004	
2036	2.500000e-004	
2037	2.000000e-004	
2038	2.250000e-004	
2039	2.000000e-004	
2040	1.250000e-004	
2041	1.250000e-004	
2042	2.500000e-005	
2043	2.500000e-005	
2044	2.500000e-005	
2045	5.000000e-005	
2046	7.500000e-005	
2047	5.000000e-005	
2048	7.500000e-005	
2049	7.500000e-005	
2050	5.000000e-005	
2051	0	
2052	0	
2053	0	
2054	0	
2055	0	
2056	0	
2057	0	
2058	0	
2059	0	
2060	0	
2061	0	
2062	0	
2063	0	
2064	0	
2065	0	
2066	0	
2067	0	
2068	0	
2069	0	
2070	0	
2071	0	
2072	0	
2073	0	
2074	0	
2075	0	
2076	0	
2077	0	
2078	0	
2079	0	
2080	0	
2081	0	
2082	2.500000e-005	
2083	1.000000e-004	
2084	7.500000e-005	
2085	5.000000e-005	
2086	7.500000e-005	
2087	7.500000e-005	
2088	5.000000e-005	
2089	5.000000e-005	
2090	1.000000e-004	
2091	1.000000e-004	
2092	1.750000e-004	
2093	2.000000e-004	
2094	2.250000e-004	
2095	1.250000e-004	
2096	2.500000e-005	
2097	2.500000e-005	
2098	5.000000e-005	
2099	5.000000e-005	
2100	7.500000e-005	
2101	1.500000e-004	
2102	1.250000e-004	
2103	1.250000e-004	
2104	1.250000e-004	
2105	1.250000e-004	
2106	1.250000e-004	
2107	1.250000e-004	
2108	1.250000e-004	
2109	2.000000e-004	
2110	2.500000e-004	
2111	1.500000e-004	
2112	1.750000e-004	
2113	1.250000e-004	
2114	1.000000e-004	
2115	1.500000e-004	
2116	1.250000e-004	
2117	1.750000e-004	
2118	2.000000e-004	
2119	1.500000e-004	
2120	3.000000e-004	
2121	2.250000e-004	
2122	2.750000e-004	
2123	1.750000e-004	
2124	2.250000e-004	
2125	3.250000e-004	
2126	3.500000e-004	
2127	3.250000e-004	
2128	3.500000e-004	
2129	5.250000e-004	
2130	4.750000e-004	
2131	5.750000e-004	
2132	5.000000e-004	
2133	3.250000e-004	
2134	3.250000e-004	
2135	4.750000e-004	
2136	5.500000e-004	
2137	6.250000e-004	
2138	6.000000e-004	
2139	6.750000e-004	
2140	6.500000e-004	
2141	8.000000e-004	
2142	9.250000e-004	
2143	7.750000e-004	
2144	8.500000e-004	
2145	8.000000e-004	
2146	1.025000e-003	
2147	1.025000e-003	
2148	1.250000e-003	
2149	1.375000e-003	
2150	1.300000e-003	
2151	1.350000e-003	
2152	1.125000e-003	
2153	1.350000e-003	
2154	1.400000e-003	
2155	1.225000e-003	
2156	1.625000e-003	
2157	1.525000e-003	
2158	1.400000e-003	
2159	1.625000e-003	
2160	1.675000e-003	
2161	1.750000e-003	
2162	1.750000e-003	
2163	2.050000e-003	
2164	2.050000e-003	
2165	2.300000e-003	
2166	1.925000e-003	
2167	2.325000e-003	
2168	2.375000e-003	
2169	2.100000e-003	
2170	2.400000e-003	
2171	2.200000e-003	
2172	2.425000e-003	
2173	2.725000e-003	
2174	2.300000e-003	
2175	2.625000e-003	
2176	2.650000e-003	
2177	2.475000e-003	
2178	2.825000e-003	
2179	3.175000e-003	
2180	4.100000e-003	
2181	4.200000e-003	
2182	4.250000e-003	
2183	3.625000e-003	
2184	3.225000e-003	
2185	3.050000e-003	
2186	2.725000e-003	
2187	2.600000e-003	
2188	2.900000e-003	
2189	2.800000e-003	
2190	3.300000e-003	
2191	3.350000e-003	
2192	3.025000e-003	
2193	3.350000e-003	
2194	3.825000e-003	
2195	3.900000e-003	
2196	3.975000e-003	
2197	4.000000e-003	
2198	3.675000e-003	
2199	3.500000e-003	
2200	3.375000e-003	
2201	3.625000e-003	
2202	3.400000e-003	
2203	3.475000e-003	
2204	3.725000e-003	
2205	4.075000e-003	
2206	4.025000e-003	
2207	4.650000e-003	
2208	4.250000e-003	
2209	4.450000e-003	
2210	4.975000e-003	
2211	5.025000e-003	
2212	5.050000e-003	
2213	5.075000e-003	
2214	4.775000e-003	
2215	4.850000e-003	
2216	5.200000e-003	
2217	5.725000e-003	
2218	5.575000e-003	
2219	5.200000e-003	
2220	5.250000e-003	
2221	5.275000e-003	
2222	5.200000e-003	
2223	5.625000e-003	
2224	5.375000e-003	
2225	5.975000e-003	
2226	5.625000e-003	
2227	5.350000e-003	
2228	5.175000e-003	
2229	5.025000e-003	
2230	4.825000e-003	
2231	4.825000e-003	
2232	4.750000e-003	
2233	4.025000e-003	
2234	3.975000e-003	
2235	4.350000e-003	
2236	4.275000e-003	
2237	3.775000e-003	
2238	3.825000e-003	
2239	4.325000e-003	
2240	3.625000e-003	
2241	3.175000e-003	
2242	3.125000e-003	
2243	3.125000e-003	
2244	3.025000e-003	
2245	2.925000e-003	
2246	2.600000e-003	
2247	2.625000e-003	
2248	2.850000e-003	
2249	2.725000e-003	
2250	2.675000e-003	
2251	2.350000e-003	
2252	2.325000e-003	
2253	2.125000e-003	
2254	2.350000e-003	
2255	2.200000e-003	
2256	1.950000e-003	
2257	1.800000e-003	
2258	1.950000e-003	
2259	1.750000e-003	
2260	1.775000e-003	
2261	1.700000e-003	
2262	1.475000e-003	
2263	1.125000e-003	
2264	1.100000e-003	
2265	1.125000e-003	
2266	1.400000e-003	
2267	1.225000e-003	
2268	8.750000e-004	
2269	7.750000e-004	
2270	8.750000e-004	
2271	9.750000e-004	
2272	1.175000e-003	
2273	8.250000e-004	
2274	7.500000e-004	
2275	5.250000e-004	
2276	6.000000e-004	
2277	4.500000e-004	
2278	4.750000e-004	
2279	5.000000e-004	
2280	3.500000e-004	
2281	3.500000e-004	
2282	3.750000e-004	
2283	2.250000e-004	
2284	2.000000e-004	
2285	2.500000e-004	
2286	3.250000e-004	
2287	3.750000e-004	
2288	2.500000e-004	
2289	1.000000e-004	
2290	1.000000e-004	
2291	5.000000e-005	
2292	0	
2293	0	
2294	0	
2295	0	
2296	0	
2297	0	
2298	0	
2299	0	
2300	0	
2301	0	
2302	0	
2303	0	
2304	0	
2305	0	
2306	0	
2307	0	
2308	0	
2309	0	
2310	0	
2311	0	
2312	0	
2313	0	
2314	0	
2315	0	
2316	0	
2317	0	
2318	0	
2319	0	
2320	0	
2321	0	
2322	0	
2323	0	
2324	0	
2325	0	
2326	0	
2327	0	
2328	0	
2329	0	
2330	0	
2331	0	
2332	0	
2333	0	
2334	0	
2335	0	
2336	0	
2337	0	
2338	0	
2339	0	
2340	0	
2341	0	
2342	0	
2343	0	
2344	0	
2345	0	
2346	0	
2347	0	
2348	0	
2349	0	
2350	0	
2351	0	
2352	0	
2353	0	
2354	0	
2355	0	
2356	0	
2357	0	
2358	0	
2359	0	
2360	0	
2361	0	
2362	0	
2363	0	
2364	0	
2365	0	
2366	0	
2367	0	
2368	0	
2369	0	
2370	0	
2371	0	
2372	0	
2373	0	
2374	2.500000e-005	
2375	1.250000e-004	
2376	7.500000e-005	
2377	2.500000e-005	
2378	2.500000e-005	
2379	2.500000e-005	
2380	2.500000e-005	
2381	0	
2382	0	
2383	0	
2384	0	
2385	0	
2386	0	
2387	0	
2388	0	
2389	0	
2390	0	
2391	0	
2392	0	
2393	0	
2394	0	
2395	0	
2396	0	
2397	0	
2398	0	
2399	0	
2400	0	
2401	0	
2402	0	
2403	0	
2404	0	
2405	0	
2406	0	
2407	0	
2408	0	
2409	0	
2410	0	
2411	0	
2412	0	
2413	0	
2414	0	
2415	0	
2416	0	
2417	0	
2418	0	
2419	0	
2420	0	
2421	0	
2422	0	
2423	0	
2424	0	
2425	0	
2426	0	
2427	0	
2428	0	
2429	0	
2430	0	
2431	0	
2432	0	
2433	0	
2434	0	
2435	0	
2436	0	
2437	0	
2438	0	
2439	0	
2440	0	
2441	0	
2442	0	
2443	0	
2444	0	
2445	0	
2446	0	
2447	0	
2448	0	
2449	0	
2450	0	
2451	0	
2452	0	
2453	0	
2454	0	
2455	0	
2456	0	
2457	0	
2458	0	
2459	0	
2460	0	
2461	0	
2462	0	
2463	0	
2464	0	
2465	0	
2466	0	
2467	0	
2468	0	
2469	0	
2470	0	
2471	0	
2472	0	
2473	0	
2474	0	
2475	0	
2476	0	
2477	0	
2478	0	
2479	0	
2480	0	
2481	0	
2482	0	
2483	0	
2484	0	
2485	0	
2486	0	
2487	0	
2488	0	
2489	0	
2490	0	
2491	0	
2492	0	
2493	0	
2494	0	
2495	0	
2496	0	
2497	0	
2498	0	
2499	0	
2500	0	
2501	0	
2502	0	
2503	0	
2504	0	
2505	0	
2506	0	
2507	0	
2508	0	
2509	0	
2510	0	
2511	0	
2512	0	
2513	0	
2514	0	
2515	0	
2516	0	
2517	0	
2518	0	
2519	0	
2520	0	
2521	0	
2522	0	
2523	0	
2524	0	
2525	0	
2526	0	
2527	2.500000e-005	
2528	5.000000e-005	
2529	2.500000e-005	
2530	0	
2531	0	
2532	0	
2533	0	
2534	0	
2535	0	
2536	0	
2537	0	
2538	0	
2539	0	
2540	0	
2541	0	
2542	0	
2543	0	
2544	0	
2545	0	
2546	0	
2547	2.500000e-005	
2548	1.500000e-004	
2549	1.000000e-004	
2550	1.250000e-004	
2551	1.500000e-004	
2552	1.500000e-004	
2553	7.500000e-005	
2554	7.500000e-005	
2555	1.250000e-004	
2556	5.000000e-005	
2557	5.000000e-005	
2558	7.500000e-005	
2559	5.000000e-005	
2560	5.000000e-005	
2561	2.500000e-005	
2562	2.500000e-005	
2563	0	
2564	0	
2565	2.500000e-005	
2566	5.000000e-005	
2567	1.000000e-004	
2568	0	
2569	0	
2570	0	
2571	0	
2572	0	
2573	0	
2574	0	
2575	0	
2576	0	
2577	0	
2578	0	
2579	0	
2580	0	
2581	0	
2582	0	
2583	0	
2584	0	
2585	0	
2586	0	
2587	0	
2588	0	
2589	0	
2590	0	
2591	2.500000e-005	
2592	5.000000e-005	
2593	5.000000e-005	
2594	5.000000e-005	
2595	5.000000e-005	
2596	5.000000e-005	
2597	1.000000e-004	
2598	5.000000e-005	
2599	2.500000e-005	
2600	2.500000e-005	
2601	0	
2602	0	
2603	0	
2604	0	
2605	0	
2606	0	
2607	0	
2608	0	
2609	0	
2610	0	
2611	0	
2612	0	
2613	0	
2614	0	
2615	0	
2616	0	
2617	0	
2618	0	
2619	0	
2620	0	
2621	0	
2622	0	
2623	0	
2624	0	
2625	0	
2626	0	
2627	0	
2628	0	
2629	0	
2630	0	
2631	0	
2632	0	
2633	0	
2634	0	
2635	0	
2636	0	
2637	0	
2638	0	
2639	0	
2640	0	
2641	0	
2642	0	
2643	0	
2644	0	
2645	0	
2646	0	
2647	0	
2648	0	
2649	0	
2650	0	
2651	0	
2652	0	
2653	0	
2654	0	
2655	0	
2656	0	
2657	0	
2658	0	
2659	0	
2660	0	
2661	0	
2662	0	
2663	0	
2664	0	
2665	0	
2666	0	
2667	0	
2668	0	
2669	0	
2670	0	
2671	0	
2672	0	
2673	0	
2674	0	
2675	0	
2676	0	
2677	0	
2678	0	
2679	0	
2680	0	
2681	0	
2682	0	
2683	0	
2684	0	
2685	0	
2686	0	
2687	0	
2688	0	
2689	0	
2690	0	
2691	0	
2692	0	
2693	0	
2694	0	
2695	0	
2696	0	
2697	0	
2698	0	
2699	0	
2700	0	
2701	0	
2702	0	
2703	0	
2704	0	
2705	0	
2706	0	
2707	0	
2708	0	
2709	0	
2710	0	
2711	0	
2712	0	
2713	0	
2714	0	
2715	0	
2716	0	
2717	0	
2718	0	
2719	0	
2720	0	
2721	0	
2722	0	
2723	0	
2724	0	
2725	0	
2726	0	
2727	0	
2728	0	
2729	0	
2730	0	
2731	0	
2732	0	
2733	0	
2734	0	
2735	0	
2736	0	
2737	0	
2738	0	
2739	0	
2740	0	
2741	0	
2742	0	
2743	0	
2744	0	
2745	0	
2746	0	
2747	0	
2748	0	
2749	0	
2750	0	
2751	0	
2752	0	
2753	0	
2754	0	
2755	0	
2756	0	
2757	0	
2758	0	
2759	0	
2760	0	
2761	0	
2762	0	
2763	0	
2764	0	
2765	0	
2766	0	
2767	0	
2768	0	
2769	0	
2770	0	
2771	0	
2772	0	
2773	0	
2774	0	
2775	0	
2776	0	
2777	0	
2778	0	
2779	0	
2780	0	
2781	0	
2782	0	
2783	0	
2784	0	
2785	0	
2786	0	
2787	0	
2788	0	
2789	0	
2790	0	
2791	0	
2792	0	
2793	0	
2794	0	
2795	0	
2796	0	
2797	0	
2798	0	
2799	0	
2800	0	
2801	0	
2802	0	
2803	0	
2804	0	
2805	0	
2806	0	
2807	0	
2808	0	
2809	0	
2810	0	
2811	0	
2812	0	
2813	0	
2814	0	
2815	0	
2816	0	
2817	0	
2818	0	
2819	0	
2820	0	
2821	0	
2822	0	
2823	0	
2824	0	
2825	0	
2826	0	
2827	0	
2828	0	
2829	0	
2830	0	
2831	0	
2832	0	
2833	0	
2834	0	
2835	0	
2836	0	
2837	0	
2838	0	
2839	0	
2840	2.500000e-005	
2841	1.250000e-004	
2842	7.500000e-005	
2843	5.000000e-005	
2844	7.500000e-005	
2845	1.250000e-004	
2846	1.750000e-004	
2847	3.000000e-004	
2848	2.250000e-004	
2849	2.750000e-004	
2850	4.000000e-004	
2851	4.500000e-004	
2852	6.750000e-004	
2853	5.250000e-004	
2854	6.250000e-004	
2855	7.000000e-004	
2856	9.000000e-004	
2857	9.000000e-004	
2858	1.125000e-003	
2859	1.150000e-003	
2860	1.200000e-003	
2861	1.450000e-003	
2862	1.425000e-003	
2863	1.225000e-003	
2864	1.400000e-003	
2865	1.725000e-003	
2866	1.650000e-003	
2867	1.325000e-003	
2868	1.575000e-003	
2869	1.700000e-003	
2870	1.700000e-003	
2871	1.975000e-003	
2872	2.075000e-003	
2873	2.125000e-003	
2874	2.325000e-003	
2875	2.650000e-003	
2876	2.750000e-003	
2877	2.700000e-003	
2878	2.725000e-003	
2879	2.575000e-003	
2880	2.625000e-003	
2881	2.800000e-003	
2882	2.800000e-003	
2883	2.825000e-003	
2884	2.975000e-003	
2885	2.925000e-003	
2886	2.950000e-003	
2887	2.925000e-003	
2888	3.025000e-003	
2889	3.375000e-003	
2890	3.650000e-003	
2891	3.500000e-003	
2892	3.100000e-003	
2893	3.400000e-003	
2894	3.575000e-003	
2895	3.600000e-003	
2896	3.850000e-003	
2897	4.125000e-003	
2898	4.100000e-003	
2899	4.225000e-003	
2900	4.575000e-003	
2901	5.325000e-003	
2902	4.950000e-003	
2903	4.675000e-003	
2904	5.250000e-003	
2905	4.675000e-003	
2906	4.600000e-003	
2907	4.425000e-003	
2908	4.375000e-003	
2909	4.525000e-003	
2910	4.700000e-003	
2911	4.800000e-003	
2912	5.225000e-003	
2913	5.950000e-003	
2914	5.575000e-003	
2915	5.475000e-003	
2916	4.950000e-003	
2917	5.550000e-003	
2918	5.825000e-003	
2919	6.525000e-003	
2920	6.550000e-003	
2921	6.200000e-003	
2922	6.500000e-003	
2923	6.650000e-003	
2924	5.950000e-003	
2925	6.000000e-003	
2926	6.775000e-003	
2927	7.300000e-003	
2928	7.150000e-003	
2929	6.975000e-003	
2930	6.775000e-003	
2931	7.425000e-003	
2932	7.800000e-003	
2933	7.775000e-003	
2934	7.900000e-003	
2935	7.550000e-003	
2936	7.600000e-003	
2937	7.225000e-003	
2938	7.625000e-003	
2939	7.450000e-003	
2940	7.550000e-003	
2941	7.625000e-003	
2942	7.450000e-003	
2943	8.050000e-003	
2944	8.450000e-003	
2945	7.775000e-003	
2946	8.050000e-003	
2947	7.775000e-003	
2948	7.525000e-003	
2949	7.075000e-003	
2950	6.725000e-003	
2951	6.225000e-003	
2952	6.300000e-003	
2953	5.975000e-003	
2954	5.500000e-003	
2955	4.350000e-003	
2956	3.575000e-003	
2957	3.025000e-003	
2958	3.075000e-003	
2959	3.500000e-003	
2960	3.425000e-003	
2961	2.750000e-003	
2962	2.325000e-003	
2963	2.175000e-003	
2964	2.025000e-003	
2965	1.850000e-003	
2966	1.725000e-003	
2967	1.900000e-003	
2968	1.875000e-003	
2969	1.275000e-003	
2970	1.000000e-003	
2971	9.250000e-004	
2972	4.000000e-004	
2973	2.750000e-004	
2974	1.750000e-004	
2975	1.250000e-004	
2976	7.500000e-005	
2977	0	
2978	0	
2979	0	
2980	0	
2981	0	
2982	0	
2983	0	
2984	0	
2985	0	
2986	0	
2987	0	
2988	0	
2989	0	
2990	0	
2991	0	
2992	0	
2993	0	
2994	0	
2995	0	
2996	0	
2997	0	
2998	0	
2999	0	
3000	0	
3001	0	
