1	0	
2	0	
3	0	
4	0	
5	0	
6	0	
7	0	
8	0	
9	0	
10	0	
11	0	
12	0	
13	0	
14	0	
15	0	
16	0	
17	0	
18	0	
19	2.500000e-005	
20	2.500000e-005	
21	5.000000e-005	
22	2.500000e-005	
23	2.500000e-005	
24	2.500000e-005	
25	2.500000e-005	
26	2.500000e-005	
27	5.000000e-005	
28	1.000000e-004	
29	2.500000e-005	
30	0	
31	0	
32	0	
33	0	
34	0	
35	0	
36	0	
37	0	
38	0	
39	0	
40	0	
41	0	
42	0	
43	0	
44	0	
45	0	
46	0	
47	0	
48	0	
49	0	
50	0	
51	0	
52	0	
53	0	
54	0	
55	0	
56	0	
57	0	
58	0	
59	0	
60	0	
61	0	
62	0	
63	0	
64	0	
65	0	
66	0	
67	0	
68	0	
69	0	
70	0	
71	0	
72	0	
73	0	
74	0	
75	0	
76	0	
77	0	
78	0	
79	0	
80	0	
81	0	
82	0	
83	0	
84	0	
85	0	
86	0	
87	0	
88	0	
89	0	
90	0	
91	0	
92	0	
93	0	
94	0	
95	0	
96	0	
97	0	
98	0	
99	0	
100	0	
101	0	
102	0	
103	0	
104	0	
105	0	
106	0	
107	0	
108	0	
109	0	
110	0	
111	0	
112	0	
113	0	
114	0	
115	0	
116	0	
117	0	
118	0	
119	0	
120	0	
121	0	
122	0	
123	0	
124	0	
125	0	
126	0	
127	0	
128	0	
129	0	
130	0	
131	0	
132	0	
133	0	
134	0	
135	0	
136	0	
137	0	
138	0	
139	0	
140	0	
141	0	
142	0	
143	0	
144	0	
145	0	
146	0	
147	0	
148	0	
149	0	
150	0	
151	0	
152	0	
153	0	
154	0	
155	0	
156	0	
157	0	
158	0	
159	2.500000e-005	
160	0	
161	0	
162	0	
163	0	
164	0	
165	0	
166	0	
167	0	
168	0	
169	0	
170	0	
171	0	
172	0	
173	0	
174	0	
175	0	
176	0	
177	0	
178	0	
179	0	
180	0	
181	0	
182	0	
183	0	
184	0	
185	0	
186	0	
187	0	
188	0	
189	0	
190	0	
191	0	
192	0	
193	0	
194	0	
195	0	
196	0	
197	0	
198	0	
199	0	
200	0	
201	0	
202	0	
203	0	
204	0	
205	0	
206	0	
207	0	
208	0	
209	0	
210	0	
211	0	
212	0	
213	0	
214	0	
215	0	
216	0	
217	0	
218	0	
219	0	
220	0	
221	0	
222	0	
223	0	
224	0	
225	0	
226	0	
227	0	
228	0	
229	0	
230	0	
231	0	
232	0	
233	0	
234	0	
235	0	
236	0	
237	0	
238	0	
239	0	
240	0	
241	0	
242	0	
243	0	
244	0	
245	0	
246	0	
247	0	
248	0	
249	0	
250	0	
251	0	
252	0	
253	0	
254	0	
255	0	
256	0	
257	0	
258	0	
259	0	
260	0	
261	0	
262	0	
263	0	
264	0	
265	0	
266	0	
267	2.500000e-005	
268	7.500000e-005	
269	1.000000e-004	
270	1.500000e-004	
271	1.500000e-004	
272	5.000000e-005	
273	2.500000e-005	
274	5.000000e-005	
275	2.500000e-005	
276	2.500000e-005	
277	2.500000e-005	
278	0	
279	0	
280	0	
281	0	
282	0	
283	0	
284	0	
285	0	
286	0	
287	0	
288	0	
289	0	
290	0	
291	0	
292	0	
293	0	
294	0	
295	0	
296	0	
297	2.500000e-005	
298	5.000000e-005	
299	5.000000e-005	
300	2.500000e-005	
301	7.500000e-005	
302	7.500000e-005	
303	7.500000e-005	
304	1.250000e-004	
305	7.500000e-005	
306	2.500000e-005	
307	2.500000e-005	
308	2.500000e-005	
309	7.500000e-005	
310	5.000000e-005	
311	5.000000e-005	
312	0	
313	0	
314	0	
315	7.500000e-005	
316	1.500000e-004	
317	7.500000e-005	
318	7.500000e-005	
319	5.000000e-005	
320	5.000000e-005	
321	1.000000e-004	
322	1.750000e-004	
323	7.500000e-005	
324	2.500000e-005	
325	2.500000e-005	
326	2.500000e-005	
327	0	
328	2.500000e-005	
329	5.000000e-005	
330	1.000000e-004	
331	1.250000e-004	
332	2.000000e-004	
333	1.000000e-004	
334	2.000000e-004	
335	1.750000e-004	
336	1.250000e-004	
337	7.500000e-005	
338	5.000000e-005	
339	7.500000e-005	
340	2.000000e-004	
341	2.500000e-004	
342	2.750000e-004	
343	3.500000e-004	
344	2.250000e-004	
345	3.250000e-004	
346	2.500000e-004	
347	2.750000e-004	
348	2.250000e-004	
349	2.000000e-004	
350	1.000000e-004	
351	1.500000e-004	
352	1.500000e-004	
353	1.500000e-004	
354	1.000000e-004	
355	7.500000e-005	
356	1.500000e-004	
357	1.750000e-004	
358	1.750000e-004	
359	1.750000e-004	
360	1.750000e-004	
361	2.500000e-004	
362	2.750000e-004	
363	3.250000e-004	
364	3.000000e-004	
365	3.000000e-004	
366	3.500000e-004	
367	2.250000e-004	
368	1.750000e-004	
369	1.500000e-004	
370	1.250000e-004	
371	1.250000e-004	
372	1.750000e-004	
373	1.750000e-004	
374	2.500000e-004	
375	2.750000e-004	
376	2.500000e-004	
377	1.750000e-004	
378	2.500000e-004	
379	2.500000e-004	
380	1.500000e-004	
381	2.000000e-004	
382	5.000000e-005	
383	0	
384	0	
385	0	
386	0	
387	0	
388	0	
389	0	
390	0	
391	0	
392	0	
393	0	
394	0	
395	0	
396	0	
397	0	
398	0	
399	0	
400	0	
401	0	
402	0	
403	0	
404	0	
405	0	
406	0	
407	0	
408	0	
409	0	
410	0	
411	0	
412	0	
413	0	
414	0	
415	0	
416	0	
417	0	
418	0	
419	0	
420	0	
421	0	
422	0	
423	0	
424	0	
425	0	
426	0	
427	0	
428	0	
429	0	
430	0	
431	0	
432	0	
433	0	
434	0	
435	0	
436	0	
437	0	
438	0	
439	0	
440	0	
441	0	
442	0	
443	0	
444	0	
445	0	
446	0	
447	0	
448	0	
449	0	
450	0	
451	0	
452	0	
453	0	
454	0	
455	0	
456	0	
457	0	
458	0	
459	0	
460	0	
461	0	
462	0	
463	0	
464	0	
465	0	
466	0	
467	0	
468	0	
469	0	
470	0	
471	0	
472	0	
473	0	
474	0	
475	0	
476	0	
477	0	
478	0	
479	0	
480	0	
481	0	
482	0	
483	0	
484	0	
485	0	
486	0	
487	0	
488	0	
489	0	
490	0	
491	0	
492	0	
493	0	
494	0	
495	0	
496	0	
497	0	
498	0	
499	0	
500	0	
501	0	
502	0	
503	0	
504	0	
505	0	
506	0	
507	0	
508	0	
509	0	
510	0	
511	0	
512	0	
513	0	
514	0	
515	0	
516	0	
517	0	
518	0	
519	0	
520	0	
521	0	
522	0	
523	0	
524	0	
525	0	
526	0	
527	0	
528	0	
529	0	
530	0	
531	0	
532	0	
533	0	
534	0	
535	0	
536	0	
537	0	
538	0	
539	0	
540	0	
541	0	
542	0	
543	0	
544	0	
545	0	
546	0	
547	0	
548	0	
549	0	
550	0	
551	0	
552	0	
553	0	
554	0	
555	0	
556	0	
557	0	
558	0	
559	0	
560	0	
561	0	
562	0	
563	0	
564	0	
565	0	
566	0	
567	0	
568	0	
569	0	
570	0	
571	0	
572	0	
573	0	
574	0	
575	0	
576	0	
577	0	
578	0	
579	0	
580	0	
581	0	
582	0	
583	0	
584	0	
585	0	
586	0	
587	0	
588	0	
589	0	
590	0	
591	0	
592	0	
593	0	
594	0	
595	0	
596	0	
597	0	
598	0	
599	0	
600	0	
601	0	
602	0	
603	0	
604	0	
605	0	
606	0	
607	0	
608	0	
609	0	
610	0	
611	0	
612	0	
613	0	
614	0	
615	0	
616	0	
617	0	
618	0	
619	0	
620	0	
621	0	
622	0	
623	0	
624	2.500000e-005	
625	5.000000e-005	
626	7.500000e-005	
627	1.250000e-004	
628	1.500000e-004	
629	1.250000e-004	
630	1.500000e-004	
631	2.000000e-004	
632	1.500000e-004	
633	7.500000e-005	
634	1.250000e-004	
635	2.250000e-004	
636	2.000000e-004	
637	2.250000e-004	
638	3.250000e-004	
639	2.500000e-004	
640	2.750000e-004	
641	1.250000e-004	
642	1.250000e-004	
643	2.000000e-004	
644	2.250000e-004	
645	2.000000e-004	
646	2.000000e-004	
647	2.500000e-004	
648	1.750000e-004	
649	1.500000e-004	
650	1.750000e-004	
651	7.500000e-005	
652	5.000000e-005	
653	1.000000e-004	
654	1.250000e-004	
655	1.750000e-004	
656	2.250000e-004	
657	1.250000e-004	
658	1.250000e-004	
659	0	
660	0	
661	0	
662	0	
663	0	
664	0	
665	0	
666	0	
667	0	
668	0	
669	0	
670	0	
671	0	
672	0	
673	0	
674	0	
675	0	
676	0	
677	0	
678	0	
679	0	
680	0	
681	0	
682	0	
683	0	
684	0	
685	0	
686	0	
687	0	
688	0	
689	0	
690	0	
691	0	
692	0	
693	0	
694	0	
695	0	
696	0	
697	0	
698	0	
699	0	
700	0	
701	0	
702	0	
703	0	
704	0	
705	0	
706	0	
707	0	
708	2.500000e-005	
709	0	
710	2.500000e-005	
711	5.000000e-005	
712	7.500000e-005	
713	5.000000e-005	
714	7.500000e-005	
715	1.000000e-004	
716	2.000000e-004	
717	1.750000e-004	
718	2.250000e-004	
719	1.750000e-004	
720	1.500000e-004	
721	1.250000e-004	
722	7.500000e-005	
723	1.000000e-004	
724	5.000000e-005	
725	5.000000e-005	
726	5.000000e-005	
727	0	
728	0	
729	0	
730	0	
731	2.500000e-005	
732	0	
733	2.500000e-005	
734	5.000000e-005	
735	7.500000e-005	
736	1.000000e-004	
737	1.750000e-004	
738	1.500000e-004	
739	1.500000e-004	
740	1.750000e-004	
741	1.500000e-004	
742	1.750000e-004	
743	1.500000e-004	
744	3.500000e-004	
745	3.750000e-004	
746	3.750000e-004	
747	6.000000e-004	
748	7.000000e-004	
749	5.000000e-004	
750	3.750000e-004	
751	3.250000e-004	
752	3.750000e-004	
753	4.250000e-004	
754	5.750000e-004	
755	4.500000e-004	
756	8.250000e-004	
757	1.000000e-003	
758	1.200000e-003	
759	1.150000e-003	
760	1.150000e-003	
761	1.025000e-003	
762	8.750000e-004	
763	1.025000e-003	
764	1.000000e-003	
765	1.125000e-003	
766	1.150000e-003	
767	1.300000e-003	
768	1.575000e-003	
769	1.850000e-003	
770	2.025000e-003	
771	1.975000e-003	
772	1.925000e-003	
773	1.900000e-003	
774	1.825000e-003	
775	2.100000e-003	
776	1.725000e-003	
777	1.575000e-003	
778	1.850000e-003	
779	2.400000e-003	
780	1.875000e-003	
781	1.800000e-003	
782	1.675000e-003	
783	1.375000e-003	
784	1.600000e-003	
785	1.800000e-003	
786	1.625000e-003	
787	1.450000e-003	
788	1.575000e-003	
789	1.625000e-003	
790	1.650000e-003	
791	1.575000e-003	
792	1.875000e-003	
793	1.650000e-003	
794	1.400000e-003	
795	1.400000e-003	
796	1.200000e-003	
797	1.200000e-003	
798	1.375000e-003	
799	1.425000e-003	
800	1.525000e-003	
801	1.375000e-003	
802	1.150000e-003	
803	1.150000e-003	
804	1.425000e-003	
805	1.600000e-003	
806	1.475000e-003	
807	1.550000e-003	
808	1.725000e-003	
809	1.750000e-003	
810	1.750000e-003	
811	1.975000e-003	
812	2.425000e-003	
813	2.175000e-003	
814	1.750000e-003	
815	1.825000e-003	
816	1.725000e-003	
817	1.625000e-003	
818	1.375000e-003	
819	1.350000e-003	
820	1.300000e-003	
821	1.350000e-003	
822	1.350000e-003	
823	2.000000e-003	
824	1.750000e-003	
825	1.725000e-003	
826	1.725000e-003	
827	1.800000e-003	
828	1.875000e-003	
829	1.750000e-003	
830	1.700000e-003	
831	1.825000e-003	
832	1.800000e-003	
833	1.800000e-003	
834	1.750000e-003	
835	1.650000e-003	
836	1.700000e-003	
837	2.025000e-003	
838	1.975000e-003	
839	1.975000e-003	
840	2.175000e-003	
841	2.275000e-003	
842	2.250000e-003	
843	2.325000e-003	
844	2.625000e-003	
845	2.950000e-003	
846	2.875000e-003	
847	2.675000e-003	
848	2.800000e-003	
849	2.575000e-003	
850	3.000000e-003	
851	3.550000e-003	
852	3.900000e-003	
853	4.200000e-003	
854	4.775000e-003	
855	4.275000e-003	
856	3.875000e-003	
857	3.925000e-003	
858	4.125000e-003	
859	3.650000e-003	
860	3.650000e-003	
861	4.200000e-003	
862	4.425000e-003	
863	3.825000e-003	
864	4.150000e-003	
865	4.100000e-003	
866	4.450000e-003	
867	4.125000e-003	
868	4.600000e-003	
869	4.775000e-003	
870	4.850000e-003	
871	4.825000e-003	
872	4.650000e-003	
873	4.450000e-003	
874	4.350000e-003	
875	4.500000e-003	
876	4.450000e-003	
877	4.550000e-003	
878	5.075000e-003	
879	4.975000e-003	
880	5.400000e-003	
881	5.450000e-003	
882	4.750000e-003	
883	4.975000e-003	
884	5.450000e-003	
885	5.275000e-003	
886	5.500000e-003	
887	4.950000e-003	
888	5.075000e-003	
889	5.050000e-003	
890	5.000000e-003	
891	4.900000e-003	
892	5.175000e-003	
893	5.150000e-003	
894	4.975000e-003	
895	5.000000e-003	
896	4.550000e-003	
897	3.675000e-003	
898	3.700000e-003	
899	3.850000e-003	
900	4.050000e-003	
901	3.975000e-003	
902	4.150000e-003	
903	3.975000e-003	
904	3.850000e-003	
905	3.875000e-003	
906	4.150000e-003	
907	4.325000e-003	
908	4.425000e-003	
909	4.450000e-003	
910	4.650000e-003	
911	4.325000e-003	
912	4.150000e-003	
913	3.325000e-003	
914	3.425000e-003	
915	3.575000e-003	
916	3.600000e-003	
917	3.575000e-003	
918	3.400000e-003	
919	3.275000e-003	
920	3.125000e-003	
921	2.725000e-003	
922	2.750000e-003	
923	2.450000e-003	
924	2.150000e-003	
925	2.125000e-003	
926	2.775000e-003	
927	2.725000e-003	
928	3.175000e-003	
929	3.350000e-003	
930	3.075000e-003	
931	3.000000e-003	
932	3.025000e-003	
933	3.125000e-003	
934	3.200000e-003	
935	3.250000e-003	
936	3.050000e-003	
937	3.100000e-003	
938	2.925000e-003	
939	3.200000e-003	
940	2.825000e-003	
941	2.600000e-003	
942	2.850000e-003	
943	3.100000e-003	
944	2.900000e-003	
945	2.500000e-003	
946	2.100000e-003	
947	1.950000e-003	
948	1.950000e-003	
949	2.400000e-003	
950	2.550000e-003	
951	2.500000e-003	
952	2.975000e-003	
953	3.225000e-003	
954	3.225000e-003	
955	2.825000e-003	
956	2.275000e-003	
957	2.150000e-003	
958	2.050000e-003	
959	1.900000e-003	
960	1.950000e-003	
961	2.025000e-003	
962	1.550000e-003	
963	1.725000e-003	
964	1.750000e-003	
965	1.350000e-003	
966	1.225000e-003	
967	1.175000e-003	
968	1.225000e-003	
969	1.225000e-003	
970	1.200000e-003	
971	1.350000e-003	
972	1.375000e-003	
973	1.350000e-003	
974	1.325000e-003	
975	1.425000e-003	
976	1.250000e-003	
977	1.100000e-003	
978	1.175000e-003	
979	9.750000e-004	
980	5.000000e-004	
981	3.000000e-004	
982	4.250000e-004	
983	5.750000e-004	
984	4.000000e-004	
985	3.250000e-004	
986	2.500000e-004	
987	3.250000e-004	
988	2.500000e-004	
989	2.750000e-004	
990	2.250000e-004	
991	1.750000e-004	
992	7.500000e-005	
993	5.000000e-005	
994	5.000000e-005	
995	5.000000e-005	
996	7.500000e-005	
997	1.000000e-004	
998	1.000000e-004	
999	1.250000e-004	
1000	2.500000e-005	
1001	2.500000e-005	
1002	2.500000e-005	
1003	0	
1004	0	
1005	0	
1006	0	
1007	0	
1008	0	
1009	0	
1010	0	
1011	0	
1012	0	
1013	0	
1014	0	
1015	0	
1016	0	
1017	0	
1018	0	
1019	0	
1020	0	
1021	0	
1022	0	
1023	0	
1024	0	
1025	0	
1026	0	
1027	0	
1028	0	
1029	0	
1030	0	
1031	0	
1032	0	
1033	0	
1034	0	
1035	0	
1036	0	
1037	0	
1038	0	
1039	0	
1040	0	
1041	0	
1042	0	
1043	0	
1044	0	
1045	0	
1046	0	
1047	0	
1048	0	
1049	0	
1050	0	
1051	0	
1052	0	
1053	0	
1054	0	
1055	0	
1056	0	
1057	0	
1058	0	
1059	0	
1060	0	
1061	0	
1062	0	
1063	0	
1064	0	
1065	0	
1066	0	
1067	0	
1068	0	
1069	0	
1070	0	
1071	0	
1072	0	
1073	0	
1074	0	
1075	0	
1076	0	
1077	0	
1078	0	
1079	0	
1080	0	
1081	0	
1082	0	
1083	0	
1084	0	
1085	0	
1086	0	
1087	0	
1088	0	
1089	0	
1090	0	
1091	0	
1092	0	
1093	0	
1094	0	
1095	0	
1096	0	
1097	0	
1098	0	
1099	0	
1100	0	
1101	0	
1102	0	
1103	0	
1104	0	
1105	0	
1106	0	
1107	0	
1108	0	
1109	0	
1110	0	
1111	0	
1112	0	
1113	0	
1114	0	
1115	0	
1116	0	
1117	0	
1118	0	
1119	0	
1120	0	
1121	0	
1122	0	
1123	0	
1124	0	
1125	0	
1126	0	
1127	2.500000e-005	
1128	0	
1129	0	
1130	0	
1131	0	
1132	0	
1133	0	
1134	0	
1135	0	
1136	0	
1137	0	
1138	0	
1139	0	
1140	0	
1141	0	
1142	0	
1143	0	
1144	0	
1145	0	
1146	0	
1147	0	
1148	0	
1149	0	
1150	0	
1151	0	
1152	0	
1153	0	
1154	0	
1155	0	
1156	0	
1157	0	
1158	0	
1159	0	
1160	0	
1161	0	
1162	0	
1163	0	
1164	0	
1165	0	
1166	0	
1167	0	
1168	0	
1169	0	
1170	0	
1171	0	
1172	2.500000e-005	
1173	2.500000e-005	
1174	0	
1175	0	
1176	0	
1177	0	
1178	0	
1179	0	
1180	0	
1181	0	
1182	0	
1183	0	
1184	0	
1185	0	
1186	0	
1187	0	
1188	0	
1189	0	
1190	0	
1191	0	
1192	0	
1193	0	
1194	0	
1195	0	
1196	0	
1197	0	
1198	2.500000e-005	
1199	2.500000e-005	
1200	7.500000e-005	
1201	7.500000e-005	
1202	2.500000e-005	
1203	2.500000e-005	
1204	0	
1205	0	
1206	0	
1207	0	
1208	0	
1209	0	
1210	0	
1211	0	
1212	0	
1213	0	
1214	0	
1215	0	
1216	0	
1217	0	
1218	0	
1219	0	
1220	0	
1221	0	
1222	0	
1223	0	
1224	0	
1225	0	
1226	0	
1227	0	
1228	0	
1229	0	
1230	0	
1231	0	
1232	0	
1233	0	
1234	0	
1235	0	
1236	0	
1237	0	
1238	0	
1239	0	
1240	0	
1241	0	
1242	0	
1243	0	
1244	0	
1245	0	
1246	0	
1247	0	
1248	0	
1249	0	
1250	0	
1251	0	
1252	2.500000e-005	
1253	2.500000e-005	
1254	0	
1255	0	
1256	0	
1257	0	
1258	0	
1259	0	
1260	0	
1261	0	
1262	0	
1263	0	
1264	0	
1265	0	
1266	0	
1267	0	
1268	0	
1269	0	
1270	0	
1271	0	
1272	0	
1273	0	
1274	0	
1275	0	
1276	0	
1277	0	
1278	0	
1279	0	
1280	0	
1281	0	
1282	0	
1283	0	
1284	0	
1285	0	
1286	0	
1287	0	
1288	0	
1289	0	
1290	0	
1291	0	
1292	0	
1293	0	
1294	0	
1295	0	
1296	0	
1297	0	
1298	0	
1299	0	
1300	0	
1301	0	
1302	0	
1303	0	
1304	0	
1305	0	
1306	0	
1307	0	
1308	0	
1309	0	
1310	0	
1311	0	
1312	0	
1313	0	
1314	0	
1315	0	
1316	0	
1317	2.500000e-005	
1318	5.000000e-005	
1319	5.000000e-005	
1320	2.500000e-005	
1321	0	
1322	0	
1323	0	
1324	0	
1325	0	
1326	2.500000e-005	
1327	5.000000e-005	
1328	5.000000e-005	
1329	5.000000e-005	
1330	0	
1331	0	
1332	0	
1333	0	
1334	0	
1335	0	
1336	2.500000e-005	
1337	5.000000e-005	
1338	7.500000e-005	
1339	2.500000e-005	
1340	2.500000e-005	
1341	2.500000e-005	
1342	2.500000e-005	
1343	2.500000e-005	
1344	2.500000e-005	
1345	5.000000e-005	
1346	0	
1347	0	
1348	0	
1349	0	
1350	0	
1351	0	
1352	0	
1353	0	
1354	2.500000e-005	
1355	0	
1356	0	
1357	0	
1358	0	
1359	0	
1360	0	
1361	0	
1362	0	
1363	0	
1364	0	
1365	0	
1366	0	
1367	0	
1368	0	
1369	0	
1370	0	
1371	0	
1372	0	
1373	0	
1374	0	
1375	0	
1376	0	
1377	0	
1378	0	
1379	0	
1380	0	
1381	0	
1382	0	
1383	0	
1384	0	
1385	0	
1386	0	
1387	0	
1388	0	
1389	0	
1390	0	
1391	0	
1392	0	
1393	0	
1394	0	
1395	0	
1396	0	
1397	0	
1398	0	
1399	0	
1400	0	
1401	0	
1402	0	
1403	0	
1404	0	
1405	0	
1406	0	
1407	0	
1408	0	
1409	0	
1410	0	
1411	0	
1412	0	
1413	0	
1414	0	
1415	0	
1416	0	
1417	0	
1418	0	
1419	0	
1420	0	
1421	0	
1422	0	
1423	0	
1424	0	
1425	0	
1426	0	
1427	0	
1428	0	
1429	0	
1430	0	
1431	0	
1432	0	
1433	0	
1434	0	
1435	0	
1436	0	
1437	0	
1438	0	
1439	0	
1440	0	
1441	0	
1442	0	
1443	0	
1444	0	
1445	0	
1446	0	
1447	0	
1448	0	
1449	0	
1450	0	
1451	0	
1452	0	
1453	0	
1454	0	
1455	0	
1456	0	
1457	0	
1458	0	
1459	0	
1460	0	
1461	0	
1462	0	
1463	0	
1464	0	
1465	0	
1466	0	
1467	0	
1468	0	
1469	0	
1470	0	
1471	0	
1472	0	
1473	0	
1474	0	
1475	0	
1476	0	
1477	0	
1478	0	
1479	0	
1480	0	
1481	0	
1482	0	
1483	0	
1484	0	
1485	0	
1486	0	
1487	0	
1488	0	
1489	0	
1490	0	
1491	0	
1492	0	
1493	2.500000e-005	
1494	2.500000e-005	
1495	1.000000e-004	
1496	7.500000e-005	
1497	5.000000e-005	
1498	5.000000e-005	
1499	2.500000e-005	
1500	2.500000e-005	
1501	2.500000e-005	
1502	2.500000e-005	
1503	2.500000e-005	
1504	5.000000e-005	
1505	5.000000e-005	
1506	0	
1507	0	
1508	0	
1509	0	
1510	0	
1511	0	
1512	0	
1513	0	
1514	0	
1515	0	
1516	0	
1517	0	
1518	0	
1519	0	
1520	0	
1521	0	
1522	0	
1523	0	
1524	0	
1525	0	
1526	0	
1527	0	
1528	0	
1529	0	
1530	0	
1531	0	
1532	0	
1533	0	
1534	0	
1535	0	
1536	0	
1537	0	
1538	0	
1539	0	
1540	0	
1541	0	
1542	0	
1543	0	
1544	0	
1545	0	
1546	0	
1547	0	
1548	0	
1549	0	
1550	0	
1551	0	
1552	0	
1553	0	
1554	2.500000e-005	
1555	2.500000e-005	
1556	0	
1557	0	
1558	0	
1559	0	
1560	0	
1561	0	
1562	0	
1563	0	
1564	0	
1565	0	
1566	0	
1567	0	
1568	0	
1569	0	
1570	0	
1571	0	
1572	0	
1573	0	
1574	0	
1575	0	
1576	0	
1577	0	
1578	0	
1579	0	
1580	0	
1581	0	
1582	0	
1583	0	
1584	0	
1585	0	
1586	0	
1587	0	
1588	0	
1589	0	
1590	0	
1591	0	
1592	0	
1593	0	
1594	0	
1595	0	
1596	0	
1597	0	
1598	0	
1599	0	
1600	0	
1601	0	
1602	0	
1603	0	
1604	0	
1605	0	
1606	0	
1607	0	
1608	0	
1609	0	
1610	0	
1611	0	
1612	0	
1613	0	
1614	0	
1615	0	
1616	0	
1617	0	
1618	0	
1619	0	
1620	0	
1621	0	
1622	0	
1623	0	
1624	0	
1625	0	
1626	0	
1627	0	
1628	0	
1629	0	
1630	0	
1631	0	
1632	0	
1633	0	
1634	0	
1635	0	
1636	0	
1637	0	
1638	0	
1639	0	
1640	0	
1641	0	
1642	0	
1643	0	
1644	0	
1645	0	
1646	0	
1647	0	
1648	0	
1649	0	
1650	0	
1651	0	
1652	0	
1653	0	
1654	0	
1655	0	
1656	0	
1657	0	
1658	0	
1659	0	
1660	0	
1661	0	
1662	0	
1663	0	
1664	0	
1665	0	
1666	0	
1667	0	
1668	0	
1669	0	
1670	0	
1671	0	
1672	0	
1673	0	
1674	0	
1675	0	
1676	0	
1677	0	
1678	0	
1679	0	
1680	0	
1681	0	
1682	0	
1683	0	
1684	0	
1685	0	
1686	0	
1687	0	
1688	0	
1689	0	
1690	0	
1691	0	
1692	0	
1693	0	
1694	0	
1695	0	
1696	0	
1697	0	
1698	0	
1699	0	
1700	0	
1701	0	
1702	0	
1703	0	
1704	0	
1705	0	
1706	0	
1707	0	
1708	0	
1709	0	
1710	0	
1711	0	
1712	0	
1713	0	
1714	0	
1715	0	
1716	0	
1717	0	
1718	0	
1719	0	
1720	0	
1721	0	
1722	0	
1723	0	
1724	0	
1725	2.500000e-005	
1726	5.000000e-005	
1727	0	
1728	0	
1729	2.500000e-005	
1730	5.000000e-005	
1731	2.500000e-005	
1732	2.500000e-005	
1733	7.500000e-005	
1734	5.000000e-005	
1735	5.000000e-005	
1736	2.500000e-005	
1737	2.500000e-005	
1738	2.500000e-005	
1739	5.000000e-005	
1740	5.000000e-005	
1741	0	
1742	0	
1743	0	
1744	0	
1745	0	
1746	0	
1747	0	
1748	0	
1749	0	
1750	0	
1751	0	
1752	0	
1753	0	
1754	0	
1755	0	
1756	0	
1757	0	
1758	0	
1759	0	
1760	0	
1761	0	
1762	0	
1763	0	
1764	0	
1765	0	
1766	0	
1767	0	
1768	0	
1769	0	
1770	0	
1771	0	
1772	0	
1773	0	
1774	0	
1775	0	
1776	0	
1777	0	
1778	0	
1779	0	
1780	0	
1781	0	
1782	0	
1783	0	
1784	0	
1785	0	
1786	0	
1787	0	
1788	0	
1789	0	
1790	0	
1791	0	
1792	0	
1793	0	
1794	0	
1795	0	
1796	0	
1797	0	
1798	0	
1799	0	
1800	0	
1801	0	
1802	0	
1803	0	
1804	0	
1805	0	
1806	0	
1807	0	
1808	0	
1809	0	
1810	0	
1811	0	
1812	0	
1813	2.500000e-005	
1814	0	
1815	0	
1816	0	
1817	0	
1818	0	
1819	0	
1820	0	
1821	0	
1822	0	
1823	0	
1824	0	
1825	0	
1826	0	
1827	0	
1828	0	
1829	0	
1830	0	
1831	0	
1832	2.500000e-005	
1833	2.500000e-005	
1834	5.000000e-005	
1835	7.500000e-005	
1836	2.250000e-004	
1837	3.000000e-004	
1838	3.750000e-004	
1839	4.500000e-004	
1840	5.000000e-004	
1841	5.000000e-004	
1842	5.750000e-004	
1843	5.500000e-004	
1844	5.000000e-004	
1845	3.250000e-004	
1846	5.750000e-004	
1847	5.750000e-004	
1848	6.750000e-004	
1849	6.250000e-004	
1850	7.750000e-004	
1851	6.000000e-004	
1852	6.750000e-004	
1853	6.750000e-004	
1854	8.250000e-004	
1855	8.000000e-004	
1856	1.125000e-003	
1857	1.125000e-003	
1858	9.500000e-004	
1859	5.750000e-004	
1860	6.000000e-004	
1861	5.250000e-004	
1862	4.500000e-004	
1863	4.500000e-004	
1864	3.250000e-004	
1865	3.750000e-004	
1866	2.750000e-004	
1867	2.750000e-004	
1868	2.750000e-004	
1869	2.250000e-004	
1870	2.250000e-004	
1871	2.250000e-004	
1872	2.250000e-004	
1873	2.500000e-004	
1874	3.500000e-004	
1875	4.750000e-004	
1876	4.000000e-004	
1877	3.750000e-004	
1878	4.250000e-004	
1879	6.500000e-004	
1880	5.500000e-004	
1881	5.000000e-004	
1882	4.500000e-004	
1883	3.750000e-004	
1884	5.000000e-004	
1885	4.750000e-004	
1886	4.750000e-004	
1887	3.750000e-004	
1888	3.500000e-004	
1889	3.500000e-004	
1890	4.000000e-004	
1891	3.000000e-004	
1892	3.500000e-004	
1893	4.000000e-004	
1894	5.500000e-004	
1895	4.500000e-004	
1896	5.000000e-004	
1897	3.250000e-004	
1898	4.000000e-004	
1899	4.000000e-004	
1900	4.750000e-004	
1901	5.000000e-004	
1902	3.750000e-004	
1903	5.500000e-004	
1904	5.500000e-004	
1905	4.500000e-004	
1906	6.000000e-004	
1907	5.500000e-004	
1908	5.750000e-004	
1909	6.750000e-004	
1910	6.750000e-004	
1911	7.000000e-004	
1912	6.750000e-004	
1913	8.750000e-004	
1914	9.000000e-004	
1915	7.750000e-004	
1916	1.050000e-003	
1917	1.150000e-003	
1918	1.000000e-003	
1919	9.250000e-004	
1920	1.100000e-003	
1921	1.075000e-003	
1922	1.025000e-003	
1923	1.100000e-003	
1924	1.275000e-003	
1925	1.325000e-003	
1926	1.475000e-003	
1927	1.350000e-003	
1928	1.475000e-003	
1929	1.675000e-003	
1930	1.375000e-003	
1931	1.125000e-003	
1932	1.100000e-003	
1933	1.200000e-003	
1934	1.250000e-003	
1935	1.225000e-003	
1936	1.175000e-003	
1937	1.325000e-003	
1938	1.350000e-003	
1939	1.550000e-003	
1940	1.450000e-003	
1941	1.275000e-003	
1942	1.350000e-003	
1943	1.150000e-003	
1944	6.750000e-004	
1945	5.750000e-004	
1946	6.750000e-004	
1947	5.250000e-004	
1948	6.500000e-004	
1949	7.750000e-004	
1950	7.500000e-004	
1951	9.250000e-004	
1952	9.000000e-004	
1953	8.500000e-004	
1954	1.075000e-003	
1955	1.100000e-003	
1956	1.450000e-003	
1957	1.325000e-003	
1958	1.325000e-003	
1959	1.500000e-003	
1960	1.650000e-003	
1961	1.625000e-003	
1962	1.575000e-003	
1963	1.350000e-003	
1964	1.175000e-003	
1965	1.200000e-003	
1966	1.375000e-003	
1967	1.525000e-003	
1968	1.575000e-003	
1969	1.225000e-003	
1970	1.150000e-003	
1971	1.000000e-003	
1972	8.750000e-004	
1973	9.250000e-004	
1974	6.000000e-004	
1975	4.750000e-004	
1976	3.500000e-004	
1977	3.750000e-004	
1978	4.250000e-004	
1979	4.500000e-004	
1980	5.000000e-004	
1981	6.250000e-004	
1982	7.250000e-004	
1983	8.750000e-004	
1984	9.000000e-004	
1985	1.125000e-003	
1986	1.700000e-003	
1987	1.550000e-003	
1988	1.525000e-003	
1989	1.425000e-003	
1990	1.400000e-003	
1991	1.400000e-003	
1992	1.550000e-003	
1993	1.350000e-003	
1994	1.475000e-003	
1995	1.425000e-003	
1996	1.600000e-003	
1997	1.650000e-003	
1998	1.525000e-003	
1999	1.300000e-003	
2000	1.275000e-003	
2001	1.625000e-003	
2002	1.625000e-003	
2003	1.275000e-003	
2004	1.150000e-003	
2005	9.250000e-004	
2006	1.050000e-003	
2007	1.025000e-003	
2008	1.050000e-003	
2009	1.225000e-003	
2010	1.350000e-003	
2011	1.475000e-003	
2012	1.425000e-003	
2013	1.175000e-003	
2014	1.125000e-003	
2015	9.500000e-004	
2016	9.250000e-004	
2017	1.025000e-003	
2018	1.175000e-003	
2019	1.200000e-003	
2020	1.175000e-003	
2021	1.200000e-003	
2022	1.350000e-003	
2023	1.450000e-003	
2024	1.175000e-003	
2025	1.025000e-003	
2026	1.075000e-003	
2027	1.175000e-003	
2028	1.150000e-003	
2029	1.275000e-003	
2030	1.225000e-003	
2031	1.100000e-003	
2032	1.075000e-003	
2033	9.500000e-004	
2034	1.000000e-003	
2035	9.250000e-004	
2036	8.750000e-004	
2037	9.250000e-004	
2038	8.500000e-004	
2039	1.075000e-003	
2040	1.125000e-003	
2041	8.500000e-004	
2042	1.175000e-003	
2043	1.400000e-003	
2044	1.225000e-003	
2045	1.425000e-003	
2046	1.500000e-003	
2047	1.525000e-003	
2048	1.600000e-003	
2049	1.600000e-003	
2050	1.650000e-003	
2051	1.650000e-003	
2052	1.700000e-003	
2053	1.650000e-003	
2054	1.525000e-003	
2055	1.675000e-003	
2056	1.600000e-003	
2057	2.100000e-003	
2058	2.000000e-003	
2059	1.775000e-003	
2060	1.450000e-003	
2061	1.150000e-003	
2062	1.275000e-003	
2063	1.300000e-003	
2064	1.300000e-003	
2065	1.225000e-003	
2066	1.375000e-003	
2067	1.500000e-003	
2068	1.325000e-003	
2069	1.050000e-003	
2070	1.225000e-003	
2071	1.425000e-003	
2072	1.400000e-003	
2073	1.625000e-003	
2074	1.425000e-003	
2075	1.500000e-003	
2076	1.525000e-003	
2077	1.550000e-003	
2078	1.375000e-003	
2079	9.000000e-004	
2080	1.200000e-003	
2081	1.175000e-003	
2082	1.175000e-003	
2083	1.275000e-003	
2084	1.525000e-003	
2085	1.775000e-003	
2086	1.800000e-003	
2087	1.700000e-003	
2088	1.600000e-003	
2089	1.700000e-003	
2090	1.975000e-003	
2091	1.825000e-003	
2092	1.700000e-003	
2093	1.575000e-003	
2094	1.725000e-003	
2095	2.200000e-003	
2096	2.025000e-003	
2097	1.875000e-003	
2098	1.575000e-003	
2099	1.725000e-003	
2100	1.525000e-003	
2101	1.925000e-003	
2102	2.375000e-003	
2103	2.500000e-003	
2104	2.200000e-003	
2105	2.050000e-003	
2106	2.325000e-003	
2107	2.050000e-003	
2108	2.025000e-003	
2109	2.225000e-003	
2110	2.350000e-003	
2111	2.000000e-003	
2112	2.000000e-003	
2113	2.050000e-003	
2114	2.175000e-003	
2115	1.900000e-003	
2116	2.250000e-003	
2117	1.725000e-003	
2118	1.925000e-003	
2119	1.800000e-003	
2120	1.675000e-003	
2121	1.450000e-003	
2122	1.625000e-003	
2123	1.675000e-003	
2124	1.600000e-003	
2125	1.425000e-003	
2126	1.575000e-003	
2127	1.600000e-003	
2128	1.550000e-003	
2129	1.675000e-003	
2130	1.850000e-003	
2131	1.700000e-003	
2132	1.625000e-003	
2133	1.525000e-003	
2134	1.725000e-003	
2135	1.775000e-003	
2136	1.675000e-003	
2137	1.450000e-003	
2138	1.350000e-003	
2139	1.625000e-003	
2140	1.425000e-003	
2141	1.425000e-003	
2142	1.400000e-003	
2143	1.100000e-003	
2144	1.175000e-003	
2145	1.000000e-003	
2146	1.200000e-003	
2147	1.425000e-003	
2148	1.450000e-003	
2149	1.450000e-003	
2150	1.425000e-003	
2151	1.500000e-003	
2152	1.725000e-003	
2153	1.425000e-003	
2154	1.350000e-003	
2155	1.275000e-003	
2156	1.200000e-003	
2157	1.000000e-003	
2158	9.000000e-004	
2159	8.250000e-004	
2160	7.750000e-004	
2161	8.750000e-004	
2162	7.000000e-004	
2163	7.250000e-004	
2164	7.500000e-004	
2165	7.250000e-004	
2166	8.000000e-004	
2167	5.500000e-004	
2168	7.500000e-004	
2169	1.025000e-003	
2170	1.125000e-003	
2171	1.075000e-003	
2172	1.050000e-003	
2173	1.275000e-003	
2174	1.325000e-003	
2175	1.250000e-003	
2176	1.350000e-003	
2177	1.325000e-003	
2178	1.575000e-003	
2179	1.575000e-003	
2180	1.475000e-003	
2181	1.625000e-003	
2182	1.500000e-003	
2183	1.525000e-003	
2184	1.375000e-003	
2185	1.200000e-003	
2186	1.300000e-003	
2187	1.325000e-003	
2188	1.125000e-003	
2189	1.250000e-003	
2190	1.350000e-003	
2191	1.125000e-003	
2192	1.075000e-003	
2193	9.750000e-004	
2194	8.250000e-004	
2195	9.500000e-004	
2196	1.125000e-003	
2197	1.025000e-003	
2198	9.250000e-004	
2199	7.500000e-004	
2200	4.750000e-004	
2201	4.250000e-004	
2202	6.000000e-004	
2203	5.250000e-004	
2204	4.750000e-004	
2205	6.250000e-004	
2206	7.250000e-004	
2207	6.250000e-004	
2208	5.750000e-004	
2209	7.000000e-004	
2210	6.500000e-004	
2211	6.250000e-004	
2212	6.500000e-004	
2213	6.250000e-004	
2214	6.750000e-004	
2215	9.000000e-004	
2216	8.250000e-004	
2217	5.500000e-004	
2218	8.250000e-004	
2219	8.250000e-004	
2220	8.250000e-004	
2221	7.750000e-004	
2222	8.750000e-004	
2223	7.000000e-004	
2224	6.750000e-004	
2225	5.250000e-004	
2226	6.500000e-004	
2227	6.750000e-004	
2228	6.750000e-004	
2229	6.000000e-004	
2230	5.250000e-004	
2231	4.000000e-004	
2232	5.000000e-004	
2233	3.750000e-004	
2234	3.000000e-004	
2235	2.750000e-004	
2236	3.000000e-004	
2237	2.500000e-004	
2238	2.250000e-004	
2239	2.750000e-004	
2240	2.000000e-004	
2241	1.500000e-004	
2242	2.250000e-004	
2243	1.750000e-004	
2244	1.500000e-004	
2245	1.500000e-004	
2246	5.000000e-005	
2247	1.000000e-004	
2248	1.000000e-004	
2249	1.250000e-004	
2250	2.250000e-004	
2251	7.500000e-005	
2252	1.000000e-004	
2253	1.500000e-004	
2254	1.000000e-004	
2255	1.250000e-004	
2256	1.500000e-004	
2257	2.250000e-004	
2258	2.750000e-004	
2259	2.750000e-004	
2260	2.000000e-004	
2261	2.000000e-004	
2262	2.750000e-004	
2263	2.500000e-004	
2264	1.750000e-004	
2265	2.250000e-004	
2266	2.750000e-004	
2267	3.250000e-004	
2268	2.750000e-004	
2269	2.750000e-004	
2270	2.000000e-004	
2271	3.000000e-004	
2272	2.750000e-004	
2273	2.500000e-004	
2274	2.750000e-004	
2275	3.250000e-004	
2276	1.250000e-004	
2277	7.500000e-005	
2278	7.500000e-005	
2279	7.500000e-005	
2280	1.750000e-004	
2281	7.500000e-005	
2282	2.500000e-005	
2283	1.000000e-004	
2284	1.000000e-004	
2285	7.500000e-005	
2286	7.500000e-005	
2287	7.500000e-005	
2288	1.000000e-004	
2289	7.500000e-005	
2290	5.000000e-005	
2291	1.250000e-004	
2292	1.500000e-004	
2293	5.000000e-005	
2294	2.500000e-005	
2295	0	
2296	0	
2297	0	
2298	0	
2299	2.500000e-005	
2300	0	
2301	0	
2302	0	
2303	0	
2304	0	
2305	0	
2306	0	
2307	0	
2308	0	
2309	0	
2310	0	
2311	0	
2312	0	
2313	0	
2314	0	
2315	0	
2316	0	
2317	0	
2318	0	
2319	0	
2320	0	
2321	0	
2322	0	
2323	0	
2324	0	
2325	0	
2326	0	
2327	0	
2328	0	
2329	0	
2330	0	
2331	0	
2332	0	
2333	0	
2334	0	
2335	0	
2336	0	
2337	0	
2338	0	
2339	0	
2340	0	
2341	0	
2342	0	
2343	0	
2344	0	
2345	0	
2346	0	
2347	0	
2348	0	
2349	0	
2350	0	
2351	0	
2352	0	
2353	0	
2354	0	
2355	0	
2356	0	
2357	0	
2358	0	
2359	0	
2360	0	
2361	0	
2362	0	
2363	0	
2364	0	
2365	0	
2366	0	
2367	0	
2368	0	
2369	0	
2370	0	
2371	0	
2372	0	
2373	0	
2374	0	
2375	0	
2376	0	
2377	0	
2378	0	
2379	0	
2380	0	
2381	0	
2382	0	
2383	0	
2384	0	
2385	0	
2386	0	
2387	0	
2388	0	
2389	0	
2390	0	
2391	0	
2392	0	
2393	0	
2394	0	
2395	0	
2396	0	
2397	0	
2398	0	
2399	0	
2400	0	
2401	0	
2402	0	
2403	0	
2404	0	
2405	0	
2406	0	
2407	0	
2408	0	
2409	0	
2410	0	
2411	0	
2412	0	
2413	0	
2414	0	
2415	0	
2416	0	
2417	0	
2418	0	
2419	0	
2420	0	
2421	0	
2422	0	
2423	0	
2424	0	
2425	0	
2426	0	
2427	0	
2428	0	
2429	0	
2430	0	
2431	0	
2432	0	
2433	0	
2434	0	
2435	0	
2436	0	
2437	0	
2438	0	
2439	0	
2440	0	
2441	0	
2442	0	
2443	0	
2444	0	
2445	0	
2446	0	
2447	0	
2448	0	
2449	0	
2450	0	
2451	0	
2452	0	
2453	0	
2454	0	
2455	0	
2456	0	
2457	2.500000e-005	
2458	1.000000e-004	
2459	1.750000e-004	
2460	2.250000e-004	
2461	2.750000e-004	
2462	4.000000e-004	
2463	5.250000e-004	
2464	4.750000e-004	
2465	7.250000e-004	
2466	7.750000e-004	
2467	7.750000e-004	
2468	9.750000e-004	
2469	8.250000e-004	
2470	7.000000e-004	
2471	5.000000e-004	
2472	4.750000e-004	
2473	4.500000e-004	
2474	5.750000e-004	
2475	7.500000e-004	
2476	6.250000e-004	
2477	7.500000e-004	
2478	6.750000e-004	
2479	5.000000e-004	
2480	4.000000e-004	
2481	6.250000e-004	
2482	6.000000e-004	
2483	7.000000e-004	
2484	8.250000e-004	
2485	9.000000e-004	
2486	9.000000e-004	
2487	9.500000e-004	
2488	8.000000e-004	
2489	8.000000e-004	
2490	6.750000e-004	
2491	9.250000e-004	
2492	8.750000e-004	
2493	8.750000e-004	
2494	6.250000e-004	
2495	6.000000e-004	
2496	7.000000e-004	
2497	5.500000e-004	
2498	4.500000e-004	
2499	4.000000e-004	
2500	5.250000e-004	
2501	4.500000e-004	
2502	3.000000e-004	
2503	3.750000e-004	
2504	1.500000e-004	
2505	1.750000e-004	
2506	1.250000e-004	
2507	1.750000e-004	
2508	2.250000e-004	
2509	3.750000e-004	
2510	3.750000e-004	
2511	4.250000e-004	
2512	4.250000e-004	
2513	5.500000e-004	
2514	3.500000e-004	
2515	5.500000e-004	
2516	5.750000e-004	
2517	5.250000e-004	
2518	4.250000e-004	
2519	5.250000e-004	
2520	5.000000e-004	
2521	7.000000e-004	
2522	6.250000e-004	
2523	4.000000e-004	
2524	3.500000e-004	
2525	2.500000e-004	
2526	2.750000e-004	
2527	3.000000e-004	
2528	3.000000e-004	
2529	3.750000e-004	
2530	4.250000e-004	
2531	3.750000e-004	
2532	3.750000e-004	
2533	3.250000e-004	
2534	2.750000e-004	
2535	2.250000e-004	
2536	1.750000e-004	
2537	1.750000e-004	
2538	2.250000e-004	
2539	2.250000e-004	
2540	2.250000e-004	
2541	2.750000e-004	
2542	1.250000e-004	
2543	1.750000e-004	
2544	2.000000e-004	
2545	3.000000e-004	
2546	2.250000e-004	
2547	3.000000e-004	
2548	3.000000e-004	
2549	2.250000e-004	
2550	1.750000e-004	
2551	1.500000e-004	
2552	1.750000e-004	
2553	2.000000e-004	
2554	5.000000e-005	
2555	5.000000e-005	
2556	7.500000e-005	
2557	0	
2558	0	
2559	0	
2560	0	
2561	0	
2562	0	
2563	0	
2564	0	
2565	0	
2566	0	
2567	0	
2568	0	
2569	0	
2570	0	
2571	0	
2572	0	
2573	0	
2574	0	
2575	0	
2576	0	
2577	0	
2578	0	
2579	0	
2580	0	
2581	0	
2582	2.500000e-005	
2583	7.500000e-005	
2584	5.000000e-005	
2585	2.500000e-005	
2586	2.500000e-005	
2587	2.500000e-005	
2588	0	
2589	0	
2590	0	
2591	0	
2592	0	
2593	0	
2594	0	
2595	0	
2596	0	
2597	0	
2598	0	
2599	0	
2600	0	
2601	0	
2602	0	
2603	0	
2604	0	
2605	0	
2606	0	
2607	0	
2608	0	
2609	0	
2610	0	
2611	0	
2612	0	
2613	0	
2614	0	
2615	0	
2616	0	
2617	0	
2618	0	
2619	0	
2620	0	
2621	0	
2622	0	
2623	0	
2624	0	
2625	0	
2626	0	
2627	2.500000e-005	
2628	2.500000e-005	
2629	2.500000e-005	
2630	5.000000e-005	
2631	5.000000e-005	
2632	5.000000e-005	
2633	7.500000e-005	
2634	1.250000e-004	
2635	1.250000e-004	
2636	1.750000e-004	
2637	1.000000e-004	
2638	0	
2639	0	
2640	0	
2641	0	
2642	0	
2643	0	
2644	0	
2645	0	
2646	0	
2647	0	
2648	0	
2649	0	
2650	0	
2651	0	
2652	0	
2653	0	
2654	0	
2655	0	
2656	0	
2657	0	
2658	0	
2659	0	
2660	0	
2661	0	
2662	0	
2663	0	
2664	0	
2665	0	
2666	0	
2667	0	
2668	0	
2669	0	
2670	0	
2671	0	
2672	0	
2673	0	
2674	0	
2675	0	
2676	0	
2677	2.500000e-005	
2678	2.500000e-005	
2679	2.500000e-005	
2680	0	
2681	0	
2682	0	
2683	0	
2684	0	
2685	0	
2686	0	
2687	0	
2688	0	
2689	0	
2690	0	
2691	0	
2692	0	
2693	0	
2694	0	
2695	0	
2696	0	
2697	0	
2698	0	
2699	0	
2700	0	
2701	0	
2702	0	
2703	0	
2704	0	
2705	0	
2706	0	
2707	0	
2708	0	
2709	0	
2710	0	
2711	0	
2712	0	
2713	0	
2714	2.500000e-005	
2715	0	
2716	0	
2717	0	
2718	0	
2719	0	
2720	0	
2721	0	
2722	0	
2723	0	
2724	0	
2725	0	
2726	0	
2727	0	
2728	0	
2729	0	
2730	0	
2731	0	
2732	0	
2733	0	
2734	2.500000e-005	
2735	5.000000e-005	
2736	7.500000e-005	
2737	7.500000e-005	
2738	1.000000e-004	
2739	1.000000e-004	
2740	2.500000e-005	
2741	0	
2742	0	
2743	0	
2744	0	
2745	0	
2746	0	
2747	0	
2748	0	
2749	0	
2750	0	
2751	2.500000e-005	
2752	5.000000e-005	
2753	1.250000e-004	
2754	5.000000e-005	
2755	2.500000e-005	
2756	2.500000e-005	
2757	2.500000e-005	
2758	2.500000e-005	
2759	5.000000e-005	
2760	1.750000e-004	
2761	2.250000e-004	
2762	2.250000e-004	
2763	2.750000e-004	
2764	2.250000e-004	
2765	2.000000e-004	
2766	2.500000e-004	
2767	3.000000e-004	
2768	2.000000e-004	
2769	2.000000e-004	
2770	1.250000e-004	
2771	1.250000e-004	
2772	7.500000e-005	
2773	1.250000e-004	
2774	2.250000e-004	
2775	2.500000e-004	
2776	1.500000e-004	
2777	1.000000e-004	
2778	7.500000e-005	
2779	1.000000e-004	
2780	1.000000e-004	
2781	1.750000e-004	
2782	1.750000e-004	
2783	2.750000e-004	
2784	2.500000e-004	
2785	2.750000e-004	
2786	3.250000e-004	
2787	3.500000e-004	
2788	3.750000e-004	
2789	2.750000e-004	
2790	3.500000e-004	
2791	4.750000e-004	
2792	3.750000e-004	
2793	1.750000e-004	
2794	2.000000e-004	
2795	2.250000e-004	
2796	1.000000e-004	
2797	1.500000e-004	
2798	1.250000e-004	
2799	1.000000e-004	
2800	5.000000e-005	
2801	5.000000e-005	
2802	7.500000e-005	
2803	7.500000e-005	
2804	2.500000e-005	
2805	2.500000e-005	
2806	5.000000e-005	
2807	2.500000e-005	
2808	0	
2809	0	
2810	0	
2811	0	
2812	0	
2813	0	
2814	0	
2815	0	
2816	0	
2817	0	
2818	0	
2819	0	
2820	0	
2821	0	
2822	0	
2823	0	
2824	0	
2825	0	
2826	0	
2827	0	
2828	0	
2829	0	
2830	0	
2831	0	
2832	0	
2833	0	
2834	0	
2835	0	
2836	0	
2837	0	
2838	0	
2839	0	
2840	0	
2841	0	
2842	0	
2843	0	
2844	0	
2845	0	
2846	0	
2847	0	
2848	0	
2849	2.500000e-005	
2850	5.000000e-005	
2851	7.500000e-005	
2852	2.500000e-005	
2853	7.500000e-005	
2854	5.000000e-005	
2855	2.500000e-005	
2856	7.500000e-005	
2857	1.500000e-004	
2858	1.500000e-004	
2859	1.500000e-004	
2860	2.250000e-004	
2861	3.500000e-004	
2862	4.000000e-004	
2863	3.500000e-004	
2864	3.250000e-004	
2865	3.000000e-004	
2866	3.250000e-004	
2867	5.000000e-004	
2868	5.000000e-004	
2869	4.750000e-004	
2870	4.250000e-004	
2871	4.250000e-004	
2872	5.250000e-004	
2873	3.750000e-004	
2874	3.750000e-004	
2875	3.500000e-004	
2876	3.000000e-004	
2877	3.500000e-004	
2878	4.750000e-004	
2879	3.750000e-004	
2880	4.500000e-004	
2881	3.750000e-004	
2882	5.750000e-004	
2883	5.000000e-004	
2884	5.750000e-004	
2885	5.000000e-004	
2886	6.250000e-004	
2887	7.500000e-004	
2888	5.750000e-004	
2889	6.500000e-004	
2890	6.750000e-004	
2891	7.000000e-004	
2892	5.750000e-004	
2893	5.000000e-004	
2894	3.750000e-004	
2895	3.000000e-004	
2896	4.750000e-004	
2897	6.000000e-004	
2898	6.250000e-004	
2899	5.250000e-004	
2900	5.000000e-004	
2901	4.750000e-004	
2902	6.000000e-004	
2903	5.500000e-004	
2904	3.750000e-004	
2905	4.000000e-004	
2906	3.250000e-004	
2907	2.250000e-004	
2908	1.750000e-004	
2909	1.500000e-004	
2910	2.500000e-004	
2911	2.000000e-004	
2912	1.750000e-004	
2913	2.000000e-004	
2914	2.000000e-004	
2915	1.500000e-004	
2916	1.500000e-004	
2917	2.250000e-004	
2918	2.500000e-004	
2919	3.250000e-004	
2920	3.000000e-004	
2921	2.750000e-004	
2922	2.500000e-004	
2923	3.000000e-004	
2924	3.500000e-004	
2925	2.750000e-004	
2926	2.000000e-004	
2927	1.750000e-004	
2928	1.250000e-004	
2929	1.500000e-004	
2930	1.000000e-004	
2931	2.500000e-005	
2932	5.000000e-005	
2933	1.500000e-004	
2934	1.250000e-004	
2935	1.000000e-004	
2936	1.250000e-004	
2937	5.000000e-005	
2938	5.000000e-005	
2939	0	
2940	0	
2941	0	
2942	0	
2943	0	
2944	0	
2945	2.500000e-005	
2946	2.500000e-005	
2947	5.000000e-005	
2948	1.000000e-004	
2949	1.250000e-004	
2950	2.500000e-004	
2951	3.000000e-004	
2952	3.500000e-004	
2953	3.000000e-004	
2954	3.750000e-004	
2955	4.250000e-004	
2956	2.500000e-004	
2957	2.750000e-004	
2958	3.750000e-004	
2959	5.000000e-004	
2960	7.500000e-004	
2961	7.250000e-004	
2962	8.000000e-004	
2963	8.000000e-004	
2964	6.250000e-004	
2965	7.000000e-004	
2966	6.750000e-004	
2967	6.250000e-004	
2968	5.750000e-004	
2969	4.250000e-004	
2970	5.750000e-004	
2971	4.750000e-004	
2972	4.750000e-004	
2973	5.500000e-004	
2974	4.500000e-004	
2975	4.250000e-004	
2976	5.250000e-004	
2977	6.250000e-004	
2978	5.250000e-004	
2979	6.000000e-004	
2980	7.000000e-004	
2981	7.750000e-004	
2982	7.500000e-004	
2983	4.250000e-004	
2984	6.250000e-004	
2985	6.750000e-004	
2986	8.000000e-004	
2987	9.500000e-004	
2988	7.750000e-004	
2989	8.500000e-004	
2990	8.000000e-004	
2991	9.750000e-004	
2992	1.100000e-003	
2993	1.175000e-003	
2994	1.000000e-003	
2995	1.025000e-003	
2996	1.150000e-003	
2997	1.125000e-003	
2998	1.375000e-003	
2999	1.100000e-003	
3000	8.250000e-004	
3001	9.250000e-004	
