1	0	
2	0	
3	0	
4	0	
5	0	
6	0	
7	0	
8	0	
9	0	
10	5.000000e-005	
11	1.250000e-004	
12	1.750000e-004	
13	1.500000e-004	
14	3.500000e-004	
15	2.500000e-004	
16	3.500000e-004	
17	4.250000e-004	
18	3.750000e-004	
19	2.250000e-004	
20	3.000000e-004	
21	3.250000e-004	
22	2.750000e-004	
23	3.000000e-004	
24	2.750000e-004	
25	5.750000e-004	
26	5.750000e-004	
27	7.000000e-004	
28	6.250000e-004	
29	6.250000e-004	
30	7.750000e-004	
31	9.250000e-004	
32	1.050000e-003	
33	1.025000e-003	
34	1.000000e-003	
35	1.025000e-003	
36	1.075000e-003	
37	1.050000e-003	
38	1.250000e-003	
39	1.475000e-003	
40	1.375000e-003	
41	1.550000e-003	
42	2.000000e-003	
43	1.900000e-003	
44	1.575000e-003	
45	1.425000e-003	
46	1.600000e-003	
47	1.525000e-003	
48	1.675000e-003	
49	1.575000e-003	
50	1.725000e-003	
51	1.875000e-003	
52	1.500000e-003	
53	1.525000e-003	
54	1.650000e-003	
55	1.575000e-003	
56	1.575000e-003	
57	1.400000e-003	
58	1.650000e-003	
59	1.725000e-003	
60	1.900000e-003	
61	1.950000e-003	
62	2.300000e-003	
63	2.225000e-003	
64	2.250000e-003	
65	2.225000e-003	
66	2.250000e-003	
67	2.400000e-003	
68	2.650000e-003	
69	2.725000e-003	
70	2.375000e-003	
71	2.600000e-003	
72	2.300000e-003	
73	1.925000e-003	
74	2.000000e-003	
75	2.050000e-003	
76	2.175000e-003	
77	2.150000e-003	
78	2.075000e-003	
79	2.650000e-003	
80	2.675000e-003	
81	2.875000e-003	
82	3.000000e-003	
83	3.075000e-003	
84	3.125000e-003	
85	3.200000e-003	
86	3.350000e-003	
87	3.500000e-003	
88	3.650000e-003	
89	3.975000e-003	
90	4.275000e-003	
91	4.150000e-003	
92	3.925000e-003	
93	3.725000e-003	
94	3.650000e-003	
95	3.825000e-003	
96	3.725000e-003	
97	3.675000e-003	
98	3.850000e-003	
99	3.500000e-003	
100	3.550000e-003	
101	3.725000e-003	
102	4.000000e-003	
103	4.275000e-003	
104	4.675000e-003	
105	4.650000e-003	
106	4.825000e-003	
107	5.075000e-003	
108	5.300000e-003	
109	4.875000e-003	
110	6.325000e-003	
111	6.300000e-003	
112	6.675000e-003	
113	6.225000e-003	
114	5.750000e-003	
115	5.625000e-003	
116	5.425000e-003	
117	5.225000e-003	
118	4.925000e-003	
119	5.300000e-003	
120	4.975000e-003	
121	5.625000e-003	
122	5.625000e-003	
123	4.350000e-003	
124	3.925000e-003	
125	3.800000e-003	
126	4.075000e-003	
127	4.125000e-003	
128	4.325000e-003	
129	4.100000e-003	
130	4.400000e-003	
131	4.400000e-003	
132	4.525000e-003	
133	4.575000e-003	
134	4.375000e-003	
135	3.800000e-003	
136	3.525000e-003	
137	3.475000e-003	
138	3.850000e-003	
139	3.550000e-003	
140	3.850000e-003	
141	4.025000e-003	
142	4.125000e-003	
143	4.625000e-003	
144	4.775000e-003	
145	4.900000e-003	
146	5.075000e-003	
147	4.925000e-003	
148	4.450000e-003	
149	4.975000e-003	
150	4.725000e-003	
151	5.150000e-003	
152	4.500000e-003	
153	4.525000e-003	
154	4.775000e-003	
155	4.675000e-003	
156	5.275000e-003	
157	5.025000e-003	
158	5.825000e-003	
159	5.675000e-003	
160	5.275000e-003	
161	5.300000e-003	
162	4.750000e-003	
163	4.600000e-003	
164	3.875000e-003	
165	3.775000e-003	
166	3.925000e-003	
167	4.025000e-003	
168	4.475000e-003	
169	4.375000e-003	
170	4.425000e-003	
171	4.275000e-003	
172	3.650000e-003	
173	2.925000e-003	
174	2.500000e-003	
175	2.475000e-003	
176	2.525000e-003	
177	2.500000e-003	
178	2.425000e-003	
179	2.000000e-003	
180	1.725000e-003	
181	1.250000e-003	
182	9.500000e-004	
183	9.000000e-004	
184	8.250000e-004	
185	8.750000e-004	
186	7.250000e-004	
187	8.250000e-004	
188	9.750000e-004	
189	1.000000e-003	
190	6.000000e-004	
191	5.250000e-004	
192	4.250000e-004	
193	1.500000e-004	
194	0	
195	0	
196	0	
197	0	
198	0	
199	0	
200	0	
201	0	
202	0	
203	0	
204	0	
205	0	
206	0	
207	0	
208	0	
209	0	
210	0	
211	0	
212	0	
213	0	
214	0	
215	0	
216	0	
217	0	
218	0	
219	0	
220	0	
221	0	
222	0	
223	0	
224	0	
225	0	
226	0	
227	0	
228	0	
229	0	
230	0	
231	0	
232	0	
233	0	
234	0	
235	0	
236	0	
237	0	
238	0	
239	0	
240	0	
241	0	
242	0	
243	0	
244	0	
245	0	
246	0	
247	0	
248	0	
249	0	
250	0	
251	0	
252	0	
253	0	
254	0	
255	0	
256	0	
257	0	
258	0	
259	0	
260	0	
261	0	
262	0	
263	0	
264	0	
265	0	
266	0	
267	0	
268	0	
269	0	
270	0	
271	2.500000e-005	
272	2.500000e-005	
273	0	
274	0	
275	0	
276	0	
277	0	
278	0	
279	0	
280	0	
281	0	
282	0	
283	0	
284	0	
285	0	
286	0	
287	0	
288	0	
289	0	
290	0	
291	0	
292	0	
293	0	
294	0	
295	0	
296	0	
297	0	
298	0	
299	0	
300	0	
301	0	
302	0	
303	0	
304	0	
305	0	
306	0	
307	0	
308	0	
309	0	
310	0	
311	0	
312	0	
313	0	
314	0	
315	0	
316	0	
317	0	
318	0	
319	0	
320	0	
321	2.500000e-005	
322	5.000000e-005	
323	5.000000e-005	
324	7.500000e-005	
325	5.000000e-005	
326	0	
327	0	
328	0	
329	0	
330	0	
331	0	
332	0	
333	0	
334	0	
335	0	
336	0	
337	0	
338	0	
339	0	
340	0	
341	0	
342	0	
343	0	
344	0	
345	0	
346	0	
347	0	
348	0	
349	0	
350	0	
351	0	
352	0	
353	0	
354	0	
355	0	
356	0	
357	0	
358	0	
359	0	
360	0	
361	0	
362	0	
363	0	
364	0	
365	0	
366	0	
367	0	
368	0	
369	0	
370	0	
371	0	
372	0	
373	0	
374	0	
375	0	
376	0	
377	0	
378	0	
379	0	
380	0	
381	0	
382	0	
383	0	
384	0	
385	0	
386	0	
387	0	
388	0	
389	0	
390	0	
391	0	
392	0	
393	0	
394	0	
395	0	
396	0	
397	0	
398	0	
399	0	
400	0	
401	0	
402	0	
403	0	
404	0	
405	0	
406	0	
407	0	
408	0	
409	0	
410	0	
411	0	
412	0	
413	0	
414	0	
415	0	
416	0	
417	2.500000e-005	
418	2.500000e-005	
419	2.500000e-005	
420	2.500000e-005	
421	7.500000e-005	
422	2.500000e-005	
423	0	
424	0	
425	0	
426	0	
427	0	
428	0	
429	0	
430	0	
431	0	
432	0	
433	0	
434	0	
435	0	
436	0	
437	0	
438	0	
439	0	
440	0	
441	0	
442	0	
443	0	
444	0	
445	0	
446	0	
447	0	
448	0	
449	0	
450	0	
451	0	
452	0	
453	0	
454	0	
455	0	
456	0	
457	0	
458	0	
459	0	
460	0	
461	0	
462	0	
463	0	
464	0	
465	0	
466	0	
467	0	
468	0	
469	0	
470	0	
471	0	
472	0	
473	0	
474	0	
475	0	
476	0	
477	0	
478	0	
479	0	
480	0	
481	0	
482	0	
483	0	
484	0	
485	0	
486	0	
487	0	
488	0	
489	0	
490	0	
491	0	
492	0	
493	0	
494	0	
495	0	
496	0	
497	0	
498	0	
499	0	
500	0	
501	0	
502	0	
503	0	
504	0	
505	0	
506	0	
507	0	
508	0	
509	0	
510	0	
511	0	
512	0	
513	0	
514	0	
515	0	
516	0	
517	0	
518	0	
519	0	
520	0	
521	0	
522	0	
523	0	
524	0	
525	0	
526	0	
527	0	
528	0	
529	0	
530	0	
531	0	
532	0	
533	0	
534	0	
535	0	
536	0	
537	2.500000e-005	
538	7.500000e-005	
539	1.000000e-004	
540	7.500000e-005	
541	1.250000e-004	
542	2.000000e-004	
543	7.500000e-005	
544	5.000000e-005	
545	2.500000e-005	
546	5.000000e-005	
547	2.500000e-005	
548	2.500000e-005	
549	2.500000e-005	
550	0	
551	0	
552	0	
553	0	
554	0	
555	0	
556	0	
557	0	
558	0	
559	0	
560	0	
561	0	
562	0	
563	0	
564	0	
565	0	
566	0	
567	0	
568	0	
569	0	
570	0	
571	0	
572	0	
573	0	
574	0	
575	0	
576	0	
577	0	
578	0	
579	0	
580	0	
581	0	
582	0	
583	0	
584	0	
585	0	
586	0	
587	0	
588	0	
589	0	
590	0	
591	0	
592	0	
593	0	
594	0	
595	0	
596	0	
597	0	
598	0	
599	0	
600	0	
601	0	
602	0	
603	0	
604	0	
605	0	
606	0	
607	0	
608	0	
609	0	
610	0	
611	0	
612	0	
613	0	
614	0	
615	0	
616	0	
617	0	
618	0	
619	0	
620	0	
621	0	
622	0	
623	0	
624	0	
625	0	
626	0	
627	0	
628	0	
629	0	
630	0	
631	0	
632	0	
633	0	
634	0	
635	0	
636	0	
637	0	
638	0	
639	0	
640	0	
641	0	
642	0	
643	0	
644	0	
645	0	
646	0	
647	0	
648	0	
649	0	
650	0	
651	0	
652	0	
653	0	
654	0	
655	0	
656	0	
657	0	
658	0	
659	0	
660	0	
661	0	
662	0	
663	0	
664	0	
665	0	
666	0	
667	0	
668	0	
669	0	
670	0	
671	0	
672	0	
673	0	
674	0	
675	0	
676	0	
677	0	
678	0	
679	0	
680	0	
681	0	
682	0	
683	0	
684	0	
685	0	
686	0	
687	0	
688	0	
689	0	
690	0	
691	0	
692	0	
693	0	
694	0	
695	0	
696	0	
697	0	
698	0	
699	0	
700	0	
701	0	
702	0	
703	0	
704	0	
705	0	
706	0	
707	0	
708	0	
709	0	
710	0	
711	0	
712	0	
713	0	
714	0	
715	0	
716	0	
717	0	
718	0	
719	0	
720	0	
721	0	
722	0	
723	0	
724	0	
725	0	
726	0	
727	0	
728	0	
729	0	
730	0	
731	0	
732	0	
733	0	
734	0	
735	0	
736	0	
737	0	
738	0	
739	0	
740	0	
741	0	
742	0	
743	0	
744	0	
745	0	
746	0	
747	0	
748	0	
749	0	
750	0	
751	0	
752	0	
753	0	
754	0	
755	0	
756	0	
757	0	
758	0	
759	0	
760	0	
761	0	
762	0	
763	0	
764	0	
765	0	
766	0	
767	0	
768	0	
769	0	
770	0	
771	0	
772	0	
773	0	
774	0	
775	0	
776	0	
777	0	
778	0	
779	2.500000e-005	
780	1.500000e-004	
781	2.000000e-004	
782	2.250000e-004	
783	3.500000e-004	
784	2.750000e-004	
785	3.250000e-004	
786	3.000000e-004	
787	3.500000e-004	
788	5.000000e-004	
789	6.500000e-004	
790	7.250000e-004	
791	4.750000e-004	
792	2.000000e-004	
793	2.250000e-004	
794	2.000000e-004	
795	2.750000e-004	
796	3.000000e-004	
797	3.750000e-004	
798	4.250000e-004	
799	5.750000e-004	
800	6.500000e-004	
801	6.750000e-004	
802	5.500000e-004	
803	5.000000e-004	
804	5.000000e-004	
805	6.000000e-004	
806	6.500000e-004	
807	5.750000e-004	
808	5.750000e-004	
809	6.500000e-004	
810	9.250000e-004	
811	8.250000e-004	
812	7.750000e-004	
813	8.250000e-004	
814	1.025000e-003	
815	1.100000e-003	
816	1.100000e-003	
817	9.750000e-004	
818	1.175000e-003	
819	1.300000e-003	
820	1.175000e-003	
821	1.200000e-003	
822	1.200000e-003	
823	1.250000e-003	
824	1.575000e-003	
825	1.400000e-003	
826	1.350000e-003	
827	1.200000e-003	
828	1.150000e-003	
829	1.425000e-003	
830	1.600000e-003	
831	1.550000e-003	
832	1.600000e-003	
833	1.550000e-003	
834	1.250000e-003	
835	1.525000e-003	
836	1.475000e-003	
837	1.425000e-003	
838	1.550000e-003	
839	1.800000e-003	
840	1.875000e-003	
841	1.925000e-003	
842	1.750000e-003	
843	1.725000e-003	
844	1.875000e-003	
845	1.900000e-003	
846	2.225000e-003	
847	2.250000e-003	
848	2.600000e-003	
849	2.600000e-003	
850	2.625000e-003	
851	2.500000e-003	
852	2.800000e-003	
853	2.975000e-003	
854	3.550000e-003	
855	3.500000e-003	
856	3.875000e-003	
857	4.050000e-003	
858	3.875000e-003	
859	4.200000e-003	
860	4.050000e-003	
861	4.050000e-003	
862	4.625000e-003	
863	4.600000e-003	
864	4.750000e-003	
865	4.925000e-003	
866	5.125000e-003	
867	5.600000e-003	
868	5.875000e-003	
869	6.650000e-003	
870	6.700000e-003	
871	6.800000e-003	
872	7.000000e-003	
873	7.650000e-003	
874	7.800000e-003	
875	7.050000e-003	
876	6.800000e-003	
877	7.250000e-003	
878	7.200000e-003	
879	7.125000e-003	
880	8.150000e-003	
881	8.150000e-003	
882	8.250000e-003	
883	8.950000e-003	
884	8.500000e-003	
885	7.875000e-003	
886	7.925000e-003	
887	8.925000e-003	
888	8.900000e-003	
889	8.450000e-003	
890	7.900000e-003	
891	7.800000e-003	
892	8.175000e-003	
893	7.850000e-003	
894	8.075000e-003	
895	8.375000e-003	
896	8.875000e-003	
897	9.200000e-003	
898	8.775000e-003	
899	8.550000e-003	
900	8.725000e-003	
901	8.275000e-003	
902	8.100000e-003	
903	7.225000e-003	
904	7.225000e-003	
905	6.175000e-003	
906	5.550000e-003	
907	4.575000e-003	
908	3.750000e-003	
909	3.450000e-003	
910	3.950000e-003	
911	3.950000e-003	
912	4.225000e-003	
913	4.125000e-003	
914	4.100000e-003	
915	3.400000e-003	
916	2.925000e-003	
917	3.100000e-003	
918	2.875000e-003	
919	2.600000e-003	
920	2.300000e-003	
921	1.900000e-003	
922	1.550000e-003	
923	1.375000e-003	
924	1.450000e-003	
925	1.250000e-003	
926	1.225000e-003	
927	8.250000e-004	
928	6.000000e-004	
929	4.250000e-004	
930	3.750000e-004	
931	3.500000e-004	
932	2.750000e-004	
933	1.750000e-004	
934	1.000000e-004	
935	5.000000e-005	
936	1.000000e-004	
937	1.250000e-004	
938	2.500000e-005	
939	2.500000e-005	
940	2.500000e-005	
941	0	
942	0	
943	0	
944	0	
945	0	
946	0	
947	0	
948	0	
949	0	
950	0	
951	0	
952	0	
953	0	
954	0	
955	0	
956	0	
957	0	
958	0	
959	0	
960	0	
961	0	
962	0	
963	0	
964	0	
965	0	
966	0	
967	0	
968	0	
969	0	
970	0	
971	0	
972	0	
973	0	
974	0	
975	0	
976	0	
977	0	
978	0	
979	0	
980	0	
981	0	
982	0	
983	0	
984	0	
985	0	
986	0	
987	0	
988	0	
989	0	
990	0	
991	0	
992	0	
993	0	
994	0	
995	0	
996	0	
997	0	
998	0	
999	0	
1000	0	
1001	0	
1002	0	
1003	0	
1004	0	
1005	0	
1006	0	
1007	0	
1008	0	
1009	0	
1010	0	
1011	0	
1012	0	
1013	0	
1014	0	
1015	0	
1016	0	
1017	0	
1018	0	
1019	0	
1020	0	
1021	0	
1022	0	
1023	0	
1024	2.500000e-005	
1025	2.500000e-005	
1026	0	
1027	0	
1028	0	
1029	0	
1030	0	
1031	0	
1032	0	
1033	0	
1034	0	
1035	0	
1036	0	
1037	0	
1038	0	
1039	0	
1040	0	
1041	0	
1042	0	
1043	0	
1044	0	
1045	0	
1046	0	
1047	0	
1048	0	
1049	0	
1050	0	
1051	0	
1052	0	
1053	0	
1054	0	
1055	0	
1056	0	
1057	0	
1058	0	
1059	0	
1060	0	
1061	0	
1062	0	
1063	0	
1064	0	
1065	0	
1066	0	
1067	0	
1068	0	
1069	0	
1070	0	
1071	0	
1072	0	
1073	0	
1074	0	
1075	0	
1076	0	
1077	0	
1078	0	
1079	0	
1080	0	
1081	0	
1082	0	
1083	0	
1084	0	
1085	0	
1086	0	
1087	0	
1088	0	
1089	0	
1090	0	
1091	0	
1092	0	
1093	0	
1094	0	
1095	0	
1096	0	
1097	0	
1098	0	
1099	0	
1100	0	
1101	0	
1102	0	
1103	0	
1104	0	
1105	0	
1106	0	
1107	0	
1108	0	
1109	0	
1110	0	
1111	0	
1112	0	
1113	0	
1114	0	
1115	0	
1116	0	
1117	0	
1118	0	
1119	0	
1120	0	
1121	0	
1122	0	
1123	0	
1124	0	
1125	0	
1126	0	
1127	0	
1128	0	
1129	0	
1130	2.500000e-005	
1131	2.500000e-005	
1132	0	
1133	0	
1134	0	
1135	0	
1136	0	
1137	0	
1138	0	
1139	0	
1140	0	
1141	0	
1142	0	
1143	0	
1144	0	
1145	0	
1146	0	
1147	0	
1148	0	
1149	0	
1150	0	
1151	0	
1152	0	
1153	0	
1154	0	
1155	0	
1156	0	
1157	0	
1158	0	
1159	0	
1160	0	
1161	0	
1162	0	
1163	0	
1164	0	
1165	0	
1166	0	
1167	0	
1168	0	
1169	0	
1170	0	
1171	0	
1172	0	
1173	0	
1174	0	
1175	0	
1176	0	
1177	0	
1178	0	
1179	0	
1180	0	
1181	0	
1182	0	
1183	0	
1184	0	
1185	0	
1186	0	
1187	0	
1188	0	
1189	0	
1190	0	
1191	0	
1192	0	
1193	0	
1194	0	
1195	0	
1196	0	
1197	0	
1198	0	
1199	0	
1200	0	
1201	0	
1202	0	
1203	0	
1204	0	
1205	0	
1206	0	
1207	0	
1208	0	
1209	0	
1210	0	
1211	0	
1212	0	
1213	0	
1214	0	
1215	0	
1216	0	
1217	0	
1218	0	
1219	0	
1220	0	
1221	0	
1222	0	
1223	0	
1224	0	
1225	0	
1226	0	
1227	0	
1228	0	
1229	0	
1230	0	
1231	0	
1232	0	
1233	0	
1234	0	
1235	0	
1236	0	
1237	0	
1238	0	
1239	0	
1240	0	
1241	0	
1242	0	
1243	0	
1244	0	
1245	0	
1246	0	
1247	0	
1248	0	
1249	0	
1250	0	
1251	0	
1252	0	
1253	0	
1254	0	
1255	0	
1256	0	
1257	0	
1258	0	
1259	0	
1260	0	
1261	0	
1262	0	
1263	0	
1264	0	
1265	0	
1266	0	
1267	0	
1268	0	
1269	0	
1270	0	
1271	0	
1272	0	
1273	0	
1274	0	
1275	0	
1276	0	
1277	0	
1278	0	
1279	0	
1280	0	
1281	0	
1282	0	
1283	0	
1284	0	
1285	0	
1286	2.500000e-005	
1287	7.500000e-005	
1288	5.000000e-005	
1289	1.250000e-004	
1290	2.500000e-005	
1291	2.500000e-005	
1292	2.500000e-005	
1293	2.500000e-005	
1294	5.000000e-005	
1295	0	
1296	0	
1297	0	
1298	0	
1299	0	
1300	0	
1301	0	
1302	0	
1303	0	
1304	0	
1305	0	
1306	0	
1307	0	
1308	0	
1309	0	
1310	0	
1311	0	
1312	0	
1313	0	
1314	0	
1315	0	
1316	0	
1317	0	
1318	0	
1319	0	
1320	0	
1321	0	
1322	0	
1323	0	
1324	0	
1325	0	
1326	0	
1327	0	
1328	0	
1329	0	
1330	0	
1331	0	
1332	0	
1333	0	
1334	0	
1335	0	
1336	0	
1337	0	
1338	0	
1339	0	
1340	0	
1341	0	
1342	0	
1343	0	
1344	0	
1345	0	
1346	0	
1347	2.500000e-005	
1348	1.000000e-004	
1349	2.250000e-004	
1350	2.500000e-004	
1351	4.000000e-004	
1352	3.250000e-004	
1353	2.750000e-004	
1354	1.750000e-004	
1355	2.000000e-004	
1356	2.000000e-004	
1357	1.000000e-004	
1358	5.000000e-005	
1359	7.500000e-005	
1360	7.500000e-005	
1361	5.000000e-005	
1362	0	
1363	0	
1364	0	
1365	0	
1366	0	
1367	0	
1368	0	
1369	0	
1370	0	
1371	0	
1372	0	
1373	0	
1374	0	
1375	0	
1376	0	
1377	0	
1378	0	
1379	0	
1380	0	
1381	0	
1382	0	
1383	0	
1384	0	
1385	0	
1386	0	
1387	0	
1388	0	
1389	0	
1390	2.500000e-005	
1391	5.000000e-005	
1392	1.750000e-004	
1393	2.000000e-004	
1394	2.500000e-004	
1395	7.500000e-005	
1396	1.000000e-004	
1397	1.000000e-004	
1398	2.000000e-004	
1399	1.250000e-004	
1400	1.250000e-004	
1401	1.250000e-004	
1402	1.750000e-004	
1403	1.500000e-004	
1404	2.000000e-004	
1405	2.250000e-004	
1406	1.500000e-004	
1407	2.250000e-004	
1408	1.250000e-004	
1409	1.250000e-004	
1410	2.000000e-004	
1411	1.250000e-004	
1412	7.500000e-005	
1413	1.000000e-004	
1414	2.500000e-004	
1415	1.500000e-004	
1416	1.750000e-004	
1417	1.750000e-004	
1418	1.250000e-004	
1419	1.500000e-004	
1420	1.250000e-004	
1421	1.000000e-004	
1422	7.500000e-005	
1423	1.750000e-004	
1424	2.000000e-004	
1425	1.750000e-004	
1426	1.750000e-004	
1427	1.750000e-004	
1428	1.750000e-004	
1429	2.000000e-004	
1430	2.500000e-004	
1431	4.000000e-004	
1432	5.250000e-004	
1433	3.000000e-004	
1434	1.500000e-004	
1435	1.500000e-004	
1436	2.250000e-004	
1437	3.750000e-004	
1438	3.750000e-004	
1439	3.750000e-004	
1440	3.250000e-004	
1441	2.750000e-004	
1442	2.500000e-004	
1443	2.000000e-004	
1444	1.750000e-004	
1445	1.500000e-004	
1446	1.750000e-004	
1447	1.250000e-004	
1448	2.000000e-004	
1449	1.750000e-004	
1450	2.750000e-004	
1451	3.000000e-004	
1452	4.000000e-004	
1453	3.750000e-004	
1454	5.000000e-004	
1455	5.500000e-004	
1456	6.250000e-004	
1457	6.250000e-004	
1458	6.750000e-004	
1459	5.750000e-004	
1460	6.250000e-004	
1461	5.750000e-004	
1462	6.750000e-004	
1463	5.500000e-004	
1464	6.500000e-004	
1465	7.000000e-004	
1466	6.250000e-004	
1467	8.000000e-004	
1468	7.500000e-004	
1469	7.750000e-004	
1470	1.075000e-003	
1471	9.500000e-004	
1472	8.750000e-004	
1473	8.000000e-004	
1474	9.250000e-004	
1475	5.500000e-004	
1476	6.250000e-004	
1477	6.000000e-004	
1478	7.500000e-004	
1479	8.500000e-004	
1480	1.000000e-003	
1481	1.050000e-003	
1482	1.175000e-003	
1483	1.425000e-003	
1484	1.350000e-003	
1485	1.250000e-003	
1486	1.575000e-003	
1487	1.600000e-003	
1488	1.625000e-003	
1489	1.325000e-003	
1490	1.125000e-003	
1491	1.050000e-003	
1492	1.025000e-003	
1493	1.100000e-003	
1494	1.275000e-003	
1495	1.075000e-003	
1496	1.075000e-003	
1497	1.000000e-003	
1498	1.125000e-003	
1499	1.350000e-003	
1500	1.450000e-003	
1501	1.675000e-003	
1502	1.350000e-003	
1503	1.575000e-003	
1504	1.625000e-003	
1505	1.575000e-003	
1506	1.700000e-003	
1507	1.525000e-003	
1508	1.575000e-003	
1509	1.275000e-003	
1510	1.050000e-003	
1511	1.200000e-003	
1512	1.475000e-003	
1513	1.600000e-003	
1514	1.750000e-003	
1515	1.600000e-003	
1516	1.550000e-003	
1517	1.375000e-003	
1518	1.225000e-003	
1519	1.525000e-003	
1520	1.600000e-003	
1521	1.500000e-003	
1522	1.750000e-003	
1523	1.800000e-003	
1524	1.700000e-003	
1525	1.850000e-003	
1526	2.075000e-003	
1527	1.950000e-003	
1528	1.850000e-003	
1529	1.725000e-003	
1530	1.700000e-003	
1531	2.100000e-003	
1532	2.025000e-003	
1533	1.950000e-003	
1534	2.150000e-003	
1535	2.600000e-003	
1536	2.775000e-003	
1537	2.850000e-003	
1538	3.150000e-003	
1539	2.625000e-003	
1540	2.625000e-003	
1541	2.550000e-003	
1542	2.475000e-003	
1543	2.550000e-003	
1544	2.625000e-003	
1545	2.575000e-003	
1546	2.500000e-003	
1547	2.800000e-003	
1548	3.450000e-003	
1549	3.150000e-003	
1550	3.050000e-003	
1551	3.400000e-003	
1552	3.475000e-003	
1553	3.175000e-003	
1554	2.825000e-003	
1555	3.675000e-003	
1556	3.700000e-003	
1557	3.500000e-003	
1558	3.675000e-003	
1559	3.725000e-003	
1560	3.675000e-003	
1561	3.950000e-003	
1562	4.025000e-003	
1563	4.600000e-003	
1564	4.800000e-003	
1565	4.625000e-003	
1566	4.700000e-003	
1567	4.675000e-003	
1568	4.550000e-003	
1569	4.725000e-003	
1570	4.275000e-003	
1571	4.225000e-003	
1572	4.350000e-003	
1573	4.625000e-003	
1574	4.275000e-003	
1575	4.075000e-003	
1576	3.725000e-003	
1577	3.525000e-003	
1578	3.150000e-003	
1579	3.700000e-003	
1580	4.125000e-003	
1581	3.875000e-003	
1582	3.775000e-003	
1583	3.600000e-003	
1584	3.300000e-003	
1585	3.000000e-003	
1586	3.325000e-003	
1587	3.850000e-003	
1588	3.725000e-003	
1589	4.000000e-003	
1590	4.425000e-003	
1591	4.525000e-003	
1592	4.625000e-003	
1593	4.725000e-003	
1594	4.550000e-003	
1595	4.725000e-003	
1596	5.225000e-003	
1597	5.600000e-003	
1598	5.125000e-003	
1599	5.000000e-003	
1600	4.825000e-003	
1601	4.050000e-003	
1602	4.150000e-003	
1603	3.975000e-003	
1604	4.250000e-003	
1605	3.675000e-003	
1606	3.625000e-003	
1607	3.725000e-003	
1608	3.650000e-003	
1609	3.325000e-003	
1610	3.125000e-003	
1611	2.825000e-003	
1612	2.875000e-003	
1613	2.500000e-003	
1614	2.400000e-003	
1615	2.525000e-003	
1616	2.500000e-003	
1617	2.575000e-003	
1618	3.000000e-003	
1619	2.375000e-003	
1620	2.400000e-003	
1621	1.925000e-003	
1622	1.675000e-003	
1623	1.850000e-003	
1624	2.050000e-003	
1625	1.800000e-003	
1626	1.600000e-003	
1627	1.300000e-003	
1628	1.100000e-003	
1629	1.125000e-003	
1630	1.100000e-003	
1631	1.075000e-003	
1632	1.400000e-003	
1633	1.050000e-003	
1634	1.025000e-003	
1635	9.250000e-004	
1636	7.500000e-004	
1637	9.750000e-004	
1638	1.025000e-003	
1639	7.750000e-004	
1640	7.000000e-004	
1641	8.500000e-004	
1642	9.250000e-004	
1643	1.025000e-003	
1644	7.250000e-004	
1645	8.250000e-004	
1646	6.000000e-004	
1647	5.000000e-004	
1648	4.000000e-004	
1649	3.750000e-004	
1650	3.000000e-004	
1651	2.500000e-004	
1652	2.250000e-004	
1653	2.000000e-004	
1654	2.000000e-004	
1655	2.750000e-004	
1656	2.000000e-004	
1657	1.750000e-004	
1658	2.250000e-004	
1659	1.250000e-004	
1660	5.000000e-005	
1661	0	
1662	0	
1663	0	
1664	0	
1665	0	
1666	0	
1667	0	
1668	0	
1669	0	
1670	0	
1671	0	
1672	0	
1673	0	
1674	0	
1675	0	
1676	0	
1677	0	
1678	0	
1679	0	
1680	0	
1681	0	
1682	0	
1683	0	
1684	0	
1685	0	
1686	0	
1687	0	
1688	0	
1689	0	
1690	0	
1691	0	
1692	0	
1693	0	
1694	0	
1695	0	
1696	0	
1697	0	
1698	0	
1699	0	
1700	0	
1701	0	
1702	0	
1703	0	
1704	0	
1705	0	
1706	0	
1707	0	
1708	0	
1709	0	
1710	0	
1711	0	
1712	0	
1713	0	
1714	0	
1715	0	
1716	0	
1717	0	
1718	0	
1719	0	
1720	0	
1721	0	
1722	0	
1723	0	
1724	0	
1725	0	
1726	0	
1727	0	
1728	2.500000e-005	
1729	0	
1730	0	
1731	0	
1732	0	
1733	0	
1734	0	
1735	0	
1736	0	
1737	0	
1738	0	
1739	0	
1740	0	
1741	0	
1742	0	
1743	0	
1744	0	
1745	0	
1746	0	
1747	0	
1748	0	
1749	0	
1750	0	
1751	0	
1752	0	
1753	0	
1754	0	
1755	0	
1756	0	
1757	0	
1758	0	
1759	0	
1760	0	
1761	0	
1762	0	
1763	0	
1764	0	
1765	0	
1766	0	
1767	0	
1768	0	
1769	0	
1770	0	
1771	0	
1772	0	
1773	0	
1774	0	
1775	0	
1776	0	
1777	0	
1778	0	
1779	0	
1780	0	
1781	0	
1782	0	
1783	0	
1784	0	
1785	0	
1786	0	
1787	0	
1788	0	
1789	0	
1790	0	
1791	0	
1792	0	
1793	0	
1794	2.500000e-005	
1795	7.500000e-005	
1796	5.000000e-005	
1797	7.500000e-005	
1798	1.500000e-004	
1799	1.000000e-004	
1800	1.000000e-004	
1801	1.000000e-004	
1802	7.500000e-005	
1803	2.500000e-005	
1804	0	
1805	0	
1806	0	
1807	0	
1808	0	
1809	0	
1810	0	
1811	0	
1812	0	
1813	0	
1814	0	
1815	0	
1816	0	
1817	0	
1818	0	
1819	0	
1820	0	
1821	0	
1822	0	
1823	0	
1824	0	
1825	0	
1826	0	
1827	0	
1828	0	
1829	0	
1830	0	
1831	0	
1832	0	
1833	0	
1834	0	
1835	0	
1836	0	
1837	0	
1838	0	
1839	0	
1840	0	
1841	0	
1842	0	
1843	0	
1844	0	
1845	0	
1846	0	
1847	0	
1848	0	
1849	0	
1850	0	
1851	0	
1852	2.500000e-005	
1853	1.000000e-004	
1854	5.000000e-005	
1855	7.500000e-005	
1856	1.250000e-004	
1857	1.500000e-004	
1858	7.500000e-005	
1859	7.500000e-005	
1860	7.500000e-005	
1861	7.500000e-005	
1862	5.000000e-005	
1863	5.000000e-005	
1864	2.500000e-005	
1865	2.500000e-005	
1866	5.000000e-005	
1867	5.000000e-005	
1868	2.500000e-005	
1869	2.500000e-005	
1870	7.500000e-005	
1871	7.500000e-005	
1872	1.000000e-004	
1873	1.500000e-004	
1874	1.500000e-004	
1875	1.250000e-004	
1876	5.000000e-005	
1877	5.000000e-005	
1878	7.500000e-005	
1879	1.500000e-004	
1880	2.500000e-004	
1881	1.500000e-004	
1882	1.500000e-004	
1883	2.500000e-005	
1884	0	
1885	0	
1886	0	
1887	0	
1888	0	
1889	0	
1890	0	
1891	0	
1892	0	
1893	0	
1894	0	
1895	0	
1896	0	
1897	0	
1898	0	
1899	0	
1900	0	
1901	0	
1902	0	
1903	0	
1904	0	
1905	0	
1906	0	
1907	0	
1908	0	
1909	0	
1910	0	
1911	0	
1912	0	
1913	0	
1914	0	
1915	0	
1916	0	
1917	0	
1918	0	
1919	0	
1920	0	
1921	0	
1922	0	
1923	0	
1924	0	
1925	0	
1926	0	
1927	0	
1928	0	
1929	0	
1930	0	
1931	0	
1932	0	
1933	0	
1934	0	
1935	0	
1936	0	
1937	0	
1938	0	
1939	0	
1940	0	
1941	0	
1942	0	
1943	0	
1944	0	
1945	0	
1946	0	
1947	2.500000e-005	
1948	7.500000e-005	
1949	7.500000e-005	
1950	1.500000e-004	
1951	1.000000e-004	
1952	1.000000e-004	
1953	1.000000e-004	
1954	7.500000e-005	
1955	1.000000e-004	
1956	1.250000e-004	
1957	1.500000e-004	
1958	1.500000e-004	
1959	1.000000e-004	
1960	1.000000e-004	
1961	2.000000e-004	
1962	1.250000e-004	
1963	1.250000e-004	
1964	2.000000e-004	
1965	1.500000e-004	
1966	1.000000e-004	
1967	5.000000e-005	
1968	2.500000e-005	
1969	2.500000e-005	
1970	7.500000e-005	
1971	1.000000e-004	
1972	7.500000e-005	
1973	2.500000e-005	
1974	5.000000e-005	
1975	5.000000e-005	
1976	0	
1977	2.500000e-005	
1978	2.500000e-005	
1979	5.000000e-005	
1980	2.500000e-005	
1981	0	
1982	2.500000e-005	
1983	0	
1984	2.500000e-005	
1985	1.250000e-004	
1986	2.250000e-004	
1987	2.000000e-004	
1988	2.500000e-004	
1989	2.750000e-004	
1990	2.250000e-004	
1991	3.250000e-004	
1992	2.250000e-004	
1993	3.000000e-004	
1994	2.500000e-004	
1995	3.000000e-004	
1996	2.500000e-004	
1997	1.500000e-004	
1998	1.250000e-004	
1999	5.000000e-005	
2000	1.000000e-004	
2001	1.250000e-004	
2002	5.000000e-005	
2003	2.500000e-005	
2004	2.500000e-005	
2005	5.000000e-005	
2006	7.500000e-005	
2007	7.500000e-005	
2008	2.500000e-005	
2009	1.000000e-004	
2010	1.750000e-004	
2011	1.500000e-004	
2012	1.250000e-004	
2013	1.250000e-004	
2014	1.750000e-004	
2015	5.000000e-005	
2016	5.000000e-005	
2017	2.500000e-005	
2018	7.500000e-005	
2019	1.250000e-004	
2020	1.250000e-004	
2021	1.250000e-004	
2022	5.000000e-005	
2023	7.500000e-005	
2024	7.500000e-005	
2025	7.500000e-005	
2026	7.500000e-005	
2027	7.500000e-005	
2028	5.000000e-005	
2029	5.000000e-005	
2030	5.000000e-005	
2031	5.000000e-005	
2032	1.250000e-004	
2033	7.500000e-005	
2034	7.500000e-005	
2035	7.500000e-005	
2036	7.500000e-005	
2037	7.500000e-005	
2038	1.250000e-004	
2039	7.500000e-005	
2040	1.250000e-004	
2041	1.750000e-004	
2042	1.000000e-004	
2043	7.500000e-005	
2044	1.750000e-004	
2045	5.000000e-005	
2046	1.000000e-004	
2047	7.500000e-005	
2048	0	
2049	0	
2050	0	
2051	0	
2052	0	
2053	0	
2054	0	
2055	0	
2056	0	
2057	0	
2058	0	
2059	0	
2060	0	
2061	0	
2062	0	
2063	0	
2064	0	
2065	0	
2066	0	
2067	0	
2068	0	
2069	0	
2070	0	
2071	0	
2072	0	
2073	0	
2074	0	
2075	0	
2076	0	
2077	0	
2078	0	
2079	0	
2080	0	
2081	0	
2082	0	
2083	0	
2084	0	
2085	0	
2086	0	
2087	0	
2088	0	
2089	0	
2090	0	
2091	0	
2092	0	
2093	0	
2094	0	
2095	0	
2096	0	
2097	0	
2098	0	
2099	0	
2100	0	
2101	0	
2102	0	
2103	0	
2104	0	
2105	0	
2106	0	
2107	0	
2108	0	
2109	0	
2110	0	
2111	0	
2112	0	
2113	0	
2114	0	
2115	0	
2116	0	
2117	0	
2118	0	
2119	0	
2120	0	
2121	0	
2122	0	
2123	0	
2124	0	
2125	0	
2126	0	
2127	0	
2128	0	
2129	0	
2130	0	
2131	0	
2132	0	
2133	0	
2134	0	
2135	0	
2136	0	
2137	0	
2138	0	
2139	0	
2140	0	
2141	0	
2142	0	
2143	0	
2144	0	
2145	0	
2146	0	
2147	0	
2148	0	
2149	0	
2150	0	
2151	0	
2152	0	
2153	0	
2154	0	
2155	0	
2156	0	
2157	0	
2158	0	
2159	0	
2160	0	
2161	0	
2162	0	
2163	0	
2164	0	
2165	0	
2166	0	
2167	0	
2168	0	
2169	0	
2170	0	
2171	0	
2172	0	
2173	0	
2174	0	
2175	0	
2176	0	
2177	0	
2178	0	
2179	0	
2180	0	
2181	0	
2182	0	
2183	0	
2184	0	
2185	0	
2186	0	
2187	0	
2188	0	
2189	0	
2190	0	
2191	0	
2192	0	
2193	0	
2194	0	
2195	0	
2196	0	
2197	0	
2198	0	
2199	0	
2200	0	
2201	0	
2202	0	
2203	0	
2204	0	
2205	0	
2206	0	
2207	0	
2208	0	
2209	0	
2210	0	
2211	0	
2212	0	
2213	0	
2214	0	
2215	0	
2216	0	
2217	0	
2218	0	
2219	0	
2220	0	
2221	0	
2222	0	
2223	0	
2224	0	
2225	0	
2226	0	
2227	0	
2228	0	
2229	0	
2230	0	
2231	0	
2232	0	
2233	0	
2234	0	
2235	0	
2236	0	
2237	0	
2238	0	
2239	0	
2240	0	
2241	0	
2242	0	
2243	0	
2244	0	
2245	0	
2246	0	
2247	0	
2248	0	
2249	0	
2250	0	
2251	0	
2252	0	
2253	0	
2254	0	
2255	0	
2256	0	
2257	0	
2258	0	
2259	0	
2260	0	
2261	0	
2262	0	
2263	0	
2264	0	
2265	2.500000e-005	
2266	1.000000e-004	
2267	1.250000e-004	
2268	2.250000e-004	
2269	3.250000e-004	
2270	3.000000e-004	
2271	4.000000e-004	
2272	7.750000e-004	
2273	7.750000e-004	
2274	7.000000e-004	
2275	8.500000e-004	
2276	9.250000e-004	
2277	1.050000e-003	
2278	1.275000e-003	
2279	1.250000e-003	
2280	1.225000e-003	
2281	1.450000e-003	
2282	1.475000e-003	
2283	1.550000e-003	
2284	1.825000e-003	
2285	1.850000e-003	
2286	1.775000e-003	
2287	1.750000e-003	
2288	1.775000e-003	
2289	1.725000e-003	
2290	1.675000e-003	
2291	2.000000e-003	
2292	2.425000e-003	
2293	2.525000e-003	
2294	2.800000e-003	
2295	2.775000e-003	
2296	2.900000e-003	
2297	2.675000e-003	
2298	2.825000e-003	
2299	3.175000e-003	
2300	3.150000e-003	
2301	3.450000e-003	
2302	3.600000e-003	
2303	3.550000e-003	
2304	3.750000e-003	
2305	3.950000e-003	
2306	3.950000e-003	
2307	3.850000e-003	
2308	3.850000e-003	
2309	4.200000e-003	
2310	3.925000e-003	
2311	3.750000e-003	
2312	3.950000e-003	
2313	3.850000e-003	
2314	3.725000e-003	
2315	3.575000e-003	
2316	3.425000e-003	
2317	3.775000e-003	
2318	3.700000e-003	
2319	3.975000e-003	
2320	4.125000e-003	
2321	3.850000e-003	
2322	4.175000e-003	
2323	3.950000e-003	
2324	4.250000e-003	
2325	4.775000e-003	
2326	5.025000e-003	
2327	5.625000e-003	
2328	5.650000e-003	
2329	5.850000e-003	
2330	5.475000e-003	
2331	5.350000e-003	
2332	5.650000e-003	
2333	4.900000e-003	
2334	4.925000e-003	
2335	5.100000e-003	
2336	5.475000e-003	
2337	6.250000e-003	
2338	6.400000e-003	
2339	6.450000e-003	
2340	6.950000e-003	
2341	6.250000e-003	
2342	6.600000e-003	
2343	6.850000e-003	
2344	7.050000e-003	
2345	7.100000e-003	
2346	6.950000e-003	
2347	7.200000e-003	
2348	7.050000e-003	
2349	7.450000e-003	
2350	6.725000e-003	
2351	6.675000e-003	
2352	6.300000e-003	
2353	6.500000e-003	
2354	6.200000e-003	
2355	6.600000e-003	
2356	6.875000e-003	
2357	6.650000e-003	
2358	6.225000e-003	
2359	6.675000e-003	
2360	6.275000e-003	
2361	5.875000e-003	
2362	5.650000e-003	
2363	5.950000e-003	
2364	6.375000e-003	
2365	6.800000e-003	
2366	7.300000e-003	
2367	6.725000e-003	
2368	6.900000e-003	
2369	7.375000e-003	
2370	6.775000e-003	
2371	6.300000e-003	
2372	6.175000e-003	
2373	6.000000e-003	
2374	6.025000e-003	
2375	4.250000e-003	
2376	4.000000e-003	
2377	3.525000e-003	
2378	3.525000e-003	
2379	3.500000e-003	
2380	3.175000e-003	
2381	3.150000e-003	
2382	3.075000e-003	
2383	2.750000e-003	
2384	2.925000e-003	
2385	2.925000e-003	
2386	2.475000e-003	
2387	2.350000e-003	
2388	2.150000e-003	
2389	2.300000e-003	
2390	2.900000e-003	
2391	2.475000e-003	
2392	2.000000e-003	
2393	1.425000e-003	
2394	1.075000e-003	
2395	8.750000e-004	
2396	8.250000e-004	
2397	8.500000e-004	
2398	6.500000e-004	
2399	6.500000e-004	
2400	5.250000e-004	
2401	3.500000e-004	
2402	7.500000e-005	
2403	5.000000e-005	
2404	0	
2405	0	
2406	0	
2407	0	
2408	0	
2409	0	
2410	0	
2411	0	
2412	0	
2413	0	
2414	0	
2415	0	
2416	0	
2417	0	
2418	0	
2419	0	
2420	0	
2421	0	
2422	0	
2423	0	
2424	0	
2425	0	
2426	0	
2427	0	
2428	0	
2429	0	
2430	0	
2431	0	
2432	0	
2433	0	
2434	0	
2435	0	
2436	0	
2437	0	
2438	0	
2439	0	
2440	0	
2441	0	
2442	0	
2443	0	
2444	0	
2445	0	
2446	0	
2447	0	
2448	2.500000e-005	
2449	0	
2450	0	
2451	0	
2452	0	
2453	0	
2454	0	
2455	0	
2456	0	
2457	0	
2458	0	
2459	0	
2460	0	
2461	0	
2462	0	
2463	0	
2464	0	
2465	0	
2466	0	
2467	0	
2468	0	
2469	0	
2470	0	
2471	0	
2472	0	
2473	0	
2474	0	
2475	0	
2476	0	
2477	0	
2478	0	
2479	0	
2480	0	
2481	0	
2482	0	
2483	0	
2484	0	
2485	0	
2486	0	
2487	0	
2488	0	
2489	0	
2490	0	
2491	0	
2492	0	
2493	0	
2494	0	
2495	0	
2496	0	
2497	0	
2498	0	
2499	0	
2500	0	
2501	0	
2502	0	
2503	0	
2504	0	
2505	0	
2506	0	
2507	0	
2508	0	
2509	0	
2510	0	
2511	0	
2512	0	
2513	0	
2514	0	
2515	0	
2516	0	
2517	0	
2518	0	
2519	0	
2520	0	
2521	0	
2522	0	
2523	0	
2524	0	
2525	0	
2526	0	
2527	0	
2528	0	
2529	0	
2530	0	
2531	0	
2532	0	
2533	0	
2534	0	
2535	0	
2536	0	
2537	0	
2538	0	
2539	0	
2540	0	
2541	0	
2542	0	
2543	0	
2544	0	
2545	0	
2546	0	
2547	0	
2548	0	
2549	0	
2550	0	
2551	0	
2552	0	
2553	0	
2554	0	
2555	0	
2556	0	
2557	0	
2558	0	
2559	0	
2560	0	
2561	0	
2562	0	
2563	0	
2564	0	
2565	0	
2566	0	
2567	0	
2568	0	
2569	0	
2570	0	
2571	0	
2572	0	
2573	0	
2574	0	
2575	0	
2576	0	
2577	0	
2578	0	
2579	0	
2580	0	
2581	0	
2582	0	
2583	0	
2584	0	
2585	0	
2586	0	
2587	0	
2588	0	
2589	0	
2590	0	
2591	0	
2592	0	
2593	0	
2594	0	
2595	0	
2596	0	
2597	0	
2598	0	
2599	0	
2600	0	
2601	0	
2602	0	
2603	0	
2604	0	
2605	0	
2606	0	
2607	0	
2608	0	
2609	0	
2610	0	
2611	0	
2612	0	
2613	0	
2614	0	
2615	0	
2616	0	
2617	0	
2618	0	
2619	0	
2620	0	
2621	0	
2622	0	
2623	0	
2624	0	
2625	0	
2626	0	
2627	0	
2628	0	
2629	0	
2630	0	
2631	0	
2632	0	
2633	0	
2634	0	
2635	0	
2636	0	
2637	0	
2638	0	
2639	0	
2640	0	
2641	0	
2642	0	
2643	0	
2644	0	
2645	0	
2646	0	
2647	0	
2648	0	
2649	0	
2650	0	
2651	0	
2652	0	
2653	0	
2654	0	
2655	0	
2656	0	
2657	0	
2658	0	
2659	0	
2660	0	
2661	0	
2662	0	
2663	0	
2664	0	
2665	0	
2666	0	
2667	0	
2668	0	
2669	0	
2670	0	
2671	0	
2672	0	
2673	0	
2674	2.500000e-005	
2675	5.000000e-005	
2676	5.000000e-005	
2677	1.250000e-004	
2678	1.250000e-004	
2679	5.000000e-005	
2680	5.000000e-005	
2681	2.500000e-005	
2682	2.500000e-005	
2683	2.500000e-005	
2684	0	
2685	0	
2686	0	
2687	0	
2688	0	
2689	0	
2690	0	
2691	0	
2692	2.500000e-005	
2693	5.000000e-005	
2694	1.250000e-004	
2695	1.750000e-004	
2696	1.500000e-004	
2697	1.250000e-004	
2698	1.500000e-004	
2699	1.000000e-004	
2700	5.000000e-005	
2701	2.500000e-005	
2702	0	
2703	0	
2704	0	
2705	0	
2706	0	
2707	0	
2708	0	
2709	0	
2710	0	
2711	0	
2712	0	
2713	0	
2714	0	
2715	0	
2716	0	
2717	0	
2718	0	
2719	0	
2720	0	
2721	0	
2722	0	
2723	0	
2724	0	
2725	0	
2726	0	
2727	0	
2728	0	
2729	0	
2730	0	
2731	0	
2732	0	
2733	0	
2734	0	
2735	0	
2736	0	
2737	0	
2738	0	
2739	0	
2740	0	
2741	0	
2742	0	
2743	0	
2744	0	
2745	0	
2746	0	
2747	0	
2748	0	
2749	0	
2750	0	
2751	0	
2752	0	
2753	0	
2754	0	
2755	0	
2756	0	
2757	0	
2758	0	
2759	0	
2760	0	
2761	0	
2762	0	
2763	0	
2764	0	
2765	0	
2766	0	
2767	0	
2768	0	
2769	0	
2770	0	
2771	0	
2772	0	
2773	0	
2774	0	
2775	0	
2776	0	
2777	0	
2778	0	
2779	0	
2780	0	
2781	0	
2782	0	
2783	0	
2784	0	
2785	0	
2786	0	
2787	0	
2788	0	
2789	0	
2790	0	
2791	2.500000e-005	
2792	7.500000e-005	
2793	1.000000e-004	
2794	1.000000e-004	
2795	1.000000e-004	
2796	1.500000e-004	
2797	1.500000e-004	
2798	1.250000e-004	
2799	5.000000e-005	
2800	5.000000e-005	
2801	0	
2802	0	
2803	0	
2804	0	
2805	0	
2806	0	
2807	0	
2808	0	
2809	0	
2810	0	
2811	0	
2812	0	
2813	0	
2814	0	
2815	0	
2816	0	
2817	0	
2818	0	
2819	0	
2820	0	
2821	0	
2822	0	
2823	0	
2824	0	
2825	0	
2826	0	
2827	0	
2828	0	
2829	0	
2830	0	
2831	0	
2832	0	
2833	0	
2834	0	
2835	0	
2836	0	
2837	0	
2838	0	
2839	0	
2840	0	
2841	0	
2842	0	
2843	0	
2844	0	
2845	0	
2846	0	
2847	0	
2848	0	
2849	0	
2850	0	
2851	0	
2852	0	
2853	0	
2854	0	
2855	0	
2856	0	
2857	0	
2858	0	
2859	0	
2860	0	
2861	0	
2862	0	
2863	0	
2864	0	
2865	0	
2866	0	
2867	0	
2868	0	
2869	0	
2870	0	
2871	0	
2872	0	
2873	0	
2874	0	
2875	0	
2876	0	
2877	0	
2878	0	
2879	0	
2880	0	
2881	0	
2882	0	
2883	0	
2884	0	
2885	0	
2886	0	
2887	0	
2888	0	
2889	0	
2890	0	
2891	0	
2892	0	
2893	0	
2894	0	
2895	0	
2896	0	
2897	0	
2898	0	
2899	0	
2900	0	
2901	0	
2902	0	
2903	0	
2904	0	
2905	0	
2906	0	
2907	0	
2908	0	
2909	0	
2910	0	
2911	0	
2912	0	
2913	0	
2914	0	
2915	0	
2916	0	
2917	0	
2918	0	
2919	0	
2920	0	
2921	0	
2922	0	
2923	0	
2924	0	
2925	0	
2926	0	
2927	0	
2928	0	
2929	0	
2930	0	
2931	0	
2932	0	
2933	0	
2934	0	
2935	0	
2936	0	
2937	0	
2938	0	
2939	0	
2940	0	
2941	0	
2942	0	
2943	0	
2944	0	
2945	0	
2946	0	
2947	0	
2948	0	
2949	0	
2950	0	
2951	0	
2952	0	
2953	0	
2954	0	
2955	0	
2956	0	
2957	0	
2958	0	
2959	0	
2960	0	
2961	0	
2962	0	
2963	0	
2964	0	
2965	0	
2966	0	
2967	0	
2968	0	
2969	0	
2970	0	
2971	0	
2972	0	
2973	0	
2974	0	
2975	0	
2976	0	
2977	2.500000e-005	
2978	7.500000e-005	
2979	7.500000e-005	
2980	7.500000e-005	
2981	5.000000e-005	
2982	2.500000e-005	
2983	5.000000e-005	
2984	2.500000e-005	
2985	7.500000e-005	
2986	7.500000e-005	
2987	5.000000e-005	
2988	1.000000e-004	
2989	7.500000e-005	
2990	1.000000e-004	
2991	2.250000e-004	
2992	3.250000e-004	
2993	3.750000e-004	
2994	2.500000e-004	
2995	2.500000e-004	
2996	3.000000e-004	
2997	2.750000e-004	
2998	2.750000e-004	
2999	3.250000e-004	
3000	4.500000e-004	
3001	5.250000e-004	
