1	0	
2	0	
3	0	
4	0	
5	0	
6	0	
7	0	
8	0	
9	0	
10	0	
11	0	
12	0	
13	0	
14	0	
15	0	
16	0	
17	0	
18	0	
19	0	
20	0	
21	0	
22	0	
23	0	
24	0	
25	0	
26	0	
27	0	
28	0	
29	0	
30	0	
31	0	
32	0	
33	0	
34	0	
35	0	
36	0	
37	0	
38	0	
39	0	
40	0	
41	0	
42	0	
43	0	
44	0	
45	0	
46	0	
47	0	
48	0	
49	0	
50	0	
51	0	
52	0	
53	0	
54	0	
55	0	
56	0	
57	0	
58	0	
59	0	
60	0	
61	0	
62	0	
63	0	
64	0	
65	0	
66	0	
67	0	
68	0	
69	0	
70	0	
71	0	
72	0	
73	0	
74	0	
75	0	
76	0	
77	0	
78	0	
79	0	
80	0	
81	0	
82	0	
83	0	
84	0	
85	0	
86	0	
87	0	
88	0	
89	0	
90	0	
91	0	
92	0	
93	0	
94	0	
95	0	
96	0	
97	0	
98	0	
99	0	
100	0	
101	0	
102	0	
103	0	
104	0	
105	0	
106	0	
107	0	
108	0	
109	0	
110	0	
111	0	
112	0	
113	0	
114	0	
115	0	
116	0	
117	0	
118	0	
119	0	
120	0	
121	0	
122	0	
123	0	
124	0	
125	0	
126	0	
127	0	
128	0	
129	0	
130	0	
131	0	
132	0	
133	0	
134	0	
135	0	
136	0	
137	0	
138	0	
139	0	
140	0	
141	0	
142	0	
143	0	
144	0	
145	0	
146	0	
147	0	
148	0	
149	0	
150	0	
151	0	
152	0	
153	0	
154	0	
155	0	
156	0	
157	0	
158	0	
159	0	
160	0	
161	2.500000e-005	
162	1.000000e-004	
163	1.750000e-004	
164	3.750000e-004	
165	4.500000e-004	
166	4.250000e-004	
167	5.000000e-004	
168	6.750000e-004	
169	7.750000e-004	
170	7.000000e-004	
171	6.500000e-004	
172	7.250000e-004	
173	9.500000e-004	
174	1.025000e-003	
175	1.350000e-003	
176	1.500000e-003	
177	1.525000e-003	
178	1.725000e-003	
179	1.925000e-003	
180	1.700000e-003	
181	1.800000e-003	
182	1.725000e-003	
183	2.175000e-003	
184	2.325000e-003	
185	2.050000e-003	
186	1.750000e-003	
187	2.125000e-003	
188	2.350000e-003	
189	2.400000e-003	
190	2.575000e-003	
191	2.625000e-003	
192	2.575000e-003	
193	2.450000e-003	
194	2.275000e-003	
195	2.675000e-003	
196	3.150000e-003	
197	3.650000e-003	
198	3.475000e-003	
199	3.725000e-003	
200	3.500000e-003	
201	3.500000e-003	
202	3.800000e-003	
203	4.500000e-003	
204	4.850000e-003	
205	4.950000e-003	
206	4.850000e-003	
207	5.050000e-003	
208	5.550000e-003	
209	6.000000e-003	
210	5.550000e-003	
211	6.400000e-003	
212	7.725000e-003	
213	5.900000e-003	
214	5.650000e-003	
215	6.250000e-003	
216	6.625000e-003	
217	6.575000e-003	
218	6.300000e-003	
219	7.375000e-003	
220	7.575000e-003	
221	7.950000e-003	
222	7.675000e-003	
223	7.850000e-003	
224	8.225000e-003	
225	8.825000e-003	
226	8.850000e-003	
227	9.175000e-003	
228	9.050000e-003	
229	8.900000e-003	
230	9.250000e-003	
231	1.022500e-002	
232	1.017500e-002	
233	1.070000e-002	
234	1.032500e-002	
235	1.137500e-002	
236	1.160000e-002	
237	1.095000e-002	
238	1.125000e-002	
239	1.100000e-002	
240	1.180000e-002	
241	1.200000e-002	
242	1.275000e-002	
243	1.322500e-002	
244	1.225000e-002	
245	1.192500e-002	
246	1.202500e-002	
247	1.192500e-002	
248	1.082500e-002	
249	1.100000e-002	
250	1.072500e-002	
251	9.625000e-003	
252	8.900000e-003	
253	8.400000e-003	
254	8.300000e-003	
255	7.075000e-003	
256	6.825000e-003	
257	6.250000e-003	
258	6.150000e-003	
259	6.050000e-003	
260	5.175000e-003	
261	5.200000e-003	
262	4.800000e-003	
263	3.500000e-003	
264	2.325000e-003	
265	1.875000e-003	
266	1.750000e-003	
267	1.500000e-003	
268	4.750000e-004	
269	1.500000e-004	
270	0	
271	0	
272	0	
273	0	
274	0	
275	0	
276	0	
277	0	
278	0	
279	0	
280	0	
281	0	
282	0	
283	0	
284	0	
285	0	
286	0	
287	0	
288	0	
289	0	
290	0	
291	0	
292	0	
293	0	
294	0	
295	0	
296	0	
297	0	
298	0	
299	0	
300	0	
301	0	
302	0	
303	0	
304	0	
305	0	
306	0	
307	0	
308	0	
309	0	
310	0	
311	0	
312	0	
313	0	
314	0	
315	0	
316	0	
317	0	
318	0	
319	0	
320	0	
321	0	
322	0	
323	0	
324	0	
325	0	
326	0	
327	0	
328	0	
329	0	
330	0	
331	0	
332	0	
333	0	
334	0	
335	0	
336	0	
337	0	
338	0	
339	0	
340	0	
341	0	
342	0	
343	0	
344	0	
345	0	
346	0	
347	0	
348	0	
349	0	
350	0	
351	2.500000e-005	
352	0	
353	0	
354	0	
355	0	
356	0	
357	0	
358	0	
359	0	
360	0	
361	0	
362	0	
363	0	
364	0	
365	0	
366	0	
367	0	
368	0	
369	0	
370	0	
371	0	
372	0	
373	0	
374	0	
375	0	
376	0	
377	0	
378	0	
379	0	
380	0	
381	0	
382	0	
383	0	
384	0	
385	0	
386	0	
387	0	
388	0	
389	0	
390	0	
391	0	
392	0	
393	0	
394	0	
395	0	
396	0	
397	0	
398	0	
399	0	
400	0	
401	0	
402	0	
403	0	
404	0	
405	0	
406	0	
407	0	
408	0	
409	0	
410	0	
411	0	
412	0	
413	0	
414	0	
415	0	
416	0	
417	0	
418	0	
419	0	
420	0	
421	0	
422	0	
423	0	
424	0	
425	0	
426	0	
427	0	
428	0	
429	0	
430	0	
431	0	
432	0	
433	0	
434	0	
435	0	
436	0	
437	0	
438	0	
439	0	
440	0	
441	0	
442	0	
443	0	
444	0	
445	0	
446	0	
447	0	
448	0	
449	0	
450	0	
451	0	
452	0	
453	0	
454	0	
455	0	
456	0	
457	0	
458	0	
459	0	
460	0	
461	0	
462	0	
463	0	
464	0	
465	0	
466	0	
467	0	
468	0	
469	0	
470	0	
471	0	
472	0	
473	0	
474	0	
475	0	
476	0	
477	0	
478	0	
479	0	
480	0	
481	0	
482	0	
483	0	
484	0	
485	0	
486	2.500000e-005	
487	5.000000e-005	
488	5.000000e-005	
489	2.500000e-005	
490	5.000000e-005	
491	2.500000e-005	
492	0	
493	0	
494	0	
495	0	
496	0	
497	0	
498	0	
499	0	
500	0	
501	0	
502	2.500000e-005	
503	0	
504	0	
505	0	
506	0	
507	0	
508	0	
509	0	
510	0	
511	0	
512	0	
513	0	
514	0	
515	0	
516	0	
517	0	
518	0	
519	0	
520	0	
521	0	
522	0	
523	0	
524	0	
525	0	
526	0	
527	0	
528	0	
529	2.500000e-005	
530	0	
531	0	
532	0	
533	0	
534	0	
535	0	
536	0	
537	0	
538	0	
539	0	
540	0	
541	0	
542	0	
543	0	
544	0	
545	0	
546	0	
547	0	
548	0	
549	0	
550	0	
551	0	
552	2.500000e-005	
553	5.000000e-005	
554	1.000000e-004	
555	1.250000e-004	
556	1.750000e-004	
557	1.250000e-004	
558	1.750000e-004	
559	7.500000e-005	
560	1.250000e-004	
561	7.500000e-005	
562	5.000000e-005	
563	7.500000e-005	
564	5.000000e-005	
565	1.000000e-004	
566	2.500000e-005	
567	2.500000e-005	
568	2.500000e-005	
569	2.500000e-005	
570	2.500000e-005	
571	2.500000e-005	
572	0	
573	0	
574	0	
575	0	
576	0	
577	0	
578	0	
579	0	
580	0	
581	0	
582	0	
583	0	
584	0	
585	0	
586	0	
587	0	
588	0	
589	0	
590	0	
591	0	
592	0	
593	0	
594	0	
595	0	
596	0	
597	0	
598	0	
599	0	
600	0	
601	0	
602	0	
603	0	
604	0	
605	0	
606	0	
607	0	
608	0	
609	0	
610	0	
611	0	
612	0	
613	0	
614	0	
615	0	
616	0	
617	0	
618	0	
619	0	
620	0	
621	0	
622	0	
623	0	
624	0	
625	0	
626	0	
627	0	
628	0	
629	0	
630	0	
631	0	
632	0	
633	0	
634	0	
635	0	
636	0	
637	0	
638	0	
639	0	
640	0	
641	0	
642	0	
643	0	
644	0	
645	0	
646	0	
647	0	
648	0	
649	0	
650	0	
651	0	
652	0	
653	0	
654	0	
655	0	
656	0	
657	0	
658	0	
659	0	
660	0	
661	0	
662	0	
663	0	
664	0	
665	0	
666	0	
667	0	
668	0	
669	0	
670	0	
671	0	
672	0	
673	0	
674	0	
675	0	
676	0	
677	0	
678	0	
679	0	
680	0	
681	0	
682	0	
683	0	
684	0	
685	0	
686	0	
687	0	
688	0	
689	0	
690	0	
691	0	
692	0	
693	0	
694	0	
695	0	
696	0	
697	0	
698	0	
699	0	
700	0	
701	0	
702	0	
703	0	
704	0	
705	0	
706	0	
707	0	
708	0	
709	0	
710	0	
711	0	
712	0	
713	0	
714	0	
715	0	
716	0	
717	0	
718	0	
719	0	
720	0	
721	0	
722	0	
723	0	
724	0	
725	0	
726	0	
727	2.500000e-005	
728	1.000000e-004	
729	7.500000e-005	
730	1.000000e-004	
731	1.000000e-004	
732	1.250000e-004	
733	1.250000e-004	
734	2.000000e-004	
735	2.000000e-004	
736	2.000000e-004	
737	2.000000e-004	
738	1.500000e-004	
739	1.250000e-004	
740	1.250000e-004	
741	1.500000e-004	
742	2.250000e-004	
743	3.000000e-004	
744	2.750000e-004	
745	3.250000e-004	
746	4.000000e-004	
747	4.750000e-004	
748	4.500000e-004	
749	3.500000e-004	
750	2.750000e-004	
751	2.250000e-004	
752	1.750000e-004	
753	1.000000e-004	
754	1.250000e-004	
755	1.750000e-004	
756	2.000000e-004	
757	3.000000e-004	
758	2.500000e-004	
759	4.000000e-004	
760	3.000000e-004	
761	4.500000e-004	
762	4.250000e-004	
763	4.750000e-004	
764	4.250000e-004	
765	5.500000e-004	
766	6.250000e-004	
767	7.750000e-004	
768	6.500000e-004	
769	5.750000e-004	
770	5.500000e-004	
771	4.000000e-004	
772	4.750000e-004	
773	6.000000e-004	
774	6.250000e-004	
775	5.250000e-004	
776	6.000000e-004	
777	6.000000e-004	
778	6.500000e-004	
779	5.250000e-004	
780	7.500000e-004	
781	7.750000e-004	
782	7.250000e-004	
783	8.750000e-004	
784	1.025000e-003	
785	1.200000e-003	
786	1.125000e-003	
787	1.300000e-003	
788	8.750000e-004	
789	8.500000e-004	
790	9.500000e-004	
791	8.500000e-004	
792	9.750000e-004	
793	9.250000e-004	
794	1.125000e-003	
795	1.225000e-003	
796	1.300000e-003	
797	1.175000e-003	
798	1.075000e-003	
799	1.275000e-003	
800	1.275000e-003	
801	1.500000e-003	
802	1.800000e-003	
803	1.700000e-003	
804	1.500000e-003	
805	1.825000e-003	
806	2.100000e-003	
807	1.850000e-003	
808	2.275000e-003	
809	2.625000e-003	
810	2.600000e-003	
811	2.875000e-003	
812	2.750000e-003	
813	2.925000e-003	
814	2.950000e-003	
815	2.900000e-003	
816	3.225000e-003	
817	3.625000e-003	
818	3.150000e-003	
819	3.200000e-003	
820	3.075000e-003	
821	3.025000e-003	
822	2.800000e-003	
823	2.725000e-003	
824	3.050000e-003	
825	3.100000e-003	
826	3.450000e-003	
827	3.400000e-003	
828	3.300000e-003	
829	3.350000e-003	
830	3.525000e-003	
831	3.400000e-003	
832	3.875000e-003	
833	3.525000e-003	
834	3.075000e-003	
835	2.675000e-003	
836	2.875000e-003	
837	2.975000e-003	
838	3.025000e-003	
839	3.475000e-003	
840	3.550000e-003	
841	3.400000e-003	
842	3.325000e-003	
843	3.600000e-003	
844	3.250000e-003	
845	3.800000e-003	
846	3.750000e-003	
847	3.600000e-003	
848	3.975000e-003	
849	3.625000e-003	
850	3.875000e-003	
851	3.225000e-003	
852	3.775000e-003	
853	4.100000e-003	
854	4.350000e-003	
855	3.875000e-003	
856	3.625000e-003	
857	3.450000e-003	
858	4.025000e-003	
859	4.375000e-003	
860	4.750000e-003	
861	4.975000e-003	
862	5.475000e-003	
863	4.925000e-003	
864	5.125000e-003	
865	5.025000e-003	
866	5.675000e-003	
867	5.250000e-003	
868	5.550000e-003	
869	5.400000e-003	
870	5.300000e-003	
871	5.225000e-003	
872	5.650000e-003	
873	6.250000e-003	
874	5.725000e-003	
875	5.275000e-003	
876	5.450000e-003	
877	5.275000e-003	
878	5.375000e-003	
879	4.975000e-003	
880	4.825000e-003	
881	4.875000e-003	
882	4.425000e-003	
883	5.150000e-003	
884	4.725000e-003	
885	4.850000e-003	
886	5.600000e-003	
887	5.600000e-003	
888	5.600000e-003	
889	5.000000e-003	
890	4.575000e-003	
891	4.400000e-003	
892	3.575000e-003	
893	3.475000e-003	
894	2.825000e-003	
895	2.150000e-003	
896	2.100000e-003	
897	1.950000e-003	
898	2.300000e-003	
899	2.050000e-003	
900	1.575000e-003	
901	1.575000e-003	
902	1.550000e-003	
903	1.800000e-003	
904	1.800000e-003	
905	1.950000e-003	
906	1.900000e-003	
907	1.600000e-003	
908	1.250000e-003	
909	7.250000e-004	
910	3.500000e-004	
911	1.500000e-004	
912	2.500000e-005	
913	0	
914	0	
915	0	
916	0	
917	0	
918	0	
919	0	
920	0	
921	0	
922	0	
923	0	
924	0	
925	0	
926	0	
927	0	
928	0	
929	0	
930	0	
931	0	
932	0	
933	0	
934	0	
935	0	
936	0	
937	0	
938	0	
939	0	
940	0	
941	0	
942	0	
943	0	
944	0	
945	0	
946	0	
947	0	
948	0	
949	0	
950	0	
951	0	
952	0	
953	0	
954	0	
955	0	
956	0	
957	0	
958	0	
959	0	
960	0	
961	0	
962	0	
963	0	
964	0	
965	0	
966	0	
967	0	
968	0	
969	0	
970	0	
971	0	
972	0	
973	0	
974	0	
975	0	
976	0	
977	0	
978	0	
979	0	
980	0	
981	0	
982	0	
983	0	
984	0	
985	0	
986	0	
987	0	
988	0	
989	0	
990	0	
991	0	
992	0	
993	0	
994	0	
995	0	
996	0	
997	0	
998	0	
999	0	
1000	0	
1001	0	
1002	0	
1003	0	
1004	0	
1005	0	
1006	0	
1007	0	
1008	0	
1009	0	
1010	0	
1011	0	
1012	0	
1013	0	
1014	0	
1015	0	
1016	0	
1017	0	
1018	0	
1019	0	
1020	0	
1021	0	
1022	0	
1023	0	
1024	0	
1025	0	
1026	0	
1027	0	
1028	0	
1029	0	
1030	0	
1031	0	
1032	0	
1033	0	
1034	0	
1035	0	
1036	0	
1037	0	
1038	0	
1039	0	
1040	0	
1041	0	
1042	0	
1043	0	
1044	0	
1045	0	
1046	0	
1047	0	
1048	0	
1049	0	
1050	0	
1051	0	
1052	0	
1053	0	
1054	0	
1055	0	
1056	0	
1057	0	
1058	0	
1059	0	
1060	0	
1061	0	
1062	0	
1063	0	
1064	0	
1065	0	
1066	0	
1067	0	
1068	0	
1069	0	
1070	0	
1071	0	
1072	0	
1073	0	
1074	0	
1075	0	
1076	0	
1077	0	
1078	0	
1079	0	
1080	0	
1081	0	
1082	0	
1083	0	
1084	0	
1085	0	
1086	0	
1087	0	
1088	0	
1089	0	
1090	0	
1091	0	
1092	0	
1093	0	
1094	0	
1095	0	
1096	0	
1097	0	
1098	0	
1099	0	
1100	0	
1101	0	
1102	0	
1103	0	
1104	0	
1105	0	
1106	0	
1107	0	
1108	0	
1109	0	
1110	0	
1111	0	
1112	0	
1113	0	
1114	0	
1115	2.500000e-005	
1116	5.000000e-005	
1117	2.500000e-005	
1118	5.000000e-005	
1119	2.500000e-005	
1120	0	
1121	0	
1122	0	
1123	0	
1124	0	
1125	0	
1126	0	
1127	0	
1128	0	
1129	0	
1130	0	
1131	0	
1132	0	
1133	0	
1134	0	
1135	0	
1136	0	
1137	0	
1138	0	
1139	0	
1140	0	
1141	0	
1142	0	
1143	0	
1144	0	
1145	0	
1146	0	
1147	0	
1148	0	
1149	0	
1150	0	
1151	0	
1152	0	
1153	0	
1154	0	
1155	0	
1156	0	
1157	0	
1158	0	
1159	0	
1160	0	
1161	0	
1162	0	
1163	0	
1164	0	
1165	0	
1166	0	
1167	0	
1168	0	
1169	0	
1170	0	
1171	0	
1172	0	
1173	0	
1174	0	
1175	0	
1176	0	
1177	0	
1178	0	
1179	0	
1180	0	
1181	0	
1182	0	
1183	0	
1184	0	
1185	0	
1186	0	
1187	0	
1188	0	
1189	0	
1190	0	
1191	0	
1192	0	
1193	0	
1194	0	
1195	0	
1196	0	
1197	0	
1198	0	
1199	0	
1200	0	
1201	0	
1202	0	
1203	0	
1204	0	
1205	0	
1206	0	
1207	0	
1208	0	
1209	0	
1210	0	
1211	0	
1212	0	
1213	0	
1214	0	
1215	0	
1216	0	
1217	0	
1218	0	
1219	0	
1220	0	
1221	0	
1222	0	
1223	0	
1224	0	
1225	0	
1226	0	
1227	0	
1228	0	
1229	0	
1230	0	
1231	0	
1232	0	
1233	0	
1234	0	
1235	0	
1236	0	
1237	0	
1238	0	
1239	0	
1240	0	
1241	0	
1242	0	
1243	0	
1244	0	
1245	0	
1246	0	
1247	0	
1248	0	
1249	0	
1250	0	
1251	0	
1252	0	
1253	0	
1254	0	
1255	0	
1256	2.500000e-005	
1257	1.000000e-004	
1258	1.250000e-004	
1259	2.000000e-004	
1260	2.000000e-004	
1261	2.250000e-004	
1262	3.500000e-004	
1263	2.750000e-004	
1264	2.000000e-004	
1265	2.000000e-004	
1266	3.250000e-004	
1267	2.500000e-004	
1268	3.500000e-004	
1269	2.500000e-004	
1270	3.750000e-004	
1271	4.500000e-004	
1272	5.250000e-004	
1273	4.500000e-004	
1274	4.250000e-004	
1275	4.000000e-004	
1276	3.750000e-004	
1277	3.000000e-004	
1278	2.250000e-004	
1279	2.250000e-004	
1280	2.250000e-004	
1281	2.500000e-004	
1282	1.750000e-004	
1283	1.500000e-004	
1284	1.250000e-004	
1285	1.250000e-004	
1286	2.500000e-004	
1287	3.500000e-004	
1288	4.250000e-004	
1289	4.500000e-004	
1290	3.500000e-004	
1291	3.000000e-004	
1292	4.500000e-004	
1293	3.250000e-004	
1294	2.250000e-004	
1295	2.000000e-004	
1296	2.250000e-004	
1297	3.250000e-004	
1298	3.000000e-004	
1299	2.250000e-004	
1300	2.250000e-004	
1301	2.000000e-004	
1302	2.750000e-004	
1303	1.500000e-004	
1304	2.250000e-004	
1305	2.750000e-004	
1306	3.500000e-004	
1307	5.000000e-004	
1308	6.000000e-004	
1309	4.750000e-004	
1310	6.000000e-004	
1311	4.250000e-004	
1312	5.000000e-004	
1313	5.000000e-004	
1314	5.000000e-004	
1315	4.250000e-004	
1316	5.250000e-004	
1317	4.500000e-004	
1318	4.500000e-004	
1319	4.000000e-004	
1320	6.750000e-004	
1321	4.750000e-004	
1322	5.250000e-004	
1323	5.250000e-004	
1324	5.500000e-004	
1325	5.250000e-004	
1326	3.500000e-004	
1327	3.750000e-004	
1328	4.250000e-004	
1329	2.750000e-004	
1330	2.750000e-004	
1331	1.750000e-004	
1332	2.000000e-004	
1333	2.750000e-004	
1334	4.000000e-004	
1335	4.500000e-004	
1336	7.000000e-004	
1337	7.750000e-004	
1338	6.000000e-004	
1339	7.250000e-004	
1340	6.250000e-004	
1341	8.250000e-004	
1342	9.250000e-004	
1343	8.750000e-004	
1344	9.250000e-004	
1345	8.500000e-004	
1346	8.000000e-004	
1347	9.000000e-004	
1348	1.050000e-003	
1349	9.750000e-004	
1350	8.500000e-004	
1351	9.250000e-004	
1352	1.050000e-003	
1353	9.500000e-004	
1354	1.100000e-003	
1355	8.250000e-004	
1356	9.250000e-004	
1357	9.000000e-004	
1358	1.075000e-003	
1359	1.475000e-003	
1360	1.800000e-003	
1361	1.925000e-003	
1362	1.750000e-003	
1363	2.000000e-003	
1364	1.900000e-003	
1365	1.925000e-003	
1366	1.750000e-003	
1367	1.925000e-003	
1368	1.675000e-003	
1369	1.575000e-003	
1370	1.600000e-003	
1371	2.100000e-003	
1372	2.225000e-003	
1373	2.450000e-003	
1374	2.200000e-003	
1375	2.175000e-003	
1376	2.125000e-003	
1377	2.175000e-003	
1378	2.350000e-003	
1379	2.625000e-003	
1380	2.375000e-003	
1381	2.450000e-003	
1382	2.475000e-003	
1383	2.250000e-003	
1384	2.350000e-003	
1385	2.400000e-003	
1386	2.375000e-003	
1387	2.475000e-003	
1388	2.475000e-003	
1389	2.550000e-003	
1390	2.600000e-003	
1391	2.725000e-003	
1392	2.500000e-003	
1393	2.900000e-003	
1394	2.925000e-003	
1395	2.900000e-003	
1396	3.100000e-003	
1397	3.150000e-003	
1398	2.875000e-003	
1399	3.600000e-003	
1400	3.275000e-003	
1401	3.775000e-003	
1402	3.600000e-003	
1403	3.575000e-003	
1404	3.175000e-003	
1405	3.050000e-003	
1406	3.025000e-003	
1407	3.025000e-003	
1408	3.100000e-003	
1409	3.350000e-003	
1410	3.450000e-003	
1411	3.325000e-003	
1412	3.300000e-003	
1413	3.350000e-003	
1414	3.425000e-003	
1415	2.950000e-003	
1416	2.675000e-003	
1417	2.675000e-003	
1418	2.875000e-003	
1419	3.375000e-003	
1420	3.475000e-003	
1421	3.300000e-003	
1422	3.450000e-003	
1423	3.425000e-003	
1424	2.800000e-003	
1425	3.200000e-003	
1426	3.650000e-003	
1427	3.350000e-003	
1428	3.425000e-003	
1429	3.475000e-003	
1430	3.850000e-003	
1431	3.525000e-003	
1432	3.400000e-003	
1433	3.150000e-003	
1434	3.425000e-003	
1435	3.050000e-003	
1436	2.800000e-003	
1437	3.025000e-003	
1438	3.025000e-003	
1439	3.250000e-003	
1440	2.900000e-003	
1441	2.900000e-003	
1442	2.750000e-003	
1443	2.500000e-003	
1444	2.575000e-003	
1445	2.475000e-003	
1446	2.100000e-003	
1447	2.400000e-003	
1448	2.350000e-003	
1449	2.675000e-003	
1450	2.675000e-003	
1451	2.725000e-003	
1452	2.550000e-003	
1453	2.425000e-003	
1454	2.500000e-003	
1455	2.800000e-003	
1456	2.950000e-003	
1457	2.825000e-003	
1458	2.225000e-003	
1459	2.550000e-003	
1460	2.375000e-003	
1461	2.450000e-003	
1462	2.575000e-003	
1463	2.225000e-003	
1464	2.025000e-003	
1465	2.350000e-003	
1466	2.025000e-003	
1467	1.975000e-003	
1468	1.825000e-003	
1469	1.800000e-003	
1470	1.675000e-003	
1471	2.000000e-003	
1472	2.050000e-003	
1473	2.125000e-003	
1474	2.175000e-003	
1475	1.675000e-003	
1476	1.525000e-003	
1477	1.875000e-003	
1478	1.675000e-003	
1479	1.325000e-003	
1480	1.325000e-003	
1481	1.050000e-003	
1482	1.225000e-003	
1483	1.150000e-003	
1484	1.175000e-003	
1485	1.275000e-003	
1486	1.250000e-003	
1487	1.325000e-003	
1488	1.250000e-003	
1489	1.325000e-003	
1490	9.750000e-004	
1491	9.250000e-004	
1492	1.025000e-003	
1493	8.000000e-004	
1494	6.500000e-004	
1495	5.000000e-004	
1496	3.250000e-004	
1497	2.500000e-004	
1498	1.750000e-004	
1499	1.750000e-004	
1500	5.000000e-005	
1501	5.000000e-005	
1502	2.500000e-005	
1503	0	
1504	7.500000e-005	
1505	5.000000e-005	
1506	2.500000e-005	
1507	5.000000e-005	
1508	7.500000e-005	
1509	5.000000e-005	
1510	5.000000e-005	
1511	2.500000e-005	
1512	0	
1513	0	
1514	0	
1515	0	
1516	0	
1517	0	
1518	0	
1519	0	
1520	0	
1521	0	
1522	0	
1523	0	
1524	0	
1525	0	
1526	0	
1527	0	
1528	0	
1529	0	
1530	0	
1531	0	
1532	0	
1533	0	
1534	0	
1535	0	
1536	0	
1537	0	
1538	0	
1539	0	
1540	0	
1541	0	
1542	0	
1543	0	
1544	0	
1545	0	
1546	0	
1547	0	
1548	0	
1549	0	
1550	0	
1551	0	
1552	0	
1553	0	
1554	0	
1555	0	
1556	0	
1557	0	
1558	0	
1559	0	
1560	0	
1561	0	
1562	0	
1563	0	
1564	0	
1565	0	
1566	0	
1567	0	
1568	0	
1569	0	
1570	0	
1571	0	
1572	0	
1573	0	
1574	0	
1575	0	
1576	0	
1577	0	
1578	0	
1579	0	
1580	0	
1581	0	
1582	0	
1583	0	
1584	0	
1585	0	
1586	0	
1587	0	
1588	0	
1589	0	
1590	0	
1591	0	
1592	0	
1593	0	
1594	0	
1595	0	
1596	0	
1597	0	
1598	0	
1599	0	
1600	0	
1601	0	
1602	0	
1603	0	
1604	0	
1605	0	
1606	0	
1607	0	
1608	0	
1609	0	
1610	0	
1611	0	
1612	0	
1613	0	
1614	0	
1615	0	
1616	0	
1617	0	
1618	0	
1619	0	
1620	0	
1621	0	
1622	0	
1623	0	
1624	0	
1625	0	
1626	0	
1627	0	
1628	0	
1629	0	
1630	0	
1631	0	
1632	0	
1633	0	
1634	0	
1635	0	
1636	0	
1637	0	
1638	0	
1639	0	
1640	0	
1641	0	
1642	0	
1643	0	
1644	0	
1645	0	
1646	0	
1647	0	
1648	0	
1649	0	
1650	0	
1651	0	
1652	0	
1653	0	
1654	0	
1655	0	
1656	0	
1657	0	
1658	0	
1659	0	
1660	0	
1661	0	
1662	0	
1663	0	
1664	0	
1665	0	
1666	0	
1667	0	
1668	0	
1669	0	
1670	0	
1671	0	
1672	0	
1673	0	
1674	0	
1675	0	
1676	0	
1677	0	
1678	0	
1679	0	
1680	0	
1681	0	
1682	0	
1683	2.500000e-005	
1684	2.500000e-005	
1685	2.500000e-005	
1686	0	
1687	0	
1688	0	
1689	0	
1690	2.500000e-005	
1691	5.000000e-005	
1692	2.500000e-005	
1693	2.500000e-005	
1694	2.500000e-005	
1695	5.000000e-005	
1696	5.000000e-005	
1697	5.000000e-005	
1698	2.500000e-005	
1699	5.000000e-005	
1700	1.000000e-004	
1701	7.500000e-005	
1702	5.000000e-005	
1703	2.500000e-005	
1704	0	
1705	0	
1706	0	
1707	0	
1708	0	
1709	0	
1710	0	
1711	0	
1712	0	
1713	0	
1714	0	
1715	0	
1716	0	
1717	0	
1718	0	
1719	0	
1720	0	
1721	0	
1722	0	
1723	0	
1724	0	
1725	0	
1726	0	
1727	0	
1728	0	
1729	0	
1730	0	
1731	0	
1732	0	
1733	0	
1734	0	
1735	0	
1736	0	
1737	0	
1738	0	
1739	0	
1740	0	
1741	0	
1742	0	
1743	0	
1744	0	
1745	0	
1746	0	
1747	0	
1748	0	
1749	0	
1750	0	
1751	0	
1752	0	
1753	0	
1754	0	
1755	0	
1756	0	
1757	0	
1758	0	
1759	0	
1760	0	
1761	0	
1762	0	
1763	0	
1764	0	
1765	0	
1766	0	
1767	0	
1768	0	
1769	0	
1770	0	
1771	0	
1772	0	
1773	0	
1774	0	
1775	0	
1776	0	
1777	0	
1778	0	
1779	0	
1780	0	
1781	0	
1782	0	
1783	0	
1784	0	
1785	0	
1786	0	
1787	0	
1788	0	
1789	0	
1790	0	
1791	0	
1792	0	
1793	0	
1794	0	
1795	0	
1796	0	
1797	0	
1798	0	
1799	0	
1800	0	
1801	0	
1802	0	
1803	0	
1804	0	
1805	0	
1806	0	
1807	0	
1808	0	
1809	0	
1810	0	
1811	0	
1812	0	
1813	0	
1814	0	
1815	0	
1816	0	
1817	0	
1818	0	
1819	0	
1820	0	
1821	0	
1822	0	
1823	0	
1824	0	
1825	0	
1826	0	
1827	0	
1828	0	
1829	0	
1830	0	
1831	0	
1832	0	
1833	0	
1834	0	
1835	0	
1836	0	
1837	0	
1838	0	
1839	0	
1840	0	
1841	0	
1842	0	
1843	0	
1844	0	
1845	0	
1846	0	
1847	0	
1848	0	
1849	0	
1850	0	
1851	0	
1852	0	
1853	0	
1854	0	
1855	0	
1856	0	
1857	0	
1858	0	
1859	0	
1860	0	
1861	0	
1862	0	
1863	0	
1864	0	
1865	0	
1866	0	
1867	2.500000e-005	
1868	1.250000e-004	
1869	2.000000e-004	
1870	3.500000e-004	
1871	4.000000e-004	
1872	2.750000e-004	
1873	2.500000e-004	
1874	3.750000e-004	
1875	4.000000e-004	
1876	3.750000e-004	
1877	4.000000e-004	
1878	3.750000e-004	
1879	3.000000e-004	
1880	4.500000e-004	
1881	3.250000e-004	
1882	2.750000e-004	
1883	2.500000e-004	
1884	3.500000e-004	
1885	3.500000e-004	
1886	2.250000e-004	
1887	2.250000e-004	
1888	3.250000e-004	
1889	3.750000e-004	
1890	3.500000e-004	
1891	5.500000e-004	
1892	5.250000e-004	
1893	4.500000e-004	
1894	4.750000e-004	
1895	5.500000e-004	
1896	7.250000e-004	
1897	6.500000e-004	
1898	6.750000e-004	
1899	7.250000e-004	
1900	6.750000e-004	
1901	8.000000e-004	
1902	6.750000e-004	
1903	6.750000e-004	
1904	5.750000e-004	
1905	6.250000e-004	
1906	7.000000e-004	
1907	6.000000e-004	
1908	6.000000e-004	
1909	4.250000e-004	
1910	5.000000e-004	
1911	4.750000e-004	
1912	5.250000e-004	
1913	6.000000e-004	
1914	5.000000e-004	
1915	5.250000e-004	
1916	5.500000e-004	
1917	5.250000e-004	
1918	5.500000e-004	
1919	7.000000e-004	
1920	7.500000e-004	
1921	7.500000e-004	
1922	7.500000e-004	
1923	7.500000e-004	
1924	7.250000e-004	
1925	7.750000e-004	
1926	9.750000e-004	
1927	1.150000e-003	
1928	1.225000e-003	
1929	1.400000e-003	
1930	1.450000e-003	
1931	1.200000e-003	
1932	1.400000e-003	
1933	1.400000e-003	
1934	1.625000e-003	
1935	1.725000e-003	
1936	1.575000e-003	
1937	1.200000e-003	
1938	1.425000e-003	
1939	1.250000e-003	
1940	1.550000e-003	
1941	1.550000e-003	
1942	1.200000e-003	
1943	1.425000e-003	
1944	1.475000e-003	
1945	1.650000e-003	
1946	1.450000e-003	
1947	1.450000e-003	
1948	1.600000e-003	
1949	1.700000e-003	
1950	1.800000e-003	
1951	1.825000e-003	
1952	1.875000e-003	
1953	1.750000e-003	
1954	1.850000e-003	
1955	1.675000e-003	
1956	1.575000e-003	
1957	1.600000e-003	
1958	1.725000e-003	
1959	1.800000e-003	
1960	2.375000e-003	
1961	1.850000e-003	
1962	1.875000e-003	
1963	1.825000e-003	
1964	1.900000e-003	
1965	2.175000e-003	
1966	2.325000e-003	
1967	2.675000e-003	
1968	2.475000e-003	
1969	2.700000e-003	
1970	2.300000e-003	
1971	2.200000e-003	
1972	2.600000e-003	
1973	3.100000e-003	
1974	3.000000e-003	
1975	3.100000e-003	
1976	3.350000e-003	
1977	3.875000e-003	
1978	4.025000e-003	
1979	4.100000e-003	
1980	3.900000e-003	
1981	3.150000e-003	
1982	3.650000e-003	
1983	3.400000e-003	
1984	3.450000e-003	
1985	3.600000e-003	
1986	3.575000e-003	
1987	3.775000e-003	
1988	3.775000e-003	
1989	3.825000e-003	
1990	3.950000e-003	
1991	4.325000e-003	
1992	4.150000e-003	
1993	3.875000e-003	
1994	4.000000e-003	
1995	4.425000e-003	
1996	4.325000e-003	
1997	4.250000e-003	
1998	4.100000e-003	
1999	4.125000e-003	
2000	3.975000e-003	
2001	4.025000e-003	
2002	4.100000e-003	
2003	4.425000e-003	
2004	3.850000e-003	
2005	3.525000e-003	
2006	3.225000e-003	
2007	2.750000e-003	
2008	2.700000e-003	
2009	3.075000e-003	
2010	2.650000e-003	
2011	2.925000e-003	
2012	3.150000e-003	
2013	3.425000e-003	
2014	3.750000e-003	
2015	3.925000e-003	
2016	3.600000e-003	
2017	3.350000e-003	
2018	3.150000e-003	
2019	3.225000e-003	
2020	3.400000e-003	
2021	3.650000e-003	
2022	3.275000e-003	
2023	3.325000e-003	
2024	3.575000e-003	
2025	3.650000e-003	
2026	3.250000e-003	
2027	2.975000e-003	
2028	3.250000e-003	
2029	3.050000e-003	
2030	3.675000e-003	
2031	3.425000e-003	
2032	3.500000e-003	
2033	3.725000e-003	
2034	3.600000e-003	
2035	3.350000e-003	
2036	3.250000e-003	
2037	3.000000e-003	
2038	2.875000e-003	
2039	2.750000e-003	
2040	2.700000e-003	
2041	2.950000e-003	
2042	2.900000e-003	
2043	2.650000e-003	
2044	3.100000e-003	
2045	2.825000e-003	
2046	3.200000e-003	
2047	3.125000e-003	
2048	3.275000e-003	
2049	2.875000e-003	
2050	2.925000e-003	
2051	2.600000e-003	
2052	2.875000e-003	
2053	2.975000e-003	
2054	2.800000e-003	
2055	2.925000e-003	
2056	3.325000e-003	
2057	3.150000e-003	
2058	2.875000e-003	
2059	2.600000e-003	
2060	1.975000e-003	
2061	1.775000e-003	
2062	1.275000e-003	
2063	1.325000e-003	
2064	1.450000e-003	
2065	1.450000e-003	
2066	1.425000e-003	
2067	1.550000e-003	
2068	1.375000e-003	
2069	1.300000e-003	
2070	1.350000e-003	
2071	1.275000e-003	
2072	1.175000e-003	
2073	9.000000e-004	
2074	8.750000e-004	
2075	8.000000e-004	
2076	8.000000e-004	
2077	7.750000e-004	
2078	8.750000e-004	
2079	8.750000e-004	
2080	1.050000e-003	
2081	9.000000e-004	
2082	8.250000e-004	
2083	7.500000e-004	
2084	6.750000e-004	
2085	7.000000e-004	
2086	6.500000e-004	
2087	5.250000e-004	
2088	4.500000e-004	
2089	4.750000e-004	
2090	3.500000e-004	
2091	2.750000e-004	
2092	2.250000e-004	
2093	2.250000e-004	
2094	3.250000e-004	
2095	2.750000e-004	
2096	2.500000e-004	
2097	2.000000e-004	
2098	3.000000e-004	
2099	2.500000e-004	
2100	3.000000e-004	
2101	3.250000e-004	
2102	2.250000e-004	
2103	1.500000e-004	
2104	1.750000e-004	
2105	1.000000e-004	
2106	7.500000e-005	
2107	1.500000e-004	
2108	1.000000e-004	
2109	1.750000e-004	
2110	1.500000e-004	
2111	1.250000e-004	
2112	3.250000e-004	
2113	3.250000e-004	
2114	2.250000e-004	
2115	2.000000e-004	
2116	1.250000e-004	
2117	5.000000e-005	
2118	2.500000e-005	
2119	0	
2120	0	
2121	0	
2122	0	
2123	0	
2124	0	
2125	0	
2126	0	
2127	0	
2128	0	
2129	0	
2130	0	
2131	0	
2132	0	
2133	0	
2134	0	
2135	0	
2136	0	
2137	0	
2138	0	
2139	0	
2140	0	
2141	0	
2142	0	
2143	0	
2144	0	
2145	0	
2146	0	
2147	0	
2148	0	
2149	0	
2150	0	
2151	0	
2152	0	
2153	0	
2154	0	
2155	0	
2156	0	
2157	0	
2158	0	
2159	0	
2160	2.500000e-005	
2161	0	
2162	0	
2163	0	
2164	0	
2165	0	
2166	0	
2167	0	
2168	0	
2169	0	
2170	0	
2171	0	
2172	0	
2173	0	
2174	0	
2175	0	
2176	0	
2177	0	
2178	0	
2179	0	
2180	0	
2181	0	
2182	0	
2183	0	
2184	0	
2185	0	
2186	0	
2187	0	
2188	0	
2189	0	
2190	0	
2191	0	
2192	0	
2193	0	
2194	0	
2195	0	
2196	0	
2197	0	
2198	0	
2199	0	
2200	0	
2201	0	
2202	0	
2203	0	
2204	0	
2205	0	
2206	0	
2207	0	
2208	0	
2209	0	
2210	0	
2211	0	
2212	0	
2213	0	
2214	0	
2215	0	
2216	0	
2217	0	
2218	0	
2219	0	
2220	0	
2221	0	
2222	0	
2223	0	
2224	0	
2225	0	
2226	0	
2227	0	
2228	0	
2229	0	
2230	0	
2231	0	
2232	0	
2233	0	
2234	0	
2235	0	
2236	0	
2237	0	
2238	0	
2239	0	
2240	0	
2241	2.500000e-005	
2242	0	
2243	0	
2244	0	
2245	0	
2246	0	
2247	0	
2248	0	
2249	0	
2250	0	
2251	0	
2252	0	
2253	0	
2254	0	
2255	0	
2256	0	
2257	0	
2258	0	
2259	0	
2260	0	
2261	0	
2262	0	
2263	0	
2264	0	
2265	0	
2266	0	
2267	0	
2268	0	
2269	0	
2270	0	
2271	0	
2272	0	
2273	0	
2274	0	
2275	0	
2276	0	
2277	0	
2278	0	
2279	0	
2280	0	
2281	0	
2282	0	
2283	0	
2284	0	
2285	0	
2286	0	
2287	0	
2288	0	
2289	0	
2290	0	
2291	0	
2292	0	
2293	0	
2294	0	
2295	0	
2296	0	
2297	0	
2298	0	
2299	0	
2300	0	
2301	0	
2302	0	
2303	2.500000e-005	
2304	1.000000e-004	
2305	2.500000e-005	
2306	0	
2307	0	
2308	0	
2309	0	
2310	0	
2311	0	
2312	0	
2313	0	
2314	0	
2315	0	
2316	0	
2317	0	
2318	0	
2319	0	
2320	0	
2321	0	
2322	0	
2323	0	
2324	0	
2325	0	
2326	0	
2327	0	
2328	0	
2329	0	
2330	0	
2331	0	
2332	0	
2333	0	
2334	0	
2335	0	
2336	0	
2337	0	
2338	0	
2339	0	
2340	0	
2341	0	
2342	0	
2343	0	
2344	0	
2345	0	
2346	0	
2347	0	
2348	0	
2349	0	
2350	0	
2351	0	
2352	0	
2353	0	
2354	0	
2355	0	
2356	0	
2357	0	
2358	0	
2359	0	
2360	0	
2361	0	
2362	0	
2363	0	
2364	0	
2365	0	
2366	0	
2367	0	
2368	0	
2369	0	
2370	0	
2371	0	
2372	0	
2373	0	
2374	0	
2375	0	
2376	0	
2377	0	
2378	0	
2379	0	
2380	0	
2381	0	
2382	0	
2383	0	
2384	0	
2385	0	
2386	0	
2387	0	
2388	0	
2389	0	
2390	0	
2391	0	
2392	0	
2393	0	
2394	0	
2395	0	
2396	0	
2397	0	
2398	0	
2399	0	
2400	0	
2401	0	
2402	0	
2403	0	
2404	0	
2405	0	
2406	0	
2407	0	
2408	0	
2409	0	
2410	0	
2411	0	
2412	0	
2413	0	
2414	0	
2415	0	
2416	0	
2417	0	
2418	0	
2419	0	
2420	0	
2421	0	
2422	0	
2423	2.500000e-005	
2424	7.500000e-005	
2425	1.250000e-004	
2426	1.000000e-004	
2427	1.000000e-004	
2428	1.000000e-004	
2429	2.250000e-004	
2430	2.500000e-004	
2431	3.500000e-004	
2432	2.500000e-004	
2433	3.000000e-004	
2434	3.250000e-004	
2435	3.000000e-004	
2436	3.500000e-004	
2437	4.250000e-004	
2438	5.250000e-004	
2439	3.750000e-004	
2440	3.750000e-004	
2441	6.500000e-004	
2442	5.000000e-004	
2443	5.500000e-004	
2444	6.000000e-004	
2445	6.500000e-004	
2446	5.750000e-004	
2447	4.500000e-004	
2448	4.250000e-004	
2449	4.250000e-004	
2450	7.250000e-004	
2451	8.750000e-004	
2452	9.750000e-004	
2453	9.750000e-004	
2454	9.750000e-004	
2455	9.750000e-004	
2456	1.175000e-003	
2457	1.175000e-003	
2458	1.375000e-003	
2459	1.300000e-003	
2460	1.325000e-003	
2461	1.250000e-003	
2462	1.125000e-003	
2463	1.200000e-003	
2464	1.075000e-003	
2465	9.500000e-004	
2466	1.175000e-003	
2467	1.175000e-003	
2468	1.050000e-003	
2469	1.075000e-003	
2470	1.025000e-003	
2471	1.050000e-003	
2472	1.300000e-003	
2473	1.250000e-003	
2474	1.175000e-003	
2475	1.200000e-003	
2476	1.100000e-003	
2477	1.175000e-003	
2478	1.025000e-003	
2479	1.175000e-003	
2480	9.000000e-004	
2481	6.750000e-004	
2482	7.000000e-004	
2483	7.250000e-004	
2484	7.250000e-004	
2485	8.000000e-004	
2486	8.000000e-004	
2487	7.000000e-004	
2488	7.750000e-004	
2489	1.000000e-003	
2490	8.500000e-004	
2491	8.000000e-004	
2492	8.750000e-004	
2493	9.500000e-004	
2494	7.000000e-004	
2495	6.250000e-004	
2496	4.750000e-004	
2497	7.750000e-004	
2498	7.000000e-004	
2499	5.250000e-004	
2500	4.250000e-004	
2501	3.250000e-004	
2502	2.500000e-004	
2503	2.750000e-004	
2504	3.000000e-004	
2505	3.500000e-004	
2506	2.500000e-004	
2507	2.250000e-004	
2508	2.500000e-004	
2509	2.500000e-004	
2510	2.500000e-004	
2511	1.250000e-004	
2512	1.250000e-004	
2513	2.750000e-004	
2514	2.500000e-004	
2515	3.250000e-004	
2516	3.500000e-004	
2517	2.500000e-004	
2518	3.000000e-004	
2519	3.000000e-004	
2520	2.750000e-004	
2521	3.000000e-004	
2522	3.250000e-004	
2523	2.750000e-004	
2524	4.750000e-004	
2525	4.750000e-004	
2526	4.000000e-004	
2527	3.750000e-004	
2528	4.750000e-004	
2529	3.750000e-004	
2530	4.500000e-004	
2531	2.750000e-004	
2532	2.500000e-004	
2533	3.750000e-004	
2534	4.000000e-004	
2535	3.500000e-004	
2536	3.250000e-004	
2537	2.750000e-004	
2538	1.250000e-004	
2539	7.500000e-005	
2540	1.250000e-004	
2541	1.500000e-004	
2542	2.250000e-004	
2543	2.500000e-004	
2544	3.750000e-004	
2545	3.500000e-004	
2546	3.500000e-004	
2547	4.500000e-004	
2548	5.250000e-004	
2549	4.250000e-004	
2550	5.500000e-004	
2551	4.250000e-004	
2552	5.250000e-004	
2553	6.250000e-004	
2554	1.025000e-003	
2555	8.750000e-004	
2556	9.500000e-004	
2557	9.750000e-004	
2558	1.200000e-003	
2559	1.400000e-003	
2560	1.175000e-003	
2561	1.275000e-003	
2562	1.375000e-003	
2563	1.000000e-003	
2564	9.250000e-004	
2565	8.500000e-004	
2566	1.025000e-003	
2567	1.350000e-003	
2568	1.650000e-003	
2569	1.725000e-003	
2570	1.650000e-003	
2571	1.825000e-003	
2572	2.000000e-003	
2573	1.875000e-003	
2574	1.925000e-003	
2575	1.775000e-003	
2576	1.700000e-003	
2577	1.700000e-003	
2578	1.650000e-003	
2579	1.500000e-003	
2580	1.375000e-003	
2581	1.575000e-003	
2582	1.650000e-003	
2583	2.000000e-003	
2584	1.825000e-003	
2585	2.125000e-003	
2586	2.050000e-003	
2587	2.100000e-003	
2588	2.075000e-003	
2589	2.125000e-003	
2590	2.450000e-003	
2591	2.900000e-003	
2592	2.750000e-003	
2593	2.500000e-003	
2594	2.375000e-003	
2595	2.500000e-003	
2596	2.325000e-003	
2597	2.075000e-003	
2598	2.075000e-003	
2599	2.400000e-003	
2600	2.425000e-003	
2601	2.900000e-003	
2602	2.575000e-003	
2603	2.700000e-003	
2604	2.850000e-003	
2605	3.075000e-003	
2606	2.625000e-003	
2607	2.225000e-003	
2608	2.300000e-003	
2609	2.425000e-003	
2610	2.650000e-003	
2611	2.900000e-003	
2612	2.950000e-003	
2613	3.025000e-003	
2614	2.750000e-003	
2615	2.750000e-003	
2616	3.125000e-003	
2617	2.750000e-003	
2618	3.225000e-003	
2619	2.950000e-003	
2620	2.550000e-003	
2621	2.900000e-003	
2622	3.050000e-003	
2623	3.600000e-003	
2624	3.500000e-003	
2625	3.600000e-003	
2626	3.800000e-003	
2627	3.525000e-003	
2628	3.725000e-003	
2629	4.100000e-003	
2630	3.675000e-003	
2631	3.875000e-003	
2632	4.275000e-003	
2633	4.925000e-003	
2634	4.575000e-003	
2635	3.975000e-003	
2636	3.875000e-003	
2637	4.100000e-003	
2638	4.175000e-003	
2639	4.200000e-003	
2640	4.700000e-003	
2641	4.875000e-003	
2642	5.050000e-003	
2643	5.050000e-003	
2644	4.900000e-003	
2645	4.350000e-003	
2646	4.025000e-003	
2647	3.650000e-003	
2648	3.775000e-003	
2649	3.975000e-003	
2650	4.125000e-003	
2651	3.850000e-003	
2652	3.950000e-003	
2653	4.175000e-003	
2654	4.025000e-003	
2655	4.325000e-003	
2656	3.900000e-003	
2657	3.550000e-003	
2658	3.675000e-003	
2659	3.475000e-003	
2660	3.400000e-003	
2661	3.375000e-003	
2662	3.425000e-003	
2663	3.300000e-003	
2664	2.800000e-003	
2665	2.950000e-003	
2666	2.750000e-003	
2667	2.775000e-003	
2668	2.175000e-003	
2669	2.125000e-003	
2670	2.100000e-003	
2671	1.950000e-003	
2672	1.775000e-003	
2673	2.175000e-003	
2674	2.075000e-003	
2675	2.100000e-003	
2676	2.025000e-003	
2677	1.575000e-003	
2678	1.025000e-003	
2679	6.500000e-004	
2680	6.000000e-004	
2681	4.250000e-004	
2682	3.000000e-004	
2683	4.500000e-004	
2684	5.750000e-004	
2685	4.500000e-004	
2686	2.500000e-004	
2687	1.250000e-004	
2688	1.500000e-004	
2689	1.500000e-004	
2690	4.000000e-004	
2691	2.500000e-004	
2692	3.000000e-004	
2693	3.000000e-004	
2694	3.500000e-004	
2695	3.000000e-004	
2696	3.500000e-004	
2697	2.750000e-004	
2698	3.500000e-004	
2699	2.000000e-004	
2700	2.500000e-004	
2701	1.750000e-004	
2702	7.500000e-005	
2703	5.000000e-005	
2704	0	
2705	0	
2706	0	
2707	0	
2708	0	
2709	0	
2710	0	
2711	0	
2712	0	
2713	0	
2714	0	
2715	0	
2716	0	
2717	0	
2718	0	
2719	0	
2720	0	
2721	0	
2722	0	
2723	0	
2724	0	
2725	0	
2726	0	
2727	0	
2728	0	
2729	0	
2730	0	
2731	0	
2732	0	
2733	0	
2734	0	
2735	0	
2736	0	
2737	0	
2738	0	
2739	0	
2740	0	
2741	0	
2742	0	
2743	0	
2744	0	
2745	0	
2746	0	
2747	0	
2748	0	
2749	0	
2750	0	
2751	0	
2752	0	
2753	0	
2754	0	
2755	0	
2756	0	
2757	0	
2758	0	
2759	0	
2760	0	
2761	0	
2762	0	
2763	0	
2764	0	
2765	0	
2766	0	
2767	0	
2768	0	
2769	0	
2770	0	
2771	0	
2772	0	
2773	0	
2774	0	
2775	0	
2776	0	
2777	0	
2778	0	
2779	0	
2780	0	
2781	0	
2782	0	
2783	0	
2784	0	
2785	0	
2786	0	
2787	0	
2788	0	
2789	0	
2790	0	
2791	0	
2792	0	
2793	0	
2794	0	
2795	0	
2796	0	
2797	0	
2798	0	
2799	0	
2800	0	
2801	0	
2802	0	
2803	0	
2804	0	
2805	0	
2806	0	
2807	0	
2808	0	
2809	0	
2810	0	
2811	0	
2812	0	
2813	0	
2814	0	
2815	0	
2816	0	
2817	0	
2818	0	
2819	0	
2820	0	
2821	0	
2822	0	
2823	0	
2824	0	
2825	0	
2826	0	
2827	0	
2828	0	
2829	0	
2830	0	
2831	0	
2832	0	
2833	0	
2834	0	
2835	0	
2836	0	
2837	0	
2838	0	
2839	0	
2840	2.500000e-005	
2841	5.000000e-005	
2842	1.000000e-004	
2843	7.500000e-005	
2844	5.000000e-005	
2845	5.000000e-005	
2846	7.500000e-005	
2847	5.000000e-005	
2848	1.000000e-004	
2849	1.000000e-004	
2850	7.500000e-005	
2851	0	
2852	0	
2853	0	
2854	0	
2855	0	
2856	0	
2857	0	
2858	0	
2859	0	
2860	0	
2861	0	
2862	0	
2863	0	
2864	0	
2865	0	
2866	0	
2867	0	
2868	0	
2869	0	
2870	0	
2871	0	
2872	0	
2873	0	
2874	0	
2875	0	
2876	0	
2877	0	
2878	0	
2879	0	
2880	0	
2881	0	
2882	0	
2883	0	
2884	0	
2885	0	
2886	0	
2887	0	
2888	0	
2889	2.500000e-005	
2890	5.000000e-005	
2891	5.000000e-005	
2892	5.000000e-005	
2893	5.000000e-005	
2894	1.000000e-004	
2895	7.500000e-005	
2896	5.000000e-005	
2897	7.500000e-005	
2898	5.000000e-005	
2899	2.500000e-005	
2900	2.500000e-005	
2901	5.000000e-005	
2902	1.000000e-004	
2903	5.000000e-005	
2904	5.000000e-005	
2905	5.000000e-005	
2906	2.500000e-005	
2907	0	
2908	0	
2909	0	
2910	0	
2911	0	
2912	0	
2913	0	
2914	2.500000e-005	
2915	2.500000e-005	
2916	2.500000e-005	
2917	2.500000e-005	
2918	5.000000e-005	
2919	2.500000e-005	
2920	0	
2921	0	
2922	0	
2923	0	
2924	0	
2925	0	
2926	0	
2927	0	
2928	0	
2929	0	
2930	0	
2931	0	
2932	0	
2933	0	
2934	0	
2935	0	
2936	0	
2937	0	
2938	0	
2939	0	
2940	0	
2941	0	
2942	0	
2943	0	
2944	0	
2945	0	
2946	0	
2947	0	
2948	0	
2949	0	
2950	0	
2951	0	
2952	0	
2953	0	
2954	0	
2955	0	
2956	0	
2957	0	
2958	0	
2959	0	
2960	0	
2961	0	
2962	0	
2963	0	
2964	0	
2965	0	
2966	0	
2967	0	
2968	0	
2969	0	
2970	0	
2971	0	
2972	0	
2973	0	
2974	0	
2975	0	
2976	0	
2977	0	
2978	0	
2979	0	
2980	0	
2981	0	
2982	0	
2983	0	
2984	0	
2985	0	
2986	0	
2987	0	
2988	0	
2989	0	
2990	0	
2991	0	
2992	0	
2993	0	
2994	0	
2995	0	
2996	0	
2997	0	
2998	0	
2999	0	
3000	0	
3001	0	
