1	0	
2	0	
3	0	
4	0	
5	0	
6	0	
7	0	
8	0	
9	0	
10	0	
11	0	
12	0	
13	0	
14	0	
15	0	
16	0	
17	2.500000e-005	
18	1.000000e-004	
19	1.750000e-004	
20	1.250000e-004	
21	1.750000e-004	
22	2.250000e-004	
23	1.250000e-004	
24	1.500000e-004	
25	1.750000e-004	
26	2.500000e-004	
27	1.750000e-004	
28	2.500000e-004	
29	2.750000e-004	
30	1.500000e-004	
31	2.500000e-004	
32	2.250000e-004	
33	2.250000e-004	
34	2.750000e-004	
35	3.000000e-004	
36	2.250000e-004	
37	2.500000e-004	
38	3.500000e-004	
39	4.000000e-004	
40	4.250000e-004	
41	3.500000e-004	
42	5.000000e-004	
43	5.750000e-004	
44	6.750000e-004	
45	7.000000e-004	
46	5.500000e-004	
47	5.250000e-004	
48	5.000000e-004	
49	4.750000e-004	
50	4.750000e-004	
51	5.750000e-004	
52	5.750000e-004	
53	6.250000e-004	
54	8.250000e-004	
55	1.025000e-003	
56	9.000000e-004	
57	9.250000e-004	
58	9.250000e-004	
59	1.025000e-003	
60	9.500000e-004	
61	9.750000e-004	
62	1.250000e-003	
63	1.225000e-003	
64	1.125000e-003	
65	8.250000e-004	
66	6.750000e-004	
67	7.000000e-004	
68	9.250000e-004	
69	9.250000e-004	
70	1.100000e-003	
71	9.000000e-004	
72	8.750000e-004	
73	8.250000e-004	
74	8.500000e-004	
75	8.000000e-004	
76	8.250000e-004	
77	1.075000e-003	
78	8.750000e-004	
79	7.250000e-004	
80	7.250000e-004	
81	6.000000e-004	
82	7.250000e-004	
83	7.250000e-004	
84	8.250000e-004	
85	9.750000e-004	
86	1.075000e-003	
87	1.150000e-003	
88	1.000000e-003	
89	1.375000e-003	
90	1.600000e-003	
91	1.525000e-003	
92	1.775000e-003	
93	1.825000e-003	
94	1.600000e-003	
95	1.775000e-003	
96	1.375000e-003	
97	1.375000e-003	
98	1.550000e-003	
99	1.650000e-003	
100	1.450000e-003	
101	1.350000e-003	
102	9.250000e-004	
103	7.250000e-004	
104	6.750000e-004	
105	1.150000e-003	
106	1.325000e-003	
107	1.400000e-003	
108	1.150000e-003	
109	1.125000e-003	
110	1.300000e-003	
111	1.275000e-003	
112	1.425000e-003	
113	1.425000e-003	
114	1.150000e-003	
115	1.275000e-003	
116	1.450000e-003	
117	1.725000e-003	
118	1.650000e-003	
119	1.575000e-003	
120	1.750000e-003	
121	1.675000e-003	
122	2.050000e-003	
123	2.875000e-003	
124	2.875000e-003	
125	3.050000e-003	
126	2.625000e-003	
127	2.775000e-003	
128	2.800000e-003	
129	3.025000e-003	
130	3.050000e-003	
131	3.075000e-003	
132	3.075000e-003	
133	3.425000e-003	
134	3.875000e-003	
135	4.650000e-003	
136	4.500000e-003	
137	4.000000e-003	
138	4.525000e-003	
139	5.325000e-003	
140	5.400000e-003	
141	5.775000e-003	
142	5.700000e-003	
143	5.925000e-003	
144	5.525000e-003	
145	5.500000e-003	
146	5.425000e-003	
147	5.250000e-003	
148	5.600000e-003	
149	5.100000e-003	
150	4.925000e-003	
151	5.075000e-003	
152	5.125000e-003	
153	4.350000e-003	
154	3.925000e-003	
155	3.500000e-003	
156	3.300000e-003	
157	3.375000e-003	
158	3.525000e-003	
159	3.950000e-003	
160	3.875000e-003	
161	4.150000e-003	
162	5.075000e-003	
163	5.000000e-003	
164	5.275000e-003	
165	4.875000e-003	
166	4.800000e-003	
167	5.025000e-003	
168	5.750000e-003	
169	5.350000e-003	
170	5.475000e-003	
171	5.975000e-003	
172	6.325000e-003	
173	5.650000e-003	
174	5.575000e-003	
175	5.575000e-003	
176	5.500000e-003	
177	5.325000e-003	
178	6.225000e-003	
179	5.350000e-003	
180	5.825000e-003	
181	6.150000e-003	
182	5.925000e-003	
183	5.950000e-003	
184	6.550000e-003	
185	6.450000e-003	
186	6.825000e-003	
187	6.425000e-003	
188	6.300000e-003	
189	5.950000e-003	
190	5.950000e-003	
191	5.800000e-003	
192	5.600000e-003	
193	6.075000e-003	
194	5.900000e-003	
195	5.650000e-003	
196	5.625000e-003	
197	5.525000e-003	
198	5.825000e-003	
199	5.550000e-003	
200	6.150000e-003	
201	5.600000e-003	
202	5.275000e-003	
203	4.975000e-003	
204	4.225000e-003	
205	3.575000e-003	
206	3.475000e-003	
207	3.175000e-003	
208	2.875000e-003	
209	2.850000e-003	
210	3.000000e-003	
211	3.050000e-003	
212	2.225000e-003	
213	1.875000e-003	
214	1.475000e-003	
215	1.050000e-003	
216	8.250000e-004	
217	7.000000e-004	
218	6.750000e-004	
219	6.000000e-004	
220	3.000000e-004	
221	2.250000e-004	
222	1.500000e-004	
223	2.500000e-005	
224	2.500000e-005	
225	2.500000e-005	
226	2.500000e-005	
227	0	
228	0	
229	0	
230	0	
231	0	
232	0	
233	0	
234	0	
235	0	
236	0	
237	0	
238	0	
239	0	
240	0	
241	0	
242	0	
243	0	
244	0	
245	0	
246	0	
247	0	
248	0	
249	0	
250	0	
251	0	
252	0	
253	0	
254	0	
255	0	
256	0	
257	0	
258	0	
259	0	
260	0	
261	0	
262	0	
263	0	
264	0	
265	0	
266	0	
267	0	
268	0	
269	0	
270	0	
271	0	
272	0	
273	0	
274	0	
275	0	
276	0	
277	0	
278	0	
279	0	
280	0	
281	0	
282	0	
283	0	
284	0	
285	0	
286	0	
287	0	
288	0	
289	0	
290	0	
291	0	
292	0	
293	0	
294	0	
295	0	
296	0	
297	0	
298	0	
299	0	
300	0	
301	0	
302	0	
303	0	
304	0	
305	0	
306	0	
307	0	
308	0	
309	0	
310	0	
311	0	
312	0	
313	0	
314	0	
315	0	
316	0	
317	0	
318	0	
319	0	
320	0	
321	0	
322	0	
323	0	
324	0	
325	0	
326	0	
327	0	
328	0	
329	0	
330	0	
331	0	
332	0	
333	0	
334	0	
335	2.500000e-005	
336	5.000000e-005	
337	0	
338	0	
339	0	
340	0	
341	0	
342	0	
343	0	
344	0	
345	0	
346	0	
347	0	
348	0	
349	0	
350	0	
351	0	
352	0	
353	0	
354	0	
355	0	
356	0	
357	0	
358	0	
359	0	
360	0	
361	0	
362	0	
363	0	
364	0	
365	0	
366	0	
367	0	
368	0	
369	0	
370	0	
371	0	
372	0	
373	0	
374	0	
375	0	
376	0	
377	0	
378	0	
379	0	
380	0	
381	0	
382	2.500000e-005	
383	5.000000e-005	
384	2.500000e-005	
385	0	
386	0	
387	0	
388	0	
389	0	
390	0	
391	0	
392	0	
393	0	
394	0	
395	0	
396	0	
397	0	
398	0	
399	0	
400	0	
401	0	
402	0	
403	0	
404	0	
405	0	
406	0	
407	0	
408	0	
409	0	
410	0	
411	0	
412	0	
413	0	
414	0	
415	0	
416	0	
417	2.500000e-005	
418	2.500000e-005	
419	2.500000e-005	
420	0	
421	0	
422	0	
423	0	
424	0	
425	0	
426	0	
427	0	
428	2.500000e-005	
429	0	
430	0	
431	0	
432	0	
433	0	
434	0	
435	0	
436	0	
437	0	
438	0	
439	0	
440	0	
441	0	
442	0	
443	0	
444	0	
445	0	
446	0	
447	0	
448	0	
449	0	
450	0	
451	0	
452	0	
453	2.500000e-005	
454	5.000000e-005	
455	5.000000e-005	
456	0	
457	0	
458	0	
459	0	
460	0	
461	0	
462	0	
463	0	
464	0	
465	0	
466	0	
467	0	
468	0	
469	0	
470	0	
471	0	
472	0	
473	0	
474	0	
475	0	
476	0	
477	0	
478	0	
479	0	
480	0	
481	0	
482	0	
483	0	
484	0	
485	0	
486	0	
487	0	
488	0	
489	0	
490	0	
491	0	
492	0	
493	0	
494	0	
495	0	
496	0	
497	0	
498	0	
499	0	
500	0	
501	0	
502	0	
503	0	
504	0	
505	0	
506	0	
507	0	
508	0	
509	0	
510	0	
511	0	
512	0	
513	0	
514	0	
515	0	
516	0	
517	0	
518	0	
519	0	
520	0	
521	0	
522	0	
523	0	
524	0	
525	0	
526	0	
527	0	
528	0	
529	2.500000e-005	
530	2.500000e-005	
531	2.500000e-005	
532	2.500000e-005	
533	2.500000e-005	
534	0	
535	0	
536	0	
537	0	
538	0	
539	0	
540	0	
541	0	
542	0	
543	0	
544	0	
545	0	
546	0	
547	0	
548	0	
549	0	
550	0	
551	0	
552	0	
553	0	
554	0	
555	0	
556	0	
557	0	
558	0	
559	0	
560	0	
561	0	
562	0	
563	0	
564	0	
565	0	
566	0	
567	0	
568	0	
569	0	
570	0	
571	0	
572	0	
573	0	
574	0	
575	0	
576	0	
577	0	
578	0	
579	0	
580	0	
581	0	
582	0	
583	0	
584	0	
585	0	
586	0	
587	0	
588	0	
589	0	
590	0	
591	0	
592	0	
593	0	
594	0	
595	0	
596	0	
597	0	
598	0	
599	0	
600	0	
601	0	
602	0	
603	0	
604	0	
605	0	
606	0	
607	0	
608	0	
609	0	
610	0	
611	0	
612	0	
613	0	
614	0	
615	0	
616	0	
617	0	
618	0	
619	0	
620	0	
621	0	
622	0	
623	0	
624	0	
625	0	
626	0	
627	0	
628	0	
629	0	
630	0	
631	0	
632	0	
633	0	
634	0	
635	0	
636	0	
637	0	
638	0	
639	0	
640	0	
641	0	
642	0	
643	0	
644	0	
645	0	
646	0	
647	0	
648	0	
649	0	
650	0	
651	0	
652	0	
653	2.500000e-005	
654	5.000000e-005	
655	2.500000e-005	
656	2.500000e-005	
657	1.000000e-004	
658	1.250000e-004	
659	1.500000e-004	
660	1.500000e-004	
661	1.750000e-004	
662	1.750000e-004	
663	7.500000e-005	
664	5.000000e-005	
665	7.500000e-005	
666	7.500000e-005	
667	7.500000e-005	
668	1.000000e-004	
669	1.250000e-004	
670	2.000000e-004	
671	2.000000e-004	
672	1.000000e-004	
673	5.000000e-005	
674	5.000000e-005	
675	5.000000e-005	
676	5.000000e-005	
677	7.500000e-005	
678	7.500000e-005	
679	1.000000e-004	
680	2.000000e-004	
681	2.000000e-004	
682	1.750000e-004	
683	1.250000e-004	
684	1.000000e-004	
685	2.000000e-004	
686	1.750000e-004	
687	2.000000e-004	
688	2.500000e-004	
689	2.500000e-004	
690	3.000000e-004	
691	2.250000e-004	
692	1.750000e-004	
693	2.500000e-004	
694	3.000000e-004	
695	5.250000e-004	
696	6.500000e-004	
697	6.250000e-004	
698	6.500000e-004	
699	7.500000e-004	
700	6.000000e-004	
701	7.500000e-004	
702	9.500000e-004	
703	7.750000e-004	
704	8.750000e-004	
705	8.500000e-004	
706	8.250000e-004	
707	7.500000e-004	
708	8.000000e-004	
709	9.000000e-004	
710	6.750000e-004	
711	5.500000e-004	
712	9.500000e-004	
713	6.500000e-004	
714	5.750000e-004	
715	4.500000e-004	
716	4.250000e-004	
717	4.500000e-004	
718	5.000000e-004	
719	6.250000e-004	
720	5.750000e-004	
721	4.500000e-004	
722	5.250000e-004	
723	7.250000e-004	
724	7.750000e-004	
725	7.750000e-004	
726	6.250000e-004	
727	7.000000e-004	
728	4.250000e-004	
729	4.000000e-004	
730	3.250000e-004	
731	7.000000e-004	
732	5.750000e-004	
733	3.750000e-004	
734	2.750000e-004	
735	2.750000e-004	
736	3.000000e-004	
737	3.000000e-004	
738	2.000000e-004	
739	3.000000e-004	
740	3.750000e-004	
741	4.750000e-004	
742	5.000000e-004	
743	4.750000e-004	
744	4.000000e-004	
745	4.000000e-004	
746	4.250000e-004	
747	3.500000e-004	
748	5.000000e-004	
749	4.250000e-004	
750	3.250000e-004	
751	4.750000e-004	
752	4.750000e-004	
753	5.000000e-004	
754	6.250000e-004	
755	4.750000e-004	
756	5.500000e-004	
757	7.750000e-004	
758	6.500000e-004	
759	6.000000e-004	
760	8.000000e-004	
761	7.250000e-004	
762	8.250000e-004	
763	6.750000e-004	
764	6.250000e-004	
765	8.000000e-004	
766	7.750000e-004	
767	6.500000e-004	
768	7.500000e-004	
769	8.500000e-004	
770	9.500000e-004	
771	8.500000e-004	
772	9.000000e-004	
773	9.250000e-004	
774	1.025000e-003	
775	8.500000e-004	
776	1.325000e-003	
777	1.150000e-003	
778	1.000000e-003	
779	1.350000e-003	
780	1.375000e-003	
781	1.400000e-003	
782	1.350000e-003	
783	1.175000e-003	
784	1.500000e-003	
785	1.425000e-003	
786	1.550000e-003	
787	1.350000e-003	
788	1.300000e-003	
789	1.300000e-003	
790	1.250000e-003	
791	1.550000e-003	
792	1.600000e-003	
793	1.425000e-003	
794	1.525000e-003	
795	1.375000e-003	
796	1.550000e-003	
797	1.450000e-003	
798	1.750000e-003	
799	1.375000e-003	
800	1.350000e-003	
801	1.400000e-003	
802	1.375000e-003	
803	1.850000e-003	
804	1.925000e-003	
805	2.100000e-003	
806	1.800000e-003	
807	1.825000e-003	
808	1.650000e-003	
809	1.925000e-003	
810	1.700000e-003	
811	1.675000e-003	
812	1.575000e-003	
813	1.600000e-003	
814	1.800000e-003	
815	1.975000e-003	
816	2.125000e-003	
817	2.100000e-003	
818	2.375000e-003	
819	1.875000e-003	
820	1.675000e-003	
821	1.500000e-003	
822	1.400000e-003	
823	1.650000e-003	
824	1.450000e-003	
825	1.725000e-003	
826	1.975000e-003	
827	1.600000e-003	
828	1.525000e-003	
829	1.600000e-003	
830	1.475000e-003	
831	1.575000e-003	
832	1.900000e-003	
833	2.275000e-003	
834	2.400000e-003	
835	2.275000e-003	
836	2.175000e-003	
837	2.025000e-003	
838	2.100000e-003	
839	2.350000e-003	
840	2.600000e-003	
841	2.150000e-003	
842	2.150000e-003	
843	2.250000e-003	
844	1.775000e-003	
845	1.900000e-003	
846	2.350000e-003	
847	2.175000e-003	
848	2.025000e-003	
849	2.250000e-003	
850	2.075000e-003	
851	2.225000e-003	
852	1.700000e-003	
853	1.875000e-003	
854	2.075000e-003	
855	1.950000e-003	
856	1.650000e-003	
857	1.375000e-003	
858	1.000000e-003	
859	1.125000e-003	
860	1.225000e-003	
861	1.275000e-003	
862	1.250000e-003	
863	1.225000e-003	
864	1.400000e-003	
865	1.700000e-003	
866	1.350000e-003	
867	1.475000e-003	
868	1.375000e-003	
869	1.200000e-003	
870	1.550000e-003	
871	1.500000e-003	
872	1.250000e-003	
873	1.250000e-003	
874	1.350000e-003	
875	1.300000e-003	
876	1.275000e-003	
877	1.325000e-003	
878	1.250000e-003	
879	1.350000e-003	
880	1.200000e-003	
881	1.300000e-003	
882	1.375000e-003	
883	1.075000e-003	
884	1.100000e-003	
885	1.050000e-003	
886	1.025000e-003	
887	1.200000e-003	
888	1.250000e-003	
889	1.400000e-003	
890	1.400000e-003	
891	1.275000e-003	
892	1.000000e-003	
893	9.500000e-004	
894	7.750000e-004	
895	6.250000e-004	
896	9.000000e-004	
897	6.750000e-004	
898	9.250000e-004	
899	6.500000e-004	
900	4.750000e-004	
901	4.000000e-004	
902	4.750000e-004	
903	5.000000e-004	
904	6.000000e-004	
905	6.250000e-004	
906	6.750000e-004	
907	5.750000e-004	
908	6.750000e-004	
909	6.000000e-004	
910	3.750000e-004	
911	3.750000e-004	
912	5.000000e-004	
913	6.750000e-004	
914	7.250000e-004	
915	8.500000e-004	
916	8.750000e-004	
917	8.250000e-004	
918	7.500000e-004	
919	8.500000e-004	
920	7.000000e-004	
921	6.250000e-004	
922	6.250000e-004	
923	4.500000e-004	
924	6.500000e-004	
925	7.000000e-004	
926	8.250000e-004	
927	7.500000e-004	
928	1.025000e-003	
929	1.050000e-003	
930	1.025000e-003	
931	9.750000e-004	
932	1.250000e-003	
933	1.500000e-003	
934	1.325000e-003	
935	1.125000e-003	
936	1.125000e-003	
937	1.125000e-003	
938	1.275000e-003	
939	1.475000e-003	
940	1.150000e-003	
941	1.100000e-003	
942	9.000000e-004	
943	1.000000e-003	
944	1.250000e-003	
945	1.125000e-003	
946	1.250000e-003	
947	1.275000e-003	
948	1.275000e-003	
949	1.250000e-003	
950	1.275000e-003	
951	1.550000e-003	
952	1.425000e-003	
953	1.675000e-003	
954	1.425000e-003	
955	1.825000e-003	
956	1.975000e-003	
957	1.850000e-003	
958	1.800000e-003	
959	1.850000e-003	
960	2.075000e-003	
961	1.850000e-003	
962	1.575000e-003	
963	1.475000e-003	
964	1.375000e-003	
965	1.675000e-003	
966	1.400000e-003	
967	1.500000e-003	
968	1.500000e-003	
969	1.825000e-003	
970	1.950000e-003	
971	1.575000e-003	
972	1.375000e-003	
973	1.250000e-003	
974	8.750000e-004	
975	8.250000e-004	
976	1.025000e-003	
977	1.225000e-003	
978	1.100000e-003	
979	8.500000e-004	
980	7.250000e-004	
981	7.000000e-004	
982	7.750000e-004	
983	7.750000e-004	
984	8.000000e-004	
985	9.000000e-004	
986	9.250000e-004	
987	6.250000e-004	
988	6.000000e-004	
989	7.250000e-004	
990	6.750000e-004	
991	6.250000e-004	
992	7.250000e-004	
993	6.000000e-004	
994	6.250000e-004	
995	5.750000e-004	
996	6.250000e-004	
997	8.250000e-004	
998	9.750000e-004	
999	8.250000e-004	
1000	1.075000e-003	
1001	1.200000e-003	
1002	1.200000e-003	
1003	9.250000e-004	
1004	8.750000e-004	
1005	9.500000e-004	
1006	9.250000e-004	
1007	8.750000e-004	
1008	7.500000e-004	
1009	8.500000e-004	
1010	1.025000e-003	
1011	1.175000e-003	
1012	1.250000e-003	
1013	1.250000e-003	
1014	1.000000e-003	
1015	9.250000e-004	
1016	1.125000e-003	
1017	9.500000e-004	
1018	1.025000e-003	
1019	8.000000e-004	
1020	9.000000e-004	
1021	1.075000e-003	
1022	1.350000e-003	
1023	1.550000e-003	
1024	1.475000e-003	
1025	1.375000e-003	
1026	1.200000e-003	
1027	1.225000e-003	
1028	1.325000e-003	
1029	1.325000e-003	
1030	1.250000e-003	
1031	9.250000e-004	
1032	1.225000e-003	
1033	1.275000e-003	
1034	1.225000e-003	
1035	8.500000e-004	
1036	1.050000e-003	
1037	1.000000e-003	
1038	1.025000e-003	
1039	9.750000e-004	
1040	9.250000e-004	
1041	1.050000e-003	
1042	1.175000e-003	
1043	1.300000e-003	
1044	1.400000e-003	
1045	1.450000e-003	
1046	1.700000e-003	
1047	2.050000e-003	
1048	2.125000e-003	
1049	2.225000e-003	
1050	2.050000e-003	
1051	1.575000e-003	
1052	1.575000e-003	
1053	2.050000e-003	
1054	1.850000e-003	
1055	1.800000e-003	
1056	1.900000e-003	
1057	1.875000e-003	
1058	1.750000e-003	
1059	1.800000e-003	
1060	1.950000e-003	
1061	1.875000e-003	
1062	1.750000e-003	
1063	1.575000e-003	
1064	1.550000e-003	
1065	1.475000e-003	
1066	1.600000e-003	
1067	1.825000e-003	
1068	1.850000e-003	
1069	1.725000e-003	
1070	1.750000e-003	
1071	1.600000e-003	
1072	1.600000e-003	
1073	2.050000e-003	
1074	1.850000e-003	
1075	1.300000e-003	
1076	1.450000e-003	
1077	1.625000e-003	
1078	1.425000e-003	
1079	1.300000e-003	
1080	1.075000e-003	
1081	1.100000e-003	
1082	1.150000e-003	
1083	9.750000e-004	
1084	1.000000e-003	
1085	9.500000e-004	
1086	8.750000e-004	
1087	9.750000e-004	
1088	7.500000e-004	
1089	6.250000e-004	
1090	5.000000e-004	
1091	4.750000e-004	
1092	3.750000e-004	
1093	3.000000e-004	
1094	2.750000e-004	
1095	1.250000e-004	
1096	1.250000e-004	
1097	2.500000e-005	
1098	0	
1099	0	
1100	0	
1101	0	
1102	0	
1103	0	
1104	0	
1105	0	
1106	0	
1107	0	
1108	0	
1109	0	
1110	0	
1111	0	
1112	0	
1113	2.500000e-005	
1114	2.500000e-005	
1115	0	
1116	0	
1117	0	
1118	0	
1119	0	
1120	0	
1121	0	
1122	0	
1123	0	
1124	0	
1125	0	
1126	0	
1127	0	
1128	0	
1129	0	
1130	0	
1131	0	
1132	0	
1133	0	
1134	0	
1135	0	
1136	0	
1137	0	
1138	0	
1139	0	
1140	0	
1141	0	
1142	0	
1143	0	
1144	0	
1145	0	
1146	0	
1147	0	
1148	0	
1149	0	
1150	0	
1151	0	
1152	0	
1153	0	
1154	0	
1155	0	
1156	0	
1157	0	
1158	0	
1159	0	
1160	0	
1161	0	
1162	0	
1163	0	
1164	0	
1165	0	
1166	0	
1167	0	
1168	0	
1169	0	
1170	0	
1171	0	
1172	0	
1173	0	
1174	0	
1175	0	
1176	0	
1177	0	
1178	0	
1179	2.500000e-005	
1180	5.000000e-005	
1181	1.000000e-004	
1182	5.000000e-005	
1183	5.000000e-005	
1184	2.500000e-005	
1185	5.000000e-005	
1186	7.500000e-005	
1187	0	
1188	0	
1189	0	
1190	0	
1191	0	
1192	0	
1193	0	
1194	0	
1195	0	
1196	0	
1197	0	
1198	0	
1199	0	
1200	0	
1201	0	
1202	0	
1203	0	
1204	0	
1205	0	
1206	0	
1207	0	
1208	0	
1209	0	
1210	0	
1211	0	
1212	0	
1213	0	
1214	0	
1215	0	
1216	0	
1217	0	
1218	0	
1219	0	
1220	0	
1221	0	
1222	0	
1223	0	
1224	0	
1225	0	
1226	0	
1227	0	
1228	0	
1229	0	
1230	0	
1231	0	
1232	0	
1233	0	
1234	0	
1235	0	
1236	0	
1237	0	
1238	0	
1239	0	
1240	0	
1241	0	
1242	0	
1243	0	
1244	0	
1245	0	
1246	0	
1247	0	
1248	0	
1249	0	
1250	0	
1251	0	
1252	0	
1253	0	
1254	0	
1255	0	
1256	0	
1257	0	
1258	0	
1259	0	
1260	0	
1261	0	
1262	0	
1263	0	
1264	0	
1265	0	
1266	0	
1267	0	
1268	0	
1269	0	
1270	0	
1271	0	
1272	0	
1273	0	
1274	0	
1275	0	
1276	0	
1277	0	
1278	0	
1279	0	
1280	0	
1281	0	
1282	0	
1283	0	
1284	0	
1285	0	
1286	0	
1287	0	
1288	0	
1289	0	
1290	0	
1291	0	
1292	0	
1293	0	
1294	0	
1295	0	
1296	0	
1297	0	
1298	0	
1299	0	
1300	0	
1301	0	
1302	0	
1303	0	
1304	0	
1305	0	
1306	0	
1307	0	
1308	0	
1309	0	
1310	0	
1311	0	
1312	0	
1313	0	
1314	0	
1315	0	
1316	0	
1317	0	
1318	0	
1319	0	
1320	0	
1321	0	
1322	0	
1323	0	
1324	0	
1325	0	
1326	0	
1327	0	
1328	0	
1329	0	
1330	0	
1331	0	
1332	0	
1333	0	
1334	0	
1335	0	
1336	0	
1337	0	
1338	0	
1339	0	
1340	0	
1341	0	
1342	0	
1343	0	
1344	0	
1345	0	
1346	0	
1347	0	
1348	0	
1349	0	
1350	0	
1351	0	
1352	0	
1353	0	
1354	0	
1355	0	
1356	0	
1357	0	
1358	0	
1359	0	
1360	0	
1361	0	
1362	0	
1363	0	
1364	0	
1365	0	
1366	0	
1367	0	
1368	0	
1369	0	
1370	0	
1371	0	
1372	0	
1373	0	
1374	0	
1375	0	
1376	0	
1377	0	
1378	0	
1379	0	
1380	0	
1381	0	
1382	0	
1383	0	
1384	0	
1385	0	
1386	0	
1387	0	
1388	0	
1389	0	
1390	0	
1391	0	
1392	0	
1393	0	
1394	0	
1395	0	
1396	0	
1397	0	
1398	0	
1399	0	
1400	0	
1401	0	
1402	0	
1403	0	
1404	0	
1405	0	
1406	0	
1407	0	
1408	0	
1409	0	
1410	0	
1411	0	
1412	0	
1413	0	
1414	0	
1415	0	
1416	0	
1417	0	
1418	0	
1419	0	
1420	0	
1421	0	
1422	0	
1423	0	
1424	0	
1425	0	
1426	0	
1427	0	
1428	0	
1429	0	
1430	0	
1431	0	
1432	0	
1433	0	
1434	0	
1435	0	
1436	0	
1437	0	
1438	0	
1439	0	
1440	0	
1441	0	
1442	0	
1443	0	
1444	0	
1445	0	
1446	0	
1447	0	
1448	0	
1449	0	
1450	0	
1451	0	
1452	0	
1453	0	
1454	0	
1455	0	
1456	0	
1457	0	
1458	0	
1459	0	
1460	0	
1461	0	
1462	0	
1463	0	
1464	0	
1465	0	
1466	0	
1467	0	
1468	0	
1469	0	
1470	0	
1471	2.500000e-005	
1472	2.500000e-005	
1473	2.500000e-005	
1474	2.500000e-005	
1475	2.500000e-005	
1476	5.000000e-005	
1477	1.000000e-004	
1478	7.500000e-005	
1479	1.000000e-004	
1480	1.250000e-004	
1481	2.500000e-004	
1482	2.000000e-004	
1483	4.250000e-004	
1484	3.250000e-004	
1485	3.500000e-004	
1486	2.750000e-004	
1487	2.750000e-004	
1488	2.750000e-004	
1489	1.500000e-004	
1490	2.750000e-004	
1491	3.750000e-004	
1492	3.250000e-004	
1493	3.000000e-004	
1494	3.750000e-004	
1495	3.250000e-004	
1496	4.000000e-004	
1497	4.000000e-004	
1498	2.000000e-004	
1499	7.500000e-005	
1500	5.000000e-005	
1501	5.000000e-005	
1502	5.000000e-005	
1503	5.000000e-005	
1504	1.250000e-004	
1505	1.250000e-004	
1506	2.000000e-004	
1507	1.750000e-004	
1508	2.750000e-004	
1509	2.250000e-004	
1510	2.000000e-004	
1511	3.000000e-004	
1512	3.500000e-004	
1513	3.000000e-004	
1514	3.250000e-004	
1515	3.000000e-004	
1516	2.750000e-004	
1517	3.000000e-004	
1518	4.500000e-004	
1519	6.000000e-004	
1520	3.250000e-004	
1521	3.750000e-004	
1522	3.250000e-004	
1523	2.750000e-004	
1524	2.500000e-004	
1525	3.250000e-004	
1526	3.250000e-004	
1527	5.250000e-004	
1528	3.750000e-004	
1529	4.250000e-004	
1530	4.750000e-004	
1531	7.500000e-004	
1532	7.750000e-004	
1533	7.750000e-004	
1534	8.750000e-004	
1535	1.000000e-003	
1536	9.500000e-004	
1537	1.050000e-003	
1538	1.225000e-003	
1539	1.150000e-003	
1540	1.200000e-003	
1541	1.125000e-003	
1542	1.050000e-003	
1543	1.275000e-003	
1544	1.125000e-003	
1545	1.150000e-003	
1546	1.175000e-003	
1547	1.125000e-003	
1548	1.225000e-003	
1549	1.200000e-003	
1550	1.075000e-003	
1551	1.150000e-003	
1552	1.400000e-003	
1553	1.475000e-003	
1554	1.625000e-003	
1555	1.575000e-003	
1556	1.725000e-003	
1557	1.950000e-003	
1558	2.250000e-003	
1559	1.975000e-003	
1560	1.775000e-003	
1561	1.775000e-003	
1562	1.975000e-003	
1563	1.825000e-003	
1564	1.925000e-003	
1565	2.050000e-003	
1566	2.050000e-003	
1567	2.325000e-003	
1568	2.325000e-003	
1569	2.575000e-003	
1570	2.500000e-003	
1571	2.575000e-003	
1572	2.650000e-003	
1573	2.675000e-003	
1574	3.350000e-003	
1575	3.450000e-003	
1576	3.250000e-003	
1577	3.250000e-003	
1578	3.225000e-003	
1579	2.975000e-003	
1580	2.825000e-003	
1581	2.325000e-003	
1582	2.150000e-003	
1583	2.600000e-003	
1584	2.500000e-003	
1585	2.800000e-003	
1586	2.850000e-003	
1587	2.775000e-003	
1588	2.925000e-003	
1589	2.400000e-003	
1590	2.725000e-003	
1591	2.550000e-003	
1592	2.825000e-003	
1593	2.725000e-003	
1594	2.700000e-003	
1595	2.850000e-003	
1596	2.725000e-003	
1597	2.550000e-003	
1598	2.400000e-003	
1599	2.575000e-003	
1600	2.975000e-003	
1601	3.425000e-003	
1602	3.450000e-003	
1603	3.200000e-003	
1604	3.700000e-003	
1605	4.000000e-003	
1606	4.750000e-003	
1607	4.925000e-003	
1608	4.500000e-003	
1609	4.375000e-003	
1610	4.475000e-003	
1611	4.550000e-003	
1612	4.475000e-003	
1613	4.550000e-003	
1614	4.075000e-003	
1615	4.100000e-003	
1616	3.700000e-003	
1617	4.025000e-003	
1618	4.075000e-003	
1619	4.325000e-003	
1620	4.875000e-003	
1621	4.900000e-003	
1622	4.625000e-003	
1623	4.300000e-003	
1624	4.700000e-003	
1625	4.450000e-003	
1626	5.025000e-003	
1627	4.575000e-003	
1628	4.225000e-003	
1629	4.425000e-003	
1630	4.350000e-003	
1631	5.200000e-003	
1632	5.150000e-003	
1633	4.225000e-003	
1634	4.450000e-003	
1635	4.350000e-003	
1636	4.450000e-003	
1637	4.200000e-003	
1638	3.850000e-003	
1639	3.650000e-003	
1640	3.725000e-003	
1641	3.275000e-003	
1642	3.275000e-003	
1643	3.300000e-003	
1644	3.150000e-003	
1645	3.450000e-003	
1646	2.875000e-003	
1647	3.375000e-003	
1648	2.825000e-003	
1649	3.125000e-003	
1650	3.075000e-003	
1651	3.075000e-003	
1652	3.075000e-003	
1653	2.900000e-003	
1654	3.000000e-003	
1655	2.775000e-003	
1656	3.075000e-003	
1657	3.375000e-003	
1658	3.250000e-003	
1659	3.550000e-003	
1660	3.625000e-003	
1661	3.250000e-003	
1662	2.850000e-003	
1663	2.950000e-003	
1664	3.000000e-003	
1665	2.700000e-003	
1666	2.800000e-003	
1667	2.175000e-003	
1668	2.150000e-003	
1669	2.200000e-003	
1670	2.450000e-003	
1671	2.625000e-003	
1672	2.450000e-003	
1673	2.175000e-003	
1674	2.075000e-003	
1675	1.900000e-003	
1676	1.200000e-003	
1677	1.300000e-003	
1678	1.300000e-003	
1679	1.425000e-003	
1680	1.425000e-003	
1681	1.450000e-003	
1682	1.325000e-003	
1683	1.550000e-003	
1684	1.250000e-003	
1685	1.475000e-003	
1686	1.425000e-003	
1687	1.325000e-003	
1688	1.250000e-003	
1689	1.150000e-003	
1690	9.250000e-004	
1691	9.750000e-004	
1692	8.250000e-004	
1693	8.500000e-004	
1694	8.500000e-004	
1695	7.000000e-004	
1696	7.500000e-004	
1697	8.250000e-004	
1698	5.000000e-004	
1699	7.250000e-004	
1700	8.000000e-004	
1701	7.750000e-004	
1702	7.000000e-004	
1703	5.500000e-004	
1704	6.500000e-004	
1705	5.500000e-004	
1706	6.250000e-004	
1707	5.500000e-004	
1708	6.250000e-004	
1709	7.250000e-004	
1710	7.250000e-004	
1711	7.750000e-004	
1712	6.250000e-004	
1713	5.250000e-004	
1714	5.000000e-004	
1715	4.000000e-004	
1716	4.000000e-004	
1717	4.750000e-004	
1718	4.750000e-004	
1719	5.500000e-004	
1720	4.500000e-004	
1721	3.000000e-004	
1722	3.750000e-004	
1723	4.000000e-004	
1724	2.750000e-004	
1725	2.750000e-004	
1726	1.750000e-004	
1727	2.000000e-004	
1728	2.750000e-004	
1729	2.250000e-004	
1730	2.000000e-004	
1731	5.000000e-005	
1732	7.500000e-005	
1733	7.500000e-005	
1734	5.000000e-005	
1735	5.000000e-005	
1736	5.000000e-005	
1737	5.000000e-005	
1738	2.500000e-005	
1739	0	
1740	0	
1741	0	
1742	0	
1743	0	
1744	0	
1745	0	
1746	0	
1747	0	
1748	0	
1749	0	
1750	0	
1751	0	
1752	0	
1753	0	
1754	0	
1755	0	
1756	0	
1757	0	
1758	0	
1759	0	
1760	0	
1761	0	
1762	0	
1763	0	
1764	0	
1765	0	
1766	0	
1767	0	
1768	0	
1769	0	
1770	0	
1771	0	
1772	0	
1773	0	
1774	0	
1775	0	
1776	0	
1777	0	
1778	0	
1779	0	
1780	0	
1781	0	
1782	0	
1783	0	
1784	0	
1785	0	
1786	0	
1787	0	
1788	0	
1789	0	
1790	0	
1791	0	
1792	0	
1793	0	
1794	0	
1795	0	
1796	0	
1797	0	
1798	0	
1799	0	
1800	0	
1801	0	
1802	0	
1803	0	
1804	0	
1805	0	
1806	0	
1807	0	
1808	0	
1809	0	
1810	0	
1811	0	
1812	0	
1813	0	
1814	0	
1815	0	
1816	0	
1817	0	
1818	0	
1819	0	
1820	0	
1821	0	
1822	0	
1823	0	
1824	0	
1825	0	
1826	0	
1827	0	
1828	0	
1829	0	
1830	0	
1831	0	
1832	0	
1833	0	
1834	0	
1835	0	
1836	0	
1837	0	
1838	0	
1839	0	
1840	0	
1841	0	
1842	2.500000e-005	
1843	5.000000e-005	
1844	1.250000e-004	
1845	5.000000e-005	
1846	0	
1847	0	
1848	0	
1849	0	
1850	0	
1851	0	
1852	0	
1853	0	
1854	0	
1855	0	
1856	0	
1857	0	
1858	0	
1859	0	
1860	0	
1861	0	
1862	0	
1863	0	
1864	0	
1865	0	
1866	0	
1867	0	
1868	0	
1869	0	
1870	0	
1871	0	
1872	0	
1873	0	
1874	0	
1875	0	
1876	0	
1877	0	
1878	0	
1879	0	
1880	0	
1881	0	
1882	0	
1883	0	
1884	0	
1885	0	
1886	0	
1887	0	
1888	0	
1889	0	
1890	0	
1891	0	
1892	0	
1893	0	
1894	0	
1895	0	
1896	0	
1897	0	
1898	0	
1899	0	
1900	0	
1901	0	
1902	0	
1903	0	
1904	0	
1905	0	
1906	0	
1907	0	
1908	0	
1909	0	
1910	0	
1911	0	
1912	0	
1913	0	
1914	0	
1915	0	
1916	0	
1917	0	
1918	0	
1919	0	
1920	0	
1921	0	
1922	0	
1923	0	
1924	0	
1925	0	
1926	0	
1927	0	
1928	0	
1929	0	
1930	0	
1931	0	
1932	0	
1933	0	
1934	0	
1935	0	
1936	0	
1937	0	
1938	0	
1939	0	
1940	0	
1941	0	
1942	2.500000e-005	
1943	1.250000e-004	
1944	5.000000e-005	
1945	2.000000e-004	
1946	2.000000e-004	
1947	3.000000e-004	
1948	2.500000e-004	
1949	2.500000e-004	
1950	2.500000e-004	
1951	1.250000e-004	
1952	1.000000e-004	
1953	1.000000e-004	
1954	7.500000e-005	
1955	0	
1956	0	
1957	0	
1958	0	
1959	0	
1960	0	
1961	0	
1962	0	
1963	0	
1964	0	
1965	0	
1966	0	
1967	0	
1968	0	
1969	0	
1970	0	
1971	0	
1972	0	
1973	0	
1974	0	
1975	0	
1976	0	
1977	0	
1978	0	
1979	0	
1980	0	
1981	0	
1982	0	
1983	0	
1984	0	
1985	0	
1986	0	
1987	0	
1988	0	
1989	0	
1990	0	
1991	0	
1992	0	
1993	0	
1994	0	
1995	0	
1996	0	
1997	0	
1998	0	
1999	0	
2000	0	
2001	0	
2002	0	
2003	0	
2004	0	
2005	0	
2006	0	
2007	0	
2008	0	
2009	0	
2010	0	
2011	0	
2012	0	
2013	0	
2014	0	
2015	0	
2016	0	
2017	0	
2018	0	
2019	0	
2020	0	
2021	0	
2022	0	
2023	0	
2024	0	
2025	0	
2026	0	
2027	0	
2028	2.500000e-005	
2029	2.500000e-005	
2030	7.500000e-005	
2031	1.000000e-004	
2032	1.000000e-004	
2033	1.250000e-004	
2034	1.250000e-004	
2035	1.000000e-004	
2036	1.000000e-004	
2037	5.000000e-005	
2038	2.500000e-005	
2039	5.000000e-005	
2040	0	
2041	0	
2042	0	
2043	0	
2044	0	
2045	0	
2046	0	
2047	0	
2048	0	
2049	0	
2050	0	
2051	0	
2052	0	
2053	0	
2054	0	
2055	0	
2056	0	
2057	0	
2058	0	
2059	0	
2060	0	
2061	0	
2062	2.500000e-005	
2063	7.500000e-005	
2064	1.250000e-004	
2065	1.250000e-004	
2066	1.250000e-004	
2067	7.500000e-005	
2068	1.000000e-004	
2069	1.000000e-004	
2070	1.750000e-004	
2071	1.000000e-004	
2072	1.250000e-004	
2073	1.250000e-004	
2074	0	
2075	0	
2076	0	
2077	0	
2078	0	
2079	0	
2080	0	
2081	0	
2082	0	
2083	0	
2084	0	
2085	0	
2086	0	
2087	0	
2088	0	
2089	0	
2090	0	
2091	0	
2092	0	
2093	0	
2094	0	
2095	0	
2096	0	
2097	0	
2098	0	
2099	0	
2100	0	
2101	0	
2102	0	
2103	0	
2104	0	
2105	0	
2106	0	
2107	0	
2108	0	
2109	0	
2110	0	
2111	2.500000e-005	
2112	1.000000e-004	
2113	1.500000e-004	
2114	1.750000e-004	
2115	1.750000e-004	
2116	2.000000e-004	
2117	1.000000e-004	
2118	2.500000e-004	
2119	2.250000e-004	
2120	1.500000e-004	
2121	1.250000e-004	
2122	1.000000e-004	
2123	1.250000e-004	
2124	7.500000e-005	
2125	1.750000e-004	
2126	2.750000e-004	
2127	3.250000e-004	
2128	4.250000e-004	
2129	5.500000e-004	
2130	5.250000e-004	
2131	4.750000e-004	
2132	4.750000e-004	
2133	4.500000e-004	
2134	5.250000e-004	
2135	5.750000e-004	
2136	5.000000e-004	
2137	4.750000e-004	
2138	6.000000e-004	
2139	4.750000e-004	
2140	3.250000e-004	
2141	3.750000e-004	
2142	2.500000e-004	
2143	3.500000e-004	
2144	3.000000e-004	
2145	3.000000e-004	
2146	2.750000e-004	
2147	2.000000e-004	
2148	2.500000e-004	
2149	4.500000e-004	
2150	3.250000e-004	
2151	2.500000e-004	
2152	2.500000e-004	
2153	1.750000e-004	
2154	1.000000e-004	
2155	1.750000e-004	
2156	2.000000e-004	
2157	1.000000e-004	
2158	1.500000e-004	
2159	1.750000e-004	
2160	1.500000e-004	
2161	1.250000e-004	
2162	1.750000e-004	
2163	1.750000e-004	
2164	1.500000e-004	
2165	3.000000e-004	
2166	2.750000e-004	
2167	4.000000e-004	
2168	4.250000e-004	
2169	4.250000e-004	
2170	6.000000e-004	
2171	7.000000e-004	
2172	8.250000e-004	
2173	6.250000e-004	
2174	6.250000e-004	
2175	5.750000e-004	
2176	5.000000e-004	
2177	5.750000e-004	
2178	5.500000e-004	
2179	5.000000e-004	
2180	4.750000e-004	
2181	3.500000e-004	
2182	3.000000e-004	
2183	3.500000e-004	
2184	3.750000e-004	
2185	4.500000e-004	
2186	4.000000e-004	
2187	3.250000e-004	
2188	3.250000e-004	
2189	3.750000e-004	
2190	5.000000e-004	
2191	4.250000e-004	
2192	3.250000e-004	
2193	3.750000e-004	
2194	4.000000e-004	
2195	5.750000e-004	
2196	6.750000e-004	
2197	7.000000e-004	
2198	5.750000e-004	
2199	6.000000e-004	
2200	7.750000e-004	
2201	8.750000e-004	
2202	1.050000e-003	
2203	9.250000e-004	
2204	9.250000e-004	
2205	1.050000e-003	
2206	1.025000e-003	
2207	7.000000e-004	
2208	7.000000e-004	
2209	1.000000e-003	
2210	1.075000e-003	
2211	1.075000e-003	
2212	1.150000e-003	
2213	1.300000e-003	
2214	9.500000e-004	
2215	1.225000e-003	
2216	1.350000e-003	
2217	1.050000e-003	
2218	1.250000e-003	
2219	1.275000e-003	
2220	1.400000e-003	
2221	1.400000e-003	
2222	1.025000e-003	
2223	8.750000e-004	
2224	7.250000e-004	
2225	9.000000e-004	
2226	1.100000e-003	
2227	1.050000e-003	
2228	1.250000e-003	
2229	1.100000e-003	
2230	1.150000e-003	
2231	1.125000e-003	
2232	9.750000e-004	
2233	9.750000e-004	
2234	1.200000e-003	
2235	1.400000e-003	
2236	1.300000e-003	
2237	1.475000e-003	
2238	1.500000e-003	
2239	1.425000e-003	
2240	1.625000e-003	
2241	1.575000e-003	
2242	1.175000e-003	
2243	1.300000e-003	
2244	1.350000e-003	
2245	1.550000e-003	
2246	1.575000e-003	
2247	1.350000e-003	
2248	1.400000e-003	
2249	1.525000e-003	
2250	1.350000e-003	
2251	1.725000e-003	
2252	1.875000e-003	
2253	2.050000e-003	
2254	2.375000e-003	
2255	2.050000e-003	
2256	2.200000e-003	
2257	2.100000e-003	
2258	2.100000e-003	
2259	2.075000e-003	
2260	2.100000e-003	
2261	1.975000e-003	
2262	1.900000e-003	
2263	1.775000e-003	
2264	2.000000e-003	
2265	2.400000e-003	
2266	1.950000e-003	
2267	1.900000e-003	
2268	2.000000e-003	
2269	2.125000e-003	
2270	1.800000e-003	
2271	1.775000e-003	
2272	1.775000e-003	
2273	1.575000e-003	
2274	1.875000e-003	
2275	2.075000e-003	
2276	2.150000e-003	
2277	2.250000e-003	
2278	2.100000e-003	
2279	2.175000e-003	
2280	2.175000e-003	
2281	2.400000e-003	
2282	2.750000e-003	
2283	3.275000e-003	
2284	3.300000e-003	
2285	3.750000e-003	
2286	3.850000e-003	
2287	4.200000e-003	
2288	3.975000e-003	
2289	3.750000e-003	
2290	3.875000e-003	
2291	4.100000e-003	
2292	4.550000e-003	
2293	4.475000e-003	
2294	4.150000e-003	
2295	4.900000e-003	
2296	5.050000e-003	
2297	4.525000e-003	
2298	4.750000e-003	
2299	3.875000e-003	
2300	3.475000e-003	
2301	3.475000e-003	
2302	3.550000e-003	
2303	3.450000e-003	
2304	3.525000e-003	
2305	3.725000e-003	
2306	4.150000e-003	
2307	4.275000e-003	
2308	4.525000e-003	
2309	4.400000e-003	
2310	4.125000e-003	
2311	3.975000e-003	
2312	3.950000e-003	
2313	3.675000e-003	
2314	3.500000e-003	
2315	3.500000e-003	
2316	3.550000e-003	
2317	3.225000e-003	
2318	3.175000e-003	
2319	2.850000e-003	
2320	2.825000e-003	
2321	2.725000e-003	
2322	2.550000e-003	
2323	2.825000e-003	
2324	2.775000e-003	
2325	2.600000e-003	
2326	2.350000e-003	
2327	1.775000e-003	
2328	1.825000e-003	
2329	1.925000e-003	
2330	1.975000e-003	
2331	1.300000e-003	
2332	1.325000e-003	
2333	1.175000e-003	
2334	1.225000e-003	
2335	1.350000e-003	
2336	1.025000e-003	
2337	8.000000e-004	
2338	5.250000e-004	
2339	6.750000e-004	
2340	6.750000e-004	
2341	8.000000e-004	
2342	6.750000e-004	
2343	7.500000e-004	
2344	9.250000e-004	
2345	7.250000e-004	
2346	7.000000e-004	
2347	4.750000e-004	
2348	6.000000e-004	
2349	7.250000e-004	
2350	7.000000e-004	
2351	4.250000e-004	
2352	4.250000e-004	
2353	3.000000e-004	
2354	4.500000e-004	
2355	4.000000e-004	
2356	5.000000e-004	
2357	5.250000e-004	
2358	5.500000e-004	
2359	3.250000e-004	
2360	2.750000e-004	
2361	2.500000e-004	
2362	1.750000e-004	
2363	1.000000e-004	
2364	5.000000e-005	
2365	7.500000e-005	
2366	1.250000e-004	
2367	2.000000e-004	
2368	1.000000e-004	
2369	1.500000e-004	
2370	1.500000e-004	
2371	2.500000e-004	
2372	2.500000e-004	
2373	4.000000e-004	
2374	1.750000e-004	
2375	2.000000e-004	
2376	1.750000e-004	
2377	2.750000e-004	
2378	2.500000e-004	
2379	3.750000e-004	
2380	3.250000e-004	
2381	2.500000e-004	
2382	3.000000e-004	
2383	4.750000e-004	
2384	4.000000e-004	
2385	3.000000e-004	
2386	3.250000e-004	
2387	4.500000e-004	
2388	4.500000e-004	
2389	6.000000e-004	
2390	7.000000e-004	
2391	6.750000e-004	
2392	4.000000e-004	
2393	3.250000e-004	
2394	3.500000e-004	
2395	3.500000e-004	
2396	3.500000e-004	
2397	3.500000e-004	
2398	4.750000e-004	
2399	4.000000e-004	
2400	3.750000e-004	
2401	4.500000e-004	
2402	6.000000e-004	
2403	6.000000e-004	
2404	6.000000e-004	
2405	4.250000e-004	
2406	4.000000e-004	
2407	4.500000e-004	
2408	3.750000e-004	
2409	4.750000e-004	
2410	4.250000e-004	
2411	3.500000e-004	
2412	4.500000e-004	
2413	5.250000e-004	
2414	6.250000e-004	
2415	4.750000e-004	
2416	4.000000e-004	
2417	4.000000e-004	
2418	2.750000e-004	
2419	3.000000e-004	
2420	3.750000e-004	
2421	5.250000e-004	
2422	5.250000e-004	
2423	5.250000e-004	
2424	5.750000e-004	
2425	7.250000e-004	
2426	7.000000e-004	
2427	7.250000e-004	
2428	8.250000e-004	
2429	9.000000e-004	
2430	6.500000e-004	
2431	6.750000e-004	
2432	6.750000e-004	
2433	7.500000e-004	
2434	7.250000e-004	
2435	9.000000e-004	
2436	7.750000e-004	
2437	7.500000e-004	
2438	8.500000e-004	
2439	7.000000e-004	
2440	8.500000e-004	
2441	7.750000e-004	
2442	9.000000e-004	
2443	7.250000e-004	
2444	8.250000e-004	
2445	8.000000e-004	
2446	9.000000e-004	
2447	8.750000e-004	
2448	1.025000e-003	
2449	9.250000e-004	
2450	9.000000e-004	
2451	9.750000e-004	
2452	8.750000e-004	
2453	9.250000e-004	
2454	1.050000e-003	
2455	9.750000e-004	
2456	7.000000e-004	
2457	1.000000e-003	
2458	8.750000e-004	
2459	6.750000e-004	
2460	1.025000e-003	
2461	9.000000e-004	
2462	1.150000e-003	
2463	1.050000e-003	
2464	1.075000e-003	
2465	8.500000e-004	
2466	9.250000e-004	
2467	9.500000e-004	
2468	7.750000e-004	
2469	6.250000e-004	
2470	8.000000e-004	
2471	7.750000e-004	
2472	6.750000e-004	
2473	6.500000e-004	
2474	7.250000e-004	
2475	3.500000e-004	
2476	3.500000e-004	
2477	3.500000e-004	
2478	4.250000e-004	
2479	3.750000e-004	
2480	4.500000e-004	
2481	3.000000e-004	
2482	2.000000e-004	
2483	2.250000e-004	
2484	1.250000e-004	
2485	2.000000e-004	
2486	2.250000e-004	
2487	1.500000e-004	
2488	1.250000e-004	
2489	1.000000e-004	
2490	2.500000e-005	
2491	2.500000e-005	
2492	7.500000e-005	
2493	5.000000e-005	
2494	5.000000e-005	
2495	0	
2496	0	
2497	0	
2498	0	
2499	0	
2500	0	
2501	0	
2502	0	
2503	0	
2504	0	
2505	0	
2506	0	
2507	0	
2508	0	
2509	0	
2510	0	
2511	0	
2512	0	
2513	0	
2514	2.500000e-005	
2515	2.500000e-005	
2516	2.500000e-005	
2517	5.000000e-005	
2518	5.000000e-005	
2519	5.000000e-005	
2520	5.000000e-005	
2521	5.000000e-005	
2522	2.500000e-005	
2523	2.500000e-005	
2524	2.500000e-005	
2525	0	
2526	0	
2527	0	
2528	2.500000e-005	
2529	2.500000e-005	
2530	0	
2531	0	
2532	0	
2533	0	
2534	0	
2535	0	
2536	0	
2537	0	
2538	0	
2539	0	
2540	0	
2541	0	
2542	0	
2543	0	
2544	0	
2545	0	
2546	0	
2547	0	
2548	0	
2549	0	
2550	0	
2551	0	
2552	0	
2553	0	
2554	0	
2555	0	
2556	0	
2557	0	
2558	0	
2559	0	
2560	0	
2561	0	
2562	0	
2563	0	
2564	0	
2565	0	
2566	0	
2567	0	
2568	0	
2569	0	
2570	0	
2571	0	
2572	0	
2573	0	
2574	0	
2575	0	
2576	0	
2577	0	
2578	0	
2579	0	
2580	0	
2581	0	
2582	0	
2583	0	
2584	0	
2585	0	
2586	0	
2587	0	
2588	0	
2589	0	
2590	0	
2591	0	
2592	0	
2593	0	
2594	0	
2595	0	
2596	0	
2597	0	
2598	0	
2599	0	
2600	2.500000e-005	
2601	5.000000e-005	
2602	5.000000e-005	
2603	5.000000e-005	
2604	0	
2605	0	
2606	0	
2607	0	
2608	0	
2609	0	
2610	0	
2611	0	
2612	0	
2613	0	
2614	0	
2615	0	
2616	0	
2617	0	
2618	0	
2619	0	
2620	0	
2621	0	
2622	0	
2623	0	
2624	0	
2625	0	
2626	0	
2627	0	
2628	0	
2629	0	
2630	0	
2631	0	
2632	0	
2633	0	
2634	0	
2635	0	
2636	0	
2637	0	
2638	0	
2639	0	
2640	0	
2641	0	
2642	0	
2643	0	
2644	0	
2645	0	
2646	0	
2647	0	
2648	0	
2649	0	
2650	0	
2651	0	
2652	0	
2653	0	
2654	0	
2655	2.500000e-005	
2656	2.500000e-005	
2657	0	
2658	0	
2659	0	
2660	0	
2661	0	
2662	0	
2663	0	
2664	0	
2665	0	
2666	0	
2667	0	
2668	0	
2669	0	
2670	0	
2671	0	
2672	0	
2673	0	
2674	0	
2675	0	
2676	0	
2677	0	
2678	0	
2679	0	
2680	0	
2681	0	
2682	0	
2683	0	
2684	0	
2685	0	
2686	0	
2687	0	
2688	0	
2689	0	
2690	0	
2691	0	
2692	0	
2693	0	
2694	0	
2695	0	
2696	0	
2697	0	
2698	0	
2699	0	
2700	0	
2701	0	
2702	0	
2703	0	
2704	0	
2705	0	
2706	0	
2707	0	
2708	0	
2709	0	
2710	0	
2711	0	
2712	2.500000e-005	
2713	7.500000e-005	
2714	7.500000e-005	
2715	7.500000e-005	
2716	1.000000e-004	
2717	5.000000e-005	
2718	7.500000e-005	
2719	5.000000e-005	
2720	1.250000e-004	
2721	2.000000e-004	
2722	3.500000e-004	
2723	2.000000e-004	
2724	1.500000e-004	
2725	1.500000e-004	
2726	1.250000e-004	
2727	1.250000e-004	
2728	1.000000e-004	
2729	2.000000e-004	
2730	2.750000e-004	
2731	1.750000e-004	
2732	2.500000e-004	
2733	3.000000e-004	
2734	3.750000e-004	
2735	4.000000e-004	
2736	3.000000e-004	
2737	4.000000e-004	
2738	3.500000e-004	
2739	3.500000e-004	
2740	2.000000e-004	
2741	2.500000e-004	
2742	3.500000e-004	
2743	2.500000e-004	
2744	2.500000e-004	
2745	2.500000e-005	
2746	7.500000e-005	
2747	7.500000e-005	
2748	1.500000e-004	
2749	2.000000e-004	
2750	2.000000e-004	
2751	3.000000e-004	
2752	2.750000e-004	
2753	3.000000e-004	
2754	2.500000e-004	
2755	2.000000e-004	
2756	1.500000e-004	
2757	1.000000e-004	
2758	1.250000e-004	
2759	2.500000e-004	
2760	1.500000e-004	
2761	2.000000e-004	
2762	1.250000e-004	
2763	7.500000e-005	
2764	5.000000e-005	
2765	5.000000e-005	
2766	5.000000e-005	
2767	7.500000e-005	
2768	0	
2769	0	
2770	0	
2771	0	
2772	0	
2773	0	
2774	0	
2775	0	
2776	0	
2777	0	
2778	0	
2779	0	
2780	0	
2781	0	
2782	0	
2783	0	
2784	0	
2785	0	
2786	0	
2787	0	
2788	0	
2789	0	
2790	0	
2791	0	
2792	0	
2793	0	
2794	0	
2795	0	
2796	0	
2797	0	
2798	0	
2799	0	
2800	0	
2801	0	
2802	0	
2803	0	
2804	0	
2805	0	
2806	0	
2807	0	
2808	0	
2809	0	
2810	0	
2811	0	
2812	0	
2813	0	
2814	0	
2815	0	
2816	0	
2817	0	
2818	0	
2819	0	
2820	0	
2821	0	
2822	0	
2823	0	
2824	0	
2825	0	
2826	0	
2827	0	
2828	0	
2829	0	
2830	0	
2831	0	
2832	0	
2833	0	
2834	0	
2835	0	
2836	0	
2837	0	
2838	0	
2839	0	
2840	0	
2841	0	
2842	0	
2843	0	
2844	0	
2845	0	
2846	0	
2847	0	
2848	0	
2849	0	
2850	0	
2851	0	
2852	0	
2853	0	
2854	0	
2855	0	
2856	0	
2857	0	
2858	0	
2859	0	
2860	0	
2861	0	
2862	0	
2863	0	
2864	0	
2865	0	
2866	0	
2867	0	
2868	0	
2869	0	
2870	0	
2871	0	
2872	0	
2873	0	
2874	0	
2875	0	
2876	0	
2877	0	
2878	0	
2879	0	
2880	0	
2881	0	
2882	0	
2883	0	
2884	0	
2885	0	
2886	0	
2887	0	
2888	0	
2889	0	
2890	0	
2891	0	
2892	0	
2893	0	
2894	0	
2895	0	
2896	0	
2897	0	
2898	0	
2899	0	
2900	0	
2901	0	
2902	0	
2903	0	
2904	0	
2905	0	
2906	0	
2907	0	
2908	0	
2909	0	
2910	0	
2911	0	
2912	0	
2913	0	
2914	0	
2915	0	
2916	0	
2917	0	
2918	0	
2919	0	
2920	0	
2921	0	
2922	0	
2923	0	
2924	0	
2925	0	
2926	0	
2927	0	
2928	0	
2929	0	
2930	0	
2931	0	
2932	0	
2933	0	
2934	0	
2935	0	
2936	0	
2937	0	
2938	0	
2939	0	
2940	0	
2941	0	
2942	0	
2943	0	
2944	0	
2945	0	
2946	0	
2947	0	
2948	0	
2949	2.500000e-005	
2950	2.500000e-005	
2951	1.000000e-004	
2952	1.000000e-004	
2953	7.500000e-005	
2954	7.500000e-005	
2955	1.500000e-004	
2956	2.250000e-004	
2957	4.000000e-004	
2958	6.000000e-004	
2959	7.250000e-004	
2960	8.250000e-004	
2961	1.000000e-003	
2962	1.150000e-003	
2963	1.325000e-003	
2964	1.275000e-003	
2965	1.200000e-003	
2966	1.525000e-003	
2967	1.725000e-003	
2968	1.850000e-003	
2969	1.750000e-003	
2970	1.625000e-003	
2971	1.875000e-003	
2972	2.025000e-003	
2973	2.100000e-003	
2974	2.025000e-003	
2975	1.900000e-003	
2976	2.100000e-003	
2977	2.175000e-003	
2978	2.175000e-003	
2979	2.200000e-003	
2980	2.050000e-003	
2981	1.925000e-003	
2982	2.175000e-003	
2983	1.875000e-003	
2984	1.850000e-003	
2985	1.875000e-003	
2986	1.725000e-003	
2987	2.075000e-003	
2988	2.200000e-003	
2989	1.925000e-003	
2990	2.325000e-003	
2991	2.600000e-003	
2992	3.125000e-003	
2993	3.100000e-003	
2994	3.675000e-003	
2995	3.700000e-003	
2996	3.775000e-003	
2997	3.775000e-003	
2998	3.950000e-003	
2999	3.450000e-003	
3000	3.625000e-003	
3001	3.250000e-003	
