1	0	
2	0	
3	0	
4	0	
5	0	
6	0	
7	0	
8	0	
9	0	
10	0	
11	0	
12	2.500000e-005	
13	5.000000e-005	
14	1.000000e-004	
15	1.500000e-004	
16	1.750000e-004	
17	1.750000e-004	
18	1.750000e-004	
19	1.500000e-004	
20	2.500000e-004	
21	1.750000e-004	
22	2.000000e-004	
23	2.000000e-004	
24	2.750000e-004	
25	3.250000e-004	
26	3.250000e-004	
27	3.750000e-004	
28	2.000000e-004	
29	2.000000e-004	
30	7.500000e-005	
31	2.500000e-005	
32	2.500000e-005	
33	2.500000e-005	
34	5.000000e-005	
35	5.000000e-005	
36	5.000000e-005	
37	7.500000e-005	
38	5.000000e-005	
39	2.500000e-005	
40	0	
41	0	
42	0	
43	0	
44	0	
45	0	
46	0	
47	0	
48	0	
49	0	
50	0	
51	0	
52	0	
53	0	
54	0	
55	0	
56	0	
57	0	
58	0	
59	0	
60	0	
61	0	
62	0	
63	0	
64	0	
65	0	
66	0	
67	0	
68	0	
69	0	
70	0	
71	0	
72	0	
73	0	
74	0	
75	0	
76	0	
77	0	
78	0	
79	0	
80	0	
81	0	
82	0	
83	0	
84	0	
85	0	
86	0	
87	0	
88	0	
89	0	
90	0	
91	0	
92	0	
93	0	
94	0	
95	0	
96	0	
97	0	
98	0	
99	0	
100	0	
101	0	
102	0	
103	0	
104	0	
105	0	
106	0	
107	2.500000e-005	
108	7.500000e-005	
109	1.250000e-004	
110	2.250000e-004	
111	3.500000e-004	
112	2.500000e-004	
113	1.750000e-004	
114	7.500000e-005	
115	7.500000e-005	
116	1.000000e-004	
117	1.500000e-004	
118	2.000000e-004	
119	2.500000e-004	
120	3.250000e-004	
121	2.500000e-004	
122	3.000000e-004	
123	3.750000e-004	
124	2.500000e-004	
125	3.000000e-004	
126	4.000000e-004	
127	4.500000e-004	
128	5.250000e-004	
129	5.500000e-004	
130	4.500000e-004	
131	4.000000e-004	
132	3.750000e-004	
133	3.250000e-004	
134	3.000000e-004	
135	3.750000e-004	
136	3.500000e-004	
137	4.500000e-004	
138	5.000000e-004	
139	5.000000e-004	
140	4.500000e-004	
141	5.250000e-004	
142	4.000000e-004	
143	5.750000e-004	
144	5.750000e-004	
145	4.500000e-004	
146	4.000000e-004	
147	3.250000e-004	
148	2.750000e-004	
149	2.500000e-004	
150	1.750000e-004	
151	2.000000e-004	
152	1.750000e-004	
153	2.000000e-004	
154	2.750000e-004	
155	2.250000e-004	
156	1.500000e-004	
157	1.500000e-004	
158	2.000000e-004	
159	2.000000e-004	
160	2.250000e-004	
161	1.250000e-004	
162	1.500000e-004	
163	1.000000e-004	
164	1.500000e-004	
165	1.750000e-004	
166	2.500000e-004	
167	1.750000e-004	
168	1.750000e-004	
169	1.500000e-004	
170	2.250000e-004	
171	3.250000e-004	
172	3.500000e-004	
173	3.500000e-004	
174	3.250000e-004	
175	3.250000e-004	
176	4.000000e-004	
177	4.750000e-004	
178	4.250000e-004	
179	4.250000e-004	
180	4.000000e-004	
181	4.500000e-004	
182	6.750000e-004	
183	8.500000e-004	
184	6.500000e-004	
185	7.750000e-004	
186	6.750000e-004	
187	5.250000e-004	
188	6.000000e-004	
189	8.250000e-004	
190	8.250000e-004	
191	8.250000e-004	
192	9.000000e-004	
193	8.500000e-004	
194	7.500000e-004	
195	9.250000e-004	
196	8.250000e-004	
197	7.750000e-004	
198	1.000000e-003	
199	9.750000e-004	
200	1.000000e-003	
201	1.100000e-003	
202	1.200000e-003	
203	1.075000e-003	
204	9.250000e-004	
205	1.075000e-003	
206	1.325000e-003	
207	1.100000e-003	
208	1.250000e-003	
209	1.400000e-003	
210	1.450000e-003	
211	1.400000e-003	
212	1.250000e-003	
213	1.175000e-003	
214	9.750000e-004	
215	1.200000e-003	
216	1.200000e-003	
217	1.200000e-003	
218	1.550000e-003	
219	1.800000e-003	
220	1.825000e-003	
221	2.300000e-003	
222	2.300000e-003	
223	2.775000e-003	
224	2.575000e-003	
225	2.300000e-003	
226	2.300000e-003	
227	2.200000e-003	
228	1.975000e-003	
229	2.050000e-003	
230	1.825000e-003	
231	1.650000e-003	
232	1.675000e-003	
233	1.550000e-003	
234	1.725000e-003	
235	2.000000e-003	
236	1.625000e-003	
237	1.500000e-003	
238	1.350000e-003	
239	1.425000e-003	
240	1.425000e-003	
241	1.400000e-003	
242	1.775000e-003	
243	2.350000e-003	
244	2.000000e-003	
245	2.025000e-003	
246	2.000000e-003	
247	2.175000e-003	
248	2.325000e-003	
249	2.600000e-003	
250	2.550000e-003	
251	2.675000e-003	
252	2.925000e-003	
253	2.475000e-003	
254	2.825000e-003	
255	2.825000e-003	
256	2.450000e-003	
257	2.450000e-003	
258	2.675000e-003	
259	2.925000e-003	
260	2.975000e-003	
261	2.350000e-003	
262	2.575000e-003	
263	2.600000e-003	
264	2.700000e-003	
265	2.675000e-003	
266	3.000000e-003	
267	3.125000e-003	
268	3.325000e-003	
269	2.975000e-003	
270	2.875000e-003	
271	2.900000e-003	
272	2.775000e-003	
273	3.100000e-003	
274	2.950000e-003	
275	2.800000e-003	
276	3.000000e-003	
277	2.600000e-003	
278	2.650000e-003	
279	3.250000e-003	
280	2.925000e-003	
281	2.400000e-003	
282	2.825000e-003	
283	3.175000e-003	
284	3.400000e-003	
285	3.175000e-003	
286	3.525000e-003	
287	3.275000e-003	
288	3.325000e-003	
289	3.650000e-003	
290	3.425000e-003	
291	3.050000e-003	
292	3.125000e-003	
293	3.125000e-003	
294	2.950000e-003	
295	2.900000e-003	
296	3.275000e-003	
297	2.975000e-003	
298	2.875000e-003	
299	2.700000e-003	
300	2.575000e-003	
301	3.300000e-003	
302	3.250000e-003	
303	3.100000e-003	
304	2.925000e-003	
305	3.075000e-003	
306	3.250000e-003	
307	2.975000e-003	
308	3.200000e-003	
309	3.025000e-003	
310	2.850000e-003	
311	2.700000e-003	
312	2.900000e-003	
313	2.850000e-003	
314	2.900000e-003	
315	2.825000e-003	
316	3.075000e-003	
317	2.850000e-003	
318	2.675000e-003	
319	2.925000e-003	
320	2.750000e-003	
321	2.950000e-003	
322	2.900000e-003	
323	3.175000e-003	
324	2.950000e-003	
325	2.650000e-003	
326	2.500000e-003	
327	2.550000e-003	
328	2.475000e-003	
329	2.350000e-003	
330	2.575000e-003	
331	2.375000e-003	
332	2.500000e-003	
333	2.275000e-003	
334	2.000000e-003	
335	1.975000e-003	
336	2.425000e-003	
337	2.325000e-003	
338	2.375000e-003	
339	2.300000e-003	
340	2.875000e-003	
341	2.725000e-003	
342	2.475000e-003	
343	2.875000e-003	
344	2.875000e-003	
345	2.550000e-003	
346	2.425000e-003	
347	2.275000e-003	
348	2.375000e-003	
349	2.350000e-003	
350	2.475000e-003	
351	2.500000e-003	
352	2.750000e-003	
353	2.950000e-003	
354	2.700000e-003	
355	2.450000e-003	
356	2.575000e-003	
357	2.500000e-003	
358	2.975000e-003	
359	2.750000e-003	
360	2.850000e-003	
361	2.900000e-003	
362	2.800000e-003	
363	3.125000e-003	
364	3.525000e-003	
365	3.375000e-003	
366	3.125000e-003	
367	3.275000e-003	
368	2.625000e-003	
369	3.725000e-003	
370	2.750000e-003	
371	2.800000e-003	
372	3.000000e-003	
373	2.875000e-003	
374	2.575000e-003	
375	2.675000e-003	
376	2.600000e-003	
377	2.850000e-003	
378	2.975000e-003	
379	2.875000e-003	
380	2.700000e-003	
381	2.975000e-003	
382	2.825000e-003	
383	2.550000e-003	
384	1.975000e-003	
385	1.725000e-003	
386	1.575000e-003	
387	1.250000e-003	
388	9.250000e-004	
389	7.000000e-004	
390	6.000000e-004	
391	6.000000e-004	
392	6.500000e-004	
393	8.000000e-004	
394	7.000000e-004	
395	8.250000e-004	
396	8.750000e-004	
397	1.000000e-003	
398	9.000000e-004	
399	6.250000e-004	
400	5.250000e-004	
401	4.250000e-004	
402	3.750000e-004	
403	4.250000e-004	
404	4.250000e-004	
405	2.750000e-004	
406	1.750000e-004	
407	1.750000e-004	
408	2.000000e-004	
409	1.500000e-004	
410	1.500000e-004	
411	7.500000e-005	
412	2.500000e-005	
413	5.000000e-005	
414	0	
415	0	
416	0	
417	2.500000e-005	
418	2.500000e-005	
419	2.500000e-005	
420	5.000000e-005	
421	7.500000e-005	
422	7.500000e-005	
423	1.500000e-004	
424	1.250000e-004	
425	2.250000e-004	
426	2.000000e-004	
427	2.500000e-004	
428	1.500000e-004	
429	1.000000e-004	
430	1.500000e-004	
431	2.500000e-004	
432	7.500000e-005	
433	5.000000e-005	
434	5.000000e-005	
435	5.000000e-005	
436	5.000000e-005	
437	0	
438	0	
439	0	
440	0	
441	0	
442	0	
443	0	
444	0	
445	0	
446	0	
447	0	
448	0	
449	0	
450	0	
451	0	
452	0	
453	0	
454	0	
455	0	
456	0	
457	0	
458	0	
459	0	
460	0	
461	0	
462	0	
463	0	
464	0	
465	0	
466	0	
467	0	
468	0	
469	0	
470	0	
471	0	
472	0	
473	0	
474	0	
475	0	
476	0	
477	0	
478	0	
479	0	
480	0	
481	0	
482	0	
483	0	
484	0	
485	0	
486	0	
487	0	
488	0	
489	0	
490	0	
491	0	
492	0	
493	0	
494	0	
495	0	
496	0	
497	0	
498	0	
499	0	
500	0	
501	0	
502	0	
503	0	
504	0	
505	0	
506	0	
507	0	
508	0	
509	0	
510	0	
511	0	
512	0	
513	0	
514	0	
515	0	
516	0	
517	0	
518	0	
519	0	
520	0	
521	0	
522	0	
523	0	
524	0	
525	0	
526	0	
527	0	
528	0	
529	0	
530	0	
531	0	
532	0	
533	0	
534	0	
535	0	
536	0	
537	0	
538	0	
539	0	
540	0	
541	0	
542	0	
543	0	
544	0	
545	0	
546	0	
547	0	
548	0	
549	0	
550	0	
551	0	
552	0	
553	0	
554	0	
555	0	
556	0	
557	0	
558	0	
559	0	
560	0	
561	0	
562	0	
563	0	
564	0	
565	0	
566	0	
567	0	
568	0	
569	0	
570	0	
571	0	
572	0	
573	0	
574	0	
575	0	
576	0	
577	0	
578	0	
579	0	
580	0	
581	0	
582	0	
583	0	
584	0	
585	0	
586	0	
587	0	
588	0	
589	0	
590	0	
591	0	
592	0	
593	0	
594	0	
595	0	
596	0	
597	0	
598	0	
599	0	
600	0	
601	0	
602	0	
603	0	
604	0	
605	0	
606	0	
607	0	
608	0	
609	0	
610	0	
611	0	
612	0	
613	0	
614	0	
615	0	
616	0	
617	0	
618	0	
619	0	
620	0	
621	0	
622	0	
623	0	
624	0	
625	0	
626	0	
627	0	
628	0	
629	0	
630	0	
631	0	
632	0	
633	0	
634	0	
635	0	
636	0	
637	0	
638	0	
639	0	
640	0	
641	0	
642	0	
643	0	
644	0	
645	0	
646	0	
647	0	
648	0	
649	0	
650	0	
651	0	
652	0	
653	0	
654	0	
655	0	
656	0	
657	0	
658	0	
659	0	
660	0	
661	0	
662	0	
663	0	
664	0	
665	0	
666	0	
667	0	
668	0	
669	0	
670	0	
671	0	
672	0	
673	0	
674	0	
675	0	
676	0	
677	0	
678	0	
679	0	
680	0	
681	0	
682	0	
683	0	
684	0	
685	0	
686	0	
687	0	
688	0	
689	0	
690	0	
691	0	
692	0	
693	0	
694	0	
695	0	
696	0	
697	0	
698	0	
699	0	
700	0	
701	0	
702	2.500000e-005	
703	5.000000e-005	
704	7.500000e-005	
705	7.500000e-005	
706	5.000000e-005	
707	2.500000e-005	
708	2.500000e-005	
709	5.000000e-005	
710	1.250000e-004	
711	1.000000e-004	
712	7.500000e-005	
713	1.000000e-004	
714	0	
715	0	
716	0	
717	2.500000e-005	
718	7.500000e-005	
719	1.000000e-004	
720	1.750000e-004	
721	2.000000e-004	
722	2.500000e-004	
723	2.250000e-004	
724	2.750000e-004	
725	3.250000e-004	
726	4.250000e-004	
727	4.500000e-004	
728	4.500000e-004	
729	4.750000e-004	
730	5.500000e-004	
731	6.000000e-004	
732	7.250000e-004	
733	6.750000e-004	
734	5.500000e-004	
735	6.750000e-004	
736	8.000000e-004	
737	6.500000e-004	
738	5.000000e-004	
739	4.750000e-004	
740	4.250000e-004	
741	4.000000e-004	
742	4.250000e-004	
743	2.500000e-004	
744	2.000000e-004	
745	2.750000e-004	
746	4.500000e-004	
747	4.500000e-004	
748	4.000000e-004	
749	4.000000e-004	
750	4.000000e-004	
751	4.500000e-004	
752	4.750000e-004	
753	5.000000e-004	
754	3.750000e-004	
755	2.750000e-004	
756	1.750000e-004	
757	1.000000e-004	
758	1.500000e-004	
759	7.500000e-005	
760	5.000000e-005	
761	5.000000e-005	
762	0	
763	0	
764	0	
765	0	
766	0	
767	0	
768	0	
769	0	
770	0	
771	0	
772	0	
773	0	
774	0	
775	0	
776	0	
777	0	
778	0	
779	0	
780	0	
781	0	
782	0	
783	0	
784	0	
785	0	
786	0	
787	0	
788	0	
789	0	
790	0	
791	0	
792	0	
793	0	
794	0	
795	0	
796	0	
797	0	
798	0	
799	0	
800	0	
801	0	
802	0	
803	0	
804	0	
805	0	
806	0	
807	0	
808	0	
809	2.500000e-005	
810	2.500000e-005	
811	5.000000e-005	
812	2.500000e-005	
813	7.500000e-005	
814	1.000000e-004	
815	1.000000e-004	
816	1.000000e-004	
817	1.250000e-004	
818	1.000000e-004	
819	5.000000e-005	
820	5.000000e-005	
821	5.000000e-005	
822	5.000000e-005	
823	1.000000e-004	
824	5.000000e-005	
825	1.000000e-004	
826	2.500000e-005	
827	0	
828	0	
829	0	
830	0	
831	0	
832	0	
833	0	
834	0	
835	0	
836	0	
837	0	
838	0	
839	0	
840	0	
841	0	
842	0	
843	0	
844	0	
845	0	
846	0	
847	0	
848	0	
849	0	
850	0	
851	0	
852	0	
853	0	
854	0	
855	0	
856	0	
857	0	
858	0	
859	0	
860	0	
861	0	
862	0	
863	0	
864	0	
865	0	
866	0	
867	0	
868	0	
869	0	
870	0	
871	0	
872	0	
873	0	
874	0	
875	0	
876	0	
877	0	
878	0	
879	0	
880	0	
881	0	
882	0	
883	0	
884	0	
885	0	
886	0	
887	0	
888	0	
889	0	
890	2.500000e-005	
891	5.000000e-005	
892	1.500000e-004	
893	5.000000e-005	
894	5.000000e-005	
895	7.500000e-005	
896	1.000000e-004	
897	7.500000e-005	
898	5.000000e-005	
899	7.500000e-005	
900	7.500000e-005	
901	0	
902	0	
903	0	
904	0	
905	0	
906	0	
907	0	
908	0	
909	0	
910	0	
911	0	
912	0	
913	0	
914	0	
915	0	
916	0	
917	0	
918	0	
919	0	
920	0	
921	0	
922	0	
923	0	
924	0	
925	0	
926	0	
927	0	
928	0	
929	0	
930	0	
931	0	
932	0	
933	0	
934	0	
935	0	
936	0	
937	0	
938	0	
939	0	
940	0	
941	0	
942	0	
943	0	
944	0	
945	0	
946	0	
947	0	
948	0	
949	0	
950	0	
951	0	
952	0	
953	0	
954	0	
955	0	
956	0	
957	0	
958	0	
959	0	
960	0	
961	0	
962	0	
963	0	
964	0	
965	0	
966	0	
967	0	
968	0	
969	0	
970	0	
971	0	
972	0	
973	0	
974	0	
975	0	
976	0	
977	0	
978	0	
979	0	
980	0	
981	0	
982	0	
983	0	
984	0	
985	0	
986	0	
987	0	
988	0	
989	0	
990	0	
991	0	
992	0	
993	0	
994	0	
995	0	
996	0	
997	0	
998	0	
999	0	
1000	0	
1001	0	
1002	0	
1003	0	
1004	0	
1005	0	
1006	2.500000e-005	
1007	0	
1008	2.500000e-005	
1009	2.500000e-005	
1010	2.500000e-005	
1011	0	
1012	0	
1013	0	
1014	0	
1015	0	
1016	0	
1017	0	
1018	0	
1019	0	
1020	0	
1021	0	
1022	0	
1023	0	
1024	0	
1025	0	
1026	0	
1027	0	
1028	0	
1029	0	
1030	0	
1031	0	
1032	0	
1033	0	
1034	0	
1035	0	
1036	0	
1037	0	
1038	0	
1039	0	
1040	0	
1041	0	
1042	0	
1043	0	
1044	0	
1045	0	
1046	0	
1047	0	
1048	0	
1049	0	
1050	0	
1051	0	
1052	0	
1053	0	
1054	0	
1055	0	
1056	0	
1057	0	
1058	0	
1059	2.500000e-005	
1060	5.000000e-005	
1061	5.000000e-005	
1062	2.500000e-005	
1063	2.500000e-005	
1064	2.500000e-005	
1065	7.500000e-005	
1066	1.250000e-004	
1067	1.500000e-004	
1068	7.500000e-005	
1069	1.000000e-004	
1070	5.000000e-005	
1071	2.500000e-005	
1072	5.000000e-005	
1073	2.500000e-005	
1074	2.500000e-005	
1075	2.500000e-005	
1076	2.500000e-005	
1077	2.500000e-005	
1078	2.500000e-005	
1079	2.500000e-005	
1080	5.000000e-005	
1081	1.000000e-004	
1082	1.750000e-004	
1083	1.500000e-004	
1084	2.250000e-004	
1085	1.750000e-004	
1086	3.000000e-004	
1087	2.250000e-004	
1088	2.500000e-004	
1089	3.500000e-004	
1090	4.750000e-004	
1091	4.250000e-004	
1092	6.250000e-004	
1093	8.250000e-004	
1094	1.025000e-003	
1095	9.500000e-004	
1096	1.450000e-003	
1097	1.475000e-003	
1098	1.425000e-003	
1099	1.275000e-003	
1100	1.200000e-003	
1101	1.275000e-003	
1102	1.425000e-003	
1103	1.450000e-003	
1104	1.250000e-003	
1105	1.000000e-003	
1106	1.350000e-003	
1107	1.200000e-003	
1108	1.075000e-003	
1109	1.075000e-003	
1110	9.000000e-004	
1111	8.750000e-004	
1112	8.000000e-004	
1113	7.000000e-004	
1114	9.250000e-004	
1115	7.250000e-004	
1116	6.250000e-004	
1117	8.750000e-004	
1118	7.750000e-004	
1119	8.750000e-004	
1120	1.000000e-003	
1121	1.300000e-003	
1122	1.425000e-003	
1123	1.450000e-003	
1124	1.300000e-003	
1125	1.025000e-003	
1126	1.225000e-003	
1127	1.000000e-003	
1128	1.025000e-003	
1129	1.050000e-003	
1130	9.750000e-004	
1131	1.275000e-003	
1132	1.050000e-003	
1133	1.150000e-003	
1134	1.000000e-003	
1135	1.075000e-003	
1136	9.500000e-004	
1137	1.000000e-003	
1138	1.075000e-003	
1139	9.500000e-004	
1140	9.000000e-004	
1141	9.750000e-004	
1142	1.275000e-003	
1143	1.050000e-003	
1144	1.150000e-003	
1145	1.350000e-003	
1146	1.200000e-003	
1147	9.500000e-004	
1148	8.250000e-004	
1149	9.000000e-004	
1150	1.000000e-003	
1151	1.125000e-003	
1152	1.175000e-003	
1153	1.100000e-003	
1154	1.175000e-003	
1155	1.000000e-003	
1156	9.750000e-004	
1157	1.050000e-003	
1158	7.750000e-004	
1159	1.100000e-003	
1160	9.750000e-004	
1161	1.050000e-003	
1162	1.400000e-003	
1163	1.550000e-003	
1164	1.625000e-003	
1165	1.775000e-003	
1166	1.850000e-003	
1167	1.550000e-003	
1168	1.475000e-003	
1169	1.650000e-003	
1170	2.075000e-003	
1171	1.875000e-003	
1172	2.150000e-003	
1173	1.950000e-003	
1174	2.150000e-003	
1175	2.275000e-003	
1176	2.475000e-003	
1177	2.750000e-003	
1178	2.275000e-003	
1179	2.300000e-003	
1180	2.425000e-003	
1181	2.325000e-003	
1182	2.525000e-003	
1183	2.425000e-003	
1184	2.375000e-003	
1185	2.250000e-003	
1186	2.425000e-003	
1187	2.275000e-003	
1188	2.850000e-003	
1189	2.750000e-003	
1190	3.075000e-003	
1191	3.350000e-003	
1192	3.325000e-003	
1193	3.750000e-003	
1194	3.750000e-003	
1195	4.200000e-003	
1196	4.250000e-003	
1197	4.275000e-003	
1198	4.850000e-003	
1199	5.500000e-003	
1200	5.175000e-003	
1201	5.250000e-003	
1202	5.150000e-003	
1203	5.050000e-003	
1204	4.350000e-003	
1205	4.825000e-003	
1206	5.050000e-003	
1207	5.750000e-003	
1208	5.500000e-003	
1209	4.875000e-003	
1210	4.975000e-003	
1211	5.125000e-003	
1212	4.600000e-003	
1213	4.350000e-003	
1214	4.650000e-003	
1215	4.375000e-003	
1216	3.775000e-003	
1217	3.575000e-003	
1218	3.875000e-003	
1219	4.150000e-003	
1220	3.975000e-003	
1221	3.950000e-003	
1222	3.850000e-003	
1223	3.675000e-003	
1224	3.600000e-003	
1225	3.875000e-003	
1226	3.725000e-003	
1227	3.850000e-003	
1228	3.775000e-003	
1229	3.500000e-003	
1230	3.075000e-003	
1231	3.125000e-003	
1232	3.350000e-003	
1233	3.150000e-003	
1234	3.525000e-003	
1235	3.650000e-003	
1236	3.075000e-003	
1237	2.775000e-003	
1238	2.325000e-003	
1239	2.000000e-003	
1240	2.100000e-003	
1241	2.175000e-003	
1242	2.525000e-003	
1243	2.225000e-003	
1244	2.000000e-003	
1245	2.075000e-003	
1246	2.225000e-003	
1247	1.950000e-003	
1248	1.675000e-003	
1249	1.875000e-003	
1250	1.925000e-003	
1251	2.125000e-003	
1252	2.250000e-003	
1253	2.125000e-003	
1254	2.450000e-003	
1255	2.525000e-003	
1256	2.900000e-003	
1257	2.650000e-003	
1258	2.375000e-003	
1259	2.700000e-003	
1260	2.500000e-003	
1261	2.450000e-003	
1262	2.475000e-003	
1263	2.675000e-003	
1264	2.300000e-003	
1265	2.275000e-003	
1266	2.475000e-003	
1267	2.550000e-003	
1268	2.550000e-003	
1269	2.425000e-003	
1270	2.550000e-003	
1271	2.375000e-003	
1272	2.525000e-003	
1273	2.500000e-003	
1274	2.675000e-003	
1275	2.450000e-003	
1276	2.325000e-003	
1277	2.450000e-003	
1278	2.575000e-003	
1279	2.250000e-003	
1280	2.500000e-003	
1281	2.550000e-003	
1282	2.350000e-003	
1283	2.300000e-003	
1284	2.000000e-003	
1285	1.775000e-003	
1286	2.050000e-003	
1287	1.950000e-003	
1288	1.875000e-003	
1289	2.250000e-003	
1290	2.200000e-003	
1291	2.275000e-003	
1292	2.450000e-003	
1293	2.775000e-003	
1294	2.800000e-003	
1295	2.325000e-003	
1296	2.775000e-003	
1297	3.350000e-003	
1298	3.075000e-003	
1299	3.100000e-003	
1300	2.725000e-003	
1301	2.950000e-003	
1302	2.725000e-003	
1303	2.875000e-003	
1304	2.625000e-003	
1305	1.925000e-003	
1306	1.475000e-003	
1307	1.200000e-003	
1308	1.125000e-003	
1309	1.350000e-003	
1310	1.050000e-003	
1311	1.025000e-003	
1312	1.200000e-003	
1313	1.100000e-003	
1314	1.175000e-003	
1315	1.100000e-003	
1316	1.075000e-003	
1317	5.500000e-004	
1318	4.750000e-004	
1319	4.750000e-004	
1320	3.500000e-004	
1321	2.500000e-004	
1322	3.250000e-004	
1323	3.250000e-004	
1324	1.500000e-004	
1325	2.750000e-004	
1326	4.000000e-004	
1327	2.500000e-004	
1328	2.250000e-004	
1329	3.500000e-004	
1330	3.000000e-004	
1331	2.750000e-004	
1332	1.500000e-004	
1333	1.250000e-004	
1334	1.000000e-004	
1335	5.000000e-005	
1336	5.000000e-005	
1337	2.500000e-005	
1338	2.500000e-005	
1339	2.500000e-005	
1340	2.500000e-005	
1341	0	
1342	0	
1343	0	
1344	0	
1345	0	
1346	0	
1347	0	
1348	0	
1349	0	
1350	0	
1351	0	
1352	0	
1353	2.500000e-005	
1354	7.500000e-005	
1355	1.500000e-004	
1356	7.500000e-005	
1357	7.500000e-005	
1358	7.500000e-005	
1359	1.000000e-004	
1360	3.000000e-004	
1361	2.500000e-004	
1362	1.250000e-004	
1363	1.250000e-004	
1364	7.500000e-005	
1365	1.250000e-004	
1366	1.000000e-004	
1367	1.500000e-004	
1368	7.500000e-005	
1369	5.000000e-005	
1370	5.000000e-005	
1371	5.000000e-005	
1372	7.500000e-005	
1373	5.000000e-005	
1374	2.500000e-005	
1375	2.500000e-005	
1376	1.000000e-004	
1377	1.250000e-004	
1378	1.250000e-004	
1379	5.000000e-005	
1380	1.000000e-004	
1381	7.500000e-005	
1382	1.250000e-004	
1383	7.500000e-005	
1384	5.000000e-005	
1385	7.500000e-005	
1386	1.000000e-004	
1387	5.000000e-005	
1388	2.500000e-005	
1389	5.000000e-005	
1390	7.500000e-005	
1391	7.500000e-005	
1392	7.500000e-005	
1393	5.000000e-005	
1394	2.500000e-005	
1395	0	
1396	0	
1397	0	
1398	0	
1399	0	
1400	0	
1401	0	
1402	0	
1403	0	
1404	0	
1405	0	
1406	0	
1407	0	
1408	0	
1409	0	
1410	0	
1411	0	
1412	0	
1413	0	
1414	0	
1415	0	
1416	0	
1417	0	
1418	0	
1419	0	
1420	0	
1421	0	
1422	0	
1423	0	
1424	0	
1425	0	
1426	0	
1427	0	
1428	0	
1429	0	
1430	0	
1431	0	
1432	0	
1433	0	
1434	0	
1435	0	
1436	0	
1437	0	
1438	0	
1439	0	
1440	0	
1441	0	
1442	0	
1443	0	
1444	0	
1445	0	
1446	0	
1447	0	
1448	0	
1449	0	
1450	0	
1451	0	
1452	2.500000e-005	
1453	1.250000e-004	
1454	1.500000e-004	
1455	1.250000e-004	
1456	1.000000e-004	
1457	5.000000e-005	
1458	5.000000e-005	
1459	5.000000e-005	
1460	7.500000e-005	
1461	7.500000e-005	
1462	1.000000e-004	
1463	1.250000e-004	
1464	1.750000e-004	
1465	1.500000e-004	
1466	1.500000e-004	
1467	2.000000e-004	
1468	1.750000e-004	
1469	2.000000e-004	
1470	1.750000e-004	
1471	1.250000e-004	
1472	2.000000e-004	
1473	1.750000e-004	
1474	2.750000e-004	
1475	2.750000e-004	
1476	1.750000e-004	
1477	4.000000e-004	
1478	5.000000e-004	
1479	5.000000e-004	
1480	6.750000e-004	
1481	6.250000e-004	
1482	6.000000e-004	
1483	4.250000e-004	
1484	4.500000e-004	
1485	3.500000e-004	
1486	1.500000e-004	
1487	5.000000e-005	
1488	2.500000e-005	
1489	0	
1490	0	
1491	0	
1492	0	
1493	0	
1494	0	
1495	0	
1496	0	
1497	0	
1498	0	
1499	0	
1500	0	
1501	0	
1502	0	
1503	0	
1504	2.500000e-005	
1505	7.500000e-005	
1506	1.250000e-004	
1507	2.250000e-004	
1508	2.500000e-004	
1509	1.250000e-004	
1510	1.750000e-004	
1511	7.500000e-005	
1512	2.500000e-005	
1513	0	
1514	0	
1515	0	
1516	0	
1517	0	
1518	0	
1519	0	
1520	0	
1521	0	
1522	0	
1523	0	
1524	0	
1525	0	
1526	0	
1527	0	
1528	0	
1529	0	
1530	0	
1531	0	
1532	0	
1533	0	
1534	0	
1535	0	
1536	0	
1537	0	
1538	0	
1539	0	
1540	0	
1541	0	
1542	0	
1543	0	
1544	0	
1545	0	
1546	0	
1547	0	
1548	0	
1549	0	
1550	0	
1551	0	
1552	0	
1553	0	
1554	0	
1555	0	
1556	0	
1557	0	
1558	0	
1559	0	
1560	0	
1561	2.500000e-005	
1562	2.500000e-005	
1563	5.000000e-005	
1564	7.500000e-005	
1565	5.000000e-005	
1566	0	
1567	0	
1568	0	
1569	0	
1570	0	
1571	0	
1572	0	
1573	0	
1574	0	
1575	0	
1576	0	
1577	0	
1578	0	
1579	0	
1580	0	
1581	0	
1582	0	
1583	0	
1584	0	
1585	0	
1586	0	
1587	0	
1588	0	
1589	0	
1590	0	
1591	0	
1592	0	
1593	0	
1594	0	
1595	0	
1596	0	
1597	0	
1598	0	
1599	0	
1600	0	
1601	0	
1602	0	
1603	0	
1604	0	
1605	0	
1606	0	
1607	0	
1608	0	
1609	0	
1610	0	
1611	0	
1612	0	
1613	0	
1614	0	
1615	0	
1616	0	
1617	0	
1618	0	
1619	0	
1620	0	
1621	0	
1622	0	
1623	0	
1624	0	
1625	0	
1626	0	
1627	0	
1628	0	
1629	0	
1630	0	
1631	0	
1632	0	
1633	0	
1634	0	
1635	0	
1636	0	
1637	0	
1638	0	
1639	0	
1640	0	
1641	0	
1642	0	
1643	0	
1644	0	
1645	0	
1646	0	
1647	0	
1648	0	
1649	0	
1650	0	
1651	0	
1652	0	
1653	0	
1654	0	
1655	0	
1656	0	
1657	0	
1658	0	
1659	0	
1660	0	
1661	0	
1662	0	
1663	0	
1664	0	
1665	0	
1666	0	
1667	0	
1668	0	
1669	0	
1670	0	
1671	0	
1672	0	
1673	0	
1674	0	
1675	0	
1676	0	
1677	0	
1678	0	
1679	0	
1680	0	
1681	0	
1682	0	
1683	0	
1684	0	
1685	0	
1686	0	
1687	0	
1688	0	
1689	0	
1690	0	
1691	0	
1692	0	
1693	0	
1694	0	
1695	0	
1696	0	
1697	0	
1698	0	
1699	0	
1700	0	
1701	0	
1702	0	
1703	0	
1704	0	
1705	0	
1706	0	
1707	0	
1708	0	
1709	0	
1710	0	
1711	0	
1712	0	
1713	0	
1714	0	
1715	0	
1716	0	
1717	0	
1718	0	
1719	0	
1720	0	
1721	0	
1722	0	
1723	0	
1724	0	
1725	0	
1726	0	
1727	0	
1728	0	
1729	0	
1730	0	
1731	0	
1732	0	
1733	0	
1734	0	
1735	0	
1736	0	
1737	0	
1738	0	
1739	0	
1740	0	
1741	0	
1742	0	
1743	0	
1744	0	
1745	0	
1746	0	
1747	0	
1748	0	
1749	0	
1750	0	
1751	0	
1752	0	
1753	0	
1754	0	
1755	2.500000e-005	
1756	5.000000e-005	
1757	7.500000e-005	
1758	1.250000e-004	
1759	2.500000e-005	
1760	2.500000e-005	
1761	0	
1762	0	
1763	0	
1764	0	
1765	0	
1766	0	
1767	0	
1768	0	
1769	0	
1770	0	
1771	0	
1772	0	
1773	0	
1774	0	
1775	0	
1776	0	
1777	0	
1778	0	
1779	0	
1780	0	
1781	0	
1782	0	
1783	0	
1784	0	
1785	0	
1786	0	
1787	0	
1788	0	
1789	0	
1790	0	
1791	0	
1792	0	
1793	0	
1794	0	
1795	0	
1796	0	
1797	0	
1798	0	
1799	0	
1800	0	
1801	0	
1802	0	
1803	0	
1804	0	
1805	0	
1806	0	
1807	0	
1808	0	
1809	0	
1810	0	
1811	0	
1812	0	
1813	0	
1814	0	
1815	0	
1816	0	
1817	0	
1818	0	
1819	0	
1820	0	
1821	0	
1822	0	
1823	0	
1824	0	
1825	0	
1826	0	
1827	0	
1828	0	
1829	0	
1830	0	
1831	0	
1832	0	
1833	0	
1834	2.500000e-005	
1835	7.500000e-005	
1836	7.500000e-005	
1837	2.500000e-005	
1838	2.500000e-005	
1839	2.500000e-005	
1840	0	
1841	0	
1842	0	
1843	0	
1844	0	
1845	0	
1846	0	
1847	0	
1848	0	
1849	0	
1850	0	
1851	0	
1852	0	
1853	0	
1854	0	
1855	0	
1856	0	
1857	0	
1858	0	
1859	0	
1860	0	
1861	0	
1862	0	
1863	0	
1864	0	
1865	0	
1866	0	
1867	0	
1868	0	
1869	0	
1870	0	
1871	0	
1872	0	
1873	0	
1874	0	
1875	0	
1876	0	
1877	0	
1878	0	
1879	0	
1880	0	
1881	0	
1882	0	
1883	0	
1884	0	
1885	0	
1886	0	
1887	0	
1888	0	
1889	0	
1890	0	
1891	0	
1892	0	
1893	0	
1894	0	
1895	0	
1896	0	
1897	0	
1898	0	
1899	0	
1900	0	
1901	0	
1902	0	
1903	0	
1904	0	
1905	0	
1906	0	
1907	0	
1908	0	
1909	0	
1910	0	
1911	0	
1912	0	
1913	0	
1914	0	
1915	0	
1916	0	
1917	0	
1918	0	
1919	0	
1920	0	
1921	0	
1922	0	
1923	0	
1924	0	
1925	0	
1926	0	
1927	0	
1928	0	
1929	0	
1930	0	
1931	0	
1932	0	
1933	0	
1934	0	
1935	0	
1936	0	
1937	0	
1938	0	
1939	2.500000e-005	
1940	5.000000e-005	
1941	1.500000e-004	
1942	1.500000e-004	
1943	2.250000e-004	
1944	2.000000e-004	
1945	2.500000e-004	
1946	2.500000e-004	
1947	2.500000e-004	
1948	2.750000e-004	
1949	1.750000e-004	
1950	1.500000e-004	
1951	7.500000e-005	
1952	7.500000e-005	
1953	1.000000e-004	
1954	1.000000e-004	
1955	1.500000e-004	
1956	1.750000e-004	
1957	2.500000e-004	
1958	1.500000e-004	
1959	1.250000e-004	
1960	1.250000e-004	
1961	1.250000e-004	
1962	1.500000e-004	
1963	1.500000e-004	
1964	2.500000e-004	
1965	2.750000e-004	
1966	2.250000e-004	
1967	2.750000e-004	
1968	2.750000e-004	
1969	3.000000e-004	
1970	2.500000e-004	
1971	3.750000e-004	
1972	4.250000e-004	
1973	3.750000e-004	
1974	3.250000e-004	
1975	3.500000e-004	
1976	3.500000e-004	
1977	3.250000e-004	
1978	4.000000e-004	
1979	3.250000e-004	
1980	3.500000e-004	
1981	5.250000e-004	
1982	5.750000e-004	
1983	7.000000e-004	
1984	5.750000e-004	
1985	4.500000e-004	
1986	4.750000e-004	
1987	3.250000e-004	
1988	2.250000e-004	
1989	3.750000e-004	
1990	2.750000e-004	
1991	3.500000e-004	
1992	3.500000e-004	
1993	2.250000e-004	
1994	4.000000e-004	
1995	5.250000e-004	
1996	5.750000e-004	
1997	8.500000e-004	
1998	9.000000e-004	
1999	7.750000e-004	
2000	7.750000e-004	
2001	8.000000e-004	
2002	6.500000e-004	
2003	5.000000e-004	
2004	5.500000e-004	
2005	7.000000e-004	
2006	7.250000e-004	
2007	6.500000e-004	
2008	6.000000e-004	
2009	6.750000e-004	
2010	8.250000e-004	
2011	9.000000e-004	
2012	6.000000e-004	
2013	9.000000e-004	
2014	1.050000e-003	
2015	8.750000e-004	
2016	7.750000e-004	
2017	5.750000e-004	
2018	7.000000e-004	
2019	9.500000e-004	
2020	8.250000e-004	
2021	8.250000e-004	
2022	8.250000e-004	
2023	9.250000e-004	
2024	8.250000e-004	
2025	8.000000e-004	
2026	9.250000e-004	
2027	9.750000e-004	
2028	8.000000e-004	
2029	8.500000e-004	
2030	1.000000e-003	
2031	1.050000e-003	
2032	1.125000e-003	
2033	1.050000e-003	
2034	9.500000e-004	
2035	1.425000e-003	
2036	1.350000e-003	
2037	1.200000e-003	
2038	1.350000e-003	
2039	1.200000e-003	
2040	1.475000e-003	
2041	1.375000e-003	
2042	1.200000e-003	
2043	1.075000e-003	
2044	1.225000e-003	
2045	1.125000e-003	
2046	1.100000e-003	
2047	1.175000e-003	
2048	1.175000e-003	
2049	1.350000e-003	
2050	1.525000e-003	
2051	1.725000e-003	
2052	1.725000e-003	
2053	1.425000e-003	
2054	1.525000e-003	
2055	1.475000e-003	
2056	1.550000e-003	
2057	1.650000e-003	
2058	1.750000e-003	
2059	1.900000e-003	
2060	1.900000e-003	
2061	1.950000e-003	
2062	1.850000e-003	
2063	2.225000e-003	
2064	1.925000e-003	
2065	1.825000e-003	
2066	1.800000e-003	
2067	1.925000e-003	
2068	1.775000e-003	
2069	1.700000e-003	
2070	1.725000e-003	
2071	1.800000e-003	
2072	1.700000e-003	
2073	1.800000e-003	
2074	2.125000e-003	
2075	1.950000e-003	
2076	1.900000e-003	
2077	2.225000e-003	
2078	2.450000e-003	
2079	1.925000e-003	
2080	1.700000e-003	
2081	1.675000e-003	
2082	1.900000e-003	
2083	2.125000e-003	
2084	2.125000e-003	
2085	2.150000e-003	
2086	1.800000e-003	
2087	1.775000e-003	
2088	1.675000e-003	
2089	1.750000e-003	
2090	1.650000e-003	
2091	1.525000e-003	
2092	1.600000e-003	
2093	1.600000e-003	
2094	1.625000e-003	
2095	1.750000e-003	
2096	2.125000e-003	
2097	2.075000e-003	
2098	1.625000e-003	
2099	1.350000e-003	
2100	1.150000e-003	
2101	1.750000e-003	
2102	1.725000e-003	
2103	1.850000e-003	
2104	1.675000e-003	
2105	2.000000e-003	
2106	2.125000e-003	
2107	2.175000e-003	
2108	2.525000e-003	
2109	2.675000e-003	
2110	3.250000e-003	
2111	2.525000e-003	
2112	2.400000e-003	
2113	2.475000e-003	
2114	3.000000e-003	
2115	3.250000e-003	
2116	2.675000e-003	
2117	2.625000e-003	
2118	2.775000e-003	
2119	2.875000e-003	
2120	2.975000e-003	
2121	3.100000e-003	
2122	2.975000e-003	
2123	2.575000e-003	
2124	2.975000e-003	
2125	2.825000e-003	
2126	3.075000e-003	
2127	2.875000e-003	
2128	3.150000e-003	
2129	3.125000e-003	
2130	3.725000e-003	
2131	4.250000e-003	
2132	4.150000e-003	
2133	4.250000e-003	
2134	3.850000e-003	
2135	3.875000e-003	
2136	3.475000e-003	
2137	3.625000e-003	
2138	3.525000e-003	
2139	4.025000e-003	
2140	3.950000e-003	
2141	3.950000e-003	
2142	4.025000e-003	
2143	3.950000e-003	
2144	3.550000e-003	
2145	3.450000e-003	
2146	3.200000e-003	
2147	3.575000e-003	
2148	3.600000e-003	
2149	3.625000e-003	
2150	3.150000e-003	
2151	3.050000e-003	
2152	3.025000e-003	
2153	3.050000e-003	
2154	2.900000e-003	
2155	2.525000e-003	
2156	2.625000e-003	
2157	3.150000e-003	
2158	3.375000e-003	
2159	3.250000e-003	
2160	3.150000e-003	
2161	3.350000e-003	
2162	3.375000e-003	
2163	3.475000e-003	
2164	3.425000e-003	
2165	3.700000e-003	
2166	3.500000e-003	
2167	3.200000e-003	
2168	2.875000e-003	
2169	2.575000e-003	
2170	2.425000e-003	
2171	2.475000e-003	
2172	2.350000e-003	
2173	2.500000e-003	
2174	2.475000e-003	
2175	2.725000e-003	
2176	2.850000e-003	
2177	2.850000e-003	
2178	2.700000e-003	
2179	2.375000e-003	
2180	2.525000e-003	
2181	2.625000e-003	
2182	2.675000e-003	
2183	2.500000e-003	
2184	1.875000e-003	
2185	2.000000e-003	
2186	2.000000e-003	
2187	1.600000e-003	
2188	2.125000e-003	
2189	2.175000e-003	
2190	2.000000e-003	
2191	1.975000e-003	
2192	2.100000e-003	
2193	2.100000e-003	
2194	2.200000e-003	
2195	2.150000e-003	
2196	2.325000e-003	
2197	2.300000e-003	
2198	2.525000e-003	
2199	2.525000e-003	
2200	2.750000e-003	
2201	2.750000e-003	
2202	2.725000e-003	
2203	2.525000e-003	
2204	2.525000e-003	
2205	2.450000e-003	
2206	2.150000e-003	
2207	2.000000e-003	
2208	1.925000e-003	
2209	2.175000e-003	
2210	2.200000e-003	
2211	2.275000e-003	
2212	2.350000e-003	
2213	2.675000e-003	
2214	2.300000e-003	
2215	2.400000e-003	
2216	2.650000e-003	
2217	2.800000e-003	
2218	2.800000e-003	
2219	2.675000e-003	
2220	2.600000e-003	
2221	2.450000e-003	
2222	2.400000e-003	
2223	1.975000e-003	
2224	1.750000e-003	
2225	1.475000e-003	
2226	1.250000e-003	
2227	9.250000e-004	
2228	1.025000e-003	
2229	1.225000e-003	
2230	1.175000e-003	
2231	1.325000e-003	
2232	1.025000e-003	
2233	1.025000e-003	
2234	1.175000e-003	
2235	1.125000e-003	
2236	1.275000e-003	
2237	1.125000e-003	
2238	9.000000e-004	
2239	7.500000e-004	
2240	6.250000e-004	
2241	2.500000e-004	
2242	3.250000e-004	
2243	1.750000e-004	
2244	7.500000e-005	
2245	5.000000e-005	
2246	5.000000e-005	
2247	2.500000e-005	
2248	2.500000e-005	
2249	0	
2250	0	
2251	0	
2252	0	
2253	0	
2254	0	
2255	0	
2256	0	
2257	0	
2258	2.500000e-005	
2259	1.000000e-004	
2260	1.500000e-004	
2261	1.750000e-004	
2262	1.750000e-004	
2263	2.250000e-004	
2264	2.750000e-004	
2265	2.750000e-004	
2266	4.000000e-004	
2267	3.000000e-004	
2268	3.250000e-004	
2269	3.000000e-004	
2270	4.500000e-004	
2271	3.500000e-004	
2272	4.250000e-004	
2273	5.250000e-004	
2274	7.250000e-004	
2275	6.750000e-004	
2276	6.000000e-004	
2277	5.250000e-004	
2278	5.250000e-004	
2279	5.000000e-004	
2280	3.750000e-004	
2281	4.500000e-004	
2282	2.500000e-004	
2283	2.000000e-004	
2284	1.750000e-004	
2285	7.500000e-005	
2286	7.500000e-005	
2287	1.000000e-004	
2288	1.250000e-004	
2289	1.250000e-004	
2290	5.000000e-005	
2291	2.500000e-005	
2292	0	
2293	0	
2294	0	
2295	0	
2296	0	
2297	0	
2298	0	
2299	0	
2300	0	
2301	0	
2302	0	
2303	0	
2304	0	
2305	0	
2306	0	
2307	0	
2308	0	
2309	0	
2310	0	
2311	0	
2312	0	
2313	0	
2314	0	
2315	0	
2316	0	
2317	0	
2318	0	
2319	0	
2320	0	
2321	0	
2322	0	
2323	0	
2324	0	
2325	0	
2326	0	
2327	0	
2328	0	
2329	0	
2330	0	
2331	0	
2332	0	
2333	0	
2334	0	
2335	0	
2336	0	
2337	0	
2338	0	
2339	0	
2340	0	
2341	0	
2342	0	
2343	0	
2344	0	
2345	0	
2346	0	
2347	0	
2348	0	
2349	0	
2350	0	
2351	0	
2352	0	
2353	0	
2354	0	
2355	0	
2356	0	
2357	0	
2358	0	
2359	0	
2360	0	
2361	0	
2362	0	
2363	0	
2364	0	
2365	0	
2366	0	
2367	0	
2368	0	
2369	0	
2370	0	
2371	0	
2372	0	
2373	0	
2374	0	
2375	0	
2376	0	
2377	0	
2378	0	
2379	0	
2380	0	
2381	0	
2382	0	
2383	0	
2384	0	
2385	2.500000e-005	
2386	0	
2387	0	
2388	0	
2389	0	
2390	0	
2391	0	
2392	0	
2393	0	
2394	0	
2395	0	
2396	0	
2397	0	
2398	0	
2399	0	
2400	0	
2401	0	
2402	0	
2403	0	
2404	0	
2405	0	
2406	0	
2407	0	
2408	0	
2409	0	
2410	0	
2411	0	
2412	0	
2413	0	
2414	0	
2415	0	
2416	0	
2417	0	
2418	0	
2419	0	
2420	0	
2421	0	
2422	0	
2423	0	
2424	0	
2425	0	
2426	0	
2427	0	
2428	0	
2429	0	
2430	0	
2431	0	
2432	0	
2433	0	
2434	2.500000e-005	
2435	2.500000e-005	
2436	2.500000e-005	
2437	2.500000e-005	
2438	2.500000e-005	
2439	2.500000e-005	
2440	2.500000e-005	
2441	2.500000e-005	
2442	2.500000e-005	
2443	0	
2444	0	
2445	0	
2446	0	
2447	0	
2448	0	
2449	0	
2450	0	
2451	0	
2452	0	
2453	0	
2454	0	
2455	0	
2456	0	
2457	0	
2458	0	
2459	0	
2460	0	
2461	0	
2462	0	
2463	0	
2464	0	
2465	0	
2466	0	
2467	0	
2468	0	
2469	0	
2470	0	
2471	0	
2472	0	
2473	0	
2474	0	
2475	2.500000e-005	
2476	2.500000e-005	
2477	2.500000e-005	
2478	5.000000e-005	
2479	1.000000e-004	
2480	1.000000e-004	
2481	1.500000e-004	
2482	1.750000e-004	
2483	7.500000e-005	
2484	5.000000e-005	
2485	2.500000e-005	
2486	0	
2487	0	
2488	0	
2489	0	
2490	0	
2491	0	
2492	0	
2493	0	
2494	0	
2495	2.500000e-005	
2496	2.500000e-005	
2497	2.500000e-005	
2498	2.500000e-005	
2499	0	
2500	0	
2501	0	
2502	0	
2503	0	
2504	0	
2505	0	
2506	0	
2507	0	
2508	0	
2509	0	
2510	0	
2511	0	
2512	0	
2513	0	
2514	0	
2515	0	
2516	0	
2517	0	
2518	0	
2519	0	
2520	0	
2521	0	
2522	0	
2523	0	
2524	0	
2525	0	
2526	0	
2527	0	
2528	0	
2529	0	
2530	0	
2531	0	
2532	0	
2533	0	
2534	0	
2535	0	
2536	0	
2537	0	
2538	0	
2539	0	
2540	0	
2541	0	
2542	0	
2543	0	
2544	0	
2545	0	
2546	0	
2547	0	
2548	0	
2549	0	
2550	0	
2551	0	
2552	0	
2553	0	
2554	0	
2555	0	
2556	0	
2557	0	
2558	0	
2559	0	
2560	0	
2561	0	
2562	0	
2563	0	
2564	0	
2565	0	
2566	0	
2567	0	
2568	0	
2569	0	
2570	0	
2571	0	
2572	0	
2573	0	
2574	0	
2575	0	
2576	0	
2577	0	
2578	0	
2579	0	
2580	0	
2581	0	
2582	0	
2583	0	
2584	0	
2585	0	
2586	0	
2587	0	
2588	0	
2589	0	
2590	0	
2591	0	
2592	0	
2593	0	
2594	0	
2595	0	
2596	0	
2597	0	
2598	0	
2599	0	
2600	0	
2601	0	
2602	0	
2603	0	
2604	0	
2605	0	
2606	0	
2607	0	
2608	0	
2609	0	
2610	0	
2611	0	
2612	0	
2613	0	
2614	2.500000e-005	
2615	5.000000e-005	
2616	1.000000e-004	
2617	1.000000e-004	
2618	7.500000e-005	
2619	1.250000e-004	
2620	1.000000e-004	
2621	1.000000e-004	
2622	1.250000e-004	
2623	1.750000e-004	
2624	1.000000e-004	
2625	1.000000e-004	
2626	2.000000e-004	
2627	1.750000e-004	
2628	2.000000e-004	
2629	2.500000e-004	
2630	2.750000e-004	
2631	7.500000e-005	
2632	1.000000e-004	
2633	2.500000e-005	
2634	0	
2635	0	
2636	0	
2637	0	
2638	0	
2639	0	
2640	0	
2641	0	
2642	0	
2643	0	
2644	0	
2645	0	
2646	0	
2647	2.500000e-005	
2648	5.000000e-005	
2649	1.000000e-004	
2650	7.500000e-005	
2651	1.000000e-004	
2652	1.000000e-004	
2653	7.500000e-005	
2654	1.000000e-004	
2655	1.000000e-004	
2656	1.250000e-004	
2657	1.500000e-004	
2658	1.000000e-004	
2659	2.500000e-005	
2660	2.500000e-005	
2661	5.000000e-005	
2662	2.500000e-005	
2663	5.000000e-005	
2664	7.500000e-005	
2665	2.500000e-005	
2666	2.500000e-005	
2667	0	
2668	0	
2669	0	
2670	0	
2671	0	
2672	0	
2673	0	
2674	0	
2675	0	
2676	0	
2677	0	
2678	0	
2679	0	
2680	0	
2681	0	
2682	0	
2683	0	
2684	0	
2685	0	
2686	0	
2687	0	
2688	0	
2689	0	
2690	0	
2691	0	
2692	0	
2693	0	
2694	0	
2695	0	
2696	0	
2697	0	
2698	0	
2699	0	
2700	0	
2701	0	
2702	0	
2703	0	
2704	0	
2705	0	
2706	0	
2707	0	
2708	0	
2709	0	
2710	0	
2711	0	
2712	0	
2713	0	
2714	0	
2715	0	
2716	0	
2717	0	
2718	0	
2719	0	
2720	0	
2721	0	
2722	0	
2723	0	
2724	0	
2725	0	
2726	0	
2727	0	
2728	0	
2729	0	
2730	0	
2731	0	
2732	0	
2733	0	
2734	0	
2735	2.500000e-005	
2736	5.000000e-005	
2737	1.000000e-004	
2738	7.500000e-005	
2739	5.000000e-005	
2740	0	
2741	0	
2742	0	
2743	0	
2744	0	
2745	0	
2746	0	
2747	0	
2748	0	
2749	0	
2750	0	
2751	0	
2752	0	
2753	0	
2754	0	
2755	0	
2756	0	
2757	0	
2758	0	
2759	2.500000e-005	
2760	2.500000e-005	
2761	2.500000e-005	
2762	7.500000e-005	
2763	7.500000e-005	
2764	1.000000e-004	
2765	7.500000e-005	
2766	5.000000e-005	
2767	0	
2768	0	
2769	0	
2770	0	
2771	0	
2772	0	
2773	0	
2774	2.500000e-005	
2775	5.000000e-005	
2776	2.500000e-005	
2777	0	
2778	0	
2779	0	
2780	0	
2781	0	
2782	0	
2783	0	
2784	0	
2785	0	
2786	0	
2787	0	
2788	0	
2789	0	
2790	0	
2791	0	
2792	0	
2793	0	
2794	0	
2795	0	
2796	0	
2797	0	
2798	0	
2799	0	
2800	0	
2801	0	
2802	0	
2803	0	
2804	0	
2805	0	
2806	0	
2807	0	
2808	0	
2809	0	
2810	0	
2811	0	
2812	0	
2813	0	
2814	0	
2815	0	
2816	0	
2817	0	
2818	0	
2819	0	
2820	0	
2821	0	
2822	0	
2823	0	
2824	0	
2825	0	
2826	0	
2827	0	
2828	2.500000e-005	
2829	5.000000e-005	
2830	7.500000e-005	
2831	5.000000e-005	
2832	7.500000e-005	
2833	1.000000e-004	
2834	0	
2835	0	
2836	0	
2837	0	
2838	0	
2839	0	
2840	0	
2841	0	
2842	0	
2843	0	
2844	0	
2845	0	
2846	0	
2847	0	
2848	0	
2849	0	
2850	2.500000e-005	
2851	5.000000e-005	
2852	1.250000e-004	
2853	1.000000e-004	
2854	1.750000e-004	
2855	1.750000e-004	
2856	2.000000e-004	
2857	2.000000e-004	
2858	1.500000e-004	
2859	1.000000e-004	
2860	1.000000e-004	
2861	5.000000e-005	
2862	0	
2863	0	
2864	0	
2865	0	
2866	0	
2867	0	
2868	0	
2869	0	
2870	0	
2871	0	
2872	0	
2873	0	
2874	0	
2875	0	
2876	0	
2877	0	
2878	0	
2879	0	
2880	0	
2881	0	
2882	0	
2883	0	
2884	0	
2885	0	
2886	0	
2887	0	
2888	0	
2889	0	
2890	0	
2891	2.500000e-005	
2892	0	
2893	0	
2894	0	
2895	0	
2896	0	
2897	0	
2898	0	
2899	0	
2900	0	
2901	0	
2902	0	
2903	0	
2904	0	
2905	0	
2906	0	
2907	0	
2908	0	
2909	0	
2910	0	
2911	0	
2912	0	
2913	0	
2914	0	
2915	0	
2916	0	
2917	0	
2918	0	
2919	0	
2920	0	
2921	2.500000e-005	
2922	5.000000e-005	
2923	1.250000e-004	
2924	1.500000e-004	
2925	2.000000e-004	
2926	1.750000e-004	
2927	2.000000e-004	
2928	1.250000e-004	
2929	1.000000e-004	
2930	1.250000e-004	
2931	1.500000e-004	
2932	1.500000e-004	
2933	1.750000e-004	
2934	1.000000e-004	
2935	1.500000e-004	
2936	7.500000e-005	
2937	1.500000e-004	
2938	1.750000e-004	
2939	7.500000e-005	
2940	1.250000e-004	
2941	1.750000e-004	
2942	1.250000e-004	
2943	1.500000e-004	
2944	1.500000e-004	
2945	1.000000e-004	
2946	1.500000e-004	
2947	2.500000e-004	
2948	2.000000e-004	
2949	3.750000e-004	
2950	3.750000e-004	
2951	3.750000e-004	
2952	4.000000e-004	
2953	3.250000e-004	
2954	4.250000e-004	
2955	4.250000e-004	
2956	4.000000e-004	
2957	4.000000e-004	
2958	4.500000e-004	
2959	4.000000e-004	
2960	5.250000e-004	
2961	5.250000e-004	
2962	4.000000e-004	
2963	2.500000e-004	
2964	2.750000e-004	
2965	3.000000e-004	
2966	2.750000e-004	
2967	3.750000e-004	
2968	5.250000e-004	
2969	2.500000e-004	
2970	3.000000e-004	
2971	2.500000e-004	
2972	4.000000e-004	
2973	2.750000e-004	
2974	2.500000e-004	
2975	3.500000e-004	
2976	5.500000e-004	
2977	4.250000e-004	
2978	4.000000e-004	
2979	4.500000e-004	
2980	3.250000e-004	
2981	3.250000e-004	
2982	5.000000e-004	
2983	4.750000e-004	
2984	5.000000e-004	
2985	6.750000e-004	
2986	7.000000e-004	
2987	6.250000e-004	
2988	1.075000e-003	
2989	9.750000e-004	
2990	8.500000e-004	
2991	8.750000e-004	
2992	7.750000e-004	
2993	7.750000e-004	
2994	7.500000e-004	
2995	6.250000e-004	
2996	7.250000e-004	
2997	8.000000e-004	
2998	6.750000e-004	
2999	7.500000e-004	
3000	7.500000e-004	
3001	8.250000e-004	
