1	4.961360e-001	4.958800e-001	0	
2	4.955640e-001	4.964520e-001	0	
3	4.950240e-001	4.969920e-001	0	
4	4.946000e-001	4.974160e-001	0	
5	4.940440e-001	4.979720e-001	0	
6	4.935440e-001	4.984680e-001	4.000000e-006	
7	4.931160e-001	4.989000e-001	0	
8	4.925920e-001	4.994240e-001	0	
9	4.921120e-001	4.999040e-001	0	
10	4.916240e-001	5.003920e-001	0	
11	4.911240e-001	5.008920e-001	0	
12	4.906240e-001	5.013920e-001	0	
13	4.901360e-001	5.018800e-001	0	
14	4.897040e-001	5.023120e-001	0	
15	4.892560e-001	5.027600e-001	0	
16	4.887640e-001	5.032520e-001	0	
17	4.882680e-001	5.037480e-001	0	
18	4.878240e-001	5.041920e-001	0	
19	4.872800e-001	5.047360e-001	0	
20	4.867720e-001	5.052440e-001	0	
21	4.862440e-001	5.057720e-001	0	
22	4.857440e-001	5.062720e-001	0	
23	4.851760e-001	5.068400e-001	0	
24	4.847360e-001	5.072800e-001	0	
25	4.843400e-001	5.076760e-001	0	
26	4.837880e-001	5.082280e-001	0	
27	4.833000e-001	5.087160e-001	0	
28	4.827280e-001	5.092880e-001	0	
29	4.822400e-001	5.097760e-001	0	
30	4.818480e-001	5.101640e-001	4.000000e-006	
31	4.813840e-001	5.106240e-001	8.000000e-006	
32	4.809480e-001	5.110480e-001	2.000000e-005	
33	4.804920e-001	5.115000e-001	2.400000e-005	
34	4.800360e-001	5.119680e-001	1.200000e-005	
35	4.796120e-001	5.123800e-001	2.400000e-005	
36	4.791240e-001	5.128600e-001	3.200000e-005	
37	4.786640e-001	5.133080e-001	4.400000e-005	
38	4.782640e-001	5.136960e-001	5.600000e-005	
39	4.778200e-001	5.141440e-001	5.200000e-005	
40	4.774400e-001	5.145120e-001	6.400000e-005	
41	4.770360e-001	5.149360e-001	4.400000e-005	
42	4.766640e-001	5.152760e-001	7.600000e-005	
43	4.762520e-001	5.156760e-001	8.800000e-005	
44	4.758640e-001	5.160520e-001	1.000000e-004	
45	4.755080e-001	5.164320e-001	7.600000e-005	
46	4.751160e-001	5.168160e-001	8.400000e-005	
47	4.747560e-001	5.171880e-001	7.200000e-005	
48	4.743520e-001	5.176080e-001	5.600000e-005	
49	4.739720e-001	5.179960e-001	4.800000e-005	
50	4.735560e-001	5.184160e-001	4.400000e-005	
51	4.730920e-001	5.188880e-001	3.600000e-005	
52	4.726680e-001	5.192960e-001	5.200000e-005	
53	4.722880e-001	5.196760e-001	5.200000e-005	
54	4.719000e-001	5.200600e-001	5.600000e-005	
55	4.714360e-001	5.205200e-001	6.000000e-005	
56	4.710280e-001	5.209120e-001	7.600000e-005	
57	4.705920e-001	5.213520e-001	7.200000e-005	
58	4.702000e-001	5.217160e-001	1.000000e-004	
59	4.697480e-001	5.221560e-001	1.120000e-004	
60	4.693720e-001	5.225360e-001	1.080000e-004	
61	4.690240e-001	5.228960e-001	9.600000e-005	
62	4.686440e-001	5.232800e-001	9.200000e-005	
63	4.683040e-001	5.235560e-001	1.560000e-004	
64	4.679720e-001	5.239240e-001	1.200000e-004	
65	4.675520e-001	5.243720e-001	9.200000e-005	
66	4.671920e-001	5.247480e-001	7.600000e-005	
67	4.667760e-001	5.251400e-001	1.000000e-004	
68	4.663720e-001	5.255320e-001	1.120000e-004	
69	4.659320e-001	5.259720e-001	1.120000e-004	
70	4.656200e-001	5.262840e-001	1.120000e-004	
71	4.652440e-001	5.266520e-001	1.200000e-004	
72	4.648960e-001	5.269920e-001	1.280000e-004	
73	4.645880e-001	5.273040e-001	1.240000e-004	
74	4.642080e-001	5.276760e-001	1.320000e-004	
75	4.638560e-001	5.280360e-001	1.240000e-004	
76	4.635440e-001	5.283240e-001	1.480000e-004	
77	4.631440e-001	5.287480e-001	1.240000e-004	
78	4.628320e-001	5.290560e-001	1.280000e-004	
79	4.625280e-001	5.293640e-001	1.240000e-004	
80	4.621760e-001	5.296960e-001	1.440000e-004	
81	4.618800e-001	5.299640e-001	1.720000e-004	
82	4.615400e-001	5.302960e-001	1.800000e-004	
83	4.612080e-001	5.306240e-001	1.840000e-004	
84	4.608840e-001	5.309400e-001	1.920000e-004	
85	4.606480e-001	5.312240e-001	1.440000e-004	
86	4.602600e-001	5.315960e-001	1.600000e-004	
87	4.598920e-001	5.319640e-001	1.600000e-004	
88	4.595440e-001	5.322960e-001	1.760000e-004	
89	4.592360e-001	5.326080e-001	1.720000e-004	
90	4.588840e-001	5.329320e-001	2.000000e-004	
91	4.586280e-001	5.332080e-001	1.800000e-004	
92	4.583840e-001	5.334280e-001	2.040000e-004	
93	4.581280e-001	5.336200e-001	2.680000e-004	
94	4.578920e-001	5.338600e-001	2.640000e-004	
95	4.576080e-001	5.341080e-001	3.000000e-004	
96	4.574720e-001	5.342600e-001	2.840000e-004	
97	4.573600e-001	5.343520e-001	3.040000e-004	
98	4.571560e-001	5.345960e-001	2.640000e-004	
99	4.569760e-001	5.348080e-001	2.320000e-004	
100	4.568160e-001	5.349600e-001	2.400000e-004	
101	4.565520e-001	5.352200e-001	2.440000e-004	
102	4.563640e-001	5.354040e-001	2.480000e-004	
103	4.561120e-001	5.356440e-001	2.600000e-004	
104	4.558920e-001	5.358880e-001	2.360000e-004	
105	4.556760e-001	5.361160e-001	2.240000e-004	
106	4.554040e-001	5.363760e-001	2.360000e-004	
107	4.550840e-001	5.367040e-001	2.280000e-004	
108	4.548360e-001	5.369400e-001	2.400000e-004	
109	4.545760e-001	5.372240e-001	2.160000e-004	
110	4.542720e-001	5.375120e-001	2.320000e-004	
111	4.540640e-001	5.377520e-001	2.000000e-004	
112	4.539080e-001	5.379000e-001	2.080000e-004	
113	4.536160e-001	5.381960e-001	2.040000e-004	
114	4.533920e-001	5.384000e-001	2.240000e-004	
115	4.532560e-001	5.385000e-001	2.600000e-004	
116	4.530640e-001	5.386720e-001	2.800000e-004	
117	4.528680e-001	5.388640e-001	2.840000e-004	
118	4.526960e-001	5.389920e-001	3.280000e-004	
119	4.525760e-001	5.391200e-001	3.200000e-004	
120	4.523880e-001	5.393040e-001	3.240000e-004	
121	4.522920e-001	5.393800e-001	3.440000e-004	
122	4.521760e-001	5.394680e-001	3.720000e-004	
123	4.520240e-001	5.396120e-001	3.800000e-004	
124	4.519640e-001	5.396680e-001	3.840000e-004	
125	4.518960e-001	5.398000e-001	3.200000e-004	
126	4.517880e-001	5.399120e-001	3.160000e-004	
127	4.516360e-001	5.400920e-001	2.880000e-004	
128	4.514680e-001	5.402880e-001	2.600000e-004	
129	4.512880e-001	5.404640e-001	2.640000e-004	
130	4.510800e-001	5.406840e-001	2.520000e-004	
131	4.508600e-001	5.409040e-001	2.520000e-004	
132	4.506400e-001	5.411320e-001	2.440000e-004	
133	4.505320e-001	5.411720e-001	3.120000e-004	
134	4.503960e-001	5.413360e-001	2.840000e-004	
135	4.502160e-001	5.415240e-001	2.760000e-004	
136	4.499840e-001	5.417600e-001	2.720000e-004	
137	4.497760e-001	5.419560e-001	2.840000e-004	
138	4.496240e-001	5.421160e-001	2.760000e-004	
139	4.494120e-001	5.423160e-001	2.880000e-004	
140	4.491960e-001	5.424240e-001	3.960000e-004	
141	4.491040e-001	5.425600e-001	3.520000e-004	
142	4.489720e-001	5.427200e-001	3.240000e-004	
143	4.488680e-001	5.428720e-001	2.760000e-004	
144	4.486480e-001	5.430720e-001	2.960000e-004	
145	4.485080e-001	5.432080e-001	3.000000e-004	
146	4.483360e-001	5.433600e-001	3.200000e-004	
147	4.481760e-001	5.435560e-001	2.840000e-004	
148	4.479760e-001	5.437560e-001	2.840000e-004	
149	4.478360e-001	5.438920e-001	2.880000e-004	
150	4.476880e-001	5.440200e-001	3.080000e-004	
151	4.475800e-001	5.441560e-001	2.800000e-004	
152	4.474200e-001	5.443080e-001	2.880000e-004	
153	4.472560e-001	5.444560e-001	3.040000e-004	
154	4.471400e-001	5.445520e-001	3.240000e-004	
155	4.469360e-001	5.447240e-001	3.560000e-004	
156	4.468720e-001	5.447720e-001	3.720000e-004	
157	4.468120e-001	5.448120e-001	3.920000e-004	
158	4.467880e-001	5.448280e-001	4.000000e-004	
159	4.467240e-001	5.449880e-001	3.040000e-004	
160	4.465680e-001	5.451720e-001	2.760000e-004	
161	4.464080e-001	5.453160e-001	2.920000e-004	
162	4.462560e-001	5.454720e-001	2.880000e-004	
163	4.460560e-001	5.456960e-001	2.640000e-004	
164	4.459080e-001	5.458320e-001	2.760000e-004	
165	4.456640e-001	5.460880e-001	2.640000e-004	
166	4.454880e-001	5.462560e-001	2.720000e-004	
167	4.452840e-001	5.464640e-001	2.680000e-004	
168	4.450080e-001	5.467040e-001	3.040000e-004	
169	4.448920e-001	5.468560e-001	2.680000e-004	
170	4.447520e-001	5.470000e-001	2.640000e-004	
171	4.445720e-001	5.471200e-001	3.240000e-004	
172	4.444280e-001	5.472840e-001	3.040000e-004	
173	4.442320e-001	5.474280e-001	3.560000e-004	
174	4.442080e-001	5.474320e-001	3.760000e-004	
175	4.440640e-001	5.475960e-001	3.560000e-004	
176	4.439320e-001	5.477600e-001	3.240000e-004	
177	4.438240e-001	5.478480e-001	3.440000e-004	
178	4.437320e-001	5.479120e-001	3.720000e-004	
179	4.436800e-001	5.478920e-001	4.440000e-004	
180	4.437120e-001	5.479000e-001	4.040000e-004	
181	4.436760e-001	5.479720e-001	3.680000e-004	
182	4.437080e-001	5.479600e-001	3.480000e-004	
183	4.436080e-001	5.480200e-001	3.880000e-004	
184	4.436280e-001	5.479880e-001	4.000000e-004	
185	4.435920e-001	5.479840e-001	4.400000e-004	
186	4.436760e-001	5.478160e-001	5.240000e-004	
187	4.438000e-001	5.477360e-001	4.800000e-004	
188	4.438680e-001	5.476720e-001	4.760000e-004	
189	4.438800e-001	5.476160e-001	5.200000e-004	
190	4.439240e-001	5.476040e-001	4.880000e-004	
191	4.440000e-001	5.474600e-001	5.560000e-004	
192	4.441440e-001	5.472960e-001	5.760000e-004	
193	4.442720e-001	5.470880e-001	6.560000e-004	
194	4.444800e-001	5.469560e-001	5.800000e-004	
195	4.446320e-001	5.467520e-001	6.320000e-004	
196	4.448320e-001	5.466880e-001	4.960000e-004	
197	4.448640e-001	5.465600e-001	5.920000e-004	
198	4.450160e-001	5.463920e-001	6.080000e-004	
199	4.452040e-001	5.462440e-001	5.680000e-004	
200	4.453400e-001	5.460680e-001	6.080000e-004	
201	4.454800e-001	5.459320e-001	6.040000e-004	
202	4.456000e-001	5.457240e-001	6.920000e-004	
203	4.458120e-001	5.454800e-001	7.240000e-004	
204	4.461280e-001	5.451120e-001	7.760000e-004	
205	4.463360e-001	5.449400e-001	7.400000e-004	
206	4.465480e-001	5.447200e-001	7.480000e-004	
207	4.469080e-001	5.444200e-001	6.880000e-004	
208	4.471400e-001	5.441360e-001	7.400000e-004	
209	4.474880e-001	5.437920e-001	7.360000e-004	
210	4.477800e-001	5.434600e-001	7.760000e-004	
211	4.481440e-001	5.429960e-001	8.760000e-004	
212	4.485840e-001	5.426280e-001	8.040000e-004	
213	4.488800e-001	5.423480e-001	7.880000e-004	
214	4.492280e-001	5.419120e-001	8.760000e-004	
215	4.496480e-001	5.414240e-001	9.440000e-004	
216	4.502320e-001	5.408880e-001	8.960000e-004	
217	4.506600e-001	5.403680e-001	9.880000e-004	
218	4.512640e-001	5.398240e-001	9.280000e-004	
219	4.517680e-001	5.393880e-001	8.600000e-004	
220	4.521480e-001	5.389880e-001	8.800000e-004	
221	4.526160e-001	5.385160e-001	8.840000e-004	
222	4.530240e-001	5.380320e-001	9.600000e-004	
223	4.535800e-001	5.374320e-001	1.004000e-003	
224	4.541080e-001	5.369400e-001	9.680000e-004	
225	4.546200e-001	5.363680e-001	1.028000e-003	
226	4.552400e-001	5.357280e-001	1.048000e-003	
227	4.558800e-001	5.352400e-001	8.960000e-004	
228	4.563080e-001	5.347080e-001	1.000000e-003	
229	4.568520e-001	5.340240e-001	1.140000e-003	
230	4.575640e-001	5.333160e-001	1.136000e-003	
231	4.582600e-001	5.325560e-001	1.200000e-003	
232	4.589960e-001	5.317040e-001	1.316000e-003	
233	4.597760e-001	5.309360e-001	1.304000e-003	
234	4.606040e-001	5.300960e-001	1.316000e-003	
235	4.614840e-001	5.291960e-001	1.336000e-003	
236	4.623640e-001	5.283080e-001	1.344000e-003	
237	4.632040e-001	5.273680e-001	1.444000e-003	
238	4.641800e-001	5.264200e-001	1.416000e-003	
239	4.650720e-001	5.254600e-001	1.484000e-003	
240	4.661000e-001	5.245080e-001	1.408000e-003	
241	4.670640e-001	5.234840e-001	1.468000e-003	
242	4.680680e-001	5.223840e-001	1.564000e-003	
243	4.692160e-001	5.212000e-001	1.600000e-003	
244	4.703320e-001	5.201080e-001	1.576000e-003	
245	4.714360e-001	5.191240e-001	1.456000e-003	
246	4.724080e-001	5.180000e-001	1.608000e-003	
247	4.736440e-001	5.167200e-001	1.652000e-003	
248	4.748240e-001	5.154680e-001	1.724000e-003	
249	4.760240e-001	5.143040e-001	1.688000e-003	
250	4.772680e-001	5.131440e-001	1.604000e-003	
251	4.784400e-001	5.117280e-001	1.848000e-003	
252	4.798440e-001	5.103440e-001	1.828000e-003	
253	4.810920e-001	5.090280e-001	1.896000e-003	
254	4.825120e-001	5.075920e-001	1.912000e-003	
255	4.839200e-001	5.061840e-001	1.912000e-003	
256	4.853000e-001	5.047520e-001	1.964000e-003	
257	4.867400e-001	5.033560e-001	1.920000e-003	
258	4.882920e-001	5.017760e-001	1.948000e-003	
259	4.897360e-001	5.002560e-001	2.024000e-003	
260	4.912200e-001	4.988040e-001	1.992000e-003	
261	4.927280e-001	4.972400e-001	2.048000e-003	
262	4.942120e-001	4.956880e-001	2.116000e-003	
263	4.957920e-001	4.941200e-001	2.104000e-003	
264	4.973680e-001	4.926360e-001	2.012000e-003	
265	4.988840e-001	4.910560e-001	2.076000e-003	
266	5.003680e-001	4.894320e-001	2.216000e-003	
267	5.019640e-001	4.879080e-001	2.144000e-003	
268	5.035960e-001	4.861000e-001	2.320000e-003	
269	5.053760e-001	4.841160e-001	2.524000e-003	
270	5.074000e-001	4.821520e-001	2.464000e-003	
271	5.092600e-001	4.803200e-001	2.436000e-003	
272	5.112400e-001	4.786120e-001	2.164000e-003	
273	5.128680e-001	4.770280e-001	2.120000e-003	
274	5.144520e-001	4.752920e-001	2.272000e-003	
275	5.162640e-001	4.734240e-001	2.328000e-003	
276	5.180480e-001	4.716840e-001	2.284000e-003	
277	5.197360e-001	4.699360e-001	2.344000e-003	
278	5.214560e-001	4.680320e-001	2.528000e-003	
279	5.234960e-001	4.659600e-001	2.560000e-003	
280	5.254720e-001	4.641120e-001	2.432000e-003	
281	5.273760e-001	4.622960e-001	2.344000e-003	
282	5.292160e-001	4.603400e-001	2.460000e-003	
283	5.311160e-001	4.583240e-001	2.576000e-003	
284	5.332000e-001	4.562080e-001	2.608000e-003	
285	5.353120e-001	4.540760e-001	2.628000e-003	
286	5.374080e-001	4.521240e-001	2.484000e-003	
287	5.394160e-001	4.499800e-001	2.620000e-003	
288	5.414560e-001	4.478120e-001	2.748000e-003	
289	5.437040e-001	4.455800e-001	2.732000e-003	
290	5.458760e-001	4.434320e-001	2.708000e-003	
291	5.479520e-001	4.413560e-001	2.708000e-003	
292	5.501480e-001	4.391400e-001	2.728000e-003	
293	5.522720e-001	4.370800e-001	2.664000e-003	
294	5.544600e-001	4.350160e-001	2.540000e-003	
295	5.564960e-001	4.327920e-001	2.728000e-003	
296	5.585960e-001	4.307640e-001	2.656000e-003	
297	5.607040e-001	4.286440e-001	2.668000e-003	
298	5.629040e-001	4.263880e-001	2.724000e-003	
299	5.650640e-001	4.242240e-001	2.728000e-003	
300	5.672640e-001	4.219000e-001	2.852000e-003	
301	5.695520e-001	4.195040e-001	2.960000e-003	
302	5.720160e-001	4.167840e-001	3.216000e-003	
303	5.747280e-001	4.141000e-001	3.188000e-003	
304	5.773360e-001	4.115200e-001	3.160000e-003	
305	5.798200e-001	4.090480e-001	3.148000e-003	
306	5.823640e-001	4.066520e-001	3.000000e-003	
307	5.848160e-001	4.041600e-001	3.040000e-003	
308	5.872840e-001	4.017280e-001	3.004000e-003	
309	5.896880e-001	3.993880e-001	2.940000e-003	
310	5.920280e-001	3.968240e-001	3.164000e-003	
311	5.945640e-001	3.941360e-001	3.316000e-003	
312	5.972960e-001	3.913040e-001	3.416000e-003	
313	6.000640e-001	3.885760e-001	3.376000e-003	
314	6.028000e-001	3.860640e-001	3.152000e-003	
315	6.053840e-001	3.834240e-001	3.208000e-003	
316	6.080160e-001	3.808000e-001	3.200000e-003	
317	6.105440e-001	3.782400e-001	3.232000e-003	
318	6.131440e-001	3.757440e-001	3.128000e-003	
319	6.157200e-001	3.731480e-001	3.148000e-003	
320	6.183040e-001	3.706800e-001	3.032000e-003	
321	6.207120e-001	3.682040e-001	3.100000e-003	
322	6.231560e-001	3.657840e-001	3.076000e-003	
323	6.256480e-001	3.633760e-001	2.992000e-003	
324	6.280240e-001	3.609000e-001	3.092000e-003	
325	6.304720e-001	3.583080e-001	3.236000e-003	
326	6.330320e-001	3.556480e-001	3.336000e-003	
327	6.358040e-001	3.527280e-001	3.484000e-003	
328	6.387080e-001	3.498160e-001	3.492000e-003	
329	6.415000e-001	3.472200e-001	3.296000e-003	
330	6.440200e-001	3.447480e-001	3.248000e-003	
331	6.466320e-001	3.420520e-001	3.332000e-003	
332	6.492200e-001	3.395160e-001	3.280000e-003	
333	6.518600e-001	3.368920e-001	3.264000e-003	
334	6.544960e-001	3.344320e-001	3.088000e-003	
335	6.569520e-001	3.321200e-001	2.944000e-003	
336	6.592880e-001	3.298320e-001	2.896000e-003	
337	6.615240e-001	3.275800e-001	2.912000e-003	
338	6.637440e-001	3.251800e-001	3.092000e-003	
339	6.661440e-001	3.227840e-001	3.088000e-003	
340	6.686000e-001	3.202960e-001	3.120000e-003	
341	6.710320e-001	3.180200e-001	2.964000e-003	
342	6.733440e-001	3.156400e-001	3.032000e-003	
343	6.756800e-001	3.132480e-001	3.088000e-003	
344	6.781840e-001	3.108320e-001	3.000000e-003	
345	6.805560e-001	3.082960e-001	3.164000e-003	
346	6.829560e-001	3.058200e-001	3.240000e-003	
347	6.854880e-001	3.034760e-001	3.052000e-003	
348	6.879400e-001	3.009880e-001	3.088000e-003	
349	6.903320e-001	2.987920e-001	2.892000e-003	
350	6.925640e-001	2.964280e-001	3.024000e-003	
351	6.948400e-001	2.942120e-001	2.964000e-003	
352	6.970760e-001	2.920800e-001	2.860000e-003	
353	6.992800e-001	2.898520e-001	2.884000e-003	
354	7.015400e-001	2.875920e-001	2.884000e-003	
355	7.037840e-001	2.853480e-001	2.884000e-003	
356	7.059200e-001	2.831560e-001	2.940000e-003	
357	7.081640e-001	2.808600e-001	2.992000e-003	
358	7.103640e-001	2.784320e-001	3.220000e-003	
359	7.129120e-001	2.758080e-001	3.296000e-003	
360	7.155160e-001	2.732440e-001	3.256000e-003	
361	7.180480e-001	2.706680e-001	3.300000e-003	
362	7.205120e-001	2.683520e-001	3.152000e-003	
363	7.229120e-001	2.658720e-001	3.232000e-003	
364	7.254360e-001	2.631840e-001	3.396000e-003	
365	7.280240e-001	2.607520e-001	3.240000e-003	
366	7.306120e-001	2.579480e-001	3.456000e-003	
367	7.332360e-001	2.552560e-001	3.524000e-003	
368	7.359800e-001	2.524960e-001	3.540000e-003	
369	7.387920e-001	2.496760e-001	3.548000e-003	
370	7.416240e-001	2.471000e-001	3.292000e-003	
371	7.442280e-001	2.445080e-001	3.280000e-003	
372	7.468320e-001	2.420400e-001	3.144000e-003	
373	7.492200e-001	2.395840e-001	3.212000e-003	
374	7.516880e-001	2.371360e-001	3.192000e-003	
375	7.541120e-001	2.346640e-001	3.240000e-003	
376	7.565800e-001	2.323760e-001	3.060000e-003	
377	7.588360e-001	2.302080e-001	2.972000e-003	
378	7.610840e-001	2.281040e-001	2.828000e-003	
379	7.632240e-001	2.258840e-001	2.908000e-003	
380	7.653480e-001	2.237880e-001	2.880000e-003	
381	7.674400e-001	2.216200e-001	2.956000e-003	
382	7.694840e-001	2.196400e-001	2.892000e-003	
383	7.715800e-001	2.176040e-001	2.832000e-003	
384	7.736400e-001	2.156360e-001	2.740000e-003	
385	7.756640e-001	2.135440e-001	2.808000e-003	
386	7.776360e-001	2.116680e-001	2.712000e-003	
387	7.795280e-001	2.097360e-001	2.752000e-003	
388	7.815280e-001	2.077760e-001	2.712000e-003	
389	7.834800e-001	2.059320e-001	2.604000e-003	
390	7.853080e-001	2.040280e-001	2.680000e-003	
391	7.871760e-001	2.021440e-001	2.696000e-003	
392	7.891000e-001	2.003280e-001	2.588000e-003	
393	7.907960e-001	1.987840e-001	2.436000e-003	
394	7.924600e-001	1.973240e-001	2.232000e-003	
395	7.938720e-001	1.958440e-001	2.300000e-003	
396	7.953960e-001	1.943800e-001	2.240000e-003	
397	7.968880e-001	1.930240e-001	2.104000e-003	
398	7.981680e-001	1.918720e-001	1.976000e-003	
399	7.993120e-001	1.908760e-001	1.828000e-003	
400	8.003360e-001	1.899480e-001	1.732000e-003	
401	8.012520e-001	1.891520e-001	1.612000e-003	
402	8.021440e-001	1.883080e-001	1.564000e-003	
403	8.029840e-001	1.874520e-001	1.580000e-003	
404	8.037960e-001	1.866720e-001	1.548000e-003	
405	8.045080e-001	1.859800e-001	1.528000e-003	
406	8.052120e-001	1.853040e-001	1.500000e-003	
407	8.058880e-001	1.848120e-001	1.316000e-003	
408	8.064720e-001	1.843080e-001	1.236000e-003	
409	8.068880e-001	1.837560e-001	1.372000e-003	
410	8.074240e-001	1.831800e-001	1.412000e-003	
411	8.079960e-001	1.827360e-001	1.284000e-003	
412	8.085280e-001	1.823640e-001	1.124000e-003	
413	8.087760e-001	1.821680e-001	1.072000e-003	
414	8.090520e-001	1.819160e-001	1.048000e-003	
415	8.092520e-001	1.816120e-001	1.152000e-003	
416	8.095880e-001	1.815080e-001	9.200000e-004	
417	8.097120e-001	1.813600e-001	9.440000e-004	
418	8.098640e-001	1.813200e-001	8.320000e-004	
419	8.099480e-001	1.812320e-001	8.360000e-004	
420	8.099760e-001	1.812120e-001	8.280000e-004	
421	8.099160e-001	1.812960e-001	8.040000e-004	
422	8.099160e-001	1.812800e-001	8.200000e-004	
423	8.099200e-001	1.812920e-001	8.040000e-004	
424	8.099600e-001	1.813440e-001	7.120000e-004	
425	8.098880e-001	1.813840e-001	7.440000e-004	
426	8.097760e-001	1.816000e-001	6.400000e-004	
427	8.095960e-001	1.818240e-001	5.960000e-004	
428	8.093920e-001	1.820400e-001	5.840000e-004	
429	8.092600e-001	1.821000e-001	6.560000e-004	
430	8.091400e-001	1.821480e-001	7.280000e-004	
431	8.091040e-001	1.822880e-001	6.240000e-004	
432	8.089200e-001	1.824200e-001	6.760000e-004	
433	8.088320e-001	1.825840e-001	6.000000e-004	
434	8.085880e-001	1.828240e-001	6.040000e-004	
435	8.084080e-001	1.830160e-001	5.920000e-004	
436	8.082160e-001	1.831920e-001	6.080000e-004	
437	8.080640e-001	1.833760e-001	5.760000e-004	
438	8.077960e-001	1.836440e-001	5.760000e-004	
439	8.076080e-001	1.838680e-001	5.400000e-004	
440	8.073200e-001	1.841040e-001	5.920000e-004	
441	8.071760e-001	1.842720e-001	5.680000e-004	
442	8.069680e-001	1.844840e-001	5.640000e-004	
443	8.066600e-001	1.848120e-001	5.440000e-004	
444	8.064320e-001	1.851600e-001	4.240000e-004	
445	8.060040e-001	1.856440e-001	3.680000e-004	
446	8.056360e-001	1.860360e-001	3.440000e-004	
447	8.052400e-001	1.864400e-001	3.360000e-004	
448	8.047440e-001	1.869320e-001	3.400000e-004	
449	8.042640e-001	1.874400e-001	3.120000e-004	
450	8.037800e-001	1.879600e-001	2.760000e-004	
451	8.032560e-001	1.885040e-001	2.560000e-004	
452	8.026640e-001	1.890880e-001	2.640000e-004	
453	8.022160e-001	1.895520e-001	2.480000e-004	
454	8.017040e-001	1.900240e-001	2.880000e-004	
455	8.011800e-001	1.905200e-001	3.160000e-004	
456	8.007040e-001	1.910360e-001	2.760000e-004	
457	8.001920e-001	1.915760e-001	2.480000e-004	
458	7.996520e-001	1.921160e-001	2.480000e-004	
459	7.990800e-001	1.926960e-001	2.400000e-004	
460	7.985200e-001	1.932560e-001	2.400000e-004	
461	7.979240e-001	1.939000e-001	1.920000e-004	
462	7.972960e-001	1.944840e-001	2.360000e-004	
463	7.967280e-001	1.950520e-001	2.360000e-004	
464	7.961160e-001	1.956600e-001	2.400000e-004	
465	7.956560e-001	1.961160e-001	2.440000e-004	
466	7.950880e-001	1.966440e-001	2.840000e-004	
467	7.945600e-001	1.971960e-001	2.600000e-004	
468	7.939920e-001	1.977880e-001	2.360000e-004	
469	7.934240e-001	1.984240e-001	1.680000e-004	
470	7.928520e-001	1.989960e-001	1.680000e-004	
471	7.920880e-001	1.997280e-001	2.000000e-004	
472	7.914400e-001	2.003680e-001	2.080000e-004	
473	7.909480e-001	2.008440e-001	2.240000e-004	
474	7.904040e-001	2.014120e-001	2.000000e-004	
475	7.898320e-001	2.020000e-001	1.840000e-004	
476	7.891960e-001	2.026600e-001	1.600000e-004	
477	7.885720e-001	2.032480e-001	1.960000e-004	
478	7.880720e-001	2.037080e-001	2.360000e-004	
479	7.876040e-001	2.041720e-001	2.400000e-004	
480	7.869400e-001	2.048360e-001	2.400000e-004	
481	7.864160e-001	2.053840e-001	2.160000e-004	
482	7.858280e-001	2.059640e-001	2.240000e-004	
483	7.853160e-001	2.064960e-001	2.040000e-004	
484	7.847440e-001	2.071120e-001	1.600000e-004	
485	7.841120e-001	2.077600e-001	1.440000e-004	
486	7.835800e-001	2.082840e-001	1.520000e-004	
487	7.829280e-001	2.089640e-001	1.240000e-004	
488	7.822400e-001	2.096360e-001	1.400000e-004	
489	7.815640e-001	2.103200e-001	1.320000e-004	
490	7.809080e-001	2.109600e-001	1.480000e-004	
491	7.803400e-001	2.115640e-001	1.120000e-004	
492	7.796520e-001	2.122760e-001	8.800000e-005	
493	7.788400e-001	2.131000e-001	7.600000e-005	
494	7.781240e-001	2.138280e-001	6.400000e-005	
495	7.773960e-001	2.145880e-001	3.200000e-005	
496	7.766720e-001	2.152840e-001	6.000000e-005	
497	7.759120e-001	2.160480e-001	5.600000e-005	
498	7.752680e-001	2.166720e-001	7.600000e-005	
499	7.745560e-001	2.173960e-001	6.400000e-005	
500	7.738760e-001	2.180680e-001	7.200000e-005	
501	7.731800e-001	2.187640e-001	7.200000e-005	
502	7.724000e-001	2.195360e-001	8.000000e-005	
503	7.716520e-001	2.202960e-001	6.800000e-005	
504	7.709160e-001	2.210360e-001	6.400000e-005	
505	7.701320e-001	2.218160e-001	6.800000e-005	
506	7.694040e-001	2.225280e-001	8.400000e-005	
507	7.686400e-001	2.232760e-001	1.000000e-004	
508	7.680840e-001	2.238520e-001	8.000000e-005	
509	7.673640e-001	2.245880e-001	6.400000e-005	
510	7.666560e-001	2.253080e-001	5.200000e-005	
511	7.659680e-001	2.259960e-001	5.200000e-005	
512	7.653240e-001	2.266240e-001	6.800000e-005	
513	7.646680e-001	2.272880e-001	6.000000e-005	
514	7.639560e-001	2.280080e-001	5.200000e-005	
515	7.632880e-001	2.286840e-001	4.400000e-005	
516	7.626160e-001	2.293640e-001	3.600000e-005	
517	7.618920e-001	2.301000e-001	2.400000e-005	
518	7.612560e-001	2.307480e-001	1.200000e-005	
519	7.605040e-001	2.314960e-001	1.600000e-005	
520	7.598320e-001	2.321680e-001	1.600000e-005	
521	7.591760e-001	2.328280e-001	1.200000e-005	
522	7.584360e-001	2.335600e-001	2.000000e-005	
523	7.576960e-001	2.343120e-001	8.000000e-006	
524	7.570400e-001	2.349680e-001	8.000000e-006	
525	7.563920e-001	2.356120e-001	1.200000e-005	
526	7.556200e-001	2.363720e-001	2.400000e-005	
527	7.548720e-001	2.371000e-001	4.400000e-005	
528	7.542080e-001	2.377720e-001	3.600000e-005	
529	7.535400e-001	2.384400e-001	3.600000e-005	
530	7.529160e-001	2.390840e-001	1.600000e-005	
531	7.521000e-001	2.399120e-001	4.000000e-006	
532	7.513720e-001	2.406440e-001	0	
533	7.506120e-001	2.414040e-001	0	
534	7.498360e-001	2.421800e-001	0	
535	7.490720e-001	2.429440e-001	0	
536	7.483600e-001	2.436560e-001	0	
537	7.475640e-001	2.444520e-001	0	
538	7.467840e-001	2.452280e-001	4.000000e-006	
539	7.459600e-001	2.460560e-001	0	
540	7.452160e-001	2.468000e-001	0	
541	7.444560e-001	2.475560e-001	4.000000e-006	
542	7.437360e-001	2.482800e-001	0	
543	7.429480e-001	2.490680e-001	0	
544	7.422080e-001	2.498080e-001	0	
545	7.414280e-001	2.505880e-001	0	
546	7.407200e-001	2.512960e-001	0	
547	7.400560e-001	2.519600e-001	0	
548	7.392720e-001	2.527400e-001	4.000000e-006	
549	7.385200e-001	2.534920e-001	4.000000e-006	
550	7.376960e-001	2.543160e-001	4.000000e-006	
551	7.370520e-001	2.549600e-001	4.000000e-006	
552	7.362640e-001	2.557480e-001	4.000000e-006	
553	7.355480e-001	2.564640e-001	4.000000e-006	
554	7.348200e-001	2.571920e-001	4.000000e-006	
555	7.340160e-001	2.579960e-001	4.000000e-006	
556	7.334200e-001	2.585920e-001	4.000000e-006	
557	7.327480e-001	2.592640e-001	4.000000e-006	
558	7.320360e-001	2.599800e-001	0	
559	7.313240e-001	2.606920e-001	0	
560	7.305920e-001	2.614240e-001	0	
561	7.299400e-001	2.620760e-001	0	
562	7.291560e-001	2.628600e-001	0	
563	7.284560e-001	2.635600e-001	0	
564	7.277760e-001	2.642400e-001	0	
565	7.270560e-001	2.649600e-001	0	
566	7.263120e-001	2.657040e-001	0	
567	7.255680e-001	2.664480e-001	0	
568	7.249360e-001	2.670760e-001	4.000000e-006	
569	7.242520e-001	2.677600e-001	4.000000e-006	
570	7.235680e-001	2.684400e-001	8.000000e-006	
571	7.229360e-001	2.690760e-001	4.000000e-006	
572	7.221840e-001	2.698280e-001	4.000000e-006	
573	7.214600e-001	2.705520e-001	4.000000e-006	
574	7.207320e-001	2.712800e-001	4.000000e-006	
575	7.200640e-001	2.719520e-001	0	
576	7.193600e-001	2.726560e-001	0	
577	7.186760e-001	2.733400e-001	0	
578	7.179280e-001	2.740880e-001	0	
579	7.172240e-001	2.747920e-001	0	
580	7.166080e-001	2.754080e-001	0	
581	7.159160e-001	2.761000e-001	0	
582	7.151560e-001	2.768600e-001	0	
583	7.144600e-001	2.775560e-001	0	
584	7.137320e-001	2.782840e-001	0	
585	7.130560e-001	2.789600e-001	0	
586	7.123080e-001	2.797080e-001	0	
587	7.116080e-001	2.804080e-001	0	
588	7.109400e-001	2.810760e-001	0	
589	7.102280e-001	2.817880e-001	0	
590	7.095240e-001	2.824920e-001	0	
591	7.088240e-001	2.831920e-001	0	
592	7.081000e-001	2.839160e-001	0	
593	7.074400e-001	2.845720e-001	4.000000e-006	
594	7.067920e-001	2.852200e-001	4.000000e-006	
595	7.061640e-001	2.858480e-001	4.000000e-006	
596	7.054080e-001	2.866080e-001	0	
597	7.048360e-001	2.871800e-001	0	
598	7.042440e-001	2.877720e-001	0	
599	7.035560e-001	2.884600e-001	0	
600	7.028920e-001	2.891240e-001	0	
601	7.021160e-001	2.899000e-001	0	
602	7.014000e-001	2.906120e-001	4.000000e-006	
603	7.007040e-001	2.913080e-001	4.000000e-006	
604	7.000280e-001	2.919800e-001	8.000000e-006	
605	6.993800e-001	2.926280e-001	8.000000e-006	
606	6.987200e-001	2.932800e-001	1.600000e-005	
607	6.979440e-001	2.940640e-001	8.000000e-006	
608	6.972640e-001	2.947520e-001	0	
609	6.965000e-001	2.955160e-001	0	
610	6.957400e-001	2.962760e-001	0	
611	6.950240e-001	2.969920e-001	0	
612	6.943760e-001	2.976360e-001	4.000000e-006	
613	6.936400e-001	2.983760e-001	0	
614	6.928880e-001	2.991280e-001	0	
615	6.922280e-001	2.997880e-001	0	
616	6.916040e-001	3.004120e-001	0	
617	6.908720e-001	3.011400e-001	4.000000e-006	
618	6.901400e-001	3.018640e-001	1.200000e-005	
619	6.894400e-001	3.025560e-001	2.000000e-005	
620	6.888440e-001	3.031520e-001	2.000000e-005	
621	6.882280e-001	3.037400e-001	4.800000e-005	
622	6.875880e-001	3.043960e-001	3.200000e-005	
623	6.869480e-001	3.050400e-001	2.800000e-005	
624	6.863040e-001	3.056800e-001	3.200000e-005	
625	6.856320e-001	3.063440e-001	4.000000e-005	
626	6.849600e-001	3.070080e-001	4.800000e-005	
627	6.843200e-001	3.076120e-001	8.400000e-005	
628	6.837760e-001	3.081640e-001	7.600000e-005	
629	6.831480e-001	3.088160e-001	5.200000e-005	
630	6.826200e-001	3.093600e-001	3.600000e-005	
631	6.819960e-001	3.099520e-001	6.800000e-005	
632	6.813160e-001	3.106440e-001	5.600000e-005	
633	6.807800e-001	3.111880e-001	4.800000e-005	
634	6.801040e-001	3.118720e-001	4.000000e-005	
635	6.794880e-001	3.125160e-001	1.200000e-005	
636	6.788200e-001	3.131760e-001	2.000000e-005	
637	6.781040e-001	3.138960e-001	1.600000e-005	
638	6.774480e-001	3.145400e-001	2.800000e-005	
639	6.767520e-001	3.152440e-001	2.000000e-005	
640	6.761000e-001	3.159040e-001	1.200000e-005	
641	6.754000e-001	3.166000e-001	1.600000e-005	
642	6.748000e-001	3.172000e-001	1.600000e-005	
643	6.741560e-001	3.178400e-001	2.000000e-005	
644	6.734240e-001	3.185800e-001	1.200000e-005	
645	6.727640e-001	3.192440e-001	8.000000e-006	
646	6.721040e-001	3.199040e-001	8.000000e-006	
647	6.714560e-001	3.205520e-001	8.000000e-006	
648	6.708320e-001	3.211640e-001	2.000000e-005	
649	6.702000e-001	3.218040e-001	1.200000e-005	
650	6.694640e-001	3.225360e-001	1.600000e-005	
651	6.688240e-001	3.231880e-001	4.000000e-006	
652	6.682400e-001	3.237760e-001	0	
653	6.676640e-001	3.243520e-001	0	
654	6.669440e-001	3.250720e-001	0	
655	6.662040e-001	3.258120e-001	0	
656	6.656200e-001	3.263960e-001	0	
657	6.649600e-001	3.270560e-001	0	
658	6.642520e-001	3.277640e-001	0	
659	6.635880e-001	3.284280e-001	0	
660	6.629520e-001	3.290640e-001	0	
661	6.622920e-001	3.297240e-001	0	
662	6.616640e-001	3.303520e-001	0	
663	6.609960e-001	3.310200e-001	0	
664	6.604400e-001	3.315760e-001	0	
665	6.597360e-001	3.322800e-001	0	
666	6.590120e-001	3.330040e-001	0	
667	6.583440e-001	3.336720e-001	0	
668	6.577520e-001	3.342640e-001	0	
669	6.571480e-001	3.348680e-001	0	
670	6.565040e-001	3.355120e-001	0	
671	6.558280e-001	3.361800e-001	8.000000e-006	
672	6.551680e-001	3.368440e-001	4.000000e-006	
673	6.544680e-001	3.375480e-001	0	
674	6.537640e-001	3.382520e-001	0	
675	6.530240e-001	3.389920e-001	0	
676	6.523120e-001	3.397040e-001	0	
677	6.517040e-001	3.403120e-001	0	
678	6.510240e-001	3.409920e-001	0	
679	6.503960e-001	3.416200e-001	0	
680	6.497960e-001	3.422200e-001	0	
681	6.492040e-001	3.428120e-001	0	
682	6.485480e-001	3.434680e-001	0	
683	6.478920e-001	3.441240e-001	0	
684	6.472480e-001	3.447680e-001	0	
685	6.465560e-001	3.454600e-001	0	
686	6.460240e-001	3.459920e-001	0	
687	6.453960e-001	3.466200e-001	0	
688	6.447840e-001	3.472320e-001	0	
689	6.441800e-001	3.478360e-001	0	
690	6.435200e-001	3.484920e-001	4.000000e-006	
691	6.429120e-001	3.491040e-001	0	
692	6.422920e-001	3.497240e-001	0	
693	6.417160e-001	3.502960e-001	4.000000e-006	
694	6.410760e-001	3.509320e-001	8.000000e-006	
695	6.403840e-001	3.516280e-001	4.000000e-006	
696	6.397720e-001	3.522400e-001	4.000000e-006	
697	6.391920e-001	3.528240e-001	0	
698	6.386000e-001	3.534160e-001	0	
699	6.380200e-001	3.539960e-001	0	
700	6.374440e-001	3.545720e-001	0	
701	6.367960e-001	3.552200e-001	0	
702	6.361760e-001	3.558400e-001	0	
703	6.355600e-001	3.564560e-001	0	
704	6.348560e-001	3.571600e-001	0	
705	6.341840e-001	3.578320e-001	0	
706	6.335280e-001	3.584880e-001	0	
707	6.329920e-001	3.590240e-001	0	
708	6.323560e-001	3.596600e-001	0	
709	6.317280e-001	3.602880e-001	0	
710	6.311720e-001	3.608440e-001	0	
711	6.306240e-001	3.613920e-001	0	
712	6.300400e-001	3.619720e-001	4.000000e-006	
713	6.294440e-001	3.625680e-001	4.000000e-006	
714	6.288720e-001	3.631320e-001	1.200000e-005	
715	6.282120e-001	3.637920e-001	1.200000e-005	
716	6.275880e-001	3.644040e-001	2.400000e-005	
717	6.269640e-001	3.650360e-001	1.600000e-005	
718	6.264120e-001	3.655960e-001	8.000000e-006	
719	6.257600e-001	3.662440e-001	1.200000e-005	
720	6.251640e-001	3.668440e-001	8.000000e-006	
721	6.245320e-001	3.674760e-001	8.000000e-006	
722	6.239160e-001	3.680960e-001	4.000000e-006	
723	6.233160e-001	3.686840e-001	1.600000e-005	
724	6.226680e-001	3.693320e-001	1.600000e-005	
725	6.219520e-001	3.700560e-001	8.000000e-006	
726	6.213160e-001	3.706800e-001	2.000000e-005	
727	6.207640e-001	3.712240e-001	2.800000e-005	
728	6.201560e-001	3.718440e-001	1.600000e-005	
729	6.195160e-001	3.724920e-001	8.000000e-006	
730	6.187800e-001	3.732280e-001	8.000000e-006	
731	6.181840e-001	3.738280e-001	4.000000e-006	
732	6.175840e-001	3.744280e-001	4.000000e-006	
733	6.168640e-001	3.751480e-001	4.000000e-006	
734	6.162080e-001	3.758000e-001	8.000000e-006	
735	6.156080e-001	3.764040e-001	4.000000e-006	
736	6.150360e-001	3.769800e-001	0	
737	6.143760e-001	3.776400e-001	0	
738	6.138280e-001	3.781880e-001	0	
739	6.132840e-001	3.787320e-001	0	
740	6.127240e-001	3.792920e-001	0	
741	6.120760e-001	3.799400e-001	0	
742	6.114680e-001	3.805480e-001	0	
743	6.108640e-001	3.811520e-001	0	
744	6.102320e-001	3.817800e-001	4.000000e-006	
745	6.095800e-001	3.824320e-001	4.000000e-006	
746	6.090560e-001	3.829480e-001	1.200000e-005	
747	6.084120e-001	3.836000e-001	4.000000e-006	
748	6.078680e-001	3.841440e-001	4.000000e-006	
749	6.072880e-001	3.847160e-001	1.200000e-005	
750	6.066200e-001	3.853720e-001	2.400000e-005	
751	6.060440e-001	3.859440e-001	2.800000e-005	
752	6.055320e-001	3.864440e-001	4.000000e-005	
753	6.049920e-001	3.869880e-001	3.600000e-005	
754	6.043520e-001	3.876280e-001	3.600000e-005	
755	6.038360e-001	3.881480e-001	3.200000e-005	
756	6.032720e-001	3.887240e-001	2.000000e-005	
757	6.027000e-001	3.893120e-001	4.000000e-006	
758	6.021120e-001	3.899000e-001	4.000000e-006	
759	6.015640e-001	3.904400e-001	1.200000e-005	
760	6.009080e-001	3.910840e-001	2.400000e-005	
761	6.002520e-001	3.917360e-001	2.800000e-005	
762	5.996480e-001	3.923480e-001	2.000000e-005	
763	5.990040e-001	3.929880e-001	2.400000e-005	
764	5.984360e-001	3.935680e-001	1.200000e-005	
765	5.978160e-001	3.941880e-001	1.200000e-005	
766	5.973000e-001	3.947080e-001	8.000000e-006	
767	5.966840e-001	3.953240e-001	8.000000e-006	
768	5.961000e-001	3.959040e-001	1.200000e-005	
769	5.955240e-001	3.964760e-001	1.600000e-005	
770	5.949440e-001	3.970600e-001	1.200000e-005	
771	5.943920e-001	3.976040e-001	2.000000e-005	
772	5.937640e-001	3.982440e-001	8.000000e-006	
773	5.932040e-001	3.988040e-001	8.000000e-006	
774	5.926120e-001	3.993960e-001	8.000000e-006	
775	5.920120e-001	4.000000e-001	4.000000e-006	
776	5.914880e-001	4.005240e-001	4.000000e-006	
777	5.908640e-001	4.011440e-001	8.000000e-006	
778	5.903480e-001	4.016680e-001	0	
779	5.897560e-001	4.022600e-001	0	
780	5.890840e-001	4.029320e-001	0	
781	5.885320e-001	4.034840e-001	0	
782	5.879320e-001	4.040840e-001	0	
783	5.873720e-001	4.046440e-001	0	
784	5.867960e-001	4.052200e-001	0	
785	5.861320e-001	4.058840e-001	0	
786	5.855440e-001	4.064720e-001	0	
787	5.850240e-001	4.069920e-001	0	
788	5.843880e-001	4.076240e-001	4.000000e-006	
789	5.838320e-001	4.081760e-001	8.000000e-006	
790	5.832400e-001	4.087720e-001	4.000000e-006	
791	5.826040e-001	4.094120e-001	0	
792	5.819400e-001	4.100760e-001	0	
793	5.813800e-001	4.106360e-001	0	
794	5.808320e-001	4.111840e-001	0	
795	5.803520e-001	4.116640e-001	0	
796	5.797600e-001	4.122560e-001	0	
797	5.792600e-001	4.127560e-001	0	
798	5.786520e-001	4.133640e-001	0	
799	5.781160e-001	4.139000e-001	0	
800	5.775640e-001	4.144520e-001	0	
801	5.769960e-001	4.150200e-001	0	
802	5.764600e-001	4.155560e-001	0	
803	5.758720e-001	4.161400e-001	4.000000e-006	
804	5.753320e-001	4.166720e-001	1.200000e-005	
805	5.749080e-001	4.171000e-001	8.000000e-006	
806	5.743440e-001	4.176640e-001	8.000000e-006	
807	5.737640e-001	4.182480e-001	4.000000e-006	
808	5.732240e-001	4.187920e-001	0	
809	5.726640e-001	4.193480e-001	4.000000e-006	
810	5.721720e-001	4.198360e-001	8.000000e-006	
811	5.716440e-001	4.203680e-001	4.000000e-006	
812	5.710960e-001	4.209200e-001	0	
813	5.705000e-001	4.215160e-001	0	
814	5.700000e-001	4.220160e-001	0	
815	5.694640e-001	4.225520e-001	0	
816	5.689400e-001	4.230760e-001	0	
817	5.683800e-001	4.236360e-001	0	
818	5.678040e-001	4.242120e-001	0	
819	5.672000e-001	4.248120e-001	4.000000e-006	
820	5.666520e-001	4.253560e-001	8.000000e-006	
821	5.660240e-001	4.259840e-001	8.000000e-006	
822	5.655480e-001	4.264600e-001	8.000000e-006	
823	5.650240e-001	4.269760e-001	1.600000e-005	
824	5.644520e-001	4.275480e-001	1.600000e-005	
825	5.639560e-001	4.280400e-001	2.000000e-005	
826	5.634040e-001	4.286000e-001	1.200000e-005	
827	5.628120e-001	4.291880e-001	1.600000e-005	
828	5.622360e-001	4.297640e-001	1.600000e-005	
829	5.616680e-001	4.303400e-001	8.000000e-006	
830	5.611440e-001	4.308720e-001	0	
831	5.605800e-001	4.314360e-001	0	
832	5.600160e-001	4.320000e-001	0	
833	5.594640e-001	4.325520e-001	0	
834	5.589560e-001	4.330600e-001	0	
835	5.583920e-001	4.336240e-001	0	
836	5.578280e-001	4.341880e-001	0	
837	5.571240e-001	4.348920e-001	0	
838	5.566240e-001	4.353920e-001	0	
839	5.560400e-001	4.359760e-001	0	
840	5.554400e-001	4.365760e-001	0	
841	5.548680e-001	4.371440e-001	4.000000e-006	
842	5.543640e-001	4.376440e-001	8.000000e-006	
843	5.538120e-001	4.381960e-001	8.000000e-006	
844	5.532200e-001	4.387920e-001	4.000000e-006	
845	5.526840e-001	4.393240e-001	8.000000e-006	
846	5.521200e-001	4.398880e-001	8.000000e-006	
847	5.515280e-001	4.404880e-001	0	
848	5.509240e-001	4.410920e-001	0	
849	5.504400e-001	4.415760e-001	0	
850	5.498640e-001	4.421520e-001	0	
851	5.493720e-001	4.426440e-001	0	
852	5.488280e-001	4.431880e-001	0	
853	5.483160e-001	4.437000e-001	0	
854	5.477960e-001	4.442200e-001	0	
855	5.471480e-001	4.448680e-001	0	
856	5.465760e-001	4.454400e-001	0	
857	5.460200e-001	4.459960e-001	0	
858	5.454520e-001	4.465640e-001	0	
859	5.448600e-001	4.471560e-001	0	
860	5.442480e-001	4.477640e-001	4.000000e-006	
861	5.437080e-001	4.483000e-001	8.000000e-006	
862	5.432120e-001	4.488000e-001	4.000000e-006	
863	5.426800e-001	4.493320e-001	4.000000e-006	
864	5.421640e-001	4.498480e-001	4.000000e-006	
865	5.416280e-001	4.503840e-001	4.000000e-006	
866	5.412000e-001	4.508000e-001	1.600000e-005	
867	5.406520e-001	4.513600e-001	4.000000e-006	
868	5.400920e-001	4.519120e-001	1.200000e-005	
869	5.395280e-001	4.524720e-001	1.600000e-005	
870	5.389360e-001	4.530720e-001	8.000000e-006	
871	5.383600e-001	4.536360e-001	2.000000e-005	
872	5.378400e-001	4.541600e-001	1.600000e-005	
873	5.373880e-001	4.545960e-001	3.200000e-005	
874	5.369360e-001	4.550520e-001	2.800000e-005	
875	5.363680e-001	4.556080e-001	4.000000e-005	
876	5.358120e-001	4.561640e-001	4.000000e-005	
877	5.352560e-001	4.566960e-001	6.400000e-005	
878	5.347840e-001	4.571600e-001	7.200000e-005	
879	5.343120e-001	4.576120e-001	9.200000e-005	
880	5.338440e-001	4.580800e-001	9.200000e-005	
881	5.333600e-001	4.585720e-001	8.400000e-005	
882	5.328880e-001	4.590720e-001	5.600000e-005	
883	5.324160e-001	4.595320e-001	6.800000e-005	
884	5.319200e-001	4.600200e-001	7.600000e-005	
885	5.313760e-001	4.605760e-001	6.400000e-005	
886	5.309520e-001	4.609960e-001	6.800000e-005	
887	5.304960e-001	4.614520e-001	6.800000e-005	
888	5.300840e-001	4.618400e-001	9.200000e-005	
889	5.296760e-001	4.622320e-001	1.080000e-004	
890	5.292080e-001	4.627160e-001	9.200000e-005	
891	5.287640e-001	4.631680e-001	8.400000e-005	
892	5.283280e-001	4.636200e-001	6.800000e-005	
893	5.278160e-001	4.640920e-001	1.080000e-004	
894	5.273640e-001	4.645400e-001	1.120000e-004	
895	5.269000e-001	4.650040e-001	1.120000e-004	
896	5.265120e-001	4.653960e-001	1.080000e-004	
897	5.260320e-001	4.658800e-001	1.040000e-004	
898	5.255920e-001	4.662920e-001	1.320000e-004	
899	5.252000e-001	4.667000e-001	1.160000e-004	
900	5.248400e-001	4.670760e-001	1.000000e-004	
901	5.244320e-001	4.674960e-001	8.800000e-005	
902	5.240320e-001	4.679120e-001	7.200000e-005	
903	5.235240e-001	4.684240e-001	6.800000e-005	
904	5.230920e-001	4.688720e-001	5.200000e-005	
905	5.225880e-001	4.693600e-001	6.800000e-005	
906	5.221440e-001	4.697960e-001	7.600000e-005	
907	5.216840e-001	4.702760e-001	5.600000e-005	
908	5.211760e-001	4.707840e-001	5.600000e-005	
909	5.207240e-001	4.712280e-001	6.400000e-005	
910	5.203320e-001	4.716120e-001	7.200000e-005	
911	5.199360e-001	4.720040e-001	7.600000e-005	
912	5.194520e-001	4.725080e-001	5.600000e-005	
913	5.190200e-001	4.729400e-001	5.600000e-005	
914	5.185400e-001	4.734120e-001	6.400000e-005	
915	5.181120e-001	4.738560e-001	4.800000e-005	
916	5.176120e-001	4.743640e-001	4.000000e-005	
917	5.171760e-001	4.747960e-001	4.400000e-005	
918	5.167840e-001	4.751920e-001	4.000000e-005	
919	5.163600e-001	4.756400e-001	1.600000e-005	
920	5.158480e-001	4.761520e-001	1.600000e-005	
921	5.152880e-001	4.767080e-001	2.000000e-005	
922	5.148360e-001	4.771720e-001	8.000000e-006	
923	5.143440e-001	4.776600e-001	1.200000e-005	
924	5.138520e-001	4.781480e-001	1.600000e-005	
925	5.134200e-001	4.785680e-001	2.800000e-005	
926	5.130000e-001	4.789840e-001	3.200000e-005	
927	5.125800e-001	4.793640e-001	7.200000e-005	
928	5.120880e-001	4.798680e-001	6.000000e-005	
929	5.116040e-001	4.803480e-001	6.400000e-005	
930	5.112120e-001	4.807520e-001	5.200000e-005	
931	5.107360e-001	4.812480e-001	3.200000e-005	
932	5.103040e-001	4.816720e-001	4.000000e-005	
933	5.098240e-001	4.821520e-001	4.000000e-005	
934	5.093760e-001	4.825800e-001	6.000000e-005	
935	5.089480e-001	4.829880e-001	8.000000e-005	
936	5.085040e-001	4.834160e-001	9.600000e-005	
937	5.080920e-001	4.838480e-001	7.600000e-005	
938	5.076760e-001	4.842800e-001	6.000000e-005	
939	5.071840e-001	4.847560e-001	7.600000e-005	
940	5.067080e-001	4.852320e-001	7.600000e-005	
941	5.062240e-001	4.857080e-001	8.400000e-005	
942	5.058280e-001	4.860880e-001	1.000000e-004	
943	5.054520e-001	4.864720e-001	9.200000e-005	
944	5.050400e-001	4.868880e-001	8.800000e-005	
945	5.046280e-001	4.873040e-001	8.400000e-005	
946	5.041920e-001	4.877360e-001	8.800000e-005	
947	5.037960e-001	4.881440e-001	7.600000e-005	
948	5.033800e-001	4.885480e-001	8.800000e-005	
949	5.030600e-001	4.888720e-001	8.400000e-005	
950	5.026200e-001	4.893200e-001	7.600000e-005	
951	5.022160e-001	4.897280e-001	7.200000e-005	
952	5.018040e-001	4.901520e-001	6.000000e-005	
953	5.013480e-001	4.906240e-001	4.400000e-005	
954	5.009360e-001	4.910360e-001	4.400000e-005	
955	5.004520e-001	4.915320e-001	3.200000e-005	
956	4.998960e-001	4.920880e-001	3.200000e-005	
957	4.994120e-001	4.925760e-001	2.800000e-005	
958	4.990480e-001	4.929320e-001	3.600000e-005	
959	4.986640e-001	4.933080e-001	4.400000e-005	
960	4.981840e-001	4.937760e-001	5.600000e-005	
961	4.977160e-001	4.942560e-001	4.400000e-005	
962	4.971840e-001	4.947800e-001	5.200000e-005	
963	4.966720e-001	4.952920e-001	5.200000e-005	
964	4.962120e-001	4.957760e-001	2.800000e-005	
965	4.956480e-001	4.963520e-001	1.600000e-005	
966	4.952120e-001	4.967600e-001	4.400000e-005	
967	4.947680e-001	4.971920e-001	5.600000e-005	
968	4.943400e-001	4.976240e-001	5.200000e-005	
969	4.938120e-001	4.981320e-001	7.200000e-005	
970	4.933440e-001	4.986040e-001	6.800000e-005	
971	4.928960e-001	4.990760e-001	4.400000e-005	
972	4.925000e-001	4.994880e-001	2.800000e-005	
973	4.920400e-001	4.999520e-001	2.400000e-005	
974	4.915840e-001	5.004080e-001	2.400000e-005	
975	4.911000e-001	5.008960e-001	2.000000e-005	
976	4.906560e-001	5.013360e-001	2.400000e-005	
977	4.902160e-001	5.017720e-001	2.800000e-005	
978	4.897760e-001	5.022040e-001	3.600000e-005	
979	4.893120e-001	5.026680e-001	3.600000e-005	
980	4.888560e-001	5.031360e-001	2.400000e-005	
981	4.884280e-001	5.035680e-001	2.000000e-005	
982	4.879800e-001	5.040080e-001	2.800000e-005	
983	4.874920e-001	5.045040e-001	2.000000e-005	
984	4.869320e-001	5.050760e-001	8.000000e-006	
985	4.864240e-001	5.055840e-001	8.000000e-006	
986	4.859840e-001	5.060240e-001	8.000000e-006	
987	4.855760e-001	5.064320e-001	8.000000e-006	
988	4.851160e-001	5.068920e-001	8.000000e-006	
989	4.846280e-001	5.073840e-001	4.000000e-006	
990	4.842120e-001	5.078000e-001	4.000000e-006	
991	4.838000e-001	5.082080e-001	8.000000e-006	
992	4.832400e-001	5.087600e-001	1.600000e-005	
993	4.827080e-001	5.092800e-001	2.800000e-005	
994	4.822240e-001	5.097560e-001	3.600000e-005	
995	4.817400e-001	5.102400e-001	3.600000e-005	
996	4.812800e-001	5.107080e-001	2.800000e-005	
997	4.808800e-001	5.110720e-001	6.400000e-005	
998	4.805120e-001	5.114320e-001	7.200000e-005	
999	4.800920e-001	5.118200e-001	1.040000e-004	
1000	4.797120e-001	5.122240e-001	8.000000e-005	
1001	4.793040e-001	5.126240e-001	8.800000e-005	
1002	4.789400e-001	5.129680e-001	1.080000e-004	
1003	4.786040e-001	5.133080e-001	1.040000e-004	
1004	4.782320e-001	5.136520e-001	1.320000e-004	
1005	4.778760e-001	5.140160e-001	1.240000e-004	
1006	4.775200e-001	5.143800e-001	1.160000e-004	
1007	4.772080e-001	5.146920e-001	1.160000e-004	
1008	4.767880e-001	5.150800e-001	1.480000e-004	
1009	4.765080e-001	5.154040e-001	1.040000e-004	
1010	4.761120e-001	5.157920e-001	1.120000e-004	
1011	4.757240e-001	5.161840e-001	1.080000e-004	
1012	4.753800e-001	5.165400e-001	9.600000e-005	
1013	4.749760e-001	5.169520e-001	8.800000e-005	
1014	4.745640e-001	5.173600e-001	9.200000e-005	
1015	4.742000e-001	5.177000e-001	1.160000e-004	
1016	4.738080e-001	5.181000e-001	1.080000e-004	
1017	4.734840e-001	5.183720e-001	1.600000e-004	
1018	4.731560e-001	5.187080e-001	1.520000e-004	
1019	4.728600e-001	5.190040e-001	1.520000e-004	
1020	4.725240e-001	5.193320e-001	1.600000e-004	
1021	4.722640e-001	5.195760e-001	1.760000e-004	
1022	4.719160e-001	5.199440e-001	1.560000e-004	
1023	4.716120e-001	5.202640e-001	1.400000e-004	
1024	4.712680e-001	5.205880e-001	1.600000e-004	
1025	4.709920e-001	5.208600e-001	1.640000e-004	
1026	4.706040e-001	5.212280e-001	1.840000e-004	
1027	4.703760e-001	5.214480e-001	1.920000e-004	
1028	4.701480e-001	5.216600e-001	2.080000e-004	
1029	4.699240e-001	5.219000e-001	1.920000e-004	
1030	4.696280e-001	5.221800e-001	2.080000e-004	
1031	4.693800e-001	5.223800e-001	2.560000e-004	
1032	4.691440e-001	5.226360e-001	2.360000e-004	
1033	4.689240e-001	5.228200e-001	2.720000e-004	
1034	4.687120e-001	5.230040e-001	3.000000e-004	
1035	4.685480e-001	5.231720e-001	2.960000e-004	
1036	4.682840e-001	5.233840e-001	3.480000e-004	
1037	4.681600e-001	5.235120e-001	3.440000e-004	
1038	4.680920e-001	5.236040e-001	3.200000e-004	
1039	4.679920e-001	5.236960e-001	3.280000e-004	
1040	4.679040e-001	5.237680e-001	3.440000e-004	
1041	4.678040e-001	5.238840e-001	3.280000e-004	
1042	4.676600e-001	5.240280e-001	3.280000e-004	
1043	4.674880e-001	5.242720e-001	2.560000e-004	
1044	4.672920e-001	5.245240e-001	2.000000e-004	
1045	4.670200e-001	5.247800e-001	2.160000e-004	
1046	4.668200e-001	5.250240e-001	1.720000e-004	
1047	4.665000e-001	5.253360e-001	1.800000e-004	
1048	4.662160e-001	5.256120e-001	1.880000e-004	
1049	4.659600e-001	5.258080e-001	2.480000e-004	
1050	4.656800e-001	5.260880e-001	2.480000e-004	
1051	4.654560e-001	5.262840e-001	2.760000e-004	
1052	4.652800e-001	5.264880e-001	2.480000e-004	
1053	4.650160e-001	5.267800e-001	2.200000e-004	
1054	4.647360e-001	5.270800e-001	2.000000e-004	
1055	4.644800e-001	5.273440e-001	1.920000e-004	
1056	4.642160e-001	5.275720e-001	2.280000e-004	
1057	4.639800e-001	5.277760e-001	2.600000e-004	
1058	4.637920e-001	5.279440e-001	2.800000e-004	
1059	4.636240e-001	5.281120e-001	2.800000e-004	
1060	4.634000e-001	5.283480e-001	2.680000e-004	
1061	4.631000e-001	5.285880e-001	3.280000e-004	
1062	4.629160e-001	5.287600e-001	3.400000e-004	
1063	4.627480e-001	5.288640e-001	4.040000e-004	
1064	4.625880e-001	5.290200e-001	4.080000e-004	
1065	4.625280e-001	5.291000e-001	3.880000e-004	
1066	4.624320e-001	5.292160e-001	3.680000e-004	
1067	4.623640e-001	5.292760e-001	3.760000e-004	
1068	4.623320e-001	5.293080e-001	3.760000e-004	
1069	4.622480e-001	5.294240e-001	3.440000e-004	
1070	4.622200e-001	5.294920e-001	3.040000e-004	
1071	4.620000e-001	5.296760e-001	3.400000e-004	
1072	4.618480e-001	5.298000e-001	3.680000e-004	
1073	4.617600e-001	5.298720e-001	3.840000e-004	
1074	4.617120e-001	5.298760e-001	4.280000e-004	
1075	4.616720e-001	5.298400e-001	5.040000e-004	
1076	4.617160e-001	5.299000e-001	4.000000e-004	
1077	4.616720e-001	5.299440e-001	4.000000e-004	
1078	4.616280e-001	5.300560e-001	3.320000e-004	
1079	4.614920e-001	5.301800e-001	3.440000e-004	
1080	4.614040e-001	5.302320e-001	3.800000e-004	
1081	4.613480e-001	5.302560e-001	4.120000e-004	
1082	4.613320e-001	5.302680e-001	4.160000e-004	
1083	4.612880e-001	5.303160e-001	4.120000e-004	
1084	4.612040e-001	5.303880e-001	4.240000e-004	
1085	4.611840e-001	5.304080e-001	4.240000e-004	
1086	4.611080e-001	5.304760e-001	4.320000e-004	
1087	4.610320e-001	5.305320e-001	4.520000e-004	
1088	4.610480e-001	5.305000e-001	4.680000e-004	
1089	4.609680e-001	5.305440e-001	5.040000e-004	
1090	4.610680e-001	5.304600e-001	4.880000e-004	
1091	4.611280e-001	5.303320e-001	5.560000e-004	
1092	4.612560e-001	5.302000e-001	5.600000e-004	
1093	4.614080e-001	5.300080e-001	6.000000e-004	
1094	4.615120e-001	5.298560e-001	6.480000e-004	
1095	4.616440e-001	5.297080e-001	6.640000e-004	
1096	4.618200e-001	5.295120e-001	6.840000e-004	
1097	4.619320e-001	5.293520e-001	7.320000e-004	
1098	4.622160e-001	5.290560e-001	7.440000e-004	
1099	4.625440e-001	5.286120e-001	8.600000e-004	
1100	4.629120e-001	5.282000e-001	9.040000e-004	
1101	4.633600e-001	5.278280e-001	8.280000e-004	
1102	4.636840e-001	5.274680e-001	8.640000e-004	
1103	4.640320e-001	5.271360e-001	8.480000e-004	
1104	4.644000e-001	5.267400e-001	8.760000e-004	
1105	4.648280e-001	5.262400e-001	9.480000e-004	
1106	4.652720e-001	5.256880e-001	1.056000e-003	
1107	4.658200e-001	5.251760e-001	1.020000e-003	
1108	4.663880e-001	5.245000e-001	1.128000e-003	
1109	4.670640e-001	5.238480e-001	1.104000e-003	
1110	4.676280e-001	5.232160e-001	1.172000e-003	
1111	4.683560e-001	5.224640e-001	1.196000e-003	
1112	4.691520e-001	5.218840e-001	9.800000e-004	
1113	4.697000e-001	5.212680e-001	1.048000e-003	
1114	4.703120e-001	5.207360e-001	9.680000e-004	
1115	4.708520e-001	5.201880e-001	9.760000e-004	
1116	4.713520e-001	5.196440e-001	1.020000e-003	
1117	4.719360e-001	5.191800e-001	9.000000e-004	
1118	4.723520e-001	5.187840e-001	8.800000e-004	
1119	4.727640e-001	5.183200e-001	9.320000e-004	
1120	4.732240e-001	5.179680e-001	8.240000e-004	
1121	4.735560e-001	5.176160e-001	8.440000e-004	
1122	4.739240e-001	5.171640e-001	9.280000e-004	
1123	4.744120e-001	5.165440e-001	1.060000e-003	
1124	4.750880e-001	5.158600e-001	1.068000e-003	
1125	4.756400e-001	5.152680e-001	1.108000e-003	
1126	4.762520e-001	5.146880e-001	1.076000e-003	
1127	4.768800e-001	5.140120e-001	1.124000e-003	
1128	4.775320e-001	5.133600e-001	1.124000e-003	
1129	4.781680e-001	5.127400e-001	1.108000e-003	
1130	4.788280e-001	5.119880e-001	1.200000e-003	
1131	4.795080e-001	5.113160e-001	1.192000e-003	
1132	4.803080e-001	5.105600e-001	1.148000e-003	
1133	4.808560e-001	5.099720e-001	1.188000e-003	
1134	4.815280e-001	5.091800e-001	1.308000e-003	
1135	4.823080e-001	5.084600e-001	1.248000e-003	
1136	4.831240e-001	5.076280e-001	1.264000e-003	
1137	4.839600e-001	5.067880e-001	1.268000e-003	
1138	4.847440e-001	5.061120e-001	1.160000e-003	
1139	4.854440e-001	5.053240e-001	1.248000e-003	
1140	4.861640e-001	5.045480e-001	1.304000e-003	
1141	4.869680e-001	5.037840e-001	1.264000e-003	
1142	4.877280e-001	5.028840e-001	1.404000e-003	
1143	4.886240e-001	5.019760e-001	1.416000e-003	
1144	4.895480e-001	5.011120e-001	1.356000e-003	
1145	4.904040e-001	5.003000e-001	1.312000e-003	
1146	4.912880e-001	4.993840e-001	1.344000e-003	
1147	4.921120e-001	4.985640e-001	1.340000e-003	
1148	4.930280e-001	4.976720e-001	1.316000e-003	
1149	4.938560e-001	4.968920e-001	1.268000e-003	
1150	4.945920e-001	4.959480e-001	1.476000e-003	
1151	4.955000e-001	4.950400e-001	1.476000e-003	
1152	4.964520e-001	4.940160e-001	1.548000e-003	
1153	4.975200e-001	4.929400e-001	1.556000e-003	
1154	4.985080e-001	4.917160e-001	1.792000e-003	
1155	4.997280e-001	4.904520e-001	1.836000e-003	
1156	5.010000e-001	4.891240e-001	1.892000e-003	
1157	5.023600e-001	4.876800e-001	1.976000e-003	
1158	5.038400e-001	4.861600e-001	2.016000e-003	
1159	5.053160e-001	4.846160e-001	2.084000e-003	
1160	5.068840e-001	4.830000e-001	2.132000e-003	
1161	5.085000e-001	4.814800e-001	2.036000e-003	
1162	5.100120e-001	4.800240e-001	1.980000e-003	
1163	5.115080e-001	4.784640e-001	2.044000e-003	
1164	5.130560e-001	4.769400e-001	2.020000e-003	
1165	5.145840e-001	4.753000e-001	2.132000e-003	
1166	5.162240e-001	4.737120e-001	2.080000e-003	
1167	5.178440e-001	4.719680e-001	2.204000e-003	
1168	5.195120e-001	4.702480e-001	2.256000e-003	
1169	5.212400e-001	4.684440e-001	2.332000e-003	
1170	5.230680e-001	4.667240e-001	2.224000e-003	
1171	5.247600e-001	4.650480e-001	2.208000e-003	
1172	5.264720e-001	4.632640e-001	2.280000e-003	
1173	5.282720e-001	4.615480e-001	2.196000e-003	
1174	5.299880e-001	4.597520e-001	2.276000e-003	
1175	5.317600e-001	4.578320e-001	2.424000e-003	
1176	5.336000e-001	4.560520e-001	2.364000e-003	
1177	5.353840e-001	4.542360e-001	2.396000e-003	
1178	5.372760e-001	4.521960e-001	2.544000e-003	
1179	5.392480e-001	4.502280e-001	2.540000e-003	
1180	5.412160e-001	4.481120e-001	2.688000e-003	
1181	5.434160e-001	4.460200e-001	2.580000e-003	
1182	5.455520e-001	4.439280e-001	2.536000e-003	
1183	5.476320e-001	4.419080e-001	2.476000e-003	
1184	5.494920e-001	4.401440e-001	2.380000e-003	
1185	5.512880e-001	4.382680e-001	2.460000e-003	
1186	5.531680e-001	4.362680e-001	2.580000e-003	
1187	5.551440e-001	4.343160e-001	2.556000e-003	
1188	5.571520e-001	4.323800e-001	2.484000e-003	
1189	5.591320e-001	4.304800e-001	2.404000e-003	
1190	5.610200e-001	4.284640e-001	2.532000e-003	
1191	5.628760e-001	4.266240e-001	2.516000e-003	
1192	5.648600e-001	4.244000e-001	2.756000e-003	
1193	5.670280e-001	4.223160e-001	2.672000e-003	
1194	5.691840e-001	4.201600e-001	2.672000e-003	
1195	5.712120e-001	4.181200e-001	2.684000e-003	
1196	5.733520e-001	4.161680e-001	2.496000e-003	
1197	5.752880e-001	4.142560e-001	2.472000e-003	
1198	5.772080e-001	4.123080e-001	2.500000e-003	
1199	5.790680e-001	4.104960e-001	2.452000e-003	
1200	5.809240e-001	4.086520e-001	2.440000e-003	
1201	5.827840e-001	4.067520e-001	2.480000e-003	
1202	5.846720e-001	4.048360e-001	2.508000e-003	
1203	5.866360e-001	4.030560e-001	2.324000e-003	
1204	5.883800e-001	4.011960e-001	2.440000e-003	
1205	5.901920e-001	3.994920e-001	2.332000e-003	
1206	5.919640e-001	3.977280e-001	2.324000e-003	
1207	5.936600e-001	3.962200e-001	2.136000e-003	
1208	5.951920e-001	3.945400e-001	2.284000e-003	
1209	5.969000e-001	3.927960e-001	2.320000e-003	
1210	5.986520e-001	3.910080e-001	2.356000e-003	
1211	6.004160e-001	3.893440e-001	2.256000e-003	
1212	6.020760e-001	3.876960e-001	2.244000e-003	
1213	6.038440e-001	3.859200e-001	2.252000e-003	
1214	6.054600e-001	3.843360e-001	2.220000e-003	
1215	6.071480e-001	3.827240e-001	2.144000e-003	
1216	6.087120e-001	3.811800e-001	2.124000e-003	
1217	6.103480e-001	3.797000e-001	1.968000e-003	
1218	6.117440e-001	3.782520e-001	2.020000e-003	
1219	6.131520e-001	3.769520e-001	1.912000e-003	
1220	6.144720e-001	3.757200e-001	1.824000e-003	
1221	6.156320e-001	3.746360e-001	1.748000e-003	
1222	6.167840e-001	3.735600e-001	1.672000e-003	
1223	6.177640e-001	3.726320e-001	1.620000e-003	
1224	6.187240e-001	3.716480e-001	1.644000e-003	
1225	6.197800e-001	3.705760e-001	1.660000e-003	
1226	6.207480e-001	3.695400e-001	1.728000e-003	
1227	6.219040e-001	3.683400e-001	1.772000e-003	
1228	6.230760e-001	3.670480e-001	1.892000e-003	
1229	6.243240e-001	3.659600e-001	1.732000e-003	
1230	6.255040e-001	3.649080e-001	1.604000e-003	
1231	6.264840e-001	3.639880e-001	1.544000e-003	
1232	6.273600e-001	3.629840e-001	1.672000e-003	
1233	6.284000e-001	3.620320e-001	1.584000e-003	
1234	6.293400e-001	3.610800e-001	1.596000e-003	
1235	6.302760e-001	3.601560e-001	1.584000e-003	
1236	6.312320e-001	3.591120e-001	1.672000e-003	
1237	6.323200e-001	3.580720e-001	1.624000e-003	
1238	6.333320e-001	3.571320e-001	1.552000e-003	
1239	6.342040e-001	3.561000e-001	1.712000e-003	
1240	6.351640e-001	3.550320e-001	1.820000e-003	
1241	6.363680e-001	3.539280e-001	1.720000e-003	
1242	6.374600e-001	3.528960e-001	1.660000e-003	
1243	6.384600e-001	3.517200e-001	1.836000e-003	
1244	6.396920e-001	3.504560e-001	1.868000e-003	
1245	6.409200e-001	3.493520e-001	1.744000e-003	
1246	6.420800e-001	3.482920e-001	1.644000e-003	
1247	6.430320e-001	3.473440e-001	1.640000e-003	
1248	6.439080e-001	3.465360e-001	1.572000e-003	
1249	6.448120e-001	3.455680e-001	1.636000e-003	
1250	6.458800e-001	3.444760e-001	1.660000e-003	
1251	6.468120e-001	3.436880e-001	1.516000e-003	
1252	6.476040e-001	3.428760e-001	1.536000e-003	
1253	6.484680e-001	3.420480e-001	1.500000e-003	
1254	6.492200e-001	3.412640e-001	1.532000e-003	
1255	6.500480e-001	3.405040e-001	1.464000e-003	
1256	6.508000e-001	3.397640e-001	1.452000e-003	
1257	6.515720e-001	3.389480e-001	1.496000e-003	
1258	6.523960e-001	3.380000e-001	1.620000e-003	
1259	6.533720e-001	3.369680e-001	1.676000e-003	
1260	6.543960e-001	3.358360e-001	1.784000e-003	
1261	6.554960e-001	3.347280e-001	1.792000e-003	
1262	6.566200e-001	3.335120e-001	1.884000e-003	
1263	6.577840e-001	3.323240e-001	1.908000e-003	
1264	6.591040e-001	3.311160e-001	1.796000e-003	
1265	6.601960e-001	3.299280e-001	1.892000e-003	
1266	6.614040e-001	3.287240e-001	1.888000e-003	
1267	6.626360e-001	3.273560e-001	2.024000e-003	
1268	6.639880e-001	3.261400e-001	1.888000e-003	
1269	6.652160e-001	3.248600e-001	1.940000e-003	
1270	6.664600e-001	3.238600e-001	1.696000e-003	
1271	6.675160e-001	3.227120e-001	1.788000e-003	
1272	6.686040e-001	3.216760e-001	1.736000e-003	
1273	6.696640e-001	3.205520e-001	1.800000e-003	
1274	6.708240e-001	3.194920e-001	1.700000e-003	
1275	6.719000e-001	3.185360e-001	1.580000e-003	
1276	6.728240e-001	3.175800e-001	1.612000e-003	
1277	6.737440e-001	3.165720e-001	1.700000e-003	
1278	6.747720e-001	3.154680e-001	1.776000e-003	
1279	6.759120e-001	3.144360e-001	1.668000e-003	
1280	6.768840e-001	3.134600e-001	1.672000e-003	
1281	6.778800e-001	3.126080e-001	1.528000e-003	
1282	6.787920e-001	3.118160e-001	1.408000e-003	
1283	6.795000e-001	3.110080e-001	1.508000e-003	
1284	6.802440e-001	3.102240e-001	1.548000e-003	
1285	6.811000e-001	3.091680e-001	1.748000e-003	
1286	6.821920e-001	3.081760e-001	1.648000e-003	
1287	6.832160e-001	3.070360e-001	1.764000e-003	
1288	6.843240e-001	3.058560e-001	1.836000e-003	
1289	6.854520e-001	3.045200e-001	2.044000e-003	
1290	6.867200e-001	3.031440e-001	2.152000e-003	
1291	6.881880e-001	3.015160e-001	2.312000e-003	
1292	6.898960e-001	2.995760e-001	2.544000e-003	
1293	6.917480e-001	2.977320e-001	2.536000e-003	
1294	6.935360e-001	2.960880e-001	2.392000e-003	
1295	6.953320e-001	2.943560e-001	2.328000e-003	
1296	6.970360e-001	2.926600e-001	2.320000e-003	
1297	6.986080e-001	2.911760e-001	2.232000e-003	
1298	7.001720e-001	2.895040e-001	2.340000e-003	
1299	7.018440e-001	2.878960e-001	2.276000e-003	
1300	7.034560e-001	2.863720e-001	2.188000e-003	
1301	7.050440e-001	2.846600e-001	2.312000e-003	
1302	7.066320e-001	2.830760e-001	2.308000e-003	
1303	7.082320e-001	2.815320e-001	2.252000e-003	
1304	7.098960e-001	2.799360e-001	2.184000e-003	
1305	7.113680e-001	2.787080e-001	1.940000e-003	
1306	7.126400e-001	2.776000e-001	1.776000e-003	
1307	7.136760e-001	2.764680e-001	1.872000e-003	
1308	7.147920e-001	2.752680e-001	1.956000e-003	
1309	7.160200e-001	2.738760e-001	2.120000e-003	
1310	7.173680e-001	2.725520e-001	2.096000e-003	
1311	7.187800e-001	2.709920e-001	2.244000e-003	
1312	7.203600e-001	2.694000e-001	2.256000e-003	
1313	7.219200e-001	2.678080e-001	2.288000e-003	
1314	7.234680e-001	2.662600e-001	2.288000e-003	
1315	7.249680e-001	2.646800e-001	2.368000e-003	
1316	7.265760e-001	2.631000e-001	2.340000e-003	
1317	7.282640e-001	2.615280e-001	2.224000e-003	
1318	7.296960e-001	2.601440e-001	2.176000e-003	
1319	7.312200e-001	2.585600e-001	2.236000e-003	
1320	7.327840e-001	2.569840e-001	2.248000e-003	
1321	7.343720e-001	2.554760e-001	2.168000e-003	
1322	7.357880e-001	2.539560e-001	2.272000e-003	
1323	7.372840e-001	2.525440e-001	2.188000e-003	
1324	7.387480e-001	2.509920e-001	2.276000e-003	
1325	7.401600e-001	2.495240e-001	2.332000e-003	
1326	7.417040e-001	2.479760e-001	2.336000e-003	
1327	7.433000e-001	2.464320e-001	2.284000e-003	
1328	7.448000e-001	2.449440e-001	2.272000e-003	
1329	7.463040e-001	2.434920e-001	2.220000e-003	
1330	7.478080e-001	2.421000e-001	2.108000e-003	
1331	7.491440e-001	2.406760e-001	2.196000e-003	
1332	7.505640e-001	2.393640e-001	2.088000e-003	
1333	7.519080e-001	2.381400e-001	1.968000e-003	
1334	7.531920e-001	2.369840e-001	1.840000e-003	
1335	7.543280e-001	2.356880e-001	2.000000e-003	
1336	7.555560e-001	2.347200e-001	1.740000e-003	
1337	7.565320e-001	2.336440e-001	1.840000e-003	
1338	7.576600e-001	2.325040e-001	1.852000e-003	
1339	7.587800e-001	2.314720e-001	1.764000e-003	
1340	7.598040e-001	2.304480e-001	1.764000e-003	
1341	7.608120e-001	2.294920e-001	1.712000e-003	
1342	7.617640e-001	2.286080e-001	1.644000e-003	
1343	7.626240e-001	2.278080e-001	1.584000e-003	
1344	7.634360e-001	2.269000e-001	1.680000e-003	
1345	7.643680e-001	2.259960e-001	1.652000e-003	
1346	7.652200e-001	2.253640e-001	1.432000e-003	
1347	7.659240e-001	2.245880e-001	1.504000e-003	
1348	7.666400e-001	2.238080e-001	1.568000e-003	
1349	7.674360e-001	2.228880e-001	1.692000e-003	
1350	7.683520e-001	2.221280e-001	1.536000e-003	
1351	7.691200e-001	2.214240e-001	1.472000e-003	
1352	7.698080e-001	2.207400e-001	1.468000e-003	
1353	7.704920e-001	2.200880e-001	1.436000e-003	
1354	7.711680e-001	2.194600e-001	1.388000e-003	
1355	7.717400e-001	2.189200e-001	1.356000e-003	
1356	7.723040e-001	2.183440e-001	1.368000e-003	
1357	7.729040e-001	2.177040e-001	1.408000e-003	
1358	7.734520e-001	2.172760e-001	1.288000e-003	
1359	7.739600e-001	2.168520e-001	1.204000e-003	
1360	7.743400e-001	2.164680e-001	1.208000e-003	
1361	7.747520e-001	2.160280e-001	1.236000e-003	
1362	7.752520e-001	2.155320e-001	1.232000e-003	
1363	7.756120e-001	2.152120e-001	1.192000e-003	
1364	7.759560e-001	2.149240e-001	1.136000e-003	
1365	7.762960e-001	2.145360e-001	1.184000e-003	
1366	7.768120e-001	2.142320e-001	9.720000e-004	
1367	7.770680e-001	2.139200e-001	1.028000e-003	
1368	7.773480e-001	2.135680e-001	1.100000e-003	
1369	7.776440e-001	2.133880e-001	9.840000e-004	
1370	7.777880e-001	2.134920e-001	7.360000e-004	
1371	7.778560e-001	2.134560e-001	7.040000e-004	
1372	7.777960e-001	2.135000e-001	7.200000e-004	
1373	7.778440e-001	2.134440e-001	7.280000e-004	
1374	7.778120e-001	2.135720e-001	6.320000e-004	
1375	7.776240e-001	2.138120e-001	5.800000e-004	
1376	7.774560e-001	2.140760e-001	4.840000e-004	
1377	7.771600e-001	2.143800e-001	4.760000e-004	
1378	7.768400e-001	2.147360e-001	4.400000e-004	
1379	7.765800e-001	2.149720e-001	4.640000e-004	
1380	7.762440e-001	2.153040e-001	4.680000e-004	
1381	7.760320e-001	2.155240e-001	4.600000e-004	
1382	7.757840e-001	2.157960e-001	4.360000e-004	
1383	7.753840e-001	2.161560e-001	4.760000e-004	
1384	7.750880e-001	2.165600e-001	3.680000e-004	
1385	7.746400e-001	2.170560e-001	3.200000e-004	
1386	7.742720e-001	2.174360e-001	3.080000e-004	
1387	7.738800e-001	2.178560e-001	2.800000e-004	
1388	7.732880e-001	2.184800e-001	2.480000e-004	
1389	7.727840e-001	2.189960e-001	2.360000e-004	
1390	7.722600e-001	2.195640e-001	1.920000e-004	
1391	7.717200e-001	2.200920e-001	2.040000e-004	
1392	7.710560e-001	2.207440e-001	2.160000e-004	
1393	7.705000e-001	2.213080e-001	2.080000e-004	
1394	7.699360e-001	2.218480e-001	2.320000e-004	
1395	7.693760e-001	2.224280e-001	2.120000e-004	
1396	7.688000e-001	2.230160e-001	2.000000e-004	
1397	7.682760e-001	2.235280e-001	2.120000e-004	
1398	7.677240e-001	2.240800e-001	2.120000e-004	
1399	7.671960e-001	2.246360e-001	1.840000e-004	
1400	7.666200e-001	2.251960e-001	2.000000e-004	
1401	7.660320e-001	2.257840e-001	2.000000e-004	
1402	7.654320e-001	2.263800e-001	2.040000e-004	
1403	7.649760e-001	2.268280e-001	2.120000e-004	
1404	7.644480e-001	2.273960e-001	1.720000e-004	
1405	7.638240e-001	2.280480e-001	1.440000e-004	
1406	7.630760e-001	2.288280e-001	1.120000e-004	
1407	7.624440e-001	2.294560e-001	1.160000e-004	
1408	7.617040e-001	2.302200e-001	9.200000e-005	
1409	7.610680e-001	2.308800e-001	6.800000e-005	
1410	7.603720e-001	2.315840e-001	6.000000e-005	
1411	7.596240e-001	2.323200e-001	7.200000e-005	
1412	7.590480e-001	2.328960e-001	7.200000e-005	
1413	7.583600e-001	2.335560e-001	1.000000e-004	
1414	7.576880e-001	2.342400e-001	8.800000e-005	
1415	7.570280e-001	2.348600e-001	1.280000e-004	
1416	7.565120e-001	2.353720e-001	1.320000e-004	
1417	7.558800e-001	2.360120e-001	1.240000e-004	
1418	7.552680e-001	2.366240e-001	1.240000e-004	
1419	7.546520e-001	2.372080e-001	1.560000e-004	
1420	7.539600e-001	2.378720e-001	1.840000e-004	
1421	7.534280e-001	2.383800e-001	2.080000e-004	
1422	7.529360e-001	2.388960e-001	1.840000e-004	
1423	7.523520e-001	2.394400e-001	2.240000e-004	
1424	7.517880e-001	2.400240e-001	2.040000e-004	
1425	7.511600e-001	2.406520e-001	2.040000e-004	
1426	7.506520e-001	2.411760e-001	1.880000e-004	
1427	7.500600e-001	2.417720e-001	1.840000e-004	
1428	7.494600e-001	2.424240e-001	1.320000e-004	
1429	7.489040e-001	2.429600e-001	1.520000e-004	
1430	7.482600e-001	2.436160e-001	1.400000e-004	
1431	7.477000e-001	2.441320e-001	1.840000e-004	
1432	7.472360e-001	2.446160e-001	1.640000e-004	
1433	7.466320e-001	2.452080e-001	1.760000e-004	
1434	7.460240e-001	2.458320e-001	1.600000e-004	
1435	7.454360e-001	2.464200e-001	1.600000e-004	
1436	7.448240e-001	2.470320e-001	1.600000e-004	
1437	7.443000e-001	2.475400e-001	1.760000e-004	
1438	7.437600e-001	2.480400e-001	2.160000e-004	
1439	7.432680e-001	2.485160e-001	2.320000e-004	
1440	7.427640e-001	2.490240e-001	2.280000e-004	
1441	7.422720e-001	2.495520e-001	1.920000e-004	
1442	7.417880e-001	2.500880e-001	1.400000e-004	
1443	7.412200e-001	2.506640e-001	1.320000e-004	
1444	7.406240e-001	2.512360e-001	1.560000e-004	
1445	7.400760e-001	2.518000e-001	1.400000e-004	
1446	7.395560e-001	2.523440e-001	1.160000e-004	
1447	7.388680e-001	2.530360e-001	1.120000e-004	
1448	7.382720e-001	2.536080e-001	1.360000e-004	
1449	7.376160e-001	2.542800e-001	1.200000e-004	
1450	7.369880e-001	2.549120e-001	1.160000e-004	
1451	7.363920e-001	2.555080e-001	1.160000e-004	
1452	7.356760e-001	2.562480e-001	9.200000e-005	
1453	7.351320e-001	2.567960e-001	8.800000e-005	
1454	7.344840e-001	2.574200e-001	1.120000e-004	
1455	7.339160e-001	2.580120e-001	8.800000e-005	
1456	7.332440e-001	2.586920e-001	8.000000e-005	
1457	7.325960e-001	2.593200e-001	1.000000e-004	
1458	7.320320e-001	2.599240e-001	6.000000e-005	
1459	7.313480e-001	2.605920e-001	7.600000e-005	
1460	7.307640e-001	2.611960e-001	5.600000e-005	
1461	7.300520e-001	2.619200e-001	4.400000e-005	
1462	7.292720e-001	2.627080e-001	3.600000e-005	
1463	7.284880e-001	2.635000e-001	2.800000e-005	
1464	7.277880e-001	2.642080e-001	2.000000e-005	
1465	7.271440e-001	2.648440e-001	2.800000e-005	
1466	7.265160e-001	2.654760e-001	2.400000e-005	
1467	7.256920e-001	2.663040e-001	2.000000e-005	
1468	7.249920e-001	2.670080e-001	1.600000e-005	
1469	7.242320e-001	2.677600e-001	2.400000e-005	
1470	7.235000e-001	2.684960e-001	2.000000e-005	
1471	7.227520e-001	2.692240e-001	4.000000e-005	
1472	7.221880e-001	2.697960e-001	3.200000e-005	
1473	7.214240e-001	2.705600e-001	3.200000e-005	
1474	7.207680e-001	2.712280e-001	2.000000e-005	
1475	7.201280e-001	2.718720e-001	1.600000e-005	
1476	7.195000e-001	2.724880e-001	2.800000e-005	
1477	7.188840e-001	2.731120e-001	2.000000e-005	
1478	7.182160e-001	2.738000e-001	0	
1479	7.175200e-001	2.744920e-001	4.000000e-006	
1480	7.167880e-001	2.752280e-001	0	
1481	7.161040e-001	2.759120e-001	0	
1482	7.154600e-001	2.765560e-001	0	
1483	7.148200e-001	2.771960e-001	0	
1484	7.141440e-001	2.778720e-001	0	
1485	7.134360e-001	2.785800e-001	0	
1486	7.127240e-001	2.792920e-001	0	
1487	7.119800e-001	2.800360e-001	0	
1488	7.112760e-001	2.807400e-001	0	
1489	7.106560e-001	2.813600e-001	0	
1490	7.099960e-001	2.820200e-001	0	
1491	7.093680e-001	2.826440e-001	4.000000e-006	
1492	7.087520e-001	2.832560e-001	8.000000e-006	
1493	7.081200e-001	2.838760e-001	2.000000e-005	
1494	7.074120e-001	2.845920e-001	1.200000e-005	
1495	7.067400e-001	2.852600e-001	1.600000e-005	
1496	7.060560e-001	2.859280e-001	3.200000e-005	
1497	7.052920e-001	2.866960e-001	2.800000e-005	
1498	7.046120e-001	2.873680e-001	3.600000e-005	
1499	7.039000e-001	2.880840e-001	3.200000e-005	
1500	7.033520e-001	2.886480e-001	1.600000e-005	
1501	7.026240e-001	2.893600e-001	3.200000e-005	
1502	7.019640e-001	2.900360e-001	1.600000e-005	
1503	7.013880e-001	2.906160e-001	1.200000e-005	
1504	7.006880e-001	2.913200e-001	8.000000e-006	
1505	7.000040e-001	2.920040e-001	8.000000e-006	
1506	6.993560e-001	2.926520e-001	8.000000e-006	
1507	6.987360e-001	2.932800e-001	0	
1508	6.980440e-001	2.939720e-001	0	
1509	6.973160e-001	2.947000e-001	0	
1510	6.965800e-001	2.954360e-001	0	
1511	6.959080e-001	2.961080e-001	0	
1512	6.951400e-001	2.968760e-001	0	
1513	6.943160e-001	2.977000e-001	0	
1514	6.935480e-001	2.984680e-001	0	
1515	6.928840e-001	2.991320e-001	0	
1516	6.922760e-001	2.997400e-001	0	
1517	6.916480e-001	3.003680e-001	0	
1518	6.908960e-001	3.011200e-001	0	
1519	6.902360e-001	3.017800e-001	0	
1520	6.895640e-001	3.024520e-001	0	
1521	6.888600e-001	3.031560e-001	0	
1522	6.880480e-001	3.039640e-001	4.000000e-006	
1523	6.873720e-001	3.046360e-001	8.000000e-006	
1524	6.866600e-001	3.053520e-001	4.000000e-006	
1525	6.860800e-001	3.059360e-001	0	
1526	6.853200e-001	3.066960e-001	0	
1527	6.846800e-001	3.073360e-001	0	
1528	6.840440e-001	3.079720e-001	0	
1529	6.832880e-001	3.087280e-001	0	
1530	6.826240e-001	3.093920e-001	0	
1531	6.819920e-001	3.100240e-001	0	
1532	6.812720e-001	3.107440e-001	0	
1533	6.805560e-001	3.114600e-001	0	
1534	6.799000e-001	3.121160e-001	0	
1535	6.791680e-001	3.128480e-001	0	
1536	6.785600e-001	3.134560e-001	0	
1537	6.779360e-001	3.140800e-001	0	
1538	6.772160e-001	3.148000e-001	0	
1539	6.765360e-001	3.154800e-001	0	
1540	6.758000e-001	3.162160e-001	0	
1541	6.750520e-001	3.169640e-001	0	
1542	6.744040e-001	3.176120e-001	0	
1543	6.737640e-001	3.182520e-001	0	
1544	6.731320e-001	3.188840e-001	0	
1545	6.724040e-001	3.196120e-001	0	
1546	6.717880e-001	3.202280e-001	0	
1547	6.710640e-001	3.209520e-001	0	
1548	6.704160e-001	3.216000e-001	0	
1549	6.697880e-001	3.222280e-001	0	
1550	6.691560e-001	3.228600e-001	0	
1551	6.685360e-001	3.234800e-001	0	
1552	6.678920e-001	3.241240e-001	0	
1553	6.672760e-001	3.247400e-001	0	
1554	6.665880e-001	3.254280e-001	0	
1555	6.658360e-001	3.261800e-001	0	
1556	6.652520e-001	3.267640e-001	0	
1557	6.645360e-001	3.274800e-001	0	
1558	6.638680e-001	3.281480e-001	0	
1559	6.632480e-001	3.287680e-001	0	
1560	6.625160e-001	3.295000e-001	0	
1561	6.618480e-001	3.301680e-001	0	
1562	6.611280e-001	3.308880e-001	0	
1563	6.604080e-001	3.316080e-001	0	
1564	6.598240e-001	3.321920e-001	0	
1565	6.591760e-001	3.328400e-001	0	
1566	6.584480e-001	3.335680e-001	0	
1567	6.578120e-001	3.342040e-001	0	
1568	6.572040e-001	3.348120e-001	0	
1569	6.565240e-001	3.354920e-001	0	
1570	6.558520e-001	3.361640e-001	0	
1571	6.551720e-001	3.368440e-001	0	
1572	6.545480e-001	3.374640e-001	4.000000e-006	
1573	6.538280e-001	3.381880e-001	0	
1574	6.531880e-001	3.388280e-001	0	
1575	6.526240e-001	3.393920e-001	0	
1576	6.519400e-001	3.400760e-001	0	
1577	6.512440e-001	3.407720e-001	0	
1578	6.505600e-001	3.414560e-001	0	
1579	6.498320e-001	3.421840e-001	0	
1580	6.491840e-001	3.428320e-001	0	
1581	6.486000e-001	3.434160e-001	0	
1582	6.480520e-001	3.439640e-001	0	
1583	6.474200e-001	3.445960e-001	0	
1584	6.468160e-001	3.452000e-001	0	
1585	6.461480e-001	3.458680e-001	0	
1586	6.454680e-001	3.465480e-001	0	
1587	6.447280e-001	3.472840e-001	4.000000e-006	
1588	6.440640e-001	3.479480e-001	4.000000e-006	
1589	6.434160e-001	3.485960e-001	4.000000e-006	
1590	6.427280e-001	3.492800e-001	8.000000e-006	
1591	6.421800e-001	3.498200e-001	1.600000e-005	
1592	6.415160e-001	3.504880e-001	1.200000e-005	
1593	6.408840e-001	3.511240e-001	8.000000e-006	
1594	6.403360e-001	3.516760e-001	4.000000e-006	
1595	6.397160e-001	3.523000e-001	0	
1596	6.390480e-001	3.529680e-001	0	
1597	6.383800e-001	3.536320e-001	4.000000e-006	
1598	6.378000e-001	3.542160e-001	0	
1599	6.371800e-001	3.548360e-001	0	
1600	6.365600e-001	3.554560e-001	0	
1601	6.358760e-001	3.561400e-001	0	
1602	6.352800e-001	3.567360e-001	0	
1603	6.346800e-001	3.573360e-001	0	
1604	6.340120e-001	3.580040e-001	0	
1605	6.333840e-001	3.586320e-001	0	
1606	6.327240e-001	3.592920e-001	0	
1607	6.321440e-001	3.598640e-001	8.000000e-006	
1608	6.315280e-001	3.604720e-001	1.600000e-005	
1609	6.309280e-001	3.610680e-001	2.000000e-005	
1610	6.304200e-001	3.615680e-001	2.800000e-005	
1611	6.298960e-001	3.621080e-001	1.200000e-005	
1612	6.292480e-001	3.627560e-001	1.200000e-005	
1613	6.286440e-001	3.633600e-001	1.200000e-005	
1614	6.280360e-001	3.639600e-001	2.000000e-005	
1615	6.273920e-001	3.646080e-001	1.600000e-005	
1616	6.266120e-001	3.653920e-001	1.200000e-005	
1617	6.259480e-001	3.660520e-001	1.600000e-005	
1618	6.253800e-001	3.666320e-001	4.000000e-006	
1619	6.248280e-001	3.671760e-001	1.200000e-005	
1620	6.242160e-001	3.677960e-001	4.000000e-006	
1621	6.235400e-001	3.684720e-001	4.000000e-006	
1622	6.229360e-001	3.690760e-001	4.000000e-006	
1623	6.223800e-001	3.696320e-001	4.000000e-006	
1624	6.216600e-001	3.703480e-001	8.000000e-006	
1625	6.209800e-001	3.710200e-001	1.600000e-005	
1626	6.203800e-001	3.716320e-001	4.000000e-006	
1627	6.198640e-001	3.721480e-001	4.000000e-006	
1628	6.192160e-001	3.727920e-001	8.000000e-006	
1629	6.186240e-001	3.733760e-001	1.600000e-005	
1630	6.180240e-001	3.739480e-001	4.400000e-005	
1631	6.174000e-001	3.745760e-001	4.000000e-005	
1632	6.168560e-001	3.751000e-001	6.000000e-005	
1633	6.162840e-001	3.756320e-001	1.000000e-004	
1634	6.158160e-001	3.760840e-001	1.160000e-004	
1635	6.152280e-001	3.766520e-001	1.360000e-004	
1636	6.147080e-001	3.771800e-001	1.280000e-004	
1637	6.142400e-001	3.776480e-001	1.280000e-004	
1638	6.137880e-001	3.781200e-001	1.080000e-004	
1639	6.133200e-001	3.785960e-001	1.000000e-004	
1640	6.128560e-001	3.790880e-001	7.200000e-005	
1641	6.122840e-001	3.796600e-001	7.200000e-005	
1642	6.117040e-001	3.802280e-001	8.400000e-005	
1643	6.113000e-001	3.806520e-001	6.400000e-005	
1644	6.106800e-001	3.812360e-001	1.000000e-004	
1645	6.101960e-001	3.817160e-001	1.040000e-004	
1646	6.096200e-001	3.822800e-001	1.160000e-004	
1647	6.091160e-001	3.827640e-001	1.360000e-004	
1648	6.086960e-001	3.831840e-001	1.360000e-004	
1649	6.082640e-001	3.835960e-001	1.560000e-004	
1650	6.078280e-001	3.840160e-001	1.720000e-004	
1651	6.074120e-001	3.844400e-001	1.640000e-004	
1652	6.069120e-001	3.849800e-001	1.240000e-004	
1653	6.064440e-001	3.854800e-001	9.200000e-005	
1654	6.058960e-001	3.860160e-001	1.040000e-004	
1655	6.053520e-001	3.865680e-001	9.600000e-005	
1656	6.048120e-001	3.871000e-001	1.040000e-004	
1657	6.043400e-001	3.875760e-001	1.000000e-004	
1658	6.038440e-001	3.881240e-001	4.800000e-005	
1659	6.033600e-001	3.886120e-001	4.400000e-005	
1660	6.027760e-001	3.892040e-001	3.600000e-005	
1661	6.022200e-001	3.897680e-001	2.800000e-005	
1662	6.016520e-001	3.903080e-001	5.600000e-005	
1663	6.010880e-001	3.908520e-001	7.600000e-005	
1664	6.005320e-001	3.914120e-001	7.200000e-005	
1665	6.000360e-001	3.918720e-001	1.080000e-004	
1666	5.995680e-001	3.923360e-001	1.120000e-004	
1667	5.990840e-001	3.928080e-001	1.240000e-004	
1668	5.985960e-001	3.932600e-001	1.600000e-004	
1669	5.981320e-001	3.937320e-001	1.520000e-004	
1670	5.976760e-001	3.941760e-001	1.640000e-004	
1671	5.972400e-001	3.946280e-001	1.480000e-004	
1672	5.968360e-001	3.950480e-001	1.320000e-004	
1673	5.964280e-001	3.954800e-001	1.080000e-004	
1674	5.959560e-001	3.959760e-001	8.400000e-005	
1675	5.954720e-001	3.964560e-001	8.800000e-005	
1676	5.949880e-001	3.969560e-001	7.200000e-005	
1677	5.943760e-001	3.975440e-001	9.600000e-005	
1678	5.938280e-001	3.980920e-001	9.600000e-005	
1679	5.933640e-001	3.985840e-001	6.800000e-005	
1680	5.928680e-001	3.990760e-001	7.200000e-005	
1681	5.923400e-001	3.996040e-001	7.200000e-005	
1682	5.919400e-001	3.999880e-001	8.800000e-005	
1683	5.914480e-001	4.005120e-001	5.600000e-005	
1684	5.908960e-001	4.010640e-001	5.600000e-005	
1685	5.904000e-001	4.015760e-001	4.000000e-005	
1686	5.898360e-001	4.021480e-001	3.200000e-005	
1687	5.892480e-001	4.027480e-001	2.000000e-005	
1688	5.886480e-001	4.033400e-001	2.800000e-005	
1689	5.880880e-001	4.039160e-001	1.200000e-005	
1690	5.875320e-001	4.044680e-001	1.600000e-005	
1691	5.869200e-001	4.050760e-001	2.000000e-005	
1692	5.863640e-001	4.056320e-001	2.000000e-005	
1693	5.858320e-001	4.061680e-001	1.600000e-005	
1694	5.852720e-001	4.067440e-001	0	
1695	5.847000e-001	4.073160e-001	0	
1696	5.841040e-001	4.079120e-001	0	
1697	5.834680e-001	4.085480e-001	0	
1698	5.829320e-001	4.090840e-001	0	
1699	5.823920e-001	4.096240e-001	0	
1700	5.817880e-001	4.102280e-001	0	
1701	5.811960e-001	4.108200e-001	0	
1702	5.805400e-001	4.114760e-001	0	
1703	5.799560e-001	4.120600e-001	0	
1704	5.794440e-001	4.125720e-001	0	
1705	5.788520e-001	4.131640e-001	0	
1706	5.783000e-001	4.137160e-001	0	
1707	5.777120e-001	4.143040e-001	0	
1708	5.771400e-001	4.148760e-001	0	
1709	5.766320e-001	4.153840e-001	0	
1710	5.761680e-001	4.158480e-001	0	
1711	5.755120e-001	4.165040e-001	0	
1712	5.748960e-001	4.171200e-001	0	
1713	5.743400e-001	4.176760e-001	0	
1714	5.737960e-001	4.182200e-001	0	
1715	5.732440e-001	4.187720e-001	0	
1716	5.727160e-001	4.192960e-001	4.000000e-006	
1717	5.720920e-001	4.199240e-001	0	
1718	5.715280e-001	4.204880e-001	0	
1719	5.708760e-001	4.211400e-001	0	
1720	5.702480e-001	4.217680e-001	0	
1721	5.696080e-001	4.224080e-001	0	
1722	5.690240e-001	4.229920e-001	0	
1723	5.684440e-001	4.235720e-001	0	
1724	5.678400e-001	4.241760e-001	0	
1725	5.673040e-001	4.247120e-001	0	
1726	5.667080e-001	4.253080e-001	0	
1727	5.661920e-001	4.258200e-001	4.000000e-006	
1728	5.656840e-001	4.263120e-001	2.000000e-005	
1729	5.652320e-001	4.267480e-001	3.600000e-005	
1730	5.647600e-001	4.272040e-001	5.200000e-005	
1731	5.642800e-001	4.276880e-001	4.800000e-005	
1732	5.637960e-001	4.281520e-001	6.800000e-005	
1733	5.633480e-001	4.286000e-001	6.800000e-005	
1734	5.629000e-001	4.290480e-001	6.800000e-005	
1735	5.624640e-001	4.294520e-001	1.000000e-004	
1736	5.619640e-001	4.299320e-001	1.200000e-004	
1737	5.615560e-001	4.303760e-001	8.400000e-005	
1738	5.610800e-001	4.308280e-001	1.080000e-004	
1739	5.606560e-001	4.312440e-001	1.160000e-004	
1740	5.601320e-001	4.317880e-001	9.600000e-005	
1741	5.596280e-001	4.323160e-001	7.200000e-005	
1742	5.591720e-001	4.327760e-001	6.800000e-005	
1743	5.587600e-001	4.331840e-001	7.200000e-005	
1744	5.582360e-001	4.337160e-001	6.400000e-005	
1745	5.577640e-001	4.341800e-001	7.200000e-005	
1746	5.573080e-001	4.346120e-001	9.600000e-005	
1747	5.568520e-001	4.350920e-001	7.200000e-005	
1748	5.563760e-001	4.355560e-001	8.400000e-005	
1749	5.559960e-001	4.359040e-001	1.160000e-004	
1750	5.555680e-001	4.363440e-001	1.040000e-004	
1751	5.550560e-001	4.368720e-001	8.800000e-005	
1752	5.545480e-001	4.374040e-001	6.400000e-005	
1753	5.540760e-001	4.379000e-001	4.000000e-005	
1754	5.535440e-001	4.384400e-001	3.200000e-005	
1755	5.530200e-001	4.389840e-001	1.200000e-005	
1756	5.524640e-001	4.395320e-001	2.000000e-005	
1757	5.519560e-001	4.400360e-001	2.400000e-005	
1758	5.514760e-001	4.405280e-001	1.200000e-005	
1759	5.508800e-001	4.411240e-001	1.200000e-005	
1760	5.504120e-001	4.415920e-001	1.200000e-005	
1761	5.498760e-001	4.421280e-001	1.200000e-005	
1762	5.493520e-001	4.426560e-001	8.000000e-006	
1763	5.488160e-001	4.431880e-001	1.200000e-005	
1764	5.483240e-001	4.436920e-001	0	
1765	5.478080e-001	4.442080e-001	0	
1766	5.473000e-001	4.447160e-001	0	
1767	5.467680e-001	4.452480e-001	0	
1768	5.462080e-001	4.458080e-001	0	
1769	5.457040e-001	4.463120e-001	0	
1770	5.452000e-001	4.468160e-001	0	
1771	5.446520e-001	4.473640e-001	0	
1772	5.440400e-001	4.479760e-001	0	
1773	5.434720e-001	4.485440e-001	0	
1774	5.428640e-001	4.491520e-001	0	
1775	5.423760e-001	4.496400e-001	0	
1776	5.418240e-001	4.501920e-001	0	
1777	5.413160e-001	4.507000e-001	0	
1778	5.407640e-001	4.512520e-001	0	
1779	5.402240e-001	4.517920e-001	0	
1780	5.396880e-001	4.523280e-001	0	
1781	5.391640e-001	4.528520e-001	0	
1782	5.386400e-001	4.533720e-001	4.000000e-006	
1783	5.381160e-001	4.538880e-001	1.200000e-005	
1784	5.375400e-001	4.544680e-001	8.000000e-006	
1785	5.370080e-001	4.550000e-001	8.000000e-006	
1786	5.364720e-001	4.555400e-001	4.000000e-006	
1787	5.359640e-001	4.560480e-001	4.000000e-006	
1788	5.353920e-001	4.566240e-001	0	
1789	5.348360e-001	4.571760e-001	4.000000e-006	
1790	5.342160e-001	4.577880e-001	1.200000e-005	
1791	5.336800e-001	4.583240e-001	1.200000e-005	
1792	5.331920e-001	4.588120e-001	1.200000e-005	
1793	5.326400e-001	4.593600e-001	1.600000e-005	
1794	5.321240e-001	4.598640e-001	2.800000e-005	
1795	5.316240e-001	4.603440e-001	4.800000e-005	
1796	5.311080e-001	4.608480e-001	6.000000e-005	
1797	5.305840e-001	4.613760e-001	5.600000e-005	
1798	5.300840e-001	4.618920e-001	4.000000e-005	
1799	5.296080e-001	4.623600e-001	4.800000e-005	
1800	5.291120e-001	4.628360e-001	6.800000e-005	
1801	5.286320e-001	4.633120e-001	7.200000e-005	
1802	5.282440e-001	4.637160e-001	5.600000e-005	
1803	5.278040e-001	4.641640e-001	4.800000e-005	
1804	5.273320e-001	4.646280e-001	5.600000e-005	
1805	5.268120e-001	4.651200e-001	8.400000e-005	
1806	5.263600e-001	4.655600e-001	9.600000e-005	
1807	5.259360e-001	4.659680e-001	1.120000e-004	
1808	5.255600e-001	4.663120e-001	1.440000e-004	
1809	5.251640e-001	4.667280e-001	1.240000e-004	
1810	5.247800e-001	4.671280e-001	1.080000e-004	
1811	5.243760e-001	4.675400e-001	1.000000e-004	
1812	5.239560e-001	4.679560e-001	1.040000e-004	
1813	5.235240e-001	4.683360e-001	1.560000e-004	
1814	5.231320e-001	4.687240e-001	1.600000e-004	
1815	5.227720e-001	4.690400e-001	2.040000e-004	
1816	5.224400e-001	4.694040e-001	1.720000e-004	
1817	5.221080e-001	4.697720e-001	1.360000e-004	
1818	5.217160e-001	4.701320e-001	1.680000e-004	
1819	5.214040e-001	4.704120e-001	2.000000e-004	
1820	5.210560e-001	4.707160e-001	2.440000e-004	
1821	5.208200e-001	4.709600e-001	2.360000e-004	
1822	5.204960e-001	4.713600e-001	1.600000e-004	
1823	5.201360e-001	4.716840e-001	1.960000e-004	
1824	5.198320e-001	4.720040e-001	1.800000e-004	
1825	5.195200e-001	4.723440e-001	1.520000e-004	
1826	5.191080e-001	4.727720e-001	1.360000e-004	
1827	5.187720e-001	4.731120e-001	1.320000e-004	
1828	5.182720e-001	4.735880e-001	1.560000e-004	
1829	5.179520e-001	4.739280e-001	1.360000e-004	
1830	5.174800e-001	4.744360e-001	1.000000e-004	
1831	5.170800e-001	4.748280e-001	1.080000e-004	
1832	5.166720e-001	4.752400e-001	1.040000e-004	
1833	5.162120e-001	4.757240e-001	8.000000e-005	
1834	5.157800e-001	4.761160e-001	1.200000e-004	
1835	5.154440e-001	4.764640e-001	1.080000e-004	
1836	5.150080e-001	4.769200e-001	8.800000e-005	
1837	5.146120e-001	4.773280e-001	7.600000e-005	
1838	5.141800e-001	4.777400e-001	9.600000e-005	
1839	5.137560e-001	4.781360e-001	1.240000e-004	
1840	5.133960e-001	4.785120e-001	1.080000e-004	
1841	5.129880e-001	4.789120e-001	1.160000e-004	
1842	5.125840e-001	4.792840e-001	1.480000e-004	
1843	5.122480e-001	4.796040e-001	1.640000e-004	
1844	5.119040e-001	4.799600e-001	1.520000e-004	
1845	5.115680e-001	4.803320e-001	1.160000e-004	
1846	5.111720e-001	4.807080e-001	1.360000e-004	
1847	5.107680e-001	4.811040e-001	1.440000e-004	
1848	5.104200e-001	4.814720e-001	1.240000e-004	
1849	5.100680e-001	4.818200e-001	1.280000e-004	
1850	5.096960e-001	4.821680e-001	1.520000e-004	
1851	5.093920e-001	4.824760e-001	1.480000e-004	
1852	5.089880e-001	4.829000e-001	1.280000e-004	
1853	5.085800e-001	4.832880e-001	1.480000e-004	
1854	5.081720e-001	4.837080e-001	1.360000e-004	
1855	5.077560e-001	4.841160e-001	1.440000e-004	
1856	5.073880e-001	4.844840e-001	1.440000e-004	
1857	5.069960e-001	4.848200e-001	2.000000e-004	
1858	5.067480e-001	4.850800e-001	1.880000e-004	
1859	5.063600e-001	4.854800e-001	1.760000e-004	
1860	5.060840e-001	4.857200e-001	2.120000e-004	
1861	5.058600e-001	4.859400e-001	2.160000e-004	
1862	5.055520e-001	4.862360e-001	2.280000e-004	
1863	5.051960e-001	4.865120e-001	3.080000e-004	
1864	5.049520e-001	4.867400e-001	3.240000e-004	
1865	5.048200e-001	4.868720e-001	3.240000e-004	
1866	5.045960e-001	4.871360e-001	2.840000e-004	
1867	5.043280e-001	4.873800e-001	3.080000e-004	
1868	5.041080e-001	4.876160e-001	2.920000e-004	
1869	5.038920e-001	4.878240e-001	3.000000e-004	
1870	5.037720e-001	4.879800e-001	2.640000e-004	
1871	5.035240e-001	4.882240e-001	2.680000e-004	
1872	5.032960e-001	4.884400e-001	2.800000e-004	
1873	5.031200e-001	4.886240e-001	2.720000e-004	
1874	5.028960e-001	4.889000e-001	2.200000e-004	
1875	5.025840e-001	4.892520e-001	1.800000e-004	
1876	5.022440e-001	4.895920e-001	1.800000e-004	
1877	5.019160e-001	4.899040e-001	1.960000e-004	
1878	5.015320e-001	4.903280e-001	1.560000e-004	
1879	5.012200e-001	4.906040e-001	1.920000e-004	
1880	5.008720e-001	4.909200e-001	2.240000e-004	
1881	5.006080e-001	4.912160e-001	1.920000e-004	
1882	5.003280e-001	4.914640e-001	2.240000e-004	
1883	5.000360e-001	4.917720e-001	2.080000e-004	
1884	4.997480e-001	4.920480e-001	2.200000e-004	
1885	4.994800e-001	4.923360e-001	2.000000e-004	
1886	4.991720e-001	4.926400e-001	2.040000e-004	
1887	4.988200e-001	4.929760e-001	2.200000e-004	
1888	4.985080e-001	4.933200e-001	1.880000e-004	
1889	4.982240e-001	4.935920e-001	2.000000e-004	
1890	4.980200e-001	4.937880e-001	2.080000e-004	
1891	4.977800e-001	4.940400e-001	1.960000e-004	
1892	4.975120e-001	4.943080e-001	1.960000e-004	
1893	4.972440e-001	4.945400e-001	2.320000e-004	
1894	4.969760e-001	4.948040e-001	2.360000e-004	
1895	4.966960e-001	4.951400e-001	1.800000e-004	
1896	4.963640e-001	4.954840e-001	1.680000e-004	
1897	4.960400e-001	4.957920e-001	1.840000e-004	
1898	4.956920e-001	4.961360e-001	1.880000e-004	
1899	4.953320e-001	4.965200e-001	1.640000e-004	
1900	4.949320e-001	4.968960e-001	1.880000e-004	
1901	4.946360e-001	4.971240e-001	2.560000e-004	
1902	4.944440e-001	4.972880e-001	2.840000e-004	
1903	4.941840e-001	4.975480e-001	2.840000e-004	
1904	4.939440e-001	4.978080e-001	2.640000e-004	
1905	4.936920e-001	4.981120e-001	2.120000e-004	
1906	4.934640e-001	4.982920e-001	2.600000e-004	
1907	4.932840e-001	4.984720e-001	2.600000e-004	
1908	4.931320e-001	4.985880e-001	2.960000e-004	
1909	4.929560e-001	4.987680e-001	2.920000e-004	
1910	4.927520e-001	4.989800e-001	2.840000e-004	
1911	4.926120e-001	4.991120e-001	2.920000e-004	
1912	4.924960e-001	4.991760e-001	3.440000e-004	
1913	4.923280e-001	4.993640e-001	3.240000e-004	
1914	4.921800e-001	4.995440e-001	2.920000e-004	
1915	4.919960e-001	4.997320e-001	2.880000e-004	
1916	4.917400e-001	5.000360e-001	2.400000e-004	
1917	4.915440e-001	5.002760e-001	1.960000e-004	
1918	4.912840e-001	5.005080e-001	2.240000e-004	
1919	4.910320e-001	5.007040e-001	2.800000e-004	
1920	4.908360e-001	5.009000e-001	2.800000e-004	
1921	4.905800e-001	5.011920e-001	2.440000e-004	
1922	4.903000e-001	5.015000e-001	2.160000e-004	
1923	4.900600e-001	5.017680e-001	1.880000e-004	
1924	4.897960e-001	5.020480e-001	1.720000e-004	
1925	4.895280e-001	5.023120e-001	1.760000e-004	
1926	4.892480e-001	5.026160e-001	1.520000e-004	
1927	4.889240e-001	5.029360e-001	1.560000e-004	
1928	4.885320e-001	5.033080e-001	1.760000e-004	
1929	4.881800e-001	5.036360e-001	2.000000e-004	
1930	4.878600e-001	5.039600e-001	1.960000e-004	
1931	4.875520e-001	5.042480e-001	2.160000e-004	
1932	4.872040e-001	5.046200e-001	1.920000e-004	
1933	4.869760e-001	5.048560e-001	1.840000e-004	
1934	4.866720e-001	5.051880e-001	1.560000e-004	
1935	4.863880e-001	5.054720e-001	1.560000e-004	
1936	4.860200e-001	5.058360e-001	1.600000e-004	
1937	4.856520e-001	5.062120e-001	1.520000e-004	
1938	4.852760e-001	5.065720e-001	1.680000e-004	
1939	4.849320e-001	5.069200e-001	1.640000e-004	
1940	4.844960e-001	5.073160e-001	2.040000e-004	
1941	4.842040e-001	5.076160e-001	1.960000e-004	
1942	4.838800e-001	5.079400e-001	1.960000e-004	
1943	4.836120e-001	5.082400e-001	1.640000e-004	
1944	4.832880e-001	5.085480e-001	1.800000e-004	
1945	4.829840e-001	5.088640e-001	1.680000e-004	
1946	4.825720e-001	5.092320e-001	2.120000e-004	
1947	4.822520e-001	5.095520e-001	2.120000e-004	
1948	4.819280e-001	5.098240e-001	2.640000e-004	
1949	4.816680e-001	5.100920e-001	2.560000e-004	
1950	4.814480e-001	5.103160e-001	2.520000e-004	
1951	4.812160e-001	5.105200e-001	2.800000e-004	
1952	4.810320e-001	5.107120e-001	2.720000e-004	
1953	4.808360e-001	5.109600e-001	2.200000e-004	
1954	4.806000e-001	5.111880e-001	2.280000e-004	
1955	4.803080e-001	5.114760e-001	2.320000e-004	
1956	4.801240e-001	5.116360e-001	2.560000e-004	
1957	4.799040e-001	5.118720e-001	2.400000e-004	
1958	4.796760e-001	5.121280e-001	2.120000e-004	
1959	4.794480e-001	5.123360e-001	2.320000e-004	
1960	4.792080e-001	5.126600e-001	1.480000e-004	
1961	4.788640e-001	5.130040e-001	1.480000e-004	
1962	4.785200e-001	5.133440e-001	1.520000e-004	
1963	4.781880e-001	5.136560e-001	1.720000e-004	
1964	4.778720e-001	5.139200e-001	2.240000e-004	
1965	4.775840e-001	5.141720e-001	2.600000e-004	
1966	4.773720e-001	5.144640e-001	1.800000e-004	
1967	4.770440e-001	5.148080e-001	1.640000e-004	
1968	4.768000e-001	5.150680e-001	1.480000e-004	
1969	4.764840e-001	5.153600e-001	1.720000e-004	
1970	4.761760e-001	5.156160e-001	2.240000e-004	
1971	4.758440e-001	5.159640e-001	2.080000e-004	
1972	4.756160e-001	5.161880e-001	2.120000e-004	
1973	4.753360e-001	5.164320e-001	2.480000e-004	
1974	4.751360e-001	5.165840e-001	2.960000e-004	
1975	4.749320e-001	5.167320e-001	3.520000e-004	
1976	4.748320e-001	5.168440e-001	3.400000e-004	
1977	4.746240e-001	5.170160e-001	3.760000e-004	
1978	4.745560e-001	5.171040e-001	3.560000e-004	
1979	4.744520e-001	5.173080e-001	2.560000e-004	
1980	4.741880e-001	5.175600e-001	2.680000e-004	
1981	4.739840e-001	5.177320e-001	3.000000e-004	
1982	4.737880e-001	5.178920e-001	3.360000e-004	
1983	4.736520e-001	5.179840e-001	3.800000e-004	
1984	4.735600e-001	5.181200e-001	3.360000e-004	
1985	4.734040e-001	5.182200e-001	3.920000e-004	
1986	4.733080e-001	5.183240e-001	3.840000e-004	
1987	4.732640e-001	5.183480e-001	4.040000e-004	
1988	4.732080e-001	5.183920e-001	4.160000e-004	
1989	4.730960e-001	5.185120e-001	4.080000e-004	
1990	4.731200e-001	5.184920e-001	4.040000e-004	
1991	4.729920e-001	5.186400e-001	3.840000e-004	
1992	4.729240e-001	5.187280e-001	3.640000e-004	
1993	4.728280e-001	5.188120e-001	3.760000e-004	
1994	4.727400e-001	5.188800e-001	3.960000e-004	
1995	4.726280e-001	5.189680e-001	4.200000e-004	
1996	4.725520e-001	5.190280e-001	4.360000e-004	
1997	4.725560e-001	5.190200e-001	4.400000e-004	
1998	4.725520e-001	5.189520e-001	5.120000e-004	
1999	4.726040e-001	5.189120e-001	5.000000e-004	
2000	4.726240e-001	5.188840e-001	5.080000e-004	
2001	4.726760e-001	5.187880e-001	5.520000e-004	
