1	0	
2	5.000000e-005	
3	3.000000e-004	
4	8.500000e-004	
5	1.850000e-003	
6	3.875000e-003	
7	6.150000e-003	
8	9.475000e-003	
9	1.380000e-002	
10	1.787500e-002	
11	2.400000e-002	
12	3.047500e-002	
13	3.795000e-002	
14	4.595000e-002	
15	5.425000e-002	
16	5.955000e-002	
17	6.362500e-002	
18	6.797500e-002	
19	7.285000e-002	
20	7.615000e-002	
21	8.125000e-002	
22	8.130000e-002	
23	8.032500e-002	
24	8.057500e-002	
25	7.872500e-002	
26	8.122500e-002	
27	8.145000e-002	
28	8.090000e-002	
29	7.940000e-002	
30	7.757500e-002	
31	7.622500e-002	
32	7.720000e-002	
33	7.790000e-002	
34	7.980000e-002	
35	8.110000e-002	
36	8.172500e-002	
37	8.052500e-002	
38	8.072500e-002	
39	8.147500e-002	
40	7.962500e-002	
41	8.000000e-002	
42	7.890000e-002	
43	7.925000e-002	
44	7.980000e-002	
45	7.770000e-002	
46	7.650000e-002	
47	8.132500e-002	
48	8.220000e-002	
49	8.240000e-002	
50	8.210000e-002	
51	7.840000e-002	
52	7.985000e-002	
53	7.962500e-002	
54	7.960000e-002	
55	8.107500e-002	
56	8.000000e-002	
57	8.055000e-002	
58	7.862500e-002	
59	7.657500e-002	
60	7.675000e-002	
61	7.965000e-002	
62	7.787500e-002	
63	7.470000e-002	
64	7.505000e-002	
65	7.722500e-002	
66	8.120000e-002	
67	8.172500e-002	
68	8.177500e-002	
69	8.037500e-002	
70	7.825000e-002	
71	8.045000e-002	
72	8.177500e-002	
73	8.130000e-002	
74	7.970000e-002	
75	7.855000e-002	
76	7.737500e-002	
77	7.525000e-002	
78	7.605000e-002	
79	7.767500e-002	
80	8.037500e-002	
81	8.120000e-002	
82	8.277500e-002	
83	8.087500e-002	
84	7.830000e-002	
85	7.680000e-002	
86	7.927500e-002	
87	7.897500e-002	
88	8.215000e-002	
89	8.022500e-002	
90	8.227500e-002	
91	8.035000e-002	
92	8.140000e-002	
93	8.035000e-002	
94	7.670000e-002	
95	7.735000e-002	
96	7.685000e-002	
97	7.680000e-002	
98	7.890000e-002	
99	7.890000e-002	
100	8.102500e-002	
101	7.922500e-002	
102	8.040000e-002	
103	8.067500e-002	
104	8.010000e-002	
105	8.022500e-002	
106	8.030000e-002	
107	7.900000e-002	
108	7.830000e-002	
109	7.777500e-002	
110	7.680000e-002	
111	7.765000e-002	
112	7.890000e-002	
113	8.202500e-002	
114	8.225000e-002	
115	8.150000e-002	
116	8.105000e-002	
117	8.050000e-002	
118	7.785000e-002	
119	7.872500e-002	
120	7.795000e-002	
121	7.800000e-002	
122	7.927500e-002	
123	8.080000e-002	
124	7.995000e-002	
125	7.802500e-002	
126	7.977500e-002	
127	8.012500e-002	
128	7.972500e-002	
129	7.935000e-002	
130	8.015000e-002	
131	7.982500e-002	
132	7.980000e-002	
133	7.740000e-002	
134	7.885000e-002	
135	7.860000e-002	
136	7.495000e-002	
137	7.712500e-002	
138	8.202500e-002	
139	8.255000e-002	
140	8.212500e-002	
141	8.020000e-002	
142	7.882500e-002	
143	7.742500e-002	
144	7.930000e-002	
145	8.105000e-002	
146	7.890000e-002	
147	7.862500e-002	
148	8.137500e-002	
149	7.962500e-002	
150	7.860000e-002	
151	8.185000e-002	
152	8.075000e-002	
153	8.160000e-002	
154	8.015000e-002	
155	7.872500e-002	
156	7.650000e-002	
157	7.625000e-002	
158	7.675000e-002	
159	7.805000e-002	
160	7.812500e-002	
161	7.937500e-002	
162	7.577500e-002	
163	7.835000e-002	
164	8.185000e-002	
165	8.125000e-002	
166	7.975000e-002	
167	7.960000e-002	
168	7.990000e-002	
169	7.885000e-002	
170	7.707500e-002	
171	7.555000e-002	
172	7.730000e-002	
173	7.902500e-002	
174	7.847500e-002	
175	7.792500e-002	
176	7.937500e-002	
177	7.855000e-002	
178	8.117500e-002	
179	8.195000e-002	
180	8.060000e-002	
181	8.090000e-002	
182	7.892500e-002	
183	7.650000e-002	
184	8.002500e-002	
185	8.130000e-002	
186	8.177500e-002	
187	7.917500e-002	
188	7.990000e-002	
189	7.825000e-002	
190	7.935000e-002	
191	7.787500e-002	
192	7.930000e-002	
193	8.000000e-002	
194	8.065000e-002	
195	7.877500e-002	
196	7.942500e-002	
197	7.742500e-002	
198	7.935000e-002	
199	7.912500e-002	
200	7.722500e-002	
201	7.720000e-002	
202	7.752500e-002	
203	7.987500e-002	
204	7.892500e-002	
205	7.892500e-002	
206	7.777500e-002	
207	7.670000e-002	
208	7.735000e-002	
209	8.072500e-002	
210	8.177500e-002	
211	7.647500e-002	
212	7.705000e-002	
213	7.762500e-002	
214	8.102500e-002	
215	8.285000e-002	
216	8.167500e-002	
217	8.220000e-002	
218	8.065000e-002	
219	7.792500e-002	
220	7.797500e-002	
221	8.047500e-002	
222	7.830000e-002	
223	8.000000e-002	
224	8.062500e-002	
225	8.077500e-002	
226	7.845000e-002	
227	7.870000e-002	
228	7.835000e-002	
229	7.882500e-002	
230	7.797500e-002	
231	7.687500e-002	
232	7.917500e-002	
233	8.005000e-002	
234	8.212500e-002	
235	8.327500e-002	
236	7.865000e-002	
237	7.715000e-002	
238	7.725000e-002	
239	7.625000e-002	
240	7.745000e-002	
241	8.080000e-002	
242	8.025000e-002	
243	7.885000e-002	
244	8.100000e-002	
245	8.065000e-002	
246	8.015000e-002	
247	7.927500e-002	
248	8.105000e-002	
249	8.067500e-002	
250	7.990000e-002	
251	7.995000e-002	
252	7.847500e-002	
253	7.940000e-002	
254	7.980000e-002	
255	8.015000e-002	
256	7.662500e-002	
257	7.620000e-002	
258	7.620000e-002	
259	8.040000e-002	
260	8.037500e-002	
261	8.067500e-002	
262	8.317500e-002	
263	8.167500e-002	
264	8.070000e-002	
265	7.492500e-002	
266	7.512500e-002	
267	7.870000e-002	
268	7.825000e-002	
269	7.650000e-002	
270	8.220000e-002	
271	8.412500e-002	
272	8.367500e-002	
273	8.322500e-002	
274	7.915000e-002	
275	7.960000e-002	
276	7.707500e-002	
277	7.712500e-002	
278	7.680000e-002	
279	7.782500e-002	
280	8.137500e-002	
281	8.205000e-002	
282	8.002500e-002	
283	8.202500e-002	
284	8.190000e-002	
285	7.917500e-002	
286	8.130000e-002	
287	8.212500e-002	
288	7.972500e-002	
289	7.800000e-002	
290	8.010000e-002	
291	7.940000e-002	
292	7.980000e-002	
293	8.282500e-002	
294	8.287500e-002	
295	8.292500e-002	
296	8.137500e-002	
297	7.730000e-002	
298	7.537500e-002	
299	7.542500e-002	
300	7.710000e-002	
301	7.702500e-002	
302	7.707500e-002	
303	7.755000e-002	
304	8.147500e-002	
305	8.180000e-002	
306	8.227500e-002	
307	7.775000e-002	
308	7.660000e-002	
309	7.775000e-002	
310	7.757500e-002	
311	7.827500e-002	
312	8.132500e-002	
313	8.250000e-002	
314	8.077500e-002	
315	8.042500e-002	
316	8.470000e-002	
317	8.060000e-002	
318	7.792500e-002	
319	7.892500e-002	
320	7.837500e-002	
321	7.545000e-002	
322	7.645000e-002	
323	8.127500e-002	
324	8.420000e-002	
325	8.507500e-002	
326	8.272500e-002	
327	8.287500e-002	
328	7.950000e-002	
329	7.792500e-002	
330	7.412500e-002	
331	7.485000e-002	
332	7.452500e-002	
333	7.702500e-002	
334	7.930000e-002	
335	8.425000e-002	
336	8.502500e-002	
337	8.555000e-002	
338	8.265000e-002	
339	8.272500e-002	
340	8.062500e-002	
341	7.780000e-002	
342	7.682500e-002	
343	7.570000e-002	
344	7.647500e-002	
345	7.590000e-002	
346	7.910000e-002	
347	7.995000e-002	
348	8.035000e-002	
349	8.030000e-002	
350	8.107500e-002	
351	7.830000e-002	
352	7.702500e-002	
353	7.617500e-002	
354	7.657500e-002	
355	7.900000e-002	
356	7.850000e-002	
357	8.240000e-002	
358	8.262500e-002	
359	8.167500e-002	
360	7.962500e-002	
361	7.785000e-002	
362	7.810000e-002	
363	7.557500e-002	
364	7.567500e-002	
365	7.852500e-002	
366	7.922500e-002	
367	7.905000e-002	
368	8.202500e-002	
369	8.242500e-002	
370	8.062500e-002	
371	7.777500e-002	
372	7.725000e-002	
373	7.795000e-002	
374	7.910000e-002	
375	8.092500e-002	
376	7.990000e-002	
377	7.902500e-002	
378	7.735000e-002	
379	7.632500e-002	
380	7.850000e-002	
381	7.700000e-002	
382	7.965000e-002	
383	7.990000e-002	
384	8.100000e-002	
385	8.260000e-002	
386	8.057500e-002	
387	7.812500e-002	
388	7.645000e-002	
389	7.792500e-002	
390	7.645000e-002	
391	7.745000e-002	
392	7.997500e-002	
393	8.160000e-002	
394	8.177500e-002	
395	7.967500e-002	
396	8.015000e-002	
397	7.727500e-002	
398	7.777500e-002	
399	7.920000e-002	
400	7.995000e-002	
401	8.127500e-002	
402	8.097500e-002	
403	8.132500e-002	
404	7.947500e-002	
405	7.967500e-002	
406	8.090000e-002	
407	8.115000e-002	
408	8.290000e-002	
409	8.092500e-002	
410	7.950000e-002	
411	8.022500e-002	
412	8.032500e-002	
413	8.020000e-002	
414	8.077500e-002	
415	7.990000e-002	
416	7.935000e-002	
417	8.055000e-002	
418	7.745000e-002	
419	7.630000e-002	
420	7.620000e-002	
421	7.830000e-002	
422	8.122500e-002	
423	8.052500e-002	
424	8.130000e-002	
425	8.087500e-002	
426	8.077500e-002	
427	8.037500e-002	
428	7.870000e-002	
429	7.840000e-002	
430	7.672500e-002	
431	7.787500e-002	
432	7.592500e-002	
433	7.522500e-002	
434	7.590000e-002	
435	8.077500e-002	
436	8.187500e-002	
437	8.400000e-002	
438	8.127500e-002	
439	7.920000e-002	
440	7.750000e-002	
441	7.647500e-002	
442	7.785000e-002	
443	7.972500e-002	
444	8.160000e-002	
445	8.057500e-002	
446	8.082500e-002	
447	7.820000e-002	
448	7.722500e-002	
449	7.807500e-002	
450	7.795000e-002	
451	8.172500e-002	
452	8.005000e-002	
453	8.110000e-002	
454	8.020000e-002	
455	7.925000e-002	
456	7.825000e-002	
457	7.655000e-002	
458	7.685000e-002	
459	7.592500e-002	
460	7.705000e-002	
461	8.022500e-002	
462	8.337500e-002	
463	8.430000e-002	
464	8.355000e-002	
465	7.732500e-002	
466	7.652500e-002	
467	7.792500e-002	
468	7.442500e-002	
469	7.535000e-002	
470	7.840000e-002	
471	8.050000e-002	
472	8.175000e-002	
473	8.080000e-002	
474	8.175000e-002	
475	8.262500e-002	
476	8.135000e-002	
477	8.045000e-002	
478	7.907500e-002	
479	7.705000e-002	
480	7.702500e-002	
481	7.852500e-002	
482	8.182500e-002	
483	8.340000e-002	
484	8.040000e-002	
485	8.012500e-002	
486	7.962500e-002	
487	7.912500e-002	
488	7.992500e-002	
489	7.952500e-002	
490	8.232500e-002	
491	8.285000e-002	
492	8.155000e-002	
493	7.995000e-002	
494	7.925000e-002	
495	7.807500e-002	
496	7.775000e-002	
497	8.077500e-002	
498	8.085000e-002	
499	7.817500e-002	
500	8.130000e-002	
501	8.102500e-002	
502	8.107500e-002	
503	7.920000e-002	
504	7.837500e-002	
505	7.445000e-002	
506	7.497500e-002	
507	7.482500e-002	
508	7.940000e-002	
509	8.147500e-002	
510	7.992500e-002	
511	8.380000e-002	
512	8.225000e-002	
513	8.117500e-002	
514	7.837500e-002	
515	7.807500e-002	
516	7.945000e-002	
517	7.725000e-002	
518	7.687500e-002	
519	7.857500e-002	
520	7.722500e-002	
521	8.047500e-002	
522	8.067500e-002	
523	7.700000e-002	
524	7.687500e-002	
525	7.637500e-002	
526	7.870000e-002	
527	8.075000e-002	
528	8.205000e-002	
529	8.305000e-002	
530	8.080000e-002	
531	7.902500e-002	
532	7.662500e-002	
533	7.272500e-002	
534	7.347500e-002	
535	7.582500e-002	
536	8.137500e-002	
537	7.942500e-002	
538	7.975000e-002	
539	8.365000e-002	
540	8.462500e-002	
541	8.287500e-002	
542	7.787500e-002	
543	7.690000e-002	
544	7.810000e-002	
545	7.697500e-002	
546	7.680000e-002	
547	7.862500e-002	
548	7.920000e-002	
549	8.035000e-002	
550	8.230000e-002	
551	8.170000e-002	
552	8.177500e-002	
553	7.820000e-002	
554	7.732500e-002	
555	7.832500e-002	
556	7.895000e-002	
557	8.170000e-002	
558	8.350000e-002	
559	8.065000e-002	
560	8.222500e-002	
561	8.145000e-002	
562	7.942500e-002	
563	7.957500e-002	
564	7.850000e-002	
565	7.727500e-002	
566	7.875000e-002	
567	7.852500e-002	
568	7.877500e-002	
569	8.107500e-002	
570	8.175000e-002	
571	8.235000e-002	
572	8.292500e-002	
573	8.065000e-002	
574	7.897500e-002	
575	7.847500e-002	
576	7.802500e-002	
577	7.700000e-002	
578	7.647500e-002	
579	7.735000e-002	
580	7.947500e-002	
581	7.822500e-002	
582	7.925000e-002	
583	7.930000e-002	
584	7.905000e-002	
585	7.867500e-002	
586	7.627500e-002	
587	7.440000e-002	
588	7.982500e-002	
589	8.092500e-002	
590	8.052500e-002	
591	8.135000e-002	
592	8.402500e-002	
593	8.280000e-002	
594	8.090000e-002	
595	8.252500e-002	
596	8.097500e-002	
597	7.735000e-002	
598	7.607500e-002	
599	7.562500e-002	
600	7.650000e-002	
601	8.005000e-002	
602	8.002500e-002	
603	8.117500e-002	
604	7.927500e-002	
605	7.997500e-002	
606	7.677500e-002	
607	7.897500e-002	
608	8.112500e-002	
609	8.217500e-002	
610	8.100000e-002	
611	7.927500e-002	
612	7.900000e-002	
613	7.607500e-002	
614	7.865000e-002	
615	7.745000e-002	
616	8.082500e-002	
617	8.360000e-002	
618	8.135000e-002	
619	7.745000e-002	
620	7.870000e-002	
621	7.907500e-002	
622	7.987500e-002	
623	8.145000e-002	
624	8.037500e-002	
625	8.000000e-002	
626	7.912500e-002	
627	7.802500e-002	
628	7.772500e-002	
629	7.797500e-002	
630	7.715000e-002	
631	7.662500e-002	
632	7.975000e-002	
633	8.060000e-002	
634	8.015000e-002	
635	7.757500e-002	
636	7.757500e-002	
637	7.850000e-002	
638	7.947500e-002	
639	8.042500e-002	
640	8.100000e-002	
641	8.322500e-002	
642	8.130000e-002	
643	8.107500e-002	
644	7.922500e-002	
645	7.970000e-002	
646	7.785000e-002	
647	7.675000e-002	
648	7.875000e-002	
649	7.870000e-002	
650	8.202500e-002	
651	8.562500e-002	
652	8.552500e-002	
653	8.115000e-002	
654	7.872500e-002	
655	7.782500e-002	
656	7.607500e-002	
657	7.570000e-002	
658	7.492500e-002	
659	7.607500e-002	
660	7.682500e-002	
661	7.607500e-002	
662	7.627500e-002	
663	7.767500e-002	
664	7.900000e-002	
665	8.020000e-002	
666	8.182500e-002	
667	8.230000e-002	
668	7.867500e-002	
669	8.032500e-002	
670	8.220000e-002	
671	8.187500e-002	
672	8.077500e-002	
673	7.815000e-002	
674	7.597500e-002	
675	7.407500e-002	
676	7.677500e-002	
677	8.032500e-002	
678	8.165000e-002	
679	8.130000e-002	
680	8.092500e-002	
681	7.860000e-002	
682	7.867500e-002	
683	8.012500e-002	
684	8.020000e-002	
685	8.170000e-002	
686	7.865000e-002	
687	7.605000e-002	
688	7.492500e-002	
689	7.767500e-002	
690	8.127500e-002	
691	8.105000e-002	
692	8.102500e-002	
693	8.070000e-002	
694	7.955000e-002	
695	7.750000e-002	
696	7.977500e-002	
697	7.810000e-002	
698	7.947500e-002	
699	7.997500e-002	
700	8.000000e-002	
701	8.045000e-002	
702	8.150000e-002	
703	7.880000e-002	
704	7.882500e-002	
705	7.790000e-002	
706	8.270000e-002	
707	8.122500e-002	
708	7.955000e-002	
709	8.072500e-002	
710	7.817500e-002	
711	7.915000e-002	
712	7.970000e-002	
713	7.975000e-002	
714	8.097500e-002	
715	8.077500e-002	
716	8.025000e-002	
717	7.745000e-002	
718	7.592500e-002	
719	7.495000e-002	
720	7.527500e-002	
721	7.712500e-002	
722	7.880000e-002	
723	7.957500e-002	
724	8.182500e-002	
725	7.957500e-002	
726	8.092500e-002	
727	7.887500e-002	
728	7.645000e-002	
729	7.685000e-002	
730	7.915000e-002	
731	7.750000e-002	
732	7.702500e-002	
733	7.980000e-002	
734	8.127500e-002	
735	8.377500e-002	
736	8.105000e-002	
737	7.922500e-002	
738	7.702500e-002	
739	7.705000e-002	
740	7.810000e-002	
741	7.842500e-002	
742	8.042500e-002	
743	7.957500e-002	
744	8.225000e-002	
745	8.057500e-002	
746	8.057500e-002	
747	7.925000e-002	
748	7.815000e-002	
749	7.690000e-002	
750	7.860000e-002	
751	7.677500e-002	
752	7.945000e-002	
753	8.132500e-002	
754	8.335000e-002	
755	8.435000e-002	
756	8.200000e-002	
757	7.755000e-002	
758	7.867500e-002	
759	8.095000e-002	
760	7.940000e-002	
761	8.020000e-002	
762	7.820000e-002	
763	7.655000e-002	
764	7.785000e-002	
765	7.797500e-002	
766	7.717500e-002	
767	7.830000e-002	
768	7.537500e-002	
769	7.782500e-002	
770	7.857500e-002	
771	8.082500e-002	
772	8.095000e-002	
773	7.712500e-002	
774	7.870000e-002	
775	8.107500e-002	
776	8.077500e-002	
777	8.037500e-002	
778	7.812500e-002	
779	7.622500e-002	
780	7.815000e-002	
781	8.100000e-002	
782	8.215000e-002	
783	7.982500e-002	
784	7.950000e-002	
785	7.887500e-002	
786	8.192500e-002	
787	8.145000e-002	
788	8.357500e-002	
789	8.030000e-002	
790	7.827500e-002	
791	7.865000e-002	
792	7.890000e-002	
793	7.852500e-002	
794	7.932500e-002	
795	8.010000e-002	
796	7.820000e-002	
797	7.910000e-002	
798	7.870000e-002	
799	7.637500e-002	
800	7.835000e-002	
801	8.180000e-002	
802	8.080000e-002	
803	8.060000e-002	
804	7.947500e-002	
805	8.040000e-002	
806	8.012500e-002	
807	7.987500e-002	
808	7.620000e-002	
809	7.665000e-002	
810	7.937500e-002	
811	7.992500e-002	
812	8.055000e-002	
813	8.157500e-002	
814	8.247500e-002	
815	8.517500e-002	
816	7.965000e-002	
817	7.792500e-002	
818	7.785000e-002	
819	7.925000e-002	
820	7.775000e-002	
821	7.742500e-002	
822	7.770000e-002	
823	7.905000e-002	
824	8.125000e-002	
825	8.192500e-002	
826	7.900000e-002	
827	7.992500e-002	
828	8.057500e-002	
829	7.880000e-002	
830	7.647500e-002	
831	7.517500e-002	
832	7.787500e-002	
833	8.027500e-002	
834	8.222500e-002	
835	8.355000e-002	
836	8.352500e-002	
837	8.152500e-002	
838	8.142500e-002	
839	7.902500e-002	
840	7.697500e-002	
841	7.652500e-002	
842	7.677500e-002	
843	7.792500e-002	
844	7.747500e-002	
845	7.745000e-002	
846	7.797500e-002	
847	7.815000e-002	
848	7.597500e-002	
849	7.610000e-002	
850	7.845000e-002	
851	8.300000e-002	
852	8.360000e-002	
853	8.015000e-002	
854	7.917500e-002	
855	7.892500e-002	
856	8.022500e-002	
857	7.745000e-002	
858	8.047500e-002	
859	7.842500e-002	
860	7.625000e-002	
861	8.020000e-002	
862	7.972500e-002	
863	8.292500e-002	
864	8.485000e-002	
865	8.085000e-002	
866	7.687500e-002	
867	7.792500e-002	
868	7.845000e-002	
869	7.662500e-002	
870	7.785000e-002	
871	7.830000e-002	
872	7.995000e-002	
873	7.997500e-002	
874	7.970000e-002	
875	7.837500e-002	
876	8.135000e-002	
877	8.030000e-002	
878	7.805000e-002	
879	7.930000e-002	
880	7.800000e-002	
881	7.832500e-002	
882	7.680000e-002	
883	7.722500e-002	
884	7.705000e-002	
885	7.860000e-002	
886	8.012500e-002	
887	7.895000e-002	
888	7.882500e-002	
889	7.940000e-002	
890	8.077500e-002	
891	8.130000e-002	
892	7.882500e-002	
893	7.675000e-002	
894	7.785000e-002	
895	7.962500e-002	
896	7.962500e-002	
897	7.837500e-002	
898	7.825000e-002	
899	7.985000e-002	
900	8.030000e-002	
901	8.220000e-002	
902	8.105000e-002	
903	8.062500e-002	
904	7.660000e-002	
905	7.622500e-002	
906	7.615000e-002	
907	7.740000e-002	
908	7.785000e-002	
909	8.015000e-002	
910	8.212500e-002	
911	8.435000e-002	
912	8.500000e-002	
913	8.027500e-002	
914	7.642500e-002	
915	7.242500e-002	
916	7.552500e-002	
917	7.562500e-002	
918	7.682500e-002	
919	7.985000e-002	
920	8.092500e-002	
921	8.077500e-002	
922	8.195000e-002	
923	8.222500e-002	
924	8.107500e-002	
925	8.015000e-002	
926	8.010000e-002	
927	8.167500e-002	
928	7.980000e-002	
929	7.722500e-002	
930	7.895000e-002	
931	7.787500e-002	
932	7.857500e-002	
933	7.585000e-002	
934	7.735000e-002	
935	8.037500e-002	
936	7.992500e-002	
937	8.020000e-002	
938	8.095000e-002	
939	8.195000e-002	
940	8.162500e-002	
941	8.215000e-002	
942	7.952500e-002	
943	7.742500e-002	
944	7.662500e-002	
945	8.055000e-002	
946	8.067500e-002	
947	8.087500e-002	
948	8.057500e-002	
949	7.972500e-002	
950	7.940000e-002	
951	8.212500e-002	
952	7.980000e-002	
953	8.035000e-002	
954	7.995000e-002	
955	7.865000e-002	
956	8.017500e-002	
957	8.035000e-002	
958	7.915000e-002	
959	7.992500e-002	
960	7.712500e-002	
961	7.965000e-002	
962	8.215000e-002	
963	7.862500e-002	
964	8.042500e-002	
965	8.177500e-002	
966	8.170000e-002	
967	8.192500e-002	
968	7.992500e-002	
969	7.575000e-002	
970	7.730000e-002	
971	7.882500e-002	
972	7.867500e-002	
973	7.857500e-002	
974	7.950000e-002	
975	8.237500e-002	
976	8.045000e-002	
977	8.030000e-002	
978	7.920000e-002	
979	7.987500e-002	
980	7.860000e-002	
981	7.732500e-002	
982	7.715000e-002	
983	7.682500e-002	
984	7.732500e-002	
985	7.882500e-002	
986	7.752500e-002	
987	7.835000e-002	
988	8.192500e-002	
989	7.962500e-002	
990	8.225000e-002	
991	8.232500e-002	
992	8.115000e-002	
993	7.997500e-002	
994	7.940000e-002	
995	7.845000e-002	
996	7.692500e-002	
997	7.872500e-002	
998	7.952500e-002	
999	8.052500e-002	
1000	7.875000e-002	
1001	7.597500e-002	
1002	7.462500e-002	
1003	7.572500e-002	
1004	7.842500e-002	
1005	8.015000e-002	
1006	8.220000e-002	
1007	8.302500e-002	
1008	8.155000e-002	
1009	8.120000e-002	
1010	7.702500e-002	
1011	7.845000e-002	
1012	7.882500e-002	
1013	7.995000e-002	
1014	7.902500e-002	
1015	7.850000e-002	
1016	7.590000e-002	
1017	7.765000e-002	
1018	7.915000e-002	
1019	7.857500e-002	
1020	7.815000e-002	
1021	8.035000e-002	
1022	8.125000e-002	
1023	8.185000e-002	
1024	8.062500e-002	
1025	7.827500e-002	
1026	7.610000e-002	
1027	7.902500e-002	
1028	7.892500e-002	
1029	8.022500e-002	
1030	7.902500e-002	
1031	8.025000e-002	
1032	8.085000e-002	
1033	8.367500e-002	
1034	8.017500e-002	
1035	7.885000e-002	
1036	7.940000e-002	
1037	7.927500e-002	
1038	8.042500e-002	
1039	8.005000e-002	
1040	8.022500e-002	
1041	7.917500e-002	
1042	7.930000e-002	
1043	8.055000e-002	
1044	7.945000e-002	
1045	8.115000e-002	
1046	8.072500e-002	
1047	8.020000e-002	
1048	7.857500e-002	
1049	7.787500e-002	
1050	7.840000e-002	
1051	7.902500e-002	
1052	8.100000e-002	
1053	7.697500e-002	
1054	7.792500e-002	
1055	7.897500e-002	
1056	8.080000e-002	
1057	8.150000e-002	
1058	8.467500e-002	
1059	8.520000e-002	
1060	8.505000e-002	
1061	8.165000e-002	
1062	7.857500e-002	
1063	7.685000e-002	
1064	7.195000e-002	
1065	7.535000e-002	
1066	7.660000e-002	
1067	7.910000e-002	
1068	7.787500e-002	
1069	7.962500e-002	
1070	8.202500e-002	
1071	8.070000e-002	
1072	7.842500e-002	
1073	7.490000e-002	
1074	7.610000e-002	
1075	7.937500e-002	
1076	7.872500e-002	
1077	7.730000e-002	
1078	8.095000e-002	
1079	8.277500e-002	
1080	8.340000e-002	
1081	8.302500e-002	
1082	8.162500e-002	
1083	7.932500e-002	
1084	7.720000e-002	
1085	7.772500e-002	
1086	7.802500e-002	
1087	8.005000e-002	
1088	7.910000e-002	
1089	8.120000e-002	
1090	8.207500e-002	
1091	8.020000e-002	
1092	8.052500e-002	
1093	7.925000e-002	
1094	7.835000e-002	
1095	7.787500e-002	
1096	7.660000e-002	
1097	7.580000e-002	
1098	7.795000e-002	
1099	7.860000e-002	
1100	8.022500e-002	
1101	8.137500e-002	
1102	8.020000e-002	
1103	8.162500e-002	
1104	8.050000e-002	
1105	7.802500e-002	
1106	7.765000e-002	
1107	7.662500e-002	
1108	7.890000e-002	
1109	8.010000e-002	
1110	7.880000e-002	
1111	7.990000e-002	
1112	8.030000e-002	
1113	7.992500e-002	
1114	8.110000e-002	
1115	7.967500e-002	
1116	7.805000e-002	
1117	7.727500e-002	
1118	8.070000e-002	
1119	8.407500e-002	
1120	8.125000e-002	
1121	8.102500e-002	
1122	8.037500e-002	
1123	7.987500e-002	
1124	8.060000e-002	
1125	7.927500e-002	
1126	7.895000e-002	
1127	7.757500e-002	
1128	7.570000e-002	
1129	7.327500e-002	
1130	7.625000e-002	
1131	7.830000e-002	
1132	8.200000e-002	
1133	8.332500e-002	
1134	8.442500e-002	
1135	8.317500e-002	
1136	8.162500e-002	
1137	8.072500e-002	
1138	7.810000e-002	
1139	7.790000e-002	
1140	7.692500e-002	
1141	7.597500e-002	
1142	7.642500e-002	
1143	7.920000e-002	
1144	7.855000e-002	
1145	8.290000e-002	
1146	8.165000e-002	
1147	8.350000e-002	
1148	8.207500e-002	
1149	7.962500e-002	
1150	7.772500e-002	
1151	7.837500e-002	
1152	7.810000e-002	
1153	7.842500e-002	
1154	7.712500e-002	
1155	7.687500e-002	
1156	7.957500e-002	
1157	7.982500e-002	
1158	7.955000e-002	
1159	8.037500e-002	
1160	7.975000e-002	
1161	8.105000e-002	
1162	8.125000e-002	
1163	8.007500e-002	
1164	7.855000e-002	
1165	7.667500e-002	
1166	7.767500e-002	
1167	7.560000e-002	
1168	7.502500e-002	
1169	7.582500e-002	
1170	7.927500e-002	
1171	8.190000e-002	
1172	8.362500e-002	
1173	8.407500e-002	
1174	8.380000e-002	
1175	8.290000e-002	
1176	7.930000e-002	
1177	7.742500e-002	
1178	7.730000e-002	
1179	7.787500e-002	
1180	8.025000e-002	
1181	8.097500e-002	
1182	7.907500e-002	
1183	7.645000e-002	
1184	7.692500e-002	
1185	7.652500e-002	
1186	7.845000e-002	
1187	8.185000e-002	
1188	8.067500e-002	
1189	8.132500e-002	
1190	8.112500e-002	
1191	7.902500e-002	
1192	7.785000e-002	
1193	8.005000e-002	
1194	7.915000e-002	
1195	7.950000e-002	
1196	7.985000e-002	
1197	7.815000e-002	
1198	7.822500e-002	
1199	7.895000e-002	
1200	7.845000e-002	
1201	7.477500e-002	
1202	7.705000e-002	
1203	7.770000e-002	
1204	8.170000e-002	
1205	8.135000e-002	
1206	8.057500e-002	
1207	8.070000e-002	
1208	8.095000e-002	
1209	8.077500e-002	
1210	7.827500e-002	
1211	7.760000e-002	
1212	7.867500e-002	
1213	7.992500e-002	
1214	7.945000e-002	
1215	7.677500e-002	
1216	8.007500e-002	
1217	7.770000e-002	
1218	7.742500e-002	
1219	7.960000e-002	
1220	8.077500e-002	
1221	7.922500e-002	
1222	7.822500e-002	
1223	8.032500e-002	
1224	7.980000e-002	
1225	7.772500e-002	
1226	7.870000e-002	
1227	7.935000e-002	
1228	8.060000e-002	
1229	7.850000e-002	
1230	8.142500e-002	
1231	8.032500e-002	
1232	8.157500e-002	
1233	8.412500e-002	
1234	8.097500e-002	
1235	7.952500e-002	
1236	8.045000e-002	
1237	7.902500e-002	
1238	7.907500e-002	
1239	7.870000e-002	
1240	7.697500e-002	
1241	7.717500e-002	
1242	7.857500e-002	
1243	7.867500e-002	
1244	8.212500e-002	
1245	8.192500e-002	
1246	8.150000e-002	
1247	8.097500e-002	
1248	8.017500e-002	
1249	8.047500e-002	
1250	7.792500e-002	
1251	8.075000e-002	
1252	7.900000e-002	
1253	7.930000e-002	
1254	7.962500e-002	
1255	7.665000e-002	
1256	7.707500e-002	
1257	7.650000e-002	
1258	7.837500e-002	
1259	7.942500e-002	
1260	7.950000e-002	
1261	8.180000e-002	
1262	8.060000e-002	
1263	7.920000e-002	
1264	7.820000e-002	
1265	7.912500e-002	
1266	7.880000e-002	
1267	8.192500e-002	
1268	8.207500e-002	
1269	8.145000e-002	
1270	7.955000e-002	
1271	7.970000e-002	
1272	7.785000e-002	
1273	7.827500e-002	
1274	7.770000e-002	
1275	7.845000e-002	
1276	7.880000e-002	
1277	8.012500e-002	
1278	8.077500e-002	
1279	8.105000e-002	
1280	8.175000e-002	
1281	8.015000e-002	
1282	8.022500e-002	
1283	7.885000e-002	
1284	7.940000e-002	
1285	7.890000e-002	
1286	7.717500e-002	
1287	7.917500e-002	
1288	8.160000e-002	
1289	8.270000e-002	
1290	8.027500e-002	
1291	7.980000e-002	
1292	8.047500e-002	
1293	8.177500e-002	
1294	7.955000e-002	
1295	7.915000e-002	
1296	8.210000e-002	
1297	8.225000e-002	
1298	8.007500e-002	
1299	8.055000e-002	
1300	7.807500e-002	
1301	7.752500e-002	
1302	8.047500e-002	
1303	7.842500e-002	
1304	7.747500e-002	
1305	7.850000e-002	
1306	8.010000e-002	
1307	8.177500e-002	
1308	8.005000e-002	
1309	7.925000e-002	
1310	7.932500e-002	
1311	7.705000e-002	
1312	7.782500e-002	
1313	7.910000e-002	
1314	7.907500e-002	
1315	7.907500e-002	
1316	7.940000e-002	
1317	8.135000e-002	
1318	8.275000e-002	
1319	8.055000e-002	
1320	7.702500e-002	
1321	7.862500e-002	
1322	7.930000e-002	
1323	7.880000e-002	
1324	7.845000e-002	
1325	7.905000e-002	
1326	7.757500e-002	
1327	7.675000e-002	
1328	7.637500e-002	
1329	7.807500e-002	
1330	7.670000e-002	
1331	7.962500e-002	
1332	8.075000e-002	
1333	8.112500e-002	
1334	8.100000e-002	
1335	7.962500e-002	
1336	7.710000e-002	
1337	7.915000e-002	
1338	7.702500e-002	
1339	7.515000e-002	
1340	7.990000e-002	
1341	8.095000e-002	
1342	8.065000e-002	
1343	8.080000e-002	
1344	8.177500e-002	
1345	7.935000e-002	
1346	7.555000e-002	
1347	7.770000e-002	
1348	7.827500e-002	
1349	7.815000e-002	
1350	8.060000e-002	
1351	8.110000e-002	
1352	8.060000e-002	
1353	7.692500e-002	
1354	7.740000e-002	
1355	7.617500e-002	
1356	7.630000e-002	
1357	7.495000e-002	
1358	7.625000e-002	
1359	7.627500e-002	
1360	7.872500e-002	
1361	8.290000e-002	
1362	8.492500e-002	
1363	8.440000e-002	
1364	7.847500e-002	
1365	7.645000e-002	
1366	7.737500e-002	
1367	7.597500e-002	
1368	7.547500e-002	
1369	7.807500e-002	
1370	7.667500e-002	
1371	7.865000e-002	
1372	7.967500e-002	
1373	7.865000e-002	
1374	7.990000e-002	
1375	7.945000e-002	
1376	8.205000e-002	
1377	8.247500e-002	
1378	8.132500e-002	
1379	8.107500e-002	
1380	8.135000e-002	
1381	8.170000e-002	
1382	8.077500e-002	
1383	7.995000e-002	
1384	8.095000e-002	
1385	7.932500e-002	
1386	7.895000e-002	
1387	7.660000e-002	
1388	7.842500e-002	
1389	7.787500e-002	
1390	7.860000e-002	
1391	8.215000e-002	
1392	8.410000e-002	
1393	8.225000e-002	
1394	8.090000e-002	
1395	7.765000e-002	
1396	7.737500e-002	
1397	7.675000e-002	
1398	7.545000e-002	
1399	7.840000e-002	
1400	7.827500e-002	
1401	8.010000e-002	
1402	8.125000e-002	
1403	8.235000e-002	
1404	8.120000e-002	
1405	8.230000e-002	
1406	7.747500e-002	
1407	7.577500e-002	
1408	7.755000e-002	
1409	7.852500e-002	
1410	8.170000e-002	
1411	8.222500e-002	
1412	8.290000e-002	
1413	8.142500e-002	
1414	8.030000e-002	
1415	7.880000e-002	
1416	7.770000e-002	
1417	7.902500e-002	
1418	7.802500e-002	
1419	7.790000e-002	
1420	8.002500e-002	
1421	7.985000e-002	
1422	8.285000e-002	
1423	8.195000e-002	
1424	8.072500e-002	
1425	7.977500e-002	
1426	7.902500e-002	
1427	7.797500e-002	
1428	7.672500e-002	
1429	7.595000e-002	
1430	7.477500e-002	
1431	7.807500e-002	
1432	8.035000e-002	
1433	8.225000e-002	
1434	8.217500e-002	
1435	8.457500e-002	
1436	8.235000e-002	
1437	8.115000e-002	
1438	7.830000e-002	
1439	7.930000e-002	
1440	7.770000e-002	
1441	7.697500e-002	
1442	7.840000e-002	
1443	7.945000e-002	
1444	7.895000e-002	
1445	8.177500e-002	
1446	8.232500e-002	
1447	8.202500e-002	
1448	8.082500e-002	
1449	7.890000e-002	
1450	7.900000e-002	
1451	7.702500e-002	
1452	7.500000e-002	
1453	7.465000e-002	
1454	7.745000e-002	
1455	8.117500e-002	
1456	8.070000e-002	
1457	8.037500e-002	
1458	7.992500e-002	
1459	7.875000e-002	
1460	7.870000e-002	
1461	7.950000e-002	
1462	7.580000e-002	
1463	7.755000e-002	
1464	7.937500e-002	
1465	7.777500e-002	
1466	8.000000e-002	
1467	8.280000e-002	
1468	8.425000e-002	
1469	8.372500e-002	
1470	8.057500e-002	
1471	7.775000e-002	
1472	7.540000e-002	
1473	7.452500e-002	
1474	7.597500e-002	
1475	7.985000e-002	
1476	8.252500e-002	
1477	8.380000e-002	
1478	8.097500e-002	
1479	8.012500e-002	
1480	7.697500e-002	
1481	7.912500e-002	
1482	8.022500e-002	
1483	7.995000e-002	
1484	8.002500e-002	
1485	8.057500e-002	
1486	8.065000e-002	
1487	8.087500e-002	
1488	8.112500e-002	
1489	7.927500e-002	
1490	7.820000e-002	
1491	7.815000e-002	
1492	7.732500e-002	
1493	7.662500e-002	
1494	7.915000e-002	
1495	8.185000e-002	
1496	8.202500e-002	
1497	8.175000e-002	
1498	7.897500e-002	
1499	7.817500e-002	
1500	7.677500e-002	
1501	7.927500e-002	
1502	7.955000e-002	
1503	8.207500e-002	
1504	8.037500e-002	
1505	8.410000e-002	
1506	8.217500e-002	
1507	8.140000e-002	
1508	7.855000e-002	
1509	7.672500e-002	
1510	7.900000e-002	
1511	7.632500e-002	
1512	7.692500e-002	
1513	7.702500e-002	
1514	7.865000e-002	
1515	8.005000e-002	
1516	8.005000e-002	
1517	8.062500e-002	
1518	7.835000e-002	
1519	7.807500e-002	
1520	8.012500e-002	
1521	7.697500e-002	
1522	7.742500e-002	
1523	7.957500e-002	
1524	7.990000e-002	
1525	8.005000e-002	
1526	7.860000e-002	
1527	7.877500e-002	
1528	7.865000e-002	
1529	7.847500e-002	
1530	7.912500e-002	
1531	7.807500e-002	
1532	8.072500e-002	
1533	8.107500e-002	
1534	8.065000e-002	
1535	7.752500e-002	
1536	7.787500e-002	
1537	7.947500e-002	
1538	7.987500e-002	
1539	8.020000e-002	
1540	7.997500e-002	
1541	7.932500e-002	
1542	7.945000e-002	
1543	7.820000e-002	
1544	8.037500e-002	
1545	7.817500e-002	
1546	7.770000e-002	
1547	7.867500e-002	
1548	8.010000e-002	
1549	8.247500e-002	
1550	8.032500e-002	
1551	7.782500e-002	
1552	7.542500e-002	
1553	7.545000e-002	
1554	7.605000e-002	
1555	7.735000e-002	
1556	7.995000e-002	
1557	8.240000e-002	
1558	8.275000e-002	
1559	8.085000e-002	
1560	7.892500e-002	
1561	7.792500e-002	
1562	7.690000e-002	
1563	7.745000e-002	
1564	7.865000e-002	
1565	8.090000e-002	
1566	8.165000e-002	
1567	8.192500e-002	
1568	8.330000e-002	
1569	7.915000e-002	
1570	7.900000e-002	
1571	7.997500e-002	
1572	8.085000e-002	
1573	7.895000e-002	
1574	7.742500e-002	
1575	7.947500e-002	
1576	7.912500e-002	
1577	7.912500e-002	
1578	7.730000e-002	
1579	7.805000e-002	
1580	7.835000e-002	
1581	7.932500e-002	
1582	8.152500e-002	
1583	8.060000e-002	
1584	8.182500e-002	
1585	8.050000e-002	
1586	7.980000e-002	
1587	7.950000e-002	
1588	7.965000e-002	
1589	8.025000e-002	
1590	7.707500e-002	
1591	7.582500e-002	
1592	7.672500e-002	
1593	7.830000e-002	
1594	7.705000e-002	
1595	7.857500e-002	
1596	7.990000e-002	
1597	8.002500e-002	
1598	7.975000e-002	
1599	8.070000e-002	
1600	7.967500e-002	
1601	7.707500e-002	
1602	7.755000e-002	
1603	7.917500e-002	
1604	8.277500e-002	
1605	8.020000e-002	
1606	8.112500e-002	
1607	7.910000e-002	
1608	7.937500e-002	
1609	7.905000e-002	
1610	7.815000e-002	
1611	7.690000e-002	
1612	7.922500e-002	
1613	8.162500e-002	
1614	8.115000e-002	
1615	8.115000e-002	
1616	8.132500e-002	
1617	8.105000e-002	
1618	8.010000e-002	
1619	7.882500e-002	
1620	7.855000e-002	
1621	7.657500e-002	
1622	7.737500e-002	
1623	7.822500e-002	
1624	8.187500e-002	
1625	8.107500e-002	
1626	8.337500e-002	
1627	8.315000e-002	
1628	7.992500e-002	
1629	7.987500e-002	
1630	7.910000e-002	
1631	7.730000e-002	
1632	7.710000e-002	
1633	7.530000e-002	
1634	7.777500e-002	
1635	7.650000e-002	
1636	7.832500e-002	
1637	7.682500e-002	
1638	8.212500e-002	
1639	7.860000e-002	
1640	7.827500e-002	
1641	8.002500e-002	
1642	7.627500e-002	
1643	7.677500e-002	
1644	7.945000e-002	
1645	8.092500e-002	
1646	7.845000e-002	
1647	7.810000e-002	
1648	7.760000e-002	
1649	8.010000e-002	
1650	7.845000e-002	
1651	7.830000e-002	
1652	7.752500e-002	
1653	7.870000e-002	
1654	8.187500e-002	
1655	8.237500e-002	
1656	8.295000e-002	
1657	8.165000e-002	
1658	7.950000e-002	
1659	7.705000e-002	
1660	7.595000e-002	
1661	7.725000e-002	
1662	7.600000e-002	
1663	7.605000e-002	
1664	7.850000e-002	
1665	8.000000e-002	
1666	8.190000e-002	
1667	8.032500e-002	
1668	7.995000e-002	
1669	7.690000e-002	
1670	7.837500e-002	
1671	7.602500e-002	
1672	7.982500e-002	
1673	8.155000e-002	
1674	7.930000e-002	
1675	7.587500e-002	
1676	7.782500e-002	
1677	7.637500e-002	
1678	7.722500e-002	
1679	7.990000e-002	
1680	8.095000e-002	
1681	8.100000e-002	
1682	8.115000e-002	
1683	8.170000e-002	
1684	7.722500e-002	
1685	7.630000e-002	
1686	7.802500e-002	
1687	7.965000e-002	
1688	7.742500e-002	
1689	8.000000e-002	
1690	8.040000e-002	
1691	7.985000e-002	
1692	8.115000e-002	
1693	8.102500e-002	
1694	8.125000e-002	
1695	7.987500e-002	
1696	7.802500e-002	
1697	7.685000e-002	
1698	7.910000e-002	
1699	8.042500e-002	
1700	7.957500e-002	
1701	7.727500e-002	
1702	7.777500e-002	
1703	7.760000e-002	
1704	7.837500e-002	
1705	7.980000e-002	
1706	8.077500e-002	
1707	8.200000e-002	
1708	8.062500e-002	
1709	7.832500e-002	
1710	8.010000e-002	
1711	7.977500e-002	
1712	7.902500e-002	
1713	8.062500e-002	
1714	8.032500e-002	
1715	7.777500e-002	
1716	7.812500e-002	
1717	7.817500e-002	
1718	7.990000e-002	
1719	7.662500e-002	
1720	7.725000e-002	
1721	7.912500e-002	
1722	7.967500e-002	
1723	8.022500e-002	
1724	7.827500e-002	
1725	8.057500e-002	
1726	8.142500e-002	
1727	8.175000e-002	
1728	8.105000e-002	
1729	7.750000e-002	
1730	7.647500e-002	
1731	7.662500e-002	
1732	7.670000e-002	
1733	7.750000e-002	
1734	7.980000e-002	
1735	8.160000e-002	
1736	8.290000e-002	
1737	8.285000e-002	
1738	8.032500e-002	
1739	7.955000e-002	
1740	7.932500e-002	
1741	7.787500e-002	
1742	7.622500e-002	
1743	7.927500e-002	
1744	8.220000e-002	
1745	8.255000e-002	
1746	8.180000e-002	
1747	8.045000e-002	
1748	7.887500e-002	
1749	7.892500e-002	
1750	7.890000e-002	
1751	7.637500e-002	
1752	7.712500e-002	
1753	8.130000e-002	
1754	8.032500e-002	
1755	7.960000e-002	
1756	8.307500e-002	
1757	8.302500e-002	
1758	7.772500e-002	
1759	7.665000e-002	
1760	7.742500e-002	
1761	7.597500e-002	
1762	7.525000e-002	
1763	7.655000e-002	
1764	7.970000e-002	
1765	8.100000e-002	
1766	8.152500e-002	
1767	8.162500e-002	
1768	8.162500e-002	
1769	8.027500e-002	
1770	7.937500e-002	
1771	7.570000e-002	
1772	7.725000e-002	
1773	7.897500e-002	
1774	7.937500e-002	
1775	8.047500e-002	
1776	8.247500e-002	
1777	8.110000e-002	
1778	7.812500e-002	
1779	8.020000e-002	
1780	8.000000e-002	
1781	7.845000e-002	
1782	7.800000e-002	
1783	7.575000e-002	
1784	7.780000e-002	
1785	7.945000e-002	
1786	8.012500e-002	
1787	8.110000e-002	
1788	8.310000e-002	
1789	8.117500e-002	
1790	8.030000e-002	
1791	7.655000e-002	
1792	7.685000e-002	
1793	7.907500e-002	
1794	7.667500e-002	
1795	7.805000e-002	
1796	7.745000e-002	
1797	8.050000e-002	
1798	8.287500e-002	
1799	8.425000e-002	
1800	8.137500e-002	
1801	7.785000e-002	
1802	7.642500e-002	
1803	7.667500e-002	
1804	7.475000e-002	
1805	7.717500e-002	
1806	8.070000e-002	
1807	8.117500e-002	
1808	8.172500e-002	
1809	8.220000e-002	
1810	7.885000e-002	
1811	7.637500e-002	
1812	7.732500e-002	
1813	7.860000e-002	
1814	8.032500e-002	
1815	8.290000e-002	
1816	8.322500e-002	
1817	8.297500e-002	
1818	7.932500e-002	
1819	7.992500e-002	
1820	7.867500e-002	
1821	7.540000e-002	
1822	7.515000e-002	
1823	7.580000e-002	
1824	7.977500e-002	
1825	8.195000e-002	
1826	8.512500e-002	
1827	8.317500e-002	
1828	8.030000e-002	
1829	8.065000e-002	
1830	8.075000e-002	
1831	7.850000e-002	
1832	7.870000e-002	
1833	7.895000e-002	
1834	7.870000e-002	
1835	7.797500e-002	
1836	7.435000e-002	
1837	7.715000e-002	
1838	7.682500e-002	
1839	8.072500e-002	
1840	8.267500e-002	
1841	8.322500e-002	
1842	8.202500e-002	
1843	8.127500e-002	
1844	7.920000e-002	
1845	7.705000e-002	
1846	8.000000e-002	
1847	7.915000e-002	
1848	8.030000e-002	
1849	8.010000e-002	
1850	7.880000e-002	
1851	8.055000e-002	
1852	7.635000e-002	
1853	7.852500e-002	
1854	7.677500e-002	
1855	8.122500e-002	
1856	8.187500e-002	
1857	7.850000e-002	
1858	7.620000e-002	
1859	7.895000e-002	
1860	8.057500e-002	
1861	8.067500e-002	
1862	7.690000e-002	
1863	7.682500e-002	
1864	7.835000e-002	
1865	7.802500e-002	
1866	7.850000e-002	
1867	7.930000e-002	
1868	8.085000e-002	
1869	8.587500e-002	
1870	8.082500e-002	
1871	7.860000e-002	
1872	7.852500e-002	
1873	7.720000e-002	
1874	7.612500e-002	
1875	7.327500e-002	
1876	7.535000e-002	
1877	7.875000e-002	
1878	7.857500e-002	
1879	8.082500e-002	
1880	8.052500e-002	
1881	7.855000e-002	
1882	7.972500e-002	
1883	7.942500e-002	
1884	8.055000e-002	
1885	8.187500e-002	
1886	8.135000e-002	
1887	7.802500e-002	
1888	7.607500e-002	
1889	7.900000e-002	
1890	7.890000e-002	
1891	8.035000e-002	
1892	7.972500e-002	
1893	7.900000e-002	
1894	8.145000e-002	
1895	8.167500e-002	
1896	8.235000e-002	
1897	7.612500e-002	
1898	7.632500e-002	
1899	7.922500e-002	
1900	7.872500e-002	
1901	8.052500e-002	
1902	8.085000e-002	
1903	7.885000e-002	
1904	7.805000e-002	
1905	7.805000e-002	
1906	8.062500e-002	
1907	7.920000e-002	
1908	7.885000e-002	
1909	7.872500e-002	
1910	7.825000e-002	
1911	7.782500e-002	
1912	7.580000e-002	
1913	7.705000e-002	
1914	7.802500e-002	
1915	7.905000e-002	
1916	8.187500e-002	
1917	8.305000e-002	
1918	8.342500e-002	
1919	8.127500e-002	
1920	7.995000e-002	
1921	7.695000e-002	
1922	7.490000e-002	
1923	7.597500e-002	
1924	7.912500e-002	
1925	8.007500e-002	
1926	7.942500e-002	
1927	8.145000e-002	
1928	8.065000e-002	
1929	8.097500e-002	
1930	8.067500e-002	
1931	7.810000e-002	
1932	7.982500e-002	
1933	8.015000e-002	
1934	7.792500e-002	
1935	7.807500e-002	
1936	7.980000e-002	
1937	7.897500e-002	
1938	7.890000e-002	
1939	7.867500e-002	
1940	7.802500e-002	
1941	8.055000e-002	
1942	8.122500e-002	
1943	8.097500e-002	
1944	8.027500e-002	
1945	7.880000e-002	
1946	8.077500e-002	
1947	7.997500e-002	
1948	7.612500e-002	
1949	7.435000e-002	
1950	7.807500e-002	
1951	7.912500e-002	
1952	8.035000e-002	
1953	8.222500e-002	
1954	8.080000e-002	
1955	8.107500e-002	
1956	8.207500e-002	
1957	8.070000e-002	
1958	8.100000e-002	
1959	7.760000e-002	
1960	7.807500e-002	
1961	8.035000e-002	
1962	7.907500e-002	
1963	8.085000e-002	
1964	8.222500e-002	
1965	8.167500e-002	
1966	8.100000e-002	
1967	8.007500e-002	
1968	8.022500e-002	
1969	7.552500e-002	
1970	7.787500e-002	
1971	7.570000e-002	
1972	7.960000e-002	
1973	7.942500e-002	
1974	8.057500e-002	
1975	8.385000e-002	
1976	8.365000e-002	
1977	8.150000e-002	
1978	7.630000e-002	
1979	7.767500e-002	
1980	8.037500e-002	
1981	8.017500e-002	
1982	7.742500e-002	
1983	7.702500e-002	
1984	7.770000e-002	
1985	7.717500e-002	
1986	8.135000e-002	
1987	8.212500e-002	
1988	8.342500e-002	
1989	7.907500e-002	
1990	7.855000e-002	
1991	7.672500e-002	
1992	7.457500e-002	
1993	7.190000e-002	
1994	7.510000e-002	
1995	7.987500e-002	
1996	8.205000e-002	
1997	8.517500e-002	
1998	8.715000e-002	
1999	8.215000e-002	
2000	8.092500e-002	
2001	7.777500e-002	
2002	7.777500e-002	
2003	7.527500e-002	
2004	7.592500e-002	
2005	7.925000e-002	
2006	8.317500e-002	
2007	8.307500e-002	
2008	8.352500e-002	
2009	8.047500e-002	
2010	7.900000e-002	
2011	7.837500e-002	
2012	7.640000e-002	
2013	7.572500e-002	
2014	7.730000e-002	
2015	7.837500e-002	
2016	7.922500e-002	
2017	8.065000e-002	
2018	8.372500e-002	
2019	8.205000e-002	
2020	7.880000e-002	
2021	7.762500e-002	
2022	7.760000e-002	
2023	7.552500e-002	
2024	7.675000e-002	
2025	7.860000e-002	
2026	8.105000e-002	
2027	8.290000e-002	
2028	8.260000e-002	
2029	7.982500e-002	
2030	7.762500e-002	
2031	7.855000e-002	
2032	7.755000e-002	
2033	7.792500e-002	
2034	7.985000e-002	
2035	7.900000e-002	
2036	7.782500e-002	
2037	7.952500e-002	
2038	7.902500e-002	
2039	7.700000e-002	
2040	7.867500e-002	
2041	7.917500e-002	
2042	8.075000e-002	
2043	8.000000e-002	
2044	8.107500e-002	
2045	8.172500e-002	
2046	8.272500e-002	
2047	8.190000e-002	
2048	7.960000e-002	
2049	7.722500e-002	
2050	7.405000e-002	
2051	7.550000e-002	
2052	7.752500e-002	
2053	7.760000e-002	
2054	7.847500e-002	
2055	7.937500e-002	
2056	8.157500e-002	
2057	8.185000e-002	
2058	8.082500e-002	
2059	8.057500e-002	
2060	7.915000e-002	
2061	8.035000e-002	
2062	7.842500e-002	
2063	7.692500e-002	
2064	7.827500e-002	
2065	7.825000e-002	
2066	7.592500e-002	
2067	7.797500e-002	
2068	8.075000e-002	
2069	8.360000e-002	
2070	8.405000e-002	
2071	8.202500e-002	
2072	7.947500e-002	
2073	8.002500e-002	
2074	8.092500e-002	
2075	7.607500e-002	
2076	7.602500e-002	
2077	7.697500e-002	
2078	7.825000e-002	
2079	7.987500e-002	
2080	8.162500e-002	
2081	8.240000e-002	
2082	8.412500e-002	
2083	8.157500e-002	
2084	8.087500e-002	
2085	7.620000e-002	
2086	7.622500e-002	
2087	7.647500e-002	
2088	7.797500e-002	
2089	7.887500e-002	
2090	7.850000e-002	
2091	8.040000e-002	
2092	7.650000e-002	
2093	7.382500e-002	
2094	7.577500e-002	
2095	7.827500e-002	
2096	7.915000e-002	
2097	7.965000e-002	
2098	7.995000e-002	
2099	7.992500e-002	
2100	8.050000e-002	
2101	8.152500e-002	
2102	8.010000e-002	
2103	7.692500e-002	
2104	7.980000e-002	
2105	8.000000e-002	
2106	8.125000e-002	
2107	8.210000e-002	
2108	7.992500e-002	
2109	7.970000e-002	
2110	7.847500e-002	
2111	7.855000e-002	
2112	7.980000e-002	
2113	7.842500e-002	
2114	7.795000e-002	
2115	7.877500e-002	
2116	8.015000e-002	
2117	8.040000e-002	
2118	7.982500e-002	
2119	8.030000e-002	
2120	8.027500e-002	
2121	7.920000e-002	
2122	7.897500e-002	
2123	8.032500e-002	
2124	8.005000e-002	
2125	7.960000e-002	
2126	7.945000e-002	
2127	8.000000e-002	
2128	8.025000e-002	
2129	7.935000e-002	
2130	7.870000e-002	
2131	7.920000e-002	
2132	8.082500e-002	
2133	7.972500e-002	
2134	7.965000e-002	
2135	7.722500e-002	
2136	7.805000e-002	
2137	7.865000e-002	
2138	7.920000e-002	
2139	7.950000e-002	
2140	8.017500e-002	
2141	7.990000e-002	
2142	7.857500e-002	
2143	7.955000e-002	
2144	8.065000e-002	
2145	8.195000e-002	
2146	8.145000e-002	
2147	8.032500e-002	
2148	7.892500e-002	
2149	7.850000e-002	
2150	7.872500e-002	
2151	7.865000e-002	
2152	8.000000e-002	
2153	8.090000e-002	
2154	7.980000e-002	
2155	8.045000e-002	
2156	8.007500e-002	
2157	7.952500e-002	
2158	7.812500e-002	
2159	7.722500e-002	
2160	7.817500e-002	
2161	7.800000e-002	
2162	7.717500e-002	
2163	7.770000e-002	
2164	7.520000e-002	
2165	7.655000e-002	
2166	7.902500e-002	
2167	7.910000e-002	
2168	7.947500e-002	
2169	7.970000e-002	
2170	8.167500e-002	
2171	8.242500e-002	
2172	8.247500e-002	
2173	8.000000e-002	
2174	7.700000e-002	
2175	7.657500e-002	
2176	7.637500e-002	
2177	7.622500e-002	
2178	7.935000e-002	
2179	7.970000e-002	
2180	8.102500e-002	
2181	8.207500e-002	
2182	8.115000e-002	
2183	8.197500e-002	
2184	8.060000e-002	
2185	8.052500e-002	
2186	7.905000e-002	
2187	7.620000e-002	
2188	7.657500e-002	
2189	7.647500e-002	
2190	7.872500e-002	
2191	8.272500e-002	
2192	8.287500e-002	
2193	8.280000e-002	
2194	8.220000e-002	
2195	7.772500e-002	
2196	7.597500e-002	
2197	7.697500e-002	
2198	7.570000e-002	
2199	7.712500e-002	
2200	8.120000e-002	
2201	8.042500e-002	
2202	8.152500e-002	
2203	8.260000e-002	
2204	8.047500e-002	
2205	7.902500e-002	
2206	8.040000e-002	
2207	7.950000e-002	
2208	7.995000e-002	
2209	7.990000e-002	
2210	7.830000e-002	
2211	7.885000e-002	
2212	8.007500e-002	
2213	8.302500e-002	
2214	8.080000e-002	
2215	7.890000e-002	
2216	8.152500e-002	
2217	7.832500e-002	
2218	7.907500e-002	
2219	7.885000e-002	
2220	7.912500e-002	
2221	7.915000e-002	
2222	7.842500e-002	
2223	7.855000e-002	
2224	7.920000e-002	
2225	7.847500e-002	
2226	7.807500e-002	
2227	7.972500e-002	
2228	7.780000e-002	
2229	7.812500e-002	
2230	8.127500e-002	
2231	8.302500e-002	
2232	8.262500e-002	
2233	8.187500e-002	
2234	7.842500e-002	
2235	7.455000e-002	
2236	7.620000e-002	
2237	7.842500e-002	
2238	7.955000e-002	
2239	8.085000e-002	
2240	8.070000e-002	
2241	8.142500e-002	
2242	8.185000e-002	
2243	8.047500e-002	
2244	8.000000e-002	
2245	8.100000e-002	
2246	7.940000e-002	
2247	8.135000e-002	
2248	7.952500e-002	
2249	7.775000e-002	
2250	7.560000e-002	
2251	7.602500e-002	
2252	7.737500e-002	
2253	7.767500e-002	
2254	8.032500e-002	
2255	7.880000e-002	
2256	7.770000e-002	
2257	7.805000e-002	
2258	8.007500e-002	
2259	8.055000e-002	
2260	8.227500e-002	
2261	8.375000e-002	
2262	8.247500e-002	
2263	8.082500e-002	
2264	7.832500e-002	
2265	7.745000e-002	
2266	7.875000e-002	
2267	7.962500e-002	
2268	7.910000e-002	
2269	7.910000e-002	
2270	8.032500e-002	
2271	7.857500e-002	
2272	7.790000e-002	
2273	7.575000e-002	
2274	7.397500e-002	
2275	7.795000e-002	
2276	8.267500e-002	
2277	8.115000e-002	
2278	8.030000e-002	
2279	7.865000e-002	
2280	8.000000e-002	
2281	7.995000e-002	
2282	7.935000e-002	
2283	8.012500e-002	
2284	7.922500e-002	
2285	8.035000e-002	
2286	7.892500e-002	
2287	7.562500e-002	
2288	7.620000e-002	
2289	7.890000e-002	
2290	7.755000e-002	
2291	8.067500e-002	
2292	7.985000e-002	
2293	8.312500e-002	
2294	8.230000e-002	
2295	7.850000e-002	
2296	7.665000e-002	
2297	7.685000e-002	
2298	7.817500e-002	
2299	7.930000e-002	
2300	7.965000e-002	
2301	7.730000e-002	
2302	8.005000e-002	
2303	8.180000e-002	
2304	8.180000e-002	
2305	7.825000e-002	
2306	7.675000e-002	
2307	7.510000e-002	
2308	7.430000e-002	
2309	7.922500e-002	
2310	7.942500e-002	
2311	7.962500e-002	
2312	8.347500e-002	
2313	8.405000e-002	
2314	8.347500e-002	
2315	7.740000e-002	
2316	7.755000e-002	
2317	7.710000e-002	
2318	7.555000e-002	
2319	7.615000e-002	
2320	7.697500e-002	
2321	7.970000e-002	
2322	8.235000e-002	
2323	8.392500e-002	
2324	8.357500e-002	
2325	8.412500e-002	
2326	8.125000e-002	
2327	7.967500e-002	
2328	7.860000e-002	
2329	7.632500e-002	
2330	7.697500e-002	
2331	7.725000e-002	
2332	7.987500e-002	
2333	8.057500e-002	
2334	8.032500e-002	
2335	7.905000e-002	
2336	7.905000e-002	
2337	7.830000e-002	
2338	7.692500e-002	
2339	7.690000e-002	
2340	7.902500e-002	
2341	7.985000e-002	
2342	7.972500e-002	
2343	7.945000e-002	
2344	8.080000e-002	
2345	8.067500e-002	
2346	7.837500e-002	
2347	7.817500e-002	
2348	8.032500e-002	
2349	8.420000e-002	
2350	8.372500e-002	
2351	8.177500e-002	
2352	7.915000e-002	
2353	7.820000e-002	
2354	7.905000e-002	
2355	7.930000e-002	
2356	7.847500e-002	
2357	7.655000e-002	
2358	7.515000e-002	
2359	7.907500e-002	
2360	7.937500e-002	
2361	7.922500e-002	
2362	8.030000e-002	
2363	8.017500e-002	
2364	8.287500e-002	
2365	7.982500e-002	
2366	7.937500e-002	
2367	8.035000e-002	
2368	7.802500e-002	
2369	7.727500e-002	
2370	7.655000e-002	
2371	7.865000e-002	
2372	7.800000e-002	
2373	7.832500e-002	
2374	7.925000e-002	
2375	8.015000e-002	
2376	8.247500e-002	
2377	8.095000e-002	
2378	7.962500e-002	
2379	8.022500e-002	
2380	7.772500e-002	
2381	7.690000e-002	
2382	7.730000e-002	
2383	7.845000e-002	
2384	7.675000e-002	
2385	7.862500e-002	
2386	8.007500e-002	
2387	8.217500e-002	
2388	8.092500e-002	
2389	8.005000e-002	
2390	7.900000e-002	
2391	7.555000e-002	
2392	7.640000e-002	
2393	7.842500e-002	
2394	7.855000e-002	
2395	7.707500e-002	
2396	7.977500e-002	
2397	8.227500e-002	
2398	8.032500e-002	
2399	8.152500e-002	
2400	8.415000e-002	
2401	8.117500e-002	
2402	7.987500e-002	
2403	7.907500e-002	
2404	8.010000e-002	
2405	7.812500e-002	
2406	8.045000e-002	
2407	8.430000e-002	
2408	7.930000e-002	
2409	7.780000e-002	
2410	7.910000e-002	
2411	7.545000e-002	
2412	7.465000e-002	
2413	7.690000e-002	
2414	7.865000e-002	
2415	7.940000e-002	
2416	8.117500e-002	
2417	8.197500e-002	
2418	8.152500e-002	
2419	8.020000e-002	
2420	8.010000e-002	
2421	8.087500e-002	
2422	8.165000e-002	
2423	8.007500e-002	
2424	8.177500e-002	
2425	8.122500e-002	
2426	7.885000e-002	
2427	7.855000e-002	
2428	7.682500e-002	
2429	7.825000e-002	
2430	7.937500e-002	
2431	7.910000e-002	
2432	7.917500e-002	
2433	8.122500e-002	
2434	7.927500e-002	
2435	8.030000e-002	
2436	7.837500e-002	
2437	7.872500e-002	
2438	7.875000e-002	
2439	8.037500e-002	
2440	7.810000e-002	
2441	7.810000e-002	
2442	7.772500e-002	
2443	7.825000e-002	
2444	8.180000e-002	
2445	8.082500e-002	
2446	8.005000e-002	
2447	7.902500e-002	
2448	7.880000e-002	
2449	7.752500e-002	
2450	7.927500e-002	
2451	7.955000e-002	
2452	7.852500e-002	
2453	7.732500e-002	
2454	7.965000e-002	
2455	8.157500e-002	
2456	8.220000e-002	
2457	8.020000e-002	
2458	7.617500e-002	
2459	7.815000e-002	
2460	7.720000e-002	
2461	7.700000e-002	
2462	7.770000e-002	
2463	7.955000e-002	
2464	7.850000e-002	
2465	8.002500e-002	
2466	8.255000e-002	
2467	8.157500e-002	
2468	8.017500e-002	
2469	7.892500e-002	
2470	7.845000e-002	
2471	7.710000e-002	
2472	7.835000e-002	
2473	7.755000e-002	
2474	7.937500e-002	
2475	8.172500e-002	
2476	8.195000e-002	
2477	8.145000e-002	
2478	7.865000e-002	
2479	7.737500e-002	
2480	7.695000e-002	
2481	7.835000e-002	
2482	7.727500e-002	
2483	7.795000e-002	
2484	7.982500e-002	
2485	8.270000e-002	
2486	8.262500e-002	
2487	8.290000e-002	
2488	8.155000e-002	
2489	7.652500e-002	
2490	7.630000e-002	
2491	7.432500e-002	
2492	7.482500e-002	
2493	7.765000e-002	
2494	7.915000e-002	
2495	7.837500e-002	
2496	8.010000e-002	
2497	8.045000e-002	
2498	8.092500e-002	
2499	8.190000e-002	
2500	7.835000e-002	
2501	7.917500e-002	
2502	7.962500e-002	
2503	7.787500e-002	
2504	7.682500e-002	
2505	7.552500e-002	
2506	7.917500e-002	
2507	8.057500e-002	
2508	8.077500e-002	
2509	8.015000e-002	
2510	7.997500e-002	
2511	7.782500e-002	
2512	7.642500e-002	
2513	7.342500e-002	
2514	7.702500e-002	
2515	7.805000e-002	
2516	7.742500e-002	
2517	7.830000e-002	
2518	7.637500e-002	
2519	7.877500e-002	
2520	8.132500e-002	
2521	8.135000e-002	
2522	8.065000e-002	
2523	8.052500e-002	
2524	7.900000e-002	
2525	7.487500e-002	
2526	7.655000e-002	
2527	7.620000e-002	
2528	7.572500e-002	
2529	7.832500e-002	
2530	7.877500e-002	
2531	8.020000e-002	
2532	8.060000e-002	
2533	8.215000e-002	
2534	8.055000e-002	
2535	7.907500e-002	
2536	7.860000e-002	
2537	7.742500e-002	
2538	7.712500e-002	
2539	7.940000e-002	
2540	7.690000e-002	
2541	7.990000e-002	
2542	8.090000e-002	
2543	8.155000e-002	
2544	7.940000e-002	
2545	7.967500e-002	
2546	7.960000e-002	
2547	8.015000e-002	
2548	7.912500e-002	
2549	7.965000e-002	
2550	8.032500e-002	
2551	8.195000e-002	
2552	8.147500e-002	
2553	8.225000e-002	
2554	7.955000e-002	
2555	7.807500e-002	
2556	7.577500e-002	
2557	7.777500e-002	
2558	7.807500e-002	
2559	8.185000e-002	
2560	8.022500e-002	
2561	8.060000e-002	
2562	8.135000e-002	
2563	7.927500e-002	
2564	7.892500e-002	
2565	7.907500e-002	
2566	8.045000e-002	
2567	8.127500e-002	
2568	8.147500e-002	
2569	7.912500e-002	
2570	7.832500e-002	
2571	7.830000e-002	
2572	7.615000e-002	
2573	8.025000e-002	
2574	8.215000e-002	
2575	8.035000e-002	
2576	7.910000e-002	
2577	7.792500e-002	
2578	7.707500e-002	
2579	7.967500e-002	
2580	7.897500e-002	
2581	7.997500e-002	
2582	7.995000e-002	
2583	7.950000e-002	
2584	8.170000e-002	
2585	7.990000e-002	
2586	7.977500e-002	
2587	7.800000e-002	
2588	7.885000e-002	
2589	8.087500e-002	
2590	8.007500e-002	
2591	8.100000e-002	
2592	8.072500e-002	
2593	8.132500e-002	
2594	8.090000e-002	
2595	8.022500e-002	
2596	7.977500e-002	
2597	7.822500e-002	
2598	7.957500e-002	
2599	8.152500e-002	
2600	7.880000e-002	
2601	7.822500e-002	
2602	7.957500e-002	
2603	7.812500e-002	
2604	7.610000e-002	
2605	7.737500e-002	
2606	7.822500e-002	
2607	8.225000e-002	
2608	8.375000e-002	
2609	7.935000e-002	
2610	7.877500e-002	
2611	7.760000e-002	
2612	7.615000e-002	
2613	7.615000e-002	
2614	7.785000e-002	
2615	7.885000e-002	
2616	8.095000e-002	
2617	8.162500e-002	
2618	8.052500e-002	
2619	7.912500e-002	
2620	7.660000e-002	
2621	7.532500e-002	
2622	7.437500e-002	
2623	7.577500e-002	
2624	7.687500e-002	
2625	8.120000e-002	
2626	8.377500e-002	
2627	8.305000e-002	
2628	8.077500e-002	
2629	8.152500e-002	
2630	7.852500e-002	
2631	8.052500e-002	
2632	7.695000e-002	
2633	7.500000e-002	
2634	7.582500e-002	
2635	7.762500e-002	
2636	8.002500e-002	
2637	8.070000e-002	
2638	8.070000e-002	
2639	8.160000e-002	
2640	8.007500e-002	
2641	7.825000e-002	
2642	8.090000e-002	
2643	8.382500e-002	
2644	8.117500e-002	
2645	7.872500e-002	
2646	7.797500e-002	
2647	7.945000e-002	
2648	7.927500e-002	
2649	7.895000e-002	
2650	7.782500e-002	
2651	7.740000e-002	
2652	7.685000e-002	
2653	7.925000e-002	
2654	8.080000e-002	
2655	8.067500e-002	
2656	8.082500e-002	
2657	8.015000e-002	
2658	7.945000e-002	
2659	7.657500e-002	
2660	7.740000e-002	
2661	7.597500e-002	
2662	7.647500e-002	
2663	7.847500e-002	
2664	7.965000e-002	
2665	7.987500e-002	
2666	8.262500e-002	
2667	8.212500e-002	
2668	7.910000e-002	
2669	7.902500e-002	
2670	7.922500e-002	
2671	8.025000e-002	
2672	7.970000e-002	
2673	8.112500e-002	
2674	8.140000e-002	
2675	8.075000e-002	
2676	7.745000e-002	
2677	7.817500e-002	
2678	8.027500e-002	
2679	8.010000e-002	
2680	8.227500e-002	
2681	7.865000e-002	
2682	7.765000e-002	
2683	7.465000e-002	
2684	7.742500e-002	
2685	7.987500e-002	
2686	7.875000e-002	
2687	8.037500e-002	
2688	7.950000e-002	
2689	7.927500e-002	
2690	7.845000e-002	
2691	7.797500e-002	
2692	7.710000e-002	
2693	7.800000e-002	
2694	8.082500e-002	
2695	8.187500e-002	
2696	8.272500e-002	
2697	8.272500e-002	
2698	7.705000e-002	
2699	7.515000e-002	
2700	7.610000e-002	
2701	7.782500e-002	
2702	8.077500e-002	
2703	8.152500e-002	
2704	8.042500e-002	
2705	7.942500e-002	
2706	7.907500e-002	
2707	7.877500e-002	
2708	8.090000e-002	
2709	8.455000e-002	
2710	8.152500e-002	
2711	7.922500e-002	
2712	8.090000e-002	
2713	7.860000e-002	
2714	7.580000e-002	
2715	7.627500e-002	
2716	7.772500e-002	
2717	7.732500e-002	
2718	7.872500e-002	
2719	7.955000e-002	
2720	8.022500e-002	
2721	8.307500e-002	
2722	7.682500e-002	
2723	7.710000e-002	
2724	7.892500e-002	
2725	8.102500e-002	
2726	7.832500e-002	
2727	7.845000e-002	
2728	7.972500e-002	
2729	7.777500e-002	
2730	8.012500e-002	
2731	8.135000e-002	
2732	7.975000e-002	
2733	8.000000e-002	
2734	7.755000e-002	
2735	7.892500e-002	
2736	7.887500e-002	
2737	7.860000e-002	
2738	7.837500e-002	
2739	7.762500e-002	
2740	8.017500e-002	
2741	8.020000e-002	
2742	7.950000e-002	
2743	8.057500e-002	
2744	8.100000e-002	
2745	8.040000e-002	
2746	8.160000e-002	
2747	8.140000e-002	
2748	7.910000e-002	
2749	7.727500e-002	
2750	7.822500e-002	
2751	7.952500e-002	
2752	8.077500e-002	
2753	8.070000e-002	
2754	7.997500e-002	
2755	7.972500e-002	
2756	7.950000e-002	
2757	7.897500e-002	
2758	7.980000e-002	
2759	7.890000e-002	
2760	7.667500e-002	
2761	7.660000e-002	
2762	7.802500e-002	
2763	7.920000e-002	
2764	7.930000e-002	
2765	8.140000e-002	
2766	8.185000e-002	
2767	8.087500e-002	
2768	8.117500e-002	
2769	8.315000e-002	
2770	7.840000e-002	
2771	7.637500e-002	
2772	7.597500e-002	
2773	7.950000e-002	
2774	7.722500e-002	
2775	7.615000e-002	
2776	7.502500e-002	
2777	7.880000e-002	
2778	8.192500e-002	
2779	8.362500e-002	
2780	8.092500e-002	
2781	7.940000e-002	
2782	7.917500e-002	
2783	7.865000e-002	
2784	7.870000e-002	
2785	8.080000e-002	
2786	8.010000e-002	
2787	8.017500e-002	
2788	7.822500e-002	
2789	7.885000e-002	
2790	7.935000e-002	
2791	8.105000e-002	
2792	7.972500e-002	
2793	8.112500e-002	
2794	8.212500e-002	
2795	7.957500e-002	
2796	7.832500e-002	
2797	8.032500e-002	
2798	8.027500e-002	
2799	8.000000e-002	
2800	7.862500e-002	
2801	7.750000e-002	
2802	7.805000e-002	
2803	7.885000e-002	
2804	7.975000e-002	
2805	7.930000e-002	
2806	7.690000e-002	
2807	7.870000e-002	
2808	7.902500e-002	
2809	7.980000e-002	
2810	7.737500e-002	
2811	7.732500e-002	
2812	7.915000e-002	
2813	8.000000e-002	
2814	7.847500e-002	
2815	7.630000e-002	
2816	7.680000e-002	
2817	8.032500e-002	
2818	8.047500e-002	
2819	8.375000e-002	
2820	8.425000e-002	
2821	8.385000e-002	
2822	8.140000e-002	
2823	7.827500e-002	
2824	7.727500e-002	
2825	7.605000e-002	
2826	7.707500e-002	
2827	7.915000e-002	
2828	7.955000e-002	
2829	7.805000e-002	
2830	7.782500e-002	
2831	7.942500e-002	
2832	7.775000e-002	
2833	7.897500e-002	
2834	8.057500e-002	
2835	7.955000e-002	
2836	7.972500e-002	
2837	7.920000e-002	
2838	7.720000e-002	
2839	7.795000e-002	
2840	7.685000e-002	
2841	7.745000e-002	
2842	7.875000e-002	
2843	8.145000e-002	
2844	8.000000e-002	
2845	8.097500e-002	
2846	7.930000e-002	
2847	8.090000e-002	
2848	7.907500e-002	
2849	7.895000e-002	
2850	7.830000e-002	
2851	7.997500e-002	
2852	7.737500e-002	
2853	7.842500e-002	
2854	8.067500e-002	
2855	7.865000e-002	
2856	7.810000e-002	
2857	7.792500e-002	
2858	7.892500e-002	
2859	7.815000e-002	
2860	7.995000e-002	
2861	8.052500e-002	
2862	8.130000e-002	
2863	8.140000e-002	
2864	8.162500e-002	
2865	7.945000e-002	
2866	7.647500e-002	
2867	7.637500e-002	
2868	8.107500e-002	
2869	8.372500e-002	
2870	7.977500e-002	
2871	7.867500e-002	
2872	7.882500e-002	
2873	7.940000e-002	
2874	8.000000e-002	
2875	7.922500e-002	
2876	7.907500e-002	
2877	8.182500e-002	
2878	8.202500e-002	
2879	8.242500e-002	
2880	7.897500e-002	
2881	7.815000e-002	
2882	7.715000e-002	
2883	7.797500e-002	
2884	7.955000e-002	
2885	8.230000e-002	
2886	7.907500e-002	
2887	8.070000e-002	
2888	8.242500e-002	
2889	8.187500e-002	
2890	8.285000e-002	
2891	8.305000e-002	
2892	7.930000e-002	
2893	7.720000e-002	
2894	7.682500e-002	
2895	7.645000e-002	
2896	7.695000e-002	
2897	7.787500e-002	
2898	8.205000e-002	
2899	8.265000e-002	
2900	8.225000e-002	
2901	8.392500e-002	
2902	8.095000e-002	
2903	8.015000e-002	
2904	7.947500e-002	
2905	7.990000e-002	
2906	8.120000e-002	
2907	8.102500e-002	
2908	7.755000e-002	
2909	8.075000e-002	
2910	8.007500e-002	
2911	8.040000e-002	
2912	7.907500e-002	
2913	7.795000e-002	
2914	7.890000e-002	
2915	7.745000e-002	
2916	7.725000e-002	
2917	7.995000e-002	
2918	7.972500e-002	
2919	8.117500e-002	
2920	8.277500e-002	
2921	8.265000e-002	
2922	8.180000e-002	
2923	7.842500e-002	
2924	7.787500e-002	
2925	7.707500e-002	
2926	7.585000e-002	
2927	7.697500e-002	
2928	7.710000e-002	
2929	7.827500e-002	
2930	7.860000e-002	
2931	8.107500e-002	
2932	8.057500e-002	
2933	7.930000e-002	
2934	7.670000e-002	
2935	7.705000e-002	
2936	7.755000e-002	
2937	8.307500e-002	
2938	8.100000e-002	
2939	8.175000e-002	
2940	8.380000e-002	
2941	8.100000e-002	
2942	8.097500e-002	
2943	7.597500e-002	
2944	7.480000e-002	
2945	7.582500e-002	
2946	7.872500e-002	
2947	7.885000e-002	
2948	7.965000e-002	
2949	8.040000e-002	
2950	7.932500e-002	
2951	7.900000e-002	
2952	7.887500e-002	
2953	7.875000e-002	
2954	7.715000e-002	
2955	7.722500e-002	
2956	7.825000e-002	
2957	7.877500e-002	
2958	8.012500e-002	
2959	8.102500e-002	
2960	8.310000e-002	
2961	8.207500e-002	
2962	8.147500e-002	
2963	8.007500e-002	
2964	7.977500e-002	
2965	7.660000e-002	
2966	7.520000e-002	
2967	7.702500e-002	
2968	7.762500e-002	
2969	7.897500e-002	
2970	8.160000e-002	
2971	8.320000e-002	
2972	8.445000e-002	
2973	8.317500e-002	
2974	8.000000e-002	
2975	7.960000e-002	
2976	7.862500e-002	
2977	7.832500e-002	
2978	8.050000e-002	
2979	7.667500e-002	
2980	7.710000e-002	
2981	7.787500e-002	
2982	7.700000e-002	
2983	7.805000e-002	
2984	7.835000e-002	
2985	8.055000e-002	
2986	8.105000e-002	
2987	8.082500e-002	
2988	8.062500e-002	
2989	7.735000e-002	
2990	8.035000e-002	
2991	8.255000e-002	
2992	8.142500e-002	
2993	8.172500e-002	
2994	8.095000e-002	
2995	7.962500e-002	
2996	7.842500e-002	
2997	7.622500e-002	
2998	7.707500e-002	
2999	7.752500e-002	
3000	8.137500e-002	
3001	8.082500e-002	
