1	0	
2	0	
3	0	
4	0	
5	0	
6	0	
7	0	
8	2.500000e-005	
9	1.500000e-004	
10	4.500000e-004	
11	6.750000e-004	
12	1.250000e-003	
13	1.750000e-003	
14	2.100000e-003	
15	3.025000e-003	
16	3.975000e-003	
17	4.900000e-003	
18	6.250000e-003	
19	7.725000e-003	
20	9.025000e-003	
21	1.042500e-002	
22	1.257500e-002	
23	1.450000e-002	
24	1.577500e-002	
25	1.747500e-002	
26	2.035000e-002	
27	2.207500e-002	
28	2.497500e-002	
29	2.677500e-002	
30	2.910000e-002	
31	3.080000e-002	
32	3.307500e-002	
33	3.455000e-002	
34	3.507500e-002	
35	3.400000e-002	
36	3.260000e-002	
37	3.127500e-002	
38	2.937500e-002	
39	2.907500e-002	
40	2.752500e-002	
41	2.372500e-002	
42	2.217500e-002	
43	2.010000e-002	
44	2.002500e-002	
45	1.947500e-002	
46	1.762500e-002	
47	1.705000e-002	
48	1.587500e-002	
49	1.432500e-002	
50	1.350000e-002	
51	1.237500e-002	
52	1.137500e-002	
53	1.085000e-002	
54	9.850000e-003	
55	7.925000e-003	
56	8.075000e-003	
57	8.150000e-003	
58	8.125000e-003	
59	7.675000e-003	
60	7.650000e-003	
61	5.675000e-003	
62	5.225000e-003	
63	5.475000e-003	
64	5.475000e-003	
65	6.875000e-003	
66	7.725000e-003	
67	8.900000e-003	
68	8.650000e-003	
69	1.055000e-002	
70	1.182500e-002	
71	1.272500e-002	
72	1.345000e-002	
73	1.337500e-002	
74	1.580000e-002	
75	1.715000e-002	
76	1.880000e-002	
77	2.045000e-002	
78	2.102500e-002	
79	2.090000e-002	
80	2.085000e-002	
81	2.242500e-002	
82	2.457500e-002	
83	2.617500e-002	
84	2.647500e-002	
85	2.872500e-002	
86	2.997500e-002	
87	3.082500e-002	
88	3.057500e-002	
89	3.095000e-002	
90	3.035000e-002	
91	2.825000e-002	
92	2.645000e-002	
93	2.532500e-002	
94	2.260000e-002	
95	2.085000e-002	
96	1.965000e-002	
97	1.845000e-002	
98	1.692500e-002	
99	1.527500e-002	
100	1.347500e-002	
101	1.177500e-002	
102	1.000000e-002	
103	9.425000e-003	
104	1.025000e-002	
105	1.060000e-002	
106	1.070000e-002	
107	1.030000e-002	
108	1.095000e-002	
109	1.140000e-002	
110	1.175000e-002	
111	1.282500e-002	
112	1.457500e-002	
113	1.575000e-002	
114	1.577500e-002	
115	1.547500e-002	
116	1.682500e-002	
117	1.767500e-002	
118	1.925000e-002	
119	2.025000e-002	
120	1.910000e-002	
121	1.950000e-002	
122	1.872500e-002	
123	2.040000e-002	
124	2.085000e-002	
125	2.237500e-002	
126	2.170000e-002	
127	2.192500e-002	
128	2.147500e-002	
129	2.115000e-002	
130	2.152500e-002	
131	2.187500e-002	
132	2.207500e-002	
133	2.145000e-002	
134	2.072500e-002	
135	2.015000e-002	
136	1.960000e-002	
137	1.882500e-002	
138	1.920000e-002	
139	1.990000e-002	
140	2.065000e-002	
141	2.032500e-002	
142	1.990000e-002	
143	1.877500e-002	
144	1.935000e-002	
145	1.990000e-002	
146	2.010000e-002	
147	2.090000e-002	
148	2.232500e-002	
149	2.192500e-002	
150	1.972500e-002	
151	1.967500e-002	
152	1.915000e-002	
153	1.830000e-002	
154	1.837500e-002	
155	1.897500e-002	
156	1.807500e-002	
157	1.860000e-002	
158	2.012500e-002	
159	2.092500e-002	
160	2.170000e-002	
161	2.232500e-002	
162	2.272500e-002	
163	2.260000e-002	
164	2.145000e-002	
165	1.940000e-002	
166	1.862500e-002	
167	1.810000e-002	
168	1.847500e-002	
169	1.730000e-002	
170	1.642500e-002	
171	1.692500e-002	
172	1.725000e-002	
173	1.852500e-002	
174	1.957500e-002	
175	1.955000e-002	
176	2.040000e-002	
177	2.080000e-002	
178	2.180000e-002	
179	2.307500e-002	
180	2.310000e-002	
181	2.342500e-002	
182	2.460000e-002	
183	2.415000e-002	
184	2.350000e-002	
185	2.447500e-002	
186	2.470000e-002	
187	2.375000e-002	
188	2.130000e-002	
189	2.075000e-002	
190	2.112500e-002	
191	1.965000e-002	
192	2.082500e-002	
193	2.037500e-002	
194	2.020000e-002	
195	1.937500e-002	
196	1.845000e-002	
197	1.930000e-002	
198	1.892500e-002	
199	1.752500e-002	
200	1.722500e-002	
201	1.592500e-002	
202	1.612500e-002	
203	1.772500e-002	
204	1.800000e-002	
205	1.912500e-002	
206	1.935000e-002	
207	2.052500e-002	
208	2.020000e-002	
209	2.197500e-002	
210	2.192500e-002	
211	2.230000e-002	
212	2.275000e-002	
213	2.280000e-002	
214	2.352500e-002	
215	2.267500e-002	
216	2.315000e-002	
217	2.287500e-002	
218	2.322500e-002	
219	2.212500e-002	
220	2.215000e-002	
221	2.252500e-002	
222	2.257500e-002	
223	2.182500e-002	
224	2.292500e-002	
225	2.167500e-002	
226	2.127500e-002	
227	2.135000e-002	
228	2.047500e-002	
229	2.017500e-002	
230	1.920000e-002	
231	1.915000e-002	
232	2.070000e-002	
233	2.112500e-002	
234	2.160000e-002	
235	2.107500e-002	
236	2.212500e-002	
237	2.215000e-002	
238	2.230000e-002	
239	2.205000e-002	
240	2.025000e-002	
241	2.035000e-002	
242	1.995000e-002	
243	1.952500e-002	
244	1.832500e-002	
245	1.745000e-002	
246	1.802500e-002	
247	1.795000e-002	
248	1.867500e-002	
249	1.920000e-002	
250	1.977500e-002	
251	1.970000e-002	
252	1.992500e-002	
253	2.065000e-002	
254	2.005000e-002	
255	2.045000e-002	
256	2.030000e-002	
257	2.047500e-002	
258	2.095000e-002	
259	2.192500e-002	
260	1.985000e-002	
261	2.035000e-002	
262	1.965000e-002	
263	1.930000e-002	
264	2.000000e-002	
265	1.895000e-002	
266	1.912500e-002	
267	2.007500e-002	
268	1.940000e-002	
269	1.922500e-002	
270	1.890000e-002	
271	1.972500e-002	
272	2.102500e-002	
273	1.980000e-002	
274	1.967500e-002	
275	1.987500e-002	
276	2.067500e-002	
277	1.985000e-002	
278	1.912500e-002	
279	1.945000e-002	
280	1.947500e-002	
281	1.822500e-002	
282	1.907500e-002	
283	1.870000e-002	
284	2.045000e-002	
285	2.085000e-002	
286	1.975000e-002	
287	1.995000e-002	
288	2.015000e-002	
289	1.997500e-002	
290	1.935000e-002	
291	2.030000e-002	
292	2.030000e-002	
293	1.960000e-002	
294	2.032500e-002	
295	2.150000e-002	
296	2.152500e-002	
297	2.147500e-002	
298	2.130000e-002	
299	2.360000e-002	
300	2.395000e-002	
301	2.385000e-002	
302	2.292500e-002	
303	2.172500e-002	
304	2.005000e-002	
305	1.897500e-002	
306	1.822500e-002	
307	1.757500e-002	
308	1.665000e-002	
309	1.807500e-002	
310	1.765000e-002	
311	1.797500e-002	
312	1.840000e-002	
313	1.935000e-002	
314	1.897500e-002	
315	2.007500e-002	
316	1.950000e-002	
317	1.990000e-002	
318	2.152500e-002	
319	2.147500e-002	
320	2.345000e-002	
321	2.270000e-002	
322	2.127500e-002	
323	2.190000e-002	
324	2.400000e-002	
325	2.387500e-002	
326	2.170000e-002	
327	2.070000e-002	
328	2.055000e-002	
329	1.992500e-002	
330	1.955000e-002	
331	1.910000e-002	
332	1.882500e-002	
333	1.752500e-002	
334	1.707500e-002	
335	1.767500e-002	
336	1.865000e-002	
337	1.877500e-002	
338	1.907500e-002	
339	1.940000e-002	
340	1.862500e-002	
341	1.735000e-002	
342	1.802500e-002	
343	1.810000e-002	
344	1.742500e-002	
345	1.855000e-002	
346	1.852500e-002	
347	1.862500e-002	
348	1.977500e-002	
349	2.055000e-002	
350	2.152500e-002	
351	2.252500e-002	
352	2.282500e-002	
353	2.425000e-002	
354	2.327500e-002	
355	2.397500e-002	
356	2.380000e-002	
357	2.340000e-002	
358	2.285000e-002	
359	2.205000e-002	
360	2.250000e-002	
361	2.227500e-002	
362	2.155000e-002	
363	1.967500e-002	
364	1.800000e-002	
365	1.822500e-002	
366	1.840000e-002	
367	1.755000e-002	
368	1.702500e-002	
369	1.657500e-002	
370	1.650000e-002	
371	1.767500e-002	
372	1.762500e-002	
373	1.640000e-002	
374	1.825000e-002	
375	1.815000e-002	
376	1.857500e-002	
377	1.882500e-002	
378	2.020000e-002	
379	2.012500e-002	
380	2.085000e-002	
381	2.182500e-002	
382	2.217500e-002	
383	2.255000e-002	
384	2.340000e-002	
385	2.422500e-002	
386	2.442500e-002	
387	2.517500e-002	
388	2.547500e-002	
389	2.542500e-002	
390	2.425000e-002	
391	2.300000e-002	
392	2.240000e-002	
393	2.222500e-002	
394	2.090000e-002	
395	2.042500e-002	
396	1.947500e-002	
397	1.935000e-002	
398	1.815000e-002	
399	1.732500e-002	
400	1.585000e-002	
401	1.670000e-002	
402	1.590000e-002	
403	1.647500e-002	
404	1.675000e-002	
405	1.607500e-002	
406	1.590000e-002	
407	1.582500e-002	
408	1.622500e-002	
409	1.565000e-002	
410	1.672500e-002	
411	1.705000e-002	
412	1.900000e-002	
413	2.035000e-002	
414	2.072500e-002	
415	2.162500e-002	
416	2.267500e-002	
417	2.357500e-002	
418	2.382500e-002	
419	2.462500e-002	
420	2.537500e-002	
421	2.595000e-002	
422	2.480000e-002	
423	2.325000e-002	
424	2.247500e-002	
425	2.175000e-002	
426	2.145000e-002	
427	2.030000e-002	
428	1.932500e-002	
429	2.050000e-002	
430	1.832500e-002	
431	1.815000e-002	
432	1.975000e-002	
433	1.962500e-002	
434	1.885000e-002	
435	1.967500e-002	
436	2.025000e-002	
437	2.070000e-002	
438	1.990000e-002	
439	2.082500e-002	
440	2.025000e-002	
441	2.020000e-002	
442	2.010000e-002	
443	1.982500e-002	
444	1.975000e-002	
445	2.047500e-002	
446	1.935000e-002	
447	1.820000e-002	
448	1.772500e-002	
449	1.822500e-002	
450	1.872500e-002	
451	1.967500e-002	
452	1.947500e-002	
453	1.905000e-002	
454	2.010000e-002	
455	2.045000e-002	
456	1.995000e-002	
457	1.897500e-002	
458	1.952500e-002	
459	2.020000e-002	
460	2.125000e-002	
461	1.960000e-002	
462	1.990000e-002	
463	2.057500e-002	
464	2.045000e-002	
465	2.127500e-002	
466	2.060000e-002	
467	2.100000e-002	
468	2.082500e-002	
469	2.210000e-002	
470	1.982500e-002	
471	2.030000e-002	
472	1.977500e-002	
473	1.960000e-002	
474	2.130000e-002	
475	2.110000e-002	
476	2.137500e-002	
477	2.005000e-002	
478	2.055000e-002	
479	2.047500e-002	
480	2.177500e-002	
481	2.160000e-002	
482	2.125000e-002	
483	2.082500e-002	
484	2.187500e-002	
485	2.127500e-002	
486	2.015000e-002	
487	2.070000e-002	
488	1.997500e-002	
489	1.830000e-002	
490	1.845000e-002	
491	1.852500e-002	
492	1.830000e-002	
493	1.747500e-002	
494	1.660000e-002	
495	1.592500e-002	
496	1.625000e-002	
497	1.737500e-002	
498	1.797500e-002	
499	1.910000e-002	
500	1.842500e-002	
501	1.952500e-002	
502	1.972500e-002	
503	1.917500e-002	
504	2.030000e-002	
505	1.962500e-002	
506	1.987500e-002	
507	2.140000e-002	
508	2.212500e-002	
509	2.275000e-002	
510	2.252500e-002	
511	2.317500e-002	
512	2.142500e-002	
513	2.112500e-002	
514	2.145000e-002	
515	2.075000e-002	
516	2.157500e-002	
517	2.082500e-002	
518	2.142500e-002	
519	2.150000e-002	
520	2.047500e-002	
521	2.072500e-002	
522	1.922500e-002	
523	1.912500e-002	
524	1.950000e-002	
525	1.947500e-002	
526	2.072500e-002	
527	1.970000e-002	
528	1.915000e-002	
529	1.852500e-002	
530	1.872500e-002	
531	1.830000e-002	
532	1.887500e-002	
533	1.827500e-002	
534	1.840000e-002	
535	1.845000e-002	
536	1.760000e-002	
537	1.877500e-002	
538	1.945000e-002	
539	1.997500e-002	
540	1.947500e-002	
541	2.005000e-002	
542	2.080000e-002	
543	2.095000e-002	
544	2.147500e-002	
545	2.215000e-002	
546	2.140000e-002	
547	2.280000e-002	
548	2.035000e-002	
549	1.932500e-002	
550	1.990000e-002	
551	2.012500e-002	
552	1.975000e-002	
553	2.057500e-002	
554	2.022500e-002	
555	1.975000e-002	
556	2.055000e-002	
557	2.022500e-002	
558	2.132500e-002	
559	2.282500e-002	
560	2.292500e-002	
561	2.215000e-002	
562	2.152500e-002	
563	2.142500e-002	
564	2.177500e-002	
565	2.032500e-002	
566	2.032500e-002	
567	2.105000e-002	
568	2.047500e-002	
569	2.102500e-002	
570	2.145000e-002	
571	2.245000e-002	
572	2.350000e-002	
573	2.322500e-002	
574	2.235000e-002	
575	2.137500e-002	
576	2.122500e-002	
577	2.145000e-002	
578	2.175000e-002	
579	2.035000e-002	
580	1.987500e-002	
581	1.932500e-002	
582	2.010000e-002	
583	2.027500e-002	
584	1.957500e-002	
585	1.990000e-002	
586	1.930000e-002	
587	1.912500e-002	
588	2.070000e-002	
589	2.177500e-002	
590	2.112500e-002	
591	2.052500e-002	
592	2.045000e-002	
593	1.900000e-002	
594	1.832500e-002	
595	1.802500e-002	
596	1.660000e-002	
597	1.702500e-002	
598	1.777500e-002	
599	1.915000e-002	
600	1.912500e-002	
601	1.955000e-002	
602	2.042500e-002	
603	2.097500e-002	
604	1.927500e-002	
605	2.087500e-002	
606	2.125000e-002	
607	2.137500e-002	
608	2.222500e-002	
609	2.230000e-002	
610	2.180000e-002	
611	2.082500e-002	
612	2.315000e-002	
613	2.405000e-002	
614	2.430000e-002	
615	2.325000e-002	
616	2.160000e-002	
617	2.020000e-002	
618	2.207500e-002	
619	2.025000e-002	
620	2.002500e-002	
621	1.975000e-002	
622	2.007500e-002	
623	1.907500e-002	
624	1.892500e-002	
625	1.882500e-002	
626	1.912500e-002	
627	1.945000e-002	
628	1.945000e-002	
629	2.107500e-002	
630	2.010000e-002	
631	2.140000e-002	
632	2.090000e-002	
633	2.120000e-002	
634	2.112500e-002	
635	2.102500e-002	
636	2.027500e-002	
637	2.012500e-002	
638	1.965000e-002	
639	2.072500e-002	
640	2.025000e-002	
641	1.987500e-002	
642	1.967500e-002	
643	1.907500e-002	
644	1.997500e-002	
645	2.122500e-002	
646	2.132500e-002	
647	2.102500e-002	
648	2.025000e-002	
649	1.942500e-002	
650	1.852500e-002	
651	1.802500e-002	
652	1.917500e-002	
653	1.972500e-002	
654	2.047500e-002	
655	1.985000e-002	
656	1.937500e-002	
657	1.972500e-002	
658	1.840000e-002	
659	1.952500e-002	
660	2.035000e-002	
661	2.045000e-002	
662	1.982500e-002	
663	1.995000e-002	
664	1.972500e-002	
665	2.062500e-002	
666	2.122500e-002	
667	2.230000e-002	
668	2.265000e-002	
669	2.370000e-002	
670	2.272500e-002	
671	2.262500e-002	
672	2.205000e-002	
673	2.117500e-002	
674	1.942500e-002	
675	1.950000e-002	
676	2.052500e-002	
677	2.045000e-002	
678	2.135000e-002	
679	2.215000e-002	
680	2.307500e-002	
681	2.205000e-002	
682	2.270000e-002	
683	2.182500e-002	
684	2.152500e-002	
685	2.047500e-002	
686	1.897500e-002	
687	2.032500e-002	
688	2.045000e-002	
689	1.967500e-002	
690	1.947500e-002	
691	1.865000e-002	
692	1.940000e-002	
693	2.007500e-002	
694	2.010000e-002	
695	2.105000e-002	
696	1.997500e-002	
697	2.082500e-002	
698	2.165000e-002	
699	2.272500e-002	
700	2.385000e-002	
701	2.285000e-002	
702	2.240000e-002	
703	2.120000e-002	
704	2.182500e-002	
705	2.180000e-002	
706	2.292500e-002	
707	2.230000e-002	
708	2.127500e-002	
709	1.872500e-002	
710	1.845000e-002	
711	1.947500e-002	
712	2.017500e-002	
713	1.875000e-002	
714	1.725000e-002	
715	1.682500e-002	
716	1.645000e-002	
717	1.727500e-002	
718	1.805000e-002	
719	1.870000e-002	
720	1.917500e-002	
721	2.157500e-002	
722	2.197500e-002	
723	2.230000e-002	
724	2.197500e-002	
725	2.035000e-002	
726	2.057500e-002	
727	2.087500e-002	
728	2.097500e-002	
729	2.162500e-002	
730	2.107500e-002	
731	2.115000e-002	
732	2.160000e-002	
733	2.187500e-002	
734	2.167500e-002	
735	2.135000e-002	
736	2.110000e-002	
737	2.060000e-002	
738	2.082500e-002	
739	2.002500e-002	
740	2.110000e-002	
741	2.025000e-002	
742	1.995000e-002	
743	1.880000e-002	
744	1.955000e-002	
745	1.835000e-002	
746	1.802500e-002	
747	1.705000e-002	
748	1.615000e-002	
749	1.507500e-002	
750	1.635000e-002	
751	1.797500e-002	
752	1.955000e-002	
753	2.015000e-002	
754	2.012500e-002	
755	2.192500e-002	
756	2.250000e-002	
757	2.245000e-002	
758	2.290000e-002	
759	2.282500e-002	
760	2.317500e-002	
761	2.227500e-002	
762	2.152500e-002	
763	2.232500e-002	
764	2.160000e-002	
765	2.050000e-002	
766	2.022500e-002	
767	2.060000e-002	
768	1.897500e-002	
769	1.877500e-002	
770	1.845000e-002	
771	1.962500e-002	
772	1.935000e-002	
773	2.007500e-002	
774	1.930000e-002	
775	1.837500e-002	
776	1.987500e-002	
777	1.927500e-002	
778	1.902500e-002	
779	1.795000e-002	
780	1.782500e-002	
781	1.877500e-002	
782	1.937500e-002	
783	1.977500e-002	
784	2.000000e-002	
785	1.995000e-002	
786	2.047500e-002	
787	1.980000e-002	
788	1.932500e-002	
789	2.125000e-002	
790	2.130000e-002	
791	1.925000e-002	
792	2.012500e-002	
793	2.050000e-002	
794	2.092500e-002	
795	2.097500e-002	
796	1.987500e-002	
797	2.055000e-002	
798	2.010000e-002	
799	1.970000e-002	
800	1.995000e-002	
801	1.952500e-002	
802	1.917500e-002	
803	1.920000e-002	
804	1.930000e-002	
805	1.910000e-002	
806	2.020000e-002	
807	2.085000e-002	
808	2.170000e-002	
809	2.130000e-002	
810	2.327500e-002	
811	2.382500e-002	
812	2.175000e-002	
813	2.102500e-002	
814	2.055000e-002	
815	1.925000e-002	
816	1.887500e-002	
817	1.892500e-002	
818	1.800000e-002	
819	1.840000e-002	
820	1.825000e-002	
821	1.927500e-002	
822	1.975000e-002	
823	1.975000e-002	
824	1.930000e-002	
825	1.897500e-002	
826	1.912500e-002	
827	2.100000e-002	
828	2.085000e-002	
829	2.127500e-002	
830	2.157500e-002	
831	2.202500e-002	
832	2.157500e-002	
833	2.072500e-002	
834	1.970000e-002	
835	1.942500e-002	
836	1.857500e-002	
837	1.875000e-002	
838	1.897500e-002	
839	1.907500e-002	
840	2.105000e-002	
841	2.177500e-002	
842	2.042500e-002	
843	2.067500e-002	
844	2.055000e-002	
845	2.142500e-002	
846	2.115000e-002	
847	2.035000e-002	
848	1.890000e-002	
849	1.750000e-002	
850	1.782500e-002	
851	1.867500e-002	
852	1.797500e-002	
853	1.637500e-002	
854	1.682500e-002	
855	1.810000e-002	
856	1.870000e-002	
857	2.065000e-002	
858	2.175000e-002	
859	2.310000e-002	
860	2.327500e-002	
861	2.317500e-002	
862	2.335000e-002	
863	2.145000e-002	
864	2.065000e-002	
865	2.032500e-002	
866	1.935000e-002	
867	1.842500e-002	
868	1.725000e-002	
869	1.712500e-002	
870	1.742500e-002	
871	1.827500e-002	
872	1.880000e-002	
873	1.847500e-002	
874	1.877500e-002	
875	1.975000e-002	
876	1.972500e-002	
877	2.055000e-002	
878	2.075000e-002	
879	2.030000e-002	
880	2.030000e-002	
881	2.010000e-002	
882	2.027500e-002	
883	1.882500e-002	
884	1.832500e-002	
885	1.925000e-002	
886	1.982500e-002	
887	1.922500e-002	
888	2.060000e-002	
889	2.055000e-002	
890	2.082500e-002	
891	2.167500e-002	
892	2.157500e-002	
893	2.135000e-002	
894	2.270000e-002	
895	2.232500e-002	
896	2.130000e-002	
897	2.045000e-002	
898	2.100000e-002	
899	2.160000e-002	
900	2.260000e-002	
901	2.220000e-002	
902	2.215000e-002	
903	2.027500e-002	
904	1.957500e-002	
905	1.940000e-002	
906	1.955000e-002	
907	1.925000e-002	
908	1.925000e-002	
909	1.835000e-002	
910	1.857500e-002	
911	1.835000e-002	
912	1.850000e-002	
913	1.742500e-002	
914	1.650000e-002	
915	1.717500e-002	
916	1.755000e-002	
917	1.867500e-002	
918	1.890000e-002	
919	1.880000e-002	
920	2.067500e-002	
921	2.180000e-002	
922	2.092500e-002	
923	2.237500e-002	
924	2.277500e-002	
925	2.320000e-002	
926	2.317500e-002	
927	2.260000e-002	
928	2.220000e-002	
929	2.252500e-002	
930	2.232500e-002	
931	2.190000e-002	
932	1.970000e-002	
933	1.932500e-002	
934	2.010000e-002	
935	1.967500e-002	
936	1.845000e-002	
937	1.780000e-002	
938	1.827500e-002	
939	1.925000e-002	
940	1.907500e-002	
941	1.947500e-002	
942	1.927500e-002	
943	1.990000e-002	
944	1.970000e-002	
945	1.917500e-002	
946	1.955000e-002	
947	1.970000e-002	
948	2.005000e-002	
949	1.907500e-002	
950	1.832500e-002	
951	1.860000e-002	
952	1.940000e-002	
953	2.020000e-002	
954	2.030000e-002	
955	2.117500e-002	
956	2.117500e-002	
957	2.127500e-002	
958	2.052500e-002	
959	2.097500e-002	
960	2.130000e-002	
961	2.107500e-002	
962	2.142500e-002	
963	2.157500e-002	
964	2.077500e-002	
965	2.187500e-002	
966	2.227500e-002	
967	2.240000e-002	
968	2.180000e-002	
969	2.117500e-002	
970	2.022500e-002	
971	1.880000e-002	
972	1.850000e-002	
973	1.925000e-002	
974	1.882500e-002	
975	1.897500e-002	
976	1.870000e-002	
977	1.990000e-002	
978	1.945000e-002	
979	1.895000e-002	
980	1.972500e-002	
981	2.137500e-002	
982	2.227500e-002	
983	2.280000e-002	
984	2.142500e-002	
985	2.125000e-002	
986	2.112500e-002	
987	2.072500e-002	
988	2.205000e-002	
989	2.130000e-002	
990	2.207500e-002	
991	2.032500e-002	
992	1.805000e-002	
993	1.810000e-002	
994	1.930000e-002	
995	2.002500e-002	
996	2.030000e-002	
997	2.007500e-002	
998	1.940000e-002	
999	1.970000e-002	
1000	1.902500e-002	
1001	1.877500e-002	
1002	1.940000e-002	
1003	2.060000e-002	
1004	2.015000e-002	
1005	1.875000e-002	
1006	1.915000e-002	
1007	1.945000e-002	
1008	1.985000e-002	
1009	1.997500e-002	
1010	1.925000e-002	
1011	1.907500e-002	
1012	1.985000e-002	
1013	1.990000e-002	
1014	2.117500e-002	
1015	2.172500e-002	
1016	1.987500e-002	
1017	2.007500e-002	
1018	2.125000e-002	
1019	2.142500e-002	
1020	2.197500e-002	
1021	2.385000e-002	
1022	2.270000e-002	
1023	2.315000e-002	
1024	2.280000e-002	
1025	2.390000e-002	
1026	2.250000e-002	
1027	2.310000e-002	
1028	2.412500e-002	
1029	2.365000e-002	
1030	2.225000e-002	
1031	2.210000e-002	
1032	2.222500e-002	
1033	1.995000e-002	
1034	1.947500e-002	
1035	1.945000e-002	
1036	1.862500e-002	
1037	1.752500e-002	
1038	1.725000e-002	
1039	1.612500e-002	
1040	1.592500e-002	
1041	1.685000e-002	
1042	1.865000e-002	
1043	1.880000e-002	
1044	1.837500e-002	
1045	1.847500e-002	
1046	1.940000e-002	
1047	1.910000e-002	
1048	1.897500e-002	
1049	1.987500e-002	
1050	2.035000e-002	
1051	2.030000e-002	
1052	2.107500e-002	
1053	2.335000e-002	
1054	2.257500e-002	
1055	2.160000e-002	
1056	2.167500e-002	
1057	2.092500e-002	
1058	2.062500e-002	
1059	2.187500e-002	
1060	2.222500e-002	
1061	2.307500e-002	
1062	2.312500e-002	
1063	2.367500e-002	
1064	2.240000e-002	
1065	2.172500e-002	
1066	2.135000e-002	
1067	1.990000e-002	
1068	1.962500e-002	
1069	1.920000e-002	
1070	1.897500e-002	
1071	1.847500e-002	
1072	1.760000e-002	
1073	1.805000e-002	
1074	1.872500e-002	
1075	1.902500e-002	
1076	1.875000e-002	
1077	1.932500e-002	
1078	2.020000e-002	
1079	1.975000e-002	
1080	1.875000e-002	
1081	1.925000e-002	
1082	1.952500e-002	
1083	1.977500e-002	
1084	2.010000e-002	
1085	2.007500e-002	
1086	2.090000e-002	
1087	2.105000e-002	
1088	2.040000e-002	
1089	2.112500e-002	
1090	2.172500e-002	
1091	2.112500e-002	
1092	2.120000e-002	
1093	2.195000e-002	
1094	2.072500e-002	
1095	2.087500e-002	
1096	1.870000e-002	
1097	1.797500e-002	
1098	1.907500e-002	
1099	1.930000e-002	
1100	2.077500e-002	
1101	2.107500e-002	
1102	1.947500e-002	
1103	1.965000e-002	
1104	1.982500e-002	
1105	1.940000e-002	
1106	1.915000e-002	
1107	1.940000e-002	
1108	1.982500e-002	
1109	2.002500e-002	
1110	2.080000e-002	
1111	2.032500e-002	
1112	2.057500e-002	
1113	2.067500e-002	
1114	2.100000e-002	
1115	2.095000e-002	
1116	2.042500e-002	
1117	2.035000e-002	
1118	1.960000e-002	
1119	1.955000e-002	
1120	1.935000e-002	
1121	1.955000e-002	
1122	1.972500e-002	
1123	1.977500e-002	
1124	1.905000e-002	
1125	1.857500e-002	
1126	1.857500e-002	
1127	1.800000e-002	
1128	1.925000e-002	
1129	1.927500e-002	
1130	1.965000e-002	
1131	2.000000e-002	
1132	1.990000e-002	
1133	1.900000e-002	
1134	1.975000e-002	
1135	2.092500e-002	
1136	2.165000e-002	
1137	2.155000e-002	
1138	2.040000e-002	
1139	2.210000e-002	
1140	2.250000e-002	
1141	2.200000e-002	
1142	2.162500e-002	
1143	2.237500e-002	
1144	2.100000e-002	
1145	2.147500e-002	
1146	2.267500e-002	
1147	2.135000e-002	
1148	1.977500e-002	
1149	1.952500e-002	
1150	1.885000e-002	
1151	1.837500e-002	
1152	1.890000e-002	
1153	1.890000e-002	
1154	1.920000e-002	
1155	1.977500e-002	
1156	1.925000e-002	
1157	1.915000e-002	
1158	1.882500e-002	
1159	1.945000e-002	
1160	1.847500e-002	
1161	1.862500e-002	
1162	1.912500e-002	
1163	1.915000e-002	
1164	2.067500e-002	
1165	2.120000e-002	
1166	2.197500e-002	
1167	2.040000e-002	
1168	1.995000e-002	
1169	2.022500e-002	
1170	2.032500e-002	
1171	2.117500e-002	
1172	2.067500e-002	
1173	1.957500e-002	
1174	1.970000e-002	
1175	2.055000e-002	
1176	2.060000e-002	
1177	2.197500e-002	
1178	2.177500e-002	
1179	2.185000e-002	
1180	2.310000e-002	
1181	2.067500e-002	
1182	2.037500e-002	
1183	1.972500e-002	
1184	1.917500e-002	
1185	1.982500e-002	
1186	2.035000e-002	
1187	2.160000e-002	
1188	2.152500e-002	
1189	2.062500e-002	
1190	2.022500e-002	
1191	2.100000e-002	
1192	2.147500e-002	
1193	2.055000e-002	
1194	1.865000e-002	
1195	1.937500e-002	
1196	1.920000e-002	
1197	1.885000e-002	
1198	1.820000e-002	
1199	1.952500e-002	
1200	1.837500e-002	
1201	1.742500e-002	
1202	1.887500e-002	
1203	1.882500e-002	
1204	1.930000e-002	
1205	1.792500e-002	
1206	1.780000e-002	
1207	1.817500e-002	
1208	1.862500e-002	
1209	1.897500e-002	
1210	1.960000e-002	
1211	1.885000e-002	
1212	1.847500e-002	
1213	1.865000e-002	
1214	1.945000e-002	
1215	2.075000e-002	
1216	2.015000e-002	
1217	1.962500e-002	
1218	2.015000e-002	
1219	1.990000e-002	
1220	1.975000e-002	
1221	1.967500e-002	
1222	1.932500e-002	
1223	2.100000e-002	
1224	2.015000e-002	
1225	1.967500e-002	
1226	1.927500e-002	
1227	1.987500e-002	
1228	2.020000e-002	
1229	2.020000e-002	
1230	1.912500e-002	
1231	1.915000e-002	
1232	2.022500e-002	
1233	1.925000e-002	
1234	2.095000e-002	
1235	2.077500e-002	
1236	2.122500e-002	
1237	2.145000e-002	
1238	2.102500e-002	
1239	2.055000e-002	
1240	2.087500e-002	
1241	2.020000e-002	
1242	1.957500e-002	
1243	1.915000e-002	
1244	1.895000e-002	
1245	1.790000e-002	
1246	1.820000e-002	
1247	2.080000e-002	
1248	2.095000e-002	
1249	2.132500e-002	
1250	2.180000e-002	
1251	2.260000e-002	
1252	2.045000e-002	
1253	2.075000e-002	
1254	2.072500e-002	
1255	2.005000e-002	
1256	2.042500e-002	
1257	2.082500e-002	
1258	2.045000e-002	
1259	2.210000e-002	
1260	2.120000e-002	
1261	2.065000e-002	
1262	2.177500e-002	
1263	2.072500e-002	
1264	2.137500e-002	
1265	2.032500e-002	
1266	1.925000e-002	
1267	1.862500e-002	
1268	1.760000e-002	
1269	1.782500e-002	
1270	1.772500e-002	
1271	1.755000e-002	
1272	1.777500e-002	
1273	1.732500e-002	
1274	1.852500e-002	
1275	1.830000e-002	
1276	1.690000e-002	
1277	1.857500e-002	
1278	1.920000e-002	
1279	1.925000e-002	
1280	1.950000e-002	
1281	2.085000e-002	
1282	2.287500e-002	
1283	2.165000e-002	
1284	2.195000e-002	
1285	2.297500e-002	
1286	2.280000e-002	
1287	2.322500e-002	
1288	2.242500e-002	
1289	2.452500e-002	
1290	2.512500e-002	
1291	2.497500e-002	
1292	2.447500e-002	
1293	2.312500e-002	
1294	2.305000e-002	
1295	2.355000e-002	
1296	2.210000e-002	
1297	2.305000e-002	
1298	2.260000e-002	
1299	2.145000e-002	
1300	2.065000e-002	
1301	1.830000e-002	
1302	1.697500e-002	
1303	1.587500e-002	
1304	1.615000e-002	
1305	1.655000e-002	
1306	1.550000e-002	
1307	1.510000e-002	
1308	1.507500e-002	
1309	1.707500e-002	
1310	1.752500e-002	
1311	1.762500e-002	
1312	1.767500e-002	
1313	1.797500e-002	
1314	1.832500e-002	
1315	1.815000e-002	
1316	1.857500e-002	
1317	1.870000e-002	
1318	1.972500e-002	
1319	2.157500e-002	
1320	2.232500e-002	
1321	2.300000e-002	
1322	2.362500e-002	
1323	2.307500e-002	
1324	2.290000e-002	
1325	2.252500e-002	
1326	2.205000e-002	
1327	2.070000e-002	
1328	1.990000e-002	
1329	1.927500e-002	
1330	2.022500e-002	
1331	1.855000e-002	
1332	1.895000e-002	
1333	1.925000e-002	
1334	1.902500e-002	
1335	1.957500e-002	
1336	2.025000e-002	
1337	2.135000e-002	
1338	2.175000e-002	
1339	2.142500e-002	
1340	2.045000e-002	
1341	2.105000e-002	
1342	2.117500e-002	
1343	2.075000e-002	
1344	1.980000e-002	
1345	1.787500e-002	
1346	1.765000e-002	
1347	1.877500e-002	
1348	1.932500e-002	
1349	1.862500e-002	
1350	1.930000e-002	
1351	1.955000e-002	
1352	1.805000e-002	
1353	1.732500e-002	
1354	1.795000e-002	
1355	1.840000e-002	
1356	1.872500e-002	
1357	1.962500e-002	
1358	2.195000e-002	
1359	2.200000e-002	
1360	2.282500e-002	
1361	2.327500e-002	
1362	2.247500e-002	
1363	2.352500e-002	
1364	2.380000e-002	
1365	2.287500e-002	
1366	2.370000e-002	
1367	2.327500e-002	
1368	2.325000e-002	
1369	2.197500e-002	
1370	2.170000e-002	
1371	2.167500e-002	
1372	2.107500e-002	
1373	1.940000e-002	
1374	1.880000e-002	
1375	1.882500e-002	
1376	1.740000e-002	
1377	1.745000e-002	
1378	1.772500e-002	
1379	1.812500e-002	
1380	1.755000e-002	
1381	1.760000e-002	
1382	1.817500e-002	
1383	1.820000e-002	
1384	1.690000e-002	
1385	1.677500e-002	
1386	1.702500e-002	
1387	1.675000e-002	
1388	1.747500e-002	
1389	1.842500e-002	
1390	1.930000e-002	
1391	2.027500e-002	
1392	1.985000e-002	
1393	2.147500e-002	
1394	2.300000e-002	
1395	2.180000e-002	
1396	2.085000e-002	
1397	2.145000e-002	
1398	2.052500e-002	
1399	2.112500e-002	
1400	2.045000e-002	
1401	2.035000e-002	
1402	1.992500e-002	
1403	2.112500e-002	
1404	2.000000e-002	
1405	2.052500e-002	
1406	2.030000e-002	
1407	2.042500e-002	
1408	2.002500e-002	
1409	2.020000e-002	
1410	1.875000e-002	
1411	1.772500e-002	
1412	1.877500e-002	
1413	1.932500e-002	
1414	1.910000e-002	
1415	1.775000e-002	
1416	1.697500e-002	
1417	1.582500e-002	
1418	1.507500e-002	
1419	1.500000e-002	
1420	1.565000e-002	
1421	1.520000e-002	
1422	1.590000e-002	
1423	1.620000e-002	
1424	1.517500e-002	
1425	1.585000e-002	
1426	1.897500e-002	
1427	1.915000e-002	
1428	1.992500e-002	
1429	1.945000e-002	
1430	1.982500e-002	
1431	2.097500e-002	
1432	2.232500e-002	
1433	2.330000e-002	
1434	2.292500e-002	
1435	2.320000e-002	
1436	2.382500e-002	
1437	2.560000e-002	
1438	2.705000e-002	
1439	2.815000e-002	
1440	2.837500e-002	
1441	2.685000e-002	
1442	2.535000e-002	
1443	2.547500e-002	
1444	2.440000e-002	
1445	2.232500e-002	
1446	2.017500e-002	
1447	1.845000e-002	
1448	1.747500e-002	
1449	1.680000e-002	
1450	1.512500e-002	
1451	1.530000e-002	
1452	1.337500e-002	
1453	1.357500e-002	
1454	1.392500e-002	
1455	1.410000e-002	
1456	1.455000e-002	
1457	1.535000e-002	
1458	1.682500e-002	
1459	1.697500e-002	
1460	1.870000e-002	
1461	1.877500e-002	
1462	1.925000e-002	
1463	2.072500e-002	
1464	2.185000e-002	
1465	2.237500e-002	
1466	2.300000e-002	
1467	2.320000e-002	
1468	2.490000e-002	
1469	2.555000e-002	
1470	2.605000e-002	
1471	2.797500e-002	
1472	2.682500e-002	
1473	2.602500e-002	
1474	2.542500e-002	
1475	2.472500e-002	
1476	2.287500e-002	
1477	2.092500e-002	
1478	2.010000e-002	
1479	1.792500e-002	
1480	1.830000e-002	
1481	1.750000e-002	
1482	1.600000e-002	
1483	1.620000e-002	
1484	1.590000e-002	
1485	1.532500e-002	
1486	1.490000e-002	
1487	1.382500e-002	
1488	1.537500e-002	
1489	1.585000e-002	
1490	1.692500e-002	
1491	1.770000e-002	
1492	1.932500e-002	
1493	2.020000e-002	
1494	2.122500e-002	
1495	2.232500e-002	
1496	2.295000e-002	
1497	2.465000e-002	
1498	2.395000e-002	
1499	2.477500e-002	
1500	2.557500e-002	
1501	2.480000e-002	
1502	2.587500e-002	
1503	2.565000e-002	
1504	2.560000e-002	
1505	2.482500e-002	
1506	2.272500e-002	
1507	2.297500e-002	
1508	2.127500e-002	
1509	2.022500e-002	
1510	1.982500e-002	
1511	1.865000e-002	
1512	1.702500e-002	
1513	1.622500e-002	
1514	1.637500e-002	
1515	1.730000e-002	
1516	1.840000e-002	
1517	1.795000e-002	
1518	1.710000e-002	
1519	1.725000e-002	
1520	1.615000e-002	
1521	1.625000e-002	
1522	1.732500e-002	
1523	1.967500e-002	
1524	1.977500e-002	
1525	2.085000e-002	
1526	2.095000e-002	
1527	2.112500e-002	
1528	2.155000e-002	
1529	2.222500e-002	
1530	2.397500e-002	
1531	2.442500e-002	
1532	2.375000e-002	
1533	2.365000e-002	
1534	2.235000e-002	
1535	2.080000e-002	
1536	2.030000e-002	
1537	2.262500e-002	
1538	2.272500e-002	
1539	2.225000e-002	
1540	2.250000e-002	
1541	2.302500e-002	
1542	2.240000e-002	
1543	2.205000e-002	
1544	2.082500e-002	
1545	2.057500e-002	
1546	1.970000e-002	
1547	1.785000e-002	
1548	1.782500e-002	
1549	1.705000e-002	
1550	1.677500e-002	
1551	1.707500e-002	
1552	1.665000e-002	
1553	1.827500e-002	
1554	1.805000e-002	
1555	1.792500e-002	
1556	1.840000e-002	
1557	1.835000e-002	
1558	1.837500e-002	
1559	1.907500e-002	
1560	1.967500e-002	
1561	2.060000e-002	
1562	2.010000e-002	
1563	2.155000e-002	
1564	2.135000e-002	
1565	2.130000e-002	
1566	2.160000e-002	
1567	2.177500e-002	
1568	2.250000e-002	
1569	2.315000e-002	
1570	2.405000e-002	
1571	2.400000e-002	
1572	2.377500e-002	
1573	2.420000e-002	
1574	2.232500e-002	
1575	2.192500e-002	
1576	2.090000e-002	
1577	2.102500e-002	
1578	1.935000e-002	
1579	1.835000e-002	
1580	1.730000e-002	
1581	1.735000e-002	
1582	1.760000e-002	
1583	1.747500e-002	
1584	1.757500e-002	
1585	1.712500e-002	
1586	1.795000e-002	
1587	1.857500e-002	
1588	1.815000e-002	
1589	1.797500e-002	
1590	1.812500e-002	
1591	1.872500e-002	
1592	1.865000e-002	
1593	1.962500e-002	
1594	2.142500e-002	
1595	2.177500e-002	
1596	2.097500e-002	
1597	2.062500e-002	
1598	2.082500e-002	
1599	2.190000e-002	
1600	2.222500e-002	
1601	2.320000e-002	
1602	2.322500e-002	
1603	2.357500e-002	
1604	2.310000e-002	
1605	2.267500e-002	
1606	2.010000e-002	
1607	2.040000e-002	
1608	1.987500e-002	
1609	1.852500e-002	
1610	1.835000e-002	
1611	1.720000e-002	
1612	1.635000e-002	
1613	1.690000e-002	
1614	1.627500e-002	
1615	1.620000e-002	
1616	1.630000e-002	
1617	1.660000e-002	
1618	1.607500e-002	
1619	1.735000e-002	
1620	1.745000e-002	
1621	2.095000e-002	
1622	2.170000e-002	
1623	2.127500e-002	
1624	2.032500e-002	
1625	2.075000e-002	
1626	2.120000e-002	
1627	2.207500e-002	
1628	2.335000e-002	
1629	2.362500e-002	
1630	2.605000e-002	
1631	2.692500e-002	
1632	2.625000e-002	
1633	2.500000e-002	
1634	2.485000e-002	
1635	2.545000e-002	
1636	2.515000e-002	
1637	2.465000e-002	
1638	2.362500e-002	
1639	2.277500e-002	
1640	2.182500e-002	
1641	2.130000e-002	
1642	1.942500e-002	
1643	1.842500e-002	
1644	1.840000e-002	
1645	1.735000e-002	
1646	1.660000e-002	
1647	1.605000e-002	
1648	1.597500e-002	
1649	1.627500e-002	
1650	1.560000e-002	
1651	1.480000e-002	
1652	1.545000e-002	
1653	1.505000e-002	
1654	1.557500e-002	
1655	1.560000e-002	
1656	1.550000e-002	
1657	1.767500e-002	
1658	1.882500e-002	
1659	1.897500e-002	
1660	1.892500e-002	
1661	1.950000e-002	
1662	2.045000e-002	
1663	2.117500e-002	
1664	2.267500e-002	
1665	2.315000e-002	
1666	2.307500e-002	
1667	2.445000e-002	
1668	2.525000e-002	
1669	2.535000e-002	
1670	2.300000e-002	
1671	2.322500e-002	
1672	2.357500e-002	
1673	2.495000e-002	
1674	2.530000e-002	
1675	2.507500e-002	
1676	2.355000e-002	
1677	2.210000e-002	
1678	2.032500e-002	
1679	1.867500e-002	
1680	1.800000e-002	
1681	1.687500e-002	
1682	1.570000e-002	
1683	1.517500e-002	
1684	1.480000e-002	
1685	1.467500e-002	
1686	1.455000e-002	
1687	1.472500e-002	
1688	1.435000e-002	
1689	1.437500e-002	
1690	1.437500e-002	
1691	1.467500e-002	
1692	1.540000e-002	
1693	1.565000e-002	
1694	1.612500e-002	
1695	1.657500e-002	
1696	1.755000e-002	
1697	1.912500e-002	
1698	2.087500e-002	
1699	2.160000e-002	
1700	2.215000e-002	
1701	2.330000e-002	
1702	2.447500e-002	
1703	2.610000e-002	
1704	2.757500e-002	
1705	2.930000e-002	
1706	2.965000e-002	
1707	2.837500e-002	
1708	2.742500e-002	
1709	2.642500e-002	
1710	2.622500e-002	
1711	2.320000e-002	
1712	2.280000e-002	
1713	2.287500e-002	
1714	2.210000e-002	
1715	2.010000e-002	
1716	1.837500e-002	
1717	1.765000e-002	
1718	1.577500e-002	
1719	1.345000e-002	
1720	1.310000e-002	
1721	1.325000e-002	
1722	1.260000e-002	
1723	1.235000e-002	
1724	1.285000e-002	
1725	1.285000e-002	
1726	1.390000e-002	
1727	1.497500e-002	
1728	1.477500e-002	
1729	1.632500e-002	
1730	1.710000e-002	
1731	1.965000e-002	
1732	2.060000e-002	
1733	2.225000e-002	
1734	2.275000e-002	
1735	2.362500e-002	
1736	2.457500e-002	
1737	2.545000e-002	
1738	2.630000e-002	
1739	2.632500e-002	
1740	2.520000e-002	
1741	2.482500e-002	
1742	2.402500e-002	
1743	2.327500e-002	
1744	2.392500e-002	
1745	2.247500e-002	
1746	2.047500e-002	
1747	1.962500e-002	
1748	1.987500e-002	
1749	2.037500e-002	
1750	2.012500e-002	
1751	2.005000e-002	
1752	2.027500e-002	
1753	1.965000e-002	
1754	1.872500e-002	
1755	1.690000e-002	
1756	1.705000e-002	
1757	1.880000e-002	
1758	1.872500e-002	
1759	1.975000e-002	
1760	1.982500e-002	
1761	2.002500e-002	
1762	2.007500e-002	
1763	1.995000e-002	
1764	1.982500e-002	
1765	2.005000e-002	
1766	2.090000e-002	
1767	2.172500e-002	
1768	2.075000e-002	
1769	2.150000e-002	
1770	2.262500e-002	
1771	2.320000e-002	
1772	2.367500e-002	
1773	2.405000e-002	
1774	2.337500e-002	
1775	2.147500e-002	
1776	2.122500e-002	
1777	1.982500e-002	
1778	1.747500e-002	
1779	1.675000e-002	
1780	1.597500e-002	
1781	1.615000e-002	
1782	1.695000e-002	
1783	1.655000e-002	
1784	1.667500e-002	
1785	1.722500e-002	
1786	1.827500e-002	
1787	1.890000e-002	
1788	2.002500e-002	
1789	2.125000e-002	
1790	2.147500e-002	
1791	2.215000e-002	
1792	2.322500e-002	
1793	2.420000e-002	
1794	2.385000e-002	
1795	2.387500e-002	
1796	2.355000e-002	
1797	2.560000e-002	
1798	2.515000e-002	
1799	2.345000e-002	
1800	2.355000e-002	
1801	2.375000e-002	
1802	2.160000e-002	
1803	2.205000e-002	
1804	2.135000e-002	
1805	2.065000e-002	
1806	1.987500e-002	
1807	1.772500e-002	
1808	1.640000e-002	
1809	1.587500e-002	
1810	1.565000e-002	
1811	1.380000e-002	
1812	1.475000e-002	
1813	1.532500e-002	
1814	1.515000e-002	
1815	1.455000e-002	
1816	1.565000e-002	
1817	1.702500e-002	
1818	1.800000e-002	
1819	1.845000e-002	
1820	2.035000e-002	
1821	2.210000e-002	
1822	2.292500e-002	
1823	2.430000e-002	
1824	2.510000e-002	
1825	2.477500e-002	
1826	2.627500e-002	
1827	2.610000e-002	
1828	2.555000e-002	
1829	2.395000e-002	
1830	2.312500e-002	
1831	2.192500e-002	
1832	2.172500e-002	
1833	2.110000e-002	
1834	2.032500e-002	
1835	1.955000e-002	
1836	1.825000e-002	
1837	1.722500e-002	
1838	1.735000e-002	
1839	1.755000e-002	
1840	1.647500e-002	
1841	1.617500e-002	
1842	1.692500e-002	
1843	1.635000e-002	
1844	1.750000e-002	
1845	1.852500e-002	
1846	1.842500e-002	
1847	1.995000e-002	
1848	1.962500e-002	
1849	1.890000e-002	
1850	1.837500e-002	
1851	2.010000e-002	
1852	2.120000e-002	
1853	2.197500e-002	
1854	2.222500e-002	
1855	2.225000e-002	
1856	2.132500e-002	
1857	2.207500e-002	
1858	2.180000e-002	
1859	2.235000e-002	
1860	2.165000e-002	
1861	2.050000e-002	
1862	2.055000e-002	
1863	2.012500e-002	
1864	1.972500e-002	
1865	2.022500e-002	
1866	2.050000e-002	
1867	2.117500e-002	
1868	1.997500e-002	
1869	1.952500e-002	
1870	1.887500e-002	
1871	1.890000e-002	
1872	1.940000e-002	
1873	1.962500e-002	
1874	1.922500e-002	
1875	1.907500e-002	
1876	2.045000e-002	
1877	2.100000e-002	
1878	2.132500e-002	
1879	2.117500e-002	
1880	2.050000e-002	
1881	2.085000e-002	
1882	2.107500e-002	
1883	2.092500e-002	
1884	2.055000e-002	
1885	1.990000e-002	
1886	2.082500e-002	
1887	2.145000e-002	
1888	2.192500e-002	
1889	2.167500e-002	
1890	2.007500e-002	
1891	1.895000e-002	
1892	1.942500e-002	
1893	2.087500e-002	
1894	1.960000e-002	
1895	1.882500e-002	
1896	1.907500e-002	
1897	1.897500e-002	
1898	1.965000e-002	
1899	1.947500e-002	
1900	1.957500e-002	
1901	1.927500e-002	
1902	1.925000e-002	
1903	1.882500e-002	
1904	1.800000e-002	
1905	1.842500e-002	
1906	1.895000e-002	
1907	1.987500e-002	
1908	2.025000e-002	
1909	2.082500e-002	
1910	2.062500e-002	
1911	2.127500e-002	
1912	2.075000e-002	
1913	2.157500e-002	
1914	2.187500e-002	
1915	2.205000e-002	
1916	2.110000e-002	
1917	2.222500e-002	
1918	2.345000e-002	
1919	2.445000e-002	
1920	2.217500e-002	
1921	2.152500e-002	
1922	2.230000e-002	
1923	2.260000e-002	
1924	2.110000e-002	
1925	2.025000e-002	
1926	2.045000e-002	
1927	2.012500e-002	
1928	2.010000e-002	
1929	1.910000e-002	
1930	1.945000e-002	
1931	1.892500e-002	
1932	1.897500e-002	
1933	1.860000e-002	
1934	1.885000e-002	
1935	1.940000e-002	
1936	1.955000e-002	
1937	1.875000e-002	
1938	1.822500e-002	
1939	1.852500e-002	
1940	1.960000e-002	
1941	1.945000e-002	
1942	1.890000e-002	
1943	1.920000e-002	
1944	1.825000e-002	
1945	1.862500e-002	
1946	1.702500e-002	
1947	1.742500e-002	
1948	1.817500e-002	
1949	2.020000e-002	
1950	2.042500e-002	
1951	2.082500e-002	
1952	2.100000e-002	
1953	2.012500e-002	
1954	1.987500e-002	
1955	2.082500e-002	
1956	2.077500e-002	
1957	2.055000e-002	
1958	2.330000e-002	
1959	2.300000e-002	
1960	2.352500e-002	
1961	2.360000e-002	
1962	2.330000e-002	
1963	2.422500e-002	
1964	2.387500e-002	
1965	2.325000e-002	
1966	2.267500e-002	
1967	2.317500e-002	
1968	2.340000e-002	
1969	2.227500e-002	
1970	2.152500e-002	
1971	2.232500e-002	
1972	2.227500e-002	
1973	2.050000e-002	
1974	2.075000e-002	
1975	1.925000e-002	
1976	1.755000e-002	
1977	1.715000e-002	
1978	1.715000e-002	
1979	1.717500e-002	
1980	1.700000e-002	
1981	1.750000e-002	
1982	1.780000e-002	
1983	1.902500e-002	
1984	1.960000e-002	
1985	1.900000e-002	
1986	1.815000e-002	
1987	1.852500e-002	
1988	1.975000e-002	
1989	2.100000e-002	
1990	2.255000e-002	
1991	2.285000e-002	
1992	2.232500e-002	
1993	2.275000e-002	
1994	2.150000e-002	
1995	2.112500e-002	
1996	2.255000e-002	
1997	2.332500e-002	
1998	2.395000e-002	
1999	2.242500e-002	
2000	2.110000e-002	
2001	2.122500e-002	
2002	2.095000e-002	
2003	2.057500e-002	
2004	2.025000e-002	
2005	2.010000e-002	
2006	1.907500e-002	
2007	1.837500e-002	
2008	1.757500e-002	
2009	1.727500e-002	
2010	1.782500e-002	
2011	1.785000e-002	
2012	1.790000e-002	
2013	1.735000e-002	
2014	1.740000e-002	
2015	1.817500e-002	
2016	1.772500e-002	
2017	1.842500e-002	
2018	1.860000e-002	
2019	1.992500e-002	
2020	2.085000e-002	
2021	2.127500e-002	
2022	2.192500e-002	
2023	2.190000e-002	
2024	2.202500e-002	
2025	2.247500e-002	
2026	2.177500e-002	
2027	2.175000e-002	
2028	2.087500e-002	
2029	2.147500e-002	
2030	2.290000e-002	
2031	2.327500e-002	
2032	2.322500e-002	
2033	2.252500e-002	
2034	2.217500e-002	
2035	2.245000e-002	
2036	2.257500e-002	
2037	2.187500e-002	
2038	2.007500e-002	
2039	1.830000e-002	
2040	1.697500e-002	
2041	1.565000e-002	
2042	1.472500e-002	
2043	1.500000e-002	
2044	1.615000e-002	
2045	1.707500e-002	
2046	1.770000e-002	
2047	1.830000e-002	
2048	1.782500e-002	
2049	1.905000e-002	
2050	1.980000e-002	
2051	2.120000e-002	
2052	2.100000e-002	
2053	2.175000e-002	
2054	2.237500e-002	
2055	2.212500e-002	
2056	2.332500e-002	
2057	2.427500e-002	
2058	2.325000e-002	
2059	2.307500e-002	
2060	2.307500e-002	
2061	2.385000e-002	
2062	2.297500e-002	
2063	2.180000e-002	
2064	2.220000e-002	
2065	2.115000e-002	
2066	2.122500e-002	
2067	2.025000e-002	
2068	2.047500e-002	
2069	2.027500e-002	
2070	1.845000e-002	
2071	1.720000e-002	
2072	1.695000e-002	
2073	1.682500e-002	
2074	1.757500e-002	
2075	1.687500e-002	
2076	1.640000e-002	
2077	1.725000e-002	
2078	1.610000e-002	
2079	1.657500e-002	
2080	1.840000e-002	
2081	1.972500e-002	
2082	2.092500e-002	
2083	2.050000e-002	
2084	2.142500e-002	
2085	2.085000e-002	
2086	2.030000e-002	
2087	2.135000e-002	
2088	2.167500e-002	
2089	2.167500e-002	
2090	2.157500e-002	
2091	2.337500e-002	
2092	2.332500e-002	
2093	2.272500e-002	
2094	2.285000e-002	
2095	2.105000e-002	
2096	2.195000e-002	
2097	2.230000e-002	
2098	2.125000e-002	
2099	2.052500e-002	
2100	2.015000e-002	
2101	1.915000e-002	
2102	1.815000e-002	
2103	1.737500e-002	
2104	1.660000e-002	
2105	1.650000e-002	
2106	1.705000e-002	
2107	1.627500e-002	
2108	1.662500e-002	
2109	1.742500e-002	
2110	1.707500e-002	
2111	1.807500e-002	
2112	1.890000e-002	
2113	1.902500e-002	
2114	1.902500e-002	
2115	1.947500e-002	
2116	2.017500e-002	
2117	1.987500e-002	
2118	1.935000e-002	
2119	1.980000e-002	
2120	2.040000e-002	
2121	2.145000e-002	
2122	2.112500e-002	
2123	2.232500e-002	
2124	2.335000e-002	
2125	2.425000e-002	
2126	2.390000e-002	
2127	2.345000e-002	
2128	2.230000e-002	
2129	2.237500e-002	
2130	2.015000e-002	
2131	1.967500e-002	
2132	1.990000e-002	
2133	2.022500e-002	
2134	1.935000e-002	
2135	1.945000e-002	
2136	1.870000e-002	
2137	1.987500e-002	
2138	1.987500e-002	
2139	1.887500e-002	
2140	1.940000e-002	
2141	2.000000e-002	
2142	1.907500e-002	
2143	1.985000e-002	
2144	2.015000e-002	
2145	1.985000e-002	
2146	1.762500e-002	
2147	1.770000e-002	
2148	1.795000e-002	
2149	1.827500e-002	
2150	1.887500e-002	
2151	1.940000e-002	
2152	1.982500e-002	
2153	2.120000e-002	
2154	2.145000e-002	
2155	2.127500e-002	
2156	2.167500e-002	
2157	2.217500e-002	
2158	2.330000e-002	
2159	2.367500e-002	
2160	2.295000e-002	
2161	2.382500e-002	
2162	2.312500e-002	
2163	2.225000e-002	
2164	2.122500e-002	
2165	2.132500e-002	
2166	2.107500e-002	
2167	2.012500e-002	
2168	1.840000e-002	
2169	1.942500e-002	
2170	1.887500e-002	
2171	2.020000e-002	
2172	1.820000e-002	
2173	1.820000e-002	
2174	1.765000e-002	
2175	1.770000e-002	
2176	1.837500e-002	
2177	1.860000e-002	
2178	1.777500e-002	
2179	1.897500e-002	
2180	2.060000e-002	
2181	1.992500e-002	
2182	1.897500e-002	
2183	1.865000e-002	
2184	1.917500e-002	
2185	1.942500e-002	
2186	1.960000e-002	
2187	1.997500e-002	
2188	2.012500e-002	
2189	2.025000e-002	
2190	2.057500e-002	
2191	2.187500e-002	
2192	2.240000e-002	
2193	2.172500e-002	
2194	2.192500e-002	
2195	2.205000e-002	
2196	2.227500e-002	
2197	2.335000e-002	
2198	2.352500e-002	
2199	2.187500e-002	
2200	1.975000e-002	
2201	1.812500e-002	
2202	1.700000e-002	
2203	1.727500e-002	
2204	1.660000e-002	
2205	1.590000e-002	
2206	1.682500e-002	
2207	1.767500e-002	
2208	1.700000e-002	
2209	1.647500e-002	
2210	1.640000e-002	
2211	1.725000e-002	
2212	1.942500e-002	
2213	1.915000e-002	
2214	2.010000e-002	
2215	2.120000e-002	
2216	2.157500e-002	
2217	2.175000e-002	
2218	2.122500e-002	
2219	2.182500e-002	
2220	2.252500e-002	
2221	2.305000e-002	
2222	2.255000e-002	
2223	2.277500e-002	
2224	2.272500e-002	
2225	2.277500e-002	
2226	2.232500e-002	
2227	2.210000e-002	
2228	2.240000e-002	
2229	2.295000e-002	
2230	2.355000e-002	
2231	2.195000e-002	
2232	2.110000e-002	
2233	2.067500e-002	
2234	2.045000e-002	
2235	1.965000e-002	
2236	1.952500e-002	
2237	1.845000e-002	
2238	1.845000e-002	
2239	1.780000e-002	
2240	1.775000e-002	
2241	1.792500e-002	
2242	1.825000e-002	
2243	1.832500e-002	
2244	1.845000e-002	
2245	1.687500e-002	
2246	1.810000e-002	
2247	1.985000e-002	
2248	2.110000e-002	
2249	2.162500e-002	
2250	2.165000e-002	
2251	2.145000e-002	
2252	2.057500e-002	
2253	2.290000e-002	
2254	2.277500e-002	
2255	2.360000e-002	
2256	2.440000e-002	
2257	2.420000e-002	
2258	2.407500e-002	
2259	2.430000e-002	
2260	2.392500e-002	
2261	2.347500e-002	
2262	2.235000e-002	
2263	2.205000e-002	
2264	1.915000e-002	
2265	1.767500e-002	
2266	1.747500e-002	
2267	1.585000e-002	
2268	1.685000e-002	
2269	1.722500e-002	
2270	1.730000e-002	
2271	1.775000e-002	
2272	1.752500e-002	
2273	1.742500e-002	
2274	1.912500e-002	
2275	2.045000e-002	
2276	2.017500e-002	
2277	2.060000e-002	
2278	1.995000e-002	
2279	1.937500e-002	
2280	1.982500e-002	
2281	2.010000e-002	
2282	2.060000e-002	
2283	2.032500e-002	
2284	2.185000e-002	
2285	2.190000e-002	
2286	2.157500e-002	
2287	2.175000e-002	
2288	2.150000e-002	
2289	2.132500e-002	
2290	2.215000e-002	
2291	2.250000e-002	
2292	2.092500e-002	
2293	2.082500e-002	
2294	2.045000e-002	
2295	2.032500e-002	
2296	2.052500e-002	
2297	1.935000e-002	
2298	1.855000e-002	
2299	2.020000e-002	
2300	2.067500e-002	
2301	2.065000e-002	
2302	1.825000e-002	
2303	1.670000e-002	
2304	1.685000e-002	
2305	1.670000e-002	
2306	1.825000e-002	
2307	1.897500e-002	
2308	1.827500e-002	
2309	1.857500e-002	
2310	1.950000e-002	
2311	2.047500e-002	
2312	2.055000e-002	
2313	2.067500e-002	
2314	2.105000e-002	
2315	2.102500e-002	
2316	2.137500e-002	
2317	2.220000e-002	
2318	2.267500e-002	
2319	2.322500e-002	
2320	2.237500e-002	
2321	2.185000e-002	
2322	2.087500e-002	
2323	1.992500e-002	
2324	2.045000e-002	
2325	2.132500e-002	
2326	2.052500e-002	
2327	1.982500e-002	
2328	1.967500e-002	
2329	1.807500e-002	
2330	1.777500e-002	
2331	1.752500e-002	
2332	1.847500e-002	
2333	1.855000e-002	
2334	1.767500e-002	
2335	1.875000e-002	
2336	1.965000e-002	
2337	1.920000e-002	
2338	1.905000e-002	
2339	1.730000e-002	
2340	1.755000e-002	
2341	1.812500e-002	
2342	1.797500e-002	
2343	1.940000e-002	
2344	1.922500e-002	
2345	1.907500e-002	
2346	1.900000e-002	
2347	1.947500e-002	
2348	1.860000e-002	
2349	1.912500e-002	
2350	2.042500e-002	
2351	2.070000e-002	
2352	2.105000e-002	
2353	2.147500e-002	
2354	2.110000e-002	
2355	2.027500e-002	
2356	1.952500e-002	
2357	2.072500e-002	
2358	2.075000e-002	
2359	2.157500e-002	
2360	2.240000e-002	
2361	2.130000e-002	
2362	2.142500e-002	
2363	2.082500e-002	
2364	1.942500e-002	
2365	1.977500e-002	
2366	1.927500e-002	
2367	2.052500e-002	
2368	1.907500e-002	
2369	1.855000e-002	
2370	1.850000e-002	
2371	1.937500e-002	
2372	2.222500e-002	
2373	2.052500e-002	
2374	2.055000e-002	
2375	2.022500e-002	
2376	1.982500e-002	
2377	2.065000e-002	
2378	2.020000e-002	
2379	2.040000e-002	
2380	2.160000e-002	
2381	2.300000e-002	
2382	2.315000e-002	
2383	2.155000e-002	
2384	2.142500e-002	
2385	2.105000e-002	
2386	2.097500e-002	
2387	2.030000e-002	
2388	2.170000e-002	
2389	2.202500e-002	
2390	2.105000e-002	
2391	2.040000e-002	
2392	2.145000e-002	
2393	2.177500e-002	
2394	1.997500e-002	
2395	1.920000e-002	
2396	1.947500e-002	
2397	2.005000e-002	
2398	1.990000e-002	
2399	1.955000e-002	
2400	1.837500e-002	
2401	1.922500e-002	
2402	1.877500e-002	
2403	1.962500e-002	
2404	2.030000e-002	
2405	1.967500e-002	
2406	1.940000e-002	
2407	1.942500e-002	
2408	1.980000e-002	
2409	1.997500e-002	
2410	2.067500e-002	
2411	2.005000e-002	
2412	1.940000e-002	
2413	1.907500e-002	
2414	1.947500e-002	
2415	1.902500e-002	
2416	1.965000e-002	
2417	2.067500e-002	
2418	2.202500e-002	
2419	2.187500e-002	
2420	2.180000e-002	
2421	1.937500e-002	
2422	1.937500e-002	
2423	1.962500e-002	
2424	2.112500e-002	
2425	2.080000e-002	
2426	2.235000e-002	
2427	2.257500e-002	
2428	2.305000e-002	
2429	2.242500e-002	
2430	2.222500e-002	
2431	2.272500e-002	
2432	2.287500e-002	
2433	2.275000e-002	
2434	2.282500e-002	
2435	2.137500e-002	
2436	1.927500e-002	
2437	1.962500e-002	
2438	1.950000e-002	
2439	1.917500e-002	
2440	1.985000e-002	
2441	1.882500e-002	
2442	1.887500e-002	
2443	1.875000e-002	
2444	1.915000e-002	
2445	1.912500e-002	
2446	2.080000e-002	
2447	1.920000e-002	
2448	1.942500e-002	
2449	1.920000e-002	
2450	1.925000e-002	
2451	1.840000e-002	
2452	1.832500e-002	
2453	1.940000e-002	
2454	2.075000e-002	
2455	2.077500e-002	
2456	2.092500e-002	
2457	2.120000e-002	
2458	2.172500e-002	
2459	2.237500e-002	
2460	2.245000e-002	
2461	2.340000e-002	
2462	2.342500e-002	
2463	2.165000e-002	
2464	2.167500e-002	
2465	2.097500e-002	
2466	2.090000e-002	
2467	2.232500e-002	
2468	2.050000e-002	
2469	1.855000e-002	
2470	1.832500e-002	
2471	1.710000e-002	
2472	1.600000e-002	
2473	1.665000e-002	
2474	1.647500e-002	
2475	1.745000e-002	
2476	1.725000e-002	
2477	1.665000e-002	
2478	1.707500e-002	
2479	1.682500e-002	
2480	1.695000e-002	
2481	1.730000e-002	
2482	1.792500e-002	
2483	1.797500e-002	
2484	1.882500e-002	
2485	2.070000e-002	
2486	2.177500e-002	
2487	2.207500e-002	
2488	2.207500e-002	
2489	2.207500e-002	
2490	2.287500e-002	
2491	2.365000e-002	
2492	2.320000e-002	
2493	2.270000e-002	
2494	2.327500e-002	
2495	2.447500e-002	
2496	2.355000e-002	
2497	2.367500e-002	
2498	2.292500e-002	
2499	2.342500e-002	
2500	2.342500e-002	
2501	2.422500e-002	
2502	2.200000e-002	
2503	2.055000e-002	
2504	1.805000e-002	
2505	1.877500e-002	
2506	1.727500e-002	
2507	1.627500e-002	
2508	1.707500e-002	
2509	1.752500e-002	
2510	1.767500e-002	
2511	1.785000e-002	
2512	1.827500e-002	
2513	1.810000e-002	
2514	1.965000e-002	
2515	1.862500e-002	
2516	1.842500e-002	
2517	1.975000e-002	
2518	1.942500e-002	
2519	1.922500e-002	
2520	1.950000e-002	
2521	1.970000e-002	
2522	1.980000e-002	
2523	1.990000e-002	
2524	1.955000e-002	
2525	1.970000e-002	
2526	2.195000e-002	
2527	2.192500e-002	
2528	2.185000e-002	
2529	2.270000e-002	
2530	2.265000e-002	
2531	2.295000e-002	
2532	2.215000e-002	
2533	2.322500e-002	
2534	2.442500e-002	
2535	2.357500e-002	
2536	2.185000e-002	
2537	2.072500e-002	
2538	2.075000e-002	
2539	2.080000e-002	
2540	1.952500e-002	
2541	1.830000e-002	
2542	1.830000e-002	
2543	1.792500e-002	
2544	1.830000e-002	
2545	1.860000e-002	
2546	1.932500e-002	
2547	1.925000e-002	
2548	1.827500e-002	
2549	1.750000e-002	
2550	1.712500e-002	
2551	1.785000e-002	
2552	1.840000e-002	
2553	1.967500e-002	
2554	2.092500e-002	
2555	2.067500e-002	
2556	2.037500e-002	
2557	2.080000e-002	
2558	2.065000e-002	
2559	2.007500e-002	
2560	2.032500e-002	
2561	2.222500e-002	
2562	2.252500e-002	
2563	2.242500e-002	
2564	2.260000e-002	
2565	2.107500e-002	
2566	2.220000e-002	
2567	2.207500e-002	
2568	2.272500e-002	
2569	2.285000e-002	
2570	2.357500e-002	
2571	2.270000e-002	
2572	2.130000e-002	
2573	2.055000e-002	
2574	1.895000e-002	
2575	1.895000e-002	
2576	1.987500e-002	
2577	1.987500e-002	
2578	2.045000e-002	
2579	2.167500e-002	
2580	2.135000e-002	
2581	2.170000e-002	
2582	2.072500e-002	
2583	2.000000e-002	
2584	1.937500e-002	
2585	1.872500e-002	
2586	1.975000e-002	
2587	2.067500e-002	
2588	1.997500e-002	
2589	2.055000e-002	
2590	1.985000e-002	
2591	2.045000e-002	
2592	2.205000e-002	
2593	2.125000e-002	
2594	2.097500e-002	
2595	2.100000e-002	
2596	2.080000e-002	
2597	1.805000e-002	
2598	1.785000e-002	
2599	1.727500e-002	
2600	1.792500e-002	
2601	1.815000e-002	
2602	1.875000e-002	
2603	1.967500e-002	
2604	1.900000e-002	
2605	1.887500e-002	
2606	1.965000e-002	
2607	1.950000e-002	
2608	2.150000e-002	
2609	2.097500e-002	
2610	2.132500e-002	
2611	2.245000e-002	
2612	2.285000e-002	
2613	2.142500e-002	
2614	2.247500e-002	
2615	2.080000e-002	
2616	1.985000e-002	
2617	2.050000e-002	
2618	2.135000e-002	
2619	2.107500e-002	
2620	2.145000e-002	
2621	2.187500e-002	
2622	2.172500e-002	
2623	2.160000e-002	
2624	2.072500e-002	
2625	1.972500e-002	
2626	1.952500e-002	
2627	2.015000e-002	
2628	2.135000e-002	
2629	2.127500e-002	
2630	2.040000e-002	
2631	1.930000e-002	
2632	2.100000e-002	
2633	2.097500e-002	
2634	2.047500e-002	
2635	1.975000e-002	
2636	1.787500e-002	
2637	1.835000e-002	
2638	1.752500e-002	
2639	1.757500e-002	
2640	1.800000e-002	
2641	1.852500e-002	
2642	1.807500e-002	
2643	1.900000e-002	
2644	1.957500e-002	
2645	1.957500e-002	
2646	2.142500e-002	
2647	2.117500e-002	
2648	2.200000e-002	
2649	2.255000e-002	
2650	2.375000e-002	
2651	2.402500e-002	
2652	2.400000e-002	
2653	2.297500e-002	
2654	2.095000e-002	
2655	2.057500e-002	
2656	2.035000e-002	
2657	1.905000e-002	
2658	2.062500e-002	
2659	2.050000e-002	
2660	2.052500e-002	
2661	1.997500e-002	
2662	2.045000e-002	
2663	2.142500e-002	
2664	2.115000e-002	
2665	2.080000e-002	
2666	2.097500e-002	
2667	1.995000e-002	
2668	1.822500e-002	
2669	1.805000e-002	
2670	1.722500e-002	
2671	1.715000e-002	
2672	1.677500e-002	
2673	1.712500e-002	
2674	1.725000e-002	
2675	1.775000e-002	
2676	1.902500e-002	
2677	1.910000e-002	
2678	1.892500e-002	
2679	1.980000e-002	
2680	1.967500e-002	
2681	2.037500e-002	
2682	2.032500e-002	
2683	2.122500e-002	
2684	2.160000e-002	
2685	2.145000e-002	
2686	2.037500e-002	
2687	2.067500e-002	
2688	2.042500e-002	
2689	2.042500e-002	
2690	2.150000e-002	
2691	2.227500e-002	
2692	2.247500e-002	
2693	2.267500e-002	
2694	2.277500e-002	
2695	2.105000e-002	
2696	2.122500e-002	
2697	2.110000e-002	
2698	2.152500e-002	
2699	2.020000e-002	
2700	1.960000e-002	
2701	1.852500e-002	
2702	1.865000e-002	
2703	1.730000e-002	
2704	1.675000e-002	
2705	1.725000e-002	
2706	1.835000e-002	
2707	1.977500e-002	
2708	1.972500e-002	
2709	1.962500e-002	
2710	2.035000e-002	
2711	1.990000e-002	
2712	1.982500e-002	
2713	2.042500e-002	
2714	1.942500e-002	
2715	1.867500e-002	
2716	1.782500e-002	
2717	1.727500e-002	
2718	1.815000e-002	
2719	1.917500e-002	
2720	1.955000e-002	
2721	1.967500e-002	
2722	1.937500e-002	
2723	1.960000e-002	
2724	1.945000e-002	
2725	2.062500e-002	
2726	2.175000e-002	
2727	2.305000e-002	
2728	2.262500e-002	
2729	2.295000e-002	
2730	2.325000e-002	
2731	2.370000e-002	
2732	2.317500e-002	
2733	2.177500e-002	
2734	2.127500e-002	
2735	2.100000e-002	
2736	2.067500e-002	
2737	2.072500e-002	
2738	2.235000e-002	
2739	2.022500e-002	
2740	1.927500e-002	
2741	1.965000e-002	
2742	1.890000e-002	
2743	1.845000e-002	
2744	1.797500e-002	
2745	1.817500e-002	
2746	1.735000e-002	
2747	1.655000e-002	
2748	1.710000e-002	
2749	1.807500e-002	
2750	1.845000e-002	
2751	1.770000e-002	
2752	1.875000e-002	
2753	1.977500e-002	
2754	1.890000e-002	
2755	1.890000e-002	
2756	1.812500e-002	
2757	1.830000e-002	
2758	1.817500e-002	
2759	1.857500e-002	
2760	1.827500e-002	
2761	1.772500e-002	
2762	1.872500e-002	
2763	1.905000e-002	
2764	1.885000e-002	
2765	1.935000e-002	
2766	1.942500e-002	
2767	2.020000e-002	
2768	2.107500e-002	
2769	2.222500e-002	
2770	2.280000e-002	
2771	2.207500e-002	
2772	2.242500e-002	
2773	2.245000e-002	
2774	2.150000e-002	
2775	2.165000e-002	
2776	2.267500e-002	
2777	2.200000e-002	
2778	2.250000e-002	
2779	2.417500e-002	
2780	2.307500e-002	
2781	2.300000e-002	
2782	2.155000e-002	
2783	2.135000e-002	
2784	2.187500e-002	
2785	2.140000e-002	
2786	1.972500e-002	
2787	1.900000e-002	
2788	1.767500e-002	
2789	1.765000e-002	
2790	1.825000e-002	
2791	1.860000e-002	
2792	1.727500e-002	
2793	1.702500e-002	
2794	1.727500e-002	
2795	1.722500e-002	
2796	1.822500e-002	
2797	1.765000e-002	
2798	1.817500e-002	
2799	1.920000e-002	
2800	2.060000e-002	
2801	2.112500e-002	
2802	2.150000e-002	
2803	2.262500e-002	
2804	2.295000e-002	
2805	2.325000e-002	
2806	2.430000e-002	
2807	2.400000e-002	
2808	2.335000e-002	
2809	2.235000e-002	
2810	2.227500e-002	
2811	2.225000e-002	
2812	2.370000e-002	
2813	2.287500e-002	
2814	2.247500e-002	
2815	2.272500e-002	
2816	2.180000e-002	
2817	2.067500e-002	
2818	1.967500e-002	
2819	2.030000e-002	
2820	1.877500e-002	
2821	1.795000e-002	
2822	1.810000e-002	
2823	1.792500e-002	
2824	1.685000e-002	
2825	1.590000e-002	
2826	1.660000e-002	
2827	1.705000e-002	
2828	1.730000e-002	
2829	1.855000e-002	
2830	1.920000e-002	
2831	2.097500e-002	
2832	2.087500e-002	
2833	1.997500e-002	
2834	1.992500e-002	
2835	1.935000e-002	
2836	1.797500e-002	
2837	1.862500e-002	
2838	1.937500e-002	
2839	2.002500e-002	
2840	2.067500e-002	
2841	2.102500e-002	
2842	2.065000e-002	
2843	2.200000e-002	
2844	2.112500e-002	
2845	2.047500e-002	
2846	2.005000e-002	
2847	2.002500e-002	
2848	2.180000e-002	
2849	2.132500e-002	
2850	2.077500e-002	
2851	1.960000e-002	
2852	2.020000e-002	
2853	2.037500e-002	
2854	1.997500e-002	
2855	2.097500e-002	
2856	2.112500e-002	
2857	2.152500e-002	
2858	2.205000e-002	
2859	2.205000e-002	
2860	2.115000e-002	
2861	1.987500e-002	
2862	1.977500e-002	
2863	2.062500e-002	
2864	2.107500e-002	
2865	2.110000e-002	
2866	1.967500e-002	
2867	2.010000e-002	
2868	1.980000e-002	
2869	1.960000e-002	
2870	1.912500e-002	
2871	1.962500e-002	
2872	2.005000e-002	
2873	1.950000e-002	
2874	1.957500e-002	
2875	1.940000e-002	
2876	1.892500e-002	
2877	1.920000e-002	
2878	2.045000e-002	
2879	2.032500e-002	
2880	2.060000e-002	
2881	2.042500e-002	
2882	2.107500e-002	
2883	2.167500e-002	
2884	2.225000e-002	
2885	2.152500e-002	
2886	2.057500e-002	
2887	2.070000e-002	
2888	2.042500e-002	
2889	2.027500e-002	
2890	2.082500e-002	
2891	2.032500e-002	
2892	2.005000e-002	
2893	2.142500e-002	
2894	2.215000e-002	
2895	2.235000e-002	
2896	2.127500e-002	
2897	2.125000e-002	
2898	2.042500e-002	
2899	2.107500e-002	
2900	2.167500e-002	
2901	2.225000e-002	
2902	2.090000e-002	
2903	1.970000e-002	
2904	1.865000e-002	
2905	1.807500e-002	
2906	1.655000e-002	
2907	1.712500e-002	
2908	1.672500e-002	
2909	1.750000e-002	
2910	1.822500e-002	
2911	1.932500e-002	
2912	1.997500e-002	
2913	2.107500e-002	
2914	2.202500e-002	
2915	2.265000e-002	
2916	2.272500e-002	
2917	2.337500e-002	
2918	2.215000e-002	
2919	2.160000e-002	
2920	2.182500e-002	
2921	2.020000e-002	
2922	2.057500e-002	
2923	2.140000e-002	
2924	2.150000e-002	
2925	2.130000e-002	
2926	2.125000e-002	
2927	2.167500e-002	
2928	2.087500e-002	
2929	2.045000e-002	
2930	1.997500e-002	
2931	2.005000e-002	
2932	1.932500e-002	
2933	1.982500e-002	
2934	2.005000e-002	
2935	1.970000e-002	
2936	2.017500e-002	
2937	1.987500e-002	
2938	1.917500e-002	
2939	1.772500e-002	
2940	1.782500e-002	
2941	1.797500e-002	
2942	1.802500e-002	
2943	1.772500e-002	
2944	1.777500e-002	
2945	1.897500e-002	
2946	2.030000e-002	
2947	2.100000e-002	
2948	2.147500e-002	
2949	2.130000e-002	
2950	2.100000e-002	
2951	2.250000e-002	
2952	2.260000e-002	
2953	2.435000e-002	
2954	2.490000e-002	
2955	2.395000e-002	
2956	2.417500e-002	
2957	2.325000e-002	
2958	2.227500e-002	
2959	2.137500e-002	
2960	2.120000e-002	
2961	2.012500e-002	
2962	1.952500e-002	
2963	1.975000e-002	
2964	2.005000e-002	
2965	2.040000e-002	
2966	1.942500e-002	
2967	1.852500e-002	
2968	1.957500e-002	
2969	1.787500e-002	
2970	1.745000e-002	
2971	1.802500e-002	
2972	1.790000e-002	
2973	1.792500e-002	
2974	1.760000e-002	
2975	1.705000e-002	
2976	1.732500e-002	
2977	1.697500e-002	
2978	1.832500e-002	
2979	1.812500e-002	
2980	1.882500e-002	
2981	1.947500e-002	
2982	2.035000e-002	
2983	2.032500e-002	
2984	2.227500e-002	
2985	2.212500e-002	
2986	2.225000e-002	
2987	2.325000e-002	
2988	2.570000e-002	
2989	2.680000e-002	
2990	2.530000e-002	
2991	2.632500e-002	
2992	2.375000e-002	
2993	2.277500e-002	
2994	2.245000e-002	
2995	2.095000e-002	
2996	2.107500e-002	
2997	1.995000e-002	
2998	2.005000e-002	
2999	1.800000e-002	
3000	1.602500e-002	
3001	1.682500e-002	
