1	0	
2	2.500000e-005	
3	1.250000e-004	
4	4.000000e-004	
5	6.500000e-004	
6	1.125000e-003	
7	1.925000e-003	
8	3.300000e-003	
9	4.825000e-003	
10	7.600000e-003	
11	1.010000e-002	
12	1.272500e-002	
13	1.537500e-002	
14	2.022500e-002	
15	2.457500e-002	
16	3.000000e-002	
17	3.385000e-002	
18	3.735000e-002	
19	4.217500e-002	
20	4.592500e-002	
21	4.880000e-002	
22	5.252500e-002	
23	5.552500e-002	
24	5.570000e-002	
25	5.452500e-002	
26	5.327500e-002	
27	5.432500e-002	
28	5.657500e-002	
29	5.542500e-002	
30	5.582500e-002	
31	5.577500e-002	
32	5.412500e-002	
33	5.442500e-002	
34	5.315000e-002	
35	5.345000e-002	
36	5.257500e-002	
37	4.927500e-002	
38	5.115000e-002	
39	5.025000e-002	
40	5.117500e-002	
41	5.190000e-002	
42	5.235000e-002	
43	5.325000e-002	
44	5.340000e-002	
45	5.412500e-002	
46	5.410000e-002	
47	5.252500e-002	
48	5.467500e-002	
49	5.385000e-002	
50	5.232500e-002	
51	5.285000e-002	
52	5.465000e-002	
53	5.667500e-002	
54	5.672500e-002	
55	5.667500e-002	
56	5.567500e-002	
57	5.460000e-002	
58	5.507500e-002	
59	5.472500e-002	
60	5.505000e-002	
61	5.330000e-002	
62	5.065000e-002	
63	5.177500e-002	
64	5.202500e-002	
65	5.140000e-002	
66	5.165000e-002	
67	5.087500e-002	
68	5.460000e-002	
69	5.575000e-002	
70	5.787500e-002	
71	5.655000e-002	
72	5.797500e-002	
73	5.852500e-002	
74	5.527500e-002	
75	5.337500e-002	
76	5.342500e-002	
77	5.177500e-002	
78	5.150000e-002	
79	5.187500e-002	
80	5.467500e-002	
81	5.457500e-002	
82	5.472500e-002	
83	5.647500e-002	
84	5.432500e-002	
85	5.395000e-002	
86	5.327500e-002	
87	5.395000e-002	
88	5.302500e-002	
89	5.355000e-002	
90	5.352500e-002	
91	5.352500e-002	
92	5.377500e-002	
93	5.235000e-002	
94	5.190000e-002	
95	5.377500e-002	
96	5.342500e-002	
97	5.440000e-002	
98	5.602500e-002	
99	5.587500e-002	
100	5.542500e-002	
101	5.427500e-002	
102	5.615000e-002	
103	5.657500e-002	
104	5.525000e-002	
105	5.457500e-002	
106	5.397500e-002	
107	5.385000e-002	
108	5.272500e-002	
109	5.167500e-002	
110	5.132500e-002	
111	5.210000e-002	
112	5.077500e-002	
113	4.975000e-002	
114	5.267500e-002	
115	5.235000e-002	
116	5.380000e-002	
117	5.405000e-002	
118	5.567500e-002	
119	5.852500e-002	
120	5.950000e-002	
121	5.777500e-002	
122	5.797500e-002	
123	5.517500e-002	
124	5.265000e-002	
125	5.100000e-002	
126	5.047500e-002	
127	5.092500e-002	
128	5.185000e-002	
129	5.370000e-002	
130	5.507500e-002	
131	5.687500e-002	
132	5.747500e-002	
133	5.990000e-002	
134	5.912500e-002	
135	5.552500e-002	
136	5.370000e-002	
137	5.035000e-002	
138	5.010000e-002	
139	5.175000e-002	
140	5.335000e-002	
141	5.297500e-002	
142	5.435000e-002	
143	5.452500e-002	
144	5.502500e-002	
145	5.345000e-002	
146	5.455000e-002	
147	5.502500e-002	
148	5.627500e-002	
149	5.452500e-002	
150	5.452500e-002	
151	5.190000e-002	
152	5.112500e-002	
153	5.100000e-002	
154	5.120000e-002	
155	5.362500e-002	
156	5.410000e-002	
157	5.670000e-002	
158	5.712500e-002	
159	5.952500e-002	
160	5.915000e-002	
161	5.665000e-002	
162	5.382500e-002	
163	5.430000e-002	
164	5.442500e-002	
165	5.287500e-002	
166	5.130000e-002	
167	5.042500e-002	
168	4.962500e-002	
169	4.947500e-002	
170	5.195000e-002	
171	5.580000e-002	
172	5.770000e-002	
173	5.597500e-002	
174	5.575000e-002	
175	5.590000e-002	
176	5.607500e-002	
177	5.620000e-002	
178	5.267500e-002	
179	4.987500e-002	
180	5.005000e-002	
181	5.132500e-002	
182	5.247500e-002	
183	5.417500e-002	
184	5.357500e-002	
185	5.372500e-002	
186	5.202500e-002	
187	5.410000e-002	
188	5.595000e-002	
189	5.655000e-002	
190	5.695000e-002	
191	5.662500e-002	
192	5.422500e-002	
193	5.315000e-002	
194	5.427500e-002	
195	5.175000e-002	
196	5.260000e-002	
197	5.265000e-002	
198	5.255000e-002	
199	5.467500e-002	
200	5.417500e-002	
201	5.255000e-002	
202	5.392500e-002	
203	5.215000e-002	
204	5.082500e-002	
205	5.187500e-002	
206	5.345000e-002	
207	5.495000e-002	
208	5.515000e-002	
209	5.457500e-002	
210	5.480000e-002	
211	5.620000e-002	
212	5.772500e-002	
213	5.600000e-002	
214	5.427500e-002	
215	5.315000e-002	
216	5.260000e-002	
217	5.090000e-002	
218	5.177500e-002	
219	5.302500e-002	
220	5.277500e-002	
221	5.440000e-002	
222	5.677500e-002	
223	5.680000e-002	
224	5.430000e-002	
225	5.267500e-002	
226	5.252500e-002	
227	5.507500e-002	
228	5.397500e-002	
229	5.572500e-002	
230	5.637500e-002	
231	5.700000e-002	
232	5.640000e-002	
233	5.427500e-002	
234	5.132500e-002	
235	5.127500e-002	
236	5.025000e-002	
237	5.157500e-002	
238	5.217500e-002	
239	5.340000e-002	
240	5.592500e-002	
241	5.485000e-002	
242	5.405000e-002	
243	5.337500e-002	
244	5.460000e-002	
245	5.452500e-002	
246	5.480000e-002	
247	5.342500e-002	
248	5.357500e-002	
249	5.260000e-002	
250	5.215000e-002	
251	5.072500e-002	
252	5.240000e-002	
253	5.367500e-002	
254	5.402500e-002	
255	5.507500e-002	
256	5.575000e-002	
257	5.555000e-002	
258	5.275000e-002	
259	5.315000e-002	
260	5.505000e-002	
261	5.470000e-002	
262	5.372500e-002	
263	5.540000e-002	
264	5.280000e-002	
265	5.260000e-002	
266	5.315000e-002	
267	5.185000e-002	
268	5.217500e-002	
269	5.395000e-002	
270	5.707500e-002	
271	5.655000e-002	
272	5.637500e-002	
273	5.380000e-002	
274	5.282500e-002	
275	5.010000e-002	
276	4.910000e-002	
277	4.900000e-002	
278	5.025000e-002	
279	5.377500e-002	
280	5.472500e-002	
281	5.587500e-002	
282	5.765000e-002	
283	5.907500e-002	
284	5.987500e-002	
285	5.817500e-002	
286	5.665000e-002	
287	5.500000e-002	
288	5.277500e-002	
289	5.087500e-002	
290	5.070000e-002	
291	4.907500e-002	
292	4.872500e-002	
293	4.987500e-002	
294	5.265000e-002	
295	5.282500e-002	
296	5.627500e-002	
297	5.690000e-002	
298	5.712500e-002	
299	5.627500e-002	
300	5.607500e-002	
301	5.525000e-002	
302	5.385000e-002	
303	5.310000e-002	
304	5.055000e-002	
305	5.052500e-002	
306	5.175000e-002	
307	5.170000e-002	
308	5.372500e-002	
309	5.417500e-002	
310	5.597500e-002	
311	5.635000e-002	
312	5.492500e-002	
313	5.567500e-002	
314	5.212500e-002	
315	5.382500e-002	
316	5.360000e-002	
317	5.277500e-002	
318	5.232500e-002	
319	5.360000e-002	
320	5.420000e-002	
321	5.440000e-002	
322	5.827500e-002	
323	5.597500e-002	
324	5.462500e-002	
325	5.440000e-002	
326	5.307500e-002	
327	5.195000e-002	
328	5.157500e-002	
329	5.065000e-002	
330	5.087500e-002	
331	5.457500e-002	
332	5.460000e-002	
333	5.390000e-002	
334	5.272500e-002	
335	5.547500e-002	
336	5.772500e-002	
337	5.845000e-002	
338	5.922500e-002	
339	5.642500e-002	
340	5.480000e-002	
341	5.602500e-002	
342	5.365000e-002	
343	5.135000e-002	
344	5.095000e-002	
345	5.112500e-002	
346	5.207500e-002	
347	5.222500e-002	
348	5.270000e-002	
349	5.340000e-002	
350	5.497500e-002	
351	5.687500e-002	
352	5.740000e-002	
353	5.652500e-002	
354	5.625000e-002	
355	5.337500e-002	
356	5.237500e-002	
357	5.250000e-002	
358	5.237500e-002	
359	5.430000e-002	
360	5.457500e-002	
361	5.462500e-002	
362	5.207500e-002	
363	5.252500e-002	
364	5.195000e-002	
365	5.197500e-002	
366	5.240000e-002	
367	5.392500e-002	
368	5.420000e-002	
369	5.545000e-002	
370	5.817500e-002	
371	5.440000e-002	
372	5.300000e-002	
373	5.302500e-002	
374	5.390000e-002	
375	5.527500e-002	
376	5.407500e-002	
377	5.350000e-002	
378	5.210000e-002	
379	5.175000e-002	
380	5.062500e-002	
381	5.457500e-002	
382	5.752500e-002	
383	5.725000e-002	
384	5.642500e-002	
385	5.700000e-002	
386	5.500000e-002	
387	5.422500e-002	
388	5.215000e-002	
389	5.237500e-002	
390	5.185000e-002	
391	5.032500e-002	
392	4.927500e-002	
393	5.040000e-002	
394	4.902500e-002	
395	5.060000e-002	
396	5.285000e-002	
397	5.385000e-002	
398	5.532500e-002	
399	5.457500e-002	
400	5.512500e-002	
401	5.780000e-002	
402	5.450000e-002	
403	5.285000e-002	
404	5.167500e-002	
405	5.245000e-002	
406	5.445000e-002	
407	5.522500e-002	
408	5.535000e-002	
409	5.612500e-002	
410	5.565000e-002	
411	5.372500e-002	
412	5.277500e-002	
413	5.222500e-002	
414	5.200000e-002	
415	5.097500e-002	
416	5.125000e-002	
417	5.312500e-002	
418	5.407500e-002	
419	5.275000e-002	
420	5.575000e-002	
421	5.867500e-002	
422	5.740000e-002	
423	5.720000e-002	
424	5.457500e-002	
425	5.157500e-002	
426	5.027500e-002	
427	5.075000e-002	
428	5.110000e-002	
429	5.195000e-002	
430	5.080000e-002	
431	5.302500e-002	
432	5.555000e-002	
433	5.627500e-002	
434	5.705000e-002	
435	5.407500e-002	
436	5.422500e-002	
437	5.482500e-002	
438	5.415000e-002	
439	5.267500e-002	
440	5.235000e-002	
441	5.202500e-002	
442	5.297500e-002	
443	5.342500e-002	
444	5.545000e-002	
445	5.522500e-002	
446	5.615000e-002	
447	5.582500e-002	
448	5.365000e-002	
449	5.297500e-002	
450	5.260000e-002	
451	5.200000e-002	
452	5.125000e-002	
453	5.202500e-002	
454	5.375000e-002	
455	5.370000e-002	
456	5.612500e-002	
457	5.735000e-002	
458	5.825000e-002	
459	5.640000e-002	
460	5.542500e-002	
461	5.440000e-002	
462	5.335000e-002	
463	5.272500e-002	
464	5.290000e-002	
465	5.255000e-002	
466	5.390000e-002	
467	5.352500e-002	
468	5.442500e-002	
469	5.335000e-002	
470	5.517500e-002	
471	5.487500e-002	
472	5.405000e-002	
473	5.442500e-002	
474	5.517500e-002	
475	5.360000e-002	
476	5.227500e-002	
477	4.945000e-002	
478	4.817500e-002	
479	5.292500e-002	
480	5.500000e-002	
481	5.735000e-002	
482	5.807500e-002	
483	5.610000e-002	
484	5.425000e-002	
485	5.440000e-002	
486	5.595000e-002	
487	5.460000e-002	
488	5.255000e-002	
489	5.227500e-002	
490	4.972500e-002	
491	5.065000e-002	
492	5.090000e-002	
493	5.025000e-002	
494	5.177500e-002	
495	5.410000e-002	
496	5.535000e-002	
497	5.507500e-002	
498	5.567500e-002	
499	5.880000e-002	
500	5.982500e-002	
501	5.610000e-002	
502	5.600000e-002	
503	5.165000e-002	
504	4.875000e-002	
505	4.835000e-002	
506	4.860000e-002	
507	4.920000e-002	
508	5.050000e-002	
509	5.242500e-002	
510	5.232500e-002	
511	5.287500e-002	
512	5.385000e-002	
513	5.340000e-002	
514	5.585000e-002	
515	5.870000e-002	
516	5.955000e-002	
517	5.935000e-002	
518	5.722500e-002	
519	5.595000e-002	
520	5.690000e-002	
521	5.457500e-002	
522	5.435000e-002	
523	5.230000e-002	
524	4.930000e-002	
525	4.867500e-002	
526	4.952500e-002	
527	5.045000e-002	
528	5.147500e-002	
529	5.365000e-002	
530	5.417500e-002	
531	5.640000e-002	
532	5.855000e-002	
533	5.787500e-002	
534	5.542500e-002	
535	5.440000e-002	
536	5.412500e-002	
537	5.232500e-002	
538	5.062500e-002	
539	5.037500e-002	
540	5.087500e-002	
541	5.197500e-002	
542	5.030000e-002	
543	5.012500e-002	
544	5.042500e-002	
545	5.062500e-002	
546	5.280000e-002	
547	5.650000e-002	
548	5.795000e-002	
549	5.825000e-002	
550	5.592500e-002	
551	5.315000e-002	
552	5.375000e-002	
553	5.205000e-002	
554	5.192500e-002	
555	5.255000e-002	
556	5.160000e-002	
557	4.992500e-002	
558	5.200000e-002	
559	5.377500e-002	
560	5.527500e-002	
561	5.592500e-002	
562	5.717500e-002	
563	5.700000e-002	
564	5.672500e-002	
565	5.637500e-002	
566	5.422500e-002	
567	5.197500e-002	
568	5.332500e-002	
569	5.240000e-002	
570	5.152500e-002	
571	5.025000e-002	
572	4.962500e-002	
573	5.137500e-002	
574	5.120000e-002	
575	5.175000e-002	
576	5.330000e-002	
577	5.415000e-002	
578	5.482500e-002	
579	5.675000e-002	
580	5.780000e-002	
581	5.560000e-002	
582	5.640000e-002	
583	5.702500e-002	
584	5.727500e-002	
585	5.337500e-002	
586	5.392500e-002	
587	5.265000e-002	
588	5.352500e-002	
589	5.355000e-002	
590	5.542500e-002	
591	5.485000e-002	
592	5.645000e-002	
593	5.505000e-002	
594	5.402500e-002	
595	5.337500e-002	
596	5.500000e-002	
597	5.360000e-002	
598	5.242500e-002	
599	5.037500e-002	
600	5.137500e-002	
601	5.237500e-002	
602	5.290000e-002	
603	5.350000e-002	
604	5.395000e-002	
605	5.630000e-002	
606	5.672500e-002	
607	5.757500e-002	
608	5.792500e-002	
609	5.597500e-002	
610	5.120000e-002	
611	5.062500e-002	
612	5.102500e-002	
613	4.800000e-002	
614	4.887500e-002	
615	5.087500e-002	
616	5.092500e-002	
617	5.207500e-002	
618	5.367500e-002	
619	5.480000e-002	
620	5.660000e-002	
621	5.692500e-002	
622	5.462500e-002	
623	5.502500e-002	
624	5.722500e-002	
625	5.580000e-002	
626	5.630000e-002	
627	5.272500e-002	
628	5.292500e-002	
629	5.385000e-002	
630	5.335000e-002	
631	5.260000e-002	
632	5.232500e-002	
633	5.122500e-002	
634	5.220000e-002	
635	5.325000e-002	
636	5.475000e-002	
637	5.557500e-002	
638	5.425000e-002	
639	5.490000e-002	
640	5.567500e-002	
641	5.485000e-002	
642	5.512500e-002	
643	5.322500e-002	
644	5.392500e-002	
645	5.212500e-002	
646	5.015000e-002	
647	5.162500e-002	
648	5.445000e-002	
649	5.557500e-002	
650	5.562500e-002	
651	5.677500e-002	
652	5.790000e-002	
653	5.410000e-002	
654	5.252500e-002	
655	5.365000e-002	
656	5.402500e-002	
657	5.305000e-002	
658	5.185000e-002	
659	5.287500e-002	
660	5.157500e-002	
661	5.265000e-002	
662	5.200000e-002	
663	5.247500e-002	
664	5.215000e-002	
665	5.430000e-002	
666	5.400000e-002	
667	5.407500e-002	
668	5.525000e-002	
669	5.582500e-002	
670	5.532500e-002	
671	5.177500e-002	
672	5.190000e-002	
673	5.112500e-002	
674	5.380000e-002	
675	5.357500e-002	
676	5.340000e-002	
677	5.490000e-002	
678	5.502500e-002	
679	5.462500e-002	
680	5.510000e-002	
681	5.437500e-002	
682	5.340000e-002	
683	5.557500e-002	
684	5.500000e-002	
685	5.225000e-002	
686	5.372500e-002	
687	5.262500e-002	
688	5.280000e-002	
689	5.215000e-002	
690	5.440000e-002	
691	5.460000e-002	
692	5.590000e-002	
693	5.490000e-002	
694	5.302500e-002	
695	5.240000e-002	
696	5.312500e-002	
697	5.190000e-002	
698	5.447500e-002	
699	5.347500e-002	
700	5.342500e-002	
701	5.590000e-002	
702	5.480000e-002	
703	5.467500e-002	
704	5.377500e-002	
705	5.092500e-002	
706	5.027500e-002	
707	5.002500e-002	
708	4.817500e-002	
709	4.767500e-002	
710	5.080000e-002	
711	5.450000e-002	
712	5.557500e-002	
713	5.400000e-002	
714	5.885000e-002	
715	5.675000e-002	
716	5.592500e-002	
717	5.742500e-002	
718	5.507500e-002	
719	5.215000e-002	
720	5.127500e-002	
721	5.157500e-002	
722	4.985000e-002	
723	4.920000e-002	
724	5.035000e-002	
725	5.167500e-002	
726	5.385000e-002	
727	5.792500e-002	
728	5.852500e-002	
729	6.077500e-002	
730	5.962500e-002	
731	5.867500e-002	
732	5.682500e-002	
733	5.375000e-002	
734	5.040000e-002	
735	5.117500e-002	
736	5.005000e-002	
737	4.965000e-002	
738	5.015000e-002	
739	4.950000e-002	
740	5.317500e-002	
741	5.200000e-002	
742	5.320000e-002	
743	5.557500e-002	
744	5.632500e-002	
745	5.827500e-002	
746	5.910000e-002	
747	5.810000e-002	
748	5.747500e-002	
749	5.680000e-002	
750	5.482500e-002	
751	5.300000e-002	
752	4.997500e-002	
753	4.875000e-002	
754	5.037500e-002	
755	4.857500e-002	
756	4.932500e-002	
757	5.140000e-002	
758	5.160000e-002	
759	5.245000e-002	
760	5.332500e-002	
761	5.430000e-002	
762	5.725000e-002	
763	5.870000e-002	
764	5.842500e-002	
765	5.685000e-002	
766	5.587500e-002	
767	5.375000e-002	
768	5.245000e-002	
769	5.307500e-002	
770	5.235000e-002	
771	5.222500e-002	
772	5.092500e-002	
773	5.162500e-002	
774	5.287500e-002	
775	5.287500e-002	
776	5.402500e-002	
777	5.530000e-002	
778	5.562500e-002	
779	5.582500e-002	
780	5.320000e-002	
781	5.307500e-002	
782	5.237500e-002	
783	5.155000e-002	
784	5.202500e-002	
785	5.277500e-002	
786	5.250000e-002	
787	5.210000e-002	
788	5.270000e-002	
789	5.310000e-002	
790	5.410000e-002	
791	5.480000e-002	
792	5.535000e-002	
793	5.727500e-002	
794	5.717500e-002	
795	5.477500e-002	
796	5.275000e-002	
797	5.232500e-002	
798	5.310000e-002	
799	5.410000e-002	
800	5.317500e-002	
801	5.487500e-002	
802	5.597500e-002	
803	5.535000e-002	
804	5.515000e-002	
805	5.517500e-002	
806	5.655000e-002	
807	5.382500e-002	
808	5.272500e-002	
809	5.380000e-002	
810	5.295000e-002	
811	5.595000e-002	
812	5.557500e-002	
813	5.605000e-002	
814	5.780000e-002	
815	5.560000e-002	
816	5.365000e-002	
817	5.357500e-002	
818	5.315000e-002	
819	5.167500e-002	
820	4.952500e-002	
821	5.180000e-002	
822	5.127500e-002	
823	5.182500e-002	
824	5.140000e-002	
825	5.155000e-002	
826	5.157500e-002	
827	5.467500e-002	
828	5.465000e-002	
829	5.527500e-002	
830	5.665000e-002	
831	5.585000e-002	
832	5.577500e-002	
833	5.567500e-002	
834	5.607500e-002	
835	5.327500e-002	
836	5.317500e-002	
837	5.510000e-002	
838	5.605000e-002	
839	5.280000e-002	
840	5.225000e-002	
841	5.170000e-002	
842	5.385000e-002	
843	5.555000e-002	
844	5.560000e-002	
845	5.307500e-002	
846	5.372500e-002	
847	5.357500e-002	
848	5.315000e-002	
849	5.267500e-002	
850	5.212500e-002	
851	5.410000e-002	
852	5.587500e-002	
853	5.647500e-002	
854	5.405000e-002	
855	5.292500e-002	
856	5.470000e-002	
857	5.425000e-002	
858	5.552500e-002	
859	5.600000e-002	
860	5.465000e-002	
861	5.572500e-002	
862	5.437500e-002	
863	5.362500e-002	
864	5.220000e-002	
865	5.340000e-002	
866	5.072500e-002	
867	5.387500e-002	
868	5.335000e-002	
869	5.555000e-002	
870	5.482500e-002	
871	5.225000e-002	
872	5.217500e-002	
873	5.225000e-002	
874	5.255000e-002	
875	5.252500e-002	
876	5.407500e-002	
877	5.520000e-002	
878	5.385000e-002	
879	5.382500e-002	
880	5.412500e-002	
881	5.535000e-002	
882	5.575000e-002	
883	5.807500e-002	
884	5.715000e-002	
885	5.755000e-002	
886	5.645000e-002	
887	5.532500e-002	
888	5.360000e-002	
889	5.262500e-002	
890	5.292500e-002	
891	5.157500e-002	
892	5.195000e-002	
893	5.382500e-002	
894	5.515000e-002	
895	5.440000e-002	
896	5.387500e-002	
897	5.330000e-002	
898	5.255000e-002	
899	5.240000e-002	
900	5.402500e-002	
901	5.350000e-002	
902	5.322500e-002	
903	5.497500e-002	
904	5.362500e-002	
905	5.362500e-002	
906	5.610000e-002	
907	5.595000e-002	
908	5.600000e-002	
909	5.755000e-002	
910	5.525000e-002	
911	5.510000e-002	
912	5.430000e-002	
913	5.425000e-002	
914	5.245000e-002	
915	5.042500e-002	
916	5.080000e-002	
917	5.127500e-002	
918	5.290000e-002	
919	5.405000e-002	
920	5.390000e-002	
921	5.527500e-002	
922	5.572500e-002	
923	5.525000e-002	
924	5.625000e-002	
925	5.590000e-002	
926	5.467500e-002	
927	5.355000e-002	
928	5.015000e-002	
929	5.102500e-002	
930	5.097500e-002	
931	5.205000e-002	
932	5.435000e-002	
933	5.347500e-002	
934	5.545000e-002	
935	5.455000e-002	
936	5.455000e-002	
937	5.507500e-002	
938	5.475000e-002	
939	5.397500e-002	
940	5.482500e-002	
941	5.312500e-002	
942	5.150000e-002	
943	5.272500e-002	
944	5.335000e-002	
945	5.350000e-002	
946	5.350000e-002	
947	5.242500e-002	
948	5.105000e-002	
949	5.325000e-002	
950	5.290000e-002	
951	5.520000e-002	
952	5.500000e-002	
953	5.367500e-002	
954	5.285000e-002	
955	5.405000e-002	
956	5.595000e-002	
957	5.342500e-002	
958	5.652500e-002	
959	5.575000e-002	
960	5.602500e-002	
961	5.690000e-002	
962	5.585000e-002	
963	5.267500e-002	
964	5.222500e-002	
965	5.160000e-002	
966	5.092500e-002	
967	5.267500e-002	
968	5.560000e-002	
969	5.447500e-002	
970	5.412500e-002	
971	5.142500e-002	
972	5.270000e-002	
973	5.252500e-002	
974	5.620000e-002	
975	5.552500e-002	
976	5.540000e-002	
977	5.345000e-002	
978	5.052500e-002	
979	5.222500e-002	
980	5.312500e-002	
981	5.447500e-002	
982	5.370000e-002	
983	5.475000e-002	
984	5.335000e-002	
985	5.267500e-002	
986	5.235000e-002	
987	5.232500e-002	
988	5.202500e-002	
989	5.350000e-002	
990	5.315000e-002	
991	5.412500e-002	
992	5.400000e-002	
993	5.370000e-002	
994	5.442500e-002	
995	5.505000e-002	
996	5.600000e-002	
997	5.630000e-002	
998	5.600000e-002	
999	5.555000e-002	
1000	5.452500e-002	
1001	5.497500e-002	
1002	5.335000e-002	
1003	5.565000e-002	
1004	5.612500e-002	
1005	5.600000e-002	
1006	5.285000e-002	
1007	5.412500e-002	
1008	5.447500e-002	
1009	5.220000e-002	
1010	5.285000e-002	
1011	5.237500e-002	
1012	5.207500e-002	
1013	5.310000e-002	
1014	5.242500e-002	
1015	5.295000e-002	
1016	5.437500e-002	
1017	5.480000e-002	
1018	5.537500e-002	
1019	5.482500e-002	
1020	5.390000e-002	
1021	5.517500e-002	
1022	5.545000e-002	
1023	5.277500e-002	
1024	5.215000e-002	
1025	5.315000e-002	
1026	5.310000e-002	
1027	5.375000e-002	
1028	5.287500e-002	
1029	5.397500e-002	
1030	5.547500e-002	
1031	5.477500e-002	
1032	5.290000e-002	
1033	5.322500e-002	
1034	5.385000e-002	
1035	5.532500e-002	
1036	5.505000e-002	
1037	5.360000e-002	
1038	5.607500e-002	
1039	5.602500e-002	
1040	5.632500e-002	
1041	5.622500e-002	
1042	5.437500e-002	
1043	5.392500e-002	
1044	5.150000e-002	
1045	5.132500e-002	
1046	5.217500e-002	
1047	5.147500e-002	
1048	5.352500e-002	
1049	5.177500e-002	
1050	5.275000e-002	
1051	5.392500e-002	
1052	5.527500e-002	
1053	5.555000e-002	
1054	5.562500e-002	
1055	5.470000e-002	
1056	5.457500e-002	
1057	5.592500e-002	
1058	5.722500e-002	
1059	5.555000e-002	
1060	5.440000e-002	
1061	5.252500e-002	
1062	5.160000e-002	
1063	5.120000e-002	
1064	5.090000e-002	
1065	5.045000e-002	
1066	5.215000e-002	
1067	5.390000e-002	
1068	5.380000e-002	
1069	5.515000e-002	
1070	5.607500e-002	
1071	5.750000e-002	
1072	5.752500e-002	
1073	5.692500e-002	
1074	5.495000e-002	
1075	5.395000e-002	
1076	5.092500e-002	
1077	5.110000e-002	
1078	5.152500e-002	
1079	5.295000e-002	
1080	5.425000e-002	
1081	5.565000e-002	
1082	5.552500e-002	
1083	5.472500e-002	
1084	5.512500e-002	
1085	5.575000e-002	
1086	5.377500e-002	
1087	5.212500e-002	
1088	5.347500e-002	
1089	5.137500e-002	
1090	5.115000e-002	
1091	5.025000e-002	
1092	5.010000e-002	
1093	5.260000e-002	
1094	5.257500e-002	
1095	5.432500e-002	
1096	5.487500e-002	
1097	5.625000e-002	
1098	5.625000e-002	
1099	5.810000e-002	
1100	5.752500e-002	
1101	5.615000e-002	
1102	5.425000e-002	
1103	5.417500e-002	
1104	5.327500e-002	
1105	5.147500e-002	
1106	5.290000e-002	
1107	5.210000e-002	
1108	5.402500e-002	
1109	5.352500e-002	
1110	5.107500e-002	
1111	5.260000e-002	
1112	5.445000e-002	
1113	5.345000e-002	
1114	5.325000e-002	
1115	5.415000e-002	
1116	5.290000e-002	
1117	5.357500e-002	
1118	5.265000e-002	
1119	5.217500e-002	
1120	5.357500e-002	
1121	5.367500e-002	
1122	5.392500e-002	
1123	5.605000e-002	
1124	5.695000e-002	
1125	5.562500e-002	
1126	5.537500e-002	
1127	5.495000e-002	
1128	5.567500e-002	
1129	5.370000e-002	
1130	5.400000e-002	
1131	5.422500e-002	
1132	5.405000e-002	
1133	5.202500e-002	
1134	5.142500e-002	
1135	5.140000e-002	
1136	5.085000e-002	
1137	5.202500e-002	
1138	5.220000e-002	
1139	5.275000e-002	
1140	5.355000e-002	
1141	5.430000e-002	
1142	5.402500e-002	
1143	5.265000e-002	
1144	5.360000e-002	
1145	5.450000e-002	
1146	5.417500e-002	
1147	5.352500e-002	
1148	5.512500e-002	
1149	5.432500e-002	
1150	5.480000e-002	
1151	5.435000e-002	
1152	5.355000e-002	
1153	5.570000e-002	
1154	5.422500e-002	
1155	5.507500e-002	
1156	5.532500e-002	
1157	5.542500e-002	
1158	5.445000e-002	
1159	5.222500e-002	
1160	5.247500e-002	
1161	5.187500e-002	
1162	5.285000e-002	
1163	5.467500e-002	
1164	5.597500e-002	
1165	5.580000e-002	
1166	5.487500e-002	
1167	5.362500e-002	
1168	5.180000e-002	
1169	5.227500e-002	
1170	5.217500e-002	
1171	5.230000e-002	
1172	5.045000e-002	
1173	5.082500e-002	
1174	5.125000e-002	
1175	5.222500e-002	
1176	5.550000e-002	
1177	5.770000e-002	
1178	5.980000e-002	
1179	5.830000e-002	
1180	5.515000e-002	
1181	5.357500e-002	
1182	5.397500e-002	
1183	5.197500e-002	
1184	5.160000e-002	
1185	5.065000e-002	
1186	5.057500e-002	
1187	5.267500e-002	
1188	5.340000e-002	
1189	5.550000e-002	
1190	5.670000e-002	
1191	5.837500e-002	
1192	5.817500e-002	
1193	5.822500e-002	
1194	5.715000e-002	
1195	5.502500e-002	
1196	5.430000e-002	
1197	5.195000e-002	
1198	5.237500e-002	
1199	5.150000e-002	
1200	5.060000e-002	
1201	5.035000e-002	
1202	5.132500e-002	
1203	5.060000e-002	
1204	5.095000e-002	
1205	5.490000e-002	
1206	5.605000e-002	
1207	5.622500e-002	
1208	5.690000e-002	
1209	5.707500e-002	
1210	5.687500e-002	
1211	5.402500e-002	
1212	5.370000e-002	
1213	5.397500e-002	
1214	5.365000e-002	
1215	5.280000e-002	
1216	5.290000e-002	
1217	5.260000e-002	
1218	5.135000e-002	
1219	5.045000e-002	
1220	5.175000e-002	
1221	5.157500e-002	
1222	5.400000e-002	
1223	5.550000e-002	
1224	5.580000e-002	
1225	5.402500e-002	
1226	5.357500e-002	
1227	5.390000e-002	
1228	5.322500e-002	
1229	5.320000e-002	
1230	5.370000e-002	
1231	5.132500e-002	
1232	5.120000e-002	
1233	5.327500e-002	
1234	5.325000e-002	
1235	5.455000e-002	
1236	5.420000e-002	
1237	5.297500e-002	
1238	5.405000e-002	
1239	5.505000e-002	
1240	5.755000e-002	
1241	5.675000e-002	
1242	5.635000e-002	
1243	5.610000e-002	
1244	5.302500e-002	
1245	5.122500e-002	
1246	5.077500e-002	
1247	5.097500e-002	
1248	5.212500e-002	
1249	5.230000e-002	
1250	5.405000e-002	
1251	5.297500e-002	
1252	5.245000e-002	
1253	5.425000e-002	
1254	5.352500e-002	
1255	5.350000e-002	
1256	5.465000e-002	
1257	5.415000e-002	
1258	5.322500e-002	
1259	5.165000e-002	
1260	5.390000e-002	
1261	5.470000e-002	
1262	5.447500e-002	
1263	5.097500e-002	
1264	5.187500e-002	
1265	5.315000e-002	
1266	5.372500e-002	
1267	5.310000e-002	
1268	5.582500e-002	
1269	5.607500e-002	
1270	5.545000e-002	
1271	5.507500e-002	
1272	5.470000e-002	
1273	5.447500e-002	
1274	5.230000e-002	
1275	5.262500e-002	
1276	5.082500e-002	
1277	5.227500e-002	
1278	5.385000e-002	
1279	5.417500e-002	
1280	5.280000e-002	
1281	5.220000e-002	
1282	5.272500e-002	
1283	5.212500e-002	
1284	5.422500e-002	
1285	5.522500e-002	
1286	5.552500e-002	
1287	5.595000e-002	
1288	5.640000e-002	
1289	5.760000e-002	
1290	5.692500e-002	
1291	5.510000e-002	
1292	5.470000e-002	
1293	5.165000e-002	
1294	5.175000e-002	
1295	5.332500e-002	
1296	5.472500e-002	
1297	5.585000e-002	
1298	5.572500e-002	
1299	5.525000e-002	
1300	5.402500e-002	
1301	5.465000e-002	
1302	5.535000e-002	
1303	5.502500e-002	
1304	5.455000e-002	
1305	5.587500e-002	
1306	5.662500e-002	
1307	5.575000e-002	
1308	5.155000e-002	
1309	5.145000e-002	
1310	5.150000e-002	
1311	5.227500e-002	
1312	5.260000e-002	
1313	5.372500e-002	
1314	5.502500e-002	
1315	5.335000e-002	
1316	5.607500e-002	
1317	5.387500e-002	
1318	5.355000e-002	
1319	5.457500e-002	
1320	5.402500e-002	
1321	5.392500e-002	
1322	5.507500e-002	
1323	5.662500e-002	
1324	5.457500e-002	
1325	5.325000e-002	
1326	5.335000e-002	
1327	5.340000e-002	
1328	5.360000e-002	
1329	5.087500e-002	
1330	5.065000e-002	
1331	5.292500e-002	
1332	5.215000e-002	
1333	5.175000e-002	
1334	5.150000e-002	
1335	5.172500e-002	
1336	5.510000e-002	
1337	5.527500e-002	
1338	5.542500e-002	
1339	5.532500e-002	
1340	5.482500e-002	
1341	5.327500e-002	
1342	5.270000e-002	
1343	5.262500e-002	
1344	5.380000e-002	
1345	5.260000e-002	
1346	5.025000e-002	
1347	5.090000e-002	
1348	5.215000e-002	
1349	5.492500e-002	
1350	5.427500e-002	
1351	5.445000e-002	
1352	5.490000e-002	
1353	5.567500e-002	
1354	5.395000e-002	
1355	5.222500e-002	
1356	5.455000e-002	
1357	5.445000e-002	
1358	5.320000e-002	
1359	5.437500e-002	
1360	5.197500e-002	
1361	5.162500e-002	
1362	5.052500e-002	
1363	5.227500e-002	
1364	5.402500e-002	
1365	5.422500e-002	
1366	5.450000e-002	
1367	5.380000e-002	
1368	5.455000e-002	
1369	5.880000e-002	
1370	5.712500e-002	
1371	5.270000e-002	
1372	5.247500e-002	
1373	5.282500e-002	
1374	5.362500e-002	
1375	5.395000e-002	
1376	5.385000e-002	
1377	5.470000e-002	
1378	5.402500e-002	
1379	5.300000e-002	
1380	5.135000e-002	
1381	5.160000e-002	
1382	5.177500e-002	
1383	5.222500e-002	
1384	5.500000e-002	
1385	5.297500e-002	
1386	5.437500e-002	
1387	5.500000e-002	
1388	5.375000e-002	
1389	5.402500e-002	
1390	5.425000e-002	
1391	5.440000e-002	
1392	5.412500e-002	
1393	5.030000e-002	
1394	5.067500e-002	
1395	5.192500e-002	
1396	5.237500e-002	
1397	5.435000e-002	
1398	5.392500e-002	
1399	5.477500e-002	
1400	5.402500e-002	
1401	5.292500e-002	
1402	5.455000e-002	
1403	5.622500e-002	
1404	5.625000e-002	
1405	5.402500e-002	
1406	5.425000e-002	
1407	5.347500e-002	
1408	5.207500e-002	
1409	5.295000e-002	
1410	5.312500e-002	
1411	5.545000e-002	
1412	5.690000e-002	
1413	5.367500e-002	
1414	5.512500e-002	
1415	5.352500e-002	
1416	5.365000e-002	
1417	5.352500e-002	
1418	5.395000e-002	
1419	5.257500e-002	
1420	5.045000e-002	
1421	5.152500e-002	
1422	5.172500e-002	
1423	5.340000e-002	
1424	5.477500e-002	
1425	5.805000e-002	
1426	5.692500e-002	
1427	5.627500e-002	
1428	5.520000e-002	
1429	5.330000e-002	
1430	5.132500e-002	
1431	5.355000e-002	
1432	5.272500e-002	
1433	5.060000e-002	
1434	5.067500e-002	
1435	5.235000e-002	
1436	5.237500e-002	
1437	5.557500e-002	
1438	5.570000e-002	
1439	5.525000e-002	
1440	5.487500e-002	
1441	5.372500e-002	
1442	5.317500e-002	
1443	5.277500e-002	
1444	5.520000e-002	
1445	5.352500e-002	
1446	5.342500e-002	
1447	5.345000e-002	
1448	5.352500e-002	
1449	5.275000e-002	
1450	5.520000e-002	
1451	5.540000e-002	
1452	5.590000e-002	
1453	5.557500e-002	
1454	5.572500e-002	
1455	5.440000e-002	
1456	5.360000e-002	
1457	5.145000e-002	
1458	5.147500e-002	
1459	5.167500e-002	
1460	5.360000e-002	
1461	5.642500e-002	
1462	5.657500e-002	
1463	5.710000e-002	
1464	5.727500e-002	
1465	5.562500e-002	
1466	5.475000e-002	
1467	5.215000e-002	
1468	5.367500e-002	
1469	5.130000e-002	
1470	5.207500e-002	
1471	5.422500e-002	
1472	5.585000e-002	
1473	5.485000e-002	
1474	5.335000e-002	
1475	5.422500e-002	
1476	5.377500e-002	
1477	5.565000e-002	
1478	5.362500e-002	
1479	5.477500e-002	
1480	5.432500e-002	
1481	5.655000e-002	
1482	5.492500e-002	
1483	5.307500e-002	
1484	5.250000e-002	
1485	5.360000e-002	
1486	5.222500e-002	
1487	5.315000e-002	
1488	5.280000e-002	
1489	5.162500e-002	
1490	5.175000e-002	
1491	5.397500e-002	
1492	5.595000e-002	
1493	5.597500e-002	
1494	5.470000e-002	
1495	5.640000e-002	
1496	5.612500e-002	
1497	5.555000e-002	
1498	5.345000e-002	
1499	5.217500e-002	
1500	5.180000e-002	
1501	4.907500e-002	
1502	4.970000e-002	
1503	5.195000e-002	
1504	5.257500e-002	
1505	5.272500e-002	
1506	5.200000e-002	
1507	5.435000e-002	
1508	5.425000e-002	
1509	5.572500e-002	
1510	5.525000e-002	
1511	5.495000e-002	
1512	5.270000e-002	
1513	5.487500e-002	
1514	5.347500e-002	
1515	5.302500e-002	
1516	5.190000e-002	
1517	5.157500e-002	
1518	5.137500e-002	
1519	5.277500e-002	
1520	5.307500e-002	
1521	5.080000e-002	
1522	5.322500e-002	
1523	5.237500e-002	
1524	5.497500e-002	
1525	5.252500e-002	
1526	5.427500e-002	
1527	5.455000e-002	
1528	5.615000e-002	
1529	5.845000e-002	
1530	5.707500e-002	
1531	5.565000e-002	
1532	5.385000e-002	
1533	5.285000e-002	
1534	5.317500e-002	
1535	5.142500e-002	
1536	5.122500e-002	
1537	5.055000e-002	
1538	5.087500e-002	
1539	5.227500e-002	
1540	5.250000e-002	
1541	5.345000e-002	
1542	5.800000e-002	
1543	5.902500e-002	
1544	5.612500e-002	
1545	5.587500e-002	
1546	5.622500e-002	
1547	5.530000e-002	
1548	5.375000e-002	
1549	5.222500e-002	
1550	5.237500e-002	
1551	5.235000e-002	
1552	5.275000e-002	
1553	5.332500e-002	
1554	5.300000e-002	
1555	5.395000e-002	
1556	5.530000e-002	
1557	5.537500e-002	
1558	5.280000e-002	
1559	5.242500e-002	
1560	5.252500e-002	
1561	5.190000e-002	
1562	5.327500e-002	
1563	5.347500e-002	
1564	5.272500e-002	
1565	5.325000e-002	
1566	5.412500e-002	
1567	5.532500e-002	
1568	5.435000e-002	
1569	5.355000e-002	
1570	5.562500e-002	
1571	5.612500e-002	
1572	5.610000e-002	
1573	5.475000e-002	
1574	5.455000e-002	
1575	5.347500e-002	
1576	5.332500e-002	
1577	5.175000e-002	
1578	5.217500e-002	
1579	5.147500e-002	
1580	5.142500e-002	
1581	5.240000e-002	
1582	5.200000e-002	
1583	5.182500e-002	
1584	5.397500e-002	
1585	5.230000e-002	
1586	5.432500e-002	
1587	5.685000e-002	
1588	5.660000e-002	
1589	5.485000e-002	
1590	5.485000e-002	
1591	5.505000e-002	
1592	5.532500e-002	
1593	5.387500e-002	
1594	5.085000e-002	
1595	5.077500e-002	
1596	5.282500e-002	
1597	5.347500e-002	
1598	5.290000e-002	
1599	5.270000e-002	
1600	5.290000e-002	
1601	5.475000e-002	
1602	5.542500e-002	
1603	5.417500e-002	
1604	5.557500e-002	
1605	5.430000e-002	
1606	5.235000e-002	
1607	5.145000e-002	
1608	5.132500e-002	
1609	4.967500e-002	
1610	4.940000e-002	
1611	5.072500e-002	
1612	5.335000e-002	
1613	5.437500e-002	
1614	5.252500e-002	
1615	5.245000e-002	
1616	5.210000e-002	
1617	5.190000e-002	
1618	5.242500e-002	
1619	5.325000e-002	
1620	5.337500e-002	
1621	5.247500e-002	
1622	5.162500e-002	
1623	5.142500e-002	
1624	5.302500e-002	
1625	5.372500e-002	
1626	5.285000e-002	
1627	5.732500e-002	
1628	5.935000e-002	
1629	5.857500e-002	
1630	5.640000e-002	
1631	5.282500e-002	
1632	5.087500e-002	
1633	5.032500e-002	
1634	5.137500e-002	
1635	5.015000e-002	
1636	5.082500e-002	
1637	5.252500e-002	
1638	5.372500e-002	
1639	5.655000e-002	
1640	5.622500e-002	
1641	5.565000e-002	
1642	5.810000e-002	
1643	5.582500e-002	
1644	5.530000e-002	
1645	5.417500e-002	
1646	5.342500e-002	
1647	5.172500e-002	
1648	5.197500e-002	
1649	4.997500e-002	
1650	4.977500e-002	
1651	5.062500e-002	
1652	5.182500e-002	
1653	5.470000e-002	
1654	5.717500e-002	
1655	5.675000e-002	
1656	5.495000e-002	
1657	5.445000e-002	
1658	5.460000e-002	
1659	5.180000e-002	
1660	5.167500e-002	
1661	5.290000e-002	
1662	5.310000e-002	
1663	5.242500e-002	
1664	5.280000e-002	
1665	5.045000e-002	
1666	5.030000e-002	
1667	5.265000e-002	
1668	5.340000e-002	
1669	5.395000e-002	
1670	5.562500e-002	
1671	5.762500e-002	
1672	5.790000e-002	
1673	5.785000e-002	
1674	5.620000e-002	
1675	5.372500e-002	
1676	5.042500e-002	
1677	4.965000e-002	
1678	4.997500e-002	
1679	5.210000e-002	
1680	5.392500e-002	
1681	5.412500e-002	
1682	5.165000e-002	
1683	5.042500e-002	
1684	5.192500e-002	
1685	5.257500e-002	
1686	5.070000e-002	
1687	5.180000e-002	
1688	5.197500e-002	
1689	5.460000e-002	
1690	5.540000e-002	
1691	5.655000e-002	
1692	5.597500e-002	
1693	5.717500e-002	
1694	5.605000e-002	
1695	5.742500e-002	
1696	5.797500e-002	
1697	5.605000e-002	
1698	5.342500e-002	
1699	5.107500e-002	
1700	5.057500e-002	
1701	5.107500e-002	
1702	5.135000e-002	
1703	5.175000e-002	
1704	5.235000e-002	
1705	5.490000e-002	
1706	5.540000e-002	
1707	5.812500e-002	
1708	5.717500e-002	
1709	5.695000e-002	
1710	5.477500e-002	
1711	5.355000e-002	
1712	5.272500e-002	
1713	5.320000e-002	
1714	5.182500e-002	
1715	5.255000e-002	
1716	5.197500e-002	
1717	5.125000e-002	
1718	5.075000e-002	
1719	5.297500e-002	
1720	5.470000e-002	
1721	5.385000e-002	
1722	5.460000e-002	
1723	5.770000e-002	
1724	5.660000e-002	
1725	5.785000e-002	
1726	5.537500e-002	
1727	5.565000e-002	
1728	5.315000e-002	
1729	5.267500e-002	
1730	5.357500e-002	
1731	5.255000e-002	
1732	5.320000e-002	
1733	5.247500e-002	
1734	5.067500e-002	
1735	5.110000e-002	
1736	5.275000e-002	
1737	5.525000e-002	
1738	5.557500e-002	
1739	5.512500e-002	
1740	5.540000e-002	
1741	5.602500e-002	
1742	5.347500e-002	
1743	5.222500e-002	
1744	5.235000e-002	
1745	5.320000e-002	
1746	5.247500e-002	
1747	5.415000e-002	
1748	5.327500e-002	
1749	5.340000e-002	
1750	5.490000e-002	
1751	5.652500e-002	
1752	5.640000e-002	
1753	5.440000e-002	
1754	5.362500e-002	
1755	5.407500e-002	
1756	5.440000e-002	
1757	5.500000e-002	
1758	5.390000e-002	
1759	5.375000e-002	
1760	5.182500e-002	
1761	5.145000e-002	
1762	5.180000e-002	
1763	5.387500e-002	
1764	5.480000e-002	
1765	5.560000e-002	
1766	5.350000e-002	
1767	5.242500e-002	
1768	5.142500e-002	
1769	5.292500e-002	
1770	5.307500e-002	
1771	5.540000e-002	
1772	5.332500e-002	
1773	5.400000e-002	
1774	5.647500e-002	
1775	5.590000e-002	
1776	5.447500e-002	
1777	5.315000e-002	
1778	5.532500e-002	
1779	5.590000e-002	
1780	5.575000e-002	
1781	5.440000e-002	
1782	5.255000e-002	
1783	5.227500e-002	
1784	5.117500e-002	
1785	5.335000e-002	
1786	5.392500e-002	
1787	5.687500e-002	
1788	5.807500e-002	
1789	5.600000e-002	
1790	5.425000e-002	
1791	5.360000e-002	
1792	5.460000e-002	
1793	5.442500e-002	
1794	5.312500e-002	
1795	5.100000e-002	
1796	5.097500e-002	
1797	5.242500e-002	
1798	5.295000e-002	
1799	5.190000e-002	
1800	5.077500e-002	
1801	5.227500e-002	
1802	5.310000e-002	
1803	5.230000e-002	
1804	5.102500e-002	
1805	5.375000e-002	
1806	5.532500e-002	
1807	5.567500e-002	
1808	5.615000e-002	
1809	5.615000e-002	
1810	5.472500e-002	
1811	5.277500e-002	
1812	5.305000e-002	
1813	5.240000e-002	
1814	5.395000e-002	
1815	5.355000e-002	
1816	5.000000e-002	
1817	5.045000e-002	
1818	5.172500e-002	
1819	5.255000e-002	
1820	5.502500e-002	
1821	5.527500e-002	
1822	5.620000e-002	
1823	5.475000e-002	
1824	5.480000e-002	
1825	5.637500e-002	
1826	5.457500e-002	
1827	5.332500e-002	
1828	5.255000e-002	
1829	5.237500e-002	
1830	5.297500e-002	
1831	5.282500e-002	
1832	5.162500e-002	
1833	5.087500e-002	
1834	5.092500e-002	
1835	5.302500e-002	
1836	5.232500e-002	
1837	5.435000e-002	
1838	5.555000e-002	
1839	5.570000e-002	
1840	5.427500e-002	
1841	5.405000e-002	
1842	5.485000e-002	
1843	5.100000e-002	
1844	5.267500e-002	
1845	5.155000e-002	
1846	5.200000e-002	
1847	5.475000e-002	
1848	5.480000e-002	
1849	5.480000e-002	
1850	5.115000e-002	
1851	5.377500e-002	
1852	5.522500e-002	
1853	5.570000e-002	
1854	5.625000e-002	
1855	5.560000e-002	
1856	5.580000e-002	
1857	5.367500e-002	
1858	4.972500e-002	
1859	5.152500e-002	
1860	5.305000e-002	
1861	5.277500e-002	
1862	5.125000e-002	
1863	5.202500e-002	
1864	5.407500e-002	
1865	5.550000e-002	
1866	5.402500e-002	
1867	5.362500e-002	
1868	5.497500e-002	
1869	5.410000e-002	
1870	5.572500e-002	
1871	5.377500e-002	
1872	5.257500e-002	
1873	5.117500e-002	
1874	5.417500e-002	
1875	5.620000e-002	
1876	5.627500e-002	
1877	5.527500e-002	
1878	5.325000e-002	
1879	5.377500e-002	
1880	5.295000e-002	
1881	5.287500e-002	
1882	5.380000e-002	
1883	5.462500e-002	
1884	5.377500e-002	
1885	5.447500e-002	
1886	5.372500e-002	
1887	5.310000e-002	
1888	5.425000e-002	
1889	5.477500e-002	
1890	5.545000e-002	
1891	5.560000e-002	
1892	5.432500e-002	
1893	5.212500e-002	
1894	5.257500e-002	
1895	5.370000e-002	
1896	5.445000e-002	
1897	5.320000e-002	
1898	5.442500e-002	
1899	5.465000e-002	
1900	5.262500e-002	
1901	5.157500e-002	
1902	5.025000e-002	
1903	5.085000e-002	
1904	5.242500e-002	
1905	5.312500e-002	
1906	5.387500e-002	
1907	5.470000e-002	
1908	5.482500e-002	
1909	5.222500e-002	
1910	5.027500e-002	
1911	5.102500e-002	
1912	5.207500e-002	
1913	5.167500e-002	
1914	5.475000e-002	
1915	5.390000e-002	
1916	5.307500e-002	
1917	5.180000e-002	
1918	5.422500e-002	
1919	5.472500e-002	
1920	5.330000e-002	
1921	5.535000e-002	
1922	5.645000e-002	
1923	5.450000e-002	
1924	5.405000e-002	
1925	5.490000e-002	
1926	5.417500e-002	
1927	5.317500e-002	
1928	5.377500e-002	
1929	5.570000e-002	
1930	5.487500e-002	
1931	5.230000e-002	
1932	5.222500e-002	
1933	5.255000e-002	
1934	5.277500e-002	
1935	5.272500e-002	
1936	5.327500e-002	
1937	5.197500e-002	
1938	5.300000e-002	
1939	5.232500e-002	
1940	5.112500e-002	
1941	5.142500e-002	
1942	5.095000e-002	
1943	5.165000e-002	
1944	5.182500e-002	
1945	5.187500e-002	
1946	5.362500e-002	
1947	5.527500e-002	
1948	5.882500e-002	
1949	5.795000e-002	
1950	5.910000e-002	
1951	5.625000e-002	
1952	5.497500e-002	
1953	5.652500e-002	
1954	5.495000e-002	
1955	5.210000e-002	
1956	5.115000e-002	
1957	4.870000e-002	
1958	5.125000e-002	
1959	5.125000e-002	
1960	5.225000e-002	
1961	5.427500e-002	
1962	5.500000e-002	
1963	5.545000e-002	
1964	5.527500e-002	
1965	5.447500e-002	
1966	5.527500e-002	
1967	5.485000e-002	
1968	5.415000e-002	
1969	5.310000e-002	
1970	5.505000e-002	
1971	5.480000e-002	
1972	5.365000e-002	
1973	5.307500e-002	
1974	5.220000e-002	
1975	5.430000e-002	
1976	5.422500e-002	
1977	5.665000e-002	
1978	5.622500e-002	
1979	5.337500e-002	
1980	5.215000e-002	
1981	5.300000e-002	
1982	5.262500e-002	
1983	5.075000e-002	
1984	5.050000e-002	
1985	5.395000e-002	
1986	5.342500e-002	
1987	5.372500e-002	
1988	5.577500e-002	
1989	5.702500e-002	
1990	5.615000e-002	
1991	5.515000e-002	
1992	5.425000e-002	
1993	5.267500e-002	
1994	5.192500e-002	
1995	5.302500e-002	
1996	5.212500e-002	
1997	5.185000e-002	
1998	5.322500e-002	
1999	5.285000e-002	
2000	5.447500e-002	
2001	5.562500e-002	
2002	5.927500e-002	
2003	5.770000e-002	
2004	5.447500e-002	
2005	5.307500e-002	
2006	5.117500e-002	
2007	5.265000e-002	
2008	5.170000e-002	
2009	5.180000e-002	
2010	5.335000e-002	
2011	5.332500e-002	
2012	5.502500e-002	
2013	5.610000e-002	
2014	5.482500e-002	
2015	5.502500e-002	
2016	5.345000e-002	
2017	5.330000e-002	
2018	5.392500e-002	
2019	5.280000e-002	
2020	5.130000e-002	
2021	5.182500e-002	
2022	5.282500e-002	
2023	5.475000e-002	
2024	5.805000e-002	
2025	5.622500e-002	
2026	5.602500e-002	
2027	5.502500e-002	
2028	5.520000e-002	
2029	5.325000e-002	
2030	5.467500e-002	
2031	5.205000e-002	
2032	5.155000e-002	
2033	5.035000e-002	
2034	5.122500e-002	
2035	5.147500e-002	
2036	5.250000e-002	
2037	5.420000e-002	
2038	5.425000e-002	
2039	5.487500e-002	
2040	5.555000e-002	
2041	5.572500e-002	
2042	5.437500e-002	
2043	5.447500e-002	
2044	5.430000e-002	
2045	5.465000e-002	
2046	5.735000e-002	
2047	5.670000e-002	
2048	5.665000e-002	
2049	5.467500e-002	
2050	5.145000e-002	
2051	5.085000e-002	
2052	5.005000e-002	
2053	4.900000e-002	
2054	5.030000e-002	
2055	5.302500e-002	
2056	5.600000e-002	
2057	5.617500e-002	
2058	5.472500e-002	
2059	5.457500e-002	
2060	5.515000e-002	
2061	5.640000e-002	
2062	5.560000e-002	
2063	5.530000e-002	
2064	5.340000e-002	
2065	5.142500e-002	
2066	5.072500e-002	
2067	5.192500e-002	
2068	5.305000e-002	
2069	5.465000e-002	
2070	5.725000e-002	
2071	5.522500e-002	
2072	5.480000e-002	
2073	5.460000e-002	
2074	5.522500e-002	
2075	5.532500e-002	
2076	5.667500e-002	
2077	5.577500e-002	
2078	5.345000e-002	
2079	5.277500e-002	
2080	5.297500e-002	
2081	5.265000e-002	
2082	5.310000e-002	
2083	5.440000e-002	
2084	5.512500e-002	
2085	5.427500e-002	
2086	5.592500e-002	
2087	5.392500e-002	
2088	5.505000e-002	
2089	5.535000e-002	
2090	5.502500e-002	
2091	5.470000e-002	
2092	5.320000e-002	
2093	5.202500e-002	
2094	5.350000e-002	
2095	5.567500e-002	
2096	5.615000e-002	
2097	5.590000e-002	
2098	5.567500e-002	
2099	5.497500e-002	
2100	5.362500e-002	
2101	5.312500e-002	
2102	5.522500e-002	
2103	5.587500e-002	
2104	5.397500e-002	
2105	5.300000e-002	
2106	5.247500e-002	
2107	5.165000e-002	
2108	5.105000e-002	
2109	5.327500e-002	
2110	5.322500e-002	
2111	5.435000e-002	
2112	5.455000e-002	
2113	5.560000e-002	
2114	5.660000e-002	
2115	5.600000e-002	
2116	5.500000e-002	
2117	5.695000e-002	
2118	5.462500e-002	
2119	5.205000e-002	
2120	5.227500e-002	
2121	4.975000e-002	
2122	5.055000e-002	
2123	5.257500e-002	
2124	5.350000e-002	
2125	5.437500e-002	
2126	5.342500e-002	
2127	5.645000e-002	
2128	5.817500e-002	
2129	6.000000e-002	
2130	5.905000e-002	
2131	5.735000e-002	
2132	5.677500e-002	
2133	5.340000e-002	
2134	5.012500e-002	
2135	4.820000e-002	
2136	4.765000e-002	
2137	4.917500e-002	
2138	5.227500e-002	
2139	5.182500e-002	
2140	5.415000e-002	
2141	5.575000e-002	
2142	5.555000e-002	
2143	5.630000e-002	
2144	5.615000e-002	
2145	5.545000e-002	
2146	5.572500e-002	
2147	5.572500e-002	
2148	5.422500e-002	
2149	5.197500e-002	
2150	5.147500e-002	
2151	5.285000e-002	
2152	5.345000e-002	
2153	5.272500e-002	
2154	5.262500e-002	
2155	5.552500e-002	
2156	5.467500e-002	
2157	5.465000e-002	
2158	5.400000e-002	
2159	5.347500e-002	
2160	5.415000e-002	
2161	5.695000e-002	
2162	5.805000e-002	
2163	5.795000e-002	
2164	5.555000e-002	
2165	5.185000e-002	
2166	4.940000e-002	
2167	4.972500e-002	
2168	5.105000e-002	
2169	5.350000e-002	
2170	5.277500e-002	
2171	5.362500e-002	
2172	5.492500e-002	
2173	5.452500e-002	
2174	5.655000e-002	
2175	5.467500e-002	
2176	5.407500e-002	
2177	5.175000e-002	
2178	5.220000e-002	
2179	5.102500e-002	
2180	5.050000e-002	
2181	5.202500e-002	
2182	5.380000e-002	
2183	5.610000e-002	
2184	5.677500e-002	
2185	5.522500e-002	
2186	5.535000e-002	
2187	5.387500e-002	
2188	5.535000e-002	
2189	5.625000e-002	
2190	5.405000e-002	
2191	5.282500e-002	
2192	5.150000e-002	
2193	5.035000e-002	
2194	4.975000e-002	
2195	4.927500e-002	
2196	5.295000e-002	
2197	5.685000e-002	
2198	5.687500e-002	
2199	5.717500e-002	
2200	5.950000e-002	
2201	5.932500e-002	
2202	5.625000e-002	
2203	5.542500e-002	
2204	5.325000e-002	
2205	5.070000e-002	
2206	4.900000e-002	
2207	4.832500e-002	
2208	4.905000e-002	
2209	5.082500e-002	
2210	5.192500e-002	
2211	5.275000e-002	
2212	5.585000e-002	
2213	5.725000e-002	
2214	5.717500e-002	
2215	5.575000e-002	
2216	5.415000e-002	
2217	5.267500e-002	
2218	5.200000e-002	
2219	5.187500e-002	
2220	5.410000e-002	
2221	5.252500e-002	
2222	5.515000e-002	
2223	5.417500e-002	
2224	5.307500e-002	
2225	5.320000e-002	
2226	5.527500e-002	
2227	5.447500e-002	
2228	5.225000e-002	
2229	5.440000e-002	
2230	5.280000e-002	
2231	5.250000e-002	
2232	5.417500e-002	
2233	5.747500e-002	
2234	5.742500e-002	
2235	5.785000e-002	
2236	5.685000e-002	
2237	5.375000e-002	
2238	5.380000e-002	
2239	5.262500e-002	
2240	5.327500e-002	
2241	5.280000e-002	
2242	5.107500e-002	
2243	5.380000e-002	
2244	5.295000e-002	
2245	5.552500e-002	
2246	5.530000e-002	
2247	5.337500e-002	
2248	5.270000e-002	
2249	5.525000e-002	
2250	5.550000e-002	
2251	5.567500e-002	
2252	5.205000e-002	
2253	5.362500e-002	
2254	5.360000e-002	
2255	5.240000e-002	
2256	5.310000e-002	
2257	5.075000e-002	
2258	5.150000e-002	
2259	5.090000e-002	
2260	5.262500e-002	
2261	5.167500e-002	
2262	5.365000e-002	
2263	5.252500e-002	
2264	5.532500e-002	
2265	5.625000e-002	
2266	5.577500e-002	
2267	5.655000e-002	
2268	5.687500e-002	
2269	5.267500e-002	
2270	5.355000e-002	
2271	5.522500e-002	
2272	5.310000e-002	
2273	5.397500e-002	
2274	5.612500e-002	
2275	5.365000e-002	
2276	5.445000e-002	
2277	5.395000e-002	
2278	5.497500e-002	
2279	5.555000e-002	
2280	5.802500e-002	
2281	5.502500e-002	
2282	5.417500e-002	
2283	5.405000e-002	
2284	5.320000e-002	
2285	5.257500e-002	
2286	5.217500e-002	
2287	5.345000e-002	
2288	5.300000e-002	
2289	5.437500e-002	
2290	5.242500e-002	
2291	5.267500e-002	
2292	5.332500e-002	
2293	5.297500e-002	
2294	5.235000e-002	
2295	5.297500e-002	
2296	5.415000e-002	
2297	5.582500e-002	
2298	5.427500e-002	
2299	5.277500e-002	
2300	5.077500e-002	
2301	5.275000e-002	
2302	5.375000e-002	
2303	5.675000e-002	
2304	5.685000e-002	
2305	5.710000e-002	
2306	5.725000e-002	
2307	5.597500e-002	
2308	5.395000e-002	
2309	5.422500e-002	
2310	5.395000e-002	
2311	5.435000e-002	
2312	5.262500e-002	
2313	5.507500e-002	
2314	5.580000e-002	
2315	5.487500e-002	
2316	5.387500e-002	
2317	5.137500e-002	
2318	5.165000e-002	
2319	5.162500e-002	
2320	5.270000e-002	
2321	5.227500e-002	
2322	5.247500e-002	
2323	5.155000e-002	
2324	5.285000e-002	
2325	5.305000e-002	
2326	5.425000e-002	
2327	5.357500e-002	
2328	5.402500e-002	
2329	5.657500e-002	
2330	5.657500e-002	
2331	5.567500e-002	
2332	5.507500e-002	
2333	5.552500e-002	
2334	5.312500e-002	
2335	5.080000e-002	
2336	5.220000e-002	
2337	5.352500e-002	
2338	5.262500e-002	
2339	5.157500e-002	
2340	5.052500e-002	
2341	5.340000e-002	
2342	5.320000e-002	
2343	5.505000e-002	
2344	5.710000e-002	
2345	5.662500e-002	
2346	5.962500e-002	
2347	5.727500e-002	
2348	5.697500e-002	
2349	5.627500e-002	
2350	5.387500e-002	
2351	5.075000e-002	
2352	4.915000e-002	
2353	4.915000e-002	
2354	5.160000e-002	
2355	5.320000e-002	
2356	5.597500e-002	
2357	5.497500e-002	
2358	5.322500e-002	
2359	5.400000e-002	
2360	5.360000e-002	
2361	5.160000e-002	
2362	5.097500e-002	
2363	5.225000e-002	
2364	5.147500e-002	
2365	5.335000e-002	
2366	5.465000e-002	
2367	5.350000e-002	
2368	5.240000e-002	
2369	5.387500e-002	
2370	5.385000e-002	
2371	5.467500e-002	
2372	5.835000e-002	
2373	5.757500e-002	
2374	5.670000e-002	
2375	5.442500e-002	
2376	5.310000e-002	
2377	5.007500e-002	
2378	5.165000e-002	
2379	5.065000e-002	
2380	5.202500e-002	
2381	5.235000e-002	
2382	5.197500e-002	
2383	5.070000e-002	
2384	5.122500e-002	
2385	5.152500e-002	
2386	5.607500e-002	
2387	5.600000e-002	
2388	5.445000e-002	
2389	5.357500e-002	
2390	5.422500e-002	
2391	5.445000e-002	
2392	5.337500e-002	
2393	5.212500e-002	
2394	5.405000e-002	
2395	5.250000e-002	
2396	5.387500e-002	
2397	5.200000e-002	
2398	5.237500e-002	
2399	5.242500e-002	
2400	5.317500e-002	
2401	5.425000e-002	
2402	5.667500e-002	
2403	5.405000e-002	
2404	5.260000e-002	
2405	5.325000e-002	
2406	5.375000e-002	
2407	5.420000e-002	
2408	5.477500e-002	
2409	5.317500e-002	
2410	5.112500e-002	
2411	5.180000e-002	
2412	5.282500e-002	
2413	5.220000e-002	
2414	5.237500e-002	
2415	5.182500e-002	
2416	5.112500e-002	
2417	5.312500e-002	
2418	5.167500e-002	
2419	5.167500e-002	
2420	5.340000e-002	
2421	5.472500e-002	
2422	5.602500e-002	
2423	5.492500e-002	
2424	5.442500e-002	
2425	5.342500e-002	
2426	5.372500e-002	
2427	5.347500e-002	
2428	5.397500e-002	
2429	5.372500e-002	
2430	5.280000e-002	
2431	5.360000e-002	
2432	5.312500e-002	
2433	5.177500e-002	
2434	5.185000e-002	
2435	5.267500e-002	
2436	5.260000e-002	
2437	5.370000e-002	
2438	5.505000e-002	
2439	5.467500e-002	
2440	5.440000e-002	
2441	5.607500e-002	
2442	5.697500e-002	
2443	5.467500e-002	
2444	5.385000e-002	
2445	5.295000e-002	
2446	5.137500e-002	
2447	5.160000e-002	
2448	5.205000e-002	
2449	5.420000e-002	
2450	5.502500e-002	
2451	5.760000e-002	
2452	5.680000e-002	
2453	5.667500e-002	
2454	5.635000e-002	
2455	5.467500e-002	
2456	5.310000e-002	
2457	5.345000e-002	
2458	5.255000e-002	
2459	5.147500e-002	
2460	5.160000e-002	
2461	5.195000e-002	
2462	5.350000e-002	
2463	5.200000e-002	
2464	5.275000e-002	
2465	5.510000e-002	
2466	5.500000e-002	
2467	5.440000e-002	
2468	5.555000e-002	
2469	5.465000e-002	
2470	5.440000e-002	
2471	5.367500e-002	
2472	5.267500e-002	
2473	5.097500e-002	
2474	5.072500e-002	
2475	5.242500e-002	
2476	5.487500e-002	
2477	5.490000e-002	
2478	5.430000e-002	
2479	5.497500e-002	
2480	5.632500e-002	
2481	5.627500e-002	
2482	5.292500e-002	
2483	5.242500e-002	
2484	5.357500e-002	
2485	5.302500e-002	
2486	5.297500e-002	
2487	5.247500e-002	
2488	5.207500e-002	
2489	5.297500e-002	
2490	5.275000e-002	
2491	5.365000e-002	
2492	5.612500e-002	
2493	5.630000e-002	
2494	5.492500e-002	
2495	5.575000e-002	
2496	5.647500e-002	
2497	5.515000e-002	
2498	5.425000e-002	
2499	5.375000e-002	
2500	5.442500e-002	
2501	5.355000e-002	
2502	5.235000e-002	
2503	5.197500e-002	
2504	4.982500e-002	
2505	5.067500e-002	
2506	5.112500e-002	
2507	5.275000e-002	
2508	5.557500e-002	
2509	5.542500e-002	
2510	5.580000e-002	
2511	5.610000e-002	
2512	5.652500e-002	
2513	5.452500e-002	
2514	5.462500e-002	
2515	5.322500e-002	
2516	5.302500e-002	
2517	5.085000e-002	
2518	5.040000e-002	
2519	4.957500e-002	
2520	5.027500e-002	
2521	5.090000e-002	
2522	5.437500e-002	
2523	5.597500e-002	
2524	5.680000e-002	
2525	5.797500e-002	
2526	5.780000e-002	
2527	5.830000e-002	
2528	5.657500e-002	
2529	5.450000e-002	
2530	5.262500e-002	
2531	5.450000e-002	
2532	5.477500e-002	
2533	5.382500e-002	
2534	5.430000e-002	
2535	5.337500e-002	
2536	5.307500e-002	
2537	5.132500e-002	
2538	5.415000e-002	
2539	5.380000e-002	
2540	5.317500e-002	
2541	5.322500e-002	
2542	5.397500e-002	
2543	5.367500e-002	
2544	5.302500e-002	
2545	5.247500e-002	
2546	5.375000e-002	
2547	5.305000e-002	
2548	5.182500e-002	
2549	5.250000e-002	
2550	5.227500e-002	
2551	5.417500e-002	
2552	5.430000e-002	
2553	5.405000e-002	
2554	5.735000e-002	
2555	5.710000e-002	
2556	5.580000e-002	
2557	5.522500e-002	
2558	5.497500e-002	
2559	5.312500e-002	
2560	5.267500e-002	
2561	5.185000e-002	
2562	5.190000e-002	
2563	5.320000e-002	
2564	5.300000e-002	
2565	5.170000e-002	
2566	5.225000e-002	
2567	5.417500e-002	
2568	5.852500e-002	
2569	5.702500e-002	
2570	5.862500e-002	
2571	5.710000e-002	
2572	5.472500e-002	
2573	5.417500e-002	
2574	5.145000e-002	
2575	5.042500e-002	
2576	5.095000e-002	
2577	5.205000e-002	
2578	5.222500e-002	
2579	5.285000e-002	
2580	5.327500e-002	
2581	5.237500e-002	
2582	5.375000e-002	
2583	5.462500e-002	
2584	5.692500e-002	
2585	5.747500e-002	
2586	5.757500e-002	
2587	6.000000e-002	
2588	5.675000e-002	
2589	5.477500e-002	
2590	5.200000e-002	
2591	5.057500e-002	
2592	5.217500e-002	
2593	5.262500e-002	
2594	5.280000e-002	
2595	5.150000e-002	
2596	5.220000e-002	
2597	5.207500e-002	
2598	5.207500e-002	
2599	5.112500e-002	
2600	5.405000e-002	
2601	5.442500e-002	
2602	5.392500e-002	
2603	5.472500e-002	
2604	5.417500e-002	
2605	5.567500e-002	
2606	5.522500e-002	
2607	5.420000e-002	
2608	5.392500e-002	
2609	5.527500e-002	
2610	5.322500e-002	
2611	5.177500e-002	
2612	4.977500e-002	
2613	5.045000e-002	
2614	5.067500e-002	
2615	4.947500e-002	
2616	5.155000e-002	
2617	5.322500e-002	
2618	5.392500e-002	
2619	5.257500e-002	
2620	5.447500e-002	
2621	5.575000e-002	
2622	5.577500e-002	
2623	5.812500e-002	
2624	5.757500e-002	
2625	5.447500e-002	
2626	5.230000e-002	
2627	5.195000e-002	
2628	5.030000e-002	
2629	5.087500e-002	
2630	5.105000e-002	
2631	5.140000e-002	
2632	5.200000e-002	
2633	5.417500e-002	
2634	5.355000e-002	
2635	5.632500e-002	
2636	5.787500e-002	
2637	5.517500e-002	
2638	5.347500e-002	
2639	5.510000e-002	
2640	5.432500e-002	
2641	5.255000e-002	
2642	5.207500e-002	
2643	5.262500e-002	
2644	5.520000e-002	
2645	5.327500e-002	
2646	5.442500e-002	
2647	5.310000e-002	
2648	5.490000e-002	
2649	5.612500e-002	
2650	5.562500e-002	
2651	5.187500e-002	
2652	5.160000e-002	
2653	5.225000e-002	
2654	5.392500e-002	
2655	5.362500e-002	
2656	5.365000e-002	
2657	5.322500e-002	
2658	5.287500e-002	
2659	5.232500e-002	
2660	5.035000e-002	
2661	5.185000e-002	
2662	5.117500e-002	
2663	5.042500e-002	
2664	5.172500e-002	
2665	5.457500e-002	
2666	5.725000e-002	
2667	5.605000e-002	
2668	5.610000e-002	
2669	5.437500e-002	
2670	5.525000e-002	
2671	5.600000e-002	
2672	5.435000e-002	
2673	5.265000e-002	
2674	4.970000e-002	
2675	5.042500e-002	
2676	5.055000e-002	
2677	5.420000e-002	
2678	5.277500e-002	
2679	5.465000e-002	
2680	5.490000e-002	
2681	5.457500e-002	
2682	5.352500e-002	
2683	5.475000e-002	
2684	5.497500e-002	
2685	5.542500e-002	
2686	5.610000e-002	
2687	5.305000e-002	
2688	5.420000e-002	
2689	5.182500e-002	
2690	5.365000e-002	
2691	5.247500e-002	
2692	5.157500e-002	
2693	5.347500e-002	
2694	5.500000e-002	
2695	5.635000e-002	
2696	5.510000e-002	
2697	5.482500e-002	
2698	5.210000e-002	
2699	5.187500e-002	
2700	5.065000e-002	
2701	5.230000e-002	
2702	5.342500e-002	
2703	5.540000e-002	
2704	5.570000e-002	
2705	5.857500e-002	
2706	5.745000e-002	
2707	5.655000e-002	
2708	5.472500e-002	
2709	5.367500e-002	
2710	5.417500e-002	
2711	5.167500e-002	
2712	5.007500e-002	
2713	5.085000e-002	
2714	5.192500e-002	
2715	5.152500e-002	
2716	5.385000e-002	
2717	5.522500e-002	
2718	5.367500e-002	
2719	5.447500e-002	
2720	5.377500e-002	
2721	5.332500e-002	
2722	5.182500e-002	
2723	5.090000e-002	
2724	5.222500e-002	
2725	5.360000e-002	
2726	5.217500e-002	
2727	5.227500e-002	
2728	5.405000e-002	
2729	5.535000e-002	
2730	5.610000e-002	
2731	5.507500e-002	
2732	5.715000e-002	
2733	5.437500e-002	
2734	5.207500e-002	
2735	5.202500e-002	
2736	4.910000e-002	
2737	5.082500e-002	
2738	5.387500e-002	
2739	5.430000e-002	
2740	5.402500e-002	
2741	5.252500e-002	
2742	5.347500e-002	
2743	5.410000e-002	
2744	5.495000e-002	
2745	5.560000e-002	
2746	5.222500e-002	
2747	5.417500e-002	
2748	5.377500e-002	
2749	5.665000e-002	
2750	5.630000e-002	
2751	5.525000e-002	
2752	5.605000e-002	
2753	5.587500e-002	
2754	5.395000e-002	
2755	5.375000e-002	
2756	5.275000e-002	
2757	5.135000e-002	
2758	5.035000e-002	
2759	5.175000e-002	
2760	5.272500e-002	
2761	5.195000e-002	
2762	5.322500e-002	
2763	5.385000e-002	
2764	5.405000e-002	
2765	5.462500e-002	
2766	5.530000e-002	
2767	5.675000e-002	
2768	5.657500e-002	
2769	5.447500e-002	
2770	5.390000e-002	
2771	5.275000e-002	
2772	5.002500e-002	
2773	4.860000e-002	
2774	4.697500e-002	
2775	4.965000e-002	
2776	5.130000e-002	
2777	5.295000e-002	
2778	5.462500e-002	
2779	5.705000e-002	
2780	5.565000e-002	
2781	5.537500e-002	
2782	5.777500e-002	
2783	5.632500e-002	
2784	5.542500e-002	
2785	5.400000e-002	
2786	5.515000e-002	
2787	5.377500e-002	
2788	5.250000e-002	
2789	5.052500e-002	
2790	5.107500e-002	
2791	5.227500e-002	
2792	5.457500e-002	
2793	5.425000e-002	
2794	5.465000e-002	
2795	5.477500e-002	
2796	5.460000e-002	
2797	5.560000e-002	
2798	5.770000e-002	
2799	5.595000e-002	
2800	5.425000e-002	
2801	5.120000e-002	
2802	4.917500e-002	
2803	4.812500e-002	
2804	4.852500e-002	
2805	5.090000e-002	
2806	5.122500e-002	
2807	5.227500e-002	
2808	5.480000e-002	
2809	5.680000e-002	
2810	5.707500e-002	
2811	5.827500e-002	
2812	5.522500e-002	
2813	5.490000e-002	
2814	5.582500e-002	
2815	5.552500e-002	
2816	5.355000e-002	
2817	5.095000e-002	
2818	5.052500e-002	
2819	4.980000e-002	
2820	5.127500e-002	
2821	5.370000e-002	
2822	5.505000e-002	
2823	5.515000e-002	
2824	5.632500e-002	
2825	5.707500e-002	
2826	5.720000e-002	
2827	5.682500e-002	
2828	5.357500e-002	
2829	5.250000e-002	
2830	5.187500e-002	
2831	5.252500e-002	
2832	5.217500e-002	
2833	5.127500e-002	
2834	5.387500e-002	
2835	5.610000e-002	
2836	5.470000e-002	
2837	5.777500e-002	
2838	5.685000e-002	
2839	5.592500e-002	
2840	5.617500e-002	
2841	5.547500e-002	
2842	5.515000e-002	
2843	5.257500e-002	
2844	4.767500e-002	
2845	4.762500e-002	
2846	5.002500e-002	
2847	5.242500e-002	
2848	5.460000e-002	
2849	5.425000e-002	
2850	5.525000e-002	
2851	5.490000e-002	
2852	5.510000e-002	
2853	5.695000e-002	
2854	5.652500e-002	
2855	5.455000e-002	
2856	5.412500e-002	
2857	5.267500e-002	
2858	5.095000e-002	
2859	4.987500e-002	
2860	4.657500e-002	
2861	4.730000e-002	
2862	4.785000e-002	
2863	5.045000e-002	
2864	5.157500e-002	
2865	5.357500e-002	
2866	5.595000e-002	
2867	5.660000e-002	
2868	5.720000e-002	
2869	5.885000e-002	
2870	5.820000e-002	
2871	5.720000e-002	
2872	5.277500e-002	
2873	5.180000e-002	
2874	5.102500e-002	
2875	5.305000e-002	
2876	5.385000e-002	
2877	5.267500e-002	
2878	5.195000e-002	
2879	5.180000e-002	
2880	5.230000e-002	
2881	5.342500e-002	
2882	5.395000e-002	
2883	5.467500e-002	
2884	5.372500e-002	
2885	5.340000e-002	
2886	5.355000e-002	
2887	5.372500e-002	
2888	5.477500e-002	
2889	5.302500e-002	
2890	5.225000e-002	
2891	5.292500e-002	
2892	5.247500e-002	
2893	5.257500e-002	
2894	5.507500e-002	
2895	5.500000e-002	
2896	5.402500e-002	
2897	5.240000e-002	
2898	5.450000e-002	
2899	5.155000e-002	
2900	5.205000e-002	
2901	5.252500e-002	
2902	5.322500e-002	
2903	5.427500e-002	
2904	5.430000e-002	
2905	5.455000e-002	
2906	5.542500e-002	
2907	5.477500e-002	
2908	5.200000e-002	
2909	5.180000e-002	
2910	5.157500e-002	
2911	5.400000e-002	
2912	5.417500e-002	
2913	5.325000e-002	
2914	5.377500e-002	
2915	5.385000e-002	
2916	5.477500e-002	
2917	5.625000e-002	
2918	5.697500e-002	
2919	5.495000e-002	
2920	5.492500e-002	
2921	5.290000e-002	
2922	5.520000e-002	
2923	5.465000e-002	
2924	5.210000e-002	
2925	5.190000e-002	
2926	5.365000e-002	
2927	5.532500e-002	
2928	5.342500e-002	
2929	5.437500e-002	
2930	5.590000e-002	
2931	5.422500e-002	
2932	5.422500e-002	
2933	5.272500e-002	
2934	5.560000e-002	
2935	5.437500e-002	
2936	5.472500e-002	
2937	5.330000e-002	
2938	5.267500e-002	
2939	5.080000e-002	
2940	5.120000e-002	
2941	5.160000e-002	
2942	5.317500e-002	
2943	5.260000e-002	
2944	5.160000e-002	
2945	5.257500e-002	
2946	5.350000e-002	
2947	5.327500e-002	
2948	5.507500e-002	
2949	5.772500e-002	
2950	5.572500e-002	
2951	5.485000e-002	
2952	5.205000e-002	
2953	5.085000e-002	
2954	5.210000e-002	
2955	5.442500e-002	
2956	5.457500e-002	
2957	5.465000e-002	
2958	5.332500e-002	
2959	5.357500e-002	
2960	5.475000e-002	
2961	5.527500e-002	
2962	5.470000e-002	
2963	5.472500e-002	
2964	5.552500e-002	
2965	5.495000e-002	
2966	5.615000e-002	
2967	5.512500e-002	
2968	5.222500e-002	
2969	5.085000e-002	
2970	5.030000e-002	
2971	5.225000e-002	
2972	5.330000e-002	
2973	5.282500e-002	
2974	4.997500e-002	
2975	5.122500e-002	
2976	5.387500e-002	
2977	5.575000e-002	
2978	5.452500e-002	
2979	5.575000e-002	
2980	5.490000e-002	
2981	5.465000e-002	
2982	5.375000e-002	
2983	5.202500e-002	
2984	5.337500e-002	
2985	5.255000e-002	
2986	5.460000e-002	
2987	5.540000e-002	
2988	5.487500e-002	
2989	5.412500e-002	
2990	5.477500e-002	
2991	5.390000e-002	
2992	5.445000e-002	
2993	5.317500e-002	
2994	5.337500e-002	
2995	5.422500e-002	
2996	5.340000e-002	
2997	5.362500e-002	
2998	5.192500e-002	
2999	5.195000e-002	
3000	5.370000e-002	
3001	5.235000e-002	
