1	0	
2	7.500000e-005	
3	6.000000e-004	
4	1.525000e-003	
5	2.950000e-003	
6	5.200000e-003	
7	8.225000e-003	
8	1.295000e-002	
9	1.867500e-002	
10	2.527500e-002	
11	3.352500e-002	
12	4.125000e-002	
13	4.782500e-002	
14	5.207500e-002	
15	5.795000e-002	
16	6.167500e-002	
17	6.822500e-002	
18	7.045000e-002	
19	7.440000e-002	
20	8.097500e-002	
21	8.260000e-002	
22	8.482500e-002	
23	8.802500e-002	
24	8.582500e-002	
25	8.585000e-002	
26	8.625000e-002	
27	8.915000e-002	
28	8.860000e-002	
29	8.920000e-002	
30	9.212500e-002	
31	9.400000e-002	
32	9.502500e-002	
33	9.205000e-002	
34	9.287500e-002	
35	9.290000e-002	
36	9.027500e-002	
37	9.197500e-002	
38	9.240000e-002	
39	9.082500e-002	
40	9.042500e-002	
41	8.470000e-002	
42	8.552500e-002	
43	8.905000e-002	
44	9.320000e-002	
45	9.757500e-002	
46	9.817500e-002	
47	9.215000e-002	
48	9.017500e-002	
49	9.097500e-002	
50	9.112500e-002	
51	9.305000e-002	
52	9.515000e-002	
53	9.675000e-002	
54	9.705000e-002	
55	9.130000e-002	
56	8.880000e-002	
57	8.767500e-002	
58	8.855000e-002	
59	9.162500e-002	
60	9.417500e-002	
61	9.337500e-002	
62	9.037500e-002	
63	9.200000e-002	
64	9.072500e-002	
65	9.177500e-002	
66	9.337500e-002	
67	9.230000e-002	
68	9.385000e-002	
69	9.080000e-002	
70	9.312500e-002	
71	9.245000e-002	
72	8.965000e-002	
73	9.007500e-002	
74	9.222500e-002	
75	9.040000e-002	
76	9.052500e-002	
77	9.315000e-002	
78	9.415000e-002	
79	9.395000e-002	
80	8.970000e-002	
81	9.035000e-002	
82	9.005000e-002	
83	8.935000e-002	
84	9.085000e-002	
85	9.117500e-002	
86	9.205000e-002	
87	9.152500e-002	
88	8.835000e-002	
89	8.990000e-002	
90	9.042500e-002	
91	9.020000e-002	
92	8.952500e-002	
93	8.977500e-002	
94	9.107500e-002	
95	9.237500e-002	
96	9.047500e-002	
97	9.142500e-002	
98	9.122500e-002	
99	9.275000e-002	
100	9.385000e-002	
101	9.565000e-002	
102	9.222500e-002	
103	9.200000e-002	
104	8.960000e-002	
105	9.127500e-002	
106	9.007500e-002	
107	9.132500e-002	
108	9.017500e-002	
109	9.210000e-002	
110	9.202500e-002	
111	9.035000e-002	
112	9.037500e-002	
113	8.995000e-002	
114	9.122500e-002	
115	9.345000e-002	
116	9.140000e-002	
117	8.967500e-002	
118	8.875000e-002	
119	9.135000e-002	
120	9.457500e-002	
121	9.260000e-002	
122	9.305000e-002	
123	9.040000e-002	
124	9.315000e-002	
125	9.297500e-002	
126	9.170000e-002	
127	9.125000e-002	
128	9.102500e-002	
129	9.110000e-002	
130	9.047500e-002	
131	8.875000e-002	
132	8.952500e-002	
133	8.837500e-002	
134	9.007500e-002	
135	8.995000e-002	
136	9.295000e-002	
137	9.247500e-002	
138	9.430000e-002	
139	9.400000e-002	
140	9.120000e-002	
141	8.957500e-002	
142	8.942500e-002	
143	9.017500e-002	
144	9.187500e-002	
145	9.220000e-002	
146	9.237500e-002	
147	9.345000e-002	
148	9.580000e-002	
149	9.195000e-002	
150	8.990000e-002	
151	9.025000e-002	
152	8.985000e-002	
153	8.930000e-002	
154	9.127500e-002	
155	9.067500e-002	
156	9.290000e-002	
157	9.197500e-002	
158	9.107500e-002	
159	8.890000e-002	
160	8.907500e-002	
161	9.060000e-002	
162	9.162500e-002	
163	9.235000e-002	
164	9.207500e-002	
165	9.235000e-002	
166	8.897500e-002	
167	8.922500e-002	
168	8.832500e-002	
169	9.067500e-002	
170	9.255000e-002	
171	9.552500e-002	
172	9.230000e-002	
173	9.485000e-002	
174	9.305000e-002	
175	9.235000e-002	
176	9.030000e-002	
177	8.945000e-002	
178	9.095000e-002	
179	9.410000e-002	
180	9.415000e-002	
181	9.260000e-002	
182	8.977500e-002	
183	8.945000e-002	
184	8.877500e-002	
185	8.990000e-002	
186	8.915000e-002	
187	8.960000e-002	
188	8.947500e-002	
189	9.015000e-002	
190	9.105000e-002	
191	9.470000e-002	
192	9.795000e-002	
193	9.570000e-002	
194	9.345000e-002	
195	9.310000e-002	
196	8.895000e-002	
197	8.755000e-002	
198	8.815000e-002	
199	9.027500e-002	
200	9.275000e-002	
201	9.350000e-002	
202	9.172500e-002	
203	9.327500e-002	
204	9.187500e-002	
205	9.385000e-002	
206	9.110000e-002	
207	9.000000e-002	
208	9.192500e-002	
209	9.330000e-002	
210	9.300000e-002	
211	9.192500e-002	
212	8.865000e-002	
213	8.705000e-002	
214	8.977500e-002	
215	9.057500e-002	
216	9.132500e-002	
217	9.060000e-002	
218	8.990000e-002	
219	9.132500e-002	
220	9.107500e-002	
221	9.157500e-002	
222	9.450000e-002	
223	9.335000e-002	
224	9.380000e-002	
225	9.267500e-002	
226	9.187500e-002	
227	8.977500e-002	
228	8.982500e-002	
229	8.907500e-002	
230	9.002500e-002	
231	9.437500e-002	
232	9.360000e-002	
233	9.190000e-002	
234	9.087500e-002	
235	9.035000e-002	
236	9.030000e-002	
237	9.107500e-002	
238	8.967500e-002	
239	9.292500e-002	
240	9.112500e-002	
241	9.422500e-002	
242	9.407500e-002	
243	9.282500e-002	
244	9.225000e-002	
245	9.157500e-002	
246	9.060000e-002	
247	8.832500e-002	
248	8.707500e-002	
249	8.760000e-002	
250	8.752500e-002	
251	9.205000e-002	
252	9.455000e-002	
253	9.607500e-002	
254	9.522500e-002	
255	9.332500e-002	
256	9.245000e-002	
257	9.057500e-002	
258	8.857500e-002	
259	9.082500e-002	
260	9.095000e-002	
261	9.177500e-002	
262	9.252500e-002	
263	9.357500e-002	
264	9.122500e-002	
265	9.167500e-002	
266	9.380000e-002	
267	9.362500e-002	
268	9.172500e-002	
269	8.947500e-002	
270	8.842500e-002	
271	9.027500e-002	
272	8.867500e-002	
273	9.047500e-002	
274	9.242500e-002	
275	8.995000e-002	
276	9.035000e-002	
277	9.282500e-002	
278	9.235000e-002	
279	9.080000e-002	
280	8.877500e-002	
281	8.797500e-002	
282	9.177500e-002	
283	9.442500e-002	
284	9.592500e-002	
285	9.307500e-002	
286	9.137500e-002	
287	9.187500e-002	
288	8.985000e-002	
289	8.910000e-002	
290	8.937500e-002	
291	9.077500e-002	
292	9.140000e-002	
293	9.217500e-002	
294	9.307500e-002	
295	9.335000e-002	
296	9.500000e-002	
297	9.455000e-002	
298	9.155000e-002	
299	9.197500e-002	
300	8.855000e-002	
301	9.120000e-002	
302	9.035000e-002	
303	9.120000e-002	
304	9.170000e-002	
305	9.110000e-002	
306	9.385000e-002	
307	9.275000e-002	
308	9.242500e-002	
309	9.040000e-002	
310	9.387500e-002	
311	9.330000e-002	
312	9.100000e-002	
313	8.842500e-002	
314	8.937500e-002	
315	8.905000e-002	
316	9.197500e-002	
317	9.172500e-002	
318	9.062500e-002	
319	8.925000e-002	
320	8.975000e-002	
321	9.087500e-002	
322	9.260000e-002	
323	9.097500e-002	
324	9.312500e-002	
325	9.330000e-002	
326	9.372500e-002	
327	9.497500e-002	
328	9.205000e-002	
329	9.015000e-002	
330	9.015000e-002	
331	8.997500e-002	
332	9.310000e-002	
333	9.087500e-002	
334	9.057500e-002	
335	9.305000e-002	
336	9.072500e-002	
337	8.890000e-002	
338	8.652500e-002	
339	8.697500e-002	
340	9.245000e-002	
341	9.560000e-002	
342	9.582500e-002	
343	9.260000e-002	
344	9.165000e-002	
345	8.660000e-002	
346	9.047500e-002	
347	8.935000e-002	
348	9.195000e-002	
349	9.442500e-002	
350	9.280000e-002	
351	9.187500e-002	
352	9.217500e-002	
353	9.327500e-002	
354	9.197500e-002	
355	8.955000e-002	
356	9.127500e-002	
357	8.995000e-002	
358	8.910000e-002	
359	9.077500e-002	
360	9.282500e-002	
361	9.225000e-002	
362	9.172500e-002	
363	9.207500e-002	
364	9.315000e-002	
365	9.042500e-002	
366	8.987500e-002	
367	8.927500e-002	
368	9.160000e-002	
369	9.075000e-002	
370	8.907500e-002	
371	9.067500e-002	
372	9.287500e-002	
373	9.380000e-002	
374	9.215000e-002	
375	9.222500e-002	
376	9.290000e-002	
377	9.172500e-002	
378	9.107500e-002	
379	9.345000e-002	
380	9.237500e-002	
381	9.057500e-002	
382	9.242500e-002	
383	9.407500e-002	
384	9.542500e-002	
385	9.385000e-002	
386	9.057500e-002	
387	8.850000e-002	
388	8.880000e-002	
389	9.185000e-002	
390	9.342500e-002	
391	9.415000e-002	
392	9.587500e-002	
393	9.402500e-002	
394	9.230000e-002	
395	9.377500e-002	
396	9.297500e-002	
397	9.152500e-002	
398	9.187500e-002	
399	9.057500e-002	
400	8.882500e-002	
401	9.107500e-002	
402	9.157500e-002	
403	9.467500e-002	
404	9.275000e-002	
405	8.990000e-002	
406	9.222500e-002	
407	9.295000e-002	
408	9.055000e-002	
409	9.122500e-002	
410	9.377500e-002	
411	8.960000e-002	
412	9.065000e-002	
413	9.265000e-002	
414	9.170000e-002	
415	9.650000e-002	
416	9.467500e-002	
417	9.287500e-002	
418	9.192500e-002	
419	9.040000e-002	
420	8.817500e-002	
421	9.070000e-002	
422	9.017500e-002	
423	9.037500e-002	
424	9.360000e-002	
425	9.207500e-002	
426	9.320000e-002	
427	9.305000e-002	
428	9.380000e-002	
429	9.470000e-002	
430	9.345000e-002	
431	8.975000e-002	
432	8.985000e-002	
433	9.005000e-002	
434	9.090000e-002	
435	9.067500e-002	
436	9.127500e-002	
437	9.332500e-002	
438	9.247500e-002	
439	9.405000e-002	
440	9.492500e-002	
441	9.472500e-002	
442	9.222500e-002	
443	9.280000e-002	
444	8.935000e-002	
445	8.820000e-002	
446	9.022500e-002	
447	8.980000e-002	
448	9.077500e-002	
449	9.325000e-002	
450	9.280000e-002	
451	9.055000e-002	
452	9.225000e-002	
453	9.605000e-002	
454	9.370000e-002	
455	9.187500e-002	
456	9.057500e-002	
457	9.000000e-002	
458	8.900000e-002	
459	8.842500e-002	
460	8.492500e-002	
461	8.507500e-002	
462	9.035000e-002	
463	9.137500e-002	
464	9.105000e-002	
465	9.387500e-002	
466	9.277500e-002	
467	9.340000e-002	
468	9.045000e-002	
469	8.757500e-002	
470	8.735000e-002	
471	8.865000e-002	
472	8.812500e-002	
473	8.970000e-002	
474	8.902500e-002	
475	9.102500e-002	
476	9.107500e-002	
477	9.347500e-002	
478	9.302500e-002	
479	9.405000e-002	
480	9.380000e-002	
481	9.027500e-002	
482	8.795000e-002	
483	8.835000e-002	
484	9.292500e-002	
485	9.207500e-002	
486	9.060000e-002	
487	9.005000e-002	
488	8.735000e-002	
489	8.737500e-002	
490	8.882500e-002	
491	8.900000e-002	
492	9.107500e-002	
493	9.227500e-002	
494	9.485000e-002	
495	9.420000e-002	
496	9.330000e-002	
497	8.847500e-002	
498	8.550000e-002	
499	8.660000e-002	
500	9.160000e-002	
501	9.262500e-002	
502	9.357500e-002	
503	9.865000e-002	
504	9.840000e-002	
505	9.287500e-002	
506	9.022500e-002	
507	8.842500e-002	
508	8.847500e-002	
509	9.130000e-002	
510	9.335000e-002	
511	9.560000e-002	
512	9.167500e-002	
513	8.937500e-002	
514	8.822500e-002	
515	9.060000e-002	
516	9.117500e-002	
517	9.352500e-002	
518	9.177500e-002	
519	9.490000e-002	
520	9.292500e-002	
521	9.057500e-002	
522	9.215000e-002	
523	9.157500e-002	
524	9.200000e-002	
525	9.282500e-002	
526	9.007500e-002	
527	8.982500e-002	
528	9.237500e-002	
529	9.110000e-002	
530	9.122500e-002	
531	9.125000e-002	
532	9.317500e-002	
533	9.345000e-002	
534	9.520000e-002	
535	9.590000e-002	
536	9.080000e-002	
537	8.702500e-002	
538	8.930000e-002	
539	9.200000e-002	
540	9.520000e-002	
541	9.422500e-002	
542	9.520000e-002	
543	9.455000e-002	
544	9.205000e-002	
545	9.140000e-002	
546	9.102500e-002	
547	9.122500e-002	
548	8.877500e-002	
549	8.852500e-002	
550	9.355000e-002	
551	9.447500e-002	
552	9.487500e-002	
553	9.200000e-002	
554	9.355000e-002	
555	9.272500e-002	
556	9.027500e-002	
557	8.600000e-002	
558	8.575000e-002	
559	8.822500e-002	
560	9.180000e-002	
561	9.230000e-002	
562	9.285000e-002	
563	9.337500e-002	
564	9.057500e-002	
565	8.800000e-002	
566	9.017500e-002	
567	9.197500e-002	
568	9.150000e-002	
569	9.142500e-002	
570	9.160000e-002	
571	9.145000e-002	
572	9.135000e-002	
573	9.137500e-002	
574	9.122500e-002	
575	9.100000e-002	
576	9.250000e-002	
577	9.155000e-002	
578	9.327500e-002	
579	9.412500e-002	
580	9.157500e-002	
581	9.242500e-002	
582	8.930000e-002	
583	9.195000e-002	
584	9.070000e-002	
585	9.085000e-002	
586	9.250000e-002	
587	9.545000e-002	
588	9.272500e-002	
589	9.170000e-002	
590	9.112500e-002	
591	9.095000e-002	
592	9.240000e-002	
593	9.127500e-002	
594	9.187500e-002	
595	9.190000e-002	
596	9.307500e-002	
597	9.075000e-002	
598	9.022500e-002	
599	9.067500e-002	
600	9.037500e-002	
601	9.235000e-002	
602	9.280000e-002	
603	9.730000e-002	
604	9.475000e-002	
605	9.085000e-002	
606	8.952500e-002	
607	8.695000e-002	
608	8.665000e-002	
609	9.100000e-002	
610	9.030000e-002	
611	9.190000e-002	
612	9.452500e-002	
613	9.410000e-002	
614	8.950000e-002	
615	9.002500e-002	
616	8.760000e-002	
617	8.937500e-002	
618	9.072500e-002	
619	9.112500e-002	
620	9.195000e-002	
621	9.190000e-002	
622	9.027500e-002	
623	9.092500e-002	
624	9.227500e-002	
625	9.022500e-002	
626	9.145000e-002	
627	9.290000e-002	
628	9.637500e-002	
629	9.547500e-002	
630	9.132500e-002	
631	8.972500e-002	
632	9.020000e-002	
633	9.065000e-002	
634	9.052500e-002	
635	9.305000e-002	
636	9.157500e-002	
637	9.260000e-002	
638	9.317500e-002	
639	9.500000e-002	
640	9.352500e-002	
641	9.327500e-002	
642	9.277500e-002	
643	9.200000e-002	
644	8.952500e-002	
645	8.915000e-002	
646	8.897500e-002	
647	9.090000e-002	
648	9.122500e-002	
649	9.335000e-002	
650	9.177500e-002	
651	9.147500e-002	
652	9.265000e-002	
653	9.145000e-002	
654	9.270000e-002	
655	9.045000e-002	
656	8.770000e-002	
657	8.897500e-002	
658	9.030000e-002	
659	9.050000e-002	
660	9.295000e-002	
661	9.500000e-002	
662	9.365000e-002	
663	9.315000e-002	
664	9.300000e-002	
665	9.030000e-002	
666	8.912500e-002	
667	9.040000e-002	
668	9.170000e-002	
669	9.125000e-002	
670	9.120000e-002	
671	9.302500e-002	
672	9.372500e-002	
673	9.325000e-002	
674	9.317500e-002	
675	9.067500e-002	
676	9.157500e-002	
677	9.087500e-002	
678	9.092500e-002	
679	9.227500e-002	
680	9.147500e-002	
681	9.265000e-002	
682	8.917500e-002	
683	8.990000e-002	
684	9.280000e-002	
685	9.430000e-002	
686	9.240000e-002	
687	9.097500e-002	
688	9.160000e-002	
689	9.340000e-002	
690	8.980000e-002	
691	8.957500e-002	
692	9.217500e-002	
693	9.260000e-002	
694	9.255000e-002	
695	9.217500e-002	
696	9.090000e-002	
697	9.287500e-002	
698	8.982500e-002	
699	8.860000e-002	
700	9.157500e-002	
701	9.520000e-002	
702	9.082500e-002	
703	9.207500e-002	
704	9.445000e-002	
705	9.380000e-002	
706	9.480000e-002	
707	9.020000e-002	
708	8.525000e-002	
709	8.700000e-002	
710	9.002500e-002	
711	9.167500e-002	
712	9.447500e-002	
713	9.372500e-002	
714	9.085000e-002	
715	8.815000e-002	
716	8.447500e-002	
717	8.835000e-002	
718	9.437500e-002	
719	9.412500e-002	
720	9.272500e-002	
721	9.512500e-002	
722	9.485000e-002	
723	9.240000e-002	
724	9.282500e-002	
725	9.125000e-002	
726	8.967500e-002	
727	9.035000e-002	
728	9.047500e-002	
729	9.040000e-002	
730	8.755000e-002	
731	9.072500e-002	
732	9.115000e-002	
733	9.232500e-002	
734	9.387500e-002	
735	9.607500e-002	
736	9.440000e-002	
737	9.265000e-002	
738	9.077500e-002	
739	8.955000e-002	
740	9.095000e-002	
741	9.375000e-002	
742	9.377500e-002	
743	9.237500e-002	
744	8.925000e-002	
745	9.097500e-002	
746	9.230000e-002	
747	9.012500e-002	
748	9.050000e-002	
749	9.340000e-002	
750	9.425000e-002	
751	9.022500e-002	
752	9.085000e-002	
753	9.342500e-002	
754	9.082500e-002	
755	9.007500e-002	
756	9.125000e-002	
757	8.997500e-002	
758	8.850000e-002	
759	9.210000e-002	
760	9.517500e-002	
761	9.335000e-002	
762	9.380000e-002	
763	9.262500e-002	
764	8.942500e-002	
765	8.837500e-002	
766	8.915000e-002	
767	9.130000e-002	
768	9.147500e-002	
769	9.377500e-002	
770	9.230000e-002	
771	9.207500e-002	
772	9.155000e-002	
773	8.862500e-002	
774	8.597500e-002	
775	8.407500e-002	
776	8.772500e-002	
777	9.220000e-002	
778	9.402500e-002	
779	9.425000e-002	
780	9.672500e-002	
781	9.497500e-002	
782	9.367500e-002	
783	9.245000e-002	
784	9.075000e-002	
785	8.817500e-002	
786	9.070000e-002	
787	9.230000e-002	
788	9.410000e-002	
789	9.260000e-002	
790	9.027500e-002	
791	9.237500e-002	
792	9.607500e-002	
793	9.345000e-002	
794	8.987500e-002	
795	9.032500e-002	
796	8.732500e-002	
797	8.925000e-002	
798	9.002500e-002	
799	9.140000e-002	
800	9.242500e-002	
801	8.980000e-002	
802	8.915000e-002	
803	8.995000e-002	
804	9.167500e-002	
805	9.312500e-002	
806	9.242500e-002	
807	9.232500e-002	
808	9.170000e-002	
809	8.990000e-002	
810	9.082500e-002	
811	9.092500e-002	
812	9.512500e-002	
813	9.357500e-002	
814	9.445000e-002	
815	8.800000e-002	
816	8.985000e-002	
817	9.017500e-002	
818	9.325000e-002	
819	9.320000e-002	
820	9.552500e-002	
821	9.512500e-002	
822	9.462500e-002	
823	9.145000e-002	
824	8.697500e-002	
825	8.997500e-002	
826	8.782500e-002	
827	8.652500e-002	
828	8.782500e-002	
829	9.237500e-002	
830	9.455000e-002	
831	9.182500e-002	
832	9.137500e-002	
833	8.840000e-002	
834	8.807500e-002	
835	9.130000e-002	
836	9.217500e-002	
837	9.312500e-002	
838	9.460000e-002	
839	9.362500e-002	
840	9.110000e-002	
841	8.745000e-002	
842	8.957500e-002	
843	9.020000e-002	
844	9.315000e-002	
845	9.415000e-002	
846	9.287500e-002	
847	9.335000e-002	
848	9.305000e-002	
849	9.277500e-002	
850	9.082500e-002	
851	8.907500e-002	
852	8.927500e-002	
853	9.165000e-002	
854	9.280000e-002	
855	9.155000e-002	
856	9.187500e-002	
857	9.090000e-002	
858	8.892500e-002	
859	8.900000e-002	
860	8.977500e-002	
861	9.232500e-002	
862	9.400000e-002	
863	9.497500e-002	
864	9.267500e-002	
865	9.105000e-002	
866	8.892500e-002	
867	9.010000e-002	
868	9.047500e-002	
869	9.017500e-002	
870	9.162500e-002	
871	9.262500e-002	
872	9.127500e-002	
873	9.057500e-002	
874	9.122500e-002	
875	8.710000e-002	
876	8.610000e-002	
877	8.925000e-002	
878	9.150000e-002	
879	9.580000e-002	
880	9.690000e-002	
881	9.305000e-002	
882	9.455000e-002	
883	9.407500e-002	
884	9.122500e-002	
885	8.990000e-002	
886	8.885000e-002	
887	8.785000e-002	
888	9.132500e-002	
889	9.392500e-002	
890	9.395000e-002	
891	9.285000e-002	
892	9.345000e-002	
893	9.095000e-002	
894	8.937500e-002	
895	8.950000e-002	
896	9.247500e-002	
897	9.220000e-002	
898	9.262500e-002	
899	9.165000e-002	
900	9.467500e-002	
901	9.487500e-002	
902	9.197500e-002	
903	9.352500e-002	
904	9.302500e-002	
905	9.237500e-002	
906	8.772500e-002	
907	8.710000e-002	
908	8.952500e-002	
909	8.927500e-002	
910	9.265000e-002	
911	9.307500e-002	
912	9.162500e-002	
913	9.030000e-002	
914	9.017500e-002	
915	9.272500e-002	
916	9.430000e-002	
917	9.452500e-002	
918	9.135000e-002	
919	8.810000e-002	
920	8.957500e-002	
921	8.977500e-002	
922	9.225000e-002	
923	9.107500e-002	
924	9.622500e-002	
925	9.280000e-002	
926	9.220000e-002	
927	8.922500e-002	
928	9.135000e-002	
929	9.200000e-002	
930	9.217500e-002	
931	9.137500e-002	
932	9.062500e-002	
933	9.007500e-002	
934	9.030000e-002	
935	9.052500e-002	
936	9.107500e-002	
937	9.045000e-002	
938	9.175000e-002	
939	9.440000e-002	
940	9.407500e-002	
941	9.007500e-002	
942	8.847500e-002	
943	8.715000e-002	
944	8.827500e-002	
945	9.230000e-002	
946	9.055000e-002	
947	9.040000e-002	
948	9.492500e-002	
949	9.705000e-002	
950	9.332500e-002	
951	9.042500e-002	
952	8.825000e-002	
953	8.770000e-002	
954	8.895000e-002	
955	9.130000e-002	
956	9.330000e-002	
957	9.360000e-002	
958	9.205000e-002	
959	9.022500e-002	
960	9.055000e-002	
961	9.062500e-002	
962	9.385000e-002	
963	9.580000e-002	
964	9.397500e-002	
965	8.985000e-002	
966	8.867500e-002	
967	8.867500e-002	
968	9.007500e-002	
969	8.935000e-002	
970	8.965000e-002	
971	9.267500e-002	
972	9.487500e-002	
973	9.492500e-002	
974	9.337500e-002	
975	9.182500e-002	
976	8.865000e-002	
977	8.822500e-002	
978	8.985000e-002	
979	9.300000e-002	
980	9.175000e-002	
981	9.320000e-002	
982	9.135000e-002	
983	9.070000e-002	
984	8.985000e-002	
985	8.922500e-002	
986	8.965000e-002	
987	9.075000e-002	
988	9.035000e-002	
989	9.195000e-002	
990	9.055000e-002	
991	8.900000e-002	
992	9.357500e-002	
993	9.090000e-002	
994	9.200000e-002	
995	9.237500e-002	
996	9.245000e-002	
997	9.342500e-002	
998	8.960000e-002	
999	9.200000e-002	
1000	9.242500e-002	
1001	9.112500e-002	
1002	8.910000e-002	
1003	9.015000e-002	
1004	9.095000e-002	
1005	9.177500e-002	
1006	8.980000e-002	
1007	8.957500e-002	
1008	9.110000e-002	
1009	9.420000e-002	
1010	9.165000e-002	
1011	9.112500e-002	
1012	9.127500e-002	
1013	9.060000e-002	
1014	9.437500e-002	
1015	9.232500e-002	
1016	9.072500e-002	
1017	8.940000e-002	
1018	9.132500e-002	
1019	9.317500e-002	
1020	9.260000e-002	
1021	9.015000e-002	
1022	9.365000e-002	
1023	9.172500e-002	
1024	9.262500e-002	
1025	9.475000e-002	
1026	9.210000e-002	
1027	9.095000e-002	
1028	8.767500e-002	
1029	8.870000e-002	
1030	8.662500e-002	
1031	8.720000e-002	
1032	9.025000e-002	
1033	9.272500e-002	
1034	9.257500e-002	
1035	9.315000e-002	
1036	9.152500e-002	
1037	9.007500e-002	
1038	9.047500e-002	
1039	9.052500e-002	
1040	9.022500e-002	
1041	9.227500e-002	
1042	9.160000e-002	
1043	9.137500e-002	
1044	9.320000e-002	
1045	8.987500e-002	
1046	9.027500e-002	
1047	9.270000e-002	
1048	9.212500e-002	
1049	9.405000e-002	
1050	9.047500e-002	
1051	9.010000e-002	
1052	8.835000e-002	
1053	9.225000e-002	
1054	9.042500e-002	
1055	9.020000e-002	
1056	9.085000e-002	
1057	8.870000e-002	
1058	9.067500e-002	
1059	9.202500e-002	
1060	9.175000e-002	
1061	9.167500e-002	
1062	9.252500e-002	
1063	9.202500e-002	
1064	9.105000e-002	
1065	8.917500e-002	
1066	9.150000e-002	
1067	9.280000e-002	
1068	9.290000e-002	
1069	9.325000e-002	
1070	9.237500e-002	
1071	8.892500e-002	
1072	8.885000e-002	
1073	8.690000e-002	
1074	8.805000e-002	
1075	9.295000e-002	
1076	9.710000e-002	
1077	9.782500e-002	
1078	9.327500e-002	
1079	9.135000e-002	
1080	8.897500e-002	
1081	9.197500e-002	
1082	9.172500e-002	
1083	9.022500e-002	
1084	9.067500e-002	
1085	8.940000e-002	
1086	8.945000e-002	
1087	8.960000e-002	
1088	9.057500e-002	
1089	9.405000e-002	
1090	9.402500e-002	
1091	9.720000e-002	
1092	9.335000e-002	
1093	9.170000e-002	
1094	8.910000e-002	
1095	8.877500e-002	
1096	8.930000e-002	
1097	9.012500e-002	
1098	9.280000e-002	
1099	9.112500e-002	
1100	8.997500e-002	
1101	8.940000e-002	
1102	9.097500e-002	
1103	9.337500e-002	
1104	9.337500e-002	
1105	9.215000e-002	
1106	9.025000e-002	
1107	9.007500e-002	
1108	9.242500e-002	
1109	9.360000e-002	
1110	9.312500e-002	
1111	9.372500e-002	
1112	9.005000e-002	
1113	8.970000e-002	
1114	9.115000e-002	
1115	8.982500e-002	
1116	8.927500e-002	
1117	9.012500e-002	
1118	9.412500e-002	
1119	9.515000e-002	
1120	9.755000e-002	
1121	9.642500e-002	
1122	9.245000e-002	
1123	9.135000e-002	
1124	9.157500e-002	
1125	8.885000e-002	
1126	9.105000e-002	
1127	8.862500e-002	
1128	8.847500e-002	
1129	9.117500e-002	
1130	9.215000e-002	
1131	9.045000e-002	
1132	8.947500e-002	
1133	8.947500e-002	
1134	9.220000e-002	
1135	9.112500e-002	
1136	8.945000e-002	
1137	9.280000e-002	
1138	9.310000e-002	
1139	9.570000e-002	
1140	9.470000e-002	
1141	9.197500e-002	
1142	8.950000e-002	
1143	8.805000e-002	
1144	9.155000e-002	
1145	9.457500e-002	
1146	9.305000e-002	
1147	8.847500e-002	
1148	9.297500e-002	
1149	9.422500e-002	
1150	9.285000e-002	
1151	9.030000e-002	
1152	8.805000e-002	
1153	8.902500e-002	
1154	8.932500e-002	
1155	9.205000e-002	
1156	9.057500e-002	
1157	9.205000e-002	
1158	9.405000e-002	
1159	9.327500e-002	
1160	9.262500e-002	
1161	9.092500e-002	
1162	9.395000e-002	
1163	9.435000e-002	
1164	9.265000e-002	
1165	9.635000e-002	
1166	9.170000e-002	
1167	9.322500e-002	
1168	8.995000e-002	
1169	8.735000e-002	
1170	8.660000e-002	
1171	8.975000e-002	
1172	9.195000e-002	
1173	9.487500e-002	
1174	9.172500e-002	
1175	9.150000e-002	
1176	8.972500e-002	
1177	9.107500e-002	
1178	9.117500e-002	
1179	8.867500e-002	
1180	8.787500e-002	
1181	9.005000e-002	
1182	9.172500e-002	
1183	9.187500e-002	
1184	9.487500e-002	
1185	9.555000e-002	
1186	9.467500e-002	
1187	9.410000e-002	
1188	8.915000e-002	
1189	8.872500e-002	
1190	8.705000e-002	
1191	8.855000e-002	
1192	9.145000e-002	
1193	9.407500e-002	
1194	9.160000e-002	
1195	9.075000e-002	
1196	9.235000e-002	
1197	9.002500e-002	
1198	8.790000e-002	
1199	8.812500e-002	
1200	8.870000e-002	
1201	9.172500e-002	
1202	9.467500e-002	
1203	9.345000e-002	
1204	9.047500e-002	
1205	9.112500e-002	
1206	9.277500e-002	
1207	8.895000e-002	
1208	8.642500e-002	
1209	8.610000e-002	
1210	8.837500e-002	
1211	8.992500e-002	
1212	9.357500e-002	
1213	9.157500e-002	
1214	9.307500e-002	
1215	8.957500e-002	
1216	9.212500e-002	
1217	9.270000e-002	
1218	9.155000e-002	
1219	8.882500e-002	
1220	8.805000e-002	
1221	8.775000e-002	
1222	9.107500e-002	
1223	9.455000e-002	
1224	9.515000e-002	
1225	9.410000e-002	
1226	9.420000e-002	
1227	9.257500e-002	
1228	8.830000e-002	
1229	8.545000e-002	
1230	8.792500e-002	
1231	9.160000e-002	
1232	9.370000e-002	
1233	9.735000e-002	
1234	9.537500e-002	
1235	9.287500e-002	
1236	9.170000e-002	
1237	9.135000e-002	
1238	8.777500e-002	
1239	8.792500e-002	
1240	8.997500e-002	
1241	8.932500e-002	
1242	9.107500e-002	
1243	9.260000e-002	
1244	9.367500e-002	
1245	9.172500e-002	
1246	9.305000e-002	
1247	9.310000e-002	
1248	9.310000e-002	
1249	9.227500e-002	
1250	8.872500e-002	
1251	8.942500e-002	
1252	8.902500e-002	
1253	9.097500e-002	
1254	9.250000e-002	
1255	9.230000e-002	
1256	9.395000e-002	
1257	9.477500e-002	
1258	9.055000e-002	
1259	9.092500e-002	
1260	8.780000e-002	
1261	9.015000e-002	
1262	8.867500e-002	
1263	9.157500e-002	
1264	9.205000e-002	
1265	9.337500e-002	
1266	9.335000e-002	
1267	8.987500e-002	
1268	9.085000e-002	
1269	9.110000e-002	
1270	9.082500e-002	
1271	9.105000e-002	
1272	9.280000e-002	
1273	9.107500e-002	
1274	8.975000e-002	
1275	8.727500e-002	
1276	9.095000e-002	
1277	9.260000e-002	
1278	9.152500e-002	
1279	9.320000e-002	
1280	9.440000e-002	
1281	9.047500e-002	
1282	9.015000e-002	
1283	9.137500e-002	
1284	9.110000e-002	
1285	9.332500e-002	
1286	9.345000e-002	
1287	9.100000e-002	
1288	9.085000e-002	
1289	9.122500e-002	
1290	9.340000e-002	
1291	9.217500e-002	
1292	9.005000e-002	
1293	8.970000e-002	
1294	8.992500e-002	
1295	9.230000e-002	
1296	9.275000e-002	
1297	9.482500e-002	
1298	9.155000e-002	
1299	9.255000e-002	
1300	9.320000e-002	
1301	9.160000e-002	
1302	9.015000e-002	
1303	8.945000e-002	
1304	8.917500e-002	
1305	8.950000e-002	
1306	8.905000e-002	
1307	9.027500e-002	
1308	9.027500e-002	
1309	9.135000e-002	
1310	8.920000e-002	
1311	9.122500e-002	
1312	9.152500e-002	
1313	9.070000e-002	
1314	8.737500e-002	
1315	8.870000e-002	
1316	9.250000e-002	
1317	9.577500e-002	
1318	9.737500e-002	
1319	9.487500e-002	
1320	9.315000e-002	
1321	8.982500e-002	
1322	8.760000e-002	
1323	8.910000e-002	
1324	8.722500e-002	
1325	9.070000e-002	
1326	9.582500e-002	
1327	9.735000e-002	
1328	9.410000e-002	
1329	9.100000e-002	
1330	8.970000e-002	
1331	8.602500e-002	
1332	8.640000e-002	
1333	9.082500e-002	
1334	9.127500e-002	
1335	9.577500e-002	
1336	9.597500e-002	
1337	9.122500e-002	
1338	8.942500e-002	
1339	8.937500e-002	
1340	8.880000e-002	
1341	8.955000e-002	
1342	9.250000e-002	
1343	9.362500e-002	
1344	9.157500e-002	
1345	8.995000e-002	
1346	9.227500e-002	
1347	9.320000e-002	
1348	9.175000e-002	
1349	9.027500e-002	
1350	9.272500e-002	
1351	9.505000e-002	
1352	9.225000e-002	
1353	9.325000e-002	
1354	8.992500e-002	
1355	8.875000e-002	
1356	8.932500e-002	
1357	8.957500e-002	
1358	8.902500e-002	
1359	9.380000e-002	
1360	9.375000e-002	
1361	9.420000e-002	
1362	9.385000e-002	
1363	9.352500e-002	
1364	9.530000e-002	
1365	9.212500e-002	
1366	9.310000e-002	
1367	9.442500e-002	
1368	9.157500e-002	
1369	9.087500e-002	
1370	9.140000e-002	
1371	9.037500e-002	
1372	9.207500e-002	
1373	9.217500e-002	
1374	9.225000e-002	
1375	9.442500e-002	
1376	9.400000e-002	
1377	9.170000e-002	
1378	9.010000e-002	
1379	9.207500e-002	
1380	9.422500e-002	
1381	9.255000e-002	
1382	9.245000e-002	
1383	9.065000e-002	
1384	9.217500e-002	
1385	9.090000e-002	
1386	9.142500e-002	
1387	9.062500e-002	
1388	8.992500e-002	
1389	9.177500e-002	
1390	9.017500e-002	
1391	9.112500e-002	
1392	9.255000e-002	
1393	9.165000e-002	
1394	8.992500e-002	
1395	8.975000e-002	
1396	8.997500e-002	
1397	9.012500e-002	
1398	9.017500e-002	
1399	8.972500e-002	
1400	9.440000e-002	
1401	9.482500e-002	
1402	9.585000e-002	
1403	9.180000e-002	
1404	9.232500e-002	
1405	8.892500e-002	
1406	8.842500e-002	
1407	8.947500e-002	
1408	9.057500e-002	
1409	9.322500e-002	
1410	9.435000e-002	
1411	9.432500e-002	
1412	9.230000e-002	
1413	9.150000e-002	
1414	9.087500e-002	
1415	9.067500e-002	
1416	9.010000e-002	
1417	9.180000e-002	
1418	9.430000e-002	
1419	9.280000e-002	
1420	9.527500e-002	
1421	9.117500e-002	
1422	9.170000e-002	
1423	9.090000e-002	
1424	9.137500e-002	
1425	9.132500e-002	
1426	8.967500e-002	
1427	9.015000e-002	
1428	9.032500e-002	
1429	9.030000e-002	
1430	9.062500e-002	
1431	9.242500e-002	
1432	9.307500e-002	
1433	9.310000e-002	
1434	9.335000e-002	
1435	9.240000e-002	
1436	9.062500e-002	
1437	9.050000e-002	
1438	8.865000e-002	
1439	8.907500e-002	
1440	9.120000e-002	
1441	8.875000e-002	
1442	9.177500e-002	
1443	9.317500e-002	
1444	9.307500e-002	
1445	9.162500e-002	
1446	9.060000e-002	
1447	8.872500e-002	
1448	9.155000e-002	
1449	9.340000e-002	
1450	9.440000e-002	
1451	9.112500e-002	
1452	9.242500e-002	
1453	9.045000e-002	
1454	9.175000e-002	
1455	9.032500e-002	
1456	9.152500e-002	
1457	9.282500e-002	
1458	9.045000e-002	
1459	9.035000e-002	
1460	9.092500e-002	
1461	9.235000e-002	
1462	9.100000e-002	
1463	9.027500e-002	
1464	9.150000e-002	
1465	9.115000e-002	
1466	9.065000e-002	
1467	8.792500e-002	
1468	8.837500e-002	
1469	9.037500e-002	
1470	9.255000e-002	
1471	9.235000e-002	
1472	9.370000e-002	
1473	9.400000e-002	
1474	9.117500e-002	
1475	8.832500e-002	
1476	8.812500e-002	
1477	9.067500e-002	
1478	9.167500e-002	
1479	9.375000e-002	
1480	9.252500e-002	
1481	9.185000e-002	
1482	9.125000e-002	
1483	9.035000e-002	
1484	9.145000e-002	
1485	9.245000e-002	
1486	9.070000e-002	
1487	9.272500e-002	
1488	9.292500e-002	
1489	9.185000e-002	
1490	9.035000e-002	
1491	9.057500e-002	
1492	9.242500e-002	
1493	9.435000e-002	
1494	9.295000e-002	
1495	9.030000e-002	
1496	9.080000e-002	
1497	9.052500e-002	
1498	9.042500e-002	
1499	8.947500e-002	
1500	9.250000e-002	
1501	9.375000e-002	
1502	9.100000e-002	
1503	9.102500e-002	
1504	9.185000e-002	
1505	9.225000e-002	
1506	9.405000e-002	
1507	9.422500e-002	
1508	9.030000e-002	
1509	8.632500e-002	
1510	8.832500e-002	
1511	9.037500e-002	
1512	9.297500e-002	
1513	9.292500e-002	
1514	9.152500e-002	
1515	9.225000e-002	
1516	9.355000e-002	
1517	9.377500e-002	
1518	9.570000e-002	
1519	9.247500e-002	
1520	9.132500e-002	
1521	9.310000e-002	
1522	9.155000e-002	
1523	9.027500e-002	
1524	8.950000e-002	
1525	8.922500e-002	
1526	9.080000e-002	
1527	9.237500e-002	
1528	9.297500e-002	
1529	9.400000e-002	
1530	9.507500e-002	
1531	9.662500e-002	
1532	9.100000e-002	
1533	8.830000e-002	
1534	8.730000e-002	
1535	8.805000e-002	
1536	9.197500e-002	
1537	9.275000e-002	
1538	9.150000e-002	
1539	9.255000e-002	
1540	9.225000e-002	
1541	9.195000e-002	
1542	9.037500e-002	
1543	9.205000e-002	
1544	9.265000e-002	
1545	9.170000e-002	
1546	9.365000e-002	
1547	9.362500e-002	
1548	9.285000e-002	
1549	8.962500e-002	
1550	9.185000e-002	
1551	9.200000e-002	
1552	8.965000e-002	
1553	8.905000e-002	
1554	9.267500e-002	
1555	9.300000e-002	
1556	9.070000e-002	
1557	9.222500e-002	
1558	9.290000e-002	
1559	9.525000e-002	
1560	9.365000e-002	
1561	9.022500e-002	
1562	8.862500e-002	
1563	8.907500e-002	
1564	8.945000e-002	
1565	8.922500e-002	
1566	9.220000e-002	
1567	9.652500e-002	
1568	9.630000e-002	
1569	9.712500e-002	
1570	9.570000e-002	
1571	9.000000e-002	
1572	8.577500e-002	
1573	8.317500e-002	
1574	8.495000e-002	
1575	8.992500e-002	
1576	9.212500e-002	
1577	9.182500e-002	
1578	9.192500e-002	
1579	9.450000e-002	
1580	9.505000e-002	
1581	9.212500e-002	
1582	8.997500e-002	
1583	8.975000e-002	
1584	8.985000e-002	
1585	9.090000e-002	
1586	9.040000e-002	
1587	9.095000e-002	
1588	9.185000e-002	
1589	9.235000e-002	
1590	9.217500e-002	
1591	8.957500e-002	
1592	8.867500e-002	
1593	8.960000e-002	
1594	9.297500e-002	
1595	9.562500e-002	
1596	9.362500e-002	
1597	9.232500e-002	
1598	9.390000e-002	
1599	9.367500e-002	
1600	9.305000e-002	
1601	9.272500e-002	
1602	9.210000e-002	
1603	9.045000e-002	
1604	9.047500e-002	
1605	9.055000e-002	
1606	8.962500e-002	
1607	9.040000e-002	
1608	9.070000e-002	
1609	9.362500e-002	
1610	9.372500e-002	
1611	9.445000e-002	
1612	9.307500e-002	
1613	9.237500e-002	
1614	8.955000e-002	
1615	9.125000e-002	
1616	9.190000e-002	
1617	9.015000e-002	
1618	9.005000e-002	
1619	8.887500e-002	
1620	9.192500e-002	
1621	9.590000e-002	
1622	9.425000e-002	
1623	9.020000e-002	
1624	9.120000e-002	
1625	8.835000e-002	
1626	8.930000e-002	
1627	9.055000e-002	
1628	9.045000e-002	
1629	9.197500e-002	
1630	9.230000e-002	
1631	9.292500e-002	
1632	9.412500e-002	
1633	9.150000e-002	
1634	8.840000e-002	
1635	8.872500e-002	
1636	9.092500e-002	
1637	9.117500e-002	
1638	9.067500e-002	
1639	9.045000e-002	
1640	9.365000e-002	
1641	9.305000e-002	
1642	8.985000e-002	
1643	9.182500e-002	
1644	9.137500e-002	
1645	9.067500e-002	
1646	9.492500e-002	
1647	9.067500e-002	
1648	9.162500e-002	
1649	9.245000e-002	
1650	9.200000e-002	
1651	9.230000e-002	
1652	9.042500e-002	
1653	8.942500e-002	
1654	8.990000e-002	
1655	9.335000e-002	
1656	9.155000e-002	
1657	9.087500e-002	
1658	9.067500e-002	
1659	8.985000e-002	
1660	8.985000e-002	
1661	9.170000e-002	
1662	9.120000e-002	
1663	9.367500e-002	
1664	9.242500e-002	
1665	9.225000e-002	
1666	9.315000e-002	
1667	9.125000e-002	
1668	8.787500e-002	
1669	9.085000e-002	
1670	9.062500e-002	
1671	9.135000e-002	
1672	9.282500e-002	
1673	8.962500e-002	
1674	9.090000e-002	
1675	9.207500e-002	
1676	9.150000e-002	
1677	8.777500e-002	
1678	8.847500e-002	
1679	9.257500e-002	
1680	9.377500e-002	
1681	9.427500e-002	
1682	9.475000e-002	
1683	9.245000e-002	
1684	8.950000e-002	
1685	8.887500e-002	
1686	8.912500e-002	
1687	8.957500e-002	
1688	9.217500e-002	
1689	9.402500e-002	
1690	9.290000e-002	
1691	9.032500e-002	
1692	9.182500e-002	
1693	9.132500e-002	
1694	9.112500e-002	
1695	9.437500e-002	
1696	9.337500e-002	
1697	9.490000e-002	
1698	9.457500e-002	
1699	9.240000e-002	
1700	9.217500e-002	
1701	9.065000e-002	
1702	9.237500e-002	
1703	9.197500e-002	
1704	8.875000e-002	
1705	8.947500e-002	
1706	9.075000e-002	
1707	8.865000e-002	
1708	8.940000e-002	
1709	9.250000e-002	
1710	9.175000e-002	
1711	9.367500e-002	
1712	9.490000e-002	
1713	9.492500e-002	
1714	9.172500e-002	
1715	8.787500e-002	
1716	8.772500e-002	
1717	8.855000e-002	
1718	8.787500e-002	
1719	8.807500e-002	
1720	9.325000e-002	
1721	9.565000e-002	
1722	9.462500e-002	
1723	9.475000e-002	
1724	9.427500e-002	
1725	8.962500e-002	
1726	8.815000e-002	
1727	8.947500e-002	
1728	8.960000e-002	
1729	9.037500e-002	
1730	9.132500e-002	
1731	9.195000e-002	
1732	9.090000e-002	
1733	9.015000e-002	
1734	8.932500e-002	
1735	9.192500e-002	
1736	8.950000e-002	
1737	8.900000e-002	
1738	8.990000e-002	
1739	9.002500e-002	
1740	9.210000e-002	
1741	9.275000e-002	
1742	9.425000e-002	
1743	9.170000e-002	
1744	9.095000e-002	
1745	9.025000e-002	
1746	8.917500e-002	
1747	9.065000e-002	
1748	9.292500e-002	
1749	9.480000e-002	
1750	9.630000e-002	
1751	9.520000e-002	
1752	9.120000e-002	
1753	8.880000e-002	
1754	8.890000e-002	
1755	8.965000e-002	
1756	9.032500e-002	
1757	9.320000e-002	
1758	9.285000e-002	
1759	9.152500e-002	
1760	9.140000e-002	
1761	9.100000e-002	
1762	8.980000e-002	
1763	8.905000e-002	
1764	9.015000e-002	
1765	8.945000e-002	
1766	9.080000e-002	
1767	9.240000e-002	
1768	9.220000e-002	
1769	9.077500e-002	
1770	9.165000e-002	
1771	9.032500e-002	
1772	9.230000e-002	
1773	9.472500e-002	
1774	9.177500e-002	
1775	8.932500e-002	
1776	8.917500e-002	
1777	8.827500e-002	
1778	8.950000e-002	
1779	9.180000e-002	
1780	9.002500e-002	
1781	8.850000e-002	
1782	8.952500e-002	
1783	8.970000e-002	
1784	9.280000e-002	
1785	9.152500e-002	
1786	9.377500e-002	
1787	9.265000e-002	
1788	9.105000e-002	
1789	8.952500e-002	
1790	8.907500e-002	
1791	8.792500e-002	
1792	9.105000e-002	
1793	9.290000e-002	
1794	9.500000e-002	
1795	9.172500e-002	
1796	9.427500e-002	
1797	9.295000e-002	
1798	9.355000e-002	
1799	9.142500e-002	
1800	9.112500e-002	
1801	8.987500e-002	
1802	8.840000e-002	
1803	9.182500e-002	
1804	9.282500e-002	
1805	9.105000e-002	
1806	9.070000e-002	
1807	9.002500e-002	
1808	9.290000e-002	
1809	9.130000e-002	
1810	8.925000e-002	
1811	8.885000e-002	
1812	9.237500e-002	
1813	9.067500e-002	
1814	9.232500e-002	
1815	9.392500e-002	
1816	9.275000e-002	
1817	9.210000e-002	
1818	8.897500e-002	
1819	8.712500e-002	
1820	8.810000e-002	
1821	8.987500e-002	
1822	9.040000e-002	
1823	8.890000e-002	
1824	9.235000e-002	
1825	9.120000e-002	
1826	9.140000e-002	
1827	9.185000e-002	
1828	9.327500e-002	
1829	9.290000e-002	
1830	8.685000e-002	
1831	8.855000e-002	
1832	8.962500e-002	
1833	9.195000e-002	
1834	9.100000e-002	
1835	9.410000e-002	
1836	9.347500e-002	
1837	9.040000e-002	
1838	9.360000e-002	
1839	9.110000e-002	
1840	9.035000e-002	
1841	8.982500e-002	
1842	9.082500e-002	
1843	9.060000e-002	
1844	9.092500e-002	
1845	9.337500e-002	
1846	9.287500e-002	
1847	9.205000e-002	
1848	9.225000e-002	
1849	8.850000e-002	
1850	8.955000e-002	
1851	9.195000e-002	
1852	9.417500e-002	
1853	9.362500e-002	
1854	9.377500e-002	
1855	9.537500e-002	
1856	9.410000e-002	
1857	9.052500e-002	
1858	8.855000e-002	
1859	8.672500e-002	
1860	9.042500e-002	
1861	9.107500e-002	
1862	9.142500e-002	
1863	9.380000e-002	
1864	9.257500e-002	
1865	9.137500e-002	
1866	9.062500e-002	
1867	9.255000e-002	
1868	9.260000e-002	
1869	9.122500e-002	
1870	9.142500e-002	
1871	9.367500e-002	
1872	9.227500e-002	
1873	9.352500e-002	
1874	9.067500e-002	
1875	8.900000e-002	
1876	8.600000e-002	
1877	8.885000e-002	
1878	9.182500e-002	
1879	9.265000e-002	
1880	9.105000e-002	
1881	9.010000e-002	
1882	9.170000e-002	
1883	9.075000e-002	
1884	8.895000e-002	
1885	8.845000e-002	
1886	9.147500e-002	
1887	9.447500e-002	
1888	9.277500e-002	
1889	9.380000e-002	
1890	9.412500e-002	
1891	9.327500e-002	
1892	9.412500e-002	
1893	9.025000e-002	
1894	8.922500e-002	
1895	8.840000e-002	
1896	9.132500e-002	
1897	9.345000e-002	
1898	9.487500e-002	
1899	9.187500e-002	
1900	9.277500e-002	
1901	9.200000e-002	
1902	8.875000e-002	
1903	8.507500e-002	
1904	8.715000e-002	
1905	9.160000e-002	
1906	9.055000e-002	
1907	9.082500e-002	
1908	9.172500e-002	
1909	8.745000e-002	
1910	9.105000e-002	
1911	8.835000e-002	
1912	8.980000e-002	
1913	9.112500e-002	
1914	8.995000e-002	
1915	9.255000e-002	
1916	9.050000e-002	
1917	8.932500e-002	
1918	8.965000e-002	
1919	9.195000e-002	
1920	9.052500e-002	
1921	9.295000e-002	
1922	9.457500e-002	
1923	9.182500e-002	
1924	8.717500e-002	
1925	8.765000e-002	
1926	9.145000e-002	
1927	9.420000e-002	
1928	9.507500e-002	
1929	9.402500e-002	
1930	9.047500e-002	
1931	8.950000e-002	
1932	8.947500e-002	
1933	9.105000e-002	
1934	9.030000e-002	
1935	9.110000e-002	
1936	9.260000e-002	
1937	9.280000e-002	
1938	9.047500e-002	
1939	9.220000e-002	
1940	9.122500e-002	
1941	9.045000e-002	
1942	9.182500e-002	
1943	9.317500e-002	
1944	9.165000e-002	
1945	9.325000e-002	
1946	9.445000e-002	
1947	9.365000e-002	
1948	9.300000e-002	
1949	9.425000e-002	
1950	9.002500e-002	
1951	9.177500e-002	
1952	9.037500e-002	
1953	8.785000e-002	
1954	8.622500e-002	
1955	8.735000e-002	
1956	9.005000e-002	
1957	9.485000e-002	
1958	9.495000e-002	
1959	9.445000e-002	
1960	9.450000e-002	
1961	9.565000e-002	
1962	9.222500e-002	
1963	8.775000e-002	
1964	8.745000e-002	
1965	8.922500e-002	
1966	9.222500e-002	
1967	9.307500e-002	
1968	9.610000e-002	
1969	9.437500e-002	
1970	9.285000e-002	
1971	9.125000e-002	
1972	8.830000e-002	
1973	8.982500e-002	
1974	9.215000e-002	
1975	9.345000e-002	
1976	9.220000e-002	
1977	9.260000e-002	
1978	8.962500e-002	
1979	8.872500e-002	
1980	8.915000e-002	
1981	9.112500e-002	
1982	9.212500e-002	
1983	9.070000e-002	
1984	9.030000e-002	
1985	9.127500e-002	
1986	9.035000e-002	
1987	9.120000e-002	
1988	9.320000e-002	
1989	9.522500e-002	
1990	9.547500e-002	
1991	9.397500e-002	
1992	9.085000e-002	
1993	9.007500e-002	
1994	9.385000e-002	
1995	9.137500e-002	
1996	9.140000e-002	
1997	8.912500e-002	
1998	8.925000e-002	
1999	8.917500e-002	
2000	9.160000e-002	
2001	9.335000e-002	
2002	9.295000e-002	
2003	9.510000e-002	
2004	9.237500e-002	
2005	9.042500e-002	
2006	8.507500e-002	
2007	8.615000e-002	
2008	9.117500e-002	
2009	9.280000e-002	
2010	9.380000e-002	
2011	9.365000e-002	
2012	9.410000e-002	
2013	9.350000e-002	
2014	9.252500e-002	
2015	9.060000e-002	
2016	9.102500e-002	
2017	8.950000e-002	
2018	9.072500e-002	
2019	9.185000e-002	
2020	9.250000e-002	
2021	9.225000e-002	
2022	9.495000e-002	
2023	9.267500e-002	
2024	9.117500e-002	
2025	9.040000e-002	
2026	9.120000e-002	
2027	9.307500e-002	
2028	8.985000e-002	
2029	8.972500e-002	
2030	9.142500e-002	
2031	9.165000e-002	
2032	9.150000e-002	
2033	8.995000e-002	
2034	8.952500e-002	
2035	9.045000e-002	
2036	9.157500e-002	
2037	9.060000e-002	
2038	9.010000e-002	
2039	9.205000e-002	
2040	9.300000e-002	
2041	9.047500e-002	
2042	9.285000e-002	
2043	9.157500e-002	
2044	9.110000e-002	
2045	9.177500e-002	
2046	9.265000e-002	
2047	9.172500e-002	
2048	9.210000e-002	
2049	9.487500e-002	
2050	9.330000e-002	
2051	9.277500e-002	
2052	8.870000e-002	
2053	8.640000e-002	
2054	9.172500e-002	
2055	9.410000e-002	
2056	9.355000e-002	
2057	9.605000e-002	
2058	9.285000e-002	
2059	9.040000e-002	
2060	9.160000e-002	
2061	9.310000e-002	
2062	9.127500e-002	
2063	8.882500e-002	
2064	8.842500e-002	
2065	8.837500e-002	
2066	8.942500e-002	
2067	9.285000e-002	
2068	9.490000e-002	
2069	9.237500e-002	
2070	9.237500e-002	
2071	9.125000e-002	
2072	8.940000e-002	
2073	8.685000e-002	
2074	8.955000e-002	
2075	9.115000e-002	
2076	9.340000e-002	
2077	9.527500e-002	
2078	9.470000e-002	
2079	9.260000e-002	
2080	9.020000e-002	
2081	9.295000e-002	
2082	9.102500e-002	
2083	9.160000e-002	
2084	9.175000e-002	
2085	9.105000e-002	
2086	9.035000e-002	
2087	9.150000e-002	
2088	9.300000e-002	
2089	9.395000e-002	
2090	9.500000e-002	
2091	9.307500e-002	
2092	9.092500e-002	
2093	9.135000e-002	
2094	8.880000e-002	
2095	8.922500e-002	
2096	9.095000e-002	
2097	9.285000e-002	
2098	9.082500e-002	
2099	9.417500e-002	
2100	9.330000e-002	
2101	9.287500e-002	
2102	8.707500e-002	
2103	8.580000e-002	
2104	8.662500e-002	
2105	9.130000e-002	
2106	9.267500e-002	
2107	9.297500e-002	
2108	9.187500e-002	
2109	9.292500e-002	
2110	9.347500e-002	
2111	9.095000e-002	
2112	8.990000e-002	
2113	9.097500e-002	
2114	9.212500e-002	
2115	9.347500e-002	
2116	9.202500e-002	
2117	9.110000e-002	
2118	9.177500e-002	
2119	9.315000e-002	
2120	9.405000e-002	
2121	9.182500e-002	
2122	9.287500e-002	
2123	9.222500e-002	
2124	8.945000e-002	
2125	9.095000e-002	
2126	8.942500e-002	
2127	8.692500e-002	
2128	8.850000e-002	
2129	9.080000e-002	
2130	8.995000e-002	
2131	9.457500e-002	
2132	9.485000e-002	
2133	9.347500e-002	
2134	9.067500e-002	
2135	9.080000e-002	
2136	8.882500e-002	
2137	8.840000e-002	
2138	8.885000e-002	
2139	9.147500e-002	
2140	9.330000e-002	
2141	9.397500e-002	
2142	9.330000e-002	
2143	9.290000e-002	
2144	9.147500e-002	
2145	8.742500e-002	
2146	8.867500e-002	
2147	9.192500e-002	
2148	9.472500e-002	
2149	9.500000e-002	
2150	9.245000e-002	
2151	8.937500e-002	
2152	8.995000e-002	
2153	8.862500e-002	
2154	8.932500e-002	
2155	9.035000e-002	
2156	9.037500e-002	
2157	9.330000e-002	
2158	9.200000e-002	
2159	9.040000e-002	
2160	9.025000e-002	
2161	9.052500e-002	
2162	9.132500e-002	
2163	9.225000e-002	
2164	9.422500e-002	
2165	9.287500e-002	
2166	9.280000e-002	
2167	9.227500e-002	
2168	9.045000e-002	
2169	8.987500e-002	
2170	9.167500e-002	
2171	9.467500e-002	
2172	9.377500e-002	
2173	9.307500e-002	
2174	9.152500e-002	
2175	8.840000e-002	
2176	8.785000e-002	
2177	9.430000e-002	
2178	9.710000e-002	
2179	9.530000e-002	
2180	9.412500e-002	
2181	9.540000e-002	
2182	9.285000e-002	
2183	8.812500e-002	
2184	8.765000e-002	
2185	8.835000e-002	
2186	8.892500e-002	
2187	9.017500e-002	
2188	9.125000e-002	
2189	9.137500e-002	
2190	9.160000e-002	
2191	9.100000e-002	
2192	9.387500e-002	
2193	9.072500e-002	
2194	9.082500e-002	
2195	9.290000e-002	
2196	9.425000e-002	
2197	9.625000e-002	
2198	9.482500e-002	
2199	9.227500e-002	
2200	9.037500e-002	
2201	9.112500e-002	
2202	8.995000e-002	
2203	9.010000e-002	
2204	9.107500e-002	
2205	9.545000e-002	
2206	9.215000e-002	
2207	9.207500e-002	
2208	9.292500e-002	
2209	9.145000e-002	
2210	9.090000e-002	
2211	9.175000e-002	
2212	9.032500e-002	
2213	9.170000e-002	
2214	9.037500e-002	
2215	9.065000e-002	
2216	9.205000e-002	
2217	9.147500e-002	
2218	9.232500e-002	
2219	9.000000e-002	
2220	9.167500e-002	
2221	9.282500e-002	
2222	9.172500e-002	
2223	9.132500e-002	
2224	9.185000e-002	
2225	9.560000e-002	
2226	9.162500e-002	
2227	9.480000e-002	
2228	9.167500e-002	
2229	9.140000e-002	
2230	8.915000e-002	
2231	8.922500e-002	
2232	8.827500e-002	
2233	8.825000e-002	
2234	9.140000e-002	
2235	9.237500e-002	
2236	9.615000e-002	
2237	9.490000e-002	
2238	9.340000e-002	
2239	9.192500e-002	
2240	9.187500e-002	
2241	9.182500e-002	
2242	8.995000e-002	
2243	9.092500e-002	
2244	9.162500e-002	
2245	9.200000e-002	
2246	8.945000e-002	
2247	9.017500e-002	
2248	9.162500e-002	
2249	9.270000e-002	
2250	9.360000e-002	
2251	9.190000e-002	
2252	9.167500e-002	
2253	8.870000e-002	
2254	9.000000e-002	
2255	9.165000e-002	
2256	9.262500e-002	
2257	9.385000e-002	
2258	9.452500e-002	
2259	9.392500e-002	
2260	9.155000e-002	
2261	9.080000e-002	
2262	9.197500e-002	
2263	9.165000e-002	
2264	9.007500e-002	
2265	9.052500e-002	
2266	9.285000e-002	
2267	9.270000e-002	
2268	9.400000e-002	
2269	8.992500e-002	
2270	8.872500e-002	
2271	9.320000e-002	
2272	9.290000e-002	
2273	9.120000e-002	
2274	9.052500e-002	
2275	9.182500e-002	
2276	9.285000e-002	
2277	9.357500e-002	
2278	9.417500e-002	
2279	8.912500e-002	
2280	9.095000e-002	
2281	9.087500e-002	
2282	9.130000e-002	
2283	9.265000e-002	
2284	9.437500e-002	
2285	9.482500e-002	
2286	9.260000e-002	
2287	9.187500e-002	
2288	9.262500e-002	
2289	9.292500e-002	
2290	9.482500e-002	
2291	9.052500e-002	
2292	9.310000e-002	
2293	9.332500e-002	
2294	9.345000e-002	
2295	9.347500e-002	
2296	9.257500e-002	
2297	9.060000e-002	
2298	8.930000e-002	
2299	9.045000e-002	
2300	8.877500e-002	
2301	8.850000e-002	
2302	9.085000e-002	
2303	9.142500e-002	
2304	9.150000e-002	
2305	9.305000e-002	
2306	9.307500e-002	
2307	9.177500e-002	
2308	8.847500e-002	
2309	8.855000e-002	
2310	9.017500e-002	
2311	9.102500e-002	
2312	9.512500e-002	
2313	9.575000e-002	
2314	9.255000e-002	
2315	9.170000e-002	
2316	9.002500e-002	
2317	9.017500e-002	
2318	8.942500e-002	
2319	8.930000e-002	
2320	9.307500e-002	
2321	9.347500e-002	
2322	9.350000e-002	
2323	9.260000e-002	
2324	9.192500e-002	
2325	9.412500e-002	
2326	8.972500e-002	
2327	8.947500e-002	
2328	9.132500e-002	
2329	9.382500e-002	
2330	9.450000e-002	
2331	9.312500e-002	
2332	8.952500e-002	
2333	8.935000e-002	
2334	8.820000e-002	
2335	8.735000e-002	
2336	8.962500e-002	
2337	9.402500e-002	
2338	9.280000e-002	
2339	9.287500e-002	
2340	9.052500e-002	
2341	8.827500e-002	
2342	9.230000e-002	
2343	9.152500e-002	
2344	9.450000e-002	
2345	9.655000e-002	
2346	9.580000e-002	
2347	9.135000e-002	
2348	8.892500e-002	
2349	8.965000e-002	
2350	8.937500e-002	
2351	8.935000e-002	
2352	9.012500e-002	
2353	9.150000e-002	
2354	8.960000e-002	
2355	9.107500e-002	
2356	9.130000e-002	
2357	9.272500e-002	
2358	9.135000e-002	
2359	9.262500e-002	
2360	9.450000e-002	
2361	9.327500e-002	
2362	9.087500e-002	
2363	8.930000e-002	
2364	8.830000e-002	
2365	9.187500e-002	
2366	9.210000e-002	
2367	9.192500e-002	
2368	9.107500e-002	
2369	9.140000e-002	
2370	8.967500e-002	
2371	9.117500e-002	
2372	9.460000e-002	
2373	9.492500e-002	
2374	9.322500e-002	
2375	9.150000e-002	
2376	9.007500e-002	
2377	8.925000e-002	
2378	9.142500e-002	
2379	9.177500e-002	
2380	9.107500e-002	
2381	9.217500e-002	
2382	9.052500e-002	
2383	9.057500e-002	
2384	9.142500e-002	
2385	8.800000e-002	
2386	8.845000e-002	
2387	8.900000e-002	
2388	9.187500e-002	
2389	9.595000e-002	
2390	9.627500e-002	
2391	9.322500e-002	
2392	9.180000e-002	
2393	9.145000e-002	
2394	9.097500e-002	
2395	9.127500e-002	
2396	9.180000e-002	
2397	9.372500e-002	
2398	9.385000e-002	
2399	8.860000e-002	
2400	8.695000e-002	
2401	8.932500e-002	
2402	9.322500e-002	
2403	9.502500e-002	
2404	9.615000e-002	
2405	9.412500e-002	
2406	9.237500e-002	
2407	8.837500e-002	
2408	8.727500e-002	
2409	8.922500e-002	
2410	9.020000e-002	
2411	9.200000e-002	
2412	9.302500e-002	
2413	9.300000e-002	
2414	9.297500e-002	
2415	9.145000e-002	
2416	9.215000e-002	
2417	9.120000e-002	
2418	8.950000e-002	
2419	9.087500e-002	
2420	9.045000e-002	
2421	8.942500e-002	
2422	8.997500e-002	
2423	9.157500e-002	
2424	9.530000e-002	
2425	9.250000e-002	
2426	9.470000e-002	
2427	9.242500e-002	
2428	9.167500e-002	
2429	9.082500e-002	
2430	9.147500e-002	
2431	9.240000e-002	
2432	9.157500e-002	
2433	9.260000e-002	
2434	9.487500e-002	
2435	9.195000e-002	
2436	9.027500e-002	
2437	9.050000e-002	
2438	9.132500e-002	
2439	8.942500e-002	
2440	8.760000e-002	
2441	9.155000e-002	
2442	9.092500e-002	
2443	9.225000e-002	
2444	9.237500e-002	
2445	9.490000e-002	
2446	9.332500e-002	
2447	9.025000e-002	
2448	9.190000e-002	
2449	9.412500e-002	
2450	9.230000e-002	
2451	9.407500e-002	
2452	9.097500e-002	
2453	8.737500e-002	
2454	9.147500e-002	
2455	9.195000e-002	
2456	8.932500e-002	
2457	9.070000e-002	
2458	9.185000e-002	
2459	9.020000e-002	
2460	8.947500e-002	
2461	9.247500e-002	
2462	9.130000e-002	
2463	9.050000e-002	
2464	9.230000e-002	
2465	9.162500e-002	
2466	9.385000e-002	
2467	9.487500e-002	
2468	9.300000e-002	
2469	9.205000e-002	
2470	9.312500e-002	
2471	9.180000e-002	
2472	9.322500e-002	
2473	9.257500e-002	
2474	9.167500e-002	
2475	8.667500e-002	
2476	8.840000e-002	
2477	8.920000e-002	
2478	8.862500e-002	
2479	8.995000e-002	
2480	9.125000e-002	
2481	9.107500e-002	
2482	9.335000e-002	
2483	9.415000e-002	
2484	9.362500e-002	
2485	9.007500e-002	
2486	9.055000e-002	
2487	8.997500e-002	
2488	9.197500e-002	
2489	9.145000e-002	
2490	9.377500e-002	
2491	9.302500e-002	
2492	9.035000e-002	
2493	9.017500e-002	
2494	9.190000e-002	
2495	9.137500e-002	
2496	9.345000e-002	
2497	9.222500e-002	
2498	9.307500e-002	
2499	9.010000e-002	
2500	8.832500e-002	
2501	8.790000e-002	
2502	8.805000e-002	
2503	8.850000e-002	
2504	9.030000e-002	
2505	9.392500e-002	
2506	9.422500e-002	
2507	9.040000e-002	
2508	8.937500e-002	
2509	9.080000e-002	
2510	9.122500e-002	
2511	8.817500e-002	
2512	9.152500e-002	
2513	9.437500e-002	
2514	9.660000e-002	
2515	9.620000e-002	
2516	9.442500e-002	
2517	9.467500e-002	
2518	9.267500e-002	
2519	9.077500e-002	
2520	8.917500e-002	
2521	9.117500e-002	
2522	8.815000e-002	
2523	9.212500e-002	
2524	9.385000e-002	
2525	9.360000e-002	
2526	8.962500e-002	
2527	9.032500e-002	
2528	9.022500e-002	
2529	9.185000e-002	
2530	8.945000e-002	
2531	9.082500e-002	
2532	9.190000e-002	
2533	9.287500e-002	
2534	9.505000e-002	
2535	9.475000e-002	
2536	9.567500e-002	
2537	9.472500e-002	
2538	9.225000e-002	
2539	9.117500e-002	
2540	8.900000e-002	
2541	8.952500e-002	
2542	9.032500e-002	
2543	9.287500e-002	
2544	9.232500e-002	
2545	9.242500e-002	
2546	9.027500e-002	
2547	8.765000e-002	
2548	8.605000e-002	
2549	8.797500e-002	
2550	8.850000e-002	
2551	9.105000e-002	
2552	9.427500e-002	
2553	9.537500e-002	
2554	9.480000e-002	
2555	9.335000e-002	
2556	9.060000e-002	
2557	8.880000e-002	
2558	8.932500e-002	
2559	8.957500e-002	
2560	9.102500e-002	
2561	9.300000e-002	
2562	9.290000e-002	
2563	9.332500e-002	
2564	9.140000e-002	
2565	8.782500e-002	
2566	8.947500e-002	
2567	8.810000e-002	
2568	8.997500e-002	
2569	9.365000e-002	
2570	9.505000e-002	
2571	9.467500e-002	
2572	9.627500e-002	
2573	9.475000e-002	
2574	9.185000e-002	
2575	9.467500e-002	
2576	9.122500e-002	
2577	9.177500e-002	
2578	8.977500e-002	
2579	8.837500e-002	
2580	8.817500e-002	
2581	8.887500e-002	
2582	8.957500e-002	
2583	9.257500e-002	
2584	9.345000e-002	
2585	9.430000e-002	
2586	9.352500e-002	
2587	9.035000e-002	
2588	8.852500e-002	
2589	8.762500e-002	
2590	9.075000e-002	
2591	9.295000e-002	
2592	9.600000e-002	
2593	9.550000e-002	
2594	9.360000e-002	
2595	9.255000e-002	
2596	9.185000e-002	
2597	9.115000e-002	
2598	8.927500e-002	
2599	8.877500e-002	
2600	9.217500e-002	
2601	8.950000e-002	
2602	9.170000e-002	
2603	9.430000e-002	
2604	9.055000e-002	
2605	9.220000e-002	
2606	9.110000e-002	
2607	9.040000e-002	
2608	9.185000e-002	
2609	8.987500e-002	
2610	8.852500e-002	
2611	9.175000e-002	
2612	8.982500e-002	
2613	9.137500e-002	
2614	8.942500e-002	
2615	9.152500e-002	
2616	9.265000e-002	
2617	9.092500e-002	
2618	8.975000e-002	
2619	9.182500e-002	
2620	9.185000e-002	
2621	9.292500e-002	
2622	9.247500e-002	
2623	9.050000e-002	
2624	9.235000e-002	
2625	9.195000e-002	
2626	9.257500e-002	
2627	9.152500e-002	
2628	9.080000e-002	
2629	9.072500e-002	
2630	9.102500e-002	
2631	8.762500e-002	
2632	8.992500e-002	
2633	9.077500e-002	
2634	9.355000e-002	
2635	9.432500e-002	
2636	9.455000e-002	
2637	9.450000e-002	
2638	9.450000e-002	
2639	8.900000e-002	
2640	8.892500e-002	
2641	8.977500e-002	
2642	8.705000e-002	
2643	8.990000e-002	
2644	9.370000e-002	
2645	9.182500e-002	
2646	9.060000e-002	
2647	9.250000e-002	
2648	9.435000e-002	
2649	9.355000e-002	
2650	8.835000e-002	
2651	8.927500e-002	
2652	9.090000e-002	
2653	9.342500e-002	
2654	9.377500e-002	
2655	9.280000e-002	
2656	9.065000e-002	
2657	9.057500e-002	
2658	8.950000e-002	
2659	9.252500e-002	
2660	9.165000e-002	
2661	8.782500e-002	
2662	8.932500e-002	
2663	9.267500e-002	
2664	9.300000e-002	
2665	9.400000e-002	
2666	9.345000e-002	
2667	9.347500e-002	
2668	9.317500e-002	
2669	9.075000e-002	
2670	8.782500e-002	
2671	8.807500e-002	
2672	8.815000e-002	
2673	9.067500e-002	
2674	9.155000e-002	
2675	9.210000e-002	
2676	9.267500e-002	
2677	9.237500e-002	
2678	9.157500e-002	
2679	9.197500e-002	
2680	9.345000e-002	
2681	8.972500e-002	
2682	8.755000e-002	
2683	8.830000e-002	
2684	8.905000e-002	
2685	9.000000e-002	
2686	9.292500e-002	
2687	9.397500e-002	
2688	9.550000e-002	
2689	9.350000e-002	
2690	9.180000e-002	
2691	9.075000e-002	
2692	8.990000e-002	
2693	9.077500e-002	
2694	9.247500e-002	
2695	9.142500e-002	
2696	9.237500e-002	
2697	9.357500e-002	
2698	9.205000e-002	
2699	9.105000e-002	
2700	9.015000e-002	
2701	8.912500e-002	
2702	9.077500e-002	
2703	9.182500e-002	
2704	9.177500e-002	
2705	9.115000e-002	
2706	9.262500e-002	
2707	9.247500e-002	
2708	9.022500e-002	
2709	8.882500e-002	
2710	9.030000e-002	
2711	9.120000e-002	
2712	8.912500e-002	
2713	8.982500e-002	
2714	9.035000e-002	
2715	9.042500e-002	
2716	8.877500e-002	
2717	9.082500e-002	
2718	8.870000e-002	
2719	9.102500e-002	
2720	9.107500e-002	
2721	9.407500e-002	
2722	9.400000e-002	
2723	9.442500e-002	
2724	9.617500e-002	
2725	9.412500e-002	
2726	9.345000e-002	
2727	9.122500e-002	
2728	8.970000e-002	
2729	8.940000e-002	
2730	8.782500e-002	
2731	9.287500e-002	
2732	9.262500e-002	
2733	9.272500e-002	
2734	9.360000e-002	
2735	9.282500e-002	
2736	9.135000e-002	
2737	9.047500e-002	
2738	9.127500e-002	
2739	9.090000e-002	
2740	8.935000e-002	
2741	9.190000e-002	
2742	9.135000e-002	
2743	9.172500e-002	
2744	9.190000e-002	
2745	9.140000e-002	
2746	9.332500e-002	
2747	9.250000e-002	
2748	8.977500e-002	
2749	8.977500e-002	
2750	9.180000e-002	
2751	8.967500e-002	
2752	9.122500e-002	
2753	9.217500e-002	
2754	9.440000e-002	
2755	9.475000e-002	
2756	9.117500e-002	
2757	9.102500e-002	
2758	8.972500e-002	
2759	9.325000e-002	
2760	9.220000e-002	
2761	9.010000e-002	
2762	9.225000e-002	
2763	8.925000e-002	
2764	9.087500e-002	
2765	9.145000e-002	
2766	9.187500e-002	
2767	9.165000e-002	
2768	9.185000e-002	
2769	9.222500e-002	
2770	9.172500e-002	
2771	9.237500e-002	
2772	9.122500e-002	
2773	9.390000e-002	
2774	9.220000e-002	
2775	9.182500e-002	
2776	9.062500e-002	
2777	9.020000e-002	
2778	9.202500e-002	
2779	9.327500e-002	
2780	9.475000e-002	
2781	9.487500e-002	
2782	9.247500e-002	
2783	8.827500e-002	
2784	8.962500e-002	
2785	8.845000e-002	
2786	9.022500e-002	
2787	8.907500e-002	
2788	9.275000e-002	
2789	9.312500e-002	
2790	9.185000e-002	
2791	8.867500e-002	
2792	8.857500e-002	
2793	9.015000e-002	
2794	8.900000e-002	
2795	9.092500e-002	
2796	9.027500e-002	
2797	9.112500e-002	
2798	9.305000e-002	
2799	9.275000e-002	
2800	9.430000e-002	
2801	9.395000e-002	
2802	9.297500e-002	
2803	9.087500e-002	
2804	9.100000e-002	
2805	9.230000e-002	
2806	9.435000e-002	
2807	9.300000e-002	
2808	9.400000e-002	
2809	9.122500e-002	
2810	8.897500e-002	
2811	8.842500e-002	
2812	8.852500e-002	
2813	9.017500e-002	
2814	8.912500e-002	
2815	8.967500e-002	
2816	9.030000e-002	
2817	8.985000e-002	
2818	9.120000e-002	
2819	9.182500e-002	
2820	9.207500e-002	
2821	9.455000e-002	
2822	9.550000e-002	
2823	9.475000e-002	
2824	9.132500e-002	
2825	9.150000e-002	
2826	8.965000e-002	
2827	8.850000e-002	
2828	8.625000e-002	
2829	8.720000e-002	
2830	8.960000e-002	
2831	9.215000e-002	
2832	9.627500e-002	
2833	9.537500e-002	
2834	9.397500e-002	
2835	9.305000e-002	
2836	8.905000e-002	
2837	9.172500e-002	
2838	9.270000e-002	
2839	9.090000e-002	
2840	9.055000e-002	
2841	9.115000e-002	
2842	9.182500e-002	
2843	9.265000e-002	
2844	9.217500e-002	
2845	9.227500e-002	
2846	9.177500e-002	
2847	9.220000e-002	
2848	9.277500e-002	
2849	9.360000e-002	
2850	9.300000e-002	
2851	9.015000e-002	
2852	9.050000e-002	
2853	8.882500e-002	
2854	9.352500e-002	
2855	9.530000e-002	
2856	9.442500e-002	
2857	9.635000e-002	
2858	9.400000e-002	
2859	9.035000e-002	
2860	9.007500e-002	
2861	8.982500e-002	
2862	8.912500e-002	
2863	9.282500e-002	
2864	9.432500e-002	
2865	9.410000e-002	
2866	9.272500e-002	
2867	9.167500e-002	
2868	8.925000e-002	
2869	9.105000e-002	
2870	9.162500e-002	
2871	8.995000e-002	
2872	9.000000e-002	
2873	9.210000e-002	
2874	9.387500e-002	
2875	9.400000e-002	
2876	9.137500e-002	
2877	8.725000e-002	
2878	8.712500e-002	
2879	8.877500e-002	
2880	9.037500e-002	
2881	9.320000e-002	
2882	9.297500e-002	
2883	9.535000e-002	
2884	9.452500e-002	
2885	9.235000e-002	
2886	9.097500e-002	
2887	9.062500e-002	
2888	9.100000e-002	
2889	8.967500e-002	
2890	8.962500e-002	
2891	9.070000e-002	
2892	8.987500e-002	
2893	9.100000e-002	
2894	9.077500e-002	
2895	9.312500e-002	
2896	9.567500e-002	
2897	9.455000e-002	
2898	8.857500e-002	
2899	8.680000e-002	
2900	8.600000e-002	
2901	8.687500e-002	
2902	8.985000e-002	
2903	8.835000e-002	
2904	8.950000e-002	
2905	9.075000e-002	
2906	9.267500e-002	
2907	9.352500e-002	
2908	9.372500e-002	
2909	9.205000e-002	
2910	9.287500e-002	
2911	9.405000e-002	
2912	9.140000e-002	
2913	9.127500e-002	
2914	9.032500e-002	
2915	9.270000e-002	
2916	9.272500e-002	
2917	8.992500e-002	
2918	8.990000e-002	
2919	9.177500e-002	
2920	9.335000e-002	
2921	9.322500e-002	
2922	9.270000e-002	
2923	9.065000e-002	
2924	8.745000e-002	
2925	8.650000e-002	
2926	8.680000e-002	
2927	8.932500e-002	
2928	9.382500e-002	
2929	9.392500e-002	
2930	9.517500e-002	
2931	9.412500e-002	
2932	9.135000e-002	
2933	9.025000e-002	
2934	8.932500e-002	
2935	8.817500e-002	
2936	8.742500e-002	
2937	8.835000e-002	
2938	9.007500e-002	
2939	9.295000e-002	
2940	9.285000e-002	
2941	9.202500e-002	
2942	9.102500e-002	
2943	8.870000e-002	
2944	8.867500e-002	
2945	9.075000e-002	
2946	9.035000e-002	
2947	9.242500e-002	
2948	9.450000e-002	
2949	9.127500e-002	
2950	9.255000e-002	
2951	9.132500e-002	
2952	8.880000e-002	
2953	9.050000e-002	
2954	9.272500e-002	
2955	9.062500e-002	
2956	9.130000e-002	
2957	9.262500e-002	
2958	8.892500e-002	
2959	9.132500e-002	
2960	8.982500e-002	
2961	9.030000e-002	
2962	8.935000e-002	
2963	9.200000e-002	
2964	9.310000e-002	
2965	9.420000e-002	
2966	9.290000e-002	
2967	9.192500e-002	
2968	9.050000e-002	
2969	9.205000e-002	
2970	9.450000e-002	
2971	8.957500e-002	
2972	8.972500e-002	
2973	9.192500e-002	
2974	9.700000e-002	
2975	9.315000e-002	
2976	9.480000e-002	
2977	9.427500e-002	
2978	9.072500e-002	
2979	8.672500e-002	
2980	8.620000e-002	
2981	8.955000e-002	
2982	9.075000e-002	
2983	9.055000e-002	
2984	9.432500e-002	
2985	9.407500e-002	
2986	9.385000e-002	
2987	8.777500e-002	
2988	8.767500e-002	
2989	9.012500e-002	
2990	9.322500e-002	
2991	9.270000e-002	
2992	9.137500e-002	
2993	9.197500e-002	
2994	9.132500e-002	
2995	9.427500e-002	
2996	9.242500e-002	
2997	9.082500e-002	
2998	9.072500e-002	
2999	9.315000e-002	
3000	9.202500e-002	
3001	9.105000e-002	
