1	0	
2	0	
3	7.500000e-005	
4	4.750000e-004	
5	7.750000e-004	
6	1.675000e-003	
7	2.850000e-003	
8	3.875000e-003	
9	5.425000e-003	
10	7.325000e-003	
11	1.007500e-002	
12	1.310000e-002	
13	1.552500e-002	
14	1.802500e-002	
15	2.162500e-002	
16	2.510000e-002	
17	2.885000e-002	
18	3.140000e-002	
19	3.467500e-002	
20	3.685000e-002	
21	4.007500e-002	
22	4.032500e-002	
23	4.150000e-002	
24	4.140000e-002	
25	4.125000e-002	
26	4.070000e-002	
27	4.045000e-002	
28	4.075000e-002	
29	4.250000e-002	
30	4.222500e-002	
31	4.180000e-002	
32	4.130000e-002	
33	4.270000e-002	
34	4.365000e-002	
35	4.227500e-002	
36	4.190000e-002	
37	4.242500e-002	
38	4.437500e-002	
39	4.370000e-002	
40	4.240000e-002	
41	4.332500e-002	
42	4.425000e-002	
43	4.357500e-002	
44	4.407500e-002	
45	4.607500e-002	
46	4.395000e-002	
47	4.282500e-002	
48	4.262500e-002	
49	4.255000e-002	
50	4.250000e-002	
51	4.202500e-002	
52	4.092500e-002	
53	4.122500e-002	
54	4.052500e-002	
55	4.162500e-002	
56	4.185000e-002	
57	4.217500e-002	
58	4.395000e-002	
59	4.462500e-002	
60	4.497500e-002	
61	4.460000e-002	
62	4.500000e-002	
63	4.462500e-002	
64	4.592500e-002	
65	4.617500e-002	
66	4.637500e-002	
67	4.740000e-002	
68	4.850000e-002	
69	4.700000e-002	
70	4.545000e-002	
71	4.585000e-002	
72	4.365000e-002	
73	4.350000e-002	
74	4.230000e-002	
75	4.000000e-002	
76	4.092500e-002	
77	4.110000e-002	
78	4.375000e-002	
79	4.450000e-002	
80	4.500000e-002	
81	4.502500e-002	
82	4.517500e-002	
83	4.530000e-002	
84	4.737500e-002	
85	4.950000e-002	
86	4.772500e-002	
87	4.497500e-002	
88	4.477500e-002	
89	4.235000e-002	
90	4.257500e-002	
91	4.152500e-002	
92	4.140000e-002	
93	4.322500e-002	
94	4.332500e-002	
95	4.402500e-002	
96	4.565000e-002	
97	4.715000e-002	
98	4.705000e-002	
99	4.705000e-002	
100	4.540000e-002	
101	4.590000e-002	
102	4.500000e-002	
103	4.580000e-002	
104	4.405000e-002	
105	4.350000e-002	
106	4.465000e-002	
107	4.542500e-002	
108	4.420000e-002	
109	4.220000e-002	
110	4.092500e-002	
111	4.145000e-002	
112	4.422500e-002	
113	4.415000e-002	
114	4.710000e-002	
115	4.840000e-002	
116	4.687500e-002	
117	4.690000e-002	
118	4.535000e-002	
119	4.475000e-002	
120	4.417500e-002	
121	4.340000e-002	
122	4.242500e-002	
123	4.367500e-002	
124	4.575000e-002	
125	4.512500e-002	
126	4.625000e-002	
127	4.570000e-002	
128	4.522500e-002	
129	4.597500e-002	
130	4.675000e-002	
131	4.870000e-002	
132	4.667500e-002	
133	4.477500e-002	
134	4.410000e-002	
135	4.255000e-002	
136	4.337500e-002	
137	4.267500e-002	
138	4.162500e-002	
139	4.200000e-002	
140	4.267500e-002	
141	4.352500e-002	
142	4.477500e-002	
143	4.527500e-002	
144	4.632500e-002	
145	4.752500e-002	
146	4.850000e-002	
147	4.787500e-002	
148	4.385000e-002	
149	4.210000e-002	
150	4.257500e-002	
151	4.265000e-002	
152	4.607500e-002	
153	4.497500e-002	
154	4.570000e-002	
155	4.552500e-002	
156	4.597500e-002	
157	4.715000e-002	
158	4.675000e-002	
159	4.695000e-002	
160	4.500000e-002	
161	4.435000e-002	
162	4.377500e-002	
163	4.212500e-002	
164	4.182500e-002	
165	4.235000e-002	
166	4.202500e-002	
167	4.240000e-002	
168	4.372500e-002	
169	4.330000e-002	
170	4.567500e-002	
171	4.580000e-002	
172	4.677500e-002	
173	4.742500e-002	
174	4.825000e-002	
175	4.630000e-002	
176	4.592500e-002	
177	4.510000e-002	
178	4.612500e-002	
179	4.697500e-002	
180	4.520000e-002	
181	4.352500e-002	
182	4.187500e-002	
183	4.192500e-002	
184	4.220000e-002	
185	4.295000e-002	
186	4.255000e-002	
187	4.227500e-002	
188	4.357500e-002	
189	4.652500e-002	
190	4.772500e-002	
191	4.885000e-002	
192	4.755000e-002	
193	4.772500e-002	
194	4.647500e-002	
195	4.682500e-002	
196	4.662500e-002	
197	4.355000e-002	
198	4.190000e-002	
199	4.202500e-002	
200	4.262500e-002	
201	4.495000e-002	
202	4.405000e-002	
203	4.385000e-002	
204	4.422500e-002	
205	4.522500e-002	
206	4.530000e-002	
207	4.692500e-002	
208	4.607500e-002	
209	4.492500e-002	
210	4.362500e-002	
211	4.377500e-002	
212	4.530000e-002	
213	4.567500e-002	
214	4.215000e-002	
215	4.142500e-002	
216	4.225000e-002	
217	4.070000e-002	
218	4.115000e-002	
219	4.357500e-002	
220	4.485000e-002	
221	4.712500e-002	
222	4.612500e-002	
223	4.685000e-002	
224	4.705000e-002	
225	4.825000e-002	
226	4.682500e-002	
227	4.495000e-002	
228	4.345000e-002	
229	4.377500e-002	
230	4.402500e-002	
231	4.482500e-002	
232	4.432500e-002	
233	4.227500e-002	
234	4.072500e-002	
235	4.112500e-002	
236	4.370000e-002	
237	4.355000e-002	
238	4.290000e-002	
239	4.575000e-002	
240	4.470000e-002	
241	4.675000e-002	
242	4.770000e-002	
243	4.880000e-002	
244	4.905000e-002	
245	4.780000e-002	
246	4.495000e-002	
247	4.432500e-002	
248	4.420000e-002	
249	4.400000e-002	
250	4.115000e-002	
251	4.255000e-002	
252	4.035000e-002	
253	4.017500e-002	
254	4.082500e-002	
255	4.200000e-002	
256	4.452500e-002	
257	4.565000e-002	
258	4.762500e-002	
259	4.742500e-002	
260	4.790000e-002	
261	4.610000e-002	
262	4.545000e-002	
263	4.582500e-002	
264	4.250000e-002	
265	4.347500e-002	
266	4.280000e-002	
267	4.265000e-002	
268	4.375000e-002	
269	4.457500e-002	
270	4.530000e-002	
271	4.665000e-002	
272	4.642500e-002	
273	4.667500e-002	
274	4.545000e-002	
275	4.442500e-002	
276	4.352500e-002	
277	4.385000e-002	
278	4.457500e-002	
279	4.340000e-002	
280	4.272500e-002	
281	4.247500e-002	
282	4.337500e-002	
283	4.285000e-002	
284	4.510000e-002	
285	4.582500e-002	
286	4.615000e-002	
287	4.480000e-002	
288	4.397500e-002	
289	4.350000e-002	
290	4.380000e-002	
291	4.375000e-002	
292	4.292500e-002	
293	4.342500e-002	
294	4.635000e-002	
295	4.595000e-002	
296	4.540000e-002	
297	4.647500e-002	
298	4.590000e-002	
299	4.475000e-002	
300	4.422500e-002	
301	4.382500e-002	
302	4.180000e-002	
303	4.047500e-002	
304	4.120000e-002	
305	4.232500e-002	
306	4.302500e-002	
307	4.522500e-002	
308	4.755000e-002	
309	4.777500e-002	
310	4.750000e-002	
311	4.740000e-002	
312	4.655000e-002	
313	4.690000e-002	
314	4.505000e-002	
315	4.625000e-002	
316	4.505000e-002	
317	4.400000e-002	
318	4.320000e-002	
319	4.320000e-002	
320	4.277500e-002	
321	4.197500e-002	
322	4.112500e-002	
323	4.135000e-002	
324	4.407500e-002	
325	4.405000e-002	
326	4.267500e-002	
327	4.352500e-002	
328	4.555000e-002	
329	4.667500e-002	
330	4.705000e-002	
331	4.630000e-002	
332	4.617500e-002	
333	4.360000e-002	
334	4.345000e-002	
335	4.375000e-002	
336	4.405000e-002	
337	4.395000e-002	
338	4.375000e-002	
339	4.245000e-002	
340	4.432500e-002	
341	4.505000e-002	
342	4.445000e-002	
343	4.387500e-002	
344	4.435000e-002	
345	4.400000e-002	
346	4.380000e-002	
347	4.180000e-002	
348	4.110000e-002	
349	4.272500e-002	
350	4.315000e-002	
351	4.057500e-002	
352	4.082500e-002	
353	4.282500e-002	
354	4.345000e-002	
355	4.487500e-002	
356	4.602500e-002	
357	4.607500e-002	
358	4.670000e-002	
359	4.675000e-002	
360	4.672500e-002	
361	4.725000e-002	
362	4.775000e-002	
363	4.725000e-002	
364	4.682500e-002	
365	4.490000e-002	
366	4.332500e-002	
367	4.342500e-002	
368	4.120000e-002	
369	4.077500e-002	
370	4.030000e-002	
371	4.187500e-002	
372	4.140000e-002	
373	4.265000e-002	
374	4.437500e-002	
375	4.497500e-002	
376	4.282500e-002	
377	4.355000e-002	
378	4.372500e-002	
379	4.285000e-002	
380	4.440000e-002	
381	4.525000e-002	
382	4.495000e-002	
383	4.262500e-002	
384	4.235000e-002	
385	4.390000e-002	
386	4.145000e-002	
387	4.417500e-002	
388	4.430000e-002	
389	4.557500e-002	
390	4.365000e-002	
391	4.275000e-002	
392	4.435000e-002	
393	4.592500e-002	
394	4.625000e-002	
395	4.945000e-002	
396	4.877500e-002	
397	5.055000e-002	
398	4.797500e-002	
399	4.512500e-002	
400	4.475000e-002	
401	4.260000e-002	
402	4.170000e-002	
403	4.295000e-002	
404	4.300000e-002	
405	4.652500e-002	
406	4.787500e-002	
407	4.622500e-002	
408	4.640000e-002	
409	4.697500e-002	
410	4.577500e-002	
411	4.580000e-002	
412	4.477500e-002	
413	4.427500e-002	
414	4.265000e-002	
415	4.207500e-002	
416	4.027500e-002	
417	3.902500e-002	
418	4.255000e-002	
419	4.245000e-002	
420	4.427500e-002	
421	4.307500e-002	
422	4.465000e-002	
423	4.465000e-002	
424	4.527500e-002	
425	4.590000e-002	
426	4.920000e-002	
427	5.000000e-002	
428	4.890000e-002	
429	4.420000e-002	
430	4.332500e-002	
431	4.430000e-002	
432	4.382500e-002	
433	4.122500e-002	
434	4.067500e-002	
435	3.995000e-002	
436	3.907500e-002	
437	4.147500e-002	
438	4.245000e-002	
439	4.362500e-002	
440	4.395000e-002	
441	4.472500e-002	
442	4.645000e-002	
443	4.577500e-002	
444	4.702500e-002	
445	4.727500e-002	
446	4.482500e-002	
447	4.420000e-002	
448	4.335000e-002	
449	4.427500e-002	
450	4.600000e-002	
451	4.742500e-002	
452	4.660000e-002	
453	4.652500e-002	
454	4.512500e-002	
455	4.250000e-002	
456	4.257500e-002	
457	4.152500e-002	
458	4.110000e-002	
459	4.222500e-002	
460	4.312500e-002	
461	4.340000e-002	
462	4.412500e-002	
463	4.330000e-002	
464	4.427500e-002	
465	4.410000e-002	
466	4.495000e-002	
467	4.492500e-002	
468	4.750000e-002	
469	4.770000e-002	
470	4.697500e-002	
471	4.617500e-002	
472	4.595000e-002	
473	4.575000e-002	
474	4.645000e-002	
475	4.442500e-002	
476	4.500000e-002	
477	4.420000e-002	
478	4.497500e-002	
479	4.460000e-002	
480	4.462500e-002	
481	4.347500e-002	
482	4.262500e-002	
483	4.522500e-002	
484	4.607500e-002	
485	4.812500e-002	
486	4.667500e-002	
487	4.417500e-002	
488	4.245000e-002	
489	4.420000e-002	
490	4.315000e-002	
491	4.382500e-002	
492	4.415000e-002	
493	4.457500e-002	
494	4.335000e-002	
495	4.330000e-002	
496	4.312500e-002	
497	4.317500e-002	
498	4.245000e-002	
499	4.335000e-002	
500	4.245000e-002	
501	4.107500e-002	
502	4.250000e-002	
503	4.542500e-002	
504	4.522500e-002	
505	4.682500e-002	
506	4.662500e-002	
507	4.667500e-002	
508	4.660000e-002	
509	4.600000e-002	
510	4.595000e-002	
511	4.627500e-002	
512	4.532500e-002	
513	4.360000e-002	
514	4.340000e-002	
515	4.182500e-002	
516	4.020000e-002	
517	4.070000e-002	
518	4.057500e-002	
519	4.240000e-002	
520	4.305000e-002	
521	4.495000e-002	
522	4.570000e-002	
523	4.637500e-002	
524	4.637500e-002	
525	4.747500e-002	
526	4.637500e-002	
527	4.635000e-002	
528	4.772500e-002	
529	4.462500e-002	
530	4.500000e-002	
531	4.457500e-002	
532	4.512500e-002	
533	4.407500e-002	
534	4.365000e-002	
535	4.450000e-002	
536	4.395000e-002	
537	4.335000e-002	
538	4.402500e-002	
539	4.685000e-002	
540	4.687500e-002	
541	4.675000e-002	
542	4.697500e-002	
543	4.647500e-002	
544	4.535000e-002	
545	4.527500e-002	
546	4.317500e-002	
547	4.177500e-002	
548	4.252500e-002	
549	4.372500e-002	
550	4.300000e-002	
551	4.457500e-002	
552	4.390000e-002	
553	4.622500e-002	
554	4.485000e-002	
555	4.490000e-002	
556	4.545000e-002	
557	4.422500e-002	
558	4.480000e-002	
559	4.460000e-002	
560	4.572500e-002	
561	4.625000e-002	
562	4.475000e-002	
563	4.602500e-002	
564	4.600000e-002	
565	4.510000e-002	
566	4.502500e-002	
567	4.410000e-002	
568	4.300000e-002	
569	4.190000e-002	
570	4.207500e-002	
571	4.100000e-002	
572	4.190000e-002	
573	4.250000e-002	
574	4.212500e-002	
575	4.305000e-002	
576	4.297500e-002	
577	4.265000e-002	
578	4.405000e-002	
579	4.607500e-002	
580	4.962500e-002	
581	5.092500e-002	
582	4.727500e-002	
583	4.632500e-002	
584	4.522500e-002	
585	4.422500e-002	
586	4.395000e-002	
587	4.217500e-002	
588	4.245000e-002	
589	4.000000e-002	
590	3.977500e-002	
591	4.075000e-002	
592	4.240000e-002	
593	4.230000e-002	
594	4.320000e-002	
595	4.562500e-002	
596	4.835000e-002	
597	4.780000e-002	
598	4.695000e-002	
599	4.675000e-002	
600	4.577500e-002	
601	4.440000e-002	
602	4.545000e-002	
603	4.570000e-002	
604	4.722500e-002	
605	4.530000e-002	
606	4.542500e-002	
607	4.387500e-002	
608	4.437500e-002	
609	4.485000e-002	
610	4.515000e-002	
611	4.455000e-002	
612	4.470000e-002	
613	4.440000e-002	
614	4.412500e-002	
615	4.280000e-002	
616	4.437500e-002	
617	4.600000e-002	
618	4.642500e-002	
619	4.525000e-002	
620	4.482500e-002	
621	4.405000e-002	
622	4.620000e-002	
623	4.492500e-002	
624	4.630000e-002	
625	4.432500e-002	
626	4.522500e-002	
627	4.322500e-002	
628	4.175000e-002	
629	4.405000e-002	
630	4.320000e-002	
631	4.395000e-002	
632	4.470000e-002	
633	4.555000e-002	
634	4.705000e-002	
635	4.690000e-002	
636	4.755000e-002	
637	4.642500e-002	
638	4.497500e-002	
639	4.360000e-002	
640	4.437500e-002	
641	4.377500e-002	
642	4.210000e-002	
643	4.265000e-002	
644	4.245000e-002	
645	4.412500e-002	
646	4.247500e-002	
647	4.135000e-002	
648	4.230000e-002	
649	4.340000e-002	
650	4.467500e-002	
651	4.505000e-002	
652	4.640000e-002	
653	4.430000e-002	
654	4.287500e-002	
655	4.152500e-002	
656	4.197500e-002	
657	4.540000e-002	
658	4.645000e-002	
659	4.707500e-002	
660	4.837500e-002	
661	4.657500e-002	
662	4.327500e-002	
663	4.330000e-002	
664	4.325000e-002	
665	4.260000e-002	
666	4.215000e-002	
667	4.332500e-002	
668	4.352500e-002	
669	4.485000e-002	
670	4.472500e-002	
671	4.452500e-002	
672	4.700000e-002	
673	4.802500e-002	
674	4.660000e-002	
675	4.540000e-002	
676	4.425000e-002	
677	4.297500e-002	
678	4.287500e-002	
679	4.237500e-002	
680	4.177500e-002	
681	4.290000e-002	
682	4.585000e-002	
683	4.627500e-002	
684	4.692500e-002	
685	4.777500e-002	
686	4.655000e-002	
687	4.607500e-002	
688	4.362500e-002	
689	4.400000e-002	
690	4.427500e-002	
691	4.447500e-002	
692	4.367500e-002	
693	4.275000e-002	
694	4.237500e-002	
695	4.137500e-002	
696	4.105000e-002	
697	3.960000e-002	
698	4.210000e-002	
699	4.457500e-002	
700	4.515000e-002	
701	4.720000e-002	
702	4.750000e-002	
703	4.660000e-002	
704	4.537500e-002	
705	4.610000e-002	
706	4.865000e-002	
707	4.557500e-002	
708	4.537500e-002	
709	4.542500e-002	
710	4.355000e-002	
711	4.397500e-002	
712	4.277500e-002	
713	4.252500e-002	
714	4.317500e-002	
715	4.425000e-002	
716	4.542500e-002	
717	4.397500e-002	
718	4.425000e-002	
719	4.452500e-002	
720	4.385000e-002	
721	4.297500e-002	
722	4.477500e-002	
723	4.262500e-002	
724	4.325000e-002	
725	4.477500e-002	
726	4.510000e-002	
727	4.445000e-002	
728	4.375000e-002	
729	4.540000e-002	
730	4.757500e-002	
731	4.695000e-002	
732	4.622500e-002	
733	4.650000e-002	
734	4.417500e-002	
735	4.395000e-002	
736	4.407500e-002	
737	4.517500e-002	
738	4.380000e-002	
739	4.460000e-002	
740	4.542500e-002	
741	4.432500e-002	
742	4.422500e-002	
743	4.375000e-002	
744	4.202500e-002	
745	4.257500e-002	
746	4.182500e-002	
747	4.415000e-002	
748	4.557500e-002	
749	4.602500e-002	
750	4.815000e-002	
751	4.815000e-002	
752	4.652500e-002	
753	4.545000e-002	
754	4.515000e-002	
755	4.380000e-002	
756	4.292500e-002	
757	4.315000e-002	
758	4.225000e-002	
759	4.227500e-002	
760	4.117500e-002	
761	4.117500e-002	
762	4.167500e-002	
763	4.390000e-002	
764	4.502500e-002	
765	4.342500e-002	
766	4.482500e-002	
767	4.580000e-002	
768	4.542500e-002	
769	4.730000e-002	
770	4.885000e-002	
771	4.805000e-002	
772	4.585000e-002	
773	4.637500e-002	
774	4.487500e-002	
775	4.422500e-002	
776	4.155000e-002	
777	3.910000e-002	
778	4.102500e-002	
779	4.142500e-002	
780	4.152500e-002	
781	4.317500e-002	
782	4.490000e-002	
783	4.682500e-002	
784	4.782500e-002	
785	4.995000e-002	
786	4.792500e-002	
787	4.597500e-002	
788	4.487500e-002	
789	4.435000e-002	
790	4.367500e-002	
791	4.327500e-002	
792	4.265000e-002	
793	4.157500e-002	
794	4.217500e-002	
795	4.177500e-002	
796	4.320000e-002	
797	4.537500e-002	
798	4.612500e-002	
799	4.655000e-002	
800	4.655000e-002	
801	4.712500e-002	
802	4.882500e-002	
803	4.795000e-002	
804	4.635000e-002	
805	4.607500e-002	
806	4.345000e-002	
807	4.307500e-002	
808	4.177500e-002	
809	4.090000e-002	
810	4.077500e-002	
811	4.217500e-002	
812	4.655000e-002	
813	4.670000e-002	
814	4.727500e-002	
815	4.607500e-002	
816	4.382500e-002	
817	4.337500e-002	
818	4.570000e-002	
819	4.635000e-002	
820	4.627500e-002	
821	4.625000e-002	
822	4.580000e-002	
823	4.422500e-002	
824	4.185000e-002	
825	4.467500e-002	
826	4.502500e-002	
827	4.362500e-002	
828	4.530000e-002	
829	4.287500e-002	
830	4.240000e-002	
831	4.107500e-002	
832	4.287500e-002	
833	4.105000e-002	
834	4.100000e-002	
835	4.222500e-002	
836	4.357500e-002	
837	4.457500e-002	
838	4.640000e-002	
839	4.715000e-002	
840	4.830000e-002	
841	4.747500e-002	
842	4.737500e-002	
843	4.380000e-002	
844	4.477500e-002	
845	4.735000e-002	
846	4.520000e-002	
847	4.167500e-002	
848	4.167500e-002	
849	4.275000e-002	
850	4.287500e-002	
851	4.230000e-002	
852	4.252500e-002	
853	4.402500e-002	
854	4.507500e-002	
855	4.677500e-002	
856	4.765000e-002	
857	4.790000e-002	
858	4.872500e-002	
859	4.517500e-002	
860	4.367500e-002	
861	4.400000e-002	
862	4.302500e-002	
863	4.250000e-002	
864	4.262500e-002	
865	4.565000e-002	
866	4.555000e-002	
867	4.562500e-002	
868	4.495000e-002	
869	4.347500e-002	
870	4.310000e-002	
871	4.320000e-002	
872	4.350000e-002	
873	4.400000e-002	
874	4.462500e-002	
875	4.632500e-002	
876	4.605000e-002	
877	4.555000e-002	
878	4.647500e-002	
879	4.587500e-002	
880	4.750000e-002	
881	4.652500e-002	
882	4.422500e-002	
883	4.372500e-002	
884	4.285000e-002	
885	4.255000e-002	
886	4.235000e-002	
887	4.377500e-002	
888	4.377500e-002	
889	4.292500e-002	
890	4.455000e-002	
891	4.672500e-002	
892	4.947500e-002	
893	4.942500e-002	
894	4.747500e-002	
895	4.672500e-002	
896	4.362500e-002	
897	4.240000e-002	
898	4.247500e-002	
899	4.250000e-002	
900	4.065000e-002	
901	4.212500e-002	
902	4.315000e-002	
903	4.570000e-002	
904	4.657500e-002	
905	4.510000e-002	
906	4.520000e-002	
907	4.305000e-002	
908	4.410000e-002	
909	4.317500e-002	
910	4.422500e-002	
911	4.467500e-002	
912	4.462500e-002	
913	4.530000e-002	
914	4.450000e-002	
915	4.370000e-002	
916	4.450000e-002	
917	4.275000e-002	
918	4.342500e-002	
919	4.260000e-002	
920	4.502500e-002	
921	4.372500e-002	
922	4.632500e-002	
923	4.480000e-002	
924	4.612500e-002	
925	4.457500e-002	
926	4.605000e-002	
927	4.525000e-002	
928	4.805000e-002	
929	4.627500e-002	
930	4.580000e-002	
931	4.605000e-002	
932	4.732500e-002	
933	4.757500e-002	
934	4.910000e-002	
935	4.602500e-002	
936	4.512500e-002	
937	4.375000e-002	
938	4.062500e-002	
939	4.050000e-002	
940	3.997500e-002	
941	4.087500e-002	
942	4.235000e-002	
943	4.115000e-002	
944	4.240000e-002	
945	4.360000e-002	
946	4.425000e-002	
947	4.425000e-002	
948	4.495000e-002	
949	4.675000e-002	
950	4.545000e-002	
951	4.350000e-002	
952	4.337500e-002	
953	4.482500e-002	
954	4.675000e-002	
955	4.475000e-002	
956	4.252500e-002	
957	4.130000e-002	
958	4.282500e-002	
959	4.257500e-002	
960	4.280000e-002	
961	4.485000e-002	
962	4.530000e-002	
963	4.727500e-002	
964	4.730000e-002	
965	4.605000e-002	
966	4.590000e-002	
967	4.730000e-002	
968	4.725000e-002	
969	4.562500e-002	
970	4.542500e-002	
971	4.550000e-002	
972	4.420000e-002	
973	4.310000e-002	
974	4.272500e-002	
975	4.435000e-002	
976	4.405000e-002	
977	4.342500e-002	
978	4.362500e-002	
979	4.335000e-002	
980	4.377500e-002	
981	4.542500e-002	
982	4.477500e-002	
983	4.757500e-002	
984	4.577500e-002	
985	4.582500e-002	
986	4.495000e-002	
987	4.520000e-002	
988	4.480000e-002	
989	4.410000e-002	
990	4.445000e-002	
991	4.530000e-002	
992	4.402500e-002	
993	4.345000e-002	
994	4.165000e-002	
995	4.225000e-002	
996	4.505000e-002	
997	4.717500e-002	
998	4.622500e-002	
999	4.640000e-002	
1000	4.580000e-002	
1001	4.322500e-002	
1002	4.282500e-002	
1003	4.362500e-002	
1004	4.307500e-002	
1005	4.217500e-002	
1006	4.290000e-002	
1007	4.382500e-002	
1008	4.467500e-002	
1009	4.452500e-002	
1010	4.400000e-002	
1011	4.560000e-002	
1012	4.405000e-002	
1013	4.385000e-002	
1014	4.610000e-002	
1015	4.640000e-002	
1016	4.680000e-002	
1017	4.885000e-002	
1018	4.747500e-002	
1019	4.492500e-002	
1020	4.277500e-002	
1021	4.225000e-002	
1022	4.180000e-002	
1023	4.185000e-002	
1024	4.235000e-002	
1025	4.372500e-002	
1026	4.412500e-002	
1027	4.517500e-002	
1028	4.495000e-002	
1029	4.335000e-002	
1030	4.615000e-002	
1031	4.610000e-002	
1032	4.745000e-002	
1033	4.745000e-002	
1034	4.692500e-002	
1035	4.642500e-002	
1036	4.682500e-002	
1037	4.507500e-002	
1038	4.332500e-002	
1039	4.047500e-002	
1040	3.955000e-002	
1041	4.005000e-002	
1042	4.250000e-002	
1043	4.247500e-002	
1044	4.312500e-002	
1045	4.382500e-002	
1046	4.402500e-002	
1047	4.450000e-002	
1048	4.577500e-002	
1049	4.715000e-002	
1050	4.785000e-002	
1051	4.900000e-002	
1052	4.895000e-002	
1053	4.790000e-002	
1054	4.777500e-002	
1055	4.635000e-002	
1056	4.572500e-002	
1057	4.282500e-002	
1058	4.165000e-002	
1059	4.037500e-002	
1060	4.145000e-002	
1061	4.035000e-002	
1062	4.185000e-002	
1063	4.625000e-002	
1064	4.347500e-002	
1065	4.460000e-002	
1066	4.705000e-002	
1067	4.592500e-002	
1068	4.590000e-002	
1069	4.602500e-002	
1070	4.560000e-002	
1071	4.557500e-002	
1072	4.447500e-002	
1073	4.577500e-002	
1074	4.592500e-002	
1075	4.607500e-002	
1076	4.470000e-002	
1077	4.422500e-002	
1078	4.300000e-002	
1079	4.280000e-002	
1080	4.307500e-002	
1081	4.442500e-002	
1082	4.575000e-002	
1083	4.635000e-002	
1084	4.665000e-002	
1085	4.545000e-002	
1086	4.395000e-002	
1087	4.327500e-002	
1088	4.412500e-002	
1089	4.355000e-002	
1090	4.365000e-002	
1091	4.282500e-002	
1092	4.345000e-002	
1093	4.397500e-002	
1094	4.347500e-002	
1095	4.550000e-002	
1096	4.530000e-002	
1097	4.385000e-002	
1098	4.427500e-002	
1099	4.590000e-002	
1100	4.570000e-002	
1101	4.737500e-002	
1102	4.670000e-002	
1103	4.500000e-002	
1104	4.457500e-002	
1105	4.420000e-002	
1106	4.230000e-002	
1107	4.295000e-002	
1108	4.505000e-002	
1109	4.450000e-002	
1110	4.512500e-002	
1111	4.225000e-002	
1112	4.202500e-002	
1113	4.450000e-002	
1114	4.417500e-002	
1115	4.495000e-002	
1116	4.347500e-002	
1117	4.315000e-002	
1118	4.355000e-002	
1119	4.457500e-002	
1120	4.555000e-002	
1121	4.672500e-002	
1122	4.800000e-002	
1123	4.710000e-002	
1124	4.505000e-002	
1125	4.502500e-002	
1126	4.440000e-002	
1127	4.417500e-002	
1128	4.442500e-002	
1129	4.320000e-002	
1130	4.365000e-002	
1131	4.307500e-002	
1132	4.212500e-002	
1133	4.490000e-002	
1134	4.535000e-002	
1135	4.505000e-002	
1136	4.485000e-002	
1137	4.512500e-002	
1138	4.647500e-002	
1139	4.512500e-002	
1140	4.562500e-002	
1141	4.565000e-002	
1142	4.485000e-002	
1143	4.427500e-002	
1144	4.380000e-002	
1145	4.237500e-002	
1146	4.332500e-002	
1147	4.187500e-002	
1148	4.250000e-002	
1149	4.430000e-002	
1150	4.447500e-002	
1151	4.445000e-002	
1152	4.407500e-002	
1153	4.475000e-002	
1154	4.490000e-002	
1155	4.560000e-002	
1156	4.637500e-002	
1157	4.630000e-002	
1158	4.480000e-002	
1159	4.305000e-002	
1160	4.295000e-002	
1161	4.257500e-002	
1162	4.137500e-002	
1163	4.205000e-002	
1164	4.305000e-002	
1165	4.297500e-002	
1166	4.207500e-002	
1167	4.345000e-002	
1168	4.465000e-002	
1169	4.477500e-002	
1170	4.380000e-002	
1171	4.305000e-002	
1172	4.207500e-002	
1173	4.587500e-002	
1174	4.515000e-002	
1175	4.427500e-002	
1176	4.477500e-002	
1177	4.375000e-002	
1178	4.395000e-002	
1179	4.412500e-002	
1180	4.570000e-002	
1181	4.437500e-002	
1182	4.405000e-002	
1183	4.345000e-002	
1184	4.285000e-002	
1185	4.230000e-002	
1186	4.247500e-002	
1187	4.430000e-002	
1188	4.392500e-002	
1189	4.422500e-002	
1190	4.367500e-002	
1191	4.352500e-002	
1192	4.447500e-002	
1193	4.390000e-002	
1194	4.382500e-002	
1195	4.377500e-002	
1196	4.472500e-002	
1197	4.567500e-002	
1198	4.757500e-002	
1199	4.737500e-002	
1200	4.727500e-002	
1201	4.632500e-002	
1202	4.570000e-002	
1203	4.582500e-002	
1204	4.435000e-002	
1205	4.395000e-002	
1206	4.517500e-002	
1207	4.327500e-002	
1208	4.317500e-002	
1209	4.415000e-002	
1210	4.477500e-002	
1211	4.582500e-002	
1212	4.587500e-002	
1213	4.572500e-002	
1214	4.470000e-002	
1215	4.500000e-002	
1216	4.325000e-002	
1217	4.482500e-002	
1218	4.615000e-002	
1219	4.522500e-002	
1220	4.630000e-002	
1221	4.722500e-002	
1222	4.582500e-002	
1223	4.547500e-002	
1224	4.165000e-002	
1225	4.117500e-002	
1226	4.262500e-002	
1227	4.395000e-002	
1228	4.355000e-002	
1229	4.287500e-002	
1230	4.135000e-002	
1231	4.220000e-002	
1232	4.320000e-002	
1233	4.332500e-002	
1234	4.350000e-002	
1235	4.220000e-002	
1236	4.170000e-002	
1237	4.292500e-002	
1238	4.397500e-002	
1239	4.637500e-002	
1240	4.565000e-002	
1241	4.520000e-002	
1242	4.560000e-002	
1243	4.727500e-002	
1244	4.682500e-002	
1245	4.585000e-002	
1246	4.635000e-002	
1247	4.622500e-002	
1248	4.347500e-002	
1249	4.210000e-002	
1250	4.177500e-002	
1251	4.282500e-002	
1252	4.260000e-002	
1253	4.227500e-002	
1254	4.327500e-002	
1255	4.092500e-002	
1256	4.142500e-002	
1257	4.235000e-002	
1258	4.460000e-002	
1259	4.455000e-002	
1260	4.622500e-002	
1261	4.490000e-002	
1262	4.482500e-002	
1263	4.825000e-002	
1264	4.827500e-002	
1265	4.642500e-002	
1266	4.470000e-002	
1267	4.440000e-002	
1268	4.462500e-002	
1269	4.562500e-002	
1270	4.502500e-002	
1271	4.535000e-002	
1272	4.575000e-002	
1273	4.575000e-002	
1274	4.675000e-002	
1275	4.460000e-002	
1276	4.327500e-002	
1277	4.210000e-002	
1278	4.302500e-002	
1279	4.357500e-002	
1280	4.267500e-002	
1281	4.350000e-002	
1282	4.565000e-002	
1283	4.547500e-002	
1284	4.367500e-002	
1285	4.392500e-002	
1286	4.432500e-002	
1287	4.417500e-002	
1288	4.440000e-002	
1289	4.372500e-002	
1290	4.345000e-002	
1291	4.502500e-002	
1292	4.632500e-002	
1293	4.647500e-002	
1294	4.640000e-002	
1295	4.470000e-002	
1296	4.400000e-002	
1297	4.570000e-002	
1298	4.455000e-002	
1299	4.470000e-002	
1300	4.395000e-002	
1301	4.350000e-002	
1302	4.530000e-002	
1303	4.575000e-002	
1304	4.587500e-002	
1305	4.387500e-002	
1306	4.475000e-002	
1307	4.227500e-002	
1308	4.002500e-002	
1309	4.197500e-002	
1310	4.355000e-002	
1311	4.435000e-002	
1312	4.570000e-002	
1313	4.527500e-002	
1314	4.500000e-002	
1315	4.545000e-002	
1316	4.675000e-002	
1317	4.615000e-002	
1318	4.592500e-002	
1319	4.522500e-002	
1320	4.457500e-002	
1321	4.282500e-002	
1322	4.330000e-002	
1323	4.450000e-002	
1324	4.232500e-002	
1325	4.442500e-002	
1326	4.280000e-002	
1327	4.285000e-002	
1328	4.360000e-002	
1329	4.377500e-002	
1330	4.447500e-002	
1331	4.700000e-002	
1332	4.550000e-002	
1333	4.582500e-002	
1334	4.610000e-002	
1335	4.662500e-002	
1336	4.660000e-002	
1337	4.787500e-002	
1338	4.820000e-002	
1339	4.755000e-002	
1340	4.447500e-002	
1341	4.205000e-002	
1342	4.272500e-002	
1343	4.205000e-002	
1344	4.067500e-002	
1345	4.105000e-002	
1346	4.087500e-002	
1347	4.277500e-002	
1348	4.615000e-002	
1349	4.852500e-002	
1350	4.807500e-002	
1351	4.702500e-002	
1352	4.825000e-002	
1353	4.870000e-002	
1354	4.935000e-002	
1355	4.765000e-002	
1356	4.607500e-002	
1357	4.247500e-002	
1358	4.030000e-002	
1359	4.005000e-002	
1360	3.980000e-002	
1361	3.732500e-002	
1362	3.945000e-002	
1363	4.070000e-002	
1364	4.230000e-002	
1365	4.435000e-002	
1366	4.605000e-002	
1367	4.857500e-002	
1368	4.755000e-002	
1369	4.640000e-002	
1370	4.557500e-002	
1371	4.350000e-002	
1372	4.430000e-002	
1373	4.405000e-002	
1374	4.277500e-002	
1375	4.117500e-002	
1376	4.090000e-002	
1377	4.110000e-002	
1378	4.022500e-002	
1379	4.075000e-002	
1380	4.160000e-002	
1381	4.307500e-002	
1382	4.545000e-002	
1383	4.677500e-002	
1384	4.777500e-002	
1385	4.910000e-002	
1386	4.865000e-002	
1387	4.785000e-002	
1388	4.705000e-002	
1389	4.540000e-002	
1390	4.477500e-002	
1391	4.467500e-002	
1392	4.370000e-002	
1393	4.365000e-002	
1394	4.570000e-002	
1395	4.415000e-002	
1396	4.307500e-002	
1397	4.180000e-002	
1398	4.270000e-002	
1399	4.217500e-002	
1400	4.345000e-002	
1401	4.355000e-002	
1402	4.290000e-002	
1403	4.162500e-002	
1404	4.265000e-002	
1405	4.275000e-002	
1406	4.477500e-002	
1407	4.617500e-002	
1408	4.710000e-002	
1409	4.337500e-002	
1410	4.265000e-002	
1411	4.300000e-002	
1412	4.487500e-002	
1413	4.532500e-002	
1414	4.580000e-002	
1415	4.492500e-002	
1416	4.592500e-002	
1417	4.595000e-002	
1418	4.665000e-002	
1419	4.635000e-002	
1420	4.660000e-002	
1421	4.565000e-002	
1422	4.650000e-002	
1423	4.502500e-002	
1424	4.282500e-002	
1425	4.327500e-002	
1426	4.367500e-002	
1427	4.347500e-002	
1428	4.327500e-002	
1429	4.315000e-002	
1430	4.470000e-002	
1431	4.530000e-002	
1432	4.587500e-002	
1433	4.412500e-002	
1434	4.412500e-002	
1435	4.257500e-002	
1436	4.302500e-002	
1437	4.192500e-002	
1438	4.210000e-002	
1439	4.375000e-002	
1440	4.377500e-002	
1441	4.612500e-002	
1442	4.827500e-002	
1443	4.745000e-002	
1444	4.750000e-002	
1445	4.715000e-002	
1446	4.640000e-002	
1447	4.667500e-002	
1448	4.662500e-002	
1449	4.557500e-002	
1450	4.505000e-002	
1451	4.500000e-002	
1452	4.395000e-002	
1453	4.312500e-002	
1454	4.125000e-002	
1455	3.992500e-002	
1456	4.092500e-002	
1457	4.285000e-002	
1458	4.305000e-002	
1459	4.390000e-002	
1460	4.362500e-002	
1461	4.390000e-002	
1462	4.447500e-002	
1463	4.490000e-002	
1464	4.505000e-002	
1465	4.505000e-002	
1466	4.420000e-002	
1467	4.327500e-002	
1468	4.417500e-002	
1469	4.597500e-002	
1470	4.600000e-002	
1471	4.462500e-002	
1472	4.375000e-002	
1473	4.130000e-002	
1474	4.085000e-002	
1475	4.190000e-002	
1476	4.330000e-002	
1477	4.557500e-002	
1478	4.432500e-002	
1479	4.405000e-002	
1480	4.455000e-002	
1481	4.420000e-002	
1482	4.422500e-002	
1483	4.507500e-002	
1484	4.342500e-002	
1485	4.537500e-002	
1486	4.797500e-002	
1487	4.800000e-002	
1488	4.680000e-002	
1489	4.662500e-002	
1490	4.317500e-002	
1491	4.232500e-002	
1492	4.300000e-002	
1493	4.315000e-002	
1494	4.182500e-002	
1495	4.430000e-002	
1496	4.542500e-002	
1497	4.320000e-002	
1498	4.412500e-002	
1499	4.350000e-002	
1500	4.125000e-002	
1501	4.232500e-002	
1502	4.455000e-002	
1503	4.427500e-002	
1504	4.492500e-002	
1505	4.670000e-002	
1506	4.672500e-002	
1507	4.647500e-002	
1508	4.757500e-002	
1509	4.687500e-002	
1510	4.827500e-002	
1511	4.805000e-002	
1512	4.697500e-002	
1513	4.485000e-002	
1514	4.322500e-002	
1515	4.125000e-002	
1516	4.017500e-002	
1517	4.290000e-002	
1518	4.215000e-002	
1519	4.280000e-002	
1520	4.645000e-002	
1521	4.525000e-002	
1522	4.797500e-002	
1523	4.725000e-002	
1524	4.672500e-002	
1525	4.482500e-002	
1526	4.345000e-002	
1527	4.355000e-002	
1528	4.262500e-002	
1529	4.255000e-002	
1530	4.332500e-002	
1531	4.432500e-002	
1532	4.315000e-002	
1533	4.132500e-002	
1534	4.330000e-002	
1535	4.510000e-002	
1536	4.485000e-002	
1537	4.540000e-002	
1538	4.572500e-002	
1539	4.442500e-002	
1540	4.522500e-002	
1541	4.417500e-002	
1542	4.507500e-002	
1543	4.377500e-002	
1544	4.330000e-002	
1545	4.435000e-002	
1546	4.517500e-002	
1547	4.472500e-002	
1548	4.435000e-002	
1549	4.425000e-002	
1550	4.415000e-002	
1551	4.425000e-002	
1552	4.360000e-002	
1553	4.392500e-002	
1554	4.387500e-002	
1555	4.420000e-002	
1556	4.615000e-002	
1557	4.735000e-002	
1558	4.780000e-002	
1559	4.712500e-002	
1560	4.525000e-002	
1561	4.537500e-002	
1562	4.475000e-002	
1563	4.505000e-002	
1564	4.432500e-002	
1565	4.227500e-002	
1566	4.140000e-002	
1567	4.067500e-002	
1568	4.267500e-002	
1569	4.247500e-002	
1570	4.292500e-002	
1571	4.300000e-002	
1572	4.360000e-002	
1573	4.367500e-002	
1574	4.470000e-002	
1575	4.455000e-002	
1576	4.457500e-002	
1577	4.550000e-002	
1578	4.602500e-002	
1579	4.637500e-002	
1580	4.490000e-002	
1581	4.510000e-002	
1582	4.257500e-002	
1583	4.410000e-002	
1584	4.442500e-002	
1585	4.225000e-002	
1586	4.247500e-002	
1587	4.172500e-002	
1588	4.192500e-002	
1589	4.385000e-002	
1590	4.560000e-002	
1591	4.647500e-002	
1592	4.740000e-002	
1593	4.937500e-002	
1594	4.985000e-002	
1595	4.880000e-002	
1596	4.810000e-002	
1597	4.385000e-002	
1598	4.095000e-002	
1599	4.210000e-002	
1600	4.087500e-002	
1601	4.147500e-002	
1602	4.320000e-002	
1603	4.405000e-002	
1604	4.425000e-002	
1605	4.420000e-002	
1606	4.367500e-002	
1607	4.387500e-002	
1608	4.190000e-002	
1609	4.237500e-002	
1610	4.285000e-002	
1611	4.272500e-002	
1612	4.342500e-002	
1613	4.302500e-002	
1614	4.507500e-002	
1615	4.735000e-002	
1616	4.775000e-002	
1617	4.755000e-002	
1618	4.602500e-002	
1619	4.687500e-002	
1620	4.685000e-002	
1621	4.582500e-002	
1622	4.592500e-002	
1623	4.435000e-002	
1624	4.450000e-002	
1625	4.510000e-002	
1626	4.327500e-002	
1627	4.205000e-002	
1628	4.322500e-002	
1629	4.127500e-002	
1630	4.150000e-002	
1631	4.217500e-002	
1632	4.467500e-002	
1633	4.602500e-002	
1634	4.815000e-002	
1635	4.745000e-002	
1636	4.812500e-002	
1637	4.552500e-002	
1638	4.365000e-002	
1639	4.235000e-002	
1640	4.240000e-002	
1641	4.080000e-002	
1642	4.065000e-002	
1643	4.345000e-002	
1644	4.510000e-002	
1645	4.677500e-002	
1646	4.715000e-002	
1647	4.492500e-002	
1648	4.430000e-002	
1649	4.332500e-002	
1650	4.577500e-002	
1651	4.575000e-002	
1652	4.487500e-002	
1653	4.295000e-002	
1654	4.220000e-002	
1655	4.180000e-002	
1656	4.115000e-002	
1657	4.120000e-002	
1658	4.177500e-002	
1659	4.152500e-002	
1660	4.247500e-002	
1661	4.450000e-002	
1662	4.612500e-002	
1663	4.712500e-002	
1664	4.647500e-002	
1665	4.760000e-002	
1666	4.810000e-002	
1667	4.852500e-002	
1668	4.715000e-002	
1669	4.705000e-002	
1670	4.615000e-002	
1671	4.402500e-002	
1672	3.917500e-002	
1673	3.740000e-002	
1674	3.887500e-002	
1675	3.992500e-002	
1676	4.290000e-002	
1677	4.325000e-002	
1678	4.570000e-002	
1679	4.715000e-002	
1680	4.732500e-002	
1681	4.822500e-002	
1682	4.840000e-002	
1683	4.907500e-002	
1684	4.755000e-002	
1685	4.867500e-002	
1686	4.745000e-002	
1687	4.602500e-002	
1688	4.465000e-002	
1689	4.312500e-002	
1690	4.325000e-002	
1691	4.402500e-002	
1692	4.187500e-002	
1693	4.217500e-002	
1694	4.245000e-002	
1695	4.362500e-002	
1696	4.442500e-002	
1697	4.467500e-002	
1698	4.565000e-002	
1699	4.642500e-002	
1700	4.572500e-002	
1701	4.797500e-002	
1702	4.717500e-002	
1703	4.615000e-002	
1704	4.557500e-002	
1705	4.410000e-002	
1706	4.142500e-002	
1707	4.090000e-002	
1708	4.205000e-002	
1709	4.272500e-002	
1710	4.277500e-002	
1711	4.585000e-002	
1712	4.712500e-002	
1713	4.512500e-002	
1714	4.590000e-002	
1715	4.487500e-002	
1716	4.630000e-002	
1717	4.517500e-002	
1718	4.310000e-002	
1719	4.157500e-002	
1720	4.192500e-002	
1721	4.292500e-002	
1722	4.392500e-002	
1723	4.460000e-002	
1724	4.502500e-002	
1725	4.712500e-002	
1726	4.522500e-002	
1727	4.247500e-002	
1728	4.260000e-002	
1729	4.170000e-002	
1730	4.167500e-002	
1731	4.135000e-002	
1732	4.245000e-002	
1733	4.387500e-002	
1734	4.270000e-002	
1735	4.292500e-002	
1736	4.590000e-002	
1737	4.625000e-002	
1738	4.582500e-002	
1739	4.682500e-002	
1740	4.557500e-002	
1741	4.657500e-002	
1742	4.640000e-002	
1743	4.495000e-002	
1744	4.537500e-002	
1745	4.427500e-002	
1746	4.550000e-002	
1747	4.707500e-002	
1748	4.475000e-002	
1749	4.442500e-002	
1750	4.152500e-002	
1751	4.060000e-002	
1752	4.060000e-002	
1753	4.297500e-002	
1754	4.355000e-002	
1755	4.412500e-002	
1756	4.417500e-002	
1757	4.350000e-002	
1758	4.427500e-002	
1759	4.420000e-002	
1760	4.720000e-002	
1761	4.925000e-002	
1762	4.700000e-002	
1763	4.642500e-002	
1764	4.642500e-002	
1765	4.482500e-002	
1766	4.305000e-002	
1767	4.092500e-002	
1768	4.152500e-002	
1769	4.087500e-002	
1770	4.105000e-002	
1771	4.410000e-002	
1772	4.337500e-002	
1773	4.282500e-002	
1774	4.207500e-002	
1775	4.420000e-002	
1776	4.497500e-002	
1777	4.777500e-002	
1778	4.905000e-002	
1779	4.897500e-002	
1780	4.772500e-002	
1781	4.640000e-002	
1782	4.537500e-002	
1783	4.262500e-002	
1784	4.262500e-002	
1785	4.232500e-002	
1786	4.252500e-002	
1787	4.160000e-002	
1788	4.040000e-002	
1789	4.102500e-002	
1790	4.210000e-002	
1791	4.207500e-002	
1792	4.225000e-002	
1793	4.395000e-002	
1794	4.470000e-002	
1795	4.602500e-002	
1796	4.312500e-002	
1797	4.395000e-002	
1798	4.432500e-002	
1799	4.567500e-002	
1800	4.612500e-002	
1801	4.880000e-002	
1802	4.725000e-002	
1803	4.737500e-002	
1804	4.462500e-002	
1805	4.447500e-002	
1806	4.492500e-002	
1807	4.530000e-002	
1808	4.337500e-002	
1809	4.230000e-002	
1810	4.195000e-002	
1811	4.015000e-002	
1812	4.040000e-002	
1813	4.310000e-002	
1814	4.277500e-002	
1815	4.395000e-002	
1816	4.580000e-002	
1817	4.660000e-002	
1818	4.502500e-002	
1819	4.365000e-002	
1820	4.477500e-002	
1821	4.420000e-002	
1822	4.612500e-002	
1823	4.492500e-002	
1824	4.372500e-002	
1825	4.582500e-002	
1826	4.417500e-002	
1827	4.532500e-002	
1828	4.372500e-002	
1829	4.520000e-002	
1830	4.707500e-002	
1831	4.630000e-002	
1832	4.582500e-002	
1833	4.527500e-002	
1834	4.335000e-002	
1835	4.382500e-002	
1836	4.600000e-002	
1837	4.440000e-002	
1838	4.460000e-002	
1839	4.342500e-002	
1840	4.272500e-002	
1841	4.360000e-002	
1842	4.385000e-002	
1843	4.562500e-002	
1844	4.615000e-002	
1845	4.685000e-002	
1846	4.610000e-002	
1847	4.597500e-002	
1848	4.592500e-002	
1849	4.525000e-002	
1850	4.440000e-002	
1851	4.365000e-002	
1852	4.475000e-002	
1853	4.490000e-002	
1854	4.547500e-002	
1855	4.430000e-002	
1856	4.255000e-002	
1857	4.372500e-002	
1858	4.497500e-002	
1859	4.525000e-002	
1860	4.660000e-002	
1861	4.497500e-002	
1862	4.425000e-002	
1863	4.377500e-002	
1864	4.372500e-002	
1865	4.340000e-002	
1866	4.300000e-002	
1867	4.325000e-002	
1868	4.492500e-002	
1869	4.505000e-002	
1870	4.487500e-002	
1871	4.685000e-002	
1872	4.490000e-002	
1873	4.392500e-002	
1874	4.457500e-002	
1875	4.440000e-002	
1876	4.512500e-002	
1877	4.650000e-002	
1878	4.702500e-002	
1879	4.755000e-002	
1880	4.475000e-002	
1881	4.322500e-002	
1882	4.437500e-002	
1883	4.365000e-002	
1884	4.135000e-002	
1885	4.435000e-002	
1886	4.382500e-002	
1887	4.275000e-002	
1888	4.275000e-002	
1889	4.430000e-002	
1890	4.610000e-002	
1891	4.587500e-002	
1892	4.622500e-002	
1893	4.640000e-002	
1894	4.645000e-002	
1895	4.570000e-002	
1896	4.367500e-002	
1897	4.350000e-002	
1898	4.447500e-002	
1899	4.570000e-002	
1900	4.512500e-002	
1901	4.410000e-002	
1902	4.362500e-002	
1903	4.247500e-002	
1904	4.162500e-002	
1905	4.190000e-002	
1906	4.225000e-002	
1907	4.437500e-002	
1908	4.682500e-002	
1909	4.892500e-002	
1910	4.937500e-002	
1911	4.767500e-002	
1912	4.697500e-002	
1913	4.690000e-002	
1914	4.482500e-002	
1915	4.130000e-002	
1916	4.407500e-002	
1917	4.337500e-002	
1918	4.287500e-002	
1919	4.190000e-002	
1920	4.210000e-002	
1921	4.375000e-002	
1922	4.337500e-002	
1923	4.620000e-002	
1924	4.725000e-002	
1925	4.600000e-002	
1926	4.542500e-002	
1927	4.400000e-002	
1928	4.597500e-002	
1929	4.345000e-002	
1930	4.340000e-002	
1931	4.365000e-002	
1932	4.207500e-002	
1933	4.167500e-002	
1934	4.240000e-002	
1935	3.952500e-002	
1936	4.365000e-002	
1937	4.487500e-002	
1938	4.417500e-002	
1939	4.605000e-002	
1940	4.785000e-002	
1941	4.677500e-002	
1942	4.635000e-002	
1943	4.702500e-002	
1944	4.540000e-002	
1945	4.377500e-002	
1946	4.292500e-002	
1947	4.280000e-002	
1948	4.065000e-002	
1949	4.125000e-002	
1950	4.157500e-002	
1951	4.345000e-002	
1952	4.572500e-002	
1953	4.560000e-002	
1954	4.652500e-002	
1955	4.540000e-002	
1956	4.445000e-002	
1957	4.712500e-002	
1958	4.705000e-002	
1959	4.595000e-002	
1960	4.630000e-002	
1961	4.435000e-002	
1962	4.607500e-002	
1963	4.407500e-002	
1964	4.437500e-002	
1965	4.335000e-002	
1966	4.280000e-002	
1967	4.377500e-002	
1968	4.382500e-002	
1969	4.302500e-002	
1970	4.327500e-002	
1971	4.412500e-002	
1972	4.435000e-002	
1973	4.420000e-002	
1974	4.572500e-002	
1975	4.402500e-002	
1976	4.302500e-002	
1977	4.507500e-002	
1978	4.405000e-002	
1979	3.992500e-002	
1980	4.105000e-002	
1981	4.075000e-002	
1982	4.295000e-002	
1983	4.402500e-002	
1984	4.367500e-002	
1985	4.515000e-002	
1986	4.552500e-002	
1987	4.737500e-002	
1988	4.587500e-002	
1989	4.625000e-002	
1990	4.637500e-002	
1991	4.632500e-002	
1992	4.680000e-002	
1993	4.602500e-002	
1994	4.532500e-002	
1995	4.530000e-002	
1996	4.355000e-002	
1997	4.410000e-002	
1998	4.362500e-002	
1999	4.415000e-002	
2000	4.525000e-002	
2001	4.560000e-002	
2002	4.607500e-002	
2003	4.727500e-002	
2004	4.597500e-002	
2005	4.680000e-002	
2006	4.722500e-002	
2007	4.595000e-002	
2008	4.300000e-002	
2009	4.392500e-002	
2010	4.257500e-002	
2011	4.307500e-002	
2012	4.330000e-002	
2013	4.407500e-002	
2014	4.377500e-002	
2015	4.272500e-002	
2016	4.405000e-002	
2017	4.512500e-002	
2018	4.567500e-002	
2019	4.640000e-002	
2020	4.660000e-002	
2021	4.637500e-002	
2022	4.307500e-002	
2023	4.265000e-002	
2024	4.250000e-002	
2025	4.235000e-002	
2026	4.182500e-002	
2027	4.292500e-002	
2028	4.487500e-002	
2029	4.377500e-002	
2030	4.467500e-002	
2031	4.450000e-002	
2032	4.555000e-002	
2033	4.570000e-002	
2034	4.580000e-002	
2035	4.700000e-002	
2036	4.627500e-002	
2037	4.472500e-002	
2038	4.440000e-002	
2039	4.417500e-002	
2040	4.542500e-002	
2041	4.742500e-002	
2042	4.825000e-002	
2043	4.455000e-002	
2044	4.362500e-002	
2045	4.410000e-002	
2046	4.500000e-002	
2047	4.247500e-002	
2048	4.170000e-002	
2049	4.202500e-002	
2050	4.250000e-002	
2051	4.002500e-002	
2052	4.010000e-002	
2053	4.200000e-002	
2054	4.225000e-002	
2055	4.505000e-002	
2056	4.785000e-002	
2057	4.855000e-002	
2058	4.725000e-002	
2059	4.707500e-002	
2060	4.630000e-002	
2061	4.687500e-002	
2062	4.575000e-002	
2063	4.182500e-002	
2064	4.130000e-002	
2065	4.150000e-002	
2066	4.257500e-002	
2067	4.345000e-002	
2068	4.257500e-002	
2069	4.212500e-002	
2070	4.185000e-002	
2071	4.272500e-002	
2072	4.575000e-002	
2073	4.697500e-002	
2074	4.705000e-002	
2075	4.570000e-002	
2076	4.612500e-002	
2077	4.657500e-002	
2078	4.447500e-002	
2079	4.280000e-002	
2080	4.310000e-002	
2081	4.370000e-002	
2082	4.402500e-002	
2083	4.392500e-002	
2084	4.535000e-002	
2085	4.475000e-002	
2086	4.330000e-002	
2087	4.197500e-002	
2088	4.355000e-002	
2089	4.352500e-002	
2090	4.405000e-002	
2091	4.422500e-002	
2092	4.722500e-002	
2093	5.047500e-002	
2094	4.987500e-002	
2095	4.860000e-002	
2096	4.812500e-002	
2097	4.682500e-002	
2098	4.597500e-002	
2099	4.557500e-002	
2100	4.405000e-002	
2101	4.447500e-002	
2102	4.005000e-002	
2103	3.940000e-002	
2104	3.817500e-002	
2105	3.815000e-002	
2106	3.877500e-002	
2107	4.090000e-002	
2108	4.300000e-002	
2109	4.395000e-002	
2110	4.615000e-002	
2111	4.715000e-002	
2112	4.725000e-002	
2113	4.890000e-002	
2114	5.002500e-002	
2115	4.685000e-002	
2116	4.842500e-002	
2117	4.767500e-002	
2118	4.515000e-002	
2119	4.310000e-002	
2120	4.280000e-002	
2121	4.117500e-002	
2122	4.160000e-002	
2123	4.075000e-002	
2124	4.167500e-002	
2125	4.410000e-002	
2126	4.535000e-002	
2127	4.597500e-002	
2128	4.697500e-002	
2129	4.640000e-002	
2130	4.730000e-002	
2131	4.735000e-002	
2132	4.812500e-002	
2133	4.725000e-002	
2134	4.602500e-002	
2135	4.457500e-002	
2136	4.277500e-002	
2137	4.187500e-002	
2138	4.485000e-002	
2139	4.335000e-002	
2140	4.407500e-002	
2141	4.507500e-002	
2142	4.580000e-002	
2143	4.432500e-002	
2144	4.352500e-002	
2145	4.307500e-002	
2146	4.440000e-002	
2147	4.587500e-002	
2148	4.577500e-002	
2149	4.797500e-002	
2150	4.520000e-002	
2151	4.285000e-002	
2152	4.385000e-002	
2153	4.402500e-002	
2154	4.275000e-002	
2155	4.115000e-002	
2156	4.222500e-002	
2157	4.360000e-002	
2158	4.475000e-002	
2159	4.417500e-002	
2160	4.267500e-002	
2161	4.450000e-002	
2162	4.272500e-002	
2163	4.360000e-002	
2164	4.370000e-002	
2165	4.392500e-002	
2166	4.640000e-002	
2167	4.675000e-002	
2168	4.635000e-002	
2169	4.555000e-002	
2170	4.467500e-002	
2171	4.510000e-002	
2172	4.695000e-002	
2173	4.737500e-002	
2174	4.490000e-002	
2175	4.485000e-002	
2176	4.450000e-002	
2177	4.377500e-002	
2178	4.347500e-002	
2179	4.317500e-002	
2180	4.150000e-002	
2181	4.260000e-002	
2182	4.327500e-002	
2183	4.327500e-002	
2184	4.412500e-002	
2185	4.437500e-002	
2186	4.390000e-002	
2187	4.490000e-002	
2188	4.522500e-002	
2189	4.575000e-002	
2190	4.617500e-002	
2191	4.557500e-002	
2192	4.432500e-002	
2193	4.462500e-002	
2194	4.637500e-002	
2195	4.515000e-002	
2196	4.545000e-002	
2197	4.392500e-002	
2198	4.200000e-002	
2199	4.312500e-002	
2200	4.340000e-002	
2201	4.310000e-002	
2202	4.275000e-002	
2203	4.272500e-002	
2204	4.265000e-002	
2205	4.420000e-002	
2206	4.570000e-002	
2207	4.675000e-002	
2208	4.602500e-002	
2209	4.622500e-002	
2210	4.692500e-002	
2211	4.637500e-002	
2212	4.530000e-002	
2213	4.312500e-002	
2214	4.392500e-002	
2215	4.310000e-002	
2216	4.237500e-002	
2217	4.295000e-002	
2218	4.382500e-002	
2219	4.392500e-002	
2220	4.402500e-002	
2221	4.405000e-002	
2222	4.332500e-002	
2223	4.532500e-002	
2224	4.505000e-002	
2225	4.535000e-002	
2226	4.535000e-002	
2227	4.290000e-002	
2228	4.330000e-002	
2229	4.437500e-002	
2230	4.357500e-002	
2231	4.447500e-002	
2232	4.280000e-002	
2233	4.110000e-002	
2234	4.262500e-002	
2235	4.292500e-002	
2236	4.460000e-002	
2237	4.260000e-002	
2238	4.292500e-002	
2239	4.387500e-002	
2240	4.442500e-002	
2241	4.365000e-002	
2242	4.430000e-002	
2243	4.517500e-002	
2244	4.685000e-002	
2245	4.597500e-002	
2246	4.687500e-002	
2247	4.472500e-002	
2248	4.282500e-002	
2249	4.205000e-002	
2250	4.327500e-002	
2251	4.202500e-002	
2252	4.065000e-002	
2253	4.047500e-002	
2254	4.072500e-002	
2255	4.220000e-002	
2256	4.352500e-002	
2257	4.687500e-002	
2258	4.847500e-002	
2259	4.777500e-002	
2260	4.890000e-002	
2261	5.047500e-002	
2262	4.970000e-002	
2263	4.765000e-002	
2264	4.610000e-002	
2265	4.442500e-002	
2266	4.255000e-002	
2267	4.350000e-002	
2268	4.227500e-002	
2269	4.185000e-002	
2270	4.172500e-002	
2271	4.182500e-002	
2272	4.217500e-002	
2273	4.370000e-002	
2274	4.570000e-002	
2275	4.495000e-002	
2276	4.647500e-002	
2277	4.802500e-002	
2278	4.710000e-002	
2279	4.652500e-002	
2280	4.440000e-002	
2281	4.457500e-002	
2282	4.202500e-002	
2283	4.005000e-002	
2284	4.155000e-002	
2285	4.232500e-002	
2286	4.262500e-002	
2287	4.410000e-002	
2288	4.322500e-002	
2289	4.455000e-002	
2290	4.562500e-002	
2291	4.470000e-002	
2292	4.415000e-002	
2293	4.267500e-002	
2294	4.267500e-002	
2295	4.302500e-002	
2296	4.057500e-002	
2297	4.127500e-002	
2298	4.235000e-002	
2299	4.382500e-002	
2300	4.392500e-002	
2301	4.320000e-002	
2302	4.397500e-002	
2303	4.442500e-002	
2304	4.532500e-002	
2305	4.695000e-002	
2306	4.655000e-002	
2307	4.667500e-002	
2308	4.782500e-002	
2309	4.717500e-002	
2310	4.687500e-002	
2311	4.652500e-002	
2312	4.535000e-002	
2313	4.415000e-002	
2314	4.297500e-002	
2315	4.082500e-002	
2316	4.022500e-002	
2317	3.890000e-002	
2318	4.132500e-002	
2319	4.157500e-002	
2320	4.290000e-002	
2321	4.277500e-002	
2322	4.302500e-002	
2323	4.415000e-002	
2324	4.685000e-002	
2325	4.757500e-002	
2326	4.732500e-002	
2327	4.622500e-002	
2328	4.732500e-002	
2329	4.730000e-002	
2330	4.865000e-002	
2331	4.475000e-002	
2332	4.625000e-002	
2333	4.635000e-002	
2334	4.540000e-002	
2335	4.380000e-002	
2336	4.350000e-002	
2337	4.427500e-002	
2338	4.242500e-002	
2339	4.350000e-002	
2340	4.292500e-002	
2341	4.360000e-002	
2342	4.337500e-002	
2343	4.430000e-002	
2344	4.342500e-002	
2345	4.342500e-002	
2346	4.495000e-002	
2347	4.615000e-002	
2348	4.507500e-002	
2349	4.532500e-002	
2350	4.490000e-002	
2351	4.340000e-002	
2352	4.427500e-002	
2353	4.382500e-002	
2354	4.332500e-002	
2355	4.507500e-002	
2356	4.460000e-002	
2357	4.480000e-002	
2358	4.520000e-002	
2359	4.512500e-002	
2360	4.515000e-002	
2361	4.447500e-002	
2362	4.510000e-002	
2363	4.465000e-002	
2364	4.352500e-002	
2365	4.285000e-002	
2366	4.385000e-002	
2367	4.380000e-002	
2368	4.500000e-002	
2369	4.390000e-002	
2370	4.420000e-002	
2371	4.492500e-002	
2372	4.602500e-002	
2373	4.752500e-002	
2374	4.872500e-002	
2375	4.725000e-002	
2376	4.707500e-002	
2377	4.527500e-002	
2378	4.470000e-002	
2379	4.465000e-002	
2380	4.417500e-002	
2381	4.280000e-002	
2382	4.170000e-002	
2383	4.342500e-002	
2384	4.087500e-002	
2385	4.235000e-002	
2386	4.320000e-002	
2387	4.320000e-002	
2388	4.440000e-002	
2389	4.380000e-002	
2390	4.360000e-002	
2391	4.345000e-002	
2392	4.185000e-002	
2393	4.382500e-002	
2394	4.675000e-002	
2395	4.577500e-002	
2396	4.490000e-002	
2397	4.365000e-002	
2398	4.362500e-002	
2399	4.375000e-002	
2400	4.327500e-002	
2401	4.507500e-002	
2402	4.642500e-002	
2403	4.630000e-002	
2404	4.387500e-002	
2405	4.272500e-002	
2406	4.277500e-002	
2407	4.287500e-002	
2408	4.212500e-002	
2409	4.197500e-002	
2410	4.195000e-002	
2411	4.005000e-002	
2412	4.055000e-002	
2413	4.130000e-002	
2414	4.380000e-002	
2415	4.587500e-002	
2416	4.742500e-002	
2417	4.945000e-002	
2418	5.120000e-002	
2419	5.065000e-002	
2420	4.722500e-002	
2421	5.035000e-002	
2422	4.602500e-002	
2423	4.392500e-002	
2424	4.240000e-002	
2425	3.967500e-002	
2426	3.977500e-002	
2427	4.010000e-002	
2428	3.940000e-002	
2429	3.962500e-002	
2430	4.240000e-002	
2431	4.232500e-002	
2432	4.442500e-002	
2433	4.715000e-002	
2434	4.857500e-002	
2435	4.855000e-002	
2436	4.782500e-002	
2437	4.535000e-002	
2438	4.585000e-002	
2439	4.565000e-002	
2440	4.437500e-002	
2441	4.525000e-002	
2442	4.392500e-002	
2443	4.540000e-002	
2444	4.455000e-002	
2445	4.175000e-002	
2446	4.240000e-002	
2447	4.150000e-002	
2448	4.177500e-002	
2449	4.180000e-002	
2450	4.232500e-002	
2451	4.477500e-002	
2452	4.440000e-002	
2453	4.362500e-002	
2454	4.342500e-002	
2455	4.597500e-002	
2456	4.685000e-002	
2457	4.762500e-002	
2458	4.625000e-002	
2459	4.577500e-002	
2460	4.580000e-002	
2461	4.537500e-002	
2462	4.387500e-002	
2463	4.375000e-002	
2464	4.275000e-002	
2465	4.400000e-002	
2466	4.312500e-002	
2467	4.152500e-002	
2468	4.170000e-002	
2469	4.175000e-002	
2470	4.307500e-002	
2471	4.535000e-002	
2472	4.592500e-002	
2473	4.562500e-002	
2474	4.682500e-002	
2475	4.695000e-002	
2476	4.627500e-002	
2477	4.622500e-002	
2478	4.437500e-002	
2479	4.477500e-002	
2480	4.435000e-002	
2481	4.435000e-002	
2482	4.497500e-002	
2483	4.437500e-002	
2484	4.432500e-002	
2485	4.395000e-002	
2486	4.417500e-002	
2487	4.357500e-002	
2488	4.342500e-002	
2489	4.272500e-002	
2490	4.282500e-002	
2491	4.300000e-002	
2492	4.445000e-002	
2493	4.515000e-002	
2494	4.477500e-002	
2495	4.355000e-002	
2496	4.495000e-002	
2497	4.522500e-002	
2498	4.557500e-002	
2499	4.512500e-002	
2500	4.340000e-002	
2501	4.227500e-002	
2502	4.352500e-002	
2503	4.377500e-002	
2504	4.417500e-002	
2505	4.547500e-002	
2506	4.822500e-002	
2507	4.805000e-002	
2508	4.740000e-002	
2509	4.435000e-002	
2510	4.365000e-002	
2511	4.387500e-002	
2512	4.435000e-002	
2513	4.237500e-002	
2514	4.342500e-002	
2515	4.472500e-002	
2516	4.440000e-002	
2517	4.477500e-002	
2518	4.615000e-002	
2519	4.705000e-002	
2520	4.447500e-002	
2521	4.247500e-002	
2522	4.292500e-002	
2523	4.397500e-002	
2524	4.437500e-002	
2525	4.372500e-002	
2526	4.160000e-002	
2527	4.195000e-002	
2528	4.320000e-002	
2529	4.405000e-002	
2530	4.420000e-002	
2531	4.742500e-002	
2532	4.630000e-002	
2533	4.755000e-002	
2534	4.900000e-002	
2535	4.850000e-002	
2536	4.792500e-002	
2537	4.507500e-002	
2538	4.370000e-002	
2539	4.202500e-002	
2540	3.992500e-002	
2541	3.890000e-002	
2542	4.027500e-002	
2543	4.085000e-002	
2544	4.132500e-002	
2545	4.337500e-002	
2546	4.607500e-002	
2547	4.735000e-002	
2548	4.822500e-002	
2549	4.972500e-002	
2550	5.065000e-002	
2551	4.957500e-002	
2552	4.672500e-002	
2553	4.485000e-002	
2554	4.447500e-002	
2555	4.267500e-002	
2556	4.077500e-002	
2557	4.170000e-002	
2558	4.190000e-002	
2559	4.495000e-002	
2560	4.532500e-002	
2561	4.470000e-002	
2562	4.540000e-002	
2563	4.642500e-002	
2564	4.805000e-002	
2565	4.870000e-002	
2566	4.747500e-002	
2567	4.682500e-002	
2568	4.687500e-002	
2569	4.305000e-002	
2570	4.180000e-002	
2571	4.030000e-002	
2572	4.125000e-002	
2573	4.230000e-002	
2574	4.247500e-002	
2575	4.237500e-002	
2576	4.270000e-002	
2577	4.230000e-002	
2578	4.147500e-002	
2579	4.232500e-002	
2580	4.480000e-002	
2581	4.655000e-002	
2582	4.892500e-002	
2583	4.812500e-002	
2584	4.930000e-002	
2585	4.750000e-002	
2586	4.640000e-002	
2587	4.450000e-002	
2588	4.180000e-002	
2589	4.212500e-002	
2590	4.235000e-002	
2591	4.312500e-002	
2592	4.315000e-002	
2593	4.220000e-002	
2594	4.075000e-002	
2595	3.802500e-002	
2596	4.027500e-002	
2597	4.130000e-002	
2598	4.270000e-002	
2599	4.347500e-002	
2600	4.520000e-002	
2601	4.427500e-002	
2602	4.637500e-002	
2603	4.730000e-002	
2604	4.887500e-002	
2605	4.852500e-002	
2606	4.750000e-002	
2607	4.605000e-002	
2608	4.760000e-002	
2609	4.462500e-002	
2610	4.405000e-002	
2611	4.300000e-002	
2612	4.125000e-002	
2613	4.047500e-002	
2614	4.087500e-002	
2615	4.112500e-002	
2616	4.247500e-002	
2617	4.405000e-002	
2618	4.380000e-002	
2619	4.262500e-002	
2620	4.112500e-002	
2621	4.170000e-002	
2622	4.252500e-002	
2623	4.292500e-002	
2624	4.482500e-002	
2625	4.490000e-002	
2626	4.492500e-002	
2627	4.470000e-002	
2628	4.312500e-002	
2629	4.337500e-002	
2630	4.175000e-002	
2631	4.220000e-002	
2632	4.377500e-002	
2633	4.447500e-002	
2634	4.592500e-002	
2635	4.662500e-002	
2636	4.697500e-002	
2637	4.590000e-002	
2638	4.510000e-002	
2639	4.617500e-002	
2640	4.607500e-002	
2641	4.525000e-002	
2642	4.477500e-002	
2643	4.460000e-002	
2644	4.330000e-002	
2645	4.312500e-002	
2646	4.387500e-002	
2647	4.430000e-002	
2648	4.650000e-002	
2649	4.562500e-002	
2650	4.632500e-002	
2651	4.775000e-002	
2652	4.707500e-002	
2653	4.627500e-002	
2654	4.622500e-002	
2655	4.560000e-002	
2656	4.367500e-002	
2657	4.205000e-002	
2658	4.192500e-002	
2659	4.315000e-002	
2660	4.417500e-002	
2661	4.247500e-002	
2662	4.265000e-002	
2663	4.092500e-002	
2664	4.230000e-002	
2665	4.305000e-002	
2666	4.620000e-002	
2667	4.782500e-002	
2668	4.530000e-002	
2669	4.480000e-002	
2670	4.440000e-002	
2671	4.412500e-002	
2672	4.392500e-002	
2673	4.357500e-002	
2674	4.550000e-002	
2675	4.532500e-002	
2676	4.587500e-002	
2677	4.555000e-002	
2678	4.325000e-002	
2679	4.292500e-002	
2680	4.542500e-002	
2681	4.682500e-002	
2682	4.735000e-002	
2683	4.592500e-002	
2684	4.650000e-002	
2685	4.662500e-002	
2686	4.557500e-002	
2687	4.380000e-002	
2688	4.325000e-002	
2689	4.370000e-002	
2690	4.260000e-002	
2691	4.397500e-002	
2692	4.462500e-002	
2693	4.322500e-002	
2694	4.280000e-002	
2695	4.250000e-002	
2696	4.135000e-002	
2697	4.175000e-002	
2698	4.520000e-002	
2699	4.620000e-002	
2700	4.532500e-002	
2701	4.790000e-002	
2702	4.527500e-002	
2703	4.392500e-002	
2704	4.320000e-002	
2705	4.255000e-002	
2706	4.427500e-002	
2707	4.420000e-002	
2708	4.435000e-002	
2709	4.540000e-002	
2710	4.750000e-002	
2711	4.747500e-002	
2712	4.602500e-002	
2713	4.407500e-002	
2714	4.262500e-002	
2715	4.242500e-002	
2716	4.382500e-002	
2717	4.227500e-002	
2718	4.220000e-002	
2719	4.170000e-002	
2720	4.280000e-002	
2721	4.532500e-002	
2722	4.685000e-002	
2723	4.562500e-002	
2724	4.530000e-002	
2725	4.622500e-002	
2726	4.535000e-002	
2727	4.537500e-002	
2728	4.512500e-002	
2729	4.635000e-002	
2730	4.455000e-002	
2731	4.482500e-002	
2732	4.425000e-002	
2733	4.450000e-002	
2734	4.185000e-002	
2735	4.142500e-002	
2736	4.205000e-002	
2737	4.060000e-002	
2738	4.140000e-002	
2739	4.367500e-002	
2740	4.480000e-002	
2741	4.330000e-002	
2742	4.300000e-002	
2743	4.200000e-002	
2744	4.440000e-002	
2745	4.615000e-002	
2746	4.610000e-002	
2747	4.482500e-002	
2748	4.635000e-002	
2749	4.557500e-002	
2750	4.485000e-002	
2751	4.652500e-002	
2752	4.597500e-002	
2753	4.472500e-002	
2754	4.605000e-002	
2755	4.697500e-002	
2756	4.640000e-002	
2757	4.597500e-002	
2758	4.602500e-002	
2759	4.582500e-002	
2760	4.352500e-002	
2761	4.112500e-002	
2762	4.157500e-002	
2763	4.105000e-002	
2764	4.365000e-002	
2765	4.632500e-002	
2766	4.512500e-002	
2767	4.537500e-002	
2768	4.667500e-002	
2769	4.660000e-002	
2770	4.530000e-002	
2771	4.467500e-002	
2772	4.262500e-002	
2773	4.292500e-002	
2774	4.385000e-002	
2775	4.470000e-002	
2776	4.625000e-002	
2777	4.890000e-002	
2778	4.877500e-002	
2779	4.827500e-002	
2780	4.727500e-002	
2781	4.405000e-002	
2782	4.247500e-002	
2783	3.980000e-002	
2784	4.105000e-002	
2785	3.915000e-002	
2786	3.910000e-002	
2787	3.982500e-002	
2788	4.122500e-002	
2789	4.397500e-002	
2790	4.437500e-002	
2791	4.507500e-002	
2792	4.670000e-002	
2793	4.715000e-002	
2794	4.497500e-002	
2795	4.482500e-002	
2796	4.482500e-002	
2797	4.255000e-002	
2798	4.387500e-002	
2799	4.515000e-002	
2800	4.680000e-002	
2801	4.570000e-002	
2802	4.430000e-002	
2803	4.342500e-002	
2804	4.162500e-002	
2805	4.215000e-002	
2806	4.165000e-002	
2807	4.195000e-002	
2808	4.347500e-002	
2809	4.370000e-002	
2810	4.470000e-002	
2811	4.450000e-002	
2812	4.492500e-002	
2813	4.517500e-002	
2814	4.610000e-002	
2815	4.532500e-002	
2816	4.435000e-002	
2817	4.400000e-002	
2818	4.435000e-002	
2819	4.517500e-002	
2820	4.630000e-002	
2821	4.567500e-002	
2822	4.710000e-002	
2823	4.630000e-002	
2824	4.262500e-002	
2825	4.305000e-002	
2826	4.080000e-002	
2827	3.942500e-002	
2828	4.145000e-002	
2829	4.160000e-002	
2830	4.315000e-002	
2831	4.590000e-002	
2832	4.757500e-002	
2833	4.845000e-002	
2834	4.755000e-002	
2835	4.685000e-002	
2836	4.780000e-002	
2837	4.470000e-002	
2838	4.305000e-002	
2839	4.215000e-002	
2840	4.087500e-002	
2841	4.157500e-002	
2842	4.225000e-002	
2843	4.207500e-002	
2844	4.310000e-002	
2845	4.442500e-002	
2846	4.385000e-002	
2847	4.352500e-002	
2848	4.390000e-002	
2849	4.352500e-002	
2850	4.392500e-002	
2851	4.362500e-002	
2852	4.650000e-002	
2853	4.530000e-002	
2854	4.437500e-002	
2855	4.225000e-002	
2856	4.307500e-002	
2857	4.317500e-002	
2858	4.517500e-002	
2859	4.512500e-002	
2860	4.465000e-002	
2861	4.432500e-002	
2862	4.327500e-002	
2863	4.287500e-002	
2864	4.395000e-002	
2865	4.302500e-002	
2866	4.392500e-002	
2867	4.162500e-002	
2868	4.287500e-002	
2869	4.427500e-002	
2870	4.572500e-002	
2871	4.530000e-002	
2872	4.462500e-002	
2873	4.587500e-002	
2874	4.657500e-002	
2875	4.287500e-002	
2876	4.232500e-002	
2877	4.097500e-002	
2878	4.217500e-002	
2879	4.457500e-002	
2880	4.652500e-002	
2881	4.522500e-002	
2882	4.502500e-002	
2883	4.475000e-002	
2884	4.467500e-002	
2885	4.335000e-002	
2886	4.470000e-002	
2887	4.622500e-002	
2888	4.797500e-002	
2889	4.777500e-002	
2890	4.680000e-002	
2891	4.397500e-002	
2892	4.397500e-002	
2893	4.417500e-002	
2894	4.417500e-002	
2895	4.402500e-002	
2896	4.310000e-002	
2897	4.265000e-002	
2898	4.247500e-002	
2899	4.227500e-002	
2900	4.265000e-002	
2901	4.440000e-002	
2902	4.542500e-002	
2903	4.767500e-002	
2904	4.592500e-002	
2905	4.522500e-002	
2906	4.287500e-002	
2907	4.380000e-002	
2908	4.540000e-002	
2909	4.662500e-002	
2910	4.792500e-002	
2911	4.542500e-002	
2912	4.450000e-002	
2913	4.440000e-002	
2914	4.510000e-002	
2915	4.417500e-002	
2916	4.467500e-002	
2917	4.250000e-002	
2918	4.297500e-002	
2919	4.407500e-002	
2920	4.642500e-002	
2921	4.500000e-002	
2922	4.492500e-002	
2923	4.450000e-002	
2924	4.400000e-002	
2925	4.337500e-002	
2926	4.390000e-002	
2927	4.317500e-002	
2928	4.340000e-002	
2929	4.427500e-002	
2930	4.530000e-002	
2931	4.472500e-002	
2932	4.382500e-002	
2933	4.410000e-002	
2934	4.392500e-002	
2935	4.392500e-002	
2936	4.412500e-002	
2937	4.410000e-002	
2938	4.567500e-002	
2939	4.677500e-002	
2940	4.582500e-002	
2941	4.570000e-002	
2942	4.515000e-002	
2943	4.440000e-002	
2944	4.407500e-002	
2945	4.685000e-002	
2946	4.455000e-002	
2947	4.405000e-002	
2948	4.155000e-002	
2949	4.085000e-002	
2950	4.165000e-002	
2951	4.182500e-002	
2952	4.130000e-002	
2953	4.142500e-002	
2954	4.255000e-002	
2955	4.300000e-002	
2956	4.497500e-002	
2957	4.462500e-002	
2958	4.352500e-002	
2959	4.397500e-002	
2960	4.510000e-002	
2961	4.507500e-002	
2962	4.475000e-002	
2963	4.555000e-002	
2964	4.527500e-002	
2965	4.812500e-002	
2966	4.577500e-002	
2967	4.455000e-002	
2968	4.320000e-002	
2969	4.480000e-002	
2970	4.657500e-002	
2971	4.580000e-002	
2972	4.670000e-002	
2973	4.522500e-002	
2974	4.447500e-002	
2975	4.375000e-002	
2976	4.330000e-002	
2977	4.287500e-002	
2978	4.205000e-002	
2979	4.362500e-002	
2980	4.340000e-002	
2981	4.317500e-002	
2982	4.255000e-002	
2983	4.462500e-002	
2984	4.527500e-002	
2985	4.342500e-002	
2986	4.412500e-002	
2987	4.602500e-002	
2988	4.635000e-002	
2989	4.852500e-002	
2990	4.755000e-002	
2991	4.420000e-002	
2992	4.307500e-002	
2993	4.305000e-002	
2994	4.342500e-002	
2995	4.297500e-002	
2996	4.425000e-002	
2997	4.297500e-002	
2998	4.355000e-002	
2999	4.442500e-002	
3000	4.305000e-002	
3001	4.280000e-002	
