1	0	
2	5.000000e-005	
3	1.750000e-004	
4	5.500000e-004	
5	1.325000e-003	
6	2.150000e-003	
7	3.350000e-003	
8	5.675000e-003	
9	7.850000e-003	
10	1.082500e-002	
11	1.527500e-002	
12	1.895000e-002	
13	2.215000e-002	
14	2.672500e-002	
15	3.060000e-002	
16	3.437500e-002	
17	3.802500e-002	
18	4.130000e-002	
19	4.682500e-002	
20	5.140000e-002	
21	5.290000e-002	
22	5.305000e-002	
23	5.312500e-002	
24	5.282500e-002	
25	5.217500e-002	
26	5.102500e-002	
27	5.000000e-002	
28	5.262500e-002	
29	5.420000e-002	
30	5.387500e-002	
31	5.152500e-002	
32	5.082500e-002	
33	4.835000e-002	
34	4.660000e-002	
35	4.820000e-002	
36	4.657500e-002	
37	4.730000e-002	
38	5.022500e-002	
39	5.005000e-002	
40	4.827500e-002	
41	5.045000e-002	
42	5.040000e-002	
43	4.850000e-002	
44	4.970000e-002	
45	4.987500e-002	
46	4.860000e-002	
47	4.965000e-002	
48	4.820000e-002	
49	4.680000e-002	
50	4.775000e-002	
51	4.840000e-002	
52	4.847500e-002	
53	4.915000e-002	
54	5.120000e-002	
55	5.027500e-002	
56	5.005000e-002	
57	4.817500e-002	
58	4.715000e-002	
59	4.727500e-002	
60	4.597500e-002	
61	4.687500e-002	
62	4.890000e-002	
63	4.905000e-002	
64	5.097500e-002	
65	5.042500e-002	
66	5.042500e-002	
67	4.820000e-002	
68	4.752500e-002	
69	4.695000e-002	
70	4.655000e-002	
71	4.655000e-002	
72	4.707500e-002	
73	4.937500e-002	
74	4.820000e-002	
75	4.960000e-002	
76	4.940000e-002	
77	4.935000e-002	
78	5.040000e-002	
79	4.892500e-002	
80	4.770000e-002	
81	4.852500e-002	
82	4.665000e-002	
83	4.790000e-002	
84	4.735000e-002	
85	4.790000e-002	
86	4.952500e-002	
87	4.777500e-002	
88	4.807500e-002	
89	4.767500e-002	
90	4.860000e-002	
91	4.905000e-002	
92	4.945000e-002	
93	4.897500e-002	
94	4.897500e-002	
95	4.857500e-002	
96	4.885000e-002	
97	4.782500e-002	
98	4.787500e-002	
99	4.900000e-002	
100	4.815000e-002	
101	4.942500e-002	
102	5.000000e-002	
103	5.087500e-002	
104	4.887500e-002	
105	5.080000e-002	
106	5.020000e-002	
107	4.922500e-002	
108	4.910000e-002	
109	4.702500e-002	
110	4.617500e-002	
111	4.607500e-002	
112	4.682500e-002	
113	4.755000e-002	
114	4.980000e-002	
115	4.807500e-002	
116	4.825000e-002	
117	4.800000e-002	
118	4.800000e-002	
119	4.857500e-002	
120	5.010000e-002	
121	5.040000e-002	
122	5.120000e-002	
123	5.035000e-002	
124	4.810000e-002	
125	4.715000e-002	
126	4.472500e-002	
127	4.385000e-002	
128	4.402500e-002	
129	4.615000e-002	
130	4.645000e-002	
131	5.000000e-002	
132	4.860000e-002	
133	5.115000e-002	
134	5.215000e-002	
135	5.217500e-002	
136	5.120000e-002	
137	5.175000e-002	
138	4.902500e-002	
139	4.960000e-002	
140	4.972500e-002	
141	4.792500e-002	
142	4.750000e-002	
143	4.780000e-002	
144	4.775000e-002	
145	4.872500e-002	
146	4.842500e-002	
147	4.977500e-002	
148	4.872500e-002	
149	4.900000e-002	
150	5.017500e-002	
151	4.800000e-002	
152	4.787500e-002	
153	4.707500e-002	
154	4.680000e-002	
155	4.772500e-002	
156	4.595000e-002	
157	4.692500e-002	
158	4.562500e-002	
159	4.885000e-002	
160	5.122500e-002	
161	5.070000e-002	
162	4.842500e-002	
163	4.765000e-002	
164	4.635000e-002	
165	4.695000e-002	
166	4.917500e-002	
167	4.957500e-002	
168	4.927500e-002	
169	4.845000e-002	
170	4.790000e-002	
171	4.747500e-002	
172	4.610000e-002	
173	4.607500e-002	
174	4.615000e-002	
175	4.747500e-002	
176	4.885000e-002	
177	5.010000e-002	
178	4.860000e-002	
179	4.860000e-002	
180	4.892500e-002	
181	5.110000e-002	
182	5.010000e-002	
183	4.937500e-002	
184	4.957500e-002	
185	4.817500e-002	
186	4.872500e-002	
187	4.887500e-002	
188	4.837500e-002	
189	4.820000e-002	
190	4.805000e-002	
191	4.782500e-002	
192	4.892500e-002	
193	4.790000e-002	
194	4.790000e-002	
195	4.797500e-002	
196	4.855000e-002	
197	4.742500e-002	
198	4.905000e-002	
199	4.970000e-002	
200	5.002500e-002	
201	5.047500e-002	
202	5.077500e-002	
203	5.107500e-002	
204	5.282500e-002	
205	4.985000e-002	
206	4.945000e-002	
207	4.830000e-002	
208	4.657500e-002	
209	4.627500e-002	
210	4.542500e-002	
211	4.602500e-002	
212	4.685000e-002	
213	4.662500e-002	
214	4.670000e-002	
215	4.895000e-002	
216	5.090000e-002	
217	5.180000e-002	
218	5.147500e-002	
219	5.085000e-002	
220	5.022500e-002	
221	4.982500e-002	
222	5.057500e-002	
223	4.990000e-002	
224	4.767500e-002	
225	4.922500e-002	
226	4.800000e-002	
227	4.622500e-002	
228	4.672500e-002	
229	4.465000e-002	
230	4.595000e-002	
231	4.632500e-002	
232	4.907500e-002	
233	4.970000e-002	
234	4.837500e-002	
235	4.800000e-002	
236	4.670000e-002	
237	4.817500e-002	
238	4.907500e-002	
239	5.127500e-002	
240	5.067500e-002	
241	5.210000e-002	
242	5.085000e-002	
243	5.107500e-002	
244	5.142500e-002	
245	4.997500e-002	
246	4.862500e-002	
247	4.692500e-002	
248	4.615000e-002	
249	4.597500e-002	
250	4.685000e-002	
251	4.762500e-002	
252	4.550000e-002	
253	4.412500e-002	
254	4.655000e-002	
255	4.692500e-002	
256	4.992500e-002	
257	5.050000e-002	
258	5.000000e-002	
259	4.990000e-002	
260	5.045000e-002	
261	5.060000e-002	
262	4.962500e-002	
263	4.777500e-002	
264	4.805000e-002	
265	4.792500e-002	
266	4.447500e-002	
267	4.460000e-002	
268	4.422500e-002	
269	4.360000e-002	
270	4.402500e-002	
271	4.430000e-002	
272	4.565000e-002	
273	4.680000e-002	
274	4.892500e-002	
275	5.065000e-002	
276	5.197500e-002	
277	5.225000e-002	
278	5.320000e-002	
279	5.262500e-002	
280	5.155000e-002	
281	5.005000e-002	
282	4.952500e-002	
283	4.642500e-002	
284	4.365000e-002	
285	4.460000e-002	
286	4.267500e-002	
287	4.437500e-002	
288	4.620000e-002	
289	4.540000e-002	
290	4.942500e-002	
291	5.052500e-002	
292	5.347500e-002	
293	5.347500e-002	
294	5.345000e-002	
295	5.255000e-002	
296	4.952500e-002	
297	4.732500e-002	
298	4.642500e-002	
299	4.545000e-002	
300	4.485000e-002	
301	4.390000e-002	
302	4.672500e-002	
303	4.942500e-002	
304	5.042500e-002	
305	4.920000e-002	
306	4.965000e-002	
307	5.027500e-002	
308	5.072500e-002	
309	4.967500e-002	
310	4.875000e-002	
311	4.900000e-002	
312	4.695000e-002	
313	4.567500e-002	
314	4.565000e-002	
315	4.705000e-002	
316	4.820000e-002	
317	4.997500e-002	
318	5.172500e-002	
319	5.085000e-002	
320	5.167500e-002	
321	5.090000e-002	
322	5.170000e-002	
323	5.015000e-002	
324	5.020000e-002	
325	5.102500e-002	
326	4.990000e-002	
327	4.600000e-002	
328	4.575000e-002	
329	4.565000e-002	
330	4.427500e-002	
331	4.370000e-002	
332	4.502500e-002	
333	4.562500e-002	
334	4.657500e-002	
335	4.832500e-002	
336	5.145000e-002	
337	5.225000e-002	
338	5.372500e-002	
339	5.337500e-002	
340	5.090000e-002	
341	5.090000e-002	
342	4.867500e-002	
343	4.950000e-002	
344	4.717500e-002	
345	4.675000e-002	
346	4.525000e-002	
347	4.385000e-002	
348	4.435000e-002	
349	4.825000e-002	
350	4.817500e-002	
351	5.035000e-002	
352	5.152500e-002	
353	5.032500e-002	
354	4.920000e-002	
355	5.050000e-002	
356	5.015000e-002	
357	4.817500e-002	
358	4.757500e-002	
359	4.695000e-002	
360	4.675000e-002	
361	4.795000e-002	
362	4.805000e-002	
363	4.825000e-002	
364	4.815000e-002	
365	4.805000e-002	
366	4.940000e-002	
367	4.777500e-002	
368	4.635000e-002	
369	4.527500e-002	
370	4.610000e-002	
371	4.610000e-002	
372	4.725000e-002	
373	4.675000e-002	
374	4.715000e-002	
375	4.905000e-002	
376	4.985000e-002	
377	4.985000e-002	
378	5.152500e-002	
379	5.222500e-002	
380	4.997500e-002	
381	5.000000e-002	
382	4.940000e-002	
383	4.830000e-002	
384	4.782500e-002	
385	4.752500e-002	
386	4.630000e-002	
387	4.802500e-002	
388	4.652500e-002	
389	4.572500e-002	
390	4.812500e-002	
391	4.865000e-002	
392	4.945000e-002	
393	5.050000e-002	
394	5.105000e-002	
395	5.187500e-002	
396	5.092500e-002	
397	5.030000e-002	
398	4.945000e-002	
399	4.750000e-002	
400	4.537500e-002	
401	4.722500e-002	
402	4.725000e-002	
403	4.812500e-002	
404	4.840000e-002	
405	4.802500e-002	
406	4.852500e-002	
407	4.857500e-002	
408	4.820000e-002	
409	4.747500e-002	
410	4.852500e-002	
411	4.950000e-002	
412	5.125000e-002	
413	5.060000e-002	
414	4.885000e-002	
415	4.872500e-002	
416	4.932500e-002	
417	4.867500e-002	
418	4.982500e-002	
419	4.642500e-002	
420	4.730000e-002	
421	4.772500e-002	
422	4.837500e-002	
423	4.832500e-002	
424	4.867500e-002	
425	4.790000e-002	
426	4.862500e-002	
427	4.687500e-002	
428	4.790000e-002	
429	4.837500e-002	
430	5.002500e-002	
431	4.820000e-002	
432	4.857500e-002	
433	4.865000e-002	
434	4.810000e-002	
435	4.817500e-002	
436	4.777500e-002	
437	4.977500e-002	
438	5.005000e-002	
439	4.865000e-002	
440	4.690000e-002	
441	4.805000e-002	
442	4.730000e-002	
443	4.795000e-002	
444	4.972500e-002	
445	4.972500e-002	
446	4.840000e-002	
447	4.562500e-002	
448	4.565000e-002	
449	4.707500e-002	
450	4.635000e-002	
451	4.782500e-002	
452	4.800000e-002	
453	4.547500e-002	
454	4.855000e-002	
455	5.027500e-002	
456	4.822500e-002	
457	4.795000e-002	
458	4.787500e-002	
459	4.882500e-002	
460	4.887500e-002	
461	4.865000e-002	
462	4.877500e-002	
463	4.810000e-002	
464	4.742500e-002	
465	4.845000e-002	
466	4.855000e-002	
467	4.965000e-002	
468	5.122500e-002	
469	5.200000e-002	
470	4.925000e-002	
471	4.922500e-002	
472	4.922500e-002	
473	4.895000e-002	
474	4.765000e-002	
475	4.747500e-002	
476	4.525000e-002	
477	4.640000e-002	
478	4.770000e-002	
479	4.802500e-002	
480	4.910000e-002	
481	4.965000e-002	
482	5.047500e-002	
483	5.282500e-002	
484	5.327500e-002	
485	5.255000e-002	
486	5.090000e-002	
487	5.005000e-002	
488	5.070000e-002	
489	4.775000e-002	
490	4.580000e-002	
491	4.325000e-002	
492	4.190000e-002	
493	4.307500e-002	
494	4.457500e-002	
495	4.525000e-002	
496	4.502500e-002	
497	4.637500e-002	
498	4.790000e-002	
499	5.037500e-002	
500	5.042500e-002	
501	5.147500e-002	
502	5.145000e-002	
503	5.075000e-002	
504	5.005000e-002	
505	4.967500e-002	
506	5.000000e-002	
507	4.745000e-002	
508	4.732500e-002	
509	4.672500e-002	
510	4.590000e-002	
511	4.550000e-002	
512	4.587500e-002	
513	4.805000e-002	
514	4.807500e-002	
515	4.992500e-002	
516	5.077500e-002	
517	4.942500e-002	
518	5.042500e-002	
519	4.920000e-002	
520	4.780000e-002	
521	4.732500e-002	
522	4.855000e-002	
523	4.897500e-002	
524	4.770000e-002	
525	4.842500e-002	
526	4.882500e-002	
527	4.840000e-002	
528	4.672500e-002	
529	4.797500e-002	
530	4.977500e-002	
531	4.825000e-002	
532	4.847500e-002	
533	4.977500e-002	
534	4.855000e-002	
535	4.962500e-002	
536	5.075000e-002	
537	4.737500e-002	
538	4.722500e-002	
539	4.702500e-002	
540	4.575000e-002	
541	4.715000e-002	
542	4.690000e-002	
543	4.630000e-002	
544	4.867500e-002	
545	4.892500e-002	
546	4.790000e-002	
547	5.112500e-002	
548	5.237500e-002	
549	5.217500e-002	
550	4.940000e-002	
551	4.805000e-002	
552	4.680000e-002	
553	4.745000e-002	
554	4.962500e-002	
555	4.600000e-002	
556	4.610000e-002	
557	4.495000e-002	
558	4.542500e-002	
559	4.685000e-002	
560	4.792500e-002	
561	5.000000e-002	
562	5.067500e-002	
563	5.055000e-002	
564	4.900000e-002	
565	4.830000e-002	
566	5.062500e-002	
567	5.035000e-002	
568	4.940000e-002	
569	4.815000e-002	
570	4.707500e-002	
571	4.742500e-002	
572	4.890000e-002	
573	4.852500e-002	
574	4.810000e-002	
575	4.912500e-002	
576	4.950000e-002	
577	5.102500e-002	
578	4.792500e-002	
579	4.797500e-002	
580	4.960000e-002	
581	4.912500e-002	
582	4.852500e-002	
583	4.937500e-002	
584	5.017500e-002	
585	4.805000e-002	
586	4.932500e-002	
587	4.865000e-002	
588	4.782500e-002	
589	4.745000e-002	
590	4.747500e-002	
591	4.515000e-002	
592	4.537500e-002	
593	4.650000e-002	
594	4.792500e-002	
595	4.845000e-002	
596	5.017500e-002	
597	5.075000e-002	
598	5.017500e-002	
599	5.097500e-002	
600	5.020000e-002	
601	4.977500e-002	
602	5.040000e-002	
603	5.025000e-002	
604	4.787500e-002	
605	4.572500e-002	
606	4.470000e-002	
607	4.560000e-002	
608	4.687500e-002	
609	4.700000e-002	
610	4.830000e-002	
611	4.692500e-002	
612	4.720000e-002	
613	4.987500e-002	
614	5.110000e-002	
615	5.125000e-002	
616	5.210000e-002	
617	5.142500e-002	
618	4.847500e-002	
619	4.860000e-002	
620	4.780000e-002	
621	4.875000e-002	
622	4.747500e-002	
623	4.637500e-002	
624	4.542500e-002	
625	4.512500e-002	
626	4.580000e-002	
627	4.707500e-002	
628	4.912500e-002	
629	5.072500e-002	
630	5.135000e-002	
631	5.297500e-002	
632	5.340000e-002	
633	5.195000e-002	
634	4.880000e-002	
635	4.900000e-002	
636	4.875000e-002	
637	4.745000e-002	
638	4.700000e-002	
639	4.630000e-002	
640	4.587500e-002	
641	4.517500e-002	
642	4.675000e-002	
643	4.807500e-002	
644	4.877500e-002	
645	5.097500e-002	
646	5.227500e-002	
647	5.312500e-002	
648	5.262500e-002	
649	5.230000e-002	
650	5.135000e-002	
651	4.952500e-002	
652	4.822500e-002	
653	4.705000e-002	
654	4.692500e-002	
655	4.657500e-002	
656	4.520000e-002	
657	4.502500e-002	
658	4.435000e-002	
659	4.627500e-002	
660	5.022500e-002	
661	5.277500e-002	
662	5.370000e-002	
663	5.110000e-002	
664	4.975000e-002	
665	4.997500e-002	
666	5.000000e-002	
667	4.795000e-002	
668	4.877500e-002	
669	4.920000e-002	
670	4.632500e-002	
671	4.327500e-002	
672	4.522500e-002	
673	4.672500e-002	
674	4.762500e-002	
675	5.030000e-002	
676	5.125000e-002	
677	5.035000e-002	
678	5.042500e-002	
679	5.242500e-002	
680	5.097500e-002	
681	4.962500e-002	
682	4.782500e-002	
683	4.787500e-002	
684	4.737500e-002	
685	4.695000e-002	
686	4.785000e-002	
687	4.727500e-002	
688	4.775000e-002	
689	4.882500e-002	
690	4.975000e-002	
691	4.950000e-002	
692	4.950000e-002	
693	4.770000e-002	
694	4.687500e-002	
695	4.640000e-002	
696	4.747500e-002	
697	4.807500e-002	
698	4.855000e-002	
699	4.805000e-002	
700	4.795000e-002	
701	4.860000e-002	
702	4.587500e-002	
703	4.707500e-002	
704	4.857500e-002	
705	4.690000e-002	
706	4.857500e-002	
707	5.187500e-002	
708	5.375000e-002	
709	5.227500e-002	
710	5.072500e-002	
711	5.035000e-002	
712	4.687500e-002	
713	4.560000e-002	
714	4.505000e-002	
715	4.487500e-002	
716	4.600000e-002	
717	4.587500e-002	
718	4.677500e-002	
719	4.942500e-002	
720	5.135000e-002	
721	4.975000e-002	
722	5.067500e-002	
723	5.237500e-002	
724	5.257500e-002	
725	5.170000e-002	
726	5.145000e-002	
727	4.832500e-002	
728	4.850000e-002	
729	4.750000e-002	
730	4.800000e-002	
731	4.795000e-002	
732	4.920000e-002	
733	4.807500e-002	
734	4.760000e-002	
735	4.430000e-002	
736	4.677500e-002	
737	4.580000e-002	
738	4.607500e-002	
739	4.965000e-002	
740	5.090000e-002	
741	5.132500e-002	
742	5.130000e-002	
743	4.847500e-002	
744	4.742500e-002	
745	4.810000e-002	
746	4.597500e-002	
747	4.422500e-002	
748	4.280000e-002	
749	4.340000e-002	
750	4.375000e-002	
751	4.522500e-002	
752	4.680000e-002	
753	4.807500e-002	
754	5.080000e-002	
755	5.305000e-002	
756	5.212500e-002	
757	5.105000e-002	
758	5.310000e-002	
759	5.122500e-002	
760	5.015000e-002	
761	5.002500e-002	
762	4.822500e-002	
763	4.720000e-002	
764	4.742500e-002	
765	4.765000e-002	
766	4.827500e-002	
767	4.565000e-002	
768	4.675000e-002	
769	4.885000e-002	
770	4.950000e-002	
771	4.825000e-002	
772	4.770000e-002	
773	4.995000e-002	
774	5.035000e-002	
775	4.857500e-002	
776	4.877500e-002	
777	4.795000e-002	
778	4.800000e-002	
779	4.720000e-002	
780	4.677500e-002	
781	4.660000e-002	
782	4.440000e-002	
783	4.350000e-002	
784	4.192500e-002	
785	4.245000e-002	
786	4.632500e-002	
787	4.747500e-002	
788	4.942500e-002	
789	5.087500e-002	
790	5.292500e-002	
791	5.255000e-002	
792	5.315000e-002	
793	5.125000e-002	
794	5.012500e-002	
795	5.010000e-002	
796	4.855000e-002	
797	4.705000e-002	
798	4.725000e-002	
799	4.625000e-002	
800	4.595000e-002	
801	4.725000e-002	
802	4.820000e-002	
803	4.882500e-002	
804	4.815000e-002	
805	4.755000e-002	
806	4.835000e-002	
807	4.880000e-002	
808	4.702500e-002	
809	4.742500e-002	
810	4.752500e-002	
811	4.735000e-002	
812	4.802500e-002	
813	4.645000e-002	
814	4.795000e-002	
815	4.630000e-002	
816	4.640000e-002	
817	4.667500e-002	
818	4.775000e-002	
819	4.950000e-002	
820	4.957500e-002	
821	5.070000e-002	
822	5.062500e-002	
823	5.067500e-002	
824	5.055000e-002	
825	5.262500e-002	
826	5.087500e-002	
827	4.785000e-002	
828	4.840000e-002	
829	4.720000e-002	
830	4.650000e-002	
831	4.492500e-002	
832	4.490000e-002	
833	4.505000e-002	
834	4.765000e-002	
835	4.732500e-002	
836	4.927500e-002	
837	4.962500e-002	
838	4.890000e-002	
839	5.087500e-002	
840	5.232500e-002	
841	5.215000e-002	
842	4.930000e-002	
843	4.857500e-002	
844	4.822500e-002	
845	4.857500e-002	
846	4.657500e-002	
847	4.620000e-002	
848	4.485000e-002	
849	4.585000e-002	
850	4.522500e-002	
851	4.635000e-002	
852	4.977500e-002	
853	5.050000e-002	
854	5.072500e-002	
855	5.165000e-002	
856	5.132500e-002	
857	5.097500e-002	
858	5.082500e-002	
859	4.807500e-002	
860	4.585000e-002	
861	4.465000e-002	
862	4.515000e-002	
863	4.452500e-002	
864	4.630000e-002	
865	4.737500e-002	
866	4.715000e-002	
867	4.865000e-002	
868	5.040000e-002	
869	5.102500e-002	
870	5.012500e-002	
871	5.125000e-002	
872	5.210000e-002	
873	4.970000e-002	
874	4.912500e-002	
875	4.707500e-002	
876	4.692500e-002	
877	4.582500e-002	
878	4.857500e-002	
879	4.900000e-002	
880	5.067500e-002	
881	5.137500e-002	
882	4.982500e-002	
883	4.915000e-002	
884	4.932500e-002	
885	4.897500e-002	
886	4.932500e-002	
887	4.845000e-002	
888	4.850000e-002	
889	4.857500e-002	
890	4.705000e-002	
891	4.757500e-002	
892	4.782500e-002	
893	4.900000e-002	
894	5.037500e-002	
895	5.040000e-002	
896	5.005000e-002	
897	4.950000e-002	
898	5.065000e-002	
899	5.060000e-002	
900	4.920000e-002	
901	4.775000e-002	
902	4.670000e-002	
903	4.420000e-002	
904	4.577500e-002	
905	4.540000e-002	
906	4.775000e-002	
907	5.002500e-002	
908	4.935000e-002	
909	5.062500e-002	
910	5.082500e-002	
911	5.030000e-002	
912	5.037500e-002	
913	5.075000e-002	
914	5.112500e-002	
915	4.812500e-002	
916	4.627500e-002	
917	4.540000e-002	
918	4.580000e-002	
919	4.455000e-002	
920	4.640000e-002	
921	4.597500e-002	
922	4.827500e-002	
923	4.840000e-002	
924	5.005000e-002	
925	4.967500e-002	
926	4.967500e-002	
927	5.015000e-002	
928	5.140000e-002	
929	5.127500e-002	
930	4.865000e-002	
931	4.657500e-002	
932	4.360000e-002	
933	4.367500e-002	
934	4.482500e-002	
935	4.762500e-002	
936	4.765000e-002	
937	4.987500e-002	
938	5.075000e-002	
939	5.060000e-002	
940	5.205000e-002	
941	5.162500e-002	
942	5.150000e-002	
943	4.827500e-002	
944	4.620000e-002	
945	4.660000e-002	
946	4.575000e-002	
947	4.532500e-002	
948	4.447500e-002	
949	4.570000e-002	
950	4.780000e-002	
951	4.950000e-002	
952	5.077500e-002	
953	5.102500e-002	
954	4.980000e-002	
955	4.992500e-002	
956	4.965000e-002	
957	4.935000e-002	
958	4.842500e-002	
959	4.872500e-002	
960	4.612500e-002	
961	4.362500e-002	
962	4.480000e-002	
963	4.367500e-002	
964	4.430000e-002	
965	4.542500e-002	
966	4.667500e-002	
967	4.755000e-002	
968	4.927500e-002	
969	4.815000e-002	
970	4.945000e-002	
971	5.097500e-002	
972	5.160000e-002	
973	5.162500e-002	
974	5.075000e-002	
975	5.167500e-002	
976	4.872500e-002	
977	4.892500e-002	
978	4.647500e-002	
979	4.665000e-002	
980	4.565000e-002	
981	4.590000e-002	
982	4.560000e-002	
983	4.585000e-002	
984	4.667500e-002	
985	4.797500e-002	
986	4.895000e-002	
987	5.112500e-002	
988	5.000000e-002	
989	4.947500e-002	
990	4.802500e-002	
991	4.847500e-002	
992	4.940000e-002	
993	4.920000e-002	
994	4.832500e-002	
995	4.795000e-002	
996	4.627500e-002	
997	4.700000e-002	
998	4.537500e-002	
999	4.592500e-002	
1000	4.462500e-002	
1001	4.640000e-002	
1002	5.020000e-002	
1003	5.045000e-002	
1004	4.890000e-002	
1005	4.800000e-002	
1006	4.652500e-002	
1007	4.745000e-002	
1008	4.997500e-002	
1009	5.045000e-002	
1010	5.107500e-002	
1011	5.260000e-002	
1012	5.157500e-002	
1013	5.007500e-002	
1014	5.032500e-002	
1015	5.247500e-002	
1016	4.967500e-002	
1017	4.837500e-002	
1018	4.827500e-002	
1019	4.857500e-002	
1020	4.682500e-002	
1021	4.685000e-002	
1022	4.727500e-002	
1023	4.752500e-002	
1024	4.932500e-002	
1025	4.815000e-002	
1026	4.892500e-002	
1027	4.907500e-002	
1028	4.755000e-002	
1029	4.582500e-002	
1030	4.712500e-002	
1031	4.700000e-002	
1032	4.735000e-002	
1033	4.812500e-002	
1034	5.207500e-002	
1035	5.295000e-002	
1036	5.165000e-002	
1037	5.037500e-002	
1038	4.775000e-002	
1039	4.627500e-002	
1040	4.272500e-002	
1041	4.317500e-002	
1042	4.165000e-002	
1043	4.292500e-002	
1044	4.357500e-002	
1045	4.652500e-002	
1046	4.805000e-002	
1047	5.147500e-002	
1048	5.240000e-002	
1049	5.370000e-002	
1050	5.252500e-002	
1051	4.997500e-002	
1052	4.992500e-002	
1053	4.900000e-002	
1054	5.025000e-002	
1055	4.935000e-002	
1056	4.940000e-002	
1057	4.682500e-002	
1058	4.837500e-002	
1059	4.852500e-002	
1060	4.712500e-002	
1061	4.607500e-002	
1062	4.617500e-002	
1063	4.937500e-002	
1064	4.860000e-002	
1065	4.917500e-002	
1066	5.005000e-002	
1067	5.030000e-002	
1068	5.097500e-002	
1069	4.900000e-002	
1070	4.990000e-002	
1071	4.792500e-002	
1072	4.750000e-002	
1073	4.755000e-002	
1074	4.642500e-002	
1075	4.625000e-002	
1076	4.495000e-002	
1077	4.542500e-002	
1078	4.715000e-002	
1079	4.787500e-002	
1080	4.817500e-002	
1081	4.850000e-002	
1082	5.065000e-002	
1083	4.975000e-002	
1084	5.095000e-002	
1085	5.220000e-002	
1086	5.327500e-002	
1087	5.302500e-002	
1088	4.970000e-002	
1089	4.885000e-002	
1090	4.627500e-002	
1091	4.457500e-002	
1092	4.550000e-002	
1093	4.657500e-002	
1094	4.730000e-002	
1095	4.910000e-002	
1096	4.797500e-002	
1097	4.877500e-002	
1098	4.917500e-002	
1099	5.085000e-002	
1100	5.130000e-002	
1101	5.170000e-002	
1102	5.190000e-002	
1103	5.260000e-002	
1104	5.007500e-002	
1105	4.880000e-002	
1106	4.705000e-002	
1107	4.577500e-002	
1108	4.575000e-002	
1109	4.537500e-002	
1110	4.585000e-002	
1111	4.605000e-002	
1112	4.687500e-002	
1113	4.845000e-002	
1114	5.015000e-002	
1115	5.030000e-002	
1116	4.852500e-002	
1117	4.960000e-002	
1118	5.045000e-002	
1119	5.032500e-002	
1120	4.910000e-002	
1121	4.777500e-002	
1122	4.577500e-002	
1123	4.537500e-002	
1124	4.812500e-002	
1125	4.937500e-002	
1126	5.060000e-002	
1127	4.902500e-002	
1128	4.840000e-002	
1129	4.950000e-002	
1130	5.030000e-002	
1131	4.942500e-002	
1132	4.750000e-002	
1133	4.737500e-002	
1134	4.672500e-002	
1135	4.807500e-002	
1136	4.730000e-002	
1137	4.795000e-002	
1138	4.790000e-002	
1139	4.825000e-002	
1140	4.697500e-002	
1141	4.960000e-002	
1142	4.955000e-002	
1143	4.945000e-002	
1144	4.962500e-002	
1145	4.867500e-002	
1146	4.947500e-002	
1147	5.080000e-002	
1148	5.140000e-002	
1149	4.972500e-002	
1150	4.927500e-002	
1151	4.960000e-002	
1152	4.702500e-002	
1153	4.677500e-002	
1154	4.585000e-002	
1155	4.622500e-002	
1156	4.587500e-002	
1157	4.705000e-002	
1158	4.802500e-002	
1159	4.867500e-002	
1160	5.005000e-002	
1161	5.110000e-002	
1162	5.162500e-002	
1163	5.125000e-002	
1164	4.995000e-002	
1165	4.800000e-002	
1166	4.682500e-002	
1167	4.457500e-002	
1168	4.510000e-002	
1169	4.420000e-002	
1170	4.715000e-002	
1171	4.627500e-002	
1172	4.625000e-002	
1173	4.665000e-002	
1174	4.620000e-002	
1175	4.862500e-002	
1176	4.905000e-002	
1177	4.877500e-002	
1178	5.292500e-002	
1179	5.267500e-002	
1180	5.497500e-002	
1181	5.210000e-002	
1182	5.060000e-002	
1183	4.800000e-002	
1184	4.632500e-002	
1185	4.467500e-002	
1186	4.370000e-002	
1187	4.547500e-002	
1188	4.602500e-002	
1189	4.740000e-002	
1190	4.960000e-002	
1191	5.150000e-002	
1192	5.310000e-002	
1193	5.315000e-002	
1194	5.015000e-002	
1195	4.947500e-002	
1196	4.860000e-002	
1197	4.697500e-002	
1198	4.727500e-002	
1199	4.932500e-002	
1200	4.935000e-002	
1201	4.837500e-002	
1202	4.832500e-002	
1203	4.705000e-002	
1204	4.810000e-002	
1205	4.920000e-002	
1206	4.830000e-002	
1207	4.902500e-002	
1208	5.060000e-002	
1209	4.862500e-002	
1210	4.720000e-002	
1211	4.970000e-002	
1212	4.835000e-002	
1213	4.857500e-002	
1214	4.735000e-002	
1215	4.690000e-002	
1216	4.472500e-002	
1217	4.740000e-002	
1218	4.667500e-002	
1219	4.652500e-002	
1220	4.697500e-002	
1221	4.752500e-002	
1222	4.822500e-002	
1223	4.697500e-002	
1224	4.922500e-002	
1225	4.965000e-002	
1226	4.935000e-002	
1227	5.052500e-002	
1228	5.097500e-002	
1229	4.820000e-002	
1230	4.740000e-002	
1231	4.717500e-002	
1232	4.727500e-002	
1233	4.667500e-002	
1234	4.495000e-002	
1235	4.587500e-002	
1236	4.835000e-002	
1237	4.817500e-002	
1238	4.815000e-002	
1239	4.920000e-002	
1240	4.975000e-002	
1241	4.922500e-002	
1242	4.947500e-002	
1243	4.842500e-002	
1244	4.795000e-002	
1245	4.872500e-002	
1246	5.040000e-002	
1247	5.112500e-002	
1248	4.852500e-002	
1249	4.877500e-002	
1250	4.902500e-002	
1251	4.645000e-002	
1252	4.500000e-002	
1253	4.297500e-002	
1254	4.450000e-002	
1255	4.670000e-002	
1256	4.802500e-002	
1257	5.337500e-002	
1258	5.212500e-002	
1259	5.285000e-002	
1260	5.085000e-002	
1261	4.922500e-002	
1262	4.960000e-002	
1263	4.877500e-002	
1264	4.775000e-002	
1265	4.597500e-002	
1266	4.735000e-002	
1267	5.000000e-002	
1268	4.840000e-002	
1269	4.955000e-002	
1270	5.062500e-002	
1271	5.042500e-002	
1272	4.885000e-002	
1273	4.930000e-002	
1274	4.945000e-002	
1275	4.877500e-002	
1276	4.735000e-002	
1277	4.687500e-002	
1278	4.785000e-002	
1279	4.880000e-002	
1280	5.135000e-002	
1281	4.937500e-002	
1282	4.930000e-002	
1283	4.912500e-002	
1284	4.837500e-002	
1285	4.617500e-002	
1286	4.365000e-002	
1287	4.332500e-002	
1288	4.487500e-002	
1289	4.785000e-002	
1290	4.990000e-002	
1291	5.080000e-002	
1292	5.005000e-002	
1293	5.095000e-002	
1294	4.995000e-002	
1295	4.932500e-002	
1296	5.170000e-002	
1297	5.205000e-002	
1298	5.127500e-002	
1299	4.962500e-002	
1300	4.875000e-002	
1301	4.895000e-002	
1302	4.840000e-002	
1303	4.795000e-002	
1304	4.727500e-002	
1305	4.490000e-002	
1306	4.765000e-002	
1307	4.890000e-002	
1308	4.997500e-002	
1309	4.967500e-002	
1310	4.747500e-002	
1311	4.780000e-002	
1312	4.820000e-002	
1313	4.622500e-002	
1314	4.710000e-002	
1315	4.825000e-002	
1316	4.975000e-002	
1317	4.882500e-002	
1318	4.815000e-002	
1319	4.805000e-002	
1320	4.740000e-002	
1321	4.647500e-002	
1322	4.735000e-002	
1323	4.645000e-002	
1324	4.590000e-002	
1325	4.607500e-002	
1326	4.662500e-002	
1327	4.682500e-002	
1328	4.727500e-002	
1329	4.830000e-002	
1330	5.217500e-002	
1331	5.260000e-002	
1332	5.142500e-002	
1333	5.155000e-002	
1334	5.157500e-002	
1335	5.042500e-002	
1336	4.785000e-002	
1337	4.825000e-002	
1338	5.050000e-002	
1339	4.707500e-002	
1340	4.777500e-002	
1341	4.552500e-002	
1342	4.620000e-002	
1343	4.735000e-002	
1344	4.800000e-002	
1345	4.847500e-002	
1346	4.680000e-002	
1347	5.075000e-002	
1348	5.225000e-002	
1349	5.255000e-002	
1350	5.127500e-002	
1351	4.852500e-002	
1352	4.660000e-002	
1353	4.582500e-002	
1354	4.507500e-002	
1355	4.535000e-002	
1356	4.880000e-002	
1357	4.855000e-002	
1358	4.800000e-002	
1359	4.692500e-002	
1360	4.750000e-002	
1361	4.842500e-002	
1362	4.827500e-002	
1363	4.640000e-002	
1364	4.622500e-002	
1365	4.567500e-002	
1366	4.592500e-002	
1367	4.780000e-002	
1368	4.707500e-002	
1369	5.007500e-002	
1370	5.277500e-002	
1371	5.072500e-002	
1372	5.005000e-002	
1373	5.017500e-002	
1374	4.912500e-002	
1375	4.782500e-002	
1376	4.577500e-002	
1377	4.640000e-002	
1378	4.622500e-002	
1379	4.872500e-002	
1380	4.940000e-002	
1381	4.862500e-002	
1382	4.727500e-002	
1383	4.722500e-002	
1384	4.515000e-002	
1385	4.760000e-002	
1386	4.907500e-002	
1387	4.995000e-002	
1388	4.965000e-002	
1389	4.912500e-002	
1390	4.700000e-002	
1391	4.810000e-002	
1392	4.657500e-002	
1393	4.600000e-002	
1394	4.702500e-002	
1395	4.565000e-002	
1396	4.700000e-002	
1397	4.787500e-002	
1398	4.730000e-002	
1399	4.560000e-002	
1400	4.750000e-002	
1401	4.877500e-002	
1402	4.927500e-002	
1403	4.897500e-002	
1404	5.077500e-002	
1405	5.210000e-002	
1406	5.072500e-002	
1407	4.955000e-002	
1408	4.877500e-002	
1409	5.055000e-002	
1410	4.960000e-002	
1411	4.640000e-002	
1412	4.800000e-002	
1413	4.610000e-002	
1414	4.630000e-002	
1415	4.567500e-002	
1416	4.690000e-002	
1417	4.950000e-002	
1418	5.027500e-002	
1419	5.117500e-002	
1420	5.065000e-002	
1421	4.842500e-002	
1422	4.875000e-002	
1423	4.792500e-002	
1424	4.827500e-002	
1425	4.882500e-002	
1426	4.785000e-002	
1427	4.852500e-002	
1428	4.975000e-002	
1429	5.165000e-002	
1430	5.040000e-002	
1431	5.050000e-002	
1432	4.927500e-002	
1433	4.840000e-002	
1434	4.695000e-002	
1435	4.677500e-002	
1436	4.725000e-002	
1437	4.820000e-002	
1438	4.767500e-002	
1439	4.932500e-002	
1440	4.960000e-002	
1441	4.957500e-002	
1442	4.997500e-002	
1443	5.077500e-002	
1444	5.030000e-002	
1445	4.997500e-002	
1446	4.872500e-002	
1447	4.990000e-002	
1448	4.817500e-002	
1449	4.972500e-002	
1450	5.030000e-002	
1451	5.047500e-002	
1452	4.882500e-002	
1453	4.795000e-002	
1454	4.760000e-002	
1455	4.610000e-002	
1456	4.445000e-002	
1457	4.512500e-002	
1458	4.502500e-002	
1459	4.530000e-002	
1460	4.587500e-002	
1461	4.760000e-002	
1462	4.855000e-002	
1463	4.827500e-002	
1464	4.847500e-002	
1465	5.067500e-002	
1466	4.947500e-002	
1467	4.977500e-002	
1468	4.942500e-002	
1469	4.725000e-002	
1470	4.702500e-002	
1471	4.750000e-002	
1472	4.927500e-002	
1473	5.160000e-002	
1474	4.957500e-002	
1475	4.772500e-002	
1476	4.637500e-002	
1477	4.480000e-002	
1478	4.747500e-002	
1479	4.965000e-002	
1480	5.025000e-002	
1481	5.037500e-002	
1482	5.105000e-002	
1483	4.877500e-002	
1484	4.787500e-002	
1485	4.632500e-002	
1486	4.812500e-002	
1487	4.730000e-002	
1488	4.722500e-002	
1489	4.637500e-002	
1490	4.685000e-002	
1491	4.772500e-002	
1492	4.872500e-002	
1493	5.002500e-002	
1494	4.925000e-002	
1495	4.975000e-002	
1496	4.860000e-002	
1497	4.947500e-002	
1498	5.005000e-002	
1499	4.967500e-002	
1500	4.940000e-002	
1501	4.892500e-002	
1502	4.997500e-002	
1503	4.942500e-002	
1504	4.722500e-002	
1505	4.495000e-002	
1506	4.465000e-002	
1507	4.385000e-002	
1508	4.582500e-002	
1509	4.617500e-002	
1510	4.805000e-002	
1511	4.715000e-002	
1512	4.627500e-002	
1513	4.700000e-002	
1514	4.825000e-002	
1515	4.792500e-002	
1516	4.777500e-002	
1517	5.122500e-002	
1518	5.197500e-002	
1519	5.137500e-002	
1520	5.260000e-002	
1521	4.987500e-002	
1522	4.985000e-002	
1523	4.947500e-002	
1524	4.865000e-002	
1525	4.807500e-002	
1526	4.667500e-002	
1527	4.692500e-002	
1528	4.600000e-002	
1529	4.817500e-002	
1530	4.965000e-002	
1531	4.905000e-002	
1532	5.162500e-002	
1533	4.912500e-002	
1534	4.990000e-002	
1535	5.117500e-002	
1536	5.137500e-002	
1537	5.037500e-002	
1538	5.110000e-002	
1539	5.030000e-002	
1540	4.940000e-002	
1541	4.640000e-002	
1542	4.562500e-002	
1543	4.345000e-002	
1544	4.452500e-002	
1545	4.625000e-002	
1546	4.647500e-002	
1547	4.715000e-002	
1548	4.835000e-002	
1549	5.022500e-002	
1550	4.972500e-002	
1551	5.075000e-002	
1552	5.102500e-002	
1553	5.100000e-002	
1554	4.975000e-002	
1555	4.850000e-002	
1556	4.472500e-002	
1557	4.267500e-002	
1558	4.442500e-002	
1559	4.395000e-002	
1560	4.632500e-002	
1561	4.620000e-002	
1562	4.722500e-002	
1563	4.787500e-002	
1564	4.985000e-002	
1565	5.157500e-002	
1566	5.477500e-002	
1567	5.435000e-002	
1568	5.532500e-002	
1569	5.350000e-002	
1570	5.092500e-002	
1571	4.952500e-002	
1572	4.890000e-002	
1573	4.775000e-002	
1574	4.470000e-002	
1575	4.617500e-002	
1576	4.552500e-002	
1577	4.440000e-002	
1578	4.370000e-002	
1579	4.247500e-002	
1580	4.500000e-002	
1581	4.662500e-002	
1582	4.830000e-002	
1583	5.090000e-002	
1584	5.095000e-002	
1585	5.060000e-002	
1586	5.270000e-002	
1587	5.267500e-002	
1588	5.155000e-002	
1589	5.060000e-002	
1590	4.895000e-002	
1591	4.815000e-002	
1592	4.900000e-002	
1593	4.687500e-002	
1594	4.720000e-002	
1595	4.717500e-002	
1596	4.772500e-002	
1597	4.855000e-002	
1598	4.900000e-002	
1599	4.840000e-002	
1600	4.952500e-002	
1601	4.992500e-002	
1602	4.935000e-002	
1603	4.932500e-002	
1604	4.870000e-002	
1605	4.905000e-002	
1606	5.012500e-002	
1607	4.867500e-002	
1608	4.900000e-002	
1609	4.680000e-002	
1610	4.715000e-002	
1611	4.767500e-002	
1612	4.765000e-002	
1613	4.970000e-002	
1614	5.190000e-002	
1615	4.775000e-002	
1616	4.670000e-002	
1617	4.612500e-002	
1618	4.562500e-002	
1619	4.722500e-002	
1620	4.727500e-002	
1621	5.000000e-002	
1622	4.865000e-002	
1623	4.845000e-002	
1624	4.920000e-002	
1625	4.715000e-002	
1626	4.715000e-002	
1627	4.862500e-002	
1628	5.015000e-002	
1629	4.892500e-002	
1630	4.955000e-002	
1631	4.952500e-002	
1632	4.710000e-002	
1633	4.650000e-002	
1634	4.527500e-002	
1635	4.445000e-002	
1636	4.717500e-002	
1637	4.700000e-002	
1638	4.765000e-002	
1639	4.790000e-002	
1640	4.867500e-002	
1641	4.915000e-002	
1642	4.852500e-002	
1643	4.822500e-002	
1644	4.865000e-002	
1645	5.122500e-002	
1646	5.332500e-002	
1647	5.382500e-002	
1648	5.365000e-002	
1649	5.150000e-002	
1650	4.995000e-002	
1651	5.000000e-002	
1652	4.702500e-002	
1653	4.597500e-002	
1654	4.622500e-002	
1655	4.542500e-002	
1656	4.670000e-002	
1657	4.652500e-002	
1658	4.650000e-002	
1659	4.792500e-002	
1660	4.825000e-002	
1661	4.905000e-002	
1662	5.005000e-002	
1663	5.050000e-002	
1664	5.230000e-002	
1665	5.442500e-002	
1666	5.265000e-002	
1667	5.095000e-002	
1668	4.802500e-002	
1669	4.530000e-002	
1670	4.382500e-002	
1671	4.270000e-002	
1672	4.232500e-002	
1673	4.345000e-002	
1674	4.422500e-002	
1675	4.500000e-002	
1676	4.785000e-002	
1677	5.035000e-002	
1678	5.160000e-002	
1679	5.320000e-002	
1680	5.262500e-002	
1681	5.137500e-002	
1682	5.017500e-002	
1683	4.917500e-002	
1684	4.815000e-002	
1685	4.665000e-002	
1686	4.620000e-002	
1687	4.525000e-002	
1688	4.345000e-002	
1689	4.277500e-002	
1690	4.315000e-002	
1691	4.382500e-002	
1692	4.690000e-002	
1693	5.135000e-002	
1694	4.865000e-002	
1695	5.005000e-002	
1696	5.150000e-002	
1697	5.287500e-002	
1698	5.465000e-002	
1699	5.550000e-002	
1700	5.477500e-002	
1701	5.270000e-002	
1702	4.960000e-002	
1703	4.655000e-002	
1704	4.502500e-002	
1705	4.392500e-002	
1706	4.395000e-002	
1707	4.332500e-002	
1708	4.470000e-002	
1709	4.527500e-002	
1710	4.765000e-002	
1711	5.040000e-002	
1712	5.192500e-002	
1713	4.972500e-002	
1714	4.910000e-002	
1715	4.915000e-002	
1716	4.867500e-002	
1717	4.860000e-002	
1718	4.845000e-002	
1719	4.655000e-002	
1720	4.505000e-002	
1721	4.407500e-002	
1722	4.492500e-002	
1723	4.535000e-002	
1724	4.737500e-002	
1725	4.522500e-002	
1726	4.747500e-002	
1727	4.875000e-002	
1728	4.720000e-002	
1729	4.830000e-002	
1730	4.800000e-002	
1731	5.022500e-002	
1732	5.215000e-002	
1733	5.240000e-002	
1734	5.270000e-002	
1735	5.282500e-002	
1736	5.270000e-002	
1737	5.060000e-002	
1738	4.982500e-002	
1739	4.900000e-002	
1740	4.712500e-002	
1741	4.637500e-002	
1742	4.662500e-002	
1743	4.650000e-002	
1744	4.535000e-002	
1745	4.595000e-002	
1746	4.517500e-002	
1747	4.535000e-002	
1748	4.782500e-002	
1749	5.090000e-002	
1750	5.177500e-002	
1751	5.180000e-002	
1752	4.985000e-002	
1753	4.972500e-002	
1754	4.867500e-002	
1755	4.795000e-002	
1756	4.825000e-002	
1757	4.910000e-002	
1758	4.892500e-002	
1759	4.627500e-002	
1760	4.465000e-002	
1761	4.570000e-002	
1762	4.682500e-002	
1763	4.692500e-002	
1764	4.627500e-002	
1765	4.875000e-002	
1766	4.807500e-002	
1767	5.100000e-002	
1768	5.132500e-002	
1769	5.007500e-002	
1770	4.927500e-002	
1771	4.837500e-002	
1772	4.942500e-002	
1773	5.007500e-002	
1774	4.895000e-002	
1775	4.705000e-002	
1776	4.805000e-002	
1777	4.972500e-002	
1778	4.852500e-002	
1779	4.667500e-002	
1780	4.865000e-002	
1781	4.895000e-002	
1782	4.940000e-002	
1783	4.830000e-002	
1784	4.850000e-002	
1785	4.817500e-002	
1786	4.910000e-002	
1787	4.835000e-002	
1788	4.690000e-002	
1789	4.727500e-002	
1790	4.665000e-002	
1791	4.710000e-002	
1792	4.870000e-002	
1793	4.760000e-002	
1794	4.830000e-002	
1795	4.905000e-002	
1796	4.922500e-002	
1797	4.785000e-002	
1798	4.742500e-002	
1799	4.712500e-002	
1800	4.620000e-002	
1801	4.800000e-002	
1802	4.837500e-002	
1803	4.970000e-002	
1804	4.870000e-002	
1805	5.100000e-002	
1806	5.140000e-002	
1807	4.985000e-002	
1808	5.105000e-002	
1809	5.200000e-002	
1810	5.187500e-002	
1811	4.890000e-002	
1812	4.785000e-002	
1813	4.572500e-002	
1814	4.417500e-002	
1815	4.370000e-002	
1816	4.457500e-002	
1817	4.515000e-002	
1818	4.537500e-002	
1819	4.667500e-002	
1820	4.857500e-002	
1821	4.975000e-002	
1822	4.952500e-002	
1823	5.005000e-002	
1824	5.150000e-002	
1825	5.185000e-002	
1826	4.980000e-002	
1827	4.820000e-002	
1828	4.772500e-002	
1829	4.825000e-002	
1830	4.770000e-002	
1831	4.687500e-002	
1832	4.600000e-002	
1833	4.885000e-002	
1834	5.002500e-002	
1835	5.117500e-002	
1836	5.085000e-002	
1837	4.870000e-002	
1838	4.610000e-002	
1839	4.750000e-002	
1840	5.030000e-002	
1841	4.757500e-002	
1842	4.620000e-002	
1843	4.697500e-002	
1844	4.600000e-002	
1845	4.667500e-002	
1846	4.625000e-002	
1847	4.625000e-002	
1848	4.767500e-002	
1849	4.892500e-002	
1850	4.897500e-002	
1851	4.962500e-002	
1852	4.915000e-002	
1853	4.940000e-002	
1854	4.915000e-002	
1855	5.050000e-002	
1856	5.125000e-002	
1857	5.030000e-002	
1858	4.855000e-002	
1859	5.017500e-002	
1860	5.095000e-002	
1861	4.872500e-002	
1862	4.522500e-002	
1863	4.685000e-002	
1864	4.595000e-002	
1865	4.632500e-002	
1866	4.617500e-002	
1867	4.917500e-002	
1868	5.090000e-002	
1869	5.085000e-002	
1870	4.947500e-002	
1871	5.050000e-002	
1872	4.895000e-002	
1873	4.710000e-002	
1874	4.552500e-002	
1875	4.530000e-002	
1876	4.477500e-002	
1877	4.767500e-002	
1878	4.742500e-002	
1879	4.812500e-002	
1880	4.817500e-002	
1881	4.692500e-002	
1882	4.840000e-002	
1883	5.160000e-002	
1884	5.190000e-002	
1885	5.215000e-002	
1886	5.187500e-002	
1887	5.135000e-002	
1888	5.007500e-002	
1889	4.900000e-002	
1890	4.745000e-002	
1891	4.562500e-002	
1892	4.412500e-002	
1893	4.380000e-002	
1894	4.497500e-002	
1895	4.562500e-002	
1896	4.550000e-002	
1897	4.785000e-002	
1898	4.900000e-002	
1899	4.787500e-002	
1900	4.817500e-002	
1901	5.140000e-002	
1902	5.220000e-002	
1903	5.100000e-002	
1904	4.897500e-002	
1905	4.710000e-002	
1906	4.405000e-002	
1907	4.242500e-002	
1908	4.322500e-002	
1909	4.325000e-002	
1910	4.442500e-002	
1911	4.580000e-002	
1912	4.892500e-002	
1913	5.040000e-002	
1914	5.215000e-002	
1915	5.202500e-002	
1916	5.382500e-002	
1917	5.360000e-002	
1918	5.167500e-002	
1919	4.922500e-002	
1920	4.555000e-002	
1921	4.735000e-002	
1922	4.760000e-002	
1923	4.697500e-002	
1924	4.790000e-002	
1925	4.985000e-002	
1926	5.060000e-002	
1927	5.017500e-002	
1928	5.122500e-002	
1929	5.025000e-002	
1930	5.032500e-002	
1931	5.050000e-002	
1932	4.822500e-002	
1933	4.422500e-002	
1934	4.365000e-002	
1935	4.415000e-002	
1936	4.570000e-002	
1937	4.710000e-002	
1938	4.717500e-002	
1939	4.810000e-002	
1940	4.805000e-002	
1941	4.837500e-002	
1942	4.745000e-002	
1943	4.697500e-002	
1944	4.655000e-002	
1945	4.872500e-002	
1946	5.080000e-002	
1947	5.050000e-002	
1948	4.877500e-002	
1949	4.982500e-002	
1950	5.017500e-002	
1951	4.940000e-002	
1952	4.890000e-002	
1953	4.810000e-002	
1954	4.800000e-002	
1955	4.585000e-002	
1956	4.937500e-002	
1957	5.045000e-002	
1958	5.055000e-002	
1959	5.020000e-002	
1960	4.827500e-002	
1961	4.825000e-002	
1962	4.885000e-002	
1963	4.770000e-002	
1964	4.852500e-002	
1965	4.947500e-002	
1966	4.867500e-002	
1967	4.802500e-002	
1968	4.877500e-002	
1969	4.645000e-002	
1970	4.750000e-002	
1971	4.770000e-002	
1972	4.767500e-002	
1973	4.652500e-002	
1974	4.810000e-002	
1975	4.972500e-002	
1976	4.965000e-002	
1977	5.070000e-002	
1978	4.967500e-002	
1979	4.780000e-002	
1980	4.707500e-002	
1981	4.877500e-002	
1982	5.297500e-002	
1983	5.355000e-002	
1984	5.112500e-002	
1985	5.000000e-002	
1986	4.802500e-002	
1987	4.827500e-002	
1988	4.895000e-002	
1989	4.810000e-002	
1990	4.720000e-002	
1991	4.560000e-002	
1992	4.515000e-002	
1993	4.580000e-002	
1994	4.737500e-002	
1995	4.772500e-002	
1996	4.870000e-002	
1997	5.030000e-002	
1998	5.015000e-002	
1999	5.000000e-002	
2000	5.010000e-002	
2001	4.965000e-002	
2002	4.962500e-002	
2003	4.732500e-002	
2004	4.450000e-002	
2005	4.322500e-002	
2006	4.460000e-002	
2007	4.617500e-002	
2008	4.510000e-002	
2009	4.702500e-002	
2010	4.830000e-002	
2011	5.080000e-002	
2012	5.065000e-002	
2013	5.337500e-002	
2014	5.235000e-002	
2015	5.000000e-002	
2016	5.080000e-002	
2017	4.862500e-002	
2018	4.602500e-002	
2019	4.517500e-002	
2020	4.637500e-002	
2021	4.762500e-002	
2022	4.752500e-002	
2023	4.747500e-002	
2024	4.592500e-002	
2025	4.852500e-002	
2026	5.007500e-002	
2027	5.075000e-002	
2028	5.132500e-002	
2029	5.140000e-002	
2030	5.150000e-002	
2031	5.122500e-002	
2032	5.127500e-002	
2033	4.837500e-002	
2034	4.625000e-002	
2035	4.547500e-002	
2036	4.602500e-002	
2037	4.692500e-002	
2038	4.657500e-002	
2039	4.795000e-002	
2040	4.605000e-002	
2041	4.797500e-002	
2042	4.967500e-002	
2043	5.062500e-002	
2044	4.917500e-002	
2045	4.775000e-002	
2046	4.932500e-002	
2047	4.620000e-002	
2048	4.705000e-002	
2049	4.692500e-002	
2050	4.670000e-002	
2051	4.665000e-002	
2052	4.800000e-002	
2053	4.727500e-002	
2054	4.652500e-002	
2055	4.680000e-002	
2056	4.770000e-002	
2057	5.012500e-002	
2058	4.865000e-002	
2059	4.880000e-002	
2060	4.827500e-002	
2061	4.922500e-002	
2062	4.910000e-002	
2063	5.040000e-002	
2064	4.977500e-002	
2065	4.727500e-002	
2066	4.982500e-002	
2067	4.930000e-002	
2068	4.755000e-002	
2069	4.710000e-002	
2070	4.715000e-002	
2071	4.802500e-002	
2072	4.837500e-002	
2073	4.737500e-002	
2074	4.650000e-002	
2075	4.630000e-002	
2076	4.875000e-002	
2077	4.912500e-002	
2078	4.852500e-002	
2079	4.772500e-002	
2080	4.767500e-002	
2081	4.785000e-002	
2082	4.715000e-002	
2083	4.642500e-002	
2084	4.822500e-002	
2085	5.005000e-002	
2086	4.740000e-002	
2087	4.675000e-002	
2088	4.835000e-002	
2089	5.147500e-002	
2090	5.152500e-002	
2091	5.027500e-002	
2092	4.872500e-002	
2093	4.810000e-002	
2094	4.665000e-002	
2095	4.787500e-002	
2096	4.630000e-002	
2097	4.605000e-002	
2098	4.765000e-002	
2099	4.765000e-002	
2100	4.875000e-002	
2101	4.912500e-002	
2102	4.872500e-002	
2103	4.872500e-002	
2104	4.910000e-002	
2105	4.952500e-002	
2106	4.722500e-002	
2107	4.705000e-002	
2108	4.672500e-002	
2109	4.705000e-002	
2110	4.655000e-002	
2111	4.780000e-002	
2112	4.892500e-002	
2113	4.872500e-002	
2114	4.955000e-002	
2115	4.897500e-002	
2116	5.190000e-002	
2117	5.177500e-002	
2118	5.067500e-002	
2119	4.850000e-002	
2120	4.775000e-002	
2121	4.687500e-002	
2122	4.802500e-002	
2123	4.640000e-002	
2124	4.667500e-002	
2125	4.505000e-002	
2126	4.440000e-002	
2127	4.577500e-002	
2128	4.837500e-002	
2129	4.977500e-002	
2130	5.102500e-002	
2131	5.087500e-002	
2132	4.825000e-002	
2133	4.800000e-002	
2134	4.835000e-002	
2135	4.970000e-002	
2136	5.002500e-002	
2137	4.757500e-002	
2138	4.695000e-002	
2139	4.695000e-002	
2140	4.792500e-002	
2141	4.527500e-002	
2142	4.752500e-002	
2143	4.692500e-002	
2144	4.657500e-002	
2145	4.567500e-002	
2146	4.610000e-002	
2147	4.662500e-002	
2148	4.782500e-002	
2149	4.810000e-002	
2150	4.782500e-002	
2151	5.030000e-002	
2152	5.297500e-002	
2153	5.177500e-002	
2154	4.952500e-002	
2155	4.607500e-002	
2156	4.495000e-002	
2157	4.562500e-002	
2158	4.665000e-002	
2159	4.877500e-002	
2160	5.030000e-002	
2161	5.082500e-002	
2162	4.860000e-002	
2163	4.935000e-002	
2164	4.920000e-002	
2165	4.895000e-002	
2166	4.867500e-002	
2167	4.677500e-002	
2168	4.642500e-002	
2169	4.700000e-002	
2170	4.845000e-002	
2171	4.735000e-002	
2172	4.887500e-002	
2173	5.112500e-002	
2174	5.012500e-002	
2175	5.132500e-002	
2176	5.122500e-002	
2177	4.875000e-002	
2178	4.775000e-002	
2179	4.812500e-002	
2180	4.657500e-002	
2181	4.875000e-002	
2182	4.957500e-002	
2183	4.975000e-002	
2184	4.867500e-002	
2185	4.852500e-002	
2186	4.732500e-002	
2187	4.845000e-002	
2188	4.765000e-002	
2189	4.797500e-002	
2190	4.607500e-002	
2191	4.645000e-002	
2192	4.880000e-002	
2193	5.092500e-002	
2194	4.925000e-002	
2195	4.877500e-002	
2196	4.897500e-002	
2197	4.872500e-002	
2198	4.895000e-002	
2199	5.042500e-002	
2200	4.930000e-002	
2201	4.712500e-002	
2202	4.717500e-002	
2203	4.597500e-002	
2204	4.610000e-002	
2205	4.685000e-002	
2206	4.865000e-002	
2207	5.002500e-002	
2208	4.977500e-002	
2209	5.027500e-002	
2210	5.150000e-002	
2211	5.137500e-002	
2212	5.145000e-002	
2213	4.967500e-002	
2214	4.680000e-002	
2215	4.672500e-002	
2216	4.562500e-002	
2217	4.547500e-002	
2218	4.672500e-002	
2219	4.842500e-002	
2220	4.935000e-002	
2221	4.827500e-002	
2222	4.897500e-002	
2223	4.802500e-002	
2224	4.777500e-002	
2225	4.835000e-002	
2226	4.615000e-002	
2227	4.775000e-002	
2228	4.795000e-002	
2229	4.945000e-002	
2230	4.905000e-002	
2231	4.750000e-002	
2232	4.785000e-002	
2233	4.775000e-002	
2234	4.752500e-002	
2235	4.912500e-002	
2236	4.885000e-002	
2237	4.945000e-002	
2238	4.672500e-002	
2239	4.647500e-002	
2240	4.750000e-002	
2241	4.852500e-002	
2242	4.917500e-002	
2243	5.002500e-002	
2244	5.180000e-002	
2245	5.000000e-002	
2246	4.885000e-002	
2247	5.037500e-002	
2248	5.035000e-002	
2249	5.102500e-002	
2250	4.887500e-002	
2251	4.680000e-002	
2252	4.655000e-002	
2253	4.650000e-002	
2254	4.507500e-002	
2255	4.557500e-002	
2256	4.777500e-002	
2257	4.942500e-002	
2258	5.017500e-002	
2259	4.940000e-002	
2260	4.852500e-002	
2261	4.882500e-002	
2262	5.062500e-002	
2263	5.080000e-002	
2264	4.962500e-002	
2265	4.817500e-002	
2266	4.777500e-002	
2267	4.492500e-002	
2268	4.350000e-002	
2269	4.732500e-002	
2270	4.820000e-002	
2271	4.850000e-002	
2272	4.840000e-002	
2273	4.837500e-002	
2274	4.980000e-002	
2275	5.050000e-002	
2276	4.930000e-002	
2277	4.997500e-002	
2278	4.952500e-002	
2279	4.800000e-002	
2280	4.745000e-002	
2281	4.680000e-002	
2282	4.602500e-002	
2283	4.800000e-002	
2284	4.802500e-002	
2285	4.897500e-002	
2286	4.930000e-002	
2287	4.890000e-002	
2288	4.900000e-002	
2289	5.055000e-002	
2290	5.055000e-002	
2291	4.875000e-002	
2292	4.825000e-002	
2293	4.790000e-002	
2294	4.767500e-002	
2295	4.727500e-002	
2296	4.837500e-002	
2297	4.607500e-002	
2298	4.697500e-002	
2299	4.857500e-002	
2300	4.707500e-002	
2301	4.880000e-002	
2302	5.147500e-002	
2303	5.150000e-002	
2304	4.995000e-002	
2305	5.215000e-002	
2306	5.147500e-002	
2307	5.090000e-002	
2308	5.115000e-002	
2309	4.735000e-002	
2310	4.875000e-002	
2311	4.937500e-002	
2312	4.977500e-002	
2313	4.827500e-002	
2314	4.802500e-002	
2315	4.742500e-002	
2316	4.887500e-002	
2317	4.862500e-002	
2318	4.855000e-002	
2319	4.925000e-002	
2320	4.940000e-002	
2321	4.945000e-002	
2322	4.820000e-002	
2323	4.812500e-002	
2324	4.860000e-002	
2325	4.877500e-002	
2326	4.985000e-002	
2327	4.830000e-002	
2328	4.822500e-002	
2329	4.707500e-002	
2330	4.700000e-002	
2331	4.680000e-002	
2332	4.767500e-002	
2333	5.012500e-002	
2334	5.022500e-002	
2335	4.917500e-002	
2336	5.045000e-002	
2337	4.835000e-002	
2338	4.560000e-002	
2339	4.530000e-002	
2340	4.715000e-002	
2341	4.770000e-002	
2342	4.927500e-002	
2343	4.855000e-002	
2344	4.705000e-002	
2345	4.775000e-002	
2346	4.655000e-002	
2347	4.980000e-002	
2348	5.040000e-002	
2349	5.077500e-002	
2350	4.992500e-002	
2351	5.007500e-002	
2352	5.007500e-002	
2353	4.832500e-002	
2354	4.855000e-002	
2355	4.965000e-002	
2356	4.892500e-002	
2357	4.727500e-002	
2358	4.790000e-002	
2359	4.815000e-002	
2360	4.760000e-002	
2361	4.627500e-002	
2362	4.775000e-002	
2363	4.865000e-002	
2364	4.822500e-002	
2365	4.970000e-002	
2366	5.227500e-002	
2367	5.110000e-002	
2368	4.967500e-002	
2369	4.677500e-002	
2370	4.697500e-002	
2371	4.822500e-002	
2372	4.720000e-002	
2373	4.792500e-002	
2374	4.847500e-002	
2375	4.985000e-002	
2376	5.027500e-002	
2377	5.202500e-002	
2378	5.235000e-002	
2379	5.052500e-002	
2380	4.935000e-002	
2381	4.775000e-002	
2382	4.555000e-002	
2383	4.530000e-002	
2384	4.495000e-002	
2385	4.567500e-002	
2386	4.787500e-002	
2387	4.790000e-002	
2388	4.750000e-002	
2389	4.910000e-002	
2390	5.060000e-002	
2391	5.252500e-002	
2392	5.215000e-002	
2393	5.042500e-002	
2394	4.800000e-002	
2395	4.725000e-002	
2396	4.542500e-002	
2397	4.770000e-002	
2398	4.922500e-002	
2399	4.907500e-002	
2400	4.812500e-002	
2401	4.662500e-002	
2402	4.612500e-002	
2403	4.607500e-002	
2404	4.467500e-002	
2405	4.467500e-002	
2406	4.607500e-002	
2407	4.787500e-002	
2408	4.810000e-002	
2409	4.855000e-002	
2410	4.932500e-002	
2411	5.177500e-002	
2412	5.397500e-002	
2413	5.435000e-002	
2414	5.320000e-002	
2415	4.865000e-002	
2416	4.670000e-002	
2417	4.465000e-002	
2418	4.417500e-002	
2419	4.275000e-002	
2420	4.377500e-002	
2421	4.370000e-002	
2422	4.545000e-002	
2423	4.772500e-002	
2424	4.962500e-002	
2425	5.037500e-002	
2426	5.172500e-002	
2427	5.147500e-002	
2428	5.375000e-002	
2429	5.122500e-002	
2430	5.097500e-002	
2431	4.947500e-002	
2432	4.837500e-002	
2433	4.840000e-002	
2434	4.717500e-002	
2435	4.465000e-002	
2436	4.640000e-002	
2437	4.800000e-002	
2438	4.862500e-002	
2439	4.772500e-002	
2440	4.867500e-002	
2441	4.920000e-002	
2442	4.937500e-002	
2443	5.135000e-002	
2444	4.907500e-002	
2445	4.650000e-002	
2446	4.735000e-002	
2447	4.652500e-002	
2448	4.527500e-002	
2449	4.432500e-002	
2450	4.700000e-002	
2451	4.622500e-002	
2452	4.655000e-002	
2453	4.772500e-002	
2454	5.107500e-002	
2455	4.997500e-002	
2456	4.972500e-002	
2457	4.952500e-002	
2458	5.075000e-002	
2459	5.067500e-002	
2460	4.947500e-002	
2461	5.130000e-002	
2462	5.025000e-002	
2463	5.010000e-002	
2464	4.847500e-002	
2465	4.817500e-002	
2466	4.755000e-002	
2467	4.592500e-002	
2468	4.450000e-002	
2469	4.655000e-002	
2470	4.772500e-002	
2471	4.892500e-002	
2472	4.882500e-002	
2473	4.955000e-002	
2474	4.847500e-002	
2475	5.090000e-002	
2476	5.095000e-002	
2477	5.185000e-002	
2478	5.142500e-002	
2479	5.070000e-002	
2480	4.832500e-002	
2481	4.855000e-002	
2482	4.792500e-002	
2483	4.807500e-002	
2484	4.605000e-002	
2485	4.775000e-002	
2486	4.545000e-002	
2487	4.512500e-002	
2488	4.627500e-002	
2489	4.717500e-002	
2490	4.582500e-002	
2491	4.882500e-002	
2492	4.970000e-002	
2493	5.040000e-002	
2494	5.075000e-002	
2495	4.995000e-002	
2496	5.217500e-002	
2497	5.167500e-002	
2498	5.030000e-002	
2499	4.675000e-002	
2500	4.520000e-002	
2501	4.665000e-002	
2502	4.460000e-002	
2503	4.532500e-002	
2504	4.507500e-002	
2505	4.710000e-002	
2506	4.832500e-002	
2507	5.070000e-002	
2508	4.995000e-002	
2509	5.112500e-002	
2510	5.177500e-002	
2511	5.065000e-002	
2512	5.150000e-002	
2513	5.170000e-002	
2514	5.062500e-002	
2515	4.670000e-002	
2516	4.557500e-002	
2517	4.725000e-002	
2518	4.890000e-002	
2519	4.822500e-002	
2520	4.742500e-002	
2521	4.695000e-002	
2522	4.792500e-002	
2523	4.915000e-002	
2524	4.707500e-002	
2525	4.685000e-002	
2526	4.795000e-002	
2527	4.827500e-002	
2528	4.690000e-002	
2529	4.682500e-002	
2530	4.660000e-002	
2531	4.537500e-002	
2532	4.472500e-002	
2533	4.387500e-002	
2534	4.737500e-002	
2535	4.927500e-002	
2536	4.745000e-002	
2537	5.155000e-002	
2538	5.267500e-002	
2539	5.290000e-002	
2540	5.112500e-002	
2541	5.075000e-002	
2542	4.807500e-002	
2543	4.712500e-002	
2544	4.910000e-002	
2545	4.645000e-002	
2546	4.620000e-002	
2547	4.605000e-002	
2548	4.542500e-002	
2549	4.707500e-002	
2550	4.715000e-002	
2551	4.727500e-002	
2552	4.960000e-002	
2553	4.965000e-002	
2554	4.970000e-002	
2555	4.827500e-002	
2556	5.095000e-002	
2557	5.147500e-002	
2558	5.212500e-002	
2559	5.097500e-002	
2560	5.067500e-002	
2561	4.970000e-002	
2562	4.885000e-002	
2563	4.780000e-002	
2564	4.640000e-002	
2565	4.560000e-002	
2566	4.735000e-002	
2567	4.772500e-002	
2568	4.552500e-002	
2569	4.672500e-002	
2570	4.725000e-002	
2571	4.820000e-002	
2572	4.830000e-002	
2573	4.977500e-002	
2574	4.917500e-002	
2575	4.920000e-002	
2576	4.885000e-002	
2577	4.945000e-002	
2578	4.867500e-002	
2579	4.727500e-002	
2580	4.575000e-002	
2581	4.655000e-002	
2582	4.775000e-002	
2583	4.885000e-002	
2584	4.957500e-002	
2585	4.887500e-002	
2586	4.910000e-002	
2587	4.812500e-002	
2588	4.910000e-002	
2589	4.707500e-002	
2590	4.827500e-002	
2591	4.822500e-002	
2592	4.705000e-002	
2593	4.557500e-002	
2594	4.617500e-002	
2595	4.690000e-002	
2596	4.855000e-002	
2597	4.992500e-002	
2598	4.820000e-002	
2599	5.007500e-002	
2600	4.865000e-002	
2601	4.927500e-002	
2602	4.862500e-002	
2603	4.750000e-002	
2604	4.730000e-002	
2605	4.777500e-002	
2606	4.942500e-002	
2607	5.027500e-002	
2608	5.110000e-002	
2609	4.997500e-002	
2610	4.887500e-002	
2611	4.762500e-002	
2612	4.625000e-002	
2613	4.625000e-002	
2614	4.802500e-002	
2615	4.947500e-002	
2616	5.095000e-002	
2617	5.160000e-002	
2618	4.857500e-002	
2619	4.802500e-002	
2620	4.940000e-002	
2621	4.795000e-002	
2622	4.837500e-002	
2623	4.810000e-002	
2624	4.665000e-002	
2625	4.630000e-002	
2626	4.717500e-002	
2627	4.867500e-002	
2628	5.157500e-002	
2629	5.212500e-002	
2630	5.025000e-002	
2631	5.162500e-002	
2632	5.047500e-002	
2633	4.887500e-002	
2634	4.832500e-002	
2635	4.622500e-002	
2636	4.740000e-002	
2637	4.945000e-002	
2638	4.800000e-002	
2639	5.000000e-002	
2640	4.952500e-002	
2641	4.927500e-002	
2642	4.762500e-002	
2643	4.612500e-002	
2644	4.697500e-002	
2645	4.615000e-002	
2646	4.710000e-002	
2647	4.797500e-002	
2648	4.977500e-002	
2649	4.987500e-002	
2650	5.045000e-002	
2651	4.990000e-002	
2652	5.067500e-002	
2653	4.962500e-002	
2654	4.870000e-002	
2655	4.745000e-002	
2656	4.650000e-002	
2657	4.567500e-002	
2658	4.722500e-002	
2659	4.682500e-002	
2660	4.680000e-002	
2661	4.845000e-002	
2662	4.905000e-002	
2663	4.957500e-002	
2664	4.937500e-002	
2665	4.872500e-002	
2666	4.895000e-002	
2667	4.912500e-002	
2668	4.957500e-002	
2669	4.922500e-002	
2670	5.015000e-002	
2671	4.892500e-002	
2672	5.017500e-002	
2673	4.842500e-002	
2674	4.862500e-002	
2675	4.837500e-002	
2676	4.600000e-002	
2677	4.702500e-002	
2678	4.812500e-002	
2679	4.752500e-002	
2680	4.692500e-002	
2681	4.662500e-002	
2682	4.645000e-002	
2683	4.875000e-002	
2684	4.910000e-002	
2685	4.910000e-002	
2686	4.782500e-002	
2687	4.822500e-002	
2688	4.920000e-002	
2689	4.887500e-002	
2690	4.705000e-002	
2691	4.665000e-002	
2692	4.630000e-002	
2693	4.707500e-002	
2694	4.772500e-002	
2695	4.887500e-002	
2696	4.957500e-002	
2697	4.925000e-002	
2698	4.925000e-002	
2699	5.092500e-002	
2700	5.232500e-002	
2701	5.210000e-002	
2702	5.290000e-002	
2703	5.107500e-002	
2704	4.922500e-002	
2705	4.740000e-002	
2706	4.595000e-002	
2707	4.530000e-002	
2708	4.567500e-002	
2709	4.557500e-002	
2710	4.620000e-002	
2711	4.690000e-002	
2712	4.647500e-002	
2713	4.837500e-002	
2714	4.935000e-002	
2715	4.897500e-002	
2716	4.935000e-002	
2717	4.942500e-002	
2718	4.765000e-002	
2719	5.080000e-002	
2720	5.317500e-002	
2721	5.170000e-002	
2722	4.790000e-002	
2723	4.580000e-002	
2724	4.595000e-002	
2725	4.470000e-002	
2726	4.622500e-002	
2727	4.745000e-002	
2728	4.722500e-002	
2729	4.610000e-002	
2730	4.487500e-002	
2731	4.747500e-002	
2732	4.835000e-002	
2733	4.900000e-002	
2734	5.335000e-002	
2735	5.347500e-002	
2736	5.357500e-002	
2737	5.245000e-002	
2738	4.935000e-002	
2739	4.810000e-002	
2740	4.662500e-002	
2741	4.550000e-002	
2742	4.522500e-002	
2743	4.545000e-002	
2744	4.627500e-002	
2745	4.747500e-002	
2746	5.020000e-002	
2747	4.905000e-002	
2748	4.960000e-002	
2749	4.877500e-002	
2750	5.047500e-002	
2751	4.977500e-002	
2752	5.177500e-002	
2753	5.100000e-002	
2754	5.067500e-002	
2755	4.842500e-002	
2756	4.785000e-002	
2757	4.750000e-002	
2758	4.700000e-002	
2759	4.722500e-002	
2760	4.812500e-002	
2761	4.930000e-002	
2762	4.757500e-002	
2763	4.737500e-002	
2764	4.845000e-002	
2765	4.962500e-002	
2766	5.020000e-002	
2767	4.995000e-002	
2768	5.072500e-002	
2769	5.270000e-002	
2770	5.215000e-002	
2771	5.135000e-002	
2772	5.067500e-002	
2773	4.807500e-002	
2774	4.750000e-002	
2775	4.690000e-002	
2776	4.645000e-002	
2777	4.610000e-002	
2778	4.575000e-002	
2779	4.400000e-002	
2780	4.537500e-002	
2781	4.762500e-002	
2782	4.817500e-002	
2783	5.045000e-002	
2784	4.947500e-002	
2785	4.882500e-002	
2786	4.855000e-002	
2787	5.012500e-002	
2788	5.030000e-002	
2789	5.162500e-002	
2790	5.025000e-002	
2791	5.085000e-002	
2792	4.900000e-002	
2793	4.725000e-002	
2794	4.702500e-002	
2795	4.760000e-002	
2796	4.710000e-002	
2797	4.795000e-002	
2798	4.810000e-002	
2799	4.810000e-002	
2800	5.040000e-002	
2801	5.005000e-002	
2802	4.885000e-002	
2803	4.910000e-002	
2804	5.145000e-002	
2805	5.120000e-002	
2806	4.847500e-002	
2807	4.960000e-002	
2808	5.015000e-002	
2809	5.172500e-002	
2810	5.100000e-002	
2811	5.030000e-002	
2812	4.752500e-002	
2813	4.675000e-002	
2814	4.842500e-002	
2815	4.822500e-002	
2816	4.895000e-002	
2817	4.800000e-002	
2818	4.805000e-002	
2819	4.680000e-002	
2820	4.890000e-002	
2821	5.022500e-002	
2822	5.012500e-002	
2823	5.065000e-002	
2824	4.852500e-002	
2825	4.850000e-002	
2826	4.557500e-002	
2827	4.370000e-002	
2828	4.520000e-002	
2829	4.620000e-002	
2830	4.865000e-002	
2831	5.122500e-002	
2832	5.302500e-002	
2833	5.342500e-002	
2834	5.325000e-002	
2835	5.110000e-002	
2836	4.937500e-002	
2837	4.880000e-002	
2838	4.785000e-002	
2839	4.775000e-002	
2840	4.700000e-002	
2841	4.660000e-002	
2842	4.687500e-002	
2843	4.712500e-002	
2844	4.790000e-002	
2845	4.735000e-002	
2846	4.697500e-002	
2847	4.580000e-002	
2848	4.847500e-002	
2849	4.817500e-002	
2850	5.055000e-002	
2851	5.000000e-002	
2852	5.160000e-002	
2853	5.007500e-002	
2854	4.882500e-002	
2855	4.860000e-002	
2856	5.010000e-002	
2857	5.200000e-002	
2858	4.985000e-002	
2859	4.790000e-002	
2860	4.635000e-002	
2861	4.690000e-002	
2862	4.725000e-002	
2863	4.917500e-002	
2864	5.177500e-002	
2865	5.137500e-002	
2866	4.810000e-002	
2867	4.785000e-002	
2868	4.790000e-002	
2869	4.947500e-002	
2870	4.880000e-002	
2871	4.842500e-002	
2872	4.812500e-002	
2873	4.730000e-002	
2874	4.940000e-002	
2875	4.982500e-002	
2876	5.065000e-002	
2877	4.860000e-002	
2878	4.990000e-002	
2879	4.865000e-002	
2880	4.942500e-002	
2881	4.907500e-002	
2882	5.110000e-002	
2883	4.930000e-002	
2884	4.862500e-002	
2885	4.780000e-002	
2886	4.772500e-002	
2887	4.790000e-002	
2888	4.860000e-002	
2889	4.850000e-002	
2890	4.957500e-002	
2891	4.735000e-002	
2892	4.697500e-002	
2893	4.735000e-002	
2894	4.850000e-002	
2895	5.025000e-002	
2896	4.872500e-002	
2897	4.745000e-002	
2898	4.925000e-002	
2899	4.832500e-002	
2900	4.750000e-002	
2901	4.770000e-002	
2902	4.632500e-002	
2903	4.632500e-002	
2904	4.720000e-002	
2905	4.865000e-002	
2906	4.777500e-002	
2907	4.907500e-002	
2908	4.987500e-002	
2909	4.902500e-002	
2910	4.835000e-002	
2911	4.840000e-002	
2912	4.840000e-002	
2913	4.732500e-002	
2914	4.692500e-002	
2915	4.670000e-002	
2916	4.802500e-002	
2917	4.652500e-002	
2918	4.625000e-002	
2919	4.532500e-002	
2920	4.520000e-002	
2921	4.695000e-002	
2922	4.835000e-002	
2923	4.930000e-002	
2924	5.032500e-002	
2925	5.167500e-002	
2926	5.062500e-002	
2927	5.072500e-002	
2928	5.137500e-002	
2929	5.087500e-002	
2930	5.107500e-002	
2931	4.852500e-002	
2932	4.692500e-002	
2933	4.647500e-002	
2934	4.857500e-002	
2935	4.735000e-002	
2936	4.797500e-002	
2937	4.917500e-002	
2938	4.815000e-002	
2939	4.842500e-002	
2940	4.905000e-002	
2941	4.822500e-002	
2942	4.872500e-002	
2943	4.892500e-002	
2944	4.847500e-002	
2945	4.930000e-002	
2946	4.832500e-002	
2947	4.740000e-002	
2948	4.632500e-002	
2949	4.552500e-002	
2950	4.792500e-002	
2951	4.815000e-002	
2952	4.925000e-002	
2953	4.965000e-002	
2954	5.145000e-002	
2955	5.010000e-002	
2956	4.950000e-002	
2957	5.200000e-002	
2958	5.000000e-002	
2959	5.130000e-002	
2960	4.937500e-002	
2961	4.537500e-002	
2962	4.515000e-002	
2963	4.585000e-002	
2964	4.642500e-002	
2965	4.850000e-002	
2966	4.802500e-002	
2967	4.767500e-002	
2968	4.560000e-002	
2969	4.585000e-002	
2970	4.817500e-002	
2971	4.762500e-002	
2972	4.960000e-002	
2973	4.967500e-002	
2974	4.825000e-002	
2975	4.602500e-002	
2976	4.780000e-002	
2977	4.737500e-002	
2978	4.727500e-002	
2979	4.575000e-002	
2980	4.525000e-002	
2981	4.745000e-002	
2982	4.855000e-002	
2983	4.812500e-002	
2984	4.950000e-002	
2985	4.807500e-002	
2986	5.115000e-002	
2987	4.905000e-002	
2988	4.955000e-002	
2989	5.062500e-002	
2990	5.000000e-002	
2991	4.800000e-002	
2992	4.515000e-002	
2993	4.647500e-002	
2994	4.505000e-002	
2995	4.405000e-002	
2996	4.400000e-002	
2997	4.412500e-002	
2998	4.585000e-002	
2999	4.680000e-002	
3000	4.965000e-002	
3001	5.205000e-002	
