1	0	
2	2.500000e-005	
3	7.500000e-005	
4	1.500000e-004	
5	4.500000e-004	
6	9.000000e-004	
7	1.450000e-003	
8	2.125000e-003	
9	3.300000e-003	
10	4.125000e-003	
11	5.425000e-003	
12	8.000000e-003	
13	9.075000e-003	
14	1.102500e-002	
15	1.350000e-002	
16	1.520000e-002	
17	1.692500e-002	
18	1.830000e-002	
19	2.092500e-002	
20	2.302500e-002	
21	2.555000e-002	
22	2.740000e-002	
23	2.965000e-002	
24	3.042500e-002	
25	3.275000e-002	
26	3.497500e-002	
27	3.502500e-002	
28	3.485000e-002	
29	3.485000e-002	
30	3.562500e-002	
31	3.785000e-002	
32	3.515000e-002	
33	3.575000e-002	
34	3.452500e-002	
35	3.392500e-002	
36	3.237500e-002	
37	3.202500e-002	
38	3.117500e-002	
39	3.115000e-002	
40	3.230000e-002	
41	3.085000e-002	
42	3.042500e-002	
43	2.922500e-002	
44	2.765000e-002	
45	2.722500e-002	
46	2.600000e-002	
47	2.322500e-002	
48	2.312500e-002	
49	2.480000e-002	
50	2.667500e-002	
51	2.930000e-002	
52	3.025000e-002	
53	3.115000e-002	
54	2.995000e-002	
55	3.052500e-002	
56	3.175000e-002	
57	3.112500e-002	
58	3.152500e-002	
59	3.172500e-002	
60	3.302500e-002	
61	3.360000e-002	
62	3.342500e-002	
63	3.330000e-002	
64	3.212500e-002	
65	3.190000e-002	
66	3.085000e-002	
67	3.017500e-002	
68	2.935000e-002	
69	2.867500e-002	
70	2.687500e-002	
71	2.707500e-002	
72	2.797500e-002	
73	2.847500e-002	
74	2.627500e-002	
75	2.687500e-002	
76	2.902500e-002	
77	3.010000e-002	
78	3.157500e-002	
79	3.125000e-002	
80	3.015000e-002	
81	3.135000e-002	
82	3.210000e-002	
83	3.177500e-002	
84	3.045000e-002	
85	2.982500e-002	
86	3.017500e-002	
87	3.010000e-002	
88	2.937500e-002	
89	2.865000e-002	
90	2.910000e-002	
91	2.905000e-002	
92	2.800000e-002	
93	2.880000e-002	
94	2.750000e-002	
95	2.815000e-002	
96	2.850000e-002	
97	2.902500e-002	
98	2.790000e-002	
99	2.780000e-002	
100	2.765000e-002	
101	2.960000e-002	
102	3.020000e-002	
103	3.065000e-002	
104	3.162500e-002	
105	3.397500e-002	
106	3.355000e-002	
107	3.497500e-002	
108	3.545000e-002	
109	3.285000e-002	
110	3.345000e-002	
111	3.192500e-002	
112	3.095000e-002	
113	2.912500e-002	
114	2.830000e-002	
115	2.780000e-002	
116	2.632500e-002	
117	2.557500e-002	
118	2.482500e-002	
119	2.390000e-002	
120	2.445000e-002	
121	2.510000e-002	
122	2.672500e-002	
123	2.912500e-002	
124	2.847500e-002	
125	2.912500e-002	
126	3.070000e-002	
127	3.092500e-002	
128	3.127500e-002	
129	3.315000e-002	
130	3.385000e-002	
131	3.410000e-002	
132	3.397500e-002	
133	3.282500e-002	
134	3.247500e-002	
135	3.155000e-002	
136	2.947500e-002	
137	2.727500e-002	
138	2.460000e-002	
139	2.362500e-002	
140	2.362500e-002	
141	2.565000e-002	
142	2.695000e-002	
143	2.787500e-002	
144	2.857500e-002	
145	3.040000e-002	
146	3.007500e-002	
147	3.070000e-002	
148	3.042500e-002	
149	3.095000e-002	
150	2.992500e-002	
151	2.995000e-002	
152	3.040000e-002	
153	2.922500e-002	
154	2.845000e-002	
155	2.870000e-002	
156	2.865000e-002	
157	3.022500e-002	
158	3.060000e-002	
159	2.970000e-002	
160	3.085000e-002	
161	3.125000e-002	
162	3.165000e-002	
163	3.120000e-002	
164	3.040000e-002	
165	2.845000e-002	
166	2.897500e-002	
167	2.792500e-002	
168	2.672500e-002	
169	2.820000e-002	
170	2.925000e-002	
171	3.042500e-002	
172	3.152500e-002	
173	3.197500e-002	
174	3.000000e-002	
175	2.890000e-002	
176	2.717500e-002	
177	2.830000e-002	
178	2.880000e-002	
179	2.990000e-002	
180	3.127500e-002	
181	3.090000e-002	
182	3.012500e-002	
183	3.130000e-002	
184	3.177500e-002	
185	3.032500e-002	
186	2.985000e-002	
187	2.957500e-002	
188	2.925000e-002	
189	2.815000e-002	
190	2.695000e-002	
191	2.837500e-002	
192	2.975000e-002	
193	2.800000e-002	
194	2.787500e-002	
195	2.622500e-002	
196	2.662500e-002	
197	2.667500e-002	
198	2.740000e-002	
199	2.877500e-002	
200	2.942500e-002	
201	2.890000e-002	
202	2.987500e-002	
203	3.082500e-002	
204	3.117500e-002	
205	3.050000e-002	
206	3.305000e-002	
207	3.290000e-002	
208	3.252500e-002	
209	3.262500e-002	
210	3.185000e-002	
211	3.107500e-002	
212	2.912500e-002	
213	2.845000e-002	
214	2.662500e-002	
215	2.667500e-002	
216	2.647500e-002	
217	2.665000e-002	
218	2.722500e-002	
219	2.722500e-002	
220	2.742500e-002	
221	2.682500e-002	
222	2.615000e-002	
223	2.535000e-002	
224	2.592500e-002	
225	2.712500e-002	
226	2.730000e-002	
227	2.947500e-002	
228	2.987500e-002	
229	3.185000e-002	
230	3.305000e-002	
231	3.375000e-002	
232	3.397500e-002	
233	3.200000e-002	
234	2.987500e-002	
235	3.015000e-002	
236	3.200000e-002	
237	3.172500e-002	
238	3.042500e-002	
239	2.732500e-002	
240	2.707500e-002	
241	2.795000e-002	
242	2.905000e-002	
243	2.840000e-002	
244	2.942500e-002	
245	3.025000e-002	
246	2.965000e-002	
247	3.022500e-002	
248	2.872500e-002	
249	2.997500e-002	
250	2.957500e-002	
251	3.007500e-002	
252	3.000000e-002	
253	2.990000e-002	
254	3.155000e-002	
255	2.972500e-002	
256	2.795000e-002	
257	2.845000e-002	
258	2.805000e-002	
259	3.057500e-002	
260	3.062500e-002	
261	3.190000e-002	
262	3.252500e-002	
263	3.215000e-002	
264	3.055000e-002	
265	3.115000e-002	
266	3.075000e-002	
267	3.015000e-002	
268	3.000000e-002	
269	2.927500e-002	
270	2.812500e-002	
271	2.662500e-002	
272	2.660000e-002	
273	2.750000e-002	
274	2.865000e-002	
275	2.887500e-002	
276	2.912500e-002	
277	2.855000e-002	
278	2.915000e-002	
279	2.907500e-002	
280	2.992500e-002	
281	2.912500e-002	
282	2.775000e-002	
283	2.775000e-002	
284	2.820000e-002	
285	2.870000e-002	
286	3.027500e-002	
287	3.150000e-002	
288	3.002500e-002	
289	2.997500e-002	
290	2.917500e-002	
291	2.932500e-002	
292	2.955000e-002	
293	2.872500e-002	
294	3.105000e-002	
295	3.072500e-002	
296	3.127500e-002	
297	3.255000e-002	
298	3.135000e-002	
299	3.110000e-002	
300	2.852500e-002	
301	2.877500e-002	
302	2.917500e-002	
303	2.790000e-002	
304	2.642500e-002	
305	2.667500e-002	
306	2.550000e-002	
307	2.615000e-002	
308	2.640000e-002	
309	2.665000e-002	
310	2.722500e-002	
311	2.625000e-002	
312	2.642500e-002	
313	2.770000e-002	
314	2.760000e-002	
315	2.842500e-002	
316	3.015000e-002	
317	3.110000e-002	
318	3.392500e-002	
319	3.447500e-002	
320	3.440000e-002	
321	3.527500e-002	
322	3.415000e-002	
323	3.292500e-002	
324	3.375000e-002	
325	3.140000e-002	
326	2.932500e-002	
327	2.925000e-002	
328	2.977500e-002	
329	2.982500e-002	
330	3.022500e-002	
331	2.730000e-002	
332	2.622500e-002	
333	2.500000e-002	
334	2.612500e-002	
335	2.645000e-002	
336	2.595000e-002	
337	2.727500e-002	
338	2.777500e-002	
339	2.827500e-002	
340	2.955000e-002	
341	3.002500e-002	
342	3.220000e-002	
343	3.172500e-002	
344	3.252500e-002	
345	3.325000e-002	
346	3.365000e-002	
347	3.377500e-002	
348	3.267500e-002	
349	3.465000e-002	
350	3.295000e-002	
351	3.050000e-002	
352	2.872500e-002	
353	2.642500e-002	
354	2.730000e-002	
355	2.617500e-002	
356	2.655000e-002	
357	2.650000e-002	
358	2.810000e-002	
359	2.770000e-002	
360	2.800000e-002	
361	2.822500e-002	
362	2.800000e-002	
363	3.012500e-002	
364	3.185000e-002	
365	3.455000e-002	
366	3.397500e-002	
367	3.182500e-002	
368	3.117500e-002	
369	3.152500e-002	
370	3.035000e-002	
371	3.187500e-002	
372	3.170000e-002	
373	3.135000e-002	
374	3.055000e-002	
375	3.192500e-002	
376	3.050000e-002	
377	2.935000e-002	
378	2.875000e-002	
379	2.847500e-002	
380	2.950000e-002	
381	2.997500e-002	
382	2.972500e-002	
383	3.057500e-002	
384	2.785000e-002	
385	2.662500e-002	
386	2.640000e-002	
387	2.675000e-002	
388	2.860000e-002	
389	2.850000e-002	
390	2.892500e-002	
391	2.892500e-002	
392	2.947500e-002	
393	3.150000e-002	
394	3.195000e-002	
395	3.267500e-002	
396	3.237500e-002	
397	3.257500e-002	
398	3.097500e-002	
399	3.090000e-002	
400	2.967500e-002	
401	2.710000e-002	
402	2.755000e-002	
403	2.755000e-002	
404	2.755000e-002	
405	2.735000e-002	
406	2.717500e-002	
407	2.820000e-002	
408	2.965000e-002	
409	2.987500e-002	
410	3.157500e-002	
411	3.142500e-002	
412	3.207500e-002	
413	3.057500e-002	
414	3.082500e-002	
415	3.175000e-002	
416	3.270000e-002	
417	3.287500e-002	
418	3.397500e-002	
419	3.225000e-002	
420	3.240000e-002	
421	3.187500e-002	
422	3.072500e-002	
423	2.857500e-002	
424	2.860000e-002	
425	2.947500e-002	
426	2.910000e-002	
427	2.927500e-002	
428	2.885000e-002	
429	2.882500e-002	
430	2.882500e-002	
431	3.012500e-002	
432	2.945000e-002	
433	2.992500e-002	
434	3.135000e-002	
435	3.185000e-002	
436	3.202500e-002	
437	3.040000e-002	
438	2.952500e-002	
439	2.942500e-002	
440	2.962500e-002	
441	3.072500e-002	
442	3.027500e-002	
443	3.002500e-002	
444	2.905000e-002	
445	3.037500e-002	
446	3.057500e-002	
447	3.145000e-002	
448	3.027500e-002	
449	2.962500e-002	
450	2.872500e-002	
451	2.792500e-002	
452	2.755000e-002	
453	2.560000e-002	
454	2.570000e-002	
455	2.742500e-002	
456	2.852500e-002	
457	2.912500e-002	
458	3.045000e-002	
459	3.127500e-002	
460	3.262500e-002	
461	3.367500e-002	
462	3.395000e-002	
463	3.272500e-002	
464	3.157500e-002	
465	3.060000e-002	
466	2.995000e-002	
467	2.927500e-002	
468	2.910000e-002	
469	2.835000e-002	
470	2.752500e-002	
471	2.780000e-002	
472	2.735000e-002	
473	2.742500e-002	
474	2.770000e-002	
475	2.747500e-002	
476	2.885000e-002	
477	2.917500e-002	
478	2.945000e-002	
479	3.047500e-002	
480	3.150000e-002	
481	3.202500e-002	
482	3.292500e-002	
483	3.317500e-002	
484	3.405000e-002	
485	3.315000e-002	
486	3.147500e-002	
487	3.015000e-002	
488	3.002500e-002	
489	2.925000e-002	
490	2.705000e-002	
491	2.672500e-002	
492	2.620000e-002	
493	2.695000e-002	
494	2.660000e-002	
495	2.562500e-002	
496	2.672500e-002	
497	2.717500e-002	
498	2.915000e-002	
499	3.052500e-002	
500	3.002500e-002	
501	2.942500e-002	
502	2.890000e-002	
503	2.940000e-002	
504	3.097500e-002	
505	3.200000e-002	
506	3.402500e-002	
507	3.495000e-002	
508	3.242500e-002	
509	3.097500e-002	
510	3.060000e-002	
511	3.072500e-002	
512	2.975000e-002	
513	2.847500e-002	
514	2.647500e-002	
515	2.645000e-002	
516	2.635000e-002	
517	2.490000e-002	
518	2.675000e-002	
519	2.727500e-002	
520	2.827500e-002	
521	2.885000e-002	
522	2.830000e-002	
523	2.820000e-002	
524	2.772500e-002	
525	2.905000e-002	
526	3.080000e-002	
527	3.305000e-002	
528	3.210000e-002	
529	3.067500e-002	
530	3.157500e-002	
531	3.172500e-002	
532	3.320000e-002	
533	3.295000e-002	
534	3.185000e-002	
535	3.150000e-002	
536	3.115000e-002	
537	2.932500e-002	
538	2.800000e-002	
539	2.712500e-002	
540	2.580000e-002	
541	2.640000e-002	
542	2.667500e-002	
543	2.780000e-002	
544	2.840000e-002	
545	2.902500e-002	
546	2.702500e-002	
547	2.692500e-002	
548	2.787500e-002	
549	2.925000e-002	
550	2.960000e-002	
551	2.997500e-002	
552	2.920000e-002	
553	2.967500e-002	
554	3.115000e-002	
555	3.162500e-002	
556	3.117500e-002	
557	3.010000e-002	
558	2.860000e-002	
559	2.967500e-002	
560	2.952500e-002	
561	3.025000e-002	
562	2.947500e-002	
563	3.085000e-002	
564	3.005000e-002	
565	2.977500e-002	
566	2.922500e-002	
567	3.037500e-002	
568	3.035000e-002	
569	2.907500e-002	
570	3.010000e-002	
571	3.060000e-002	
572	2.945000e-002	
573	3.080000e-002	
574	3.085000e-002	
575	3.120000e-002	
576	2.982500e-002	
577	2.960000e-002	
578	2.977500e-002	
579	2.860000e-002	
580	2.747500e-002	
581	2.737500e-002	
582	2.877500e-002	
583	3.037500e-002	
584	3.050000e-002	
585	3.175000e-002	
586	3.177500e-002	
587	3.237500e-002	
588	3.325000e-002	
589	3.270000e-002	
590	3.217500e-002	
591	2.802500e-002	
592	2.852500e-002	
593	2.977500e-002	
594	3.052500e-002	
595	3.160000e-002	
596	3.135000e-002	
597	3.005000e-002	
598	2.950000e-002	
599	2.752500e-002	
600	2.805000e-002	
601	2.795000e-002	
602	2.700000e-002	
603	2.657500e-002	
604	2.595000e-002	
605	2.552500e-002	
606	2.585000e-002	
607	2.547500e-002	
608	2.582500e-002	
609	2.555000e-002	
610	2.645000e-002	
611	2.717500e-002	
612	2.752500e-002	
613	2.887500e-002	
614	2.950000e-002	
615	2.997500e-002	
616	2.985000e-002	
617	3.205000e-002	
618	3.082500e-002	
619	3.037500e-002	
620	3.087500e-002	
621	3.182500e-002	
622	3.245000e-002	
623	3.217500e-002	
624	3.232500e-002	
625	3.152500e-002	
626	3.095000e-002	
627	2.995000e-002	
628	2.855000e-002	
629	2.732500e-002	
630	2.642500e-002	
631	2.655000e-002	
632	2.757500e-002	
633	2.765000e-002	
634	2.985000e-002	
635	3.052500e-002	
636	2.945000e-002	
637	2.875000e-002	
638	2.935000e-002	
639	2.982500e-002	
640	3.112500e-002	
641	2.977500e-002	
642	3.202500e-002	
643	3.312500e-002	
644	3.280000e-002	
645	3.412500e-002	
646	3.405000e-002	
647	3.357500e-002	
648	3.152500e-002	
649	3.040000e-002	
650	2.807500e-002	
651	2.860000e-002	
652	2.840000e-002	
653	2.882500e-002	
654	2.840000e-002	
655	2.715000e-002	
656	2.900000e-002	
657	2.872500e-002	
658	2.787500e-002	
659	2.717500e-002	
660	2.710000e-002	
661	2.590000e-002	
662	2.685000e-002	
663	2.727500e-002	
664	2.840000e-002	
665	2.880000e-002	
666	2.867500e-002	
667	3.110000e-002	
668	3.240000e-002	
669	3.277500e-002	
670	3.335000e-002	
671	3.272500e-002	
672	3.365000e-002	
673	3.345000e-002	
674	3.320000e-002	
675	3.140000e-002	
676	3.082500e-002	
677	2.937500e-002	
678	2.742500e-002	
679	2.825000e-002	
680	2.715000e-002	
681	2.655000e-002	
682	2.812500e-002	
683	3.020000e-002	
684	3.002500e-002	
685	2.832500e-002	
686	2.980000e-002	
687	2.980000e-002	
688	3.100000e-002	
689	3.150000e-002	
690	3.055000e-002	
691	2.955000e-002	
692	3.037500e-002	
693	3.095000e-002	
694	3.145000e-002	
695	3.160000e-002	
696	3.135000e-002	
697	3.142500e-002	
698	3.225000e-002	
699	3.045000e-002	
700	2.965000e-002	
701	2.985000e-002	
702	2.910000e-002	
703	2.985000e-002	
704	2.877500e-002	
705	2.927500e-002	
706	2.855000e-002	
707	2.812500e-002	
708	2.942500e-002	
709	2.982500e-002	
710	2.985000e-002	
711	2.795000e-002	
712	3.030000e-002	
713	3.137500e-002	
714	2.947500e-002	
715	2.865000e-002	
716	2.887500e-002	
717	2.880000e-002	
718	2.917500e-002	
719	2.747500e-002	
720	2.835000e-002	
721	2.842500e-002	
722	2.957500e-002	
723	2.855000e-002	
724	2.890000e-002	
725	2.907500e-002	
726	2.877500e-002	
727	2.917500e-002	
728	2.750000e-002	
729	2.872500e-002	
730	3.015000e-002	
731	3.020000e-002	
732	3.055000e-002	
733	3.105000e-002	
734	3.145000e-002	
735	3.052500e-002	
736	3.020000e-002	
737	3.070000e-002	
738	3.065000e-002	
739	3.055000e-002	
740	2.887500e-002	
741	2.990000e-002	
742	2.990000e-002	
743	3.115000e-002	
744	2.840000e-002	
745	2.897500e-002	
746	2.945000e-002	
747	2.952500e-002	
748	2.930000e-002	
749	3.015000e-002	
750	2.992500e-002	
751	2.947500e-002	
752	2.875000e-002	
753	2.977500e-002	
754	2.965000e-002	
755	2.997500e-002	
756	2.827500e-002	
757	2.962500e-002	
758	2.810000e-002	
759	2.725000e-002	
760	2.730000e-002	
761	2.687500e-002	
762	2.690000e-002	
763	2.772500e-002	
764	2.850000e-002	
765	2.985000e-002	
766	3.127500e-002	
767	3.277500e-002	
768	3.252500e-002	
769	3.192500e-002	
770	3.045000e-002	
771	3.075000e-002	
772	3.110000e-002	
773	3.102500e-002	
774	3.055000e-002	
775	3.122500e-002	
776	3.102500e-002	
777	2.972500e-002	
778	2.967500e-002	
779	2.942500e-002	
780	2.882500e-002	
781	2.870000e-002	
782	2.887500e-002	
783	2.950000e-002	
784	2.840000e-002	
785	2.837500e-002	
786	2.910000e-002	
787	2.955000e-002	
788	2.997500e-002	
789	3.055000e-002	
790	2.987500e-002	
791	3.085000e-002	
792	3.067500e-002	
793	3.142500e-002	
794	3.045000e-002	
795	2.995000e-002	
796	3.040000e-002	
797	3.087500e-002	
798	3.272500e-002	
799	3.337500e-002	
800	3.347500e-002	
801	3.320000e-002	
802	3.297500e-002	
803	3.202500e-002	
804	3.095000e-002	
805	2.902500e-002	
806	2.745000e-002	
807	2.637500e-002	
808	2.692500e-002	
809	2.907500e-002	
810	3.027500e-002	
811	3.060000e-002	
812	2.942500e-002	
813	3.050000e-002	
814	3.012500e-002	
815	3.027500e-002	
816	3.177500e-002	
817	3.427500e-002	
818	3.382500e-002	
819	3.170000e-002	
820	3.155000e-002	
821	3.107500e-002	
822	3.112500e-002	
823	3.040000e-002	
824	2.980000e-002	
825	2.972500e-002	
826	2.912500e-002	
827	2.887500e-002	
828	2.785000e-002	
829	2.717500e-002	
830	2.725000e-002	
831	2.862500e-002	
832	2.795000e-002	
833	2.635000e-002	
834	2.702500e-002	
835	2.770000e-002	
836	2.950000e-002	
837	3.037500e-002	
838	3.245000e-002	
839	3.217500e-002	
840	3.267500e-002	
841	3.270000e-002	
842	3.252500e-002	
843	3.277500e-002	
844	3.325000e-002	
845	3.390000e-002	
846	3.190000e-002	
847	3.052500e-002	
848	2.920000e-002	
849	2.782500e-002	
850	2.472500e-002	
851	2.457500e-002	
852	2.417500e-002	
853	2.452500e-002	
854	2.490000e-002	
855	2.515000e-002	
856	2.590000e-002	
857	2.705000e-002	
858	2.705000e-002	
859	2.755000e-002	
860	2.935000e-002	
861	3.012500e-002	
862	2.990000e-002	
863	3.175000e-002	
864	3.327500e-002	
865	3.472500e-002	
866	3.635000e-002	
867	3.497500e-002	
868	3.345000e-002	
869	3.220000e-002	
870	2.902500e-002	
871	2.667500e-002	
872	2.602500e-002	
873	2.510000e-002	
874	2.530000e-002	
875	2.602500e-002	
876	2.597500e-002	
877	2.780000e-002	
878	2.907500e-002	
879	2.955000e-002	
880	3.107500e-002	
881	2.972500e-002	
882	3.102500e-002	
883	3.000000e-002	
884	3.050000e-002	
885	2.915000e-002	
886	3.025000e-002	
887	3.180000e-002	
888	3.175000e-002	
889	3.372500e-002	
890	3.162500e-002	
891	3.157500e-002	
892	3.135000e-002	
893	3.105000e-002	
894	2.997500e-002	
895	3.052500e-002	
896	3.007500e-002	
897	3.147500e-002	
898	3.205000e-002	
899	3.180000e-002	
900	3.017500e-002	
901	3.015000e-002	
902	2.822500e-002	
903	2.947500e-002	
904	2.927500e-002	
905	2.975000e-002	
906	2.900000e-002	
907	2.785000e-002	
908	2.827500e-002	
909	2.777500e-002	
910	2.762500e-002	
911	2.770000e-002	
912	2.927500e-002	
913	3.082500e-002	
914	3.112500e-002	
915	3.202500e-002	
916	3.027500e-002	
917	3.125000e-002	
918	3.045000e-002	
919	2.990000e-002	
920	2.867500e-002	
921	2.810000e-002	
922	2.790000e-002	
923	2.925000e-002	
924	2.902500e-002	
925	2.715000e-002	
926	2.687500e-002	
927	2.717500e-002	
928	2.870000e-002	
929	2.827500e-002	
930	2.952500e-002	
931	2.967500e-002	
932	3.137500e-002	
933	3.122500e-002	
934	3.242500e-002	
935	3.270000e-002	
936	3.192500e-002	
937	3.127500e-002	
938	3.170000e-002	
939	3.085000e-002	
940	2.967500e-002	
941	2.900000e-002	
942	2.907500e-002	
943	2.910000e-002	
944	2.670000e-002	
945	2.710000e-002	
946	2.782500e-002	
947	2.727500e-002	
948	2.852500e-002	
949	3.107500e-002	
950	3.085000e-002	
951	3.190000e-002	
952	3.227500e-002	
953	3.085000e-002	
954	2.865000e-002	
955	2.887500e-002	
956	2.802500e-002	
957	2.992500e-002	
958	3.082500e-002	
959	3.072500e-002	
960	2.995000e-002	
961	3.007500e-002	
962	2.957500e-002	
963	2.950000e-002	
964	2.760000e-002	
965	2.745000e-002	
966	2.750000e-002	
967	2.765000e-002	
968	2.702500e-002	
969	2.695000e-002	
970	2.845000e-002	
971	2.907500e-002	
972	2.870000e-002	
973	3.087500e-002	
974	3.197500e-002	
975	3.302500e-002	
976	3.122500e-002	
977	3.157500e-002	
978	3.317500e-002	
979	3.422500e-002	
980	3.367500e-002	
981	3.265000e-002	
982	3.197500e-002	
983	3.057500e-002	
984	3.107500e-002	
985	2.900000e-002	
986	2.830000e-002	
987	2.760000e-002	
988	2.520000e-002	
989	2.570000e-002	
990	2.472500e-002	
991	2.505000e-002	
992	2.502500e-002	
993	2.647500e-002	
994	2.700000e-002	
995	2.735000e-002	
996	2.875000e-002	
997	2.905000e-002	
998	2.962500e-002	
999	3.017500e-002	
1000	3.137500e-002	
1001	3.242500e-002	
1002	3.310000e-002	
1003	3.455000e-002	
1004	3.267500e-002	
1005	3.315000e-002	
1006	3.290000e-002	
1007	3.415000e-002	
1008	3.275000e-002	
1009	3.107500e-002	
1010	2.945000e-002	
1011	2.837500e-002	
1012	2.822500e-002	
1013	2.795000e-002	
1014	2.810000e-002	
1015	2.940000e-002	
1016	2.815000e-002	
1017	2.867500e-002	
1018	2.962500e-002	
1019	3.002500e-002	
1020	2.937500e-002	
1021	2.997500e-002	
1022	3.010000e-002	
1023	2.877500e-002	
1024	2.720000e-002	
1025	2.600000e-002	
1026	2.830000e-002	
1027	2.935000e-002	
1028	3.012500e-002	
1029	3.122500e-002	
1030	3.172500e-002	
1031	3.232500e-002	
1032	3.325000e-002	
1033	3.490000e-002	
1034	3.267500e-002	
1035	3.205000e-002	
1036	3.082500e-002	
1037	2.922500e-002	
1038	2.880000e-002	
1039	2.882500e-002	
1040	2.790000e-002	
1041	2.640000e-002	
1042	2.662500e-002	
1043	2.725000e-002	
1044	2.600000e-002	
1045	2.542500e-002	
1046	2.545000e-002	
1047	2.555000e-002	
1048	2.807500e-002	
1049	3.070000e-002	
1050	3.082500e-002	
1051	3.080000e-002	
1052	3.147500e-002	
1053	3.150000e-002	
1054	3.110000e-002	
1055	3.152500e-002	
1056	3.142500e-002	
1057	3.102500e-002	
1058	3.165000e-002	
1059	3.272500e-002	
1060	3.177500e-002	
1061	2.890000e-002	
1062	2.850000e-002	
1063	2.987500e-002	
1064	2.925000e-002	
1065	3.072500e-002	
1066	3.095000e-002	
1067	3.087500e-002	
1068	3.087500e-002	
1069	3.027500e-002	
1070	2.885000e-002	
1071	2.820000e-002	
1072	2.652500e-002	
1073	2.692500e-002	
1074	2.732500e-002	
1075	2.895000e-002	
1076	2.897500e-002	
1077	2.842500e-002	
1078	2.752500e-002	
1079	2.670000e-002	
1080	2.620000e-002	
1081	2.605000e-002	
1082	2.692500e-002	
1083	2.747500e-002	
1084	2.997500e-002	
1085	2.955000e-002	
1086	2.877500e-002	
1087	2.880000e-002	
1088	3.107500e-002	
1089	3.225000e-002	
1090	3.222500e-002	
1091	3.227500e-002	
1092	3.075000e-002	
1093	3.060000e-002	
1094	3.040000e-002	
1095	3.067500e-002	
1096	3.150000e-002	
1097	3.132500e-002	
1098	3.140000e-002	
1099	3.152500e-002	
1100	3.060000e-002	
1101	3.295000e-002	
1102	3.132500e-002	
1103	2.842500e-002	
1104	2.897500e-002	
1105	2.802500e-002	
1106	2.705000e-002	
1107	2.680000e-002	
1108	2.755000e-002	
1109	2.785000e-002	
1110	2.832500e-002	
1111	2.702500e-002	
1112	2.720000e-002	
1113	2.875000e-002	
1114	3.245000e-002	
1115	3.180000e-002	
1116	3.147500e-002	
1117	3.195000e-002	
1118	3.292500e-002	
1119	3.315000e-002	
1120	3.190000e-002	
1121	3.232500e-002	
1122	3.182500e-002	
1123	3.055000e-002	
1124	2.917500e-002	
1125	2.712500e-002	
1126	2.655000e-002	
1127	2.667500e-002	
1128	2.792500e-002	
1129	2.767500e-002	
1130	2.592500e-002	
1131	2.525000e-002	
1132	2.602500e-002	
1133	2.755000e-002	
1134	2.850000e-002	
1135	2.975000e-002	
1136	3.032500e-002	
1137	3.087500e-002	
1138	3.102500e-002	
1139	3.222500e-002	
1140	3.157500e-002	
1141	3.137500e-002	
1142	3.052500e-002	
1143	3.110000e-002	
1144	3.070000e-002	
1145	2.965000e-002	
1146	2.982500e-002	
1147	2.972500e-002	
1148	2.882500e-002	
1149	2.777500e-002	
1150	2.702500e-002	
1151	2.642500e-002	
1152	2.702500e-002	
1153	2.627500e-002	
1154	2.742500e-002	
1155	2.825000e-002	
1156	3.055000e-002	
1157	3.090000e-002	
1158	3.212500e-002	
1159	3.250000e-002	
1160	3.170000e-002	
1161	3.122500e-002	
1162	3.225000e-002	
1163	3.157500e-002	
1164	3.117500e-002	
1165	3.022500e-002	
1166	2.807500e-002	
1167	2.830000e-002	
1168	2.995000e-002	
1169	3.102500e-002	
1170	2.842500e-002	
1171	2.992500e-002	
1172	3.005000e-002	
1173	2.922500e-002	
1174	2.747500e-002	
1175	2.930000e-002	
1176	2.825000e-002	
1177	2.795000e-002	
1178	2.895000e-002	
1179	2.750000e-002	
1180	3.015000e-002	
1181	2.847500e-002	
1182	2.902500e-002	
1183	3.005000e-002	
1184	3.100000e-002	
1185	3.235000e-002	
1186	3.177500e-002	
1187	3.135000e-002	
1188	3.135000e-002	
1189	3.042500e-002	
1190	2.860000e-002	
1191	3.150000e-002	
1192	3.042500e-002	
1193	3.012500e-002	
1194	2.967500e-002	
1195	2.895000e-002	
1196	2.905000e-002	
1197	3.020000e-002	
1198	2.990000e-002	
1199	3.162500e-002	
1200	3.140000e-002	
1201	3.175000e-002	
1202	3.210000e-002	
1203	3.235000e-002	
1204	3.225000e-002	
1205	2.885000e-002	
1206	2.780000e-002	
1207	2.805000e-002	
1208	2.750000e-002	
1209	2.655000e-002	
1210	2.727500e-002	
1211	2.817500e-002	
1212	2.740000e-002	
1213	2.820000e-002	
1214	2.890000e-002	
1215	2.970000e-002	
1216	3.005000e-002	
1217	3.030000e-002	
1218	3.097500e-002	
1219	3.172500e-002	
1220	3.255000e-002	
1221	3.382500e-002	
1222	3.477500e-002	
1223	3.397500e-002	
1224	3.327500e-002	
1225	3.215000e-002	
1226	3.125000e-002	
1227	2.872500e-002	
1228	2.960000e-002	
1229	2.995000e-002	
1230	2.895000e-002	
1231	2.782500e-002	
1232	2.757500e-002	
1233	2.635000e-002	
1234	2.582500e-002	
1235	2.580000e-002	
1236	2.532500e-002	
1237	2.697500e-002	
1238	2.755000e-002	
1239	2.865000e-002	
1240	2.935000e-002	
1241	3.032500e-002	
1242	3.205000e-002	
1243	3.187500e-002	
1244	3.097500e-002	
1245	3.085000e-002	
1246	3.130000e-002	
1247	3.092500e-002	
1248	3.202500e-002	
1249	3.090000e-002	
1250	3.302500e-002	
1251	3.282500e-002	
1252	2.927500e-002	
1253	2.915000e-002	
1254	2.875000e-002	
1255	2.965000e-002	
1256	2.682500e-002	
1257	2.642500e-002	
1258	2.565000e-002	
1259	2.590000e-002	
1260	2.542500e-002	
1261	2.572500e-002	
1262	2.572500e-002	
1263	2.857500e-002	
1264	2.880000e-002	
1265	2.820000e-002	
1266	2.847500e-002	
1267	2.952500e-002	
1268	3.117500e-002	
1269	3.332500e-002	
1270	3.252500e-002	
1271	3.252500e-002	
1272	3.272500e-002	
1273	3.252500e-002	
1274	3.145000e-002	
1275	3.117500e-002	
1276	3.062500e-002	
1277	2.865000e-002	
1278	2.917500e-002	
1279	2.872500e-002	
1280	3.040000e-002	
1281	3.062500e-002	
1282	2.922500e-002	
1283	2.857500e-002	
1284	2.707500e-002	
1285	2.540000e-002	
1286	2.572500e-002	
1287	2.595000e-002	
1288	2.675000e-002	
1289	2.725000e-002	
1290	2.845000e-002	
1291	2.872500e-002	
1292	2.987500e-002	
1293	2.985000e-002	
1294	3.067500e-002	
1295	3.042500e-002	
1296	3.025000e-002	
1297	3.177500e-002	
1298	3.305000e-002	
1299	3.260000e-002	
1300	3.247500e-002	
1301	3.180000e-002	
1302	3.075000e-002	
1303	3.075000e-002	
1304	3.010000e-002	
1305	2.902500e-002	
1306	2.805000e-002	
1307	2.705000e-002	
1308	2.687500e-002	
1309	2.717500e-002	
1310	2.757500e-002	
1311	2.742500e-002	
1312	2.705000e-002	
1313	2.670000e-002	
1314	2.672500e-002	
1315	2.747500e-002	
1316	2.850000e-002	
1317	3.000000e-002	
1318	3.012500e-002	
1319	3.097500e-002	
1320	3.287500e-002	
1321	3.500000e-002	
1322	3.372500e-002	
1323	3.212500e-002	
1324	3.365000e-002	
1325	3.305000e-002	
1326	3.092500e-002	
1327	3.005000e-002	
1328	2.880000e-002	
1329	2.765000e-002	
1330	2.817500e-002	
1331	2.907500e-002	
1332	2.850000e-002	
1333	2.955000e-002	
1334	2.925000e-002	
1335	2.882500e-002	
1336	2.642500e-002	
1337	2.620000e-002	
1338	2.672500e-002	
1339	2.685000e-002	
1340	2.757500e-002	
1341	2.680000e-002	
1342	2.652500e-002	
1343	2.665000e-002	
1344	2.782500e-002	
1345	2.892500e-002	
1346	3.040000e-002	
1347	2.995000e-002	
1348	2.877500e-002	
1349	2.875000e-002	
1350	2.802500e-002	
1351	2.867500e-002	
1352	3.012500e-002	
1353	3.042500e-002	
1354	3.250000e-002	
1355	3.495000e-002	
1356	3.615000e-002	
1357	3.767500e-002	
1358	3.450000e-002	
1359	3.412500e-002	
1360	3.295000e-002	
1361	3.075000e-002	
1362	2.902500e-002	
1363	2.875000e-002	
1364	2.902500e-002	
1365	2.912500e-002	
1366	2.967500e-002	
1367	2.950000e-002	
1368	2.845000e-002	
1369	2.710000e-002	
1370	2.637500e-002	
1371	2.597500e-002	
1372	2.335000e-002	
1373	2.455000e-002	
1374	2.695000e-002	
1375	2.842500e-002	
1376	2.997500e-002	
1377	3.067500e-002	
1378	3.260000e-002	
1379	3.445000e-002	
1380	3.417500e-002	
1381	3.395000e-002	
1382	3.450000e-002	
1383	3.422500e-002	
1384	3.380000e-002	
1385	3.105000e-002	
1386	3.055000e-002	
1387	3.130000e-002	
1388	2.947500e-002	
1389	2.802500e-002	
1390	2.772500e-002	
1391	2.730000e-002	
1392	2.777500e-002	
1393	2.795000e-002	
1394	2.742500e-002	
1395	2.687500e-002	
1396	2.762500e-002	
1397	2.912500e-002	
1398	2.847500e-002	
1399	2.760000e-002	
1400	2.750000e-002	
1401	2.907500e-002	
1402	2.867500e-002	
1403	2.865000e-002	
1404	2.960000e-002	
1405	3.160000e-002	
1406	3.222500e-002	
1407	3.225000e-002	
1408	3.290000e-002	
1409	3.410000e-002	
1410	3.447500e-002	
1411	3.257500e-002	
1412	3.120000e-002	
1413	3.045000e-002	
1414	2.915000e-002	
1415	2.795000e-002	
1416	2.922500e-002	
1417	2.910000e-002	
1418	3.032500e-002	
1419	2.985000e-002	
1420	2.945000e-002	
1421	2.865000e-002	
1422	2.992500e-002	
1423	3.055000e-002	
1424	3.032500e-002	
1425	2.817500e-002	
1426	2.900000e-002	
1427	2.950000e-002	
1428	2.842500e-002	
1429	2.920000e-002	
1430	3.022500e-002	
1431	2.980000e-002	
1432	3.055000e-002	
1433	3.135000e-002	
1434	3.062500e-002	
1435	3.065000e-002	
1436	3.017500e-002	
1437	2.977500e-002	
1438	2.995000e-002	
1439	2.937500e-002	
1440	2.925000e-002	
1441	2.817500e-002	
1442	2.840000e-002	
1443	2.882500e-002	
1444	2.932500e-002	
1445	2.820000e-002	
1446	2.775000e-002	
1447	2.782500e-002	
1448	2.895000e-002	
1449	2.962500e-002	
1450	3.112500e-002	
1451	3.025000e-002	
1452	3.072500e-002	
1453	3.065000e-002	
1454	2.965000e-002	
1455	2.920000e-002	
1456	3.125000e-002	
1457	3.257500e-002	
1458	2.997500e-002	
1459	3.010000e-002	
1460	3.072500e-002	
1461	2.870000e-002	
1462	2.882500e-002	
1463	2.930000e-002	
1464	2.875000e-002	
1465	2.962500e-002	
1466	2.965000e-002	
1467	3.027500e-002	
1468	2.967500e-002	
1469	3.047500e-002	
1470	3.105000e-002	
1471	3.102500e-002	
1472	3.127500e-002	
1473	3.047500e-002	
1474	3.002500e-002	
1475	2.972500e-002	
1476	2.967500e-002	
1477	2.992500e-002	
1478	3.047500e-002	
1479	3.042500e-002	
1480	2.860000e-002	
1481	2.830000e-002	
1482	2.895000e-002	
1483	2.832500e-002	
1484	2.782500e-002	
1485	2.722500e-002	
1486	2.695000e-002	
1487	2.725000e-002	
1488	2.960000e-002	
1489	3.115000e-002	
1490	3.280000e-002	
1491	3.285000e-002	
1492	3.350000e-002	
1493	3.160000e-002	
1494	3.142500e-002	
1495	2.982500e-002	
1496	3.032500e-002	
1497	2.987500e-002	
1498	2.887500e-002	
1499	2.977500e-002	
1500	3.015000e-002	
1501	3.137500e-002	
1502	3.007500e-002	
1503	2.975000e-002	
1504	2.775000e-002	
1505	2.800000e-002	
1506	2.845000e-002	
1507	2.915000e-002	
1508	2.865000e-002	
1509	2.737500e-002	
1510	2.580000e-002	
1511	2.655000e-002	
1512	2.655000e-002	
1513	2.792500e-002	
1514	2.787500e-002	
1515	2.842500e-002	
1516	2.755000e-002	
1517	2.825000e-002	
1518	3.042500e-002	
1519	3.170000e-002	
1520	3.330000e-002	
1521	3.262500e-002	
1522	3.310000e-002	
1523	3.237500e-002	
1524	3.167500e-002	
1525	2.970000e-002	
1526	3.102500e-002	
1527	3.152500e-002	
1528	3.277500e-002	
1529	3.090000e-002	
1530	2.880000e-002	
1531	2.927500e-002	
1532	2.925000e-002	
1533	2.982500e-002	
1534	2.862500e-002	
1535	2.900000e-002	
1536	3.010000e-002	
1537	2.950000e-002	
1538	2.945000e-002	
1539	2.932500e-002	
1540	2.840000e-002	
1541	2.857500e-002	
1542	3.042500e-002	
1543	2.880000e-002	
1544	2.965000e-002	
1545	2.992500e-002	
1546	2.952500e-002	
1547	2.975000e-002	
1548	3.085000e-002	
1549	3.065000e-002	
1550	2.995000e-002	
1551	3.042500e-002	
1552	2.967500e-002	
1553	2.942500e-002	
1554	3.050000e-002	
1555	3.097500e-002	
1556	2.862500e-002	
1557	2.790000e-002	
1558	2.820000e-002	
1559	2.832500e-002	
1560	2.892500e-002	
1561	2.892500e-002	
1562	2.952500e-002	
1563	2.920000e-002	
1564	2.862500e-002	
1565	2.965000e-002	
1566	3.027500e-002	
1567	3.050000e-002	
1568	3.077500e-002	
1569	3.077500e-002	
1570	3.250000e-002	
1571	3.227500e-002	
1572	3.220000e-002	
1573	3.062500e-002	
1574	2.957500e-002	
1575	2.757500e-002	
1576	2.565000e-002	
1577	2.610000e-002	
1578	2.692500e-002	
1579	2.627500e-002	
1580	2.665000e-002	
1581	2.635000e-002	
1582	2.830000e-002	
1583	2.782500e-002	
1584	2.765000e-002	
1585	2.932500e-002	
1586	3.017500e-002	
1587	3.000000e-002	
1588	2.890000e-002	
1589	3.075000e-002	
1590	3.057500e-002	
1591	3.272500e-002	
1592	3.215000e-002	
1593	3.177500e-002	
1594	3.075000e-002	
1595	2.867500e-002	
1596	3.045000e-002	
1597	3.037500e-002	
1598	3.032500e-002	
1599	3.112500e-002	
1600	3.000000e-002	
1601	2.862500e-002	
1602	2.652500e-002	
1603	2.692500e-002	
1604	2.650000e-002	
1605	2.772500e-002	
1606	2.890000e-002	
1607	2.977500e-002	
1608	3.120000e-002	
1609	3.197500e-002	
1610	2.947500e-002	
1611	3.135000e-002	
1612	2.910000e-002	
1613	3.052500e-002	
1614	2.920000e-002	
1615	2.950000e-002	
1616	2.842500e-002	
1617	2.647500e-002	
1618	2.657500e-002	
1619	2.662500e-002	
1620	2.715000e-002	
1621	2.792500e-002	
1622	2.740000e-002	
1623	2.950000e-002	
1624	2.870000e-002	
1625	2.795000e-002	
1626	3.022500e-002	
1627	2.830000e-002	
1628	2.935000e-002	
1629	3.117500e-002	
1630	3.065000e-002	
1631	2.995000e-002	
1632	2.895000e-002	
1633	2.967500e-002	
1634	3.085000e-002	
1635	3.332500e-002	
1636	3.382500e-002	
1637	3.367500e-002	
1638	3.297500e-002	
1639	3.255000e-002	
1640	3.222500e-002	
1641	3.157500e-002	
1642	2.992500e-002	
1643	2.962500e-002	
1644	2.715000e-002	
1645	2.620000e-002	
1646	2.502500e-002	
1647	2.535000e-002	
1648	2.642500e-002	
1649	2.752500e-002	
1650	2.782500e-002	
1651	2.820000e-002	
1652	2.907500e-002	
1653	3.015000e-002	
1654	3.142500e-002	
1655	3.200000e-002	
1656	3.085000e-002	
1657	3.037500e-002	
1658	3.077500e-002	
1659	3.235000e-002	
1660	3.302500e-002	
1661	3.362500e-002	
1662	3.387500e-002	
1663	3.222500e-002	
1664	3.127500e-002	
1665	2.922500e-002	
1666	2.810000e-002	
1667	2.632500e-002	
1668	2.660000e-002	
1669	2.692500e-002	
1670	2.627500e-002	
1671	2.622500e-002	
1672	2.740000e-002	
1673	2.812500e-002	
1674	2.827500e-002	
1675	2.787500e-002	
1676	2.700000e-002	
1677	2.887500e-002	
1678	2.810000e-002	
1679	2.842500e-002	
1680	2.887500e-002	
1681	2.825000e-002	
1682	2.832500e-002	
1683	2.872500e-002	
1684	3.062500e-002	
1685	3.270000e-002	
1686	3.237500e-002	
1687	3.102500e-002	
1688	2.940000e-002	
1689	2.852500e-002	
1690	2.712500e-002	
1691	2.825000e-002	
1692	3.007500e-002	
1693	2.927500e-002	
1694	2.987500e-002	
1695	3.087500e-002	
1696	3.177500e-002	
1697	3.072500e-002	
1698	2.837500e-002	
1699	2.930000e-002	
1700	2.967500e-002	
1701	2.980000e-002	
1702	2.967500e-002	
1703	2.882500e-002	
1704	2.887500e-002	
1705	2.757500e-002	
1706	2.875000e-002	
1707	2.922500e-002	
1708	2.902500e-002	
1709	3.052500e-002	
1710	3.037500e-002	
1711	3.022500e-002	
1712	2.975000e-002	
1713	3.185000e-002	
1714	3.005000e-002	
1715	2.827500e-002	
1716	2.852500e-002	
1717	2.892500e-002	
1718	2.855000e-002	
1719	2.945000e-002	
1720	2.895000e-002	
1721	3.050000e-002	
1722	3.092500e-002	
1723	2.990000e-002	
1724	3.002500e-002	
1725	3.062500e-002	
1726	3.052500e-002	
1727	3.102500e-002	
1728	2.877500e-002	
1729	3.067500e-002	
1730	2.947500e-002	
1731	2.922500e-002	
1732	2.917500e-002	
1733	3.005000e-002	
1734	3.012500e-002	
1735	3.055000e-002	
1736	3.127500e-002	
1737	2.965000e-002	
1738	2.802500e-002	
1739	2.670000e-002	
1740	2.702500e-002	
1741	2.750000e-002	
1742	2.747500e-002	
1743	2.827500e-002	
1744	2.820000e-002	
1745	2.705000e-002	
1746	2.802500e-002	
1747	2.787500e-002	
1748	2.842500e-002	
1749	2.895000e-002	
1750	2.830000e-002	
1751	3.087500e-002	
1752	3.147500e-002	
1753	3.147500e-002	
1754	3.060000e-002	
1755	3.140000e-002	
1756	3.242500e-002	
1757	3.090000e-002	
1758	3.007500e-002	
1759	3.007500e-002	
1760	2.895000e-002	
1761	2.835000e-002	
1762	2.705000e-002	
1763	2.757500e-002	
1764	2.845000e-002	
1765	2.817500e-002	
1766	2.857500e-002	
1767	2.717500e-002	
1768	2.742500e-002	
1769	2.812500e-002	
1770	2.865000e-002	
1771	2.822500e-002	
1772	2.937500e-002	
1773	2.955000e-002	
1774	2.980000e-002	
1775	2.992500e-002	
1776	2.962500e-002	
1777	2.937500e-002	
1778	2.667500e-002	
1779	2.842500e-002	
1780	2.857500e-002	
1781	2.972500e-002	
1782	3.107500e-002	
1783	3.117500e-002	
1784	3.107500e-002	
1785	2.955000e-002	
1786	2.880000e-002	
1787	2.950000e-002	
1788	2.902500e-002	
1789	2.905000e-002	
1790	2.880000e-002	
1791	2.917500e-002	
1792	3.002500e-002	
1793	3.035000e-002	
1794	3.085000e-002	
1795	2.942500e-002	
1796	2.960000e-002	
1797	2.875000e-002	
1798	3.075000e-002	
1799	3.100000e-002	
1800	3.030000e-002	
1801	2.915000e-002	
1802	2.915000e-002	
1803	3.062500e-002	
1804	2.900000e-002	
1805	3.000000e-002	
1806	3.107500e-002	
1807	2.945000e-002	
1808	2.890000e-002	
1809	2.862500e-002	
1810	3.020000e-002	
1811	2.985000e-002	
1812	2.885000e-002	
1813	2.895000e-002	
1814	2.970000e-002	
1815	3.072500e-002	
1816	2.952500e-002	
1817	2.937500e-002	
1818	2.962500e-002	
1819	3.045000e-002	
1820	2.842500e-002	
1821	2.810000e-002	
1822	2.795000e-002	
1823	2.677500e-002	
1824	2.747500e-002	
1825	2.850000e-002	
1826	2.985000e-002	
1827	3.017500e-002	
1828	2.982500e-002	
1829	2.937500e-002	
1830	2.950000e-002	
1831	3.030000e-002	
1832	3.172500e-002	
1833	3.210000e-002	
1834	3.195000e-002	
1835	3.107500e-002	
1836	3.162500e-002	
1837	3.032500e-002	
1838	2.952500e-002	
1839	2.992500e-002	
1840	2.962500e-002	
1841	2.987500e-002	
1842	3.005000e-002	
1843	3.090000e-002	
1844	2.922500e-002	
1845	3.077500e-002	
1846	3.017500e-002	
1847	2.797500e-002	
1848	2.767500e-002	
1849	2.757500e-002	
1850	2.932500e-002	
1851	2.870000e-002	
1852	2.820000e-002	
1853	2.762500e-002	
1854	2.802500e-002	
1855	2.947500e-002	
1856	3.210000e-002	
1857	3.187500e-002	
1858	3.172500e-002	
1859	3.240000e-002	
1860	3.337500e-002	
1861	3.387500e-002	
1862	3.387500e-002	
1863	3.367500e-002	
1864	3.097500e-002	
1865	2.872500e-002	
1866	2.770000e-002	
1867	2.655000e-002	
1868	2.567500e-002	
1869	2.595000e-002	
1870	2.627500e-002	
1871	2.607500e-002	
1872	2.647500e-002	
1873	2.885000e-002	
1874	2.830000e-002	
1875	2.777500e-002	
1876	2.830000e-002	
1877	2.855000e-002	
1878	2.950000e-002	
1879	2.975000e-002	
1880	3.137500e-002	
1881	3.302500e-002	
1882	3.332500e-002	
1883	3.280000e-002	
1884	3.327500e-002	
1885	3.192500e-002	
1886	3.015000e-002	
1887	2.885000e-002	
1888	2.835000e-002	
1889	2.795000e-002	
1890	2.712500e-002	
1891	2.570000e-002	
1892	2.712500e-002	
1893	2.815000e-002	
1894	2.840000e-002	
1895	2.867500e-002	
1896	2.815000e-002	
1897	2.745000e-002	
1898	2.882500e-002	
1899	2.835000e-002	
1900	2.857500e-002	
1901	2.985000e-002	
1902	2.972500e-002	
1903	2.912500e-002	
1904	3.020000e-002	
1905	2.840000e-002	
1906	2.962500e-002	
1907	3.012500e-002	
1908	2.930000e-002	
1909	2.922500e-002	
1910	2.997500e-002	
1911	3.070000e-002	
1912	3.135000e-002	
1913	3.107500e-002	
1914	3.057500e-002	
1915	3.027500e-002	
1916	2.790000e-002	
1917	2.735000e-002	
1918	2.730000e-002	
1919	2.807500e-002	
1920	2.937500e-002	
1921	2.907500e-002	
1922	2.947500e-002	
1923	3.007500e-002	
1924	2.977500e-002	
1925	2.822500e-002	
1926	2.865000e-002	
1927	2.925000e-002	
1928	3.005000e-002	
1929	2.917500e-002	
1930	2.950000e-002	
1931	3.040000e-002	
1932	3.237500e-002	
1933	3.320000e-002	
1934	3.387500e-002	
1935	3.242500e-002	
1936	3.037500e-002	
1937	2.975000e-002	
1938	2.925000e-002	
1939	2.907500e-002	
1940	2.917500e-002	
1941	2.802500e-002	
1942	2.747500e-002	
1943	2.885000e-002	
1944	2.812500e-002	
1945	2.735000e-002	
1946	2.630000e-002	
1947	2.892500e-002	
1948	2.982500e-002	
1949	2.892500e-002	
1950	2.875000e-002	
1951	2.980000e-002	
1952	2.922500e-002	
1953	3.037500e-002	
1954	3.145000e-002	
1955	3.147500e-002	
1956	3.047500e-002	
1957	3.055000e-002	
1958	3.042500e-002	
1959	3.010000e-002	
1960	3.042500e-002	
1961	3.025000e-002	
1962	3.035000e-002	
1963	2.940000e-002	
1964	2.927500e-002	
1965	2.847500e-002	
1966	2.832500e-002	
1967	2.985000e-002	
1968	3.132500e-002	
1969	3.037500e-002	
1970	3.072500e-002	
1971	3.160000e-002	
1972	3.185000e-002	
1973	3.200000e-002	
1974	3.165000e-002	
1975	3.232500e-002	
1976	3.185000e-002	
1977	3.060000e-002	
1978	3.010000e-002	
1979	3.022500e-002	
1980	3.030000e-002	
1981	3.007500e-002	
1982	2.995000e-002	
1983	2.872500e-002	
1984	2.927500e-002	
1985	2.875000e-002	
1986	2.930000e-002	
1987	2.805000e-002	
1988	2.675000e-002	
1989	2.722500e-002	
1990	2.647500e-002	
1991	2.650000e-002	
1992	2.602500e-002	
1993	2.702500e-002	
1994	2.862500e-002	
1995	3.185000e-002	
1996	3.217500e-002	
1997	3.195000e-002	
1998	3.212500e-002	
1999	3.207500e-002	
2000	3.162500e-002	
2001	3.217500e-002	
2002	3.217500e-002	
2003	3.140000e-002	
2004	3.152500e-002	
2005	3.177500e-002	
2006	3.007500e-002	
2007	2.885000e-002	
2008	2.832500e-002	
2009	2.817500e-002	
2010	2.682500e-002	
2011	2.645000e-002	
2012	2.707500e-002	
2013	2.752500e-002	
2014	2.805000e-002	
2015	2.722500e-002	
2016	2.737500e-002	
2017	2.822500e-002	
2018	2.907500e-002	
2019	2.927500e-002	
2020	3.035000e-002	
2021	3.150000e-002	
2022	3.237500e-002	
2023	3.262500e-002	
2024	3.580000e-002	
2025	3.592500e-002	
2026	3.480000e-002	
2027	3.427500e-002	
2028	3.300000e-002	
2029	3.160000e-002	
2030	3.052500e-002	
2031	2.975000e-002	
2032	2.887500e-002	
2033	2.710000e-002	
2034	2.680000e-002	
2035	2.525000e-002	
2036	2.500000e-002	
2037	2.625000e-002	
2038	2.567500e-002	
2039	2.700000e-002	
2040	2.840000e-002	
2041	2.837500e-002	
2042	2.962500e-002	
2043	3.102500e-002	
2044	3.075000e-002	
2045	3.155000e-002	
2046	3.255000e-002	
2047	3.055000e-002	
2048	3.217500e-002	
2049	3.295000e-002	
2050	3.392500e-002	
2051	3.420000e-002	
2052	3.312500e-002	
2053	3.075000e-002	
2054	2.815000e-002	
2055	2.765000e-002	
2056	2.885000e-002	
2057	2.862500e-002	
2058	2.825000e-002	
2059	2.735000e-002	
2060	2.565000e-002	
2061	2.640000e-002	
2062	2.642500e-002	
2063	2.787500e-002	
2064	2.915000e-002	
2065	2.887500e-002	
2066	3.042500e-002	
2067	3.225000e-002	
2068	3.232500e-002	
2069	3.105000e-002	
2070	3.052500e-002	
2071	2.952500e-002	
2072	3.035000e-002	
2073	2.965000e-002	
2074	3.052500e-002	
2075	3.145000e-002	
2076	3.177500e-002	
2077	3.015000e-002	
2078	2.950000e-002	
2079	3.057500e-002	
2080	3.150000e-002	
2081	3.142500e-002	
2082	2.992500e-002	
2083	2.927500e-002	
2084	3.115000e-002	
2085	3.117500e-002	
2086	3.082500e-002	
2087	2.960000e-002	
2088	2.842500e-002	
2089	2.857500e-002	
2090	2.950000e-002	
2091	2.957500e-002	
2092	2.885000e-002	
2093	2.695000e-002	
2094	2.827500e-002	
2095	2.830000e-002	
2096	2.832500e-002	
2097	2.785000e-002	
2098	2.865000e-002	
2099	3.042500e-002	
2100	3.195000e-002	
2101	3.267500e-002	
2102	3.350000e-002	
2103	3.332500e-002	
2104	3.327500e-002	
2105	3.385000e-002	
2106	3.300000e-002	
2107	3.167500e-002	
2108	3.087500e-002	
2109	2.962500e-002	
2110	2.657500e-002	
2111	2.547500e-002	
2112	2.545000e-002	
2113	2.585000e-002	
2114	2.540000e-002	
2115	2.657500e-002	
2116	2.752500e-002	
2117	2.757500e-002	
2118	2.865000e-002	
2119	2.900000e-002	
2120	2.832500e-002	
2121	2.762500e-002	
2122	2.795000e-002	
2123	2.852500e-002	
2124	2.950000e-002	
2125	3.190000e-002	
2126	3.137500e-002	
2127	3.102500e-002	
2128	3.070000e-002	
2129	2.910000e-002	
2130	3.007500e-002	
2131	2.925000e-002	
2132	2.915000e-002	
2133	2.995000e-002	
2134	3.022500e-002	
2135	2.957500e-002	
2136	2.945000e-002	
2137	2.957500e-002	
2138	3.067500e-002	
2139	3.115000e-002	
2140	3.152500e-002	
2141	3.052500e-002	
2142	2.932500e-002	
2143	3.030000e-002	
2144	2.895000e-002	
2145	2.762500e-002	
2146	2.682500e-002	
2147	2.657500e-002	
2148	2.530000e-002	
2149	2.642500e-002	
2150	2.677500e-002	
2151	2.810000e-002	
2152	2.917500e-002	
2153	2.902500e-002	
2154	2.892500e-002	
2155	3.052500e-002	
2156	3.107500e-002	
2157	3.075000e-002	
2158	3.077500e-002	
2159	3.032500e-002	
2160	3.202500e-002	
2161	3.190000e-002	
2162	3.122500e-002	
2163	3.167500e-002	
2164	3.242500e-002	
2165	3.265000e-002	
2166	3.140000e-002	
2167	2.937500e-002	
2168	2.847500e-002	
2169	2.802500e-002	
2170	2.765000e-002	
2171	2.802500e-002	
2172	2.872500e-002	
2173	3.017500e-002	
2174	3.012500e-002	
2175	3.112500e-002	
2176	3.197500e-002	
2177	3.172500e-002	
2178	3.065000e-002	
2179	3.022500e-002	
2180	2.852500e-002	
2181	2.725000e-002	
2182	2.802500e-002	
2183	2.867500e-002	
2184	2.932500e-002	
2185	2.925000e-002	
2186	2.910000e-002	
2187	2.922500e-002	
2188	3.070000e-002	
2189	3.055000e-002	
2190	2.807500e-002	
2191	2.815000e-002	
2192	2.767500e-002	
2193	2.717500e-002	
2194	2.842500e-002	
2195	2.872500e-002	
2196	2.990000e-002	
2197	3.150000e-002	
2198	3.092500e-002	
2199	3.240000e-002	
2200	3.257500e-002	
2201	3.155000e-002	
2202	3.165000e-002	
2203	3.000000e-002	
2204	2.977500e-002	
2205	2.860000e-002	
2206	2.777500e-002	
2207	2.765000e-002	
2208	2.582500e-002	
2209	2.660000e-002	
2210	2.845000e-002	
2211	2.962500e-002	
2212	2.877500e-002	
2213	2.862500e-002	
2214	2.967500e-002	
2215	2.855000e-002	
2216	2.892500e-002	
2217	2.922500e-002	
2218	2.982500e-002	
2219	2.967500e-002	
2220	3.050000e-002	
2221	3.067500e-002	
2222	3.212500e-002	
2223	3.200000e-002	
2224	3.195000e-002	
2225	3.380000e-002	
2226	3.252500e-002	
2227	3.237500e-002	
2228	3.150000e-002	
2229	3.042500e-002	
2230	2.957500e-002	
2231	2.790000e-002	
2232	2.505000e-002	
2233	2.547500e-002	
2234	2.390000e-002	
2235	2.440000e-002	
2236	2.460000e-002	
2237	2.612500e-002	
2238	2.697500e-002	
2239	2.837500e-002	
2240	2.920000e-002	
2241	2.822500e-002	
2242	2.852500e-002	
2243	2.987500e-002	
2244	3.002500e-002	
2245	3.147500e-002	
2246	3.272500e-002	
2247	3.347500e-002	
2248	3.220000e-002	
2249	3.155000e-002	
2250	3.207500e-002	
2251	3.170000e-002	
2252	3.220000e-002	
2253	3.317500e-002	
2254	3.250000e-002	
2255	2.960000e-002	
2256	2.737500e-002	
2257	2.532500e-002	
2258	2.540000e-002	
2259	2.662500e-002	
2260	2.697500e-002	
2261	2.820000e-002	
2262	2.732500e-002	
2263	2.870000e-002	
2264	2.992500e-002	
2265	3.115000e-002	
2266	3.187500e-002	
2267	3.160000e-002	
2268	3.012500e-002	
2269	3.070000e-002	
2270	3.140000e-002	
2271	3.287500e-002	
2272	3.277500e-002	
2273	3.465000e-002	
2274	3.505000e-002	
2275	3.362500e-002	
2276	3.145000e-002	
2277	2.917500e-002	
2278	2.750000e-002	
2279	2.662500e-002	
2280	2.485000e-002	
2281	2.445000e-002	
2282	2.522500e-002	
2283	2.490000e-002	
2284	2.502500e-002	
2285	2.685000e-002	
2286	2.847500e-002	
2287	2.925000e-002	
2288	3.117500e-002	
2289	3.347500e-002	
2290	3.555000e-002	
2291	3.532500e-002	
2292	3.495000e-002	
2293	3.402500e-002	
2294	3.480000e-002	
2295	3.395000e-002	
2296	3.312500e-002	
2297	3.087500e-002	
2298	3.012500e-002	
2299	2.692500e-002	
2300	2.520000e-002	
2301	2.492500e-002	
2302	2.332500e-002	
2303	2.405000e-002	
2304	2.520000e-002	
2305	2.590000e-002	
2306	2.607500e-002	
2307	2.727500e-002	
2308	2.850000e-002	
2309	2.805000e-002	
2310	2.830000e-002	
2311	2.785000e-002	
2312	2.980000e-002	
2313	3.035000e-002	
2314	3.042500e-002	
2315	3.262500e-002	
2316	3.375000e-002	
2317	3.352500e-002	
2318	3.295000e-002	
2319	3.160000e-002	
2320	2.920000e-002	
2321	2.847500e-002	
2322	2.670000e-002	
2323	2.672500e-002	
2324	2.687500e-002	
2325	2.822500e-002	
2326	2.812500e-002	
2327	2.920000e-002	
2328	3.152500e-002	
2329	3.175000e-002	
2330	3.390000e-002	
2331	3.165000e-002	
2332	3.215000e-002	
2333	3.195000e-002	
2334	3.172500e-002	
2335	3.010000e-002	
2336	2.897500e-002	
2337	2.802500e-002	
2338	2.795000e-002	
2339	2.757500e-002	
2340	2.855000e-002	
2341	2.865000e-002	
2342	2.802500e-002	
2343	2.845000e-002	
2344	2.905000e-002	
2345	2.882500e-002	
2346	2.897500e-002	
2347	2.847500e-002	
2348	3.020000e-002	
2349	3.082500e-002	
2350	3.087500e-002	
2351	3.082500e-002	
2352	3.037500e-002	
2353	3.005000e-002	
2354	2.877500e-002	
2355	2.907500e-002	
2356	2.945000e-002	
2357	2.930000e-002	
2358	3.087500e-002	
2359	2.935000e-002	
2360	2.805000e-002	
2361	2.775000e-002	
2362	2.680000e-002	
2363	2.657500e-002	
2364	2.597500e-002	
2365	2.690000e-002	
2366	2.817500e-002	
2367	2.920000e-002	
2368	2.862500e-002	
2369	3.090000e-002	
2370	3.110000e-002	
2371	3.092500e-002	
2372	3.190000e-002	
2373	3.090000e-002	
2374	3.125000e-002	
2375	3.057500e-002	
2376	3.037500e-002	
2377	3.092500e-002	
2378	3.097500e-002	
2379	3.065000e-002	
2380	2.877500e-002	
2381	2.792500e-002	
2382	2.772500e-002	
2383	2.805000e-002	
2384	2.772500e-002	
2385	2.972500e-002	
2386	2.945000e-002	
2387	2.925000e-002	
2388	2.955000e-002	
2389	2.840000e-002	
2390	2.742500e-002	
2391	2.900000e-002	
2392	2.877500e-002	
2393	2.947500e-002	
2394	3.002500e-002	
2395	3.105000e-002	
2396	3.165000e-002	
2397	3.242500e-002	
2398	3.182500e-002	
2399	3.175000e-002	
2400	3.212500e-002	
2401	2.960000e-002	
2402	2.952500e-002	
2403	2.950000e-002	
2404	2.942500e-002	
2405	3.032500e-002	
2406	3.150000e-002	
2407	3.047500e-002	
2408	2.935000e-002	
2409	2.845000e-002	
2410	2.735000e-002	
2411	2.780000e-002	
2412	2.640000e-002	
2413	2.545000e-002	
2414	2.620000e-002	
2415	2.777500e-002	
2416	2.850000e-002	
2417	2.920000e-002	
2418	3.017500e-002	
2419	3.060000e-002	
2420	3.075000e-002	
2421	3.032500e-002	
2422	2.847500e-002	
2423	2.750000e-002	
2424	2.695000e-002	
2425	2.722500e-002	
2426	3.000000e-002	
2427	2.955000e-002	
2428	2.815000e-002	
2429	2.825000e-002	
2430	2.962500e-002	
2431	3.002500e-002	
2432	2.980000e-002	
2433	2.882500e-002	
2434	2.962500e-002	
2435	2.932500e-002	
2436	2.985000e-002	
2437	3.037500e-002	
2438	3.062500e-002	
2439	2.905000e-002	
2440	2.837500e-002	
2441	3.055000e-002	
2442	3.057500e-002	
2443	3.002500e-002	
2444	3.147500e-002	
2445	2.965000e-002	
2446	3.065000e-002	
2447	2.867500e-002	
2448	3.030000e-002	
2449	2.950000e-002	
2450	2.962500e-002	
2451	3.030000e-002	
2452	2.982500e-002	
2453	2.945000e-002	
2454	3.152500e-002	
2455	3.205000e-002	
2456	3.272500e-002	
2457	3.287500e-002	
2458	3.037500e-002	
2459	2.995000e-002	
2460	2.742500e-002	
2461	2.737500e-002	
2462	2.852500e-002	
2463	2.912500e-002	
2464	3.015000e-002	
2465	2.950000e-002	
2466	2.812500e-002	
2467	2.870000e-002	
2468	2.860000e-002	
2469	2.822500e-002	
2470	2.815000e-002	
2471	3.007500e-002	
2472	2.962500e-002	
2473	2.960000e-002	
2474	3.105000e-002	
2475	3.017500e-002	
2476	2.992500e-002	
2477	3.087500e-002	
2478	3.115000e-002	
2479	3.140000e-002	
2480	3.157500e-002	
2481	3.145000e-002	
2482	3.010000e-002	
2483	3.000000e-002	
2484	3.005000e-002	
2485	2.922500e-002	
2486	2.825000e-002	
2487	2.875000e-002	
2488	2.977500e-002	
2489	2.900000e-002	
2490	2.992500e-002	
2491	2.992500e-002	
2492	2.987500e-002	
2493	3.132500e-002	
2494	3.137500e-002	
2495	3.077500e-002	
2496	3.242500e-002	
2497	3.007500e-002	
2498	2.930000e-002	
2499	2.872500e-002	
2500	2.927500e-002	
2501	3.005000e-002	
2502	3.002500e-002	
2503	3.032500e-002	
2504	3.010000e-002	
2505	3.127500e-002	
2506	3.090000e-002	
2507	2.987500e-002	
2508	2.890000e-002	
2509	2.755000e-002	
2510	2.730000e-002	
2511	3.000000e-002	
2512	3.022500e-002	
2513	3.022500e-002	
2514	3.222500e-002	
2515	3.130000e-002	
2516	3.000000e-002	
2517	2.862500e-002	
2518	2.910000e-002	
2519	3.027500e-002	
2520	3.100000e-002	
2521	2.987500e-002	
2522	2.975000e-002	
2523	2.995000e-002	
2524	2.937500e-002	
2525	2.765000e-002	
2526	2.705000e-002	
2527	2.872500e-002	
2528	3.040000e-002	
2529	3.110000e-002	
2530	3.097500e-002	
2531	2.977500e-002	
2532	3.050000e-002	
2533	3.172500e-002	
2534	3.302500e-002	
2535	3.290000e-002	
2536	3.197500e-002	
2537	3.092500e-002	
2538	3.020000e-002	
2539	3.042500e-002	
2540	3.135000e-002	
2541	2.922500e-002	
2542	2.867500e-002	
2543	2.770000e-002	
2544	2.737500e-002	
2545	2.827500e-002	
2546	2.840000e-002	
2547	2.685000e-002	
2548	2.767500e-002	
2549	2.762500e-002	
2550	2.732500e-002	
2551	2.735000e-002	
2552	2.795000e-002	
2553	2.947500e-002	
2554	3.025000e-002	
2555	3.137500e-002	
2556	3.232500e-002	
2557	3.260000e-002	
2558	3.232500e-002	
2559	3.077500e-002	
2560	3.022500e-002	
2561	3.017500e-002	
2562	2.930000e-002	
2563	2.870000e-002	
2564	2.757500e-002	
2565	2.727500e-002	
2566	2.892500e-002	
2567	3.002500e-002	
2568	2.985000e-002	
2569	3.050000e-002	
2570	3.132500e-002	
2571	3.012500e-002	
2572	2.925000e-002	
2573	3.062500e-002	
2574	2.972500e-002	
2575	2.957500e-002	
2576	3.097500e-002	
2577	3.145000e-002	
2578	3.072500e-002	
2579	3.212500e-002	
2580	3.237500e-002	
2581	3.295000e-002	
2582	3.312500e-002	
2583	3.145000e-002	
2584	3.132500e-002	
2585	3.082500e-002	
2586	2.927500e-002	
2587	2.872500e-002	
2588	2.682500e-002	
2589	2.750000e-002	
2590	2.875000e-002	
2591	2.807500e-002	
2592	2.885000e-002	
2593	2.882500e-002	
2594	2.920000e-002	
2595	2.860000e-002	
2596	2.895000e-002	
2597	2.867500e-002	
2598	3.052500e-002	
2599	3.100000e-002	
2600	3.240000e-002	
2601	3.085000e-002	
2602	3.077500e-002	
2603	3.067500e-002	
2604	3.065000e-002	
2605	3.055000e-002	
2606	2.957500e-002	
2607	2.965000e-002	
2608	2.857500e-002	
2609	2.802500e-002	
2610	2.860000e-002	
2611	2.885000e-002	
2612	2.882500e-002	
2613	2.875000e-002	
2614	2.927500e-002	
2615	2.827500e-002	
2616	2.800000e-002	
2617	2.867500e-002	
2618	2.932500e-002	
2619	2.805000e-002	
2620	2.825000e-002	
2621	2.897500e-002	
2622	3.067500e-002	
2623	3.172500e-002	
2624	3.057500e-002	
2625	2.832500e-002	
2626	2.952500e-002	
2627	2.965000e-002	
2628	3.147500e-002	
2629	3.165000e-002	
2630	3.030000e-002	
2631	3.155000e-002	
2632	3.042500e-002	
2633	3.075000e-002	
2634	3.062500e-002	
2635	3.065000e-002	
2636	3.167500e-002	
2637	2.985000e-002	
2638	2.877500e-002	
2639	2.837500e-002	
2640	2.847500e-002	
2641	2.752500e-002	
2642	2.737500e-002	
2643	2.840000e-002	
2644	2.725000e-002	
2645	2.702500e-002	
2646	2.772500e-002	
2647	2.645000e-002	
2648	2.612500e-002	
2649	2.792500e-002	
2650	2.767500e-002	
2651	2.692500e-002	
2652	2.892500e-002	
2653	2.912500e-002	
2654	2.817500e-002	
2655	2.827500e-002	
2656	2.955000e-002	
2657	3.065000e-002	
2658	3.107500e-002	
2659	3.065000e-002	
2660	3.292500e-002	
2661	3.207500e-002	
2662	3.197500e-002	
2663	3.190000e-002	
2664	3.230000e-002	
2665	2.990000e-002	
2666	3.010000e-002	
2667	2.975000e-002	
2668	2.985000e-002	
2669	2.765000e-002	
2670	2.685000e-002	
2671	2.657500e-002	
2672	2.680000e-002	
2673	2.637500e-002	
2674	2.665000e-002	
2675	2.547500e-002	
2676	2.765000e-002	
2677	2.952500e-002	
2678	3.032500e-002	
2679	3.107500e-002	
2680	3.110000e-002	
2681	3.210000e-002	
2682	3.177500e-002	
2683	3.125000e-002	
2684	3.032500e-002	
2685	3.252500e-002	
2686	3.175000e-002	
2687	3.227500e-002	
2688	3.195000e-002	
2689	3.117500e-002	
2690	3.057500e-002	
2691	2.915000e-002	
2692	3.025000e-002	
2693	2.962500e-002	
2694	2.967500e-002	
2695	3.067500e-002	
2696	2.925000e-002	
2697	2.860000e-002	
2698	2.812500e-002	
2699	2.630000e-002	
2700	2.692500e-002	
2701	2.845000e-002	
2702	2.950000e-002	
2703	3.240000e-002	
2704	3.162500e-002	
2705	3.217500e-002	
2706	3.177500e-002	
2707	3.110000e-002	
2708	3.047500e-002	
2709	3.225000e-002	
2710	3.362500e-002	
2711	3.110000e-002	
2712	2.975000e-002	
2713	2.940000e-002	
2714	2.717500e-002	
2715	2.735000e-002	
2716	2.795000e-002	
2717	2.795000e-002	
2718	2.740000e-002	
2719	2.782500e-002	
2720	2.865000e-002	
2721	2.805000e-002	
2722	2.770000e-002	
2723	2.675000e-002	
2724	2.722500e-002	
2725	2.792500e-002	
2726	2.940000e-002	
2727	3.027500e-002	
2728	2.992500e-002	
2729	2.965000e-002	
2730	2.975000e-002	
2731	2.877500e-002	
2732	2.745000e-002	
2733	2.857500e-002	
2734	2.892500e-002	
2735	2.925000e-002	
2736	2.982500e-002	
2737	2.985000e-002	
2738	2.780000e-002	
2739	2.695000e-002	
2740	2.707500e-002	
2741	2.845000e-002	
2742	2.760000e-002	
2743	2.795000e-002	
2744	3.137500e-002	
2745	3.237500e-002	
2746	3.140000e-002	
2747	3.175000e-002	
2748	3.172500e-002	
2749	3.175000e-002	
2750	3.067500e-002	
2751	3.102500e-002	
2752	3.122500e-002	
2753	3.110000e-002	
2754	2.992500e-002	
2755	3.127500e-002	
2756	3.125000e-002	
2757	3.090000e-002	
2758	3.060000e-002	
2759	2.915000e-002	
2760	2.902500e-002	
2761	2.910000e-002	
2762	2.805000e-002	
2763	2.855000e-002	
2764	2.800000e-002	
2765	2.772500e-002	
2766	2.885000e-002	
2767	2.817500e-002	
2768	2.830000e-002	
2769	2.935000e-002	
2770	2.792500e-002	
2771	2.925000e-002	
2772	3.010000e-002	
2773	3.017500e-002	
2774	3.045000e-002	
2775	3.152500e-002	
2776	3.267500e-002	
2777	3.315000e-002	
2778	3.255000e-002	
2779	3.175000e-002	
2780	3.100000e-002	
2781	3.182500e-002	
2782	3.192500e-002	
2783	3.047500e-002	
2784	2.907500e-002	
2785	2.810000e-002	
2786	2.772500e-002	
2787	2.777500e-002	
2788	2.762500e-002	
2789	2.672500e-002	
2790	2.847500e-002	
2791	2.867500e-002	
2792	2.815000e-002	
2793	2.940000e-002	
2794	2.825000e-002	
2795	2.852500e-002	
2796	2.890000e-002	
2797	3.067500e-002	
2798	3.110000e-002	
2799	3.010000e-002	
2800	2.900000e-002	
2801	2.945000e-002	
2802	2.962500e-002	
2803	2.785000e-002	
2804	2.720000e-002	
2805	2.802500e-002	
2806	2.712500e-002	
2807	2.872500e-002	
2808	3.085000e-002	
2809	2.915000e-002	
2810	2.887500e-002	
2811	2.832500e-002	
2812	2.755000e-002	
2813	2.780000e-002	
2814	2.785000e-002	
2815	2.935000e-002	
2816	2.912500e-002	
2817	3.030000e-002	
2818	2.920000e-002	
2819	2.950000e-002	
2820	3.092500e-002	
2821	3.105000e-002	
2822	3.080000e-002	
2823	2.970000e-002	
2824	2.890000e-002	
2825	2.980000e-002	
2826	3.060000e-002	
2827	3.087500e-002	
2828	3.257500e-002	
2829	3.157500e-002	
2830	3.137500e-002	
2831	3.160000e-002	
2832	3.180000e-002	
2833	3.155000e-002	
2834	3.240000e-002	
2835	3.290000e-002	
2836	3.270000e-002	
2837	3.130000e-002	
2838	3.082500e-002	
2839	2.992500e-002	
2840	2.970000e-002	
2841	2.967500e-002	
2842	2.757500e-002	
2843	2.800000e-002	
2844	3.035000e-002	
2845	2.855000e-002	
2846	2.832500e-002	
2847	2.767500e-002	
2848	2.757500e-002	
2849	2.870000e-002	
2850	2.800000e-002	
2851	2.632500e-002	
2852	2.657500e-002	
2853	2.515000e-002	
2854	2.575000e-002	
2855	2.737500e-002	
2856	2.865000e-002	
2857	2.950000e-002	
2858	3.030000e-002	
2859	3.095000e-002	
2860	3.307500e-002	
2861	3.312500e-002	
2862	3.380000e-002	
2863	3.335000e-002	
2864	3.112500e-002	
2865	3.087500e-002	
2866	3.065000e-002	
2867	3.007500e-002	
2868	2.942500e-002	
2869	2.792500e-002	
2870	2.652500e-002	
2871	2.655000e-002	
2872	2.720000e-002	
2873	2.785000e-002	
2874	2.805000e-002	
2875	2.640000e-002	
2876	2.615000e-002	
2877	2.677500e-002	
2878	2.577500e-002	
2879	2.560000e-002	
2880	2.527500e-002	
2881	2.762500e-002	
2882	2.907500e-002	
2883	2.887500e-002	
2884	2.917500e-002	
2885	3.042500e-002	
2886	3.117500e-002	
2887	3.182500e-002	
2888	3.120000e-002	
2889	3.092500e-002	
2890	3.140000e-002	
2891	3.010000e-002	
2892	2.947500e-002	
2893	2.982500e-002	
2894	2.970000e-002	
2895	2.900000e-002	
2896	3.012500e-002	
2897	2.985000e-002	
2898	2.995000e-002	
2899	2.952500e-002	
2900	2.845000e-002	
2901	2.710000e-002	
2902	2.687500e-002	
2903	2.862500e-002	
2904	2.927500e-002	
2905	2.845000e-002	
2906	2.872500e-002	
2907	2.902500e-002	
2908	2.925000e-002	
2909	2.960000e-002	
2910	2.877500e-002	
2911	3.042500e-002	
2912	3.150000e-002	
2913	3.200000e-002	
2914	3.225000e-002	
2915	3.147500e-002	
2916	3.042500e-002	
2917	2.905000e-002	
2918	2.925000e-002	
2919	2.865000e-002	
2920	2.860000e-002	
2921	2.825000e-002	
2922	2.887500e-002	
2923	3.062500e-002	
2924	2.947500e-002	
2925	2.902500e-002	
2926	3.020000e-002	
2927	2.835000e-002	
2928	2.845000e-002	
2929	2.812500e-002	
2930	2.837500e-002	
2931	2.907500e-002	
2932	3.155000e-002	
2933	3.175000e-002	
2934	3.135000e-002	
2935	3.155000e-002	
2936	3.215000e-002	
2937	3.132500e-002	
2938	2.935000e-002	
2939	2.760000e-002	
2940	2.805000e-002	
2941	2.745000e-002	
2942	2.800000e-002	
2943	2.780000e-002	
2944	2.780000e-002	
2945	2.870000e-002	
2946	2.770000e-002	
2947	2.702500e-002	
2948	2.785000e-002	
2949	2.860000e-002	
2950	2.857500e-002	
2951	2.900000e-002	
2952	3.060000e-002	
2953	3.030000e-002	
2954	2.997500e-002	
2955	3.005000e-002	
2956	3.037500e-002	
2957	2.990000e-002	
2958	2.875000e-002	
2959	2.960000e-002	
2960	3.010000e-002	
2961	3.105000e-002	
2962	3.140000e-002	
2963	3.007500e-002	
2964	2.842500e-002	
2965	2.745000e-002	
2966	2.795000e-002	
2967	2.732500e-002	
2968	2.682500e-002	
2969	2.850000e-002	
2970	2.785000e-002	
2971	2.702500e-002	
2972	2.742500e-002	
2973	2.757500e-002	
2974	2.827500e-002	
2975	2.797500e-002	
2976	2.957500e-002	
2977	3.020000e-002	
2978	3.210000e-002	
2979	3.087500e-002	
2980	3.020000e-002	
2981	2.987500e-002	
2982	2.935000e-002	
2983	3.072500e-002	
2984	3.060000e-002	
2985	2.947500e-002	
2986	2.932500e-002	
2987	3.140000e-002	
2988	3.062500e-002	
2989	3.045000e-002	
2990	3.127500e-002	
2991	3.180000e-002	
2992	3.010000e-002	
2993	2.762500e-002	
2994	2.752500e-002	
2995	2.835000e-002	
2996	2.875000e-002	
2997	3.007500e-002	
2998	2.932500e-002	
2999	2.975000e-002	
3000	3.135000e-002	
3001	3.142500e-002	
