1	0	
2	5.000000e-005	
3	3.750000e-004	
4	8.250000e-004	
5	1.550000e-003	
6	2.575000e-003	
7	4.525000e-003	
8	7.275000e-003	
9	1.055000e-002	
10	1.437500e-002	
11	1.927500e-002	
12	2.447500e-002	
13	3.210000e-002	
14	3.910000e-002	
15	4.400000e-002	
16	4.932500e-002	
17	5.252500e-002	
18	5.487500e-002	
19	5.785000e-002	
20	6.062500e-002	
21	6.390000e-002	
22	6.705000e-002	
23	7.142500e-002	
24	7.150000e-002	
25	7.217500e-002	
26	7.475000e-002	
27	7.222500e-002	
28	7.485000e-002	
29	7.537500e-002	
30	7.337500e-002	
31	7.142500e-002	
32	7.212500e-002	
33	7.160000e-002	
34	7.190000e-002	
35	7.167500e-002	
36	7.050000e-002	
37	7.265000e-002	
38	7.222500e-002	
39	7.230000e-002	
40	7.245000e-002	
41	7.360000e-002	
42	7.425000e-002	
43	7.585000e-002	
44	7.577500e-002	
45	7.407500e-002	
46	7.417500e-002	
47	6.970000e-002	
48	6.832500e-002	
49	6.862500e-002	
50	7.020000e-002	
51	6.850000e-002	
52	6.817500e-002	
53	6.985000e-002	
54	7.155000e-002	
55	7.170000e-002	
56	7.260000e-002	
57	7.277500e-002	
58	7.355000e-002	
59	7.387500e-002	
60	7.427500e-002	
61	7.305000e-002	
62	7.407500e-002	
63	7.027500e-002	
64	7.025000e-002	
65	7.027500e-002	
66	7.010000e-002	
67	7.042500e-002	
68	7.052500e-002	
69	7.372500e-002	
70	7.657500e-002	
71	7.577500e-002	
72	7.595000e-002	
73	7.490000e-002	
74	7.082500e-002	
75	7.042500e-002	
76	6.965000e-002	
77	6.845000e-002	
78	6.807500e-002	
79	6.960000e-002	
80	7.090000e-002	
81	7.240000e-002	
82	7.182500e-002	
83	7.352500e-002	
84	7.372500e-002	
85	7.457500e-002	
86	7.265000e-002	
87	7.210000e-002	
88	7.045000e-002	
89	6.992500e-002	
90	6.840000e-002	
91	7.157500e-002	
92	6.995000e-002	
93	7.145000e-002	
94	7.062500e-002	
95	7.225000e-002	
96	7.157500e-002	
97	7.202500e-002	
98	7.430000e-002	
99	7.470000e-002	
100	7.442500e-002	
101	7.552500e-002	
102	7.422500e-002	
103	7.127500e-002	
104	6.862500e-002	
105	6.835000e-002	
106	6.805000e-002	
107	6.960000e-002	
108	7.342500e-002	
109	7.510000e-002	
110	7.345000e-002	
111	7.122500e-002	
112	7.290000e-002	
113	7.542500e-002	
114	7.167500e-002	
115	6.982500e-002	
116	7.020000e-002	
117	7.227500e-002	
118	7.255000e-002	
119	7.467500e-002	
120	7.400000e-002	
121	7.155000e-002	
122	7.152500e-002	
123	7.345000e-002	
124	6.972500e-002	
125	6.787500e-002	
126	7.002500e-002	
127	7.165000e-002	
128	7.430000e-002	
129	7.360000e-002	
130	7.255000e-002	
131	7.445000e-002	
132	7.105000e-002	
133	7.122500e-002	
134	7.327500e-002	
135	7.317500e-002	
136	6.975000e-002	
137	6.917500e-002	
138	7.135000e-002	
139	7.262500e-002	
140	7.365000e-002	
141	7.260000e-002	
142	7.270000e-002	
143	7.382500e-002	
144	7.080000e-002	
145	6.992500e-002	
146	6.855000e-002	
147	6.930000e-002	
148	7.052500e-002	
149	7.002500e-002	
150	7.177500e-002	
151	7.217500e-002	
152	7.255000e-002	
153	7.207500e-002	
154	7.305000e-002	
155	7.355000e-002	
156	7.257500e-002	
157	7.312500e-002	
158	7.087500e-002	
159	7.072500e-002	
160	7.107500e-002	
161	7.410000e-002	
162	7.347500e-002	
163	7.270000e-002	
164	7.302500e-002	
165	7.177500e-002	
166	7.202500e-002	
167	7.205000e-002	
168	7.165000e-002	
169	7.007500e-002	
170	7.120000e-002	
171	7.425000e-002	
172	7.322500e-002	
173	7.437500e-002	
174	7.430000e-002	
175	7.277500e-002	
176	7.340000e-002	
177	6.960000e-002	
178	6.747500e-002	
179	6.820000e-002	
180	6.697500e-002	
181	6.927500e-002	
182	7.080000e-002	
183	7.202500e-002	
184	7.317500e-002	
185	7.235000e-002	
186	7.315000e-002	
187	7.625000e-002	
188	7.542500e-002	
189	7.372500e-002	
190	7.165000e-002	
191	7.045000e-002	
192	7.065000e-002	
193	7.165000e-002	
194	7.142500e-002	
195	7.210000e-002	
196	7.165000e-002	
197	7.262500e-002	
198	7.262500e-002	
199	7.375000e-002	
200	7.357500e-002	
201	6.962500e-002	
202	7.065000e-002	
203	7.200000e-002	
204	7.207500e-002	
205	7.397500e-002	
206	7.472500e-002	
207	7.320000e-002	
208	7.170000e-002	
209	6.837500e-002	
210	7.027500e-002	
211	6.962500e-002	
212	6.960000e-002	
213	7.135000e-002	
214	7.217500e-002	
215	7.160000e-002	
216	7.192500e-002	
217	7.405000e-002	
218	7.445000e-002	
219	7.325000e-002	
220	7.230000e-002	
221	7.117500e-002	
222	7.202500e-002	
223	7.312500e-002	
224	7.220000e-002	
225	7.177500e-002	
226	7.322500e-002	
227	7.160000e-002	
228	7.050000e-002	
229	6.952500e-002	
230	6.807500e-002	
231	6.992500e-002	
232	7.380000e-002	
233	7.410000e-002	
234	7.270000e-002	
235	7.335000e-002	
236	7.150000e-002	
237	7.410000e-002	
238	7.315000e-002	
239	7.210000e-002	
240	7.160000e-002	
241	7.277500e-002	
242	7.240000e-002	
243	7.005000e-002	
244	6.947500e-002	
245	7.100000e-002	
246	7.152500e-002	
247	7.155000e-002	
248	7.337500e-002	
249	7.322500e-002	
250	7.292500e-002	
251	7.327500e-002	
252	7.325000e-002	
253	7.180000e-002	
254	6.930000e-002	
255	7.065000e-002	
256	7.102500e-002	
257	6.917500e-002	
258	7.067500e-002	
259	7.142500e-002	
260	7.357500e-002	
261	7.322500e-002	
262	7.297500e-002	
263	7.320000e-002	
264	7.077500e-002	
265	6.992500e-002	
266	6.830000e-002	
267	6.970000e-002	
268	7.202500e-002	
269	7.410000e-002	
270	7.380000e-002	
271	7.425000e-002	
272	7.380000e-002	
273	7.070000e-002	
274	6.805000e-002	
275	6.685000e-002	
276	6.700000e-002	
277	6.905000e-002	
278	7.135000e-002	
279	7.357500e-002	
280	7.217500e-002	
281	7.200000e-002	
282	7.502500e-002	
283	7.265000e-002	
284	7.337500e-002	
285	7.425000e-002	
286	7.215000e-002	
287	7.007500e-002	
288	6.987500e-002	
289	6.967500e-002	
290	7.080000e-002	
291	7.122500e-002	
292	7.297500e-002	
293	7.420000e-002	
294	7.092500e-002	
295	7.182500e-002	
296	6.980000e-002	
297	6.897500e-002	
298	6.992500e-002	
299	6.900000e-002	
300	7.017500e-002	
301	7.365000e-002	
302	7.262500e-002	
303	7.170000e-002	
304	7.155000e-002	
305	6.927500e-002	
306	7.157500e-002	
307	7.187500e-002	
308	7.407500e-002	
309	7.500000e-002	
310	7.407500e-002	
311	7.375000e-002	
312	7.185000e-002	
313	7.165000e-002	
314	7.392500e-002	
315	7.232500e-002	
316	7.055000e-002	
317	7.087500e-002	
318	7.470000e-002	
319	7.325000e-002	
320	7.312500e-002	
321	7.087500e-002	
322	7.025000e-002	
323	6.887500e-002	
324	6.932500e-002	
325	6.972500e-002	
326	7.162500e-002	
327	7.132500e-002	
328	7.027500e-002	
329	7.202500e-002	
330	7.307500e-002	
331	7.065000e-002	
332	7.267500e-002	
333	7.310000e-002	
334	7.397500e-002	
335	7.345000e-002	
336	7.220000e-002	
337	7.162500e-002	
338	7.257500e-002	
339	7.145000e-002	
340	7.102500e-002	
341	7.237500e-002	
342	7.160000e-002	
343	7.415000e-002	
344	7.347500e-002	
345	7.140000e-002	
346	7.112500e-002	
347	7.087500e-002	
348	7.320000e-002	
349	7.115000e-002	
350	7.195000e-002	
351	7.132500e-002	
352	7.270000e-002	
353	7.222500e-002	
354	7.327500e-002	
355	7.335000e-002	
356	6.960000e-002	
357	6.917500e-002	
358	6.875000e-002	
359	7.155000e-002	
360	7.292500e-002	
361	7.240000e-002	
362	7.387500e-002	
363	7.392500e-002	
364	7.312500e-002	
365	7.410000e-002	
366	7.177500e-002	
367	7.155000e-002	
368	7.140000e-002	
369	7.040000e-002	
370	6.917500e-002	
371	6.940000e-002	
372	7.295000e-002	
373	7.332500e-002	
374	7.570000e-002	
375	7.605000e-002	
376	7.362500e-002	
377	7.325000e-002	
378	6.947500e-002	
379	6.747500e-002	
380	7.017500e-002	
381	7.105000e-002	
382	6.995000e-002	
383	7.007500e-002	
384	7.060000e-002	
385	7.027500e-002	
386	7.025000e-002	
387	7.097500e-002	
388	7.305000e-002	
389	7.330000e-002	
390	7.385000e-002	
391	7.377500e-002	
392	7.222500e-002	
393	7.015000e-002	
394	7.027500e-002	
395	7.075000e-002	
396	7.002500e-002	
397	7.017500e-002	
398	7.135000e-002	
399	7.307500e-002	
400	7.537500e-002	
401	7.487500e-002	
402	7.412500e-002	
403	7.387500e-002	
404	7.570000e-002	
405	7.325000e-002	
406	7.422500e-002	
407	7.355000e-002	
408	7.057500e-002	
409	7.282500e-002	
410	7.162500e-002	
411	7.080000e-002	
412	6.877500e-002	
413	6.840000e-002	
414	6.952500e-002	
415	7.382500e-002	
416	7.355000e-002	
417	7.320000e-002	
418	7.510000e-002	
419	7.305000e-002	
420	7.062500e-002	
421	7.215000e-002	
422	7.197500e-002	
423	7.030000e-002	
424	7.250000e-002	
425	7.090000e-002	
426	7.087500e-002	
427	7.132500e-002	
428	7.182500e-002	
429	7.557500e-002	
430	7.402500e-002	
431	7.332500e-002	
432	7.550000e-002	
433	7.257500e-002	
434	7.160000e-002	
435	7.090000e-002	
436	6.925000e-002	
437	6.777500e-002	
438	7.045000e-002	
439	7.182500e-002	
440	7.292500e-002	
441	7.382500e-002	
442	7.340000e-002	
443	7.107500e-002	
444	7.160000e-002	
445	7.062500e-002	
446	7.272500e-002	
447	7.070000e-002	
448	7.142500e-002	
449	7.175000e-002	
450	6.977500e-002	
451	7.102500e-002	
452	7.242500e-002	
453	7.182500e-002	
454	7.422500e-002	
455	7.372500e-002	
456	7.442500e-002	
457	7.515000e-002	
458	7.360000e-002	
459	7.482500e-002	
460	7.310000e-002	
461	6.945000e-002	
462	7.000000e-002	
463	6.827500e-002	
464	7.012500e-002	
465	7.192500e-002	
466	7.327500e-002	
467	7.372500e-002	
468	7.457500e-002	
469	7.557500e-002	
470	7.437500e-002	
471	7.237500e-002	
472	6.890000e-002	
473	6.960000e-002	
474	6.810000e-002	
475	7.222500e-002	
476	7.337500e-002	
477	7.262500e-002	
478	7.112500e-002	
479	7.290000e-002	
480	7.390000e-002	
481	7.350000e-002	
482	7.285000e-002	
483	7.205000e-002	
484	6.995000e-002	
485	7.055000e-002	
486	7.200000e-002	
487	7.257500e-002	
488	6.905000e-002	
489	6.885000e-002	
490	7.035000e-002	
491	7.202500e-002	
492	7.265000e-002	
493	7.347500e-002	
494	7.172500e-002	
495	7.162500e-002	
496	7.192500e-002	
497	7.152500e-002	
498	7.132500e-002	
499	7.270000e-002	
500	7.350000e-002	
501	7.450000e-002	
502	7.197500e-002	
503	6.957500e-002	
504	7.015000e-002	
505	7.030000e-002	
506	6.955000e-002	
507	7.267500e-002	
508	7.407500e-002	
509	7.487500e-002	
510	7.522500e-002	
511	7.482500e-002	
512	7.180000e-002	
513	6.947500e-002	
514	7.032500e-002	
515	7.295000e-002	
516	7.217500e-002	
517	7.262500e-002	
518	7.362500e-002	
519	7.217500e-002	
520	7.085000e-002	
521	6.792500e-002	
522	6.850000e-002	
523	6.760000e-002	
524	6.975000e-002	
525	7.180000e-002	
526	7.402500e-002	
527	7.702500e-002	
528	7.710000e-002	
529	7.367500e-002	
530	7.047500e-002	
531	7.067500e-002	
532	6.837500e-002	
533	6.797500e-002	
534	7.150000e-002	
535	7.150000e-002	
536	7.240000e-002	
537	7.495000e-002	
538	7.490000e-002	
539	7.287500e-002	
540	7.210000e-002	
541	7.240000e-002	
542	7.037500e-002	
543	6.940000e-002	
544	7.187500e-002	
545	7.310000e-002	
546	7.300000e-002	
547	7.210000e-002	
548	6.982500e-002	
549	7.042500e-002	
550	7.362500e-002	
551	7.395000e-002	
552	7.315000e-002	
553	7.330000e-002	
554	7.237500e-002	
555	7.067500e-002	
556	7.180000e-002	
557	7.170000e-002	
558	7.245000e-002	
559	7.185000e-002	
560	7.132500e-002	
561	7.200000e-002	
562	7.352500e-002	
563	6.930000e-002	
564	6.970000e-002	
565	7.072500e-002	
566	7.120000e-002	
567	7.290000e-002	
568	7.225000e-002	
569	7.485000e-002	
570	7.152500e-002	
571	7.227500e-002	
572	7.180000e-002	
573	7.107500e-002	
574	7.087500e-002	
575	7.207500e-002	
576	7.317500e-002	
577	7.490000e-002	
578	7.360000e-002	
579	7.610000e-002	
580	7.222500e-002	
581	6.822500e-002	
582	6.787500e-002	
583	6.940000e-002	
584	6.980000e-002	
585	7.062500e-002	
586	7.202500e-002	
587	7.602500e-002	
588	7.815000e-002	
589	7.347500e-002	
590	7.152500e-002	
591	7.092500e-002	
592	7.197500e-002	
593	6.890000e-002	
594	6.892500e-002	
595	6.877500e-002	
596	7.142500e-002	
597	7.290000e-002	
598	7.405000e-002	
599	7.702500e-002	
600	7.460000e-002	
601	7.310000e-002	
602	7.275000e-002	
603	7.305000e-002	
604	7.160000e-002	
605	7.180000e-002	
606	7.125000e-002	
607	6.915000e-002	
608	6.835000e-002	
609	7.180000e-002	
610	6.945000e-002	
611	7.090000e-002	
612	7.347500e-002	
613	7.412500e-002	
614	7.230000e-002	
615	7.227500e-002	
616	7.290000e-002	
617	7.117500e-002	
618	7.177500e-002	
619	7.495000e-002	
620	7.422500e-002	
621	7.322500e-002	
622	7.267500e-002	
623	7.247500e-002	
624	7.205000e-002	
625	6.822500e-002	
626	6.875000e-002	
627	6.800000e-002	
628	6.772500e-002	
629	6.785000e-002	
630	7.157500e-002	
631	7.417500e-002	
632	7.625000e-002	
633	7.665000e-002	
634	7.432500e-002	
635	7.352500e-002	
636	7.230000e-002	
637	7.010000e-002	
638	6.980000e-002	
639	7.165000e-002	
640	7.160000e-002	
641	7.142500e-002	
642	7.237500e-002	
643	7.542500e-002	
644	7.515000e-002	
645	7.367500e-002	
646	7.430000e-002	
647	7.687500e-002	
648	7.495000e-002	
649	7.165000e-002	
650	7.060000e-002	
651	6.757500e-002	
652	6.745000e-002	
653	6.897500e-002	
654	6.865000e-002	
655	6.877500e-002	
656	7.282500e-002	
657	7.582500e-002	
658	7.430000e-002	
659	7.287500e-002	
660	7.475000e-002	
661	7.342500e-002	
662	7.207500e-002	
663	7.155000e-002	
664	6.985000e-002	
665	7.080000e-002	
666	6.972500e-002	
667	6.960000e-002	
668	7.117500e-002	
669	7.257500e-002	
670	7.472500e-002	
671	7.657500e-002	
672	7.510000e-002	
673	7.325000e-002	
674	7.425000e-002	
675	7.470000e-002	
676	7.120000e-002	
677	6.965000e-002	
678	6.640000e-002	
679	6.735000e-002	
680	6.865000e-002	
681	7.122500e-002	
682	7.380000e-002	
683	7.327500e-002	
684	7.085000e-002	
685	7.257500e-002	
686	7.442500e-002	
687	7.242500e-002	
688	7.350000e-002	
689	7.040000e-002	
690	7.097500e-002	
691	7.217500e-002	
692	7.310000e-002	
693	7.325000e-002	
694	7.375000e-002	
695	7.450000e-002	
696	7.492500e-002	
697	7.272500e-002	
698	7.010000e-002	
699	7.025000e-002	
700	6.825000e-002	
701	7.245000e-002	
702	7.287500e-002	
703	7.255000e-002	
704	7.390000e-002	
705	7.430000e-002	
706	7.245000e-002	
707	7.060000e-002	
708	7.152500e-002	
709	7.337500e-002	
710	7.342500e-002	
711	7.455000e-002	
712	7.350000e-002	
713	7.100000e-002	
714	7.047500e-002	
715	7.067500e-002	
716	7.005000e-002	
717	6.995000e-002	
718	6.877500e-002	
719	7.155000e-002	
720	7.112500e-002	
721	7.267500e-002	
722	7.630000e-002	
723	7.710000e-002	
724	7.457500e-002	
725	7.422500e-002	
726	6.985000e-002	
727	6.970000e-002	
728	6.797500e-002	
729	6.485000e-002	
730	6.697500e-002	
731	7.032500e-002	
732	7.262500e-002	
733	7.445000e-002	
734	7.737500e-002	
735	7.722500e-002	
736	7.665000e-002	
737	7.547500e-002	
738	7.302500e-002	
739	7.395000e-002	
740	7.185000e-002	
741	7.055000e-002	
742	7.050000e-002	
743	6.982500e-002	
744	7.095000e-002	
745	7.280000e-002	
746	7.317500e-002	
747	6.915000e-002	
748	6.660000e-002	
749	7.045000e-002	
750	7.152500e-002	
751	7.322500e-002	
752	7.400000e-002	
753	7.417500e-002	
754	7.330000e-002	
755	7.175000e-002	
756	7.135000e-002	
757	7.147500e-002	
758	7.095000e-002	
759	7.235000e-002	
760	7.315000e-002	
761	7.315000e-002	
762	7.012500e-002	
763	6.977500e-002	
764	7.150000e-002	
765	7.192500e-002	
766	7.135000e-002	
767	7.215000e-002	
768	7.120000e-002	
769	7.085000e-002	
770	7.362500e-002	
771	7.520000e-002	
772	7.385000e-002	
773	7.467500e-002	
774	7.362500e-002	
775	7.205000e-002	
776	7.052500e-002	
777	7.070000e-002	
778	6.927500e-002	
779	7.082500e-002	
780	7.095000e-002	
781	7.160000e-002	
782	7.420000e-002	
783	7.325000e-002	
784	7.097500e-002	
785	7.070000e-002	
786	6.985000e-002	
787	7.012500e-002	
788	7.137500e-002	
789	7.275000e-002	
790	7.422500e-002	
791	7.242500e-002	
792	7.370000e-002	
793	7.227500e-002	
794	7.327500e-002	
795	7.297500e-002	
796	7.175000e-002	
797	7.050000e-002	
798	7.062500e-002	
799	6.767500e-002	
800	6.977500e-002	
801	7.307500e-002	
802	7.425000e-002	
803	7.455000e-002	
804	7.275000e-002	
805	7.177500e-002	
806	7.340000e-002	
807	7.275000e-002	
808	6.810000e-002	
809	6.862500e-002	
810	6.912500e-002	
811	7.112500e-002	
812	7.270000e-002	
813	7.062500e-002	
814	7.227500e-002	
815	7.195000e-002	
816	7.502500e-002	
817	7.612500e-002	
818	7.472500e-002	
819	7.110000e-002	
820	6.955000e-002	
821	7.002500e-002	
822	7.010000e-002	
823	7.257500e-002	
824	7.375000e-002	
825	7.352500e-002	
826	7.332500e-002	
827	7.210000e-002	
828	7.232500e-002	
829	7.012500e-002	
830	6.877500e-002	
831	6.697500e-002	
832	6.690000e-002	
833	7.027500e-002	
834	7.152500e-002	
835	7.240000e-002	
836	7.162500e-002	
837	7.310000e-002	
838	7.445000e-002	
839	7.555000e-002	
840	7.397500e-002	
841	7.237500e-002	
842	7.032500e-002	
843	6.917500e-002	
844	6.805000e-002	
845	6.770000e-002	
846	7.097500e-002	
847	7.582500e-002	
848	7.545000e-002	
849	7.672500e-002	
850	7.380000e-002	
851	7.297500e-002	
852	7.377500e-002	
853	7.387500e-002	
854	7.035000e-002	
855	6.925000e-002	
856	6.997500e-002	
857	7.012500e-002	
858	7.005000e-002	
859	7.252500e-002	
860	7.355000e-002	
861	7.590000e-002	
862	7.642500e-002	
863	7.487500e-002	
864	7.247500e-002	
865	6.827500e-002	
866	6.787500e-002	
867	6.905000e-002	
868	7.015000e-002	
869	7.230000e-002	
870	7.237500e-002	
871	7.332500e-002	
872	7.465000e-002	
873	7.295000e-002	
874	6.977500e-002	
875	6.897500e-002	
876	6.935000e-002	
877	7.177500e-002	
878	7.060000e-002	
879	7.267500e-002	
880	7.257500e-002	
881	7.147500e-002	
882	7.340000e-002	
883	7.027500e-002	
884	7.222500e-002	
885	7.075000e-002	
886	7.247500e-002	
887	7.222500e-002	
888	7.145000e-002	
889	6.990000e-002	
890	7.142500e-002	
891	7.102500e-002	
892	7.200000e-002	
893	7.425000e-002	
894	7.447500e-002	
895	7.495000e-002	
896	7.522500e-002	
897	7.227500e-002	
898	7.287500e-002	
899	7.225000e-002	
900	7.172500e-002	
901	6.890000e-002	
902	6.925000e-002	
903	7.187500e-002	
904	7.065000e-002	
905	7.302500e-002	
906	7.370000e-002	
907	7.305000e-002	
908	7.330000e-002	
909	7.382500e-002	
910	7.220000e-002	
911	7.377500e-002	
912	7.360000e-002	
913	7.210000e-002	
914	7.010000e-002	
915	6.980000e-002	
916	6.990000e-002	
917	7.115000e-002	
918	7.077500e-002	
919	6.820000e-002	
920	6.807500e-002	
921	7.075000e-002	
922	7.345000e-002	
923	7.115000e-002	
924	7.250000e-002	
925	7.255000e-002	
926	7.405000e-002	
927	7.282500e-002	
928	7.195000e-002	
929	7.130000e-002	
930	7.095000e-002	
931	7.085000e-002	
932	7.037500e-002	
933	6.985000e-002	
934	6.957500e-002	
935	7.220000e-002	
936	7.495000e-002	
937	7.410000e-002	
938	7.292500e-002	
939	6.905000e-002	
940	6.785000e-002	
941	6.837500e-002	
942	6.952500e-002	
943	6.972500e-002	
944	7.017500e-002	
945	7.185000e-002	
946	7.345000e-002	
947	7.227500e-002	
948	7.370000e-002	
949	7.320000e-002	
950	7.105000e-002	
951	7.107500e-002	
952	7.157500e-002	
953	7.120000e-002	
954	7.130000e-002	
955	7.257500e-002	
956	7.175000e-002	
957	7.060000e-002	
958	7.255000e-002	
959	7.217500e-002	
960	7.425000e-002	
961	7.545000e-002	
962	7.622500e-002	
963	7.347500e-002	
964	7.220000e-002	
965	7.177500e-002	
966	7.055000e-002	
967	6.925000e-002	
968	7.022500e-002	
969	7.222500e-002	
970	6.995000e-002	
971	6.830000e-002	
972	7.052500e-002	
973	7.197500e-002	
974	7.282500e-002	
975	7.607500e-002	
976	7.490000e-002	
977	7.210000e-002	
978	7.092500e-002	
979	7.070000e-002	
980	7.050000e-002	
981	7.050000e-002	
982	6.905000e-002	
983	7.075000e-002	
984	7.005000e-002	
985	7.212500e-002	
986	7.255000e-002	
987	7.367500e-002	
988	7.312500e-002	
989	7.347500e-002	
990	7.365000e-002	
991	7.522500e-002	
992	7.477500e-002	
993	7.435000e-002	
994	7.275000e-002	
995	7.327500e-002	
996	7.075000e-002	
997	7.162500e-002	
998	7.072500e-002	
999	7.317500e-002	
1000	7.187500e-002	
1001	7.275000e-002	
1002	7.457500e-002	
1003	7.235000e-002	
1004	7.060000e-002	
1005	7.097500e-002	
1006	6.915000e-002	
1007	6.822500e-002	
1008	6.950000e-002	
1009	7.042500e-002	
1010	6.892500e-002	
1011	6.962500e-002	
1012	7.250000e-002	
1013	7.482500e-002	
1014	7.475000e-002	
1015	7.490000e-002	
1016	7.210000e-002	
1017	7.090000e-002	
1018	7.150000e-002	
1019	6.970000e-002	
1020	6.952500e-002	
1021	7.125000e-002	
1022	7.080000e-002	
1023	7.272500e-002	
1024	7.205000e-002	
1025	7.287500e-002	
1026	7.207500e-002	
1027	7.242500e-002	
1028	7.082500e-002	
1029	7.062500e-002	
1030	7.022500e-002	
1031	7.037500e-002	
1032	6.997500e-002	
1033	7.135000e-002	
1034	7.122500e-002	
1035	7.207500e-002	
1036	7.220000e-002	
1037	7.107500e-002	
1038	7.277500e-002	
1039	7.392500e-002	
1040	7.525000e-002	
1041	7.325000e-002	
1042	7.510000e-002	
1043	7.355000e-002	
1044	7.150000e-002	
1045	7.232500e-002	
1046	7.047500e-002	
1047	7.157500e-002	
1048	7.145000e-002	
1049	7.212500e-002	
1050	7.117500e-002	
1051	7.122500e-002	
1052	7.370000e-002	
1053	7.510000e-002	
1054	7.232500e-002	
1055	7.025000e-002	
1056	7.092500e-002	
1057	7.257500e-002	
1058	7.145000e-002	
1059	7.252500e-002	
1060	7.237500e-002	
1061	7.270000e-002	
1062	7.162500e-002	
1063	6.890000e-002	
1064	7.060000e-002	
1065	7.210000e-002	
1066	6.905000e-002	
1067	7.067500e-002	
1068	7.295000e-002	
1069	7.532500e-002	
1070	7.510000e-002	
1071	7.510000e-002	
1072	7.482500e-002	
1073	7.380000e-002	
1074	7.020000e-002	
1075	6.952500e-002	
1076	6.837500e-002	
1077	6.627500e-002	
1078	7.015000e-002	
1079	7.297500e-002	
1080	7.225000e-002	
1081	7.260000e-002	
1082	7.615000e-002	
1083	7.645000e-002	
1084	7.455000e-002	
1085	7.402500e-002	
1086	7.460000e-002	
1087	7.035000e-002	
1088	7.082500e-002	
1089	7.197500e-002	
1090	7.172500e-002	
1091	7.132500e-002	
1092	7.090000e-002	
1093	7.167500e-002	
1094	7.050000e-002	
1095	6.987500e-002	
1096	7.067500e-002	
1097	7.085000e-002	
1098	7.192500e-002	
1099	7.345000e-002	
1100	7.395000e-002	
1101	7.547500e-002	
1102	7.620000e-002	
1103	7.460000e-002	
1104	7.290000e-002	
1105	7.137500e-002	
1106	6.950000e-002	
1107	6.897500e-002	
1108	6.927500e-002	
1109	6.862500e-002	
1110	7.110000e-002	
1111	7.422500e-002	
1112	7.300000e-002	
1113	7.175000e-002	
1114	7.092500e-002	
1115	7.000000e-002	
1116	6.882500e-002	
1117	6.782500e-002	
1118	6.855000e-002	
1119	7.242500e-002	
1120	7.275000e-002	
1121	7.457500e-002	
1122	7.522500e-002	
1123	7.567500e-002	
1124	7.520000e-002	
1125	7.322500e-002	
1126	7.150000e-002	
1127	7.167500e-002	
1128	6.877500e-002	
1129	7.005000e-002	
1130	6.930000e-002	
1131	7.037500e-002	
1132	7.055000e-002	
1133	7.302500e-002	
1134	7.035000e-002	
1135	7.085000e-002	
1136	7.382500e-002	
1137	7.740000e-002	
1138	7.697500e-002	
1139	7.505000e-002	
1140	7.245000e-002	
1141	7.342500e-002	
1142	7.215000e-002	
1143	7.245000e-002	
1144	7.187500e-002	
1145	7.292500e-002	
1146	7.167500e-002	
1147	7.067500e-002	
1148	7.137500e-002	
1149	7.145000e-002	
1150	7.087500e-002	
1151	7.062500e-002	
1152	7.160000e-002	
1153	7.150000e-002	
1154	7.045000e-002	
1155	7.245000e-002	
1156	7.295000e-002	
1157	7.245000e-002	
1158	7.360000e-002	
1159	7.597500e-002	
1160	7.442500e-002	
1161	7.355000e-002	
1162	7.042500e-002	
1163	6.922500e-002	
1164	6.995000e-002	
1165	7.042500e-002	
1166	7.295000e-002	
1167	7.307500e-002	
1168	7.147500e-002	
1169	7.142500e-002	
1170	7.200000e-002	
1171	7.397500e-002	
1172	7.380000e-002	
1173	7.030000e-002	
1174	6.922500e-002	
1175	7.140000e-002	
1176	7.012500e-002	
1177	6.982500e-002	
1178	7.450000e-002	
1179	7.435000e-002	
1180	7.392500e-002	
1181	7.137500e-002	
1182	6.940000e-002	
1183	6.860000e-002	
1184	6.855000e-002	
1185	7.065000e-002	
1186	7.050000e-002	
1187	7.067500e-002	
1188	7.100000e-002	
1189	7.170000e-002	
1190	7.047500e-002	
1191	7.057500e-002	
1192	7.180000e-002	
1193	6.930000e-002	
1194	6.920000e-002	
1195	7.290000e-002	
1196	7.240000e-002	
1197	7.120000e-002	
1198	7.255000e-002	
1199	7.307500e-002	
1200	7.140000e-002	
1201	7.210000e-002	
1202	7.237500e-002	
1203	7.107500e-002	
1204	7.185000e-002	
1205	7.397500e-002	
1206	7.260000e-002	
1207	7.072500e-002	
1208	7.147500e-002	
1209	7.285000e-002	
1210	7.100000e-002	
1211	7.295000e-002	
1212	7.162500e-002	
1213	7.092500e-002	
1214	7.160000e-002	
1215	7.257500e-002	
1216	7.025000e-002	
1217	6.812500e-002	
1218	6.957500e-002	
1219	7.067500e-002	
1220	7.210000e-002	
1221	7.575000e-002	
1222	7.702500e-002	
1223	7.530000e-002	
1224	7.200000e-002	
1225	7.057500e-002	
1226	7.080000e-002	
1227	6.810000e-002	
1228	6.910000e-002	
1229	6.930000e-002	
1230	7.307500e-002	
1231	7.397500e-002	
1232	7.425000e-002	
1233	7.387500e-002	
1234	7.190000e-002	
1235	6.955000e-002	
1236	7.172500e-002	
1237	7.135000e-002	
1238	7.165000e-002	
1239	7.320000e-002	
1240	7.410000e-002	
1241	7.395000e-002	
1242	7.297500e-002	
1243	7.025000e-002	
1244	6.857500e-002	
1245	6.810000e-002	
1246	6.967500e-002	
1247	7.065000e-002	
1248	7.180000e-002	
1249	7.287500e-002	
1250	7.185000e-002	
1251	7.352500e-002	
1252	7.385000e-002	
1253	7.372500e-002	
1254	7.380000e-002	
1255	7.400000e-002	
1256	7.055000e-002	
1257	6.967500e-002	
1258	6.925000e-002	
1259	6.940000e-002	
1260	6.967500e-002	
1261	7.127500e-002	
1262	7.210000e-002	
1263	6.940000e-002	
1264	7.335000e-002	
1265	7.217500e-002	
1266	7.345000e-002	
1267	7.302500e-002	
1268	7.380000e-002	
1269	7.332500e-002	
1270	7.212500e-002	
1271	7.217500e-002	
1272	7.100000e-002	
1273	7.075000e-002	
1274	7.072500e-002	
1275	7.412500e-002	
1276	7.197500e-002	
1277	7.277500e-002	
1278	7.355000e-002	
1279	7.140000e-002	
1280	7.095000e-002	
1281	7.117500e-002	
1282	7.142500e-002	
1283	7.155000e-002	
1284	7.185000e-002	
1285	6.975000e-002	
1286	6.757500e-002	
1287	6.790000e-002	
1288	7.052500e-002	
1289	7.255000e-002	
1290	7.480000e-002	
1291	7.435000e-002	
1292	7.345000e-002	
1293	7.515000e-002	
1294	7.260000e-002	
1295	7.202500e-002	
1296	7.220000e-002	
1297	7.312500e-002	
1298	7.227500e-002	
1299	7.035000e-002	
1300	6.885000e-002	
1301	7.047500e-002	
1302	7.582500e-002	
1303	7.602500e-002	
1304	7.290000e-002	
1305	6.945000e-002	
1306	6.917500e-002	
1307	6.925000e-002	
1308	6.710000e-002	
1309	6.710000e-002	
1310	6.942500e-002	
1311	7.197500e-002	
1312	7.282500e-002	
1313	7.442500e-002	
1314	7.442500e-002	
1315	7.530000e-002	
1316	7.205000e-002	
1317	7.162500e-002	
1318	7.220000e-002	
1319	7.197500e-002	
1320	7.162500e-002	
1321	6.852500e-002	
1322	6.942500e-002	
1323	6.970000e-002	
1324	7.327500e-002	
1325	7.280000e-002	
1326	7.175000e-002	
1327	7.522500e-002	
1328	7.502500e-002	
1329	7.220000e-002	
1330	7.177500e-002	
1331	7.172500e-002	
1332	7.172500e-002	
1333	7.130000e-002	
1334	7.087500e-002	
1335	7.380000e-002	
1336	7.287500e-002	
1337	7.215000e-002	
1338	7.212500e-002	
1339	7.040000e-002	
1340	6.807500e-002	
1341	6.802500e-002	
1342	6.987500e-002	
1343	7.065000e-002	
1344	7.122500e-002	
1345	7.185000e-002	
1346	7.337500e-002	
1347	7.397500e-002	
1348	7.275000e-002	
1349	7.357500e-002	
1350	7.320000e-002	
1351	7.335000e-002	
1352	7.237500e-002	
1353	7.202500e-002	
1354	6.937500e-002	
1355	7.037500e-002	
1356	7.125000e-002	
1357	7.087500e-002	
1358	7.152500e-002	
1359	7.202500e-002	
1360	7.305000e-002	
1361	7.375000e-002	
1362	7.297500e-002	
1363	6.910000e-002	
1364	6.922500e-002	
1365	6.942500e-002	
1366	7.387500e-002	
1367	7.122500e-002	
1368	7.222500e-002	
1369	7.380000e-002	
1370	7.312500e-002	
1371	7.275000e-002	
1372	7.310000e-002	
1373	7.212500e-002	
1374	7.082500e-002	
1375	6.960000e-002	
1376	7.140000e-002	
1377	6.997500e-002	
1378	6.992500e-002	
1379	7.202500e-002	
1380	7.200000e-002	
1381	6.990000e-002	
1382	7.047500e-002	
1383	7.280000e-002	
1384	6.995000e-002	
1385	7.017500e-002	
1386	7.050000e-002	
1387	7.567500e-002	
1388	7.512500e-002	
1389	7.485000e-002	
1390	7.352500e-002	
1391	7.135000e-002	
1392	7.015000e-002	
1393	7.015000e-002	
1394	7.027500e-002	
1395	6.940000e-002	
1396	7.112500e-002	
1397	7.377500e-002	
1398	7.670000e-002	
1399	7.457500e-002	
1400	7.202500e-002	
1401	7.407500e-002	
1402	7.155000e-002	
1403	7.252500e-002	
1404	7.087500e-002	
1405	6.915000e-002	
1406	7.122500e-002	
1407	7.062500e-002	
1408	7.132500e-002	
1409	7.267500e-002	
1410	7.500000e-002	
1411	7.462500e-002	
1412	7.225000e-002	
1413	7.312500e-002	
1414	7.285000e-002	
1415	7.305000e-002	
1416	7.185000e-002	
1417	7.117500e-002	
1418	7.060000e-002	
1419	6.797500e-002	
1420	6.777500e-002	
1421	7.010000e-002	
1422	6.920000e-002	
1423	7.150000e-002	
1424	7.350000e-002	
1425	7.560000e-002	
1426	7.482500e-002	
1427	7.480000e-002	
1428	7.277500e-002	
1429	7.030000e-002	
1430	7.200000e-002	
1431	7.317500e-002	
1432	7.215000e-002	
1433	7.307500e-002	
1434	7.277500e-002	
1435	7.440000e-002	
1436	7.390000e-002	
1437	7.102500e-002	
1438	7.147500e-002	
1439	6.967500e-002	
1440	6.915000e-002	
1441	7.015000e-002	
1442	7.080000e-002	
1443	7.067500e-002	
1444	6.880000e-002	
1445	7.065000e-002	
1446	7.230000e-002	
1447	7.407500e-002	
1448	7.460000e-002	
1449	7.370000e-002	
1450	7.452500e-002	
1451	7.232500e-002	
1452	7.140000e-002	
1453	7.075000e-002	
1454	7.080000e-002	
1455	7.200000e-002	
1456	7.255000e-002	
1457	7.225000e-002	
1458	7.137500e-002	
1459	7.225000e-002	
1460	7.315000e-002	
1461	7.275000e-002	
1462	6.882500e-002	
1463	7.117500e-002	
1464	7.120000e-002	
1465	7.017500e-002	
1466	7.012500e-002	
1467	6.990000e-002	
1468	7.135000e-002	
1469	7.362500e-002	
1470	7.282500e-002	
1471	7.367500e-002	
1472	7.202500e-002	
1473	7.390000e-002	
1474	7.322500e-002	
1475	6.990000e-002	
1476	6.952500e-002	
1477	6.990000e-002	
1478	7.085000e-002	
1479	7.147500e-002	
1480	7.372500e-002	
1481	7.547500e-002	
1482	7.447500e-002	
1483	7.237500e-002	
1484	7.142500e-002	
1485	7.282500e-002	
1486	6.977500e-002	
1487	6.977500e-002	
1488	6.917500e-002	
1489	6.822500e-002	
1490	7.002500e-002	
1491	7.210000e-002	
1492	7.440000e-002	
1493	7.545000e-002	
1494	7.535000e-002	
1495	7.612500e-002	
1496	7.320000e-002	
1497	6.960000e-002	
1498	6.840000e-002	
1499	6.675000e-002	
1500	6.737500e-002	
1501	6.790000e-002	
1502	7.007500e-002	
1503	7.155000e-002	
1504	7.320000e-002	
1505	7.550000e-002	
1506	7.177500e-002	
1507	7.145000e-002	
1508	7.012500e-002	
1509	6.937500e-002	
1510	7.005000e-002	
1511	7.175000e-002	
1512	7.090000e-002	
1513	7.377500e-002	
1514	7.277500e-002	
1515	7.345000e-002	
1516	7.330000e-002	
1517	7.015000e-002	
1518	7.027500e-002	
1519	6.712500e-002	
1520	6.965000e-002	
1521	6.895000e-002	
1522	7.022500e-002	
1523	7.402500e-002	
1524	7.297500e-002	
1525	7.612500e-002	
1526	7.815000e-002	
1527	7.857500e-002	
1528	7.437500e-002	
1529	7.087500e-002	
1530	6.992500e-002	
1531	7.010000e-002	
1532	7.072500e-002	
1533	6.922500e-002	
1534	6.775000e-002	
1535	7.125000e-002	
1536	7.257500e-002	
1537	7.335000e-002	
1538	7.430000e-002	
1539	7.397500e-002	
1540	7.400000e-002	
1541	7.195000e-002	
1542	7.142500e-002	
1543	7.085000e-002	
1544	7.025000e-002	
1545	7.100000e-002	
1546	7.025000e-002	
1547	7.172500e-002	
1548	7.315000e-002	
1549	7.425000e-002	
1550	7.062500e-002	
1551	7.180000e-002	
1552	6.962500e-002	
1553	7.050000e-002	
1554	7.297500e-002	
1555	7.295000e-002	
1556	7.290000e-002	
1557	7.335000e-002	
1558	7.430000e-002	
1559	7.157500e-002	
1560	7.222500e-002	
1561	7.242500e-002	
1562	6.967500e-002	
1563	6.727500e-002	
1564	6.675000e-002	
1565	6.765000e-002	
1566	6.682500e-002	
1567	6.857500e-002	
1568	7.267500e-002	
1569	7.320000e-002	
1570	7.490000e-002	
1571	7.675000e-002	
1572	7.302500e-002	
1573	7.660000e-002	
1574	7.425000e-002	
1575	7.150000e-002	
1576	7.057500e-002	
1577	7.175000e-002	
1578	6.930000e-002	
1579	7.082500e-002	
1580	7.272500e-002	
1581	7.462500e-002	
1582	7.505000e-002	
1583	7.525000e-002	
1584	7.327500e-002	
1585	6.982500e-002	
1586	7.065000e-002	
1587	6.992500e-002	
1588	7.102500e-002	
1589	6.912500e-002	
1590	7.155000e-002	
1591	7.227500e-002	
1592	7.065000e-002	
1593	7.242500e-002	
1594	7.090000e-002	
1595	7.327500e-002	
1596	7.107500e-002	
1597	7.275000e-002	
1598	7.255000e-002	
1599	7.090000e-002	
1600	7.147500e-002	
1601	7.142500e-002	
1602	7.055000e-002	
1603	7.022500e-002	
1604	7.125000e-002	
1605	7.422500e-002	
1606	7.242500e-002	
1607	7.000000e-002	
1608	6.970000e-002	
1609	7.020000e-002	
1610	6.950000e-002	
1611	7.305000e-002	
1612	7.185000e-002	
1613	7.195000e-002	
1614	7.345000e-002	
1615	7.317500e-002	
1616	7.147500e-002	
1617	7.367500e-002	
1618	7.445000e-002	
1619	7.155000e-002	
1620	6.757500e-002	
1621	6.842500e-002	
1622	7.100000e-002	
1623	7.102500e-002	
1624	7.425000e-002	
1625	7.285000e-002	
1626	7.512500e-002	
1627	7.425000e-002	
1628	7.140000e-002	
1629	7.215000e-002	
1630	7.145000e-002	
1631	7.002500e-002	
1632	7.157500e-002	
1633	7.032500e-002	
1634	7.022500e-002	
1635	7.197500e-002	
1636	7.325000e-002	
1637	7.512500e-002	
1638	7.495000e-002	
1639	7.192500e-002	
1640	7.257500e-002	
1641	7.190000e-002	
1642	7.045000e-002	
1643	7.042500e-002	
1644	6.832500e-002	
1645	6.892500e-002	
1646	6.965000e-002	
1647	7.300000e-002	
1648	7.265000e-002	
1649	7.302500e-002	
1650	7.200000e-002	
1651	7.065000e-002	
1652	7.025000e-002	
1653	7.165000e-002	
1654	7.212500e-002	
1655	7.060000e-002	
1656	7.045000e-002	
1657	7.105000e-002	
1658	7.192500e-002	
1659	7.362500e-002	
1660	7.070000e-002	
1661	7.020000e-002	
1662	7.152500e-002	
1663	7.352500e-002	
1664	7.335000e-002	
1665	7.212500e-002	
1666	7.197500e-002	
1667	6.915000e-002	
1668	7.150000e-002	
1669	7.280000e-002	
1670	7.307500e-002	
1671	7.395000e-002	
1672	7.295000e-002	
1673	6.900000e-002	
1674	6.820000e-002	
1675	6.807500e-002	
1676	6.780000e-002	
1677	6.990000e-002	
1678	7.177500e-002	
1679	7.617500e-002	
1680	7.632500e-002	
1681	7.452500e-002	
1682	7.512500e-002	
1683	7.332500e-002	
1684	7.187500e-002	
1685	7.095000e-002	
1686	6.827500e-002	
1687	6.987500e-002	
1688	6.825000e-002	
1689	6.842500e-002	
1690	7.047500e-002	
1691	7.075000e-002	
1692	7.335000e-002	
1693	7.195000e-002	
1694	7.192500e-002	
1695	7.317500e-002	
1696	7.525000e-002	
1697	7.395000e-002	
1698	7.377500e-002	
1699	7.185000e-002	
1700	7.007500e-002	
1701	6.912500e-002	
1702	6.870000e-002	
1703	6.795000e-002	
1704	7.020000e-002	
1705	7.290000e-002	
1706	7.192500e-002	
1707	7.397500e-002	
1708	7.462500e-002	
1709	7.612500e-002	
1710	7.322500e-002	
1711	7.132500e-002	
1712	7.050000e-002	
1713	6.950000e-002	
1714	7.015000e-002	
1715	6.882500e-002	
1716	6.790000e-002	
1717	7.175000e-002	
1718	7.297500e-002	
1719	7.207500e-002	
1720	7.055000e-002	
1721	7.147500e-002	
1722	7.257500e-002	
1723	7.200000e-002	
1724	7.210000e-002	
1725	7.170000e-002	
1726	6.927500e-002	
1727	7.225000e-002	
1728	7.252500e-002	
1729	7.022500e-002	
1730	7.200000e-002	
1731	7.277500e-002	
1732	7.322500e-002	
1733	7.075000e-002	
1734	6.757500e-002	
1735	6.760000e-002	
1736	6.970000e-002	
1737	7.145000e-002	
1738	6.972500e-002	
1739	7.035000e-002	
1740	7.092500e-002	
1741	7.337500e-002	
1742	7.605000e-002	
1743	7.490000e-002	
1744	7.407500e-002	
1745	7.270000e-002	
1746	6.977500e-002	
1747	6.997500e-002	
1748	6.960000e-002	
1749	6.980000e-002	
1750	6.822500e-002	
1751	6.957500e-002	
1752	7.345000e-002	
1753	7.495000e-002	
1754	7.477500e-002	
1755	7.512500e-002	
1756	7.325000e-002	
1757	7.205000e-002	
1758	7.240000e-002	
1759	7.072500e-002	
1760	6.817500e-002	
1761	6.837500e-002	
1762	7.052500e-002	
1763	7.207500e-002	
1764	7.260000e-002	
1765	7.265000e-002	
1766	7.157500e-002	
1767	7.230000e-002	
1768	7.182500e-002	
1769	6.792500e-002	
1770	6.765000e-002	
1771	6.717500e-002	
1772	7.007500e-002	
1773	7.267500e-002	
1774	7.560000e-002	
1775	7.617500e-002	
1776	7.762500e-002	
1777	7.520000e-002	
1778	7.310000e-002	
1779	7.072500e-002	
1780	7.290000e-002	
1781	7.000000e-002	
1782	6.962500e-002	
1783	6.947500e-002	
1784	6.987500e-002	
1785	7.080000e-002	
1786	7.275000e-002	
1787	7.422500e-002	
1788	7.465000e-002	
1789	7.310000e-002	
1790	7.327500e-002	
1791	7.310000e-002	
1792	7.402500e-002	
1793	7.482500e-002	
1794	7.310000e-002	
1795	7.072500e-002	
1796	6.920000e-002	
1797	7.030000e-002	
1798	6.920000e-002	
1799	7.032500e-002	
1800	7.157500e-002	
1801	7.260000e-002	
1802	7.180000e-002	
1803	7.510000e-002	
1804	7.425000e-002	
1805	7.085000e-002	
1806	7.275000e-002	
1807	7.165000e-002	
1808	6.957500e-002	
1809	7.062500e-002	
1810	7.017500e-002	
1811	7.197500e-002	
1812	7.092500e-002	
1813	7.282500e-002	
1814	7.470000e-002	
1815	7.082500e-002	
1816	7.155000e-002	
1817	7.457500e-002	
1818	7.170000e-002	
1819	7.410000e-002	
1820	7.285000e-002	
1821	7.337500e-002	
1822	7.145000e-002	
1823	7.020000e-002	
1824	7.080000e-002	
1825	7.057500e-002	
1826	7.017500e-002	
1827	7.160000e-002	
1828	6.957500e-002	
1829	7.042500e-002	
1830	7.105000e-002	
1831	7.157500e-002	
1832	7.280000e-002	
1833	7.287500e-002	
1834	7.205000e-002	
1835	7.267500e-002	
1836	7.255000e-002	
1837	7.407500e-002	
1838	7.167500e-002	
1839	7.102500e-002	
1840	7.152500e-002	
1841	7.075000e-002	
1842	7.012500e-002	
1843	7.115000e-002	
1844	7.652500e-002	
1845	7.257500e-002	
1846	7.415000e-002	
1847	7.380000e-002	
1848	7.027500e-002	
1849	6.710000e-002	
1850	6.915000e-002	
1851	6.815000e-002	
1852	6.870000e-002	
1853	6.767500e-002	
1854	7.060000e-002	
1855	7.250000e-002	
1856	7.355000e-002	
1857	7.530000e-002	
1858	7.717500e-002	
1859	7.302500e-002	
1860	7.080000e-002	
1861	7.017500e-002	
1862	6.930000e-002	
1863	7.015000e-002	
1864	7.087500e-002	
1865	7.410000e-002	
1866	7.345000e-002	
1867	7.532500e-002	
1868	7.462500e-002	
1869	7.305000e-002	
1870	7.317500e-002	
1871	7.185000e-002	
1872	7.030000e-002	
1873	7.170000e-002	
1874	7.330000e-002	
1875	7.257500e-002	
1876	7.270000e-002	
1877	7.237500e-002	
1878	7.070000e-002	
1879	7.065000e-002	
1880	7.022500e-002	
1881	6.915000e-002	
1882	7.097500e-002	
1883	7.160000e-002	
1884	7.262500e-002	
1885	7.310000e-002	
1886	7.487500e-002	
1887	7.260000e-002	
1888	7.145000e-002	
1889	7.255000e-002	
1890	7.122500e-002	
1891	7.105000e-002	
1892	7.265000e-002	
1893	7.172500e-002	
1894	7.217500e-002	
1895	7.277500e-002	
1896	7.155000e-002	
1897	7.195000e-002	
1898	7.175000e-002	
1899	6.997500e-002	
1900	7.122500e-002	
1901	7.210000e-002	
1902	7.175000e-002	
1903	7.257500e-002	
1904	7.495000e-002	
1905	7.212500e-002	
1906	7.257500e-002	
1907	7.157500e-002	
1908	7.272500e-002	
1909	7.272500e-002	
1910	7.262500e-002	
1911	7.250000e-002	
1912	7.272500e-002	
1913	7.317500e-002	
1914	7.000000e-002	
1915	7.075000e-002	
1916	7.232500e-002	
1917	7.110000e-002	
1918	7.207500e-002	
1919	7.295000e-002	
1920	7.307500e-002	
1921	7.215000e-002	
1922	7.030000e-002	
1923	6.972500e-002	
1924	7.060000e-002	
1925	7.187500e-002	
1926	6.995000e-002	
1927	6.997500e-002	
1928	7.145000e-002	
1929	7.115000e-002	
1930	6.960000e-002	
1931	7.085000e-002	
1932	7.125000e-002	
1933	7.155000e-002	
1934	7.295000e-002	
1935	7.300000e-002	
1936	7.270000e-002	
1937	7.195000e-002	
1938	6.880000e-002	
1939	7.197500e-002	
1940	7.347500e-002	
1941	7.450000e-002	
1942	7.412500e-002	
1943	7.345000e-002	
1944	7.175000e-002	
1945	7.100000e-002	
1946	7.262500e-002	
1947	7.452500e-002	
1948	7.257500e-002	
1949	7.120000e-002	
1950	7.037500e-002	
1951	7.097500e-002	
1952	7.005000e-002	
1953	7.142500e-002	
1954	7.112500e-002	
1955	7.040000e-002	
1956	7.082500e-002	
1957	7.265000e-002	
1958	7.552500e-002	
1959	7.475000e-002	
1960	7.537500e-002	
1961	7.547500e-002	
1962	7.085000e-002	
1963	6.847500e-002	
1964	7.067500e-002	
1965	7.020000e-002	
1966	7.110000e-002	
1967	7.350000e-002	
1968	7.497500e-002	
1969	7.135000e-002	
1970	6.802500e-002	
1971	6.810000e-002	
1972	7.037500e-002	
1973	7.050000e-002	
1974	7.247500e-002	
1975	7.320000e-002	
1976	7.357500e-002	
1977	7.515000e-002	
1978	7.230000e-002	
1979	7.157500e-002	
1980	7.305000e-002	
1981	7.320000e-002	
1982	7.040000e-002	
1983	7.077500e-002	
1984	7.170000e-002	
1985	7.262500e-002	
1986	6.965000e-002	
1987	6.950000e-002	
1988	7.055000e-002	
1989	7.145000e-002	
1990	7.197500e-002	
1991	7.275000e-002	
1992	7.462500e-002	
1993	7.287500e-002	
1994	7.387500e-002	
1995	7.245000e-002	
1996	7.025000e-002	
1997	7.212500e-002	
1998	7.235000e-002	
1999	7.202500e-002	
2000	7.287500e-002	
2001	7.382500e-002	
2002	7.425000e-002	
2003	7.112500e-002	
2004	6.980000e-002	
2005	6.742500e-002	
2006	6.807500e-002	
2007	7.025000e-002	
2008	7.327500e-002	
2009	7.437500e-002	
2010	7.385000e-002	
2011	7.260000e-002	
2012	7.260000e-002	
2013	7.102500e-002	
2014	7.097500e-002	
2015	7.182500e-002	
2016	7.217500e-002	
2017	6.980000e-002	
2018	7.115000e-002	
2019	7.162500e-002	
2020	7.260000e-002	
2021	7.352500e-002	
2022	7.355000e-002	
2023	7.477500e-002	
2024	7.312500e-002	
2025	7.212500e-002	
2026	6.882500e-002	
2027	6.902500e-002	
2028	7.017500e-002	
2029	7.002500e-002	
2030	7.160000e-002	
2031	7.082500e-002	
2032	7.267500e-002	
2033	7.237500e-002	
2034	7.365000e-002	
2035	7.077500e-002	
2036	7.027500e-002	
2037	7.270000e-002	
2038	7.240000e-002	
2039	7.085000e-002	
2040	7.322500e-002	
2041	7.187500e-002	
2042	7.000000e-002	
2043	7.110000e-002	
2044	6.990000e-002	
2045	7.330000e-002	
2046	7.597500e-002	
2047	7.355000e-002	
2048	7.210000e-002	
2049	6.847500e-002	
2050	6.812500e-002	
2051	7.132500e-002	
2052	7.260000e-002	
2053	7.075000e-002	
2054	7.205000e-002	
2055	7.427500e-002	
2056	7.465000e-002	
2057	7.547500e-002	
2058	7.437500e-002	
2059	7.187500e-002	
2060	6.962500e-002	
2061	6.927500e-002	
2062	6.922500e-002	
2063	7.190000e-002	
2064	7.187500e-002	
2065	7.267500e-002	
2066	7.305000e-002	
2067	7.412500e-002	
2068	7.020000e-002	
2069	7.110000e-002	
2070	6.885000e-002	
2071	7.050000e-002	
2072	7.035000e-002	
2073	7.065000e-002	
2074	7.337500e-002	
2075	6.970000e-002	
2076	7.020000e-002	
2077	7.107500e-002	
2078	7.197500e-002	
2079	7.120000e-002	
2080	7.270000e-002	
2081	7.557500e-002	
2082	7.430000e-002	
2083	7.360000e-002	
2084	7.217500e-002	
2085	7.245000e-002	
2086	7.350000e-002	
2087	7.105000e-002	
2088	6.970000e-002	
2089	7.187500e-002	
2090	7.290000e-002	
2091	7.150000e-002	
2092	7.217500e-002	
2093	7.185000e-002	
2094	7.370000e-002	
2095	7.257500e-002	
2096	7.215000e-002	
2097	7.407500e-002	
2098	7.210000e-002	
2099	7.257500e-002	
2100	7.187500e-002	
2101	6.995000e-002	
2102	7.082500e-002	
2103	6.970000e-002	
2104	6.852500e-002	
2105	7.305000e-002	
2106	7.125000e-002	
2107	7.182500e-002	
2108	7.657500e-002	
2109	7.527500e-002	
2110	7.400000e-002	
2111	7.557500e-002	
2112	7.235000e-002	
2113	7.000000e-002	
2114	6.907500e-002	
2115	6.840000e-002	
2116	7.035000e-002	
2117	7.082500e-002	
2118	7.357500e-002	
2119	7.620000e-002	
2120	7.575000e-002	
2121	7.565000e-002	
2122	7.357500e-002	
2123	7.205000e-002	
2124	6.847500e-002	
2125	6.860000e-002	
2126	6.622500e-002	
2127	6.867500e-002	
2128	6.992500e-002	
2129	7.050000e-002	
2130	7.020000e-002	
2131	7.292500e-002	
2132	7.115000e-002	
2133	7.295000e-002	
2134	7.357500e-002	
2135	7.500000e-002	
2136	7.185000e-002	
2137	7.287500e-002	
2138	7.245000e-002	
2139	7.172500e-002	
2140	7.087500e-002	
2141	7.052500e-002	
2142	7.105000e-002	
2143	7.292500e-002	
2144	7.570000e-002	
2145	7.300000e-002	
2146	7.147500e-002	
2147	7.380000e-002	
2148	7.557500e-002	
2149	7.445000e-002	
2150	7.212500e-002	
2151	6.805000e-002	
2152	6.655000e-002	
2153	7.002500e-002	
2154	6.907500e-002	
2155	6.900000e-002	
2156	7.170000e-002	
2157	7.212500e-002	
2158	7.325000e-002	
2159	7.255000e-002	
2160	7.147500e-002	
2161	7.175000e-002	
2162	7.497500e-002	
2163	7.412500e-002	
2164	7.127500e-002	
2165	7.110000e-002	
2166	7.202500e-002	
2167	7.212500e-002	
2168	7.192500e-002	
2169	7.132500e-002	
2170	7.340000e-002	
2171	7.337500e-002	
2172	7.375000e-002	
2173	7.195000e-002	
2174	7.005000e-002	
2175	7.077500e-002	
2176	6.720000e-002	
2177	6.635000e-002	
2178	6.735000e-002	
2179	6.960000e-002	
2180	7.240000e-002	
2181	7.257500e-002	
2182	7.237500e-002	
2183	7.415000e-002	
2184	7.217500e-002	
2185	6.962500e-002	
2186	7.060000e-002	
2187	7.100000e-002	
2188	7.337500e-002	
2189	7.352500e-002	
2190	7.382500e-002	
2191	7.667500e-002	
2192	7.655000e-002	
2193	7.635000e-002	
2194	7.375000e-002	
2195	7.125000e-002	
2196	6.997500e-002	
2197	6.880000e-002	
2198	6.957500e-002	
2199	7.237500e-002	
2200	7.320000e-002	
2201	7.297500e-002	
2202	7.252500e-002	
2203	7.175000e-002	
2204	7.137500e-002	
2205	7.157500e-002	
2206	7.200000e-002	
2207	7.170000e-002	
2208	7.462500e-002	
2209	7.500000e-002	
2210	7.550000e-002	
2211	7.572500e-002	
2212	7.440000e-002	
2213	7.162500e-002	
2214	7.205000e-002	
2215	7.112500e-002	
2216	6.952500e-002	
2217	6.820000e-002	
2218	6.980000e-002	
2219	7.017500e-002	
2220	7.345000e-002	
2221	7.365000e-002	
2222	7.162500e-002	
2223	7.170000e-002	
2224	7.302500e-002	
2225	7.160000e-002	
2226	7.272500e-002	
2227	7.237500e-002	
2228	7.107500e-002	
2229	6.850000e-002	
2230	6.847500e-002	
2231	7.265000e-002	
2232	7.367500e-002	
2233	7.307500e-002	
2234	7.375000e-002	
2235	7.180000e-002	
2236	7.155000e-002	
2237	7.070000e-002	
2238	6.980000e-002	
2239	7.047500e-002	
2240	7.430000e-002	
2241	7.032500e-002	
2242	6.942500e-002	
2243	6.927500e-002	
2244	7.152500e-002	
2245	7.235000e-002	
2246	7.272500e-002	
2247	7.375000e-002	
2248	7.197500e-002	
2249	7.375000e-002	
2250	7.497500e-002	
2251	7.385000e-002	
2252	7.275000e-002	
2253	7.045000e-002	
2254	7.212500e-002	
2255	7.232500e-002	
2256	7.370000e-002	
2257	7.300000e-002	
2258	7.095000e-002	
2259	6.802500e-002	
2260	6.790000e-002	
2261	7.227500e-002	
2262	7.180000e-002	
2263	7.082500e-002	
2264	7.042500e-002	
2265	7.300000e-002	
2266	7.277500e-002	
2267	7.437500e-002	
2268	7.315000e-002	
2269	7.135000e-002	
2270	7.272500e-002	
2271	7.175000e-002	
2272	6.912500e-002	
2273	7.175000e-002	
2274	7.142500e-002	
2275	7.215000e-002	
2276	7.362500e-002	
2277	7.407500e-002	
2278	7.395000e-002	
2279	7.175000e-002	
2280	7.032500e-002	
2281	7.222500e-002	
2282	7.145000e-002	
2283	6.970000e-002	
2284	7.002500e-002	
2285	7.175000e-002	
2286	7.350000e-002	
2287	7.555000e-002	
2288	7.257500e-002	
2289	7.165000e-002	
2290	6.985000e-002	
2291	6.740000e-002	
2292	7.105000e-002	
2293	7.275000e-002	
2294	7.350000e-002	
2295	7.387500e-002	
2296	7.262500e-002	
2297	7.162500e-002	
2298	7.007500e-002	
2299	7.005000e-002	
2300	6.895000e-002	
2301	7.117500e-002	
2302	7.112500e-002	
2303	6.842500e-002	
2304	7.077500e-002	
2305	7.080000e-002	
2306	7.172500e-002	
2307	7.437500e-002	
2308	7.617500e-002	
2309	7.702500e-002	
2310	7.360000e-002	
2311	7.157500e-002	
2312	7.227500e-002	
2313	7.262500e-002	
2314	7.352500e-002	
2315	7.305000e-002	
2316	6.977500e-002	
2317	6.772500e-002	
2318	6.745000e-002	
2319	7.240000e-002	
2320	7.370000e-002	
2321	7.220000e-002	
2322	7.192500e-002	
2323	7.200000e-002	
2324	7.045000e-002	
2325	7.132500e-002	
2326	7.215000e-002	
2327	7.320000e-002	
2328	7.382500e-002	
2329	7.402500e-002	
2330	7.490000e-002	
2331	7.292500e-002	
2332	7.207500e-002	
2333	7.122500e-002	
2334	7.192500e-002	
2335	7.147500e-002	
2336	7.005000e-002	
2337	7.155000e-002	
2338	7.307500e-002	
2339	7.130000e-002	
2340	7.175000e-002	
2341	7.365000e-002	
2342	7.462500e-002	
2343	7.357500e-002	
2344	7.247500e-002	
2345	6.725000e-002	
2346	6.802500e-002	
2347	6.942500e-002	
2348	7.107500e-002	
2349	7.120000e-002	
2350	7.185000e-002	
2351	7.350000e-002	
2352	7.380000e-002	
2353	7.337500e-002	
2354	7.082500e-002	
2355	7.017500e-002	
2356	6.912500e-002	
2357	6.930000e-002	
2358	7.005000e-002	
2359	7.210000e-002	
2360	7.260000e-002	
2361	7.427500e-002	
2362	7.252500e-002	
2363	7.462500e-002	
2364	7.565000e-002	
2365	7.492500e-002	
2366	7.235000e-002	
2367	7.265000e-002	
2368	7.205000e-002	
2369	7.135000e-002	
2370	7.285000e-002	
2371	7.350000e-002	
2372	7.270000e-002	
2373	7.350000e-002	
2374	7.270000e-002	
2375	7.197500e-002	
2376	7.027500e-002	
2377	7.005000e-002	
2378	7.110000e-002	
2379	7.055000e-002	
2380	7.110000e-002	
2381	7.217500e-002	
2382	7.142500e-002	
2383	7.330000e-002	
2384	7.062500e-002	
2385	7.032500e-002	
2386	7.180000e-002	
2387	7.342500e-002	
2388	7.245000e-002	
2389	7.110000e-002	
2390	7.262500e-002	
2391	7.207500e-002	
2392	7.290000e-002	
2393	7.235000e-002	
2394	7.382500e-002	
2395	7.172500e-002	
2396	7.215000e-002	
2397	7.490000e-002	
2398	7.382500e-002	
2399	7.037500e-002	
2400	6.800000e-002	
2401	6.690000e-002	
2402	6.980000e-002	
2403	6.942500e-002	
2404	6.740000e-002	
2405	6.902500e-002	
2406	6.887500e-002	
2407	7.175000e-002	
2408	7.355000e-002	
2409	7.335000e-002	
2410	7.365000e-002	
2411	7.275000e-002	
2412	7.435000e-002	
2413	7.455000e-002	
2414	7.237500e-002	
2415	7.132500e-002	
2416	7.262500e-002	
2417	7.022500e-002	
2418	6.942500e-002	
2419	6.807500e-002	
2420	7.050000e-002	
2421	7.315000e-002	
2422	7.467500e-002	
2423	7.345000e-002	
2424	7.305000e-002	
2425	7.425000e-002	
2426	7.252500e-002	
2427	7.002500e-002	
2428	6.897500e-002	
2429	7.017500e-002	
2430	7.030000e-002	
2431	7.067500e-002	
2432	6.945000e-002	
2433	6.995000e-002	
2434	7.345000e-002	
2435	7.545000e-002	
2436	7.462500e-002	
2437	7.550000e-002	
2438	7.382500e-002	
2439	7.282500e-002	
2440	7.180000e-002	
2441	7.035000e-002	
2442	6.872500e-002	
2443	6.972500e-002	
2444	6.877500e-002	
2445	6.915000e-002	
2446	7.150000e-002	
2447	7.015000e-002	
2448	7.107500e-002	
2449	7.080000e-002	
2450	7.425000e-002	
2451	7.452500e-002	
2452	7.445000e-002	
2453	7.477500e-002	
2454	7.425000e-002	
2455	7.342500e-002	
2456	7.070000e-002	
2457	7.040000e-002	
2458	7.002500e-002	
2459	6.967500e-002	
2460	6.962500e-002	
2461	7.425000e-002	
2462	7.395000e-002	
2463	7.350000e-002	
2464	7.422500e-002	
2465	7.300000e-002	
2466	7.340000e-002	
2467	7.460000e-002	
2468	7.300000e-002	
2469	6.947500e-002	
2470	6.760000e-002	
2471	6.812500e-002	
2472	6.940000e-002	
2473	7.330000e-002	
2474	7.357500e-002	
2475	7.210000e-002	
2476	7.132500e-002	
2477	7.150000e-002	
2478	7.335000e-002	
2479	7.307500e-002	
2480	7.315000e-002	
2481	7.037500e-002	
2482	7.057500e-002	
2483	7.087500e-002	
2484	7.072500e-002	
2485	7.050000e-002	
2486	6.875000e-002	
2487	6.912500e-002	
2488	7.495000e-002	
2489	7.665000e-002	
2490	7.550000e-002	
2491	7.400000e-002	
2492	7.327500e-002	
2493	7.212500e-002	
2494	6.902500e-002	
2495	6.912500e-002	
2496	6.870000e-002	
2497	7.030000e-002	
2498	7.157500e-002	
2499	7.152500e-002	
2500	7.117500e-002	
2501	7.412500e-002	
2502	7.242500e-002	
2503	7.342500e-002	
2504	7.335000e-002	
2505	7.137500e-002	
2506	6.760000e-002	
2507	6.897500e-002	
2508	7.095000e-002	
2509	7.270000e-002	
2510	7.012500e-002	
2511	7.262500e-002	
2512	7.410000e-002	
2513	7.487500e-002	
2514	7.537500e-002	
2515	7.435000e-002	
2516	6.932500e-002	
2517	7.065000e-002	
2518	7.177500e-002	
2519	7.190000e-002	
2520	7.102500e-002	
2521	7.382500e-002	
2522	7.402500e-002	
2523	7.210000e-002	
2524	7.327500e-002	
2525	7.237500e-002	
2526	7.187500e-002	
2527	7.315000e-002	
2528	7.347500e-002	
2529	7.135000e-002	
2530	7.135000e-002	
2531	6.980000e-002	
2532	7.057500e-002	
2533	7.152500e-002	
2534	7.130000e-002	
2535	7.440000e-002	
2536	7.367500e-002	
2537	7.640000e-002	
2538	7.472500e-002	
2539	7.345000e-002	
2540	7.157500e-002	
2541	7.097500e-002	
2542	6.817500e-002	
2543	6.782500e-002	
2544	6.982500e-002	
2545	7.115000e-002	
2546	7.550000e-002	
2547	7.497500e-002	
2548	7.635000e-002	
2549	7.440000e-002	
2550	7.430000e-002	
2551	7.222500e-002	
2552	7.067500e-002	
2553	6.885000e-002	
2554	6.640000e-002	
2555	6.767500e-002	
2556	7.105000e-002	
2557	7.010000e-002	
2558	7.067500e-002	
2559	7.097500e-002	
2560	7.127500e-002	
2561	7.412500e-002	
2562	7.405000e-002	
2563	7.412500e-002	
2564	7.182500e-002	
2565	7.227500e-002	
2566	7.112500e-002	
2567	7.317500e-002	
2568	7.272500e-002	
2569	7.027500e-002	
2570	7.195000e-002	
2571	6.920000e-002	
2572	6.985000e-002	
2573	7.217500e-002	
2574	7.372500e-002	
2575	7.390000e-002	
2576	7.225000e-002	
2577	7.012500e-002	
2578	7.250000e-002	
2579	7.137500e-002	
2580	7.167500e-002	
2581	7.072500e-002	
2582	6.855000e-002	
2583	7.020000e-002	
2584	7.110000e-002	
2585	7.287500e-002	
2586	7.375000e-002	
2587	7.200000e-002	
2588	7.290000e-002	
2589	7.092500e-002	
2590	7.177500e-002	
2591	7.170000e-002	
2592	7.030000e-002	
2593	7.037500e-002	
2594	6.967500e-002	
2595	7.125000e-002	
2596	7.170000e-002	
2597	7.167500e-002	
2598	7.307500e-002	
2599	7.125000e-002	
2600	7.065000e-002	
2601	7.020000e-002	
2602	7.377500e-002	
2603	7.217500e-002	
2604	7.507500e-002	
2605	7.482500e-002	
2606	7.462500e-002	
2607	7.190000e-002	
2608	7.170000e-002	
2609	7.322500e-002	
2610	7.070000e-002	
2611	7.085000e-002	
2612	6.995000e-002	
2613	7.022500e-002	
2614	7.087500e-002	
2615	7.450000e-002	
2616	7.490000e-002	
2617	7.560000e-002	
2618	7.097500e-002	
2619	6.967500e-002	
2620	6.837500e-002	
2621	7.115000e-002	
2622	7.095000e-002	
2623	7.200000e-002	
2624	7.255000e-002	
2625	7.287500e-002	
2626	7.635000e-002	
2627	7.552500e-002	
2628	7.312500e-002	
2629	7.327500e-002	
2630	7.122500e-002	
2631	6.962500e-002	
2632	7.085000e-002	
2633	7.075000e-002	
2634	7.217500e-002	
2635	7.092500e-002	
2636	7.062500e-002	
2637	7.215000e-002	
2638	7.265000e-002	
2639	7.240000e-002	
2640	7.232500e-002	
2641	7.277500e-002	
2642	7.185000e-002	
2643	7.090000e-002	
2644	7.180000e-002	
2645	7.082500e-002	
2646	7.130000e-002	
2647	7.067500e-002	
2648	7.047500e-002	
2649	7.045000e-002	
2650	7.042500e-002	
2651	7.255000e-002	
2652	7.077500e-002	
2653	6.810000e-002	
2654	7.105000e-002	
2655	7.162500e-002	
2656	7.305000e-002	
2657	7.482500e-002	
2658	7.512500e-002	
2659	7.477500e-002	
2660	7.327500e-002	
2661	7.055000e-002	
2662	6.945000e-002	
2663	6.820000e-002	
2664	6.967500e-002	
2665	7.255000e-002	
2666	7.542500e-002	
2667	7.255000e-002	
2668	7.252500e-002	
2669	7.380000e-002	
2670	7.205000e-002	
2671	7.135000e-002	
2672	6.845000e-002	
2673	7.002500e-002	
2674	7.207500e-002	
2675	7.235000e-002	
2676	7.237500e-002	
2677	7.125000e-002	
2678	7.067500e-002	
2679	7.367500e-002	
2680	7.315000e-002	
2681	7.190000e-002	
2682	7.075000e-002	
2683	7.047500e-002	
2684	7.287500e-002	
2685	7.247500e-002	
2686	7.487500e-002	
2687	7.412500e-002	
2688	7.110000e-002	
2689	7.115000e-002	
2690	6.832500e-002	
2691	6.852500e-002	
2692	7.315000e-002	
2693	7.295000e-002	
2694	7.220000e-002	
2695	7.305000e-002	
2696	7.352500e-002	
2697	7.432500e-002	
2698	7.215000e-002	
2699	7.087500e-002	
2700	7.010000e-002	
2701	6.807500e-002	
2702	6.870000e-002	
2703	7.180000e-002	
2704	7.172500e-002	
2705	7.077500e-002	
2706	7.220000e-002	
2707	7.230000e-002	
2708	7.437500e-002	
2709	7.205000e-002	
2710	7.290000e-002	
2711	6.985000e-002	
2712	7.202500e-002	
2713	7.487500e-002	
2714	7.365000e-002	
2715	7.482500e-002	
2716	7.445000e-002	
2717	7.627500e-002	
2718	7.297500e-002	
2719	6.940000e-002	
2720	7.167500e-002	
2721	6.937500e-002	
2722	6.780000e-002	
2723	6.802500e-002	
2724	7.020000e-002	
2725	7.312500e-002	
2726	7.210000e-002	
2727	7.010000e-002	
2728	7.227500e-002	
2729	7.245000e-002	
2730	7.387500e-002	
2731	7.320000e-002	
2732	7.147500e-002	
2733	7.127500e-002	
2734	7.032500e-002	
2735	7.190000e-002	
2736	7.247500e-002	
2737	7.470000e-002	
2738	7.392500e-002	
2739	7.210000e-002	
2740	6.957500e-002	
2741	6.905000e-002	
2742	7.072500e-002	
2743	7.162500e-002	
2744	7.070000e-002	
2745	7.315000e-002	
2746	7.265000e-002	
2747	7.295000e-002	
2748	7.405000e-002	
2749	7.475000e-002	
2750	7.302500e-002	
2751	7.232500e-002	
2752	7.532500e-002	
2753	7.380000e-002	
2754	7.265000e-002	
2755	7.210000e-002	
2756	7.052500e-002	
2757	7.265000e-002	
2758	7.382500e-002	
2759	7.282500e-002	
2760	7.180000e-002	
2761	7.087500e-002	
2762	6.982500e-002	
2763	6.962500e-002	
2764	7.260000e-002	
2765	7.297500e-002	
2766	7.315000e-002	
2767	7.205000e-002	
2768	7.265000e-002	
2769	7.195000e-002	
2770	7.372500e-002	
2771	7.367500e-002	
2772	7.445000e-002	
2773	7.442500e-002	
2774	6.987500e-002	
2775	7.025000e-002	
2776	6.650000e-002	
2777	6.755000e-002	
2778	6.775000e-002	
2779	6.932500e-002	
2780	7.122500e-002	
2781	7.305000e-002	
2782	7.382500e-002	
2783	7.350000e-002	
2784	7.212500e-002	
2785	7.375000e-002	
2786	7.552500e-002	
2787	7.470000e-002	
2788	7.207500e-002	
2789	6.855000e-002	
2790	6.852500e-002	
2791	7.045000e-002	
2792	7.227500e-002	
2793	7.365000e-002	
2794	7.150000e-002	
2795	7.115000e-002	
2796	7.310000e-002	
2797	7.370000e-002	
2798	7.415000e-002	
2799	7.315000e-002	
2800	7.342500e-002	
2801	7.317500e-002	
2802	7.190000e-002	
2803	7.030000e-002	
2804	7.205000e-002	
2805	7.210000e-002	
2806	7.237500e-002	
2807	7.290000e-002	
2808	7.520000e-002	
2809	7.600000e-002	
2810	7.430000e-002	
2811	7.287500e-002	
2812	7.025000e-002	
2813	6.767500e-002	
2814	6.562500e-002	
2815	6.730000e-002	
2816	7.145000e-002	
2817	7.240000e-002	
2818	7.507500e-002	
2819	7.442500e-002	
2820	7.357500e-002	
2821	7.382500e-002	
2822	7.230000e-002	
2823	7.180000e-002	
2824	7.140000e-002	
2825	7.182500e-002	
2826	6.830000e-002	
2827	6.950000e-002	
2828	7.112500e-002	
2829	7.337500e-002	
2830	7.252500e-002	
2831	7.020000e-002	
2832	6.942500e-002	
2833	7.137500e-002	
2834	7.250000e-002	
2835	7.387500e-002	
2836	7.375000e-002	
2837	7.195000e-002	
2838	7.327500e-002	
2839	7.090000e-002	
2840	7.377500e-002	
2841	7.297500e-002	
2842	7.182500e-002	
2843	7.077500e-002	
2844	6.955000e-002	
2845	7.200000e-002	
2846	7.432500e-002	
2847	7.405000e-002	
2848	7.220000e-002	
2849	7.442500e-002	
2850	7.175000e-002	
2851	7.035000e-002	
2852	7.045000e-002	
2853	6.972500e-002	
2854	6.842500e-002	
2855	7.060000e-002	
2856	7.197500e-002	
2857	7.382500e-002	
2858	7.075000e-002	
2859	7.137500e-002	
2860	7.350000e-002	
2861	7.372500e-002	
2862	7.435000e-002	
2863	7.460000e-002	
2864	7.342500e-002	
2865	7.272500e-002	
2866	7.192500e-002	
2867	6.850000e-002	
2868	6.897500e-002	
2869	7.085000e-002	
2870	7.062500e-002	
2871	7.170000e-002	
2872	7.080000e-002	
2873	7.322500e-002	
2874	7.140000e-002	
2875	7.032500e-002	
2876	7.135000e-002	
2877	7.232500e-002	
2878	7.185000e-002	
2879	7.020000e-002	
2880	6.882500e-002	
2881	6.932500e-002	
2882	7.060000e-002	
2883	7.370000e-002	
2884	7.280000e-002	
2885	7.195000e-002	
2886	7.170000e-002	
2887	7.175000e-002	
2888	7.020000e-002	
2889	7.065000e-002	
2890	6.967500e-002	
2891	7.067500e-002	
2892	7.117500e-002	
2893	7.177500e-002	
2894	7.107500e-002	
2895	7.185000e-002	
2896	7.232500e-002	
2897	7.437500e-002	
2898	7.477500e-002	
2899	7.607500e-002	
2900	7.332500e-002	
2901	7.290000e-002	
2902	6.912500e-002	
2903	7.190000e-002	
2904	7.182500e-002	
2905	7.232500e-002	
2906	7.290000e-002	
2907	7.295000e-002	
2908	7.137500e-002	
2909	6.725000e-002	
2910	6.885000e-002	
2911	7.007500e-002	
2912	7.085000e-002	
2913	7.307500e-002	
2914	7.397500e-002	
2915	7.220000e-002	
2916	7.312500e-002	
2917	7.362500e-002	
2918	7.327500e-002	
2919	7.085000e-002	
2920	6.930000e-002	
2921	6.877500e-002	
2922	6.935000e-002	
2923	6.902500e-002	
2924	7.287500e-002	
2925	7.377500e-002	
2926	7.035000e-002	
2927	7.057500e-002	
2928	7.162500e-002	
2929	7.142500e-002	
2930	6.925000e-002	
2931	7.197500e-002	
2932	7.232500e-002	
2933	7.357500e-002	
2934	7.287500e-002	
2935	7.325000e-002	
2936	7.262500e-002	
2937	7.295000e-002	
2938	7.267500e-002	
2939	7.290000e-002	
2940	6.975000e-002	
2941	6.807500e-002	
2942	6.995000e-002	
2943	7.150000e-002	
2944	7.280000e-002	
2945	7.417500e-002	
2946	7.497500e-002	
2947	7.662500e-002	
2948	7.295000e-002	
2949	7.032500e-002	
2950	7.045000e-002	
2951	6.860000e-002	
2952	6.950000e-002	
2953	6.920000e-002	
2954	7.045000e-002	
2955	6.992500e-002	
2956	7.377500e-002	
2957	7.427500e-002	
2958	7.172500e-002	
2959	7.287500e-002	
2960	7.482500e-002	
2961	7.275000e-002	
2962	7.302500e-002	
2963	7.047500e-002	
2964	6.947500e-002	
2965	7.177500e-002	
2966	7.080000e-002	
2967	7.155000e-002	
2968	7.185000e-002	
2969	7.150000e-002	
2970	7.165000e-002	
2971	7.230000e-002	
2972	7.175000e-002	
2973	7.372500e-002	
2974	7.385000e-002	
2975	7.267500e-002	
2976	7.090000e-002	
2977	7.242500e-002	
2978	7.095000e-002	
2979	7.217500e-002	
2980	7.110000e-002	
2981	7.260000e-002	
2982	7.272500e-002	
2983	7.145000e-002	
2984	7.245000e-002	
2985	7.087500e-002	
2986	6.987500e-002	
2987	7.202500e-002	
2988	7.417500e-002	
2989	7.407500e-002	
2990	7.447500e-002	
2991	7.450000e-002	
2992	7.135000e-002	
2993	7.037500e-002	
2994	7.210000e-002	
2995	7.152500e-002	
2996	7.142500e-002	
2997	7.217500e-002	
2998	7.422500e-002	
2999	7.345000e-002	
3000	7.077500e-002	
3001	6.790000e-002	
