1	0	
2	2.500000e-005	
3	2.250000e-004	
4	9.250000e-004	
5	2.075000e-003	
6	3.650000e-003	
7	5.975000e-003	
8	9.325000e-003	
9	1.437500e-002	
10	1.995000e-002	
11	2.717500e-002	
12	3.397500e-002	
13	4.187500e-002	
14	5.047500e-002	
15	5.710000e-002	
16	6.520000e-002	
17	7.235000e-002	
18	7.742500e-002	
19	8.215000e-002	
20	8.707500e-002	
21	8.597500e-002	
22	8.415000e-002	
23	8.452500e-002	
24	8.915000e-002	
25	9.060000e-002	
26	9.415000e-002	
27	9.342500e-002	
28	9.210000e-002	
29	9.040000e-002	
30	8.940000e-002	
31	9.315000e-002	
32	9.472500e-002	
33	9.522500e-002	
34	9.295000e-002	
35	9.417500e-002	
36	9.220000e-002	
37	9.325000e-002	
38	9.522500e-002	
39	9.725000e-002	
40	9.587500e-002	
41	9.497500e-002	
42	9.525000e-002	
43	9.090000e-002	
44	9.357500e-002	
45	9.722500e-002	
46	9.850000e-002	
47	9.897500e-002	
48	9.832500e-002	
49	9.365000e-002	
50	9.317500e-002	
51	9.117500e-002	
52	9.437500e-002	
53	9.737500e-002	
54	9.952500e-002	
55	9.712500e-002	
56	9.627500e-002	
57	9.467500e-002	
58	9.470000e-002	
59	9.472500e-002	
60	9.595000e-002	
61	9.287500e-002	
62	9.470000e-002	
63	9.477500e-002	
64	9.457500e-002	
65	9.472500e-002	
66	9.365000e-002	
67	9.222500e-002	
68	9.407500e-002	
69	9.657500e-002	
70	9.655000e-002	
71	9.580000e-002	
72	9.447500e-002	
73	9.407500e-002	
74	9.500000e-002	
75	9.335000e-002	
76	9.212500e-002	
77	9.490000e-002	
78	9.685000e-002	
79	9.702500e-002	
80	9.627500e-002	
81	9.560000e-002	
82	9.407500e-002	
83	9.277500e-002	
84	9.227500e-002	
85	9.547500e-002	
86	9.572500e-002	
87	9.542500e-002	
88	9.490000e-002	
89	9.477500e-002	
90	9.747500e-002	
91	9.560000e-002	
92	9.600000e-002	
93	9.620000e-002	
94	9.625000e-002	
95	9.640000e-002	
96	9.305000e-002	
97	9.150000e-002	
98	9.512500e-002	
99	9.582500e-002	
100	9.867500e-002	
101	9.695000e-002	
102	9.822500e-002	
103	9.635000e-002	
104	9.245000e-002	
105	9.077500e-002	
106	9.390000e-002	
107	9.397500e-002	
108	9.742500e-002	
109	9.652500e-002	
110	9.680000e-002	
111	9.317500e-002	
112	9.352500e-002	
113	9.635000e-002	
114	9.760000e-002	
115	9.340000e-002	
116	9.412500e-002	
117	9.502500e-002	
118	9.465000e-002	
119	9.325000e-002	
120	9.060000e-002	
121	9.107500e-002	
122	9.375000e-002	
123	9.832500e-002	
124	9.810000e-002	
125	9.632500e-002	
126	9.680000e-002	
127	9.727500e-002	
128	9.722500e-002	
129	9.590000e-002	
130	9.442500e-002	
131	9.662500e-002	
132	9.667500e-002	
133	9.600000e-002	
134	9.342500e-002	
135	9.252500e-002	
136	9.370000e-002	
137	9.417500e-002	
138	9.735000e-002	
139	9.650000e-002	
140	9.845000e-002	
141	9.915000e-002	
142	9.655000e-002	
143	9.642500e-002	
144	9.182500e-002	
145	9.040000e-002	
146	9.287500e-002	
147	9.560000e-002	
148	9.485000e-002	
149	9.737500e-002	
150	9.405000e-002	
151	9.462500e-002	
152	9.467500e-002	
153	9.532500e-002	
154	9.550000e-002	
155	9.577500e-002	
156	9.600000e-002	
157	9.577500e-002	
158	9.550000e-002	
159	9.455000e-002	
160	9.712500e-002	
161	9.352500e-002	
162	9.165000e-002	
163	8.942500e-002	
164	9.070000e-002	
165	9.192500e-002	
166	9.507500e-002	
167	9.580000e-002	
168	1.005500e-001	
169	9.932500e-002	
170	9.662500e-002	
171	9.472500e-002	
172	9.367500e-002	
173	9.257500e-002	
174	9.280000e-002	
175	9.525000e-002	
176	9.730000e-002	
177	9.575000e-002	
178	9.527500e-002	
179	9.535000e-002	
180	9.582500e-002	
181	9.367500e-002	
182	9.590000e-002	
183	9.277500e-002	
184	9.545000e-002	
185	9.237500e-002	
186	9.445000e-002	
187	9.542500e-002	
188	9.545000e-002	
189	9.325000e-002	
190	9.277500e-002	
191	9.722500e-002	
192	9.622500e-002	
193	9.640000e-002	
194	9.300000e-002	
195	9.200000e-002	
196	9.352500e-002	
197	9.760000e-002	
198	9.655000e-002	
199	9.892500e-002	
200	9.692500e-002	
201	9.390000e-002	
202	9.415000e-002	
203	9.202500e-002	
204	9.325000e-002	
205	9.195000e-002	
206	9.542500e-002	
207	9.660000e-002	
208	9.315000e-002	
209	9.505000e-002	
210	9.630000e-002	
211	9.495000e-002	
212	9.782500e-002	
213	9.712500e-002	
214	9.480000e-002	
215	9.350000e-002	
216	9.300000e-002	
217	9.377500e-002	
218	9.380000e-002	
219	9.420000e-002	
220	9.530000e-002	
221	9.387500e-002	
222	9.392500e-002	
223	9.582500e-002	
224	9.755000e-002	
225	9.900000e-002	
226	9.892500e-002	
227	9.682500e-002	
228	9.440000e-002	
229	9.237500e-002	
230	9.567500e-002	
231	9.580000e-002	
232	9.532500e-002	
233	9.530000e-002	
234	9.600000e-002	
235	9.947500e-002	
236	9.910000e-002	
237	9.557500e-002	
238	9.075000e-002	
239	9.092500e-002	
240	8.992500e-002	
241	8.935000e-002	
242	9.412500e-002	
243	9.560000e-002	
244	9.672500e-002	
245	9.782500e-002	
246	9.750000e-002	
247	9.917500e-002	
248	9.652500e-002	
249	9.337500e-002	
250	9.470000e-002	
251	9.385000e-002	
252	9.420000e-002	
253	9.282500e-002	
254	9.125000e-002	
255	9.102500e-002	
256	9.390000e-002	
257	9.547500e-002	
258	9.927500e-002	
259	9.992500e-002	
260	9.615000e-002	
261	9.462500e-002	
262	9.082500e-002	
263	9.007500e-002	
264	9.082500e-002	
265	9.320000e-002	
266	9.505000e-002	
267	9.965000e-002	
268	9.997500e-002	
269	1.007250e-001	
270	9.687500e-002	
271	9.387500e-002	
272	9.262500e-002	
273	9.212500e-002	
274	9.260000e-002	
275	9.497500e-002	
276	9.777500e-002	
277	9.865000e-002	
278	9.727500e-002	
279	9.502500e-002	
280	9.627500e-002	
281	9.427500e-002	
282	9.090000e-002	
283	9.320000e-002	
284	9.430000e-002	
285	9.455000e-002	
286	9.705000e-002	
287	9.740000e-002	
288	9.900000e-002	
289	9.440000e-002	
290	9.385000e-002	
291	9.152500e-002	
292	9.242500e-002	
293	9.327500e-002	
294	9.455000e-002	
295	9.427500e-002	
296	9.367500e-002	
297	9.470000e-002	
298	9.315000e-002	
299	9.395000e-002	
300	9.467500e-002	
301	9.530000e-002	
302	9.512500e-002	
303	9.660000e-002	
304	9.377500e-002	
305	9.562500e-002	
306	9.595000e-002	
307	9.507500e-002	
308	9.162500e-002	
309	9.172500e-002	
310	9.250000e-002	
311	9.432500e-002	
312	9.550000e-002	
313	9.647500e-002	
314	9.525000e-002	
315	9.582500e-002	
316	9.660000e-002	
317	9.085000e-002	
318	9.302500e-002	
319	9.315000e-002	
320	9.447500e-002	
321	9.532500e-002	
322	9.540000e-002	
323	9.572500e-002	
324	9.615000e-002	
325	9.575000e-002	
326	9.862500e-002	
327	9.652500e-002	
328	9.332500e-002	
329	9.350000e-002	
330	9.520000e-002	
331	9.437500e-002	
332	9.510000e-002	
333	9.375000e-002	
334	9.350000e-002	
335	9.375000e-002	
336	9.442500e-002	
337	9.517500e-002	
338	9.902500e-002	
339	9.867500e-002	
340	9.490000e-002	
341	9.522500e-002	
342	9.422500e-002	
343	9.325000e-002	
344	9.337500e-002	
345	9.537500e-002	
346	9.585000e-002	
347	9.330000e-002	
348	9.597500e-002	
349	9.602500e-002	
350	9.610000e-002	
351	9.417500e-002	
352	9.562500e-002	
353	9.855000e-002	
354	9.557500e-002	
355	9.507500e-002	
356	9.595000e-002	
357	9.745000e-002	
358	9.455000e-002	
359	9.632500e-002	
360	9.290000e-002	
361	9.110000e-002	
362	9.282500e-002	
363	9.512500e-002	
364	9.737500e-002	
365	9.665000e-002	
366	9.697500e-002	
367	9.730000e-002	
368	9.520000e-002	
369	9.245000e-002	
370	9.442500e-002	
371	9.515000e-002	
372	9.385000e-002	
373	9.190000e-002	
374	9.250000e-002	
375	9.670000e-002	
376	9.765000e-002	
377	9.787500e-002	
378	9.420000e-002	
379	9.200000e-002	
380	9.282500e-002	
381	9.467500e-002	
382	9.630000e-002	
383	9.760000e-002	
384	1.001500e-001	
385	9.775000e-002	
386	9.565000e-002	
387	9.507500e-002	
388	9.455000e-002	
389	9.145000e-002	
390	8.895000e-002	
391	9.380000e-002	
392	9.420000e-002	
393	9.622500e-002	
394	9.790000e-002	
395	9.567500e-002	
396	9.445000e-002	
397	9.267500e-002	
398	9.552500e-002	
399	9.472500e-002	
400	9.500000e-002	
401	9.405000e-002	
402	9.267500e-002	
403	9.292500e-002	
404	9.610000e-002	
405	9.820000e-002	
406	9.622500e-002	
407	9.677500e-002	
408	9.610000e-002	
409	9.555000e-002	
410	9.435000e-002	
411	9.587500e-002	
412	9.550000e-002	
413	9.557500e-002	
414	9.252500e-002	
415	9.410000e-002	
416	9.760000e-002	
417	9.677500e-002	
418	9.767500e-002	
419	9.590000e-002	
420	9.375000e-002	
421	9.112500e-002	
422	9.257500e-002	
423	9.285000e-002	
424	9.602500e-002	
425	9.535000e-002	
426	9.715000e-002	
427	9.517500e-002	
428	9.427500e-002	
429	9.667500e-002	
430	9.575000e-002	
431	9.467500e-002	
432	9.262500e-002	
433	9.680000e-002	
434	9.737500e-002	
435	9.577500e-002	
436	9.187500e-002	
437	9.197500e-002	
438	9.107500e-002	
439	9.182500e-002	
440	9.402500e-002	
441	9.825000e-002	
442	1.001000e-001	
443	9.747500e-002	
444	9.470000e-002	
445	9.310000e-002	
446	9.552500e-002	
447	9.595000e-002	
448	9.425000e-002	
449	9.540000e-002	
450	9.360000e-002	
451	9.510000e-002	
452	9.585000e-002	
453	9.847500e-002	
454	9.695000e-002	
455	9.430000e-002	
456	9.575000e-002	
457	9.370000e-002	
458	9.055000e-002	
459	9.220000e-002	
460	9.457500e-002	
461	9.530000e-002	
462	9.425000e-002	
463	9.495000e-002	
464	9.552500e-002	
465	9.867500e-002	
466	9.820000e-002	
467	9.665000e-002	
468	9.580000e-002	
469	9.397500e-002	
470	9.565000e-002	
471	9.592500e-002	
472	9.547500e-002	
473	9.575000e-002	
474	9.617500e-002	
475	9.305000e-002	
476	9.242500e-002	
477	9.057500e-002	
478	9.445000e-002	
479	9.550000e-002	
480	9.740000e-002	
481	9.970000e-002	
482	9.912500e-002	
483	9.687500e-002	
484	9.477500e-002	
485	9.240000e-002	
486	9.497500e-002	
487	9.672500e-002	
488	9.447500e-002	
489	9.592500e-002	
490	9.527500e-002	
491	9.470000e-002	
492	9.327500e-002	
493	9.612500e-002	
494	9.490000e-002	
495	9.265000e-002	
496	9.342500e-002	
497	9.362500e-002	
498	9.467500e-002	
499	9.755000e-002	
500	9.550000e-002	
501	9.422500e-002	
502	9.447500e-002	
503	9.425000e-002	
504	9.435000e-002	
505	9.792500e-002	
506	1.005000e-001	
507	9.950000e-002	
508	9.600000e-002	
509	9.372500e-002	
510	9.242500e-002	
511	9.255000e-002	
512	9.310000e-002	
513	9.457500e-002	
514	9.717500e-002	
515	9.645000e-002	
516	9.485000e-002	
517	9.787500e-002	
518	1.004000e-001	
519	9.292500e-002	
520	9.305000e-002	
521	9.642500e-002	
522	9.430000e-002	
523	9.352500e-002	
524	9.580000e-002	
525	9.717500e-002	
526	9.767500e-002	
527	9.710000e-002	
528	9.485000e-002	
529	9.545000e-002	
530	9.660000e-002	
531	9.715000e-002	
532	9.675000e-002	
533	9.590000e-002	
534	9.442500e-002	
535	9.652500e-002	
536	9.987500e-002	
537	9.820000e-002	
538	9.442500e-002	
539	9.200000e-002	
540	9.290000e-002	
541	9.567500e-002	
542	9.370000e-002	
543	9.302500e-002	
544	9.617500e-002	
545	9.675000e-002	
546	9.747500e-002	
547	9.880000e-002	
548	9.770000e-002	
549	9.370000e-002	
550	9.497500e-002	
551	9.357500e-002	
552	9.405000e-002	
553	9.422500e-002	
554	9.515000e-002	
555	9.662500e-002	
556	9.700000e-002	
557	9.332500e-002	
558	9.435000e-002	
559	9.440000e-002	
560	9.272500e-002	
561	9.442500e-002	
562	9.350000e-002	
563	9.540000e-002	
564	9.610000e-002	
565	9.937500e-002	
566	9.712500e-002	
567	9.737500e-002	
568	9.455000e-002	
569	9.055000e-002	
570	9.165000e-002	
571	9.230000e-002	
572	9.515000e-002	
573	9.335000e-002	
574	9.782500e-002	
575	9.997500e-002	
576	9.635000e-002	
577	9.620000e-002	
578	9.310000e-002	
579	9.387500e-002	
580	9.240000e-002	
581	9.292500e-002	
582	9.410000e-002	
583	9.520000e-002	
584	9.735000e-002	
585	9.577500e-002	
586	9.337500e-002	
587	9.610000e-002	
588	9.807500e-002	
589	9.285000e-002	
590	9.135000e-002	
591	9.517500e-002	
592	9.607500e-002	
593	9.667500e-002	
594	9.720000e-002	
595	9.742500e-002	
596	9.682500e-002	
597	9.645000e-002	
598	9.570000e-002	
599	9.587500e-002	
600	9.485000e-002	
601	9.620000e-002	
602	9.537500e-002	
603	9.472500e-002	
604	9.480000e-002	
605	9.462500e-002	
606	9.522500e-002	
607	9.360000e-002	
608	9.247500e-002	
609	9.295000e-002	
610	9.447500e-002	
611	9.492500e-002	
612	9.652500e-002	
613	9.737500e-002	
614	9.567500e-002	
615	9.392500e-002	
616	9.040000e-002	
617	9.165000e-002	
618	9.280000e-002	
619	9.645000e-002	
620	9.802500e-002	
621	9.767500e-002	
622	9.947500e-002	
623	9.532500e-002	
624	9.305000e-002	
625	9.167500e-002	
626	9.452500e-002	
627	9.292500e-002	
628	9.512500e-002	
629	9.722500e-002	
630	9.652500e-002	
631	9.310000e-002	
632	9.277500e-002	
633	9.187500e-002	
634	9.412500e-002	
635	9.640000e-002	
636	1.006000e-001	
637	9.515000e-002	
638	9.345000e-002	
639	9.387500e-002	
640	9.597500e-002	
641	9.572500e-002	
642	9.805000e-002	
643	9.835000e-002	
644	9.612500e-002	
645	9.475000e-002	
646	8.917500e-002	
647	8.957500e-002	
648	9.205000e-002	
649	9.572500e-002	
650	9.822500e-002	
651	9.987500e-002	
652	9.752500e-002	
653	9.560000e-002	
654	9.357500e-002	
655	9.255000e-002	
656	9.395000e-002	
657	9.445000e-002	
658	9.545000e-002	
659	9.692500e-002	
660	9.602500e-002	
661	9.785000e-002	
662	9.542500e-002	
663	9.455000e-002	
664	9.530000e-002	
665	9.492500e-002	
666	9.420000e-002	
667	9.557500e-002	
668	9.292500e-002	
669	9.287500e-002	
670	9.405000e-002	
671	9.607500e-002	
672	9.795000e-002	
673	9.457500e-002	
674	9.742500e-002	
675	9.810000e-002	
676	9.495000e-002	
677	9.300000e-002	
678	9.575000e-002	
679	9.697500e-002	
680	9.670000e-002	
681	9.345000e-002	
682	9.665000e-002	
683	9.362500e-002	
684	9.372500e-002	
685	9.380000e-002	
686	9.517500e-002	
687	9.502500e-002	
688	9.632500e-002	
689	9.470000e-002	
690	9.435000e-002	
691	9.820000e-002	
692	9.697500e-002	
693	9.690000e-002	
694	9.455000e-002	
695	9.385000e-002	
696	9.175000e-002	
697	9.217500e-002	
698	9.547500e-002	
699	9.487500e-002	
700	9.557500e-002	
701	9.755000e-002	
702	9.720000e-002	
703	9.507500e-002	
704	9.150000e-002	
705	9.032500e-002	
706	9.267500e-002	
707	9.350000e-002	
708	9.632500e-002	
709	9.537500e-002	
710	9.517500e-002	
711	9.280000e-002	
712	9.117500e-002	
713	9.262500e-002	
714	9.545000e-002	
715	9.780000e-002	
716	9.905000e-002	
717	9.677500e-002	
718	9.422500e-002	
719	9.382500e-002	
720	9.182500e-002	
721	9.305000e-002	
722	9.262500e-002	
723	9.527500e-002	
724	9.597500e-002	
725	9.542500e-002	
726	9.315000e-002	
727	9.557500e-002	
728	9.455000e-002	
729	9.845000e-002	
730	9.610000e-002	
731	9.455000e-002	
732	9.615000e-002	
733	9.700000e-002	
734	9.395000e-002	
735	9.315000e-002	
736	9.257500e-002	
737	9.600000e-002	
738	9.775000e-002	
739	9.685000e-002	
740	9.395000e-002	
741	9.385000e-002	
742	9.422500e-002	
743	9.172500e-002	
744	9.440000e-002	
745	9.690000e-002	
746	9.920000e-002	
747	9.705000e-002	
748	9.702500e-002	
749	9.592500e-002	
750	9.585000e-002	
751	9.292500e-002	
752	9.275000e-002	
753	9.532500e-002	
754	9.697500e-002	
755	9.662500e-002	
756	9.582500e-002	
757	9.197500e-002	
758	9.312500e-002	
759	9.622500e-002	
760	9.562500e-002	
761	9.640000e-002	
762	9.660000e-002	
763	9.627500e-002	
764	9.530000e-002	
765	9.377500e-002	
766	9.020000e-002	
767	9.307500e-002	
768	9.505000e-002	
769	9.360000e-002	
770	9.647500e-002	
771	9.552500e-002	
772	9.530000e-002	
773	9.305000e-002	
774	9.312500e-002	
775	9.415000e-002	
776	9.632500e-002	
777	9.582500e-002	
778	9.480000e-002	
779	9.382500e-002	
780	9.257500e-002	
781	9.420000e-002	
782	9.330000e-002	
783	9.232500e-002	
784	9.120000e-002	
785	9.305000e-002	
786	9.565000e-002	
787	9.452500e-002	
788	9.337500e-002	
789	9.597500e-002	
790	9.577500e-002	
791	9.812500e-002	
792	9.577500e-002	
793	9.300000e-002	
794	9.405000e-002	
795	9.292500e-002	
796	9.625000e-002	
797	9.575000e-002	
798	9.250000e-002	
799	9.245000e-002	
800	9.367500e-002	
801	9.235000e-002	
802	9.430000e-002	
803	9.455000e-002	
804	9.795000e-002	
805	9.842500e-002	
806	9.652500e-002	
807	9.550000e-002	
808	9.642500e-002	
809	9.557500e-002	
810	9.285000e-002	
811	9.180000e-002	
812	9.622500e-002	
813	9.525000e-002	
814	9.387500e-002	
815	9.275000e-002	
816	9.565000e-002	
817	9.500000e-002	
818	9.522500e-002	
819	9.240000e-002	
820	9.280000e-002	
821	9.367500e-002	
822	9.362500e-002	
823	9.507500e-002	
824	9.787500e-002	
825	9.747500e-002	
826	9.720000e-002	
827	9.707500e-002	
828	9.527500e-002	
829	9.242500e-002	
830	9.352500e-002	
831	9.425000e-002	
832	1.002500e-001	
833	9.917500e-002	
834	9.790000e-002	
835	9.647500e-002	
836	9.302500e-002	
837	9.397500e-002	
838	9.245000e-002	
839	9.417500e-002	
840	9.637500e-002	
841	9.797500e-002	
842	9.637500e-002	
843	9.612500e-002	
844	9.737500e-002	
845	9.485000e-002	
846	9.317500e-002	
847	9.445000e-002	
848	9.372500e-002	
849	9.142500e-002	
850	9.290000e-002	
851	9.540000e-002	
852	9.477500e-002	
853	9.645000e-002	
854	9.940000e-002	
855	9.737500e-002	
856	9.302500e-002	
857	8.862500e-002	
858	9.020000e-002	
859	9.302500e-002	
860	9.532500e-002	
861	9.745000e-002	
862	1.007250e-001	
863	1.010500e-001	
864	1.006000e-001	
865	9.370000e-002	
866	9.230000e-002	
867	9.250000e-002	
868	9.567500e-002	
869	9.675000e-002	
870	9.287500e-002	
871	9.395000e-002	
872	9.527500e-002	
873	9.595000e-002	
874	9.510000e-002	
875	9.607500e-002	
876	9.592500e-002	
877	9.290000e-002	
878	9.282500e-002	
879	9.625000e-002	
880	9.562500e-002	
881	9.352500e-002	
882	9.142500e-002	
883	9.492500e-002	
884	9.477500e-002	
885	9.470000e-002	
886	9.530000e-002	
887	9.585000e-002	
888	9.687500e-002	
889	9.727500e-002	
890	9.710000e-002	
891	9.330000e-002	
892	9.487500e-002	
893	9.685000e-002	
894	9.487500e-002	
895	9.340000e-002	
896	9.250000e-002	
897	9.557500e-002	
898	9.732500e-002	
899	9.792500e-002	
900	9.622500e-002	
901	9.602500e-002	
902	9.195000e-002	
903	9.287500e-002	
904	9.490000e-002	
905	9.477500e-002	
906	9.612500e-002	
907	9.340000e-002	
908	9.460000e-002	
909	9.562500e-002	
910	9.700000e-002	
911	9.517500e-002	
912	9.597500e-002	
913	9.780000e-002	
914	9.660000e-002	
915	9.395000e-002	
916	9.280000e-002	
917	9.535000e-002	
918	9.435000e-002	
919	9.702500e-002	
920	9.640000e-002	
921	9.492500e-002	
922	9.157500e-002	
923	9.430000e-002	
924	9.635000e-002	
925	9.470000e-002	
926	9.580000e-002	
927	9.612500e-002	
928	9.347500e-002	
929	9.507500e-002	
930	9.645000e-002	
931	9.657500e-002	
932	9.357500e-002	
933	9.010000e-002	
934	9.255000e-002	
935	9.565000e-002	
936	9.720000e-002	
937	9.640000e-002	
938	9.627500e-002	
939	9.447500e-002	
940	9.422500e-002	
941	9.367500e-002	
942	9.315000e-002	
943	9.327500e-002	
944	9.300000e-002	
945	9.347500e-002	
946	9.607500e-002	
947	9.755000e-002	
948	9.837500e-002	
949	9.780000e-002	
950	9.482500e-002	
951	9.267500e-002	
952	9.620000e-002	
953	9.967500e-002	
954	9.580000e-002	
955	9.632500e-002	
956	9.382500e-002	
957	9.572500e-002	
958	9.525000e-002	
959	9.362500e-002	
960	9.475000e-002	
961	9.492500e-002	
962	9.502500e-002	
963	9.717500e-002	
964	9.602500e-002	
965	9.647500e-002	
966	9.527500e-002	
967	9.382500e-002	
968	9.605000e-002	
969	9.447500e-002	
970	9.642500e-002	
971	9.672500e-002	
972	9.547500e-002	
973	9.405000e-002	
974	9.637500e-002	
975	9.517500e-002	
976	9.575000e-002	
977	9.700000e-002	
978	9.450000e-002	
979	9.277500e-002	
980	9.197500e-002	
981	9.262500e-002	
982	9.082500e-002	
983	9.495000e-002	
984	9.670000e-002	
985	9.620000e-002	
986	9.532500e-002	
987	9.415000e-002	
988	9.400000e-002	
989	9.462500e-002	
990	9.667500e-002	
991	9.537500e-002	
992	9.695000e-002	
993	9.822500e-002	
994	9.757500e-002	
995	9.730000e-002	
996	9.307500e-002	
997	9.202500e-002	
998	9.282500e-002	
999	9.460000e-002	
1000	9.335000e-002	
1001	9.500000e-002	
1002	9.545000e-002	
1003	9.565000e-002	
1004	9.390000e-002	
1005	8.995000e-002	
1006	9.312500e-002	
1007	9.640000e-002	
1008	9.792500e-002	
1009	9.712500e-002	
1010	9.590000e-002	
1011	9.237500e-002	
1012	9.232500e-002	
1013	9.140000e-002	
1014	9.570000e-002	
1015	9.670000e-002	
1016	9.702500e-002	
1017	9.955000e-002	
1018	9.730000e-002	
1019	9.595000e-002	
1020	9.467500e-002	
1021	9.422500e-002	
1022	9.437500e-002	
1023	9.390000e-002	
1024	9.445000e-002	
1025	9.497500e-002	
1026	9.497500e-002	
1027	9.607500e-002	
1028	9.837500e-002	
1029	9.540000e-002	
1030	9.370000e-002	
1031	9.597500e-002	
1032	9.525000e-002	
1033	9.580000e-002	
1034	9.452500e-002	
1035	9.515000e-002	
1036	9.512500e-002	
1037	9.382500e-002	
1038	9.070000e-002	
1039	9.102500e-002	
1040	9.275000e-002	
1041	9.385000e-002	
1042	9.220000e-002	
1043	9.750000e-002	
1044	9.640000e-002	
1045	9.627500e-002	
1046	9.277500e-002	
1047	9.275000e-002	
1048	9.835000e-002	
1049	9.925000e-002	
1050	9.657500e-002	
1051	9.345000e-002	
1052	9.120000e-002	
1053	9.202500e-002	
1054	9.232500e-002	
1055	9.277500e-002	
1056	9.565000e-002	
1057	9.772500e-002	
1058	9.810000e-002	
1059	9.620000e-002	
1060	9.520000e-002	
1061	9.285000e-002	
1062	9.432500e-002	
1063	9.670000e-002	
1064	9.482500e-002	
1065	9.532500e-002	
1066	9.777500e-002	
1067	9.747500e-002	
1068	9.520000e-002	
1069	9.305000e-002	
1070	9.062500e-002	
1071	9.200000e-002	
1072	9.480000e-002	
1073	9.727500e-002	
1074	9.825000e-002	
1075	9.502500e-002	
1076	9.177500e-002	
1077	9.522500e-002	
1078	9.725000e-002	
1079	9.527500e-002	
1080	9.415000e-002	
1081	9.577500e-002	
1082	9.660000e-002	
1083	9.582500e-002	
1084	9.462500e-002	
1085	9.515000e-002	
1086	9.370000e-002	
1087	9.202500e-002	
1088	9.252500e-002	
1089	9.640000e-002	
1090	9.807500e-002	
1091	9.867500e-002	
1092	9.657500e-002	
1093	9.560000e-002	
1094	9.427500e-002	
1095	9.220000e-002	
1096	9.587500e-002	
1097	9.675000e-002	
1098	9.802500e-002	
1099	9.722500e-002	
1100	9.565000e-002	
1101	9.095000e-002	
1102	9.175000e-002	
1103	9.520000e-002	
1104	9.742500e-002	
1105	9.915000e-002	
1106	9.767500e-002	
1107	9.732500e-002	
1108	9.480000e-002	
1109	9.355000e-002	
1110	9.315000e-002	
1111	9.177500e-002	
1112	9.325000e-002	
1113	9.442500e-002	
1114	9.710000e-002	
1115	9.585000e-002	
1116	9.412500e-002	
1117	9.230000e-002	
1118	9.190000e-002	
1119	9.045000e-002	
1120	9.200000e-002	
1121	9.587500e-002	
1122	9.822500e-002	
1123	9.775000e-002	
1124	9.430000e-002	
1125	9.375000e-002	
1126	9.235000e-002	
1127	9.287500e-002	
1128	9.730000e-002	
1129	9.540000e-002	
1130	9.497500e-002	
1131	9.547500e-002	
1132	9.627500e-002	
1133	9.435000e-002	
1134	9.702500e-002	
1135	9.705000e-002	
1136	9.670000e-002	
1137	9.520000e-002	
1138	9.442500e-002	
1139	9.527500e-002	
1140	9.745000e-002	
1141	9.760000e-002	
1142	9.522500e-002	
1143	9.360000e-002	
1144	9.307500e-002	
1145	9.355000e-002	
1146	9.335000e-002	
1147	9.765000e-002	
1148	9.975000e-002	
1149	1.003250e-001	
1150	9.822500e-002	
1151	9.530000e-002	
1152	9.337500e-002	
1153	9.312500e-002	
1154	9.065000e-002	
1155	8.970000e-002	
1156	9.150000e-002	
1157	9.467500e-002	
1158	9.765000e-002	
1159	9.927500e-002	
1160	9.745000e-002	
1161	9.632500e-002	
1162	9.205000e-002	
1163	9.165000e-002	
1164	9.312500e-002	
1165	9.532500e-002	
1166	9.372500e-002	
1167	9.535000e-002	
1168	9.662500e-002	
1169	9.767500e-002	
1170	9.640000e-002	
1171	9.330000e-002	
1172	9.475000e-002	
1173	9.595000e-002	
1174	9.610000e-002	
1175	9.460000e-002	
1176	9.277500e-002	
1177	9.185000e-002	
1178	9.342500e-002	
1179	9.345000e-002	
1180	9.642500e-002	
1181	9.705000e-002	
1182	9.562500e-002	
1183	9.492500e-002	
1184	9.462500e-002	
1185	9.577500e-002	
1186	9.350000e-002	
1187	9.460000e-002	
1188	9.492500e-002	
1189	9.477500e-002	
1190	9.625000e-002	
1191	9.762500e-002	
1192	9.647500e-002	
1193	9.545000e-002	
1194	9.532500e-002	
1195	9.557500e-002	
1196	9.622500e-002	
1197	9.410000e-002	
1198	9.607500e-002	
1199	9.757500e-002	
1200	9.802500e-002	
1201	9.852500e-002	
1202	9.407500e-002	
1203	9.220000e-002	
1204	9.507500e-002	
1205	9.612500e-002	
1206	9.230000e-002	
1207	9.412500e-002	
1208	9.427500e-002	
1209	9.115000e-002	
1210	9.020000e-002	
1211	9.162500e-002	
1212	9.442500e-002	
1213	9.675000e-002	
1214	9.622500e-002	
1215	9.877500e-002	
1216	9.547500e-002	
1217	9.422500e-002	
1218	9.547500e-002	
1219	9.555000e-002	
1220	9.530000e-002	
1221	9.535000e-002	
1222	9.542500e-002	
1223	9.757500e-002	
1224	9.575000e-002	
1225	9.492500e-002	
1226	9.150000e-002	
1227	9.322500e-002	
1228	9.440000e-002	
1229	9.737500e-002	
1230	9.932500e-002	
1231	9.815000e-002	
1232	9.692500e-002	
1233	9.570000e-002	
1234	9.445000e-002	
1235	9.352500e-002	
1236	9.460000e-002	
1237	9.375000e-002	
1238	9.725000e-002	
1239	9.510000e-002	
1240	9.330000e-002	
1241	9.437500e-002	
1242	9.535000e-002	
1243	9.850000e-002	
1244	9.957500e-002	
1245	9.885000e-002	
1246	9.692500e-002	
1247	9.495000e-002	
1248	9.410000e-002	
1249	9.365000e-002	
1250	9.665000e-002	
1251	1.002500e-001	
1252	9.937500e-002	
1253	9.595000e-002	
1254	9.302500e-002	
1255	9.235000e-002	
1256	9.122500e-002	
1257	9.167500e-002	
1258	9.192500e-002	
1259	9.752500e-002	
1260	9.680000e-002	
1261	9.957500e-002	
1262	9.670000e-002	
1263	9.345000e-002	
1264	9.167500e-002	
1265	9.097500e-002	
1266	9.530000e-002	
1267	9.487500e-002	
1268	9.712500e-002	
1269	9.810000e-002	
1270	9.955000e-002	
1271	9.562500e-002	
1272	9.715000e-002	
1273	9.532500e-002	
1274	9.187500e-002	
1275	9.225000e-002	
1276	9.315000e-002	
1277	9.572500e-002	
1278	9.987500e-002	
1279	9.822500e-002	
1280	9.795000e-002	
1281	9.527500e-002	
1282	9.357500e-002	
1283	9.410000e-002	
1284	9.192500e-002	
1285	9.202500e-002	
1286	9.502500e-002	
1287	9.755000e-002	
1288	9.825000e-002	
1289	9.620000e-002	
1290	9.592500e-002	
1291	9.550000e-002	
1292	9.402500e-002	
1293	9.295000e-002	
1294	9.542500e-002	
1295	9.457500e-002	
1296	9.630000e-002	
1297	9.597500e-002	
1298	9.520000e-002	
1299	9.297500e-002	
1300	9.572500e-002	
1301	9.545000e-002	
1302	9.547500e-002	
1303	9.370000e-002	
1304	9.587500e-002	
1305	9.652500e-002	
1306	9.470000e-002	
1307	9.422500e-002	
1308	9.512500e-002	
1309	9.145000e-002	
1310	9.185000e-002	
1311	9.187500e-002	
1312	9.467500e-002	
1313	9.585000e-002	
1314	9.495000e-002	
1315	9.267500e-002	
1316	9.315000e-002	
1317	9.537500e-002	
1318	9.672500e-002	
1319	9.800000e-002	
1320	9.772500e-002	
1321	9.680000e-002	
1322	9.662500e-002	
1323	9.722500e-002	
1324	9.632500e-002	
1325	9.487500e-002	
1326	9.592500e-002	
1327	9.447500e-002	
1328	9.507500e-002	
1329	9.765000e-002	
1330	9.540000e-002	
1331	9.702500e-002	
1332	9.705000e-002	
1333	9.402500e-002	
1334	9.580000e-002	
1335	9.480000e-002	
1336	9.332500e-002	
1337	9.430000e-002	
1338	9.440000e-002	
1339	9.827500e-002	
1340	9.715000e-002	
1341	9.767500e-002	
1342	9.530000e-002	
1343	9.380000e-002	
1344	9.340000e-002	
1345	9.345000e-002	
1346	9.382500e-002	
1347	9.557500e-002	
1348	9.735000e-002	
1349	9.867500e-002	
1350	9.567500e-002	
1351	9.245000e-002	
1352	9.342500e-002	
1353	9.400000e-002	
1354	9.525000e-002	
1355	9.470000e-002	
1356	9.400000e-002	
1357	9.042500e-002	
1358	9.290000e-002	
1359	9.625000e-002	
1360	9.852500e-002	
1361	9.630000e-002	
1362	9.715000e-002	
1363	9.750000e-002	
1364	9.480000e-002	
1365	9.510000e-002	
1366	9.572500e-002	
1367	9.650000e-002	
1368	9.620000e-002	
1369	9.520000e-002	
1370	9.765000e-002	
1371	9.895000e-002	
1372	9.430000e-002	
1373	9.122500e-002	
1374	9.255000e-002	
1375	9.375000e-002	
1376	9.670000e-002	
1377	9.802500e-002	
1378	9.867500e-002	
1379	9.622500e-002	
1380	9.425000e-002	
1381	9.420000e-002	
1382	9.505000e-002	
1383	9.295000e-002	
1384	9.425000e-002	
1385	9.362500e-002	
1386	9.487500e-002	
1387	9.372500e-002	
1388	9.435000e-002	
1389	9.770000e-002	
1390	9.765000e-002	
1391	9.420000e-002	
1392	9.160000e-002	
1393	9.052500e-002	
1394	9.420000e-002	
1395	9.670000e-002	
1396	9.680000e-002	
1397	9.830000e-002	
1398	9.540000e-002	
1399	9.655000e-002	
1400	9.417500e-002	
1401	9.555000e-002	
1402	9.470000e-002	
1403	9.462500e-002	
1404	9.737500e-002	
1405	9.762500e-002	
1406	9.652500e-002	
1407	9.370000e-002	
1408	9.270000e-002	
1409	9.520000e-002	
1410	9.512500e-002	
1411	9.667500e-002	
1412	9.572500e-002	
1413	9.400000e-002	
1414	9.630000e-002	
1415	9.907500e-002	
1416	9.567500e-002	
1417	9.432500e-002	
1418	9.300000e-002	
1419	9.250000e-002	
1420	9.155000e-002	
1421	9.275000e-002	
1422	9.657500e-002	
1423	9.705000e-002	
1424	9.962500e-002	
1425	9.880000e-002	
1426	9.535000e-002	
1427	9.145000e-002	
1428	9.267500e-002	
1429	9.560000e-002	
1430	9.465000e-002	
1431	9.455000e-002	
1432	9.495000e-002	
1433	9.675000e-002	
1434	9.695000e-002	
1435	9.210000e-002	
1436	9.260000e-002	
1437	9.602500e-002	
1438	9.807500e-002	
1439	9.582500e-002	
1440	9.530000e-002	
1441	9.615000e-002	
1442	9.552500e-002	
1443	9.495000e-002	
1444	9.677500e-002	
1445	9.557500e-002	
1446	9.350000e-002	
1447	9.352500e-002	
1448	9.867500e-002	
1449	9.662500e-002	
1450	9.600000e-002	
1451	9.385000e-002	
1452	9.287500e-002	
1453	9.170000e-002	
1454	9.460000e-002	
1455	9.680000e-002	
1456	9.532500e-002	
1457	9.487500e-002	
1458	9.485000e-002	
1459	9.512500e-002	
1460	9.965000e-002	
1461	9.632500e-002	
1462	9.360000e-002	
1463	9.177500e-002	
1464	9.160000e-002	
1465	9.240000e-002	
1466	9.542500e-002	
1467	9.522500e-002	
1468	9.525000e-002	
1469	9.465000e-002	
1470	9.600000e-002	
1471	9.345000e-002	
1472	9.492500e-002	
1473	9.587500e-002	
1474	9.545000e-002	
1475	9.702500e-002	
1476	9.520000e-002	
1477	9.385000e-002	
1478	9.280000e-002	
1479	9.160000e-002	
1480	9.087500e-002	
1481	9.470000e-002	
1482	9.860000e-002	
1483	1.018750e-001	
1484	9.920000e-002	
1485	9.557500e-002	
1486	9.625000e-002	
1487	9.547500e-002	
1488	9.505000e-002	
1489	9.280000e-002	
1490	9.155000e-002	
1491	9.547500e-002	
1492	9.750000e-002	
1493	9.302500e-002	
1494	9.330000e-002	
1495	9.500000e-002	
1496	9.337500e-002	
1497	9.465000e-002	
1498	9.607500e-002	
1499	9.297500e-002	
1500	9.475000e-002	
1501	9.707500e-002	
1502	9.557500e-002	
1503	9.510000e-002	
1504	9.760000e-002	
1505	9.462500e-002	
1506	9.395000e-002	
1507	9.445000e-002	
1508	9.350000e-002	
1509	9.572500e-002	
1510	9.765000e-002	
1511	9.950000e-002	
1512	9.770000e-002	
1513	9.572500e-002	
1514	9.272500e-002	
1515	9.310000e-002	
1516	9.410000e-002	
1517	9.377500e-002	
1518	9.410000e-002	
1519	9.745000e-002	
1520	9.622500e-002	
1521	9.380000e-002	
1522	9.302500e-002	
1523	9.607500e-002	
1524	9.737500e-002	
1525	9.702500e-002	
1526	9.607500e-002	
1527	9.445000e-002	
1528	9.707500e-002	
1529	9.672500e-002	
1530	9.395000e-002	
1531	9.517500e-002	
1532	9.322500e-002	
1533	9.057500e-002	
1534	9.270000e-002	
1535	9.455000e-002	
1536	9.830000e-002	
1537	9.972500e-002	
1538	9.862500e-002	
1539	9.477500e-002	
1540	9.262500e-002	
1541	9.375000e-002	
1542	9.315000e-002	
1543	9.005000e-002	
1544	8.980000e-002	
1545	9.162500e-002	
1546	9.645000e-002	
1547	1.001500e-001	
1548	9.765000e-002	
1549	9.655000e-002	
1550	9.667500e-002	
1551	9.365000e-002	
1552	9.422500e-002	
1553	9.552500e-002	
1554	9.417500e-002	
1555	9.470000e-002	
1556	9.170000e-002	
1557	9.367500e-002	
1558	9.320000e-002	
1559	9.420000e-002	
1560	9.470000e-002	
1561	9.565000e-002	
1562	9.570000e-002	
1563	1.002000e-001	
1564	9.837500e-002	
1565	9.492500e-002	
1566	9.277500e-002	
1567	9.107500e-002	
1568	9.130000e-002	
1569	9.235000e-002	
1570	9.352500e-002	
1571	9.660000e-002	
1572	9.775000e-002	
1573	9.630000e-002	
1574	9.572500e-002	
1575	9.707500e-002	
1576	9.200000e-002	
1577	9.207500e-002	
1578	9.492500e-002	
1579	9.545000e-002	
1580	9.507500e-002	
1581	9.587500e-002	
1582	9.847500e-002	
1583	9.787500e-002	
1584	9.690000e-002	
1585	9.525000e-002	
1586	9.277500e-002	
1587	9.280000e-002	
1588	9.502500e-002	
1589	9.580000e-002	
1590	9.432500e-002	
1591	9.427500e-002	
1592	9.695000e-002	
1593	9.665000e-002	
1594	9.640000e-002	
1595	9.347500e-002	
1596	9.425000e-002	
1597	9.435000e-002	
1598	9.372500e-002	
1599	9.415000e-002	
1600	9.630000e-002	
1601	9.807500e-002	
1602	9.852500e-002	
1603	9.435000e-002	
1604	9.320000e-002	
1605	9.207500e-002	
1606	9.517500e-002	
1607	9.642500e-002	
1608	9.472500e-002	
1609	9.790000e-002	
1610	9.775000e-002	
1611	9.665000e-002	
1612	9.590000e-002	
1613	9.710000e-002	
1614	9.395000e-002	
1615	9.467500e-002	
1616	9.247500e-002	
1617	9.245000e-002	
1618	9.502500e-002	
1619	9.770000e-002	
1620	9.577500e-002	
1621	9.380000e-002	
1622	9.595000e-002	
1623	9.385000e-002	
1624	9.522500e-002	
1625	9.212500e-002	
1626	9.500000e-002	
1627	9.405000e-002	
1628	9.347500e-002	
1629	9.870000e-002	
1630	9.537500e-002	
1631	9.627500e-002	
1632	9.655000e-002	
1633	9.690000e-002	
1634	9.907500e-002	
1635	9.490000e-002	
1636	9.117500e-002	
1637	9.115000e-002	
1638	9.332500e-002	
1639	9.532500e-002	
1640	9.745000e-002	
1641	9.767500e-002	
1642	9.585000e-002	
1643	9.847500e-002	
1644	9.690000e-002	
1645	9.445000e-002	
1646	9.252500e-002	
1647	9.312500e-002	
1648	9.287500e-002	
1649	9.130000e-002	
1650	9.212500e-002	
1651	9.365000e-002	
1652	9.765000e-002	
1653	9.832500e-002	
1654	9.877500e-002	
1655	9.557500e-002	
1656	9.515000e-002	
1657	9.320000e-002	
1658	9.307500e-002	
1659	9.387500e-002	
1660	9.032500e-002	
1661	9.415000e-002	
1662	9.702500e-002	
1663	9.905000e-002	
1664	9.612500e-002	
1665	9.262500e-002	
1666	9.250000e-002	
1667	9.357500e-002	
1668	9.655000e-002	
1669	9.525000e-002	
1670	9.557500e-002	
1671	9.535000e-002	
1672	9.800000e-002	
1673	9.655000e-002	
1674	9.565000e-002	
1675	9.610000e-002	
1676	9.742500e-002	
1677	9.000000e-002	
1678	9.062500e-002	
1679	9.102500e-002	
1680	9.462500e-002	
1681	9.545000e-002	
1682	9.832500e-002	
1683	9.695000e-002	
1684	9.595000e-002	
1685	9.677500e-002	
1686	9.140000e-002	
1687	9.195000e-002	
1688	9.295000e-002	
1689	9.270000e-002	
1690	9.387500e-002	
1691	9.747500e-002	
1692	1.007750e-001	
1693	9.680000e-002	
1694	9.670000e-002	
1695	9.290000e-002	
1696	9.375000e-002	
1697	9.242500e-002	
1698	9.322500e-002	
1699	9.297500e-002	
1700	9.452500e-002	
1701	9.565000e-002	
1702	9.660000e-002	
1703	9.605000e-002	
1704	9.727500e-002	
1705	9.382500e-002	
1706	9.442500e-002	
1707	9.265000e-002	
1708	9.312500e-002	
1709	9.255000e-002	
1710	9.677500e-002	
1711	9.995000e-002	
1712	9.882500e-002	
1713	9.777500e-002	
1714	9.507500e-002	
1715	9.332500e-002	
1716	9.277500e-002	
1717	9.462500e-002	
1718	9.450000e-002	
1719	9.402500e-002	
1720	9.352500e-002	
1721	9.462500e-002	
1722	9.357500e-002	
1723	9.382500e-002	
1724	9.792500e-002	
1725	1.002250e-001	
1726	9.492500e-002	
1727	9.265000e-002	
1728	9.190000e-002	
1729	9.415000e-002	
1730	9.537500e-002	
1731	9.775000e-002	
1732	9.775000e-002	
1733	9.625000e-002	
1734	9.442500e-002	
1735	9.297500e-002	
1736	9.317500e-002	
1737	9.590000e-002	
1738	9.757500e-002	
1739	9.820000e-002	
1740	9.770000e-002	
1741	9.405000e-002	
1742	9.267500e-002	
1743	9.215000e-002	
1744	9.287500e-002	
1745	9.392500e-002	
1746	9.722500e-002	
1747	9.727500e-002	
1748	9.600000e-002	
1749	9.592500e-002	
1750	9.730000e-002	
1751	9.355000e-002	
1752	9.327500e-002	
1753	9.437500e-002	
1754	9.535000e-002	
1755	9.687500e-002	
1756	9.485000e-002	
1757	9.622500e-002	
1758	9.525000e-002	
1759	9.520000e-002	
1760	9.502500e-002	
1761	9.897500e-002	
1762	9.555000e-002	
1763	9.880000e-002	
1764	9.507500e-002	
1765	9.502500e-002	
1766	9.427500e-002	
1767	9.500000e-002	
1768	9.542500e-002	
1769	9.637500e-002	
1770	9.642500e-002	
1771	9.427500e-002	
1772	9.302500e-002	
1773	9.337500e-002	
1774	9.427500e-002	
1775	9.525000e-002	
1776	9.672500e-002	
1777	9.617500e-002	
1778	9.705000e-002	
1779	9.655000e-002	
1780	9.377500e-002	
1781	9.310000e-002	
1782	9.487500e-002	
1783	9.525000e-002	
1784	9.525000e-002	
1785	9.310000e-002	
1786	9.532500e-002	
1787	9.675000e-002	
1788	1.004500e-001	
1789	9.802500e-002	
1790	9.292500e-002	
1791	9.372500e-002	
1792	9.467500e-002	
1793	9.440000e-002	
1794	9.575000e-002	
1795	9.767500e-002	
1796	9.767500e-002	
1797	9.330000e-002	
1798	9.600000e-002	
1799	9.545000e-002	
1800	9.385000e-002	
1801	9.645000e-002	
1802	9.317500e-002	
1803	9.375000e-002	
1804	9.360000e-002	
1805	9.537500e-002	
1806	9.502500e-002	
1807	9.455000e-002	
1808	9.562500e-002	
1809	9.597500e-002	
1810	9.480000e-002	
1811	9.580000e-002	
1812	9.425000e-002	
1813	9.555000e-002	
1814	9.750000e-002	
1815	9.667500e-002	
1816	9.517500e-002	
1817	9.485000e-002	
1818	9.410000e-002	
1819	9.737500e-002	
1820	9.707500e-002	
1821	9.357500e-002	
1822	9.270000e-002	
1823	9.252500e-002	
1824	9.252500e-002	
1825	9.222500e-002	
1826	9.107500e-002	
1827	9.275000e-002	
1828	9.605000e-002	
1829	9.815000e-002	
1830	9.697500e-002	
1831	9.722500e-002	
1832	9.635000e-002	
1833	9.630000e-002	
1834	9.057500e-002	
1835	9.062500e-002	
1836	9.350000e-002	
1837	9.710000e-002	
1838	1.005250e-001	
1839	9.772500e-002	
1840	9.737500e-002	
1841	9.472500e-002	
1842	9.287500e-002	
1843	9.237500e-002	
1844	9.220000e-002	
1845	9.610000e-002	
1846	9.630000e-002	
1847	9.760000e-002	
1848	9.647500e-002	
1849	9.665000e-002	
1850	9.627500e-002	
1851	9.537500e-002	
1852	9.345000e-002	
1853	9.287500e-002	
1854	9.317500e-002	
1855	9.605000e-002	
1856	9.595000e-002	
1857	9.605000e-002	
1858	9.547500e-002	
1859	9.327500e-002	
1860	9.447500e-002	
1861	9.680000e-002	
1862	9.575000e-002	
1863	9.525000e-002	
1864	9.257500e-002	
1865	9.602500e-002	
1866	9.725000e-002	
1867	9.505000e-002	
1868	9.180000e-002	
1869	9.602500e-002	
1870	9.655000e-002	
1871	9.422500e-002	
1872	8.980000e-002	
1873	9.140000e-002	
1874	9.627500e-002	
1875	9.780000e-002	
1876	9.502500e-002	
1877	9.417500e-002	
1878	9.317500e-002	
1879	9.517500e-002	
1880	9.625000e-002	
1881	9.475000e-002	
1882	9.300000e-002	
1883	9.462500e-002	
1884	9.380000e-002	
1885	9.632500e-002	
1886	9.607500e-002	
1887	9.760000e-002	
1888	9.700000e-002	
1889	9.612500e-002	
1890	9.737500e-002	
1891	9.622500e-002	
1892	9.475000e-002	
1893	9.387500e-002	
1894	9.117500e-002	
1895	9.090000e-002	
1896	9.302500e-002	
1897	9.660000e-002	
1898	9.802500e-002	
1899	9.807500e-002	
1900	1.002500e-001	
1901	9.750000e-002	
1902	9.292500e-002	
1903	9.117500e-002	
1904	9.327500e-002	
1905	9.390000e-002	
1906	9.540000e-002	
1907	9.442500e-002	
1908	9.587500e-002	
1909	9.685000e-002	
1910	9.695000e-002	
1911	9.370000e-002	
1912	9.225000e-002	
1913	9.282500e-002	
1914	9.727500e-002	
1915	9.570000e-002	
1916	9.912500e-002	
1917	9.375000e-002	
1918	9.090000e-002	
1919	9.090000e-002	
1920	9.520000e-002	
1921	9.422500e-002	
1922	9.302500e-002	
1923	9.347500e-002	
1924	9.387500e-002	
1925	9.360000e-002	
1926	9.657500e-002	
1927	9.547500e-002	
1928	9.597500e-002	
1929	9.950000e-002	
1930	9.810000e-002	
1931	9.475000e-002	
1932	9.495000e-002	
1933	9.395000e-002	
1934	9.457500e-002	
1935	9.285000e-002	
1936	9.062500e-002	
1937	9.110000e-002	
1938	9.447500e-002	
1939	9.815000e-002	
1940	9.660000e-002	
1941	9.737500e-002	
1942	9.600000e-002	
1943	9.455000e-002	
1944	9.447500e-002	
1945	9.332500e-002	
1946	9.222500e-002	
1947	9.455000e-002	
1948	9.500000e-002	
1949	9.715000e-002	
1950	1.004500e-001	
1951	9.622500e-002	
1952	9.287500e-002	
1953	9.345000e-002	
1954	9.695000e-002	
1955	9.512500e-002	
1956	9.247500e-002	
1957	9.212500e-002	
1958	9.275000e-002	
1959	9.337500e-002	
1960	9.460000e-002	
1961	9.460000e-002	
1962	9.635000e-002	
1963	9.605000e-002	
1964	9.757500e-002	
1965	9.570000e-002	
1966	9.330000e-002	
1967	9.425000e-002	
1968	9.400000e-002	
1969	9.347500e-002	
1970	9.565000e-002	
1971	9.562500e-002	
1972	9.500000e-002	
1973	9.622500e-002	
1974	9.837500e-002	
1975	9.682500e-002	
1976	9.492500e-002	
1977	9.560000e-002	
1978	9.257500e-002	
1979	9.055000e-002	
1980	8.842500e-002	
1981	9.485000e-002	
1982	9.570000e-002	
1983	1.003750e-001	
1984	1.017250e-001	
1985	9.820000e-002	
1986	9.607500e-002	
1987	9.572500e-002	
1988	9.240000e-002	
1989	9.052500e-002	
1990	9.227500e-002	
1991	9.660000e-002	
1992	9.767500e-002	
1993	9.872500e-002	
1994	1.010500e-001	
1995	9.720000e-002	
1996	9.375000e-002	
1997	9.375000e-002	
1998	9.270000e-002	
1999	9.395000e-002	
2000	9.375000e-002	
2001	9.660000e-002	
2002	9.597500e-002	
2003	9.555000e-002	
2004	9.560000e-002	
2005	9.372500e-002	
2006	9.602500e-002	
2007	9.380000e-002	
2008	9.427500e-002	
2009	9.480000e-002	
2010	9.527500e-002	
2011	9.642500e-002	
2012	9.680000e-002	
2013	9.267500e-002	
2014	9.107500e-002	
2015	9.117500e-002	
2016	9.150000e-002	
2017	9.470000e-002	
2018	9.800000e-002	
2019	9.810000e-002	
2020	9.375000e-002	
2021	9.537500e-002	
2022	9.487500e-002	
2023	9.320000e-002	
2024	9.422500e-002	
2025	9.847500e-002	
2026	9.642500e-002	
2027	9.560000e-002	
2028	9.560000e-002	
2029	9.600000e-002	
2030	9.452500e-002	
2031	9.355000e-002	
2032	9.525000e-002	
2033	9.257500e-002	
2034	9.417500e-002	
2035	9.695000e-002	
2036	9.665000e-002	
2037	9.882500e-002	
2038	9.982500e-002	
2039	9.837500e-002	
2040	9.572500e-002	
2041	9.402500e-002	
2042	9.260000e-002	
2043	9.272500e-002	
2044	9.302500e-002	
2045	9.510000e-002	
2046	9.537500e-002	
2047	9.572500e-002	
2048	9.627500e-002	
2049	9.542500e-002	
2050	9.502500e-002	
2051	9.372500e-002	
2052	9.587500e-002	
2053	9.357500e-002	
2054	9.622500e-002	
2055	9.847500e-002	
2056	9.697500e-002	
2057	9.605000e-002	
2058	9.340000e-002	
2059	9.280000e-002	
2060	9.172500e-002	
2061	9.312500e-002	
2062	9.417500e-002	
2063	9.515000e-002	
2064	9.440000e-002	
2065	9.717500e-002	
2066	9.535000e-002	
2067	9.605000e-002	
2068	9.440000e-002	
2069	9.402500e-002	
2070	9.332500e-002	
2071	9.507500e-002	
2072	9.797500e-002	
2073	9.480000e-002	
2074	9.672500e-002	
2075	9.710000e-002	
2076	9.442500e-002	
2077	9.625000e-002	
2078	9.732500e-002	
2079	9.675000e-002	
2080	9.840000e-002	
2081	9.670000e-002	
2082	9.542500e-002	
2083	9.407500e-002	
2084	9.512500e-002	
2085	9.360000e-002	
2086	9.485000e-002	
2087	9.532500e-002	
2088	9.425000e-002	
2089	9.167500e-002	
2090	9.370000e-002	
2091	9.462500e-002	
2092	9.567500e-002	
2093	9.557500e-002	
2094	9.620000e-002	
2095	9.310000e-002	
2096	9.147500e-002	
2097	9.377500e-002	
2098	9.865000e-002	
2099	9.782500e-002	
2100	9.575000e-002	
2101	9.487500e-002	
2102	9.870000e-002	
2103	9.462500e-002	
2104	9.182500e-002	
2105	9.302500e-002	
2106	9.367500e-002	
2107	9.480000e-002	
2108	9.447500e-002	
2109	9.665000e-002	
2110	9.705000e-002	
2111	9.720000e-002	
2112	9.615000e-002	
2113	9.360000e-002	
2114	9.420000e-002	
2115	9.270000e-002	
2116	9.427500e-002	
2117	9.470000e-002	
2118	9.472500e-002	
2119	9.645000e-002	
2120	9.475000e-002	
2121	9.477500e-002	
2122	9.502500e-002	
2123	9.352500e-002	
2124	9.337500e-002	
2125	9.660000e-002	
2126	9.825000e-002	
2127	9.737500e-002	
2128	9.257500e-002	
2129	9.267500e-002	
2130	9.125000e-002	
2131	9.210000e-002	
2132	9.442500e-002	
2133	9.927500e-002	
2134	9.712500e-002	
2135	9.740000e-002	
2136	9.665000e-002	
2137	9.565000e-002	
2138	9.335000e-002	
2139	9.515000e-002	
2140	9.377500e-002	
2141	9.485000e-002	
2142	9.497500e-002	
2143	9.552500e-002	
2144	9.022500e-002	
2145	9.252500e-002	
2146	9.190000e-002	
2147	9.510000e-002	
2148	9.780000e-002	
2149	9.560000e-002	
2150	9.570000e-002	
2151	9.607500e-002	
2152	9.457500e-002	
2153	9.630000e-002	
2154	9.410000e-002	
2155	9.155000e-002	
2156	9.122500e-002	
2157	9.192500e-002	
2158	9.595000e-002	
2159	9.877500e-002	
2160	9.767500e-002	
2161	9.522500e-002	
2162	9.687500e-002	
2163	9.375000e-002	
2164	9.185000e-002	
2165	9.032500e-002	
2166	9.367500e-002	
2167	9.412500e-002	
2168	9.535000e-002	
2169	9.647500e-002	
2170	9.922500e-002	
2171	9.967500e-002	
2172	9.462500e-002	
2173	9.317500e-002	
2174	9.270000e-002	
2175	9.215000e-002	
2176	9.307500e-002	
2177	9.812500e-002	
2178	9.925000e-002	
2179	9.795000e-002	
2180	9.642500e-002	
2181	9.515000e-002	
2182	9.362500e-002	
2183	9.532500e-002	
2184	9.465000e-002	
2185	9.542500e-002	
2186	9.602500e-002	
2187	9.547500e-002	
2188	9.362500e-002	
2189	9.337500e-002	
2190	9.882500e-002	
2191	9.717500e-002	
2192	9.540000e-002	
2193	9.347500e-002	
2194	9.400000e-002	
2195	9.250000e-002	
2196	9.312500e-002	
2197	9.622500e-002	
2198	9.505000e-002	
2199	9.277500e-002	
2200	9.440000e-002	
2201	9.705000e-002	
2202	9.625000e-002	
2203	9.535000e-002	
2204	9.057500e-002	
2205	9.165000e-002	
2206	8.947500e-002	
2207	9.400000e-002	
2208	9.325000e-002	
2209	9.495000e-002	
2210	9.512500e-002	
2211	9.330000e-002	
2212	9.490000e-002	
2213	9.525000e-002	
2214	9.605000e-002	
2215	9.662500e-002	
2216	9.630000e-002	
2217	9.475000e-002	
2218	9.415000e-002	
2219	9.250000e-002	
2220	9.110000e-002	
2221	9.317500e-002	
2222	9.597500e-002	
2223	9.827500e-002	
2224	9.905000e-002	
2225	9.607500e-002	
2226	9.347500e-002	
2227	9.177500e-002	
2228	9.142500e-002	
2229	9.187500e-002	
2230	9.370000e-002	
2231	9.682500e-002	
2232	1.007000e-001	
2233	9.957500e-002	
2234	9.617500e-002	
2235	9.360000e-002	
2236	9.132500e-002	
2237	9.122500e-002	
2238	8.912500e-002	
2239	9.335000e-002	
2240	9.675000e-002	
2241	9.797500e-002	
2242	9.765000e-002	
2243	9.585000e-002	
2244	9.207500e-002	
2245	9.120000e-002	
2246	9.295000e-002	
2247	9.362500e-002	
2248	9.345000e-002	
2249	9.435000e-002	
2250	9.797500e-002	
2251	9.825000e-002	
2252	9.915000e-002	
2253	9.855000e-002	
2254	9.877500e-002	
2255	9.347500e-002	
2256	9.512500e-002	
2257	9.425000e-002	
2258	9.395000e-002	
2259	9.547500e-002	
2260	9.720000e-002	
2261	9.895000e-002	
2262	9.777500e-002	
2263	9.635000e-002	
2264	9.450000e-002	
2265	9.362500e-002	
2266	9.385000e-002	
2267	9.560000e-002	
2268	9.552500e-002	
2269	9.457500e-002	
2270	9.452500e-002	
2271	9.392500e-002	
2272	9.377500e-002	
2273	9.375000e-002	
2274	9.510000e-002	
2275	9.592500e-002	
2276	9.455000e-002	
2277	9.305000e-002	
2278	9.242500e-002	
2279	9.560000e-002	
2280	9.890000e-002	
2281	9.600000e-002	
2282	9.527500e-002	
2283	9.167500e-002	
2284	9.132500e-002	
2285	9.367500e-002	
2286	9.517500e-002	
2287	9.512500e-002	
2288	9.635000e-002	
2289	9.740000e-002	
2290	9.725000e-002	
2291	9.537500e-002	
2292	9.520000e-002	
2293	9.350000e-002	
2294	9.400000e-002	
2295	9.380000e-002	
2296	9.367500e-002	
2297	9.535000e-002	
2298	9.777500e-002	
2299	9.742500e-002	
2300	9.540000e-002	
2301	9.415000e-002	
2302	9.797500e-002	
2303	9.470000e-002	
2304	9.395000e-002	
2305	9.457500e-002	
2306	9.322500e-002	
2307	9.347500e-002	
2308	9.382500e-002	
2309	9.795000e-002	
2310	9.710000e-002	
2311	9.752500e-002	
2312	9.612500e-002	
2313	9.400000e-002	
2314	9.615000e-002	
2315	9.517500e-002	
2316	9.260000e-002	
2317	9.325000e-002	
2318	9.635000e-002	
2319	9.842500e-002	
2320	9.612500e-002	
2321	9.565000e-002	
2322	9.377500e-002	
2323	9.232500e-002	
2324	9.545000e-002	
2325	9.642500e-002	
2326	9.817500e-002	
2327	9.615000e-002	
2328	9.587500e-002	
2329	9.532500e-002	
2330	9.507500e-002	
2331	9.252500e-002	
2332	9.162500e-002	
2333	9.052500e-002	
2334	9.215000e-002	
2335	9.515000e-002	
2336	9.635000e-002	
2337	9.985000e-002	
2338	9.960000e-002	
2339	9.807500e-002	
2340	9.457500e-002	
2341	9.317500e-002	
2342	9.265000e-002	
2343	9.087500e-002	
2344	9.355000e-002	
2345	9.687500e-002	
2346	9.682500e-002	
2347	9.577500e-002	
2348	9.552500e-002	
2349	9.657500e-002	
2350	9.775000e-002	
2351	9.885000e-002	
2352	9.705000e-002	
2353	9.370000e-002	
2354	9.225000e-002	
2355	9.252500e-002	
2356	9.227500e-002	
2357	9.355000e-002	
2358	9.600000e-002	
2359	9.647500e-002	
2360	9.652500e-002	
2361	9.775000e-002	
2362	9.537500e-002	
2363	9.322500e-002	
2364	9.222500e-002	
2365	9.302500e-002	
2366	9.472500e-002	
2367	9.610000e-002	
2368	9.897500e-002	
2369	9.592500e-002	
2370	9.272500e-002	
2371	9.312500e-002	
2372	9.492500e-002	
2373	9.377500e-002	
2374	9.322500e-002	
2375	9.580000e-002	
2376	9.542500e-002	
2377	9.885000e-002	
2378	9.640000e-002	
2379	9.880000e-002	
2380	9.550000e-002	
2381	9.297500e-002	
2382	9.365000e-002	
2383	9.372500e-002	
2384	9.502500e-002	
2385	9.482500e-002	
2386	9.757500e-002	
2387	9.770000e-002	
2388	9.595000e-002	
2389	9.237500e-002	
2390	9.507500e-002	
2391	9.340000e-002	
2392	9.287500e-002	
2393	9.292500e-002	
2394	9.422500e-002	
2395	9.422500e-002	
2396	9.200000e-002	
2397	9.127500e-002	
2398	9.382500e-002	
2399	9.707500e-002	
2400	9.642500e-002	
2401	9.382500e-002	
2402	9.375000e-002	
2403	9.407500e-002	
2404	9.377500e-002	
2405	9.772500e-002	
2406	9.762500e-002	
2407	9.482500e-002	
2408	9.420000e-002	
2409	9.340000e-002	
2410	9.572500e-002	
2411	9.477500e-002	
2412	9.360000e-002	
2413	9.410000e-002	
2414	9.640000e-002	
2415	9.625000e-002	
2416	9.487500e-002	
2417	9.552500e-002	
2418	9.655000e-002	
2419	9.807500e-002	
2420	9.585000e-002	
2421	9.335000e-002	
2422	9.097500e-002	
2423	9.392500e-002	
2424	9.255000e-002	
2425	9.285000e-002	
2426	9.555000e-002	
2427	9.830000e-002	
2428	9.657500e-002	
2429	9.520000e-002	
2430	9.465000e-002	
2431	9.425000e-002	
2432	9.312500e-002	
2433	9.195000e-002	
2434	9.420000e-002	
2435	9.437500e-002	
2436	9.672500e-002	
2437	9.640000e-002	
2438	9.495000e-002	
2439	9.410000e-002	
2440	9.312500e-002	
2441	9.312500e-002	
2442	9.575000e-002	
2443	9.775000e-002	
2444	9.820000e-002	
2445	9.875000e-002	
2446	9.777500e-002	
2447	9.467500e-002	
2448	9.372500e-002	
2449	9.230000e-002	
2450	9.175000e-002	
2451	9.220000e-002	
2452	9.600000e-002	
2453	9.662500e-002	
2454	9.530000e-002	
2455	9.565000e-002	
2456	9.855000e-002	
2457	9.885000e-002	
2458	9.657500e-002	
2459	9.385000e-002	
2460	9.222500e-002	
2461	9.335000e-002	
2462	9.347500e-002	
2463	9.500000e-002	
2464	9.615000e-002	
2465	9.820000e-002	
2466	9.662500e-002	
2467	9.752500e-002	
2468	9.730000e-002	
2469	9.722500e-002	
2470	9.570000e-002	
2471	9.545000e-002	
2472	9.640000e-002	
2473	9.687500e-002	
2474	9.525000e-002	
2475	9.597500e-002	
2476	9.400000e-002	
2477	8.980000e-002	
2478	8.707500e-002	
2479	9.080000e-002	
2480	9.675000e-002	
2481	9.995000e-002	
2482	9.845000e-002	
2483	9.790000e-002	
2484	9.822500e-002	
2485	9.547500e-002	
2486	9.405000e-002	
2487	9.107500e-002	
2488	9.102500e-002	
2489	9.182500e-002	
2490	9.460000e-002	
2491	9.932500e-002	
2492	9.777500e-002	
2493	9.927500e-002	
2494	9.860000e-002	
2495	9.467500e-002	
2496	9.390000e-002	
2497	9.125000e-002	
2498	9.245000e-002	
2499	9.332500e-002	
2500	9.342500e-002	
2501	9.602500e-002	
2502	9.242500e-002	
2503	9.640000e-002	
2504	9.757500e-002	
2505	9.847500e-002	
2506	9.770000e-002	
2507	9.662500e-002	
2508	9.440000e-002	
2509	9.247500e-002	
2510	9.107500e-002	
2511	9.647500e-002	
2512	9.400000e-002	
2513	9.662500e-002	
2514	9.532500e-002	
2515	9.382500e-002	
2516	9.642500e-002	
2517	9.592500e-002	
2518	9.430000e-002	
2519	9.470000e-002	
2520	9.380000e-002	
2521	9.390000e-002	
2522	9.377500e-002	
2523	9.587500e-002	
2524	9.537500e-002	
2525	9.735000e-002	
2526	9.807500e-002	
2527	9.810000e-002	
2528	9.615000e-002	
2529	9.372500e-002	
2530	9.462500e-002	
2531	9.517500e-002	
2532	9.927500e-002	
2533	9.820000e-002	
2534	9.545000e-002	
2535	9.550000e-002	
2536	9.400000e-002	
2537	9.112500e-002	
2538	9.265000e-002	
2539	9.297500e-002	
2540	9.437500e-002	
2541	9.712500e-002	
2542	9.730000e-002	
2543	9.815000e-002	
2544	9.425000e-002	
2545	9.140000e-002	
2546	9.170000e-002	
2547	9.277500e-002	
2548	9.355000e-002	
2549	9.497500e-002	
2550	9.502500e-002	
2551	9.625000e-002	
2552	9.735000e-002	
2553	9.705000e-002	
2554	9.695000e-002	
2555	9.630000e-002	
2556	9.572500e-002	
2557	9.305000e-002	
2558	9.402500e-002	
2559	9.427500e-002	
2560	9.402500e-002	
2561	9.505000e-002	
2562	9.725000e-002	
2563	9.717500e-002	
2564	9.342500e-002	
2565	9.437500e-002	
2566	9.275000e-002	
2567	9.497500e-002	
2568	9.457500e-002	
2569	9.452500e-002	
2570	9.737500e-002	
2571	9.877500e-002	
2572	9.470000e-002	
2573	9.425000e-002	
2574	9.545000e-002	
2575	9.320000e-002	
2576	9.397500e-002	
2577	9.490000e-002	
2578	9.277500e-002	
2579	9.422500e-002	
2580	9.525000e-002	
2581	9.810000e-002	
2582	9.792500e-002	
2583	9.542500e-002	
2584	9.210000e-002	
2585	9.327500e-002	
2586	9.362500e-002	
2587	9.217500e-002	
2588	9.510000e-002	
2589	9.320000e-002	
2590	9.230000e-002	
2591	9.577500e-002	
2592	9.665000e-002	
2593	9.570000e-002	
2594	9.345000e-002	
2595	9.390000e-002	
2596	9.597500e-002	
2597	9.450000e-002	
2598	9.537500e-002	
2599	9.675000e-002	
2600	9.370000e-002	
2601	9.400000e-002	
2602	9.285000e-002	
2603	9.060000e-002	
2604	9.025000e-002	
2605	9.195000e-002	
2606	9.622500e-002	
2607	9.700000e-002	
2608	1.001500e-001	
2609	9.907500e-002	
2610	9.807500e-002	
2611	9.312500e-002	
2612	9.375000e-002	
2613	9.355000e-002	
2614	9.402500e-002	
2615	9.287500e-002	
2616	9.092500e-002	
2617	9.082500e-002	
2618	9.682500e-002	
2619	9.905000e-002	
2620	1.017500e-001	
2621	9.792500e-002	
2622	9.725000e-002	
2623	9.552500e-002	
2624	9.227500e-002	
2625	9.450000e-002	
2626	9.492500e-002	
2627	9.525000e-002	
2628	9.282500e-002	
2629	8.975000e-002	
2630	9.112500e-002	
2631	9.607500e-002	
2632	9.530000e-002	
2633	9.735000e-002	
2634	9.950000e-002	
2635	9.647500e-002	
2636	9.340000e-002	
2637	9.102500e-002	
2638	9.235000e-002	
2639	9.192500e-002	
2640	9.352500e-002	
2641	9.750000e-002	
2642	1.007000e-001	
2643	1.017500e-001	
2644	9.877500e-002	
2645	9.775000e-002	
2646	9.420000e-002	
2647	9.322500e-002	
2648	9.097500e-002	
2649	9.187500e-002	
2650	9.572500e-002	
2651	9.865000e-002	
2652	9.972500e-002	
2653	9.732500e-002	
2654	9.340000e-002	
2655	9.290000e-002	
2656	9.115000e-002	
2657	9.232500e-002	
2658	9.427500e-002	
2659	9.672500e-002	
2660	9.430000e-002	
2661	9.645000e-002	
2662	9.667500e-002	
2663	9.522500e-002	
2664	9.495000e-002	
2665	9.387500e-002	
2666	9.415000e-002	
2667	9.417500e-002	
2668	9.430000e-002	
2669	9.470000e-002	
2670	9.590000e-002	
2671	9.812500e-002	
2672	9.585000e-002	
2673	9.107500e-002	
2674	9.287500e-002	
2675	9.437500e-002	
2676	9.605000e-002	
2677	9.330000e-002	
2678	9.700000e-002	
2679	9.692500e-002	
2680	9.707500e-002	
2681	9.572500e-002	
2682	9.552500e-002	
2683	9.520000e-002	
2684	9.300000e-002	
2685	9.292500e-002	
2686	9.445000e-002	
2687	9.577500e-002	
2688	9.825000e-002	
2689	9.977500e-002	
2690	9.820000e-002	
2691	9.535000e-002	
2692	9.470000e-002	
2693	9.147500e-002	
2694	9.275000e-002	
2695	9.465000e-002	
2696	9.695000e-002	
2697	9.657500e-002	
2698	9.595000e-002	
2699	9.392500e-002	
2700	9.242500e-002	
2701	9.445000e-002	
2702	9.775000e-002	
2703	9.710000e-002	
2704	9.722500e-002	
2705	9.447500e-002	
2706	9.625000e-002	
2707	9.302500e-002	
2708	9.517500e-002	
2709	9.425000e-002	
2710	9.275000e-002	
2711	9.240000e-002	
2712	9.132500e-002	
2713	9.212500e-002	
2714	9.467500e-002	
2715	9.435000e-002	
2716	9.705000e-002	
2717	1.011500e-001	
2718	9.897500e-002	
2719	9.940000e-002	
2720	9.705000e-002	
2721	9.350000e-002	
2722	9.207500e-002	
2723	9.265000e-002	
2724	9.122500e-002	
2725	9.512500e-002	
2726	9.555000e-002	
2727	9.385000e-002	
2728	9.357500e-002	
2729	9.445000e-002	
2730	9.400000e-002	
2731	9.602500e-002	
2732	9.347500e-002	
2733	9.330000e-002	
2734	9.545000e-002	
2735	9.522500e-002	
2736	9.442500e-002	
2737	9.417500e-002	
2738	9.402500e-002	
2739	9.710000e-002	
2740	9.577500e-002	
2741	9.600000e-002	
2742	9.765000e-002	
2743	9.410000e-002	
2744	9.135000e-002	
2745	9.205000e-002	
2746	9.342500e-002	
2747	9.597500e-002	
2748	9.552500e-002	
2749	9.647500e-002	
2750	9.722500e-002	
2751	9.672500e-002	
2752	9.595000e-002	
2753	9.465000e-002	
2754	9.597500e-002	
2755	9.487500e-002	
2756	9.355000e-002	
2757	9.362500e-002	
2758	9.490000e-002	
2759	9.645000e-002	
2760	9.697500e-002	
2761	9.550000e-002	
2762	9.240000e-002	
2763	9.045000e-002	
2764	9.372500e-002	
2765	9.402500e-002	
2766	9.727500e-002	
2767	9.637500e-002	
2768	9.600000e-002	
2769	9.612500e-002	
2770	9.570000e-002	
2771	9.567500e-002	
2772	9.175000e-002	
2773	9.035000e-002	
2774	9.315000e-002	
2775	9.487500e-002	
2776	9.622500e-002	
2777	9.827500e-002	
2778	9.760000e-002	
2779	9.620000e-002	
2780	9.332500e-002	
2781	9.425000e-002	
2782	9.462500e-002	
2783	9.580000e-002	
2784	9.642500e-002	
2785	9.467500e-002	
2786	9.517500e-002	
2787	9.260000e-002	
2788	9.267500e-002	
2789	9.547500e-002	
2790	9.277500e-002	
2791	9.595000e-002	
2792	9.615000e-002	
2793	9.320000e-002	
2794	9.437500e-002	
2795	9.352500e-002	
2796	9.070000e-002	
2797	9.357500e-002	
2798	9.675000e-002	
2799	9.752500e-002	
2800	9.827500e-002	
2801	9.585000e-002	
2802	9.285000e-002	
2803	9.195000e-002	
2804	9.260000e-002	
2805	9.380000e-002	
2806	9.570000e-002	
2807	9.720000e-002	
2808	9.727500e-002	
2809	9.745000e-002	
2810	9.467500e-002	
2811	9.245000e-002	
2812	9.167500e-002	
2813	9.320000e-002	
2814	9.517500e-002	
2815	9.362500e-002	
2816	9.562500e-002	
2817	9.442500e-002	
2818	9.487500e-002	
2819	9.725000e-002	
2820	9.627500e-002	
2821	9.545000e-002	
2822	9.497500e-002	
2823	9.345000e-002	
2824	9.520000e-002	
2825	9.402500e-002	
2826	9.660000e-002	
2827	9.695000e-002	
2828	9.552500e-002	
2829	9.557500e-002	
2830	9.427500e-002	
2831	9.370000e-002	
2832	9.265000e-002	
2833	9.600000e-002	
2834	9.645000e-002	
2835	9.872500e-002	
2836	9.662500e-002	
2837	9.352500e-002	
2838	9.412500e-002	
2839	9.400000e-002	
2840	9.595000e-002	
2841	9.567500e-002	
2842	9.827500e-002	
2843	9.652500e-002	
2844	9.735000e-002	
2845	9.800000e-002	
2846	9.522500e-002	
2847	9.480000e-002	
2848	9.585000e-002	
2849	9.650000e-002	
2850	9.297500e-002	
2851	9.660000e-002	
2852	9.427500e-002	
2853	9.202500e-002	
2854	9.220000e-002	
2855	9.732500e-002	
2856	1.004250e-001	
2857	9.532500e-002	
2858	9.407500e-002	
2859	9.447500e-002	
2860	9.535000e-002	
2861	9.382500e-002	
2862	9.462500e-002	
2863	9.395000e-002	
2864	9.497500e-002	
2865	9.435000e-002	
2866	9.402500e-002	
2867	9.472500e-002	
2868	9.517500e-002	
2869	9.435000e-002	
2870	9.487500e-002	
2871	9.587500e-002	
2872	9.475000e-002	
2873	9.337500e-002	
2874	9.432500e-002	
2875	9.432500e-002	
2876	9.500000e-002	
2877	9.627500e-002	
2878	9.762500e-002	
2879	9.757500e-002	
2880	9.632500e-002	
2881	9.495000e-002	
2882	9.565000e-002	
2883	9.365000e-002	
2884	9.122500e-002	
2885	9.425000e-002	
2886	9.585000e-002	
2887	9.642500e-002	
2888	9.147500e-002	
2889	9.260000e-002	
2890	9.082500e-002	
2891	9.437500e-002	
2892	9.687500e-002	
2893	9.470000e-002	
2894	9.455000e-002	
2895	9.790000e-002	
2896	9.685000e-002	
2897	9.512500e-002	
2898	9.525000e-002	
2899	9.362500e-002	
2900	9.497500e-002	
2901	9.485000e-002	
2902	9.522500e-002	
2903	9.450000e-002	
2904	9.340000e-002	
2905	9.475000e-002	
2906	9.610000e-002	
2907	9.242500e-002	
2908	9.505000e-002	
2909	9.580000e-002	
2910	9.440000e-002	
2911	9.467500e-002	
2912	9.620000e-002	
2913	9.577500e-002	
2914	9.767500e-002	
2915	9.495000e-002	
2916	9.545000e-002	
2917	9.447500e-002	
2918	9.545000e-002	
2919	9.427500e-002	
2920	9.257500e-002	
2921	9.082500e-002	
2922	9.260000e-002	
2923	9.485000e-002	
2924	9.585000e-002	
2925	9.775000e-002	
2926	9.740000e-002	
2927	9.510000e-002	
2928	9.825000e-002	
2929	9.715000e-002	
2930	9.627500e-002	
2931	9.320000e-002	
2932	9.162500e-002	
2933	9.150000e-002	
2934	9.160000e-002	
2935	9.327500e-002	
2936	9.647500e-002	
2937	9.825000e-002	
2938	9.955000e-002	
2939	9.680000e-002	
2940	9.410000e-002	
2941	9.247500e-002	
2942	9.490000e-002	
2943	9.517500e-002	
2944	9.322500e-002	
2945	9.577500e-002	
2946	9.662500e-002	
2947	9.775000e-002	
2948	9.490000e-002	
2949	9.590000e-002	
2950	9.637500e-002	
2951	9.625000e-002	
2952	9.597500e-002	
2953	9.557500e-002	
2954	9.700000e-002	
2955	9.730000e-002	
2956	9.540000e-002	
2957	9.767500e-002	
2958	9.652500e-002	
2959	9.445000e-002	
2960	9.415000e-002	
2961	9.360000e-002	
2962	9.565000e-002	
2963	9.657500e-002	
2964	9.670000e-002	
2965	9.487500e-002	
2966	9.502500e-002	
2967	9.390000e-002	
2968	9.395000e-002	
2969	9.622500e-002	
2970	9.535000e-002	
2971	9.535000e-002	
2972	9.352500e-002	
2973	9.442500e-002	
2974	9.532500e-002	
2975	9.480000e-002	
2976	9.695000e-002	
2977	9.710000e-002	
2978	9.707500e-002	
2979	9.420000e-002	
2980	9.245000e-002	
2981	8.972500e-002	
2982	9.077500e-002	
2983	9.230000e-002	
2984	9.332500e-002	
2985	9.692500e-002	
2986	9.965000e-002	
2987	9.512500e-002	
2988	9.382500e-002	
2989	9.360000e-002	
2990	9.535000e-002	
2991	9.320000e-002	
2992	8.970000e-002	
2993	9.110000e-002	
2994	9.175000e-002	
2995	9.237500e-002	
2996	9.375000e-002	
2997	9.772500e-002	
2998	9.750000e-002	
2999	9.847500e-002	
3000	9.407500e-002	
3001	9.255000e-002	
