1	0	
2	0	
3	5.000000e-005	
4	2.000000e-004	
5	3.750000e-004	
6	7.750000e-004	
7	1.425000e-003	
8	2.075000e-003	
9	2.975000e-003	
10	4.150000e-003	
11	5.500000e-003	
12	7.075000e-003	
13	8.725000e-003	
14	1.167500e-002	
15	1.492500e-002	
16	1.822500e-002	
17	2.217500e-002	
18	2.730000e-002	
19	3.127500e-002	
20	3.542500e-002	
21	3.937500e-002	
22	4.247500e-002	
23	4.427500e-002	
24	4.580000e-002	
25	4.652500e-002	
26	4.690000e-002	
27	4.937500e-002	
28	5.052500e-002	
29	5.035000e-002	
30	5.215000e-002	
31	5.090000e-002	
32	4.887500e-002	
33	4.622500e-002	
34	4.175000e-002	
35	4.000000e-002	
36	3.675000e-002	
37	3.397500e-002	
38	3.187500e-002	
39	3.147500e-002	
40	3.147500e-002	
41	3.017500e-002	
42	2.930000e-002	
43	3.025000e-002	
44	3.095000e-002	
45	3.237500e-002	
46	3.337500e-002	
47	3.577500e-002	
48	3.917500e-002	
49	4.097500e-002	
50	4.190000e-002	
51	4.265000e-002	
52	4.295000e-002	
53	4.492500e-002	
54	4.547500e-002	
55	4.567500e-002	
56	4.457500e-002	
57	4.242500e-002	
58	4.280000e-002	
59	4.260000e-002	
60	4.145000e-002	
61	3.885000e-002	
62	3.490000e-002	
63	3.412500e-002	
64	3.330000e-002	
65	3.680000e-002	
66	3.725000e-002	
67	3.870000e-002	
68	3.932500e-002	
69	3.887500e-002	
70	3.887500e-002	
71	4.220000e-002	
72	4.167500e-002	
73	4.200000e-002	
74	4.262500e-002	
75	4.240000e-002	
76	4.192500e-002	
77	4.110000e-002	
78	3.975000e-002	
79	3.877500e-002	
80	3.777500e-002	
81	3.565000e-002	
82	3.417500e-002	
83	3.382500e-002	
84	3.217500e-002	
85	3.427500e-002	
86	3.590000e-002	
87	3.872500e-002	
88	4.080000e-002	
89	4.092500e-002	
90	4.247500e-002	
91	4.145000e-002	
92	4.340000e-002	
93	4.170000e-002	
94	4.212500e-002	
95	4.055000e-002	
96	4.135000e-002	
97	4.115000e-002	
98	3.937500e-002	
99	3.732500e-002	
100	3.650000e-002	
101	3.702500e-002	
102	3.537500e-002	
103	3.510000e-002	
104	3.645000e-002	
105	3.642500e-002	
106	3.630000e-002	
107	3.625000e-002	
108	3.710000e-002	
109	3.892500e-002	
110	3.977500e-002	
111	4.057500e-002	
112	4.097500e-002	
113	4.137500e-002	
114	4.410000e-002	
115	4.362500e-002	
116	4.232500e-002	
117	4.132500e-002	
118	4.035000e-002	
119	3.722500e-002	
120	3.772500e-002	
121	3.800000e-002	
122	3.762500e-002	
123	3.767500e-002	
124	3.692500e-002	
125	3.672500e-002	
126	3.582500e-002	
127	3.702500e-002	
128	3.777500e-002	
129	3.727500e-002	
130	3.805000e-002	
131	3.870000e-002	
132	4.095000e-002	
133	4.307500e-002	
134	4.372500e-002	
135	4.115000e-002	
136	4.162500e-002	
137	4.127500e-002	
138	4.052500e-002	
139	3.990000e-002	
140	3.870000e-002	
141	3.800000e-002	
142	3.845000e-002	
143	3.867500e-002	
144	3.702500e-002	
145	3.542500e-002	
146	3.390000e-002	
147	3.577500e-002	
148	3.572500e-002	
149	3.802500e-002	
150	3.830000e-002	
151	3.897500e-002	
152	4.172500e-002	
153	4.072500e-002	
154	4.227500e-002	
155	4.350000e-002	
156	4.362500e-002	
157	4.292500e-002	
158	4.147500e-002	
159	3.990000e-002	
160	3.960000e-002	
161	3.920000e-002	
162	3.732500e-002	
163	3.632500e-002	
164	3.602500e-002	
165	3.682500e-002	
166	3.752500e-002	
167	3.752500e-002	
168	3.810000e-002	
169	4.005000e-002	
170	3.982500e-002	
171	3.822500e-002	
172	3.750000e-002	
173	3.762500e-002	
174	3.990000e-002	
175	3.945000e-002	
176	3.932500e-002	
177	3.892500e-002	
178	4.185000e-002	
179	4.197500e-002	
180	3.965000e-002	
181	3.887500e-002	
182	3.932500e-002	
183	3.975000e-002	
184	3.960000e-002	
185	3.990000e-002	
186	3.945000e-002	
187	3.977500e-002	
188	4.105000e-002	
189	3.970000e-002	
190	3.922500e-002	
191	3.872500e-002	
192	3.962500e-002	
193	4.112500e-002	
194	4.020000e-002	
195	3.902500e-002	
196	4.020000e-002	
197	3.865000e-002	
198	3.775000e-002	
199	3.590000e-002	
200	3.570000e-002	
201	3.585000e-002	
202	3.530000e-002	
203	3.877500e-002	
204	4.107500e-002	
205	4.185000e-002	
206	4.247500e-002	
207	4.367500e-002	
208	4.310000e-002	
209	4.205000e-002	
210	4.160000e-002	
211	4.237500e-002	
212	4.022500e-002	
213	3.800000e-002	
214	3.840000e-002	
215	3.662500e-002	
216	3.607500e-002	
217	3.617500e-002	
218	3.692500e-002	
219	3.912500e-002	
220	3.700000e-002	
221	3.800000e-002	
222	3.710000e-002	
223	3.987500e-002	
224	3.945000e-002	
225	3.947500e-002	
226	3.700000e-002	
227	3.655000e-002	
228	3.670000e-002	
229	3.640000e-002	
230	3.782500e-002	
231	3.745000e-002	
232	3.975000e-002	
233	3.877500e-002	
234	4.120000e-002	
235	4.022500e-002	
236	3.940000e-002	
237	3.992500e-002	
238	4.065000e-002	
239	4.067500e-002	
240	4.077500e-002	
241	3.987500e-002	
242	3.930000e-002	
243	3.920000e-002	
244	3.797500e-002	
245	3.895000e-002	
246	3.787500e-002	
247	3.887500e-002	
248	3.710000e-002	
249	3.820000e-002	
250	3.740000e-002	
251	3.752500e-002	
252	3.760000e-002	
253	3.790000e-002	
254	3.760000e-002	
255	3.977500e-002	
256	3.942500e-002	
257	3.847500e-002	
258	3.950000e-002	
259	3.982500e-002	
260	4.045000e-002	
261	3.955000e-002	
262	4.052500e-002	
263	3.977500e-002	
264	3.832500e-002	
265	3.682500e-002	
266	3.777500e-002	
267	3.807500e-002	
268	3.802500e-002	
269	3.997500e-002	
270	4.015000e-002	
271	3.902500e-002	
272	4.025000e-002	
273	3.917500e-002	
274	3.795000e-002	
275	3.932500e-002	
276	3.800000e-002	
277	3.880000e-002	
278	4.012500e-002	
279	3.795000e-002	
280	4.155000e-002	
281	4.177500e-002	
282	4.147500e-002	
283	4.087500e-002	
284	3.892500e-002	
285	3.900000e-002	
286	3.867500e-002	
287	3.735000e-002	
288	3.855000e-002	
289	3.990000e-002	
290	3.947500e-002	
291	3.832500e-002	
292	3.727500e-002	
293	3.660000e-002	
294	3.650000e-002	
295	3.782500e-002	
296	3.775000e-002	
297	3.727500e-002	
298	3.862500e-002	
299	4.047500e-002	
300	3.977500e-002	
301	3.892500e-002	
302	3.850000e-002	
303	3.810000e-002	
304	4.017500e-002	
305	4.147500e-002	
306	4.137500e-002	
307	4.067500e-002	
308	3.995000e-002	
309	4.065000e-002	
310	3.907500e-002	
311	3.665000e-002	
312	3.632500e-002	
313	3.620000e-002	
314	3.677500e-002	
315	3.722500e-002	
316	3.617500e-002	
317	3.595000e-002	
318	3.587500e-002	
319	3.357500e-002	
320	3.467500e-002	
321	3.682500e-002	
322	3.855000e-002	
323	3.927500e-002	
324	4.225000e-002	
325	4.272500e-002	
326	4.415000e-002	
327	4.455000e-002	
328	4.357500e-002	
329	4.327500e-002	
330	4.187500e-002	
331	4.160000e-002	
332	4.095000e-002	
333	4.045000e-002	
334	3.952500e-002	
335	3.860000e-002	
336	3.722500e-002	
337	3.470000e-002	
338	3.412500e-002	
339	3.445000e-002	
340	3.532500e-002	
341	3.662500e-002	
342	3.712500e-002	
343	3.992500e-002	
344	4.182500e-002	
345	4.190000e-002	
346	4.275000e-002	
347	4.045000e-002	
348	4.152500e-002	
349	4.337500e-002	
350	4.210000e-002	
351	4.182500e-002	
352	4.140000e-002	
353	4.070000e-002	
354	4.062500e-002	
355	3.855000e-002	
356	3.620000e-002	
357	3.690000e-002	
358	3.685000e-002	
359	3.742500e-002	
360	3.785000e-002	
361	3.807500e-002	
362	3.940000e-002	
363	3.852500e-002	
364	4.012500e-002	
365	4.127500e-002	
366	3.957500e-002	
367	3.970000e-002	
368	3.897500e-002	
369	4.027500e-002	
370	3.987500e-002	
371	3.922500e-002	
372	3.735000e-002	
373	3.652500e-002	
374	3.910000e-002	
375	4.062500e-002	
376	4.015000e-002	
377	3.977500e-002	
378	4.040000e-002	
379	4.082500e-002	
380	3.895000e-002	
381	3.937500e-002	
382	3.870000e-002	
383	3.845000e-002	
384	3.562500e-002	
385	3.665000e-002	
386	3.877500e-002	
387	4.035000e-002	
388	4.007500e-002	
389	4.035000e-002	
390	4.140000e-002	
391	4.050000e-002	
392	4.097500e-002	
393	3.982500e-002	
394	3.972500e-002	
395	3.810000e-002	
396	3.615000e-002	
397	3.497500e-002	
398	3.595000e-002	
399	3.622500e-002	
400	3.730000e-002	
401	3.665000e-002	
402	3.737500e-002	
403	3.820000e-002	
404	3.985000e-002	
405	3.955000e-002	
406	4.087500e-002	
407	4.302500e-002	
408	4.280000e-002	
409	4.192500e-002	
410	4.182500e-002	
411	3.932500e-002	
412	3.827500e-002	
413	3.807500e-002	
414	3.850000e-002	
415	3.877500e-002	
416	3.962500e-002	
417	3.890000e-002	
418	3.850000e-002	
419	3.710000e-002	
420	3.570000e-002	
421	3.622500e-002	
422	3.777500e-002	
423	3.892500e-002	
424	3.787500e-002	
425	3.777500e-002	
426	3.832500e-002	
427	3.850000e-002	
428	3.990000e-002	
429	3.967500e-002	
430	4.005000e-002	
431	3.825000e-002	
432	3.910000e-002	
433	3.895000e-002	
434	4.060000e-002	
435	4.080000e-002	
436	4.065000e-002	
437	3.955000e-002	
438	3.845000e-002	
439	3.727500e-002	
440	3.785000e-002	
441	3.655000e-002	
442	3.960000e-002	
443	3.870000e-002	
444	4.120000e-002	
445	4.070000e-002	
446	3.995000e-002	
447	3.822500e-002	
448	3.932500e-002	
449	3.957500e-002	
450	4.007500e-002	
451	3.757500e-002	
452	3.672500e-002	
453	3.742500e-002	
454	3.627500e-002	
455	3.632500e-002	
456	3.692500e-002	
457	3.912500e-002	
458	3.910000e-002	
459	3.910000e-002	
460	3.867500e-002	
461	3.932500e-002	
462	3.912500e-002	
463	3.825000e-002	
464	3.792500e-002	
465	3.852500e-002	
466	3.965000e-002	
467	3.912500e-002	
468	4.132500e-002	
469	4.095000e-002	
470	3.987500e-002	
471	3.987500e-002	
472	3.970000e-002	
473	3.985000e-002	
474	3.822500e-002	
475	3.757500e-002	
476	3.902500e-002	
477	3.962500e-002	
478	3.710000e-002	
479	3.575000e-002	
480	3.467500e-002	
481	3.577500e-002	
482	3.685000e-002	
483	3.835000e-002	
484	4.027500e-002	
485	4.170000e-002	
486	4.312500e-002	
487	4.117500e-002	
488	4.120000e-002	
489	4.055000e-002	
490	4.105000e-002	
491	4.112500e-002	
492	3.970000e-002	
493	4.112500e-002	
494	3.995000e-002	
495	3.717500e-002	
496	3.705000e-002	
497	3.710000e-002	
498	3.695000e-002	
499	3.697500e-002	
500	3.707500e-002	
501	3.905000e-002	
502	4.100000e-002	
503	3.995000e-002	
504	4.050000e-002	
505	4.025000e-002	
506	4.127500e-002	
507	3.960000e-002	
508	3.857500e-002	
509	4.000000e-002	
510	4.002500e-002	
511	4.167500e-002	
512	4.017500e-002	
513	3.860000e-002	
514	3.667500e-002	
515	3.687500e-002	
516	3.712500e-002	
517	3.585000e-002	
518	3.575000e-002	
519	3.745000e-002	
520	3.847500e-002	
521	3.735000e-002	
522	3.900000e-002	
523	4.040000e-002	
524	3.935000e-002	
525	4.100000e-002	
526	4.157500e-002	
527	4.172500e-002	
528	4.017500e-002	
529	3.977500e-002	
530	4.055000e-002	
531	3.870000e-002	
532	3.915000e-002	
533	3.582500e-002	
534	3.552500e-002	
535	3.632500e-002	
536	3.602500e-002	
537	3.752500e-002	
538	3.695000e-002	
539	3.630000e-002	
540	3.792500e-002	
541	3.857500e-002	
542	3.940000e-002	
543	4.010000e-002	
544	4.057500e-002	
545	3.995000e-002	
546	3.897500e-002	
547	3.855000e-002	
548	3.802500e-002	
549	3.960000e-002	
550	3.955000e-002	
551	3.895000e-002	
552	3.927500e-002	
553	3.790000e-002	
554	3.600000e-002	
555	3.657500e-002	
556	3.742500e-002	
557	3.900000e-002	
558	4.100000e-002	
559	4.227500e-002	
560	4.120000e-002	
561	3.960000e-002	
562	4.007500e-002	
563	3.912500e-002	
564	3.840000e-002	
565	3.812500e-002	
566	3.715000e-002	
567	3.805000e-002	
568	3.727500e-002	
569	3.765000e-002	
570	3.880000e-002	
571	3.807500e-002	
572	3.750000e-002	
573	3.662500e-002	
574	3.820000e-002	
575	3.922500e-002	
576	3.955000e-002	
577	3.882500e-002	
578	3.930000e-002	
579	4.047500e-002	
580	4.222500e-002	
581	4.107500e-002	
582	4.302500e-002	
583	4.135000e-002	
584	3.897500e-002	
585	3.910000e-002	
586	3.777500e-002	
587	3.637500e-002	
588	3.530000e-002	
589	3.657500e-002	
590	3.702500e-002	
591	3.770000e-002	
592	3.902500e-002	
593	3.982500e-002	
594	4.137500e-002	
595	3.997500e-002	
596	3.902500e-002	
597	3.775000e-002	
598	3.605000e-002	
599	3.655000e-002	
600	3.690000e-002	
601	3.645000e-002	
602	3.757500e-002	
603	3.920000e-002	
604	3.830000e-002	
605	3.802500e-002	
606	3.882500e-002	
607	3.830000e-002	
608	4.037500e-002	
609	4.307500e-002	
610	4.395000e-002	
611	4.470000e-002	
612	4.205000e-002	
613	4.135000e-002	
614	3.945000e-002	
615	3.997500e-002	
616	4.055000e-002	
617	4.065000e-002	
618	3.952500e-002	
619	3.565000e-002	
620	3.660000e-002	
621	3.470000e-002	
622	3.437500e-002	
623	3.545000e-002	
624	3.517500e-002	
625	3.620000e-002	
626	3.730000e-002	
627	3.782500e-002	
628	3.950000e-002	
629	3.935000e-002	
630	4.032500e-002	
631	4.037500e-002	
632	4.207500e-002	
633	4.280000e-002	
634	4.142500e-002	
635	4.080000e-002	
636	4.117500e-002	
637	4.005000e-002	
638	3.795000e-002	
639	3.695000e-002	
640	3.377500e-002	
641	3.417500e-002	
642	3.477500e-002	
643	3.542500e-002	
644	3.587500e-002	
645	3.660000e-002	
646	3.995000e-002	
647	4.020000e-002	
648	4.132500e-002	
649	4.235000e-002	
650	4.302500e-002	
651	4.380000e-002	
652	4.207500e-002	
653	4.217500e-002	
654	4.150000e-002	
655	4.020000e-002	
656	3.980000e-002	
657	3.830000e-002	
658	3.680000e-002	
659	3.490000e-002	
660	3.482500e-002	
661	3.447500e-002	
662	3.500000e-002	
663	3.782500e-002	
664	3.832500e-002	
665	3.975000e-002	
666	3.942500e-002	
667	4.172500e-002	
668	4.190000e-002	
669	4.122500e-002	
670	4.202500e-002	
671	4.137500e-002	
672	4.167500e-002	
673	3.962500e-002	
674	3.902500e-002	
675	3.882500e-002	
676	3.852500e-002	
677	3.785000e-002	
678	3.775000e-002	
679	3.757500e-002	
680	3.657500e-002	
681	3.590000e-002	
682	3.572500e-002	
683	3.700000e-002	
684	3.980000e-002	
685	4.050000e-002	
686	4.242500e-002	
687	4.292500e-002	
688	4.250000e-002	
689	4.130000e-002	
690	4.057500e-002	
691	4.220000e-002	
692	3.997500e-002	
693	3.730000e-002	
694	3.880000e-002	
695	3.900000e-002	
696	3.840000e-002	
697	3.887500e-002	
698	3.797500e-002	
699	3.760000e-002	
700	3.790000e-002	
701	3.740000e-002	
702	3.637500e-002	
703	3.845000e-002	
704	3.960000e-002	
705	3.875000e-002	
706	4.070000e-002	
707	3.985000e-002	
708	4.125000e-002	
709	4.225000e-002	
710	4.230000e-002	
711	4.190000e-002	
712	4.222500e-002	
713	4.177500e-002	
714	4.205000e-002	
715	4.172500e-002	
716	4.225000e-002	
717	3.877500e-002	
718	3.555000e-002	
719	3.287500e-002	
720	3.430000e-002	
721	3.615000e-002	
722	3.655000e-002	
723	3.810000e-002	
724	3.905000e-002	
725	3.785000e-002	
726	3.612500e-002	
727	3.655000e-002	
728	3.642500e-002	
729	3.782500e-002	
730	3.867500e-002	
731	3.995000e-002	
732	4.162500e-002	
733	4.202500e-002	
734	4.027500e-002	
735	3.995000e-002	
736	4.040000e-002	
737	3.940000e-002	
738	3.930000e-002	
739	3.962500e-002	
740	4.050000e-002	
741	3.982500e-002	
742	3.952500e-002	
743	3.905000e-002	
744	3.862500e-002	
745	3.847500e-002	
746	3.750000e-002	
747	3.952500e-002	
748	4.055000e-002	
749	4.182500e-002	
750	4.157500e-002	
751	4.155000e-002	
752	4.057500e-002	
753	3.750000e-002	
754	3.842500e-002	
755	3.685000e-002	
756	3.630000e-002	
757	3.637500e-002	
758	3.720000e-002	
759	3.695000e-002	
760	3.680000e-002	
761	3.845000e-002	
762	3.917500e-002	
763	3.840000e-002	
764	3.765000e-002	
765	3.857500e-002	
766	3.970000e-002	
767	3.837500e-002	
768	3.935000e-002	
769	4.070000e-002	
770	4.062500e-002	
771	4.115000e-002	
772	4.100000e-002	
773	4.000000e-002	
774	3.880000e-002	
775	3.740000e-002	
776	3.705000e-002	
777	3.850000e-002	
778	3.820000e-002	
779	3.780000e-002	
780	3.830000e-002	
781	3.660000e-002	
782	3.552500e-002	
783	3.725000e-002	
784	3.835000e-002	
785	3.825000e-002	
786	3.872500e-002	
787	3.757500e-002	
788	3.882500e-002	
789	3.925000e-002	
790	4.085000e-002	
791	4.157500e-002	
792	4.157500e-002	
793	4.027500e-002	
794	3.797500e-002	
795	3.697500e-002	
796	3.815000e-002	
797	3.812500e-002	
798	3.960000e-002	
799	3.827500e-002	
800	3.867500e-002	
801	3.975000e-002	
802	3.952500e-002	
803	3.872500e-002	
804	3.885000e-002	
805	3.922500e-002	
806	4.035000e-002	
807	4.045000e-002	
808	4.095000e-002	
809	3.987500e-002	
810	3.845000e-002	
811	3.875000e-002	
812	3.927500e-002	
813	3.860000e-002	
814	3.817500e-002	
815	3.807500e-002	
816	3.782500e-002	
817	3.912500e-002	
818	3.865000e-002	
819	4.155000e-002	
820	3.982500e-002	
821	3.982500e-002	
822	4.000000e-002	
823	4.087500e-002	
824	4.147500e-002	
825	4.105000e-002	
826	4.142500e-002	
827	4.032500e-002	
828	4.160000e-002	
829	4.207500e-002	
830	3.890000e-002	
831	3.712500e-002	
832	3.607500e-002	
833	3.527500e-002	
834	3.657500e-002	
835	3.667500e-002	
836	3.662500e-002	
837	3.617500e-002	
838	3.870000e-002	
839	3.877500e-002	
840	3.872500e-002	
841	3.852500e-002	
842	3.960000e-002	
843	3.887500e-002	
844	4.117500e-002	
845	4.040000e-002	
846	4.180000e-002	
847	4.310000e-002	
848	4.405000e-002	
849	4.345000e-002	
850	4.077500e-002	
851	4.057500e-002	
852	3.900000e-002	
853	3.677500e-002	
854	3.715000e-002	
855	3.967500e-002	
856	3.697500e-002	
857	3.675000e-002	
858	3.720000e-002	
859	3.717500e-002	
860	3.590000e-002	
861	3.727500e-002	
862	3.847500e-002	
863	3.832500e-002	
864	3.810000e-002	
865	3.992500e-002	
866	4.180000e-002	
867	4.327500e-002	
868	4.317500e-002	
869	4.320000e-002	
870	4.267500e-002	
871	4.120000e-002	
872	4.040000e-002	
873	3.590000e-002	
874	3.587500e-002	
875	3.572500e-002	
876	3.490000e-002	
877	3.567500e-002	
878	3.660000e-002	
879	3.642500e-002	
880	3.745000e-002	
881	3.787500e-002	
882	3.965000e-002	
883	4.205000e-002	
884	4.285000e-002	
885	4.240000e-002	
886	4.017500e-002	
887	4.090000e-002	
888	3.922500e-002	
889	3.870000e-002	
890	3.867500e-002	
891	3.820000e-002	
892	4.037500e-002	
893	3.842500e-002	
894	3.617500e-002	
895	3.765000e-002	
896	3.760000e-002	
897	3.765000e-002	
898	3.905000e-002	
899	3.847500e-002	
900	4.002500e-002	
901	3.970000e-002	
902	4.020000e-002	
903	4.170000e-002	
904	4.197500e-002	
905	4.242500e-002	
906	4.242500e-002	
907	4.182500e-002	
908	4.010000e-002	
909	3.827500e-002	
910	3.745000e-002	
911	3.802500e-002	
912	3.897500e-002	
913	3.795000e-002	
914	3.657500e-002	
915	3.690000e-002	
916	3.625000e-002	
917	3.685000e-002	
918	3.787500e-002	
919	3.830000e-002	
920	3.937500e-002	
921	3.887500e-002	
922	3.915000e-002	
923	3.885000e-002	
924	4.037500e-002	
925	4.057500e-002	
926	4.067500e-002	
927	4.055000e-002	
928	4.095000e-002	
929	3.962500e-002	
930	3.975000e-002	
931	3.927500e-002	
932	3.877500e-002	
933	3.755000e-002	
934	3.807500e-002	
935	4.095000e-002	
936	4.042500e-002	
937	4.000000e-002	
938	4.065000e-002	
939	3.722500e-002	
940	3.690000e-002	
941	3.707500e-002	
942	3.590000e-002	
943	3.750000e-002	
944	3.810000e-002	
945	3.985000e-002	
946	3.760000e-002	
947	3.770000e-002	
948	4.042500e-002	
949	4.212500e-002	
950	4.180000e-002	
951	4.205000e-002	
952	3.990000e-002	
953	3.857500e-002	
954	3.862500e-002	
955	3.855000e-002	
956	3.967500e-002	
957	3.815000e-002	
958	3.770000e-002	
959	3.705000e-002	
960	3.867500e-002	
961	3.862500e-002	
962	3.860000e-002	
963	3.767500e-002	
964	3.790000e-002	
965	3.892500e-002	
966	3.992500e-002	
967	3.895000e-002	
968	3.740000e-002	
969	3.985000e-002	
970	3.947500e-002	
971	3.867500e-002	
972	3.830000e-002	
973	3.840000e-002	
974	4.067500e-002	
975	4.105000e-002	
976	4.165000e-002	
977	3.907500e-002	
978	3.897500e-002	
979	3.965000e-002	
980	4.005000e-002	
981	3.850000e-002	
982	3.907500e-002	
983	3.855000e-002	
984	3.667500e-002	
985	3.697500e-002	
986	3.747500e-002	
987	3.642500e-002	
988	3.817500e-002	
989	3.877500e-002	
990	3.962500e-002	
991	3.877500e-002	
992	3.870000e-002	
993	3.740000e-002	
994	3.880000e-002	
995	3.965000e-002	
996	4.017500e-002	
997	4.077500e-002	
998	4.147500e-002	
999	4.077500e-002	
1000	3.932500e-002	
1001	3.830000e-002	
1002	3.827500e-002	
1003	3.787500e-002	
1004	3.767500e-002	
1005	3.650000e-002	
1006	3.615000e-002	
1007	3.827500e-002	
1008	3.962500e-002	
1009	3.722500e-002	
1010	3.990000e-002	
1011	4.005000e-002	
1012	4.057500e-002	
1013	4.212500e-002	
1014	4.200000e-002	
1015	4.135000e-002	
1016	4.160000e-002	
1017	4.157500e-002	
1018	4.030000e-002	
1019	3.870000e-002	
1020	3.887500e-002	
1021	3.757500e-002	
1022	3.792500e-002	
1023	3.590000e-002	
1024	3.627500e-002	
1025	3.567500e-002	
1026	3.565000e-002	
1027	3.657500e-002	
1028	3.802500e-002	
1029	3.887500e-002	
1030	3.955000e-002	
1031	3.967500e-002	
1032	4.187500e-002	
1033	4.152500e-002	
1034	4.357500e-002	
1035	4.222500e-002	
1036	4.237500e-002	
1037	4.045000e-002	
1038	4.022500e-002	
1039	3.997500e-002	
1040	3.902500e-002	
1041	3.845000e-002	
1042	3.567500e-002	
1043	3.340000e-002	
1044	3.372500e-002	
1045	3.102500e-002	
1046	3.225000e-002	
1047	3.320000e-002	
1048	3.567500e-002	
1049	3.655000e-002	
1050	3.895000e-002	
1051	3.977500e-002	
1052	4.097500e-002	
1053	4.357500e-002	
1054	4.477500e-002	
1055	4.437500e-002	
1056	4.255000e-002	
1057	4.310000e-002	
1058	4.260000e-002	
1059	4.185000e-002	
1060	3.995000e-002	
1061	3.995000e-002	
1062	3.915000e-002	
1063	3.890000e-002	
1064	3.932500e-002	
1065	3.960000e-002	
1066	3.720000e-002	
1067	3.622500e-002	
1068	3.612500e-002	
1069	3.850000e-002	
1070	3.945000e-002	
1071	4.052500e-002	
1072	4.052500e-002	
1073	3.970000e-002	
1074	4.035000e-002	
1075	4.197500e-002	
1076	4.090000e-002	
1077	3.942500e-002	
1078	3.732500e-002	
1079	3.572500e-002	
1080	3.672500e-002	
1081	3.895000e-002	
1082	3.837500e-002	
1083	3.737500e-002	
1084	3.910000e-002	
1085	4.140000e-002	
1086	4.305000e-002	
1087	4.140000e-002	
1088	4.060000e-002	
1089	4.010000e-002	
1090	3.860000e-002	
1091	3.775000e-002	
1092	3.840000e-002	
1093	3.767500e-002	
1094	3.815000e-002	
1095	3.695000e-002	
1096	3.540000e-002	
1097	3.675000e-002	
1098	3.662500e-002	
1099	3.825000e-002	
1100	3.942500e-002	
1101	3.872500e-002	
1102	4.005000e-002	
1103	4.135000e-002	
1104	4.062500e-002	
1105	4.240000e-002	
1106	4.162500e-002	
1107	4.120000e-002	
1108	4.200000e-002	
1109	4.107500e-002	
1110	3.835000e-002	
1111	3.842500e-002	
1112	3.745000e-002	
1113	3.625000e-002	
1114	3.605000e-002	
1115	3.690000e-002	
1116	3.652500e-002	
1117	3.732500e-002	
1118	3.805000e-002	
1119	3.947500e-002	
1120	3.770000e-002	
1121	3.917500e-002	
1122	4.072500e-002	
1123	4.022500e-002	
1124	4.117500e-002	
1125	4.082500e-002	
1126	3.972500e-002	
1127	3.987500e-002	
1128	3.927500e-002	
1129	3.847500e-002	
1130	3.840000e-002	
1131	3.672500e-002	
1132	3.595000e-002	
1133	3.517500e-002	
1134	3.682500e-002	
1135	3.807500e-002	
1136	3.880000e-002	
1137	3.937500e-002	
1138	4.065000e-002	
1139	4.180000e-002	
1140	4.260000e-002	
1141	4.102500e-002	
1142	3.952500e-002	
1143	3.942500e-002	
1144	3.980000e-002	
1145	3.920000e-002	
1146	3.965000e-002	
1147	4.210000e-002	
1148	4.062500e-002	
1149	3.927500e-002	
1150	3.817500e-002	
1151	3.710000e-002	
1152	3.660000e-002	
1153	3.605000e-002	
1154	3.832500e-002	
1155	3.920000e-002	
1156	4.015000e-002	
1157	4.242500e-002	
1158	4.065000e-002	
1159	4.087500e-002	
1160	3.825000e-002	
1161	3.842500e-002	
1162	3.870000e-002	
1163	3.970000e-002	
1164	3.972500e-002	
1165	4.062500e-002	
1166	4.107500e-002	
1167	4.115000e-002	
1168	3.847500e-002	
1169	3.840000e-002	
1170	3.865000e-002	
1171	3.722500e-002	
1172	4.075000e-002	
1173	4.092500e-002	
1174	4.090000e-002	
1175	4.080000e-002	
1176	3.882500e-002	
1177	3.922500e-002	
1178	3.812500e-002	
1179	3.792500e-002	
1180	3.902500e-002	
1181	3.877500e-002	
1182	3.967500e-002	
1183	4.020000e-002	
1184	3.815000e-002	
1185	3.782500e-002	
1186	3.587500e-002	
1187	3.567500e-002	
1188	3.532500e-002	
1189	3.675000e-002	
1190	3.660000e-002	
1191	3.885000e-002	
1192	4.115000e-002	
1193	4.275000e-002	
1194	4.217500e-002	
1195	4.275000e-002	
1196	4.330000e-002	
1197	4.320000e-002	
1198	4.317500e-002	
1199	4.320000e-002	
1200	4.260000e-002	
1201	4.037500e-002	
1202	3.825000e-002	
1203	3.797500e-002	
1204	3.637500e-002	
1205	3.660000e-002	
1206	3.585000e-002	
1207	3.385000e-002	
1208	3.250000e-002	
1209	3.437500e-002	
1210	3.587500e-002	
1211	3.650000e-002	
1212	3.592500e-002	
1213	3.837500e-002	
1214	3.990000e-002	
1215	4.090000e-002	
1216	4.117500e-002	
1217	4.132500e-002	
1218	4.035000e-002	
1219	4.195000e-002	
1220	4.255000e-002	
1221	4.117500e-002	
1222	3.897500e-002	
1223	3.752500e-002	
1224	4.012500e-002	
1225	4.122500e-002	
1226	4.147500e-002	
1227	3.910000e-002	
1228	4.125000e-002	
1229	3.977500e-002	
1230	4.275000e-002	
1231	4.005000e-002	
1232	3.940000e-002	
1233	3.832500e-002	
1234	3.897500e-002	
1235	4.000000e-002	
1236	3.820000e-002	
1237	3.725000e-002	
1238	3.822500e-002	
1239	3.770000e-002	
1240	3.670000e-002	
1241	3.690000e-002	
1242	3.820000e-002	
1243	3.922500e-002	
1244	4.040000e-002	
1245	4.130000e-002	
1246	3.965000e-002	
1247	4.125000e-002	
1248	4.045000e-002	
1249	3.997500e-002	
1250	3.795000e-002	
1251	3.677500e-002	
1252	3.645000e-002	
1253	3.690000e-002	
1254	3.820000e-002	
1255	3.900000e-002	
1256	3.812500e-002	
1257	3.955000e-002	
1258	4.077500e-002	
1259	4.035000e-002	
1260	3.875000e-002	
1261	3.850000e-002	
1262	4.005000e-002	
1263	4.125000e-002	
1264	4.095000e-002	
1265	4.060000e-002	
1266	4.000000e-002	
1267	3.962500e-002	
1268	3.870000e-002	
1269	3.865000e-002	
1270	3.812500e-002	
1271	3.772500e-002	
1272	3.677500e-002	
1273	3.610000e-002	
1274	3.522500e-002	
1275	3.617500e-002	
1276	3.725000e-002	
1277	3.867500e-002	
1278	4.072500e-002	
1279	4.117500e-002	
1280	4.042500e-002	
1281	3.917500e-002	
1282	3.970000e-002	
1283	3.915000e-002	
1284	3.832500e-002	
1285	3.957500e-002	
1286	4.030000e-002	
1287	4.042500e-002	
1288	3.972500e-002	
1289	3.865000e-002	
1290	3.897500e-002	
1291	3.970000e-002	
1292	3.877500e-002	
1293	4.000000e-002	
1294	3.990000e-002	
1295	3.897500e-002	
1296	3.935000e-002	
1297	3.800000e-002	
1298	3.742500e-002	
1299	3.800000e-002	
1300	3.855000e-002	
1301	3.915000e-002	
1302	3.917500e-002	
1303	3.947500e-002	
1304	3.867500e-002	
1305	4.165000e-002	
1306	4.062500e-002	
1307	3.995000e-002	
1308	4.082500e-002	
1309	3.952500e-002	
1310	3.795000e-002	
1311	3.855000e-002	
1312	3.805000e-002	
1313	3.922500e-002	
1314	3.882500e-002	
1315	3.885000e-002	
1316	3.952500e-002	
1317	3.880000e-002	
1318	3.962500e-002	
1319	3.920000e-002	
1320	3.852500e-002	
1321	3.885000e-002	
1322	4.040000e-002	
1323	4.132500e-002	
1324	4.020000e-002	
1325	4.027500e-002	
1326	3.957500e-002	
1327	4.025000e-002	
1328	3.977500e-002	
1329	3.847500e-002	
1330	3.632500e-002	
1331	3.857500e-002	
1332	3.960000e-002	
1333	3.825000e-002	
1334	3.975000e-002	
1335	3.940000e-002	
1336	4.085000e-002	
1337	3.877500e-002	
1338	3.805000e-002	
1339	3.802500e-002	
1340	3.560000e-002	
1341	3.517500e-002	
1342	3.657500e-002	
1343	3.805000e-002	
1344	3.782500e-002	
1345	3.827500e-002	
1346	3.907500e-002	
1347	3.945000e-002	
1348	3.977500e-002	
1349	3.955000e-002	
1350	4.067500e-002	
1351	3.912500e-002	
1352	4.017500e-002	
1353	4.025000e-002	
1354	4.082500e-002	
1355	4.147500e-002	
1356	4.002500e-002	
1357	3.930000e-002	
1358	4.032500e-002	
1359	3.970000e-002	
1360	3.960000e-002	
1361	4.002500e-002	
1362	3.902500e-002	
1363	4.010000e-002	
1364	3.992500e-002	
1365	3.832500e-002	
1366	3.682500e-002	
1367	3.737500e-002	
1368	3.892500e-002	
1369	3.897500e-002	
1370	3.940000e-002	
1371	4.150000e-002	
1372	4.007500e-002	
1373	3.830000e-002	
1374	3.947500e-002	
1375	4.022500e-002	
1376	3.992500e-002	
1377	4.120000e-002	
1378	4.105000e-002	
1379	4.027500e-002	
1380	4.005000e-002	
1381	3.970000e-002	
1382	3.775000e-002	
1383	3.580000e-002	
1384	3.590000e-002	
1385	3.350000e-002	
1386	3.387500e-002	
1387	3.587500e-002	
1388	3.707500e-002	
1389	3.840000e-002	
1390	3.790000e-002	
1391	4.062500e-002	
1392	4.162500e-002	
1393	4.260000e-002	
1394	4.392500e-002	
1395	4.385000e-002	
1396	4.180000e-002	
1397	4.027500e-002	
1398	3.760000e-002	
1399	3.717500e-002	
1400	3.730000e-002	
1401	3.972500e-002	
1402	3.995000e-002	
1403	4.002500e-002	
1404	3.852500e-002	
1405	3.662500e-002	
1406	3.550000e-002	
1407	3.592500e-002	
1408	3.785000e-002	
1409	3.797500e-002	
1410	3.955000e-002	
1411	4.130000e-002	
1412	4.285000e-002	
1413	4.045000e-002	
1414	3.980000e-002	
1415	3.942500e-002	
1416	3.867500e-002	
1417	3.870000e-002	
1418	3.807500e-002	
1419	3.917500e-002	
1420	3.717500e-002	
1421	3.702500e-002	
1422	3.877500e-002	
1423	4.010000e-002	
1424	4.042500e-002	
1425	4.297500e-002	
1426	3.970000e-002	
1427	4.107500e-002	
1428	4.140000e-002	
1429	4.157500e-002	
1430	4.305000e-002	
1431	4.095000e-002	
1432	3.897500e-002	
1433	3.790000e-002	
1434	3.712500e-002	
1435	3.780000e-002	
1436	3.512500e-002	
1437	3.475000e-002	
1438	3.565000e-002	
1439	3.652500e-002	
1440	3.727500e-002	
1441	3.567500e-002	
1442	3.922500e-002	
1443	3.992500e-002	
1444	3.972500e-002	
1445	4.102500e-002	
1446	4.242500e-002	
1447	4.417500e-002	
1448	4.375000e-002	
1449	4.200000e-002	
1450	4.137500e-002	
1451	4.247500e-002	
1452	4.227500e-002	
1453	4.077500e-002	
1454	3.830000e-002	
1455	3.572500e-002	
1456	3.657500e-002	
1457	3.532500e-002	
1458	3.407500e-002	
1459	3.687500e-002	
1460	3.800000e-002	
1461	3.987500e-002	
1462	4.095000e-002	
1463	4.242500e-002	
1464	4.095000e-002	
1465	4.142500e-002	
1466	4.112500e-002	
1467	4.182500e-002	
1468	4.202500e-002	
1469	4.115000e-002	
1470	3.880000e-002	
1471	3.870000e-002	
1472	3.742500e-002	
1473	3.607500e-002	
1474	3.560000e-002	
1475	3.585000e-002	
1476	3.620000e-002	
1477	3.602500e-002	
1478	3.717500e-002	
1479	3.972500e-002	
1480	4.137500e-002	
1481	4.255000e-002	
1482	4.190000e-002	
1483	4.135000e-002	
1484	4.055000e-002	
1485	4.015000e-002	
1486	3.977500e-002	
1487	4.097500e-002	
1488	4.275000e-002	
1489	4.330000e-002	
1490	4.047500e-002	
1491	4.047500e-002	
1492	3.835000e-002	
1493	3.780000e-002	
1494	3.495000e-002	
1495	3.462500e-002	
1496	3.655000e-002	
1497	3.627500e-002	
1498	3.560000e-002	
1499	3.660000e-002	
1500	3.782500e-002	
1501	3.882500e-002	
1502	3.892500e-002	
1503	3.815000e-002	
1504	3.652500e-002	
1505	3.810000e-002	
1506	4.157500e-002	
1507	4.322500e-002	
1508	4.367500e-002	
1509	4.357500e-002	
1510	4.355000e-002	
1511	4.142500e-002	
1512	4.067500e-002	
1513	3.925000e-002	
1514	3.770000e-002	
1515	3.810000e-002	
1516	3.762500e-002	
1517	3.522500e-002	
1518	3.452500e-002	
1519	3.632500e-002	
1520	3.767500e-002	
1521	3.612500e-002	
1522	3.800000e-002	
1523	3.797500e-002	
1524	3.855000e-002	
1525	4.067500e-002	
1526	4.120000e-002	
1527	4.280000e-002	
1528	3.972500e-002	
1529	3.862500e-002	
1530	3.885000e-002	
1531	3.945000e-002	
1532	3.942500e-002	
1533	3.950000e-002	
1534	3.920000e-002	
1535	3.855000e-002	
1536	3.782500e-002	
1537	3.732500e-002	
1538	3.845000e-002	
1539	3.900000e-002	
1540	3.870000e-002	
1541	3.755000e-002	
1542	3.837500e-002	
1543	4.082500e-002	
1544	4.142500e-002	
1545	3.927500e-002	
1546	3.990000e-002	
1547	4.050000e-002	
1548	3.980000e-002	
1549	4.095000e-002	
1550	3.972500e-002	
1551	3.780000e-002	
1552	3.717500e-002	
1553	3.587500e-002	
1554	3.432500e-002	
1555	3.537500e-002	
1556	3.630000e-002	
1557	3.825000e-002	
1558	3.952500e-002	
1559	3.957500e-002	
1560	3.977500e-002	
1561	4.250000e-002	
1562	4.140000e-002	
1563	4.090000e-002	
1564	4.142500e-002	
1565	4.097500e-002	
1566	4.077500e-002	
1567	4.005000e-002	
1568	3.897500e-002	
1569	3.680000e-002	
1570	3.557500e-002	
1571	3.537500e-002	
1572	3.670000e-002	
1573	3.897500e-002	
1574	3.895000e-002	
1575	3.890000e-002	
1576	3.950000e-002	
1577	3.927500e-002	
1578	3.740000e-002	
1579	3.755000e-002	
1580	3.810000e-002	
1581	3.890000e-002	
1582	4.075000e-002	
1583	4.207500e-002	
1584	4.377500e-002	
1585	4.282500e-002	
1586	4.297500e-002	
1587	4.205000e-002	
1588	4.232500e-002	
1589	4.195000e-002	
1590	3.860000e-002	
1591	3.765000e-002	
1592	3.672500e-002	
1593	3.810000e-002	
1594	3.902500e-002	
1595	3.985000e-002	
1596	3.855000e-002	
1597	3.752500e-002	
1598	3.830000e-002	
1599	3.930000e-002	
1600	3.912500e-002	
1601	3.875000e-002	
1602	3.932500e-002	
1603	3.867500e-002	
1604	3.792500e-002	
1605	3.725000e-002	
1606	3.960000e-002	
1607	4.032500e-002	
1608	4.125000e-002	
1609	4.115000e-002	
1610	4.347500e-002	
1611	4.220000e-002	
1612	4.090000e-002	
1613	3.922500e-002	
1614	3.782500e-002	
1615	3.907500e-002	
1616	3.845000e-002	
1617	3.735000e-002	
1618	3.702500e-002	
1619	3.677500e-002	
1620	3.887500e-002	
1621	3.892500e-002	
1622	4.077500e-002	
1623	4.120000e-002	
1624	4.287500e-002	
1625	4.185000e-002	
1626	4.135000e-002	
1627	3.902500e-002	
1628	3.667500e-002	
1629	3.430000e-002	
1630	3.507500e-002	
1631	3.567500e-002	
1632	3.577500e-002	
1633	3.752500e-002	
1634	3.717500e-002	
1635	3.722500e-002	
1636	3.655000e-002	
1637	3.830000e-002	
1638	4.060000e-002	
1639	3.992500e-002	
1640	3.935000e-002	
1641	4.105000e-002	
1642	4.072500e-002	
1643	4.187500e-002	
1644	4.357500e-002	
1645	4.290000e-002	
1646	4.475000e-002	
1647	4.427500e-002	
1648	4.185000e-002	
1649	4.060000e-002	
1650	3.672500e-002	
1651	3.572500e-002	
1652	3.680000e-002	
1653	3.737500e-002	
1654	3.610000e-002	
1655	3.622500e-002	
1656	3.705000e-002	
1657	3.642500e-002	
1658	3.537500e-002	
1659	3.857500e-002	
1660	3.987500e-002	
1661	3.855000e-002	
1662	3.850000e-002	
1663	3.895000e-002	
1664	3.867500e-002	
1665	3.910000e-002	
1666	3.827500e-002	
1667	3.802500e-002	
1668	3.880000e-002	
1669	4.022500e-002	
1670	4.042500e-002	
1671	4.165000e-002	
1672	4.255000e-002	
1673	4.007500e-002	
1674	4.122500e-002	
1675	4.142500e-002	
1676	3.927500e-002	
1677	3.800000e-002	
1678	3.932500e-002	
1679	4.155000e-002	
1680	4.170000e-002	
1681	3.877500e-002	
1682	3.857500e-002	
1683	4.040000e-002	
1684	3.990000e-002	
1685	3.962500e-002	
1686	3.855000e-002	
1687	3.635000e-002	
1688	3.560000e-002	
1689	3.522500e-002	
1690	3.947500e-002	
1691	4.025000e-002	
1692	4.000000e-002	
1693	4.035000e-002	
1694	4.062500e-002	
1695	4.032500e-002	
1696	4.082500e-002	
1697	4.052500e-002	
1698	4.155000e-002	
1699	4.005000e-002	
1700	3.962500e-002	
1701	3.865000e-002	
1702	3.880000e-002	
1703	3.862500e-002	
1704	4.005000e-002	
1705	3.840000e-002	
1706	3.770000e-002	
1707	3.930000e-002	
1708	3.767500e-002	
1709	3.985000e-002	
1710	3.862500e-002	
1711	3.867500e-002	
1712	3.840000e-002	
1713	3.867500e-002	
1714	3.820000e-002	
1715	3.722500e-002	
1716	3.737500e-002	
1717	3.615000e-002	
1718	3.675000e-002	
1719	3.710000e-002	
1720	3.737500e-002	
1721	3.947500e-002	
1722	4.082500e-002	
1723	4.025000e-002	
1724	4.100000e-002	
1725	3.982500e-002	
1726	4.040000e-002	
1727	4.030000e-002	
1728	3.992500e-002	
1729	3.882500e-002	
1730	3.815000e-002	
1731	3.740000e-002	
1732	3.712500e-002	
1733	3.657500e-002	
1734	3.615000e-002	
1735	3.580000e-002	
1736	3.695000e-002	
1737	3.860000e-002	
1738	3.897500e-002	
1739	4.110000e-002	
1740	4.092500e-002	
1741	4.035000e-002	
1742	3.867500e-002	
1743	3.917500e-002	
1744	3.872500e-002	
1745	4.025000e-002	
1746	3.935000e-002	
1747	3.882500e-002	
1748	3.845000e-002	
1749	3.875000e-002	
1750	3.857500e-002	
1751	3.907500e-002	
1752	3.885000e-002	
1753	4.082500e-002	
1754	4.125000e-002	
1755	4.080000e-002	
1756	3.952500e-002	
1757	3.830000e-002	
1758	3.870000e-002	
1759	4.087500e-002	
1760	4.087500e-002	
1761	3.977500e-002	
1762	3.895000e-002	
1763	3.877500e-002	
1764	3.747500e-002	
1765	3.822500e-002	
1766	3.890000e-002	
1767	3.905000e-002	
1768	3.770000e-002	
1769	3.562500e-002	
1770	3.357500e-002	
1771	3.580000e-002	
1772	3.792500e-002	
1773	3.970000e-002	
1774	3.887500e-002	
1775	3.985000e-002	
1776	3.930000e-002	
1777	3.912500e-002	
1778	3.972500e-002	
1779	3.937500e-002	
1780	3.937500e-002	
1781	4.102500e-002	
1782	4.007500e-002	
1783	3.665000e-002	
1784	3.740000e-002	
1785	3.757500e-002	
1786	3.820000e-002	
1787	3.865000e-002	
1788	3.872500e-002	
1789	4.005000e-002	
1790	4.065000e-002	
1791	4.255000e-002	
1792	4.282500e-002	
1793	4.250000e-002	
1794	4.297500e-002	
1795	4.107500e-002	
1796	3.912500e-002	
1797	3.637500e-002	
1798	3.582500e-002	
1799	3.652500e-002	
1800	3.555000e-002	
1801	3.607500e-002	
1802	3.705000e-002	
1803	3.950000e-002	
1804	3.817500e-002	
1805	3.740000e-002	
1806	3.782500e-002	
1807	3.942500e-002	
1808	3.850000e-002	
1809	3.762500e-002	
1810	3.912500e-002	
1811	4.137500e-002	
1812	4.000000e-002	
1813	3.952500e-002	
1814	3.977500e-002	
1815	3.882500e-002	
1816	4.000000e-002	
1817	3.897500e-002	
1818	3.932500e-002	
1819	4.150000e-002	
1820	4.112500e-002	
1821	4.160000e-002	
1822	4.030000e-002	
1823	3.965000e-002	
1824	3.940000e-002	
1825	3.802500e-002	
1826	3.767500e-002	
1827	3.705000e-002	
1828	3.665000e-002	
1829	3.590000e-002	
1830	3.690000e-002	
1831	3.940000e-002	
1832	4.135000e-002	
1833	4.260000e-002	
1834	4.332500e-002	
1835	4.272500e-002	
1836	4.272500e-002	
1837	4.162500e-002	
1838	3.957500e-002	
1839	3.882500e-002	
1840	3.955000e-002	
1841	4.032500e-002	
1842	3.955000e-002	
1843	4.015000e-002	
1844	3.915000e-002	
1845	3.540000e-002	
1846	3.545000e-002	
1847	3.500000e-002	
1848	3.780000e-002	
1849	3.930000e-002	
1850	4.032500e-002	
1851	3.742500e-002	
1852	3.715000e-002	
1853	3.605000e-002	
1854	3.692500e-002	
1855	3.702500e-002	
1856	3.812500e-002	
1857	3.965000e-002	
1858	3.872500e-002	
1859	4.042500e-002	
1860	4.185000e-002	
1861	4.245000e-002	
1862	4.307500e-002	
1863	4.320000e-002	
1864	4.025000e-002	
1865	4.050000e-002	
1866	4.090000e-002	
1867	3.855000e-002	
1868	3.610000e-002	
1869	3.520000e-002	
1870	3.517500e-002	
1871	3.467500e-002	
1872	3.557500e-002	
1873	3.780000e-002	
1874	4.075000e-002	
1875	4.162500e-002	
1876	4.165000e-002	
1877	3.975000e-002	
1878	4.092500e-002	
1879	4.282500e-002	
1880	4.287500e-002	
1881	4.240000e-002	
1882	4.227500e-002	
1883	4.197500e-002	
1884	4.042500e-002	
1885	3.835000e-002	
1886	3.907500e-002	
1887	3.770000e-002	
1888	3.675000e-002	
1889	3.680000e-002	
1890	3.690000e-002	
1891	3.652500e-002	
1892	3.777500e-002	
1893	3.617500e-002	
1894	3.655000e-002	
1895	3.802500e-002	
1896	3.960000e-002	
1897	3.895000e-002	
1898	4.022500e-002	
1899	4.085000e-002	
1900	4.207500e-002	
1901	4.167500e-002	
1902	4.202500e-002	
1903	4.145000e-002	
1904	3.995000e-002	
1905	4.017500e-002	
1906	3.742500e-002	
1907	3.845000e-002	
1908	3.827500e-002	
1909	3.850000e-002	
1910	3.982500e-002	
1911	3.742500e-002	
1912	3.645000e-002	
1913	3.530000e-002	
1914	3.705000e-002	
1915	3.687500e-002	
1916	3.717500e-002	
1917	3.835000e-002	
1918	3.795000e-002	
1919	4.002500e-002	
1920	4.007500e-002	
1921	4.107500e-002	
1922	4.105000e-002	
1923	4.110000e-002	
1924	3.917500e-002	
1925	3.930000e-002	
1926	3.822500e-002	
1927	3.805000e-002	
1928	3.727500e-002	
1929	3.965000e-002	
1930	3.905000e-002	
1931	3.977500e-002	
1932	3.915000e-002	
1933	4.002500e-002	
1934	4.060000e-002	
1935	3.980000e-002	
1936	3.850000e-002	
1937	3.962500e-002	
1938	3.980000e-002	
1939	3.965000e-002	
1940	3.897500e-002	
1941	3.710000e-002	
1942	3.747500e-002	
1943	3.697500e-002	
1944	3.807500e-002	
1945	3.912500e-002	
1946	3.842500e-002	
1947	3.990000e-002	
1948	3.992500e-002	
1949	3.890000e-002	
1950	3.840000e-002	
1951	3.780000e-002	
1952	3.860000e-002	
1953	4.060000e-002	
1954	4.110000e-002	
1955	4.055000e-002	
1956	3.890000e-002	
1957	3.920000e-002	
1958	3.805000e-002	
1959	3.877500e-002	
1960	3.945000e-002	
1961	3.557500e-002	
1962	3.602500e-002	
1963	3.740000e-002	
1964	3.977500e-002	
1965	4.145000e-002	
1966	4.120000e-002	
1967	4.097500e-002	
1968	3.797500e-002	
1969	3.675000e-002	
1970	3.582500e-002	
1971	3.652500e-002	
1972	3.690000e-002	
1973	3.635000e-002	
1974	3.642500e-002	
1975	3.770000e-002	
1976	3.885000e-002	
1977	4.115000e-002	
1978	4.077500e-002	
1979	3.990000e-002	
1980	3.917500e-002	
1981	3.745000e-002	
1982	3.817500e-002	
1983	3.882500e-002	
1984	3.960000e-002	
1985	4.010000e-002	
1986	3.975000e-002	
1987	3.950000e-002	
1988	3.847500e-002	
1989	3.900000e-002	
1990	3.925000e-002	
1991	3.937500e-002	
1992	3.910000e-002	
1993	3.865000e-002	
1994	3.972500e-002	
1995	3.922500e-002	
1996	3.815000e-002	
1997	3.827500e-002	
1998	3.855000e-002	
1999	3.720000e-002	
2000	3.742500e-002	
2001	3.917500e-002	
2002	4.037500e-002	
2003	4.047500e-002	
2004	4.140000e-002	
2005	3.970000e-002	
2006	3.997500e-002	
2007	3.920000e-002	
2008	3.857500e-002	
2009	3.835000e-002	
2010	3.807500e-002	
2011	3.882500e-002	
2012	3.737500e-002	
2013	3.795000e-002	
2014	3.760000e-002	
2015	3.847500e-002	
2016	3.910000e-002	
2017	4.182500e-002	
2018	4.125000e-002	
2019	4.097500e-002	
2020	3.945000e-002	
2021	3.857500e-002	
2022	3.760000e-002	
2023	3.742500e-002	
2024	3.997500e-002	
2025	4.105000e-002	
2026	4.325000e-002	
2027	4.197500e-002	
2028	3.985000e-002	
2029	3.990000e-002	
2030	3.917500e-002	
2031	3.810000e-002	
2032	3.640000e-002	
2033	3.737500e-002	
2034	3.945000e-002	
2035	3.972500e-002	
2036	3.797500e-002	
2037	3.635000e-002	
2038	3.677500e-002	
2039	3.872500e-002	
2040	3.905000e-002	
2041	3.907500e-002	
2042	3.915000e-002	
2043	4.007500e-002	
2044	3.907500e-002	
2045	3.860000e-002	
2046	3.865000e-002	
2047	3.810000e-002	
2048	3.767500e-002	
2049	3.832500e-002	
2050	3.895000e-002	
2051	3.940000e-002	
2052	3.842500e-002	
2053	3.917500e-002	
2054	3.870000e-002	
2055	3.957500e-002	
2056	4.002500e-002	
2057	3.760000e-002	
2058	3.935000e-002	
2059	3.922500e-002	
2060	3.905000e-002	
2061	3.932500e-002	
2062	3.865000e-002	
2063	3.905000e-002	
2064	3.927500e-002	
2065	3.835000e-002	
2066	3.707500e-002	
2067	3.877500e-002	
2068	3.845000e-002	
2069	3.687500e-002	
2070	3.765000e-002	
2071	3.995000e-002	
2072	4.212500e-002	
2073	4.500000e-002	
2074	4.327500e-002	
2075	4.390000e-002	
2076	4.002500e-002	
2077	3.990000e-002	
2078	3.987500e-002	
2079	4.072500e-002	
2080	3.815000e-002	
2081	3.795000e-002	
2082	3.727500e-002	
2083	3.595000e-002	
2084	3.612500e-002	
2085	3.625000e-002	
2086	3.697500e-002	
2087	3.647500e-002	
2088	3.630000e-002	
2089	3.740000e-002	
2090	3.927500e-002	
2091	3.862500e-002	
2092	3.852500e-002	
2093	3.970000e-002	
2094	4.080000e-002	
2095	4.060000e-002	
2096	4.135000e-002	
2097	4.085000e-002	
2098	3.967500e-002	
2099	3.772500e-002	
2100	3.855000e-002	
2101	3.665000e-002	
2102	3.595000e-002	
2103	3.520000e-002	
2104	3.522500e-002	
2105	3.532500e-002	
2106	3.470000e-002	
2107	3.480000e-002	
2108	3.765000e-002	
2109	4.035000e-002	
2110	4.137500e-002	
2111	4.185000e-002	
2112	4.350000e-002	
2113	4.025000e-002	
2114	4.202500e-002	
2115	3.995000e-002	
2116	3.957500e-002	
2117	3.765000e-002	
2118	3.732500e-002	
2119	3.715000e-002	
2120	3.715000e-002	
2121	3.680000e-002	
2122	3.637500e-002	
2123	3.812500e-002	
2124	3.867500e-002	
2125	3.910000e-002	
2126	3.972500e-002	
2127	4.087500e-002	
2128	4.110000e-002	
2129	4.272500e-002	
2130	4.177500e-002	
2131	4.225000e-002	
2132	4.100000e-002	
2133	4.147500e-002	
2134	4.177500e-002	
2135	4.035000e-002	
2136	3.927500e-002	
2137	3.792500e-002	
2138	3.750000e-002	
2139	3.445000e-002	
2140	3.577500e-002	
2141	3.450000e-002	
2142	3.555000e-002	
2143	3.615000e-002	
2144	3.870000e-002	
2145	3.847500e-002	
2146	4.185000e-002	
2147	4.107500e-002	
2148	4.080000e-002	
2149	4.225000e-002	
2150	4.385000e-002	
2151	4.242500e-002	
2152	4.175000e-002	
2153	4.240000e-002	
2154	4.172500e-002	
2155	4.082500e-002	
2156	3.957500e-002	
2157	3.892500e-002	
2158	3.620000e-002	
2159	3.625000e-002	
2160	3.602500e-002	
2161	3.685000e-002	
2162	3.647500e-002	
2163	3.760000e-002	
2164	3.847500e-002	
2165	4.067500e-002	
2166	4.117500e-002	
2167	4.280000e-002	
2168	4.160000e-002	
2169	4.222500e-002	
2170	4.152500e-002	
2171	4.247500e-002	
2172	4.050000e-002	
2173	4.102500e-002	
2174	4.210000e-002	
2175	4.120000e-002	
2176	3.935000e-002	
2177	3.897500e-002	
2178	3.715000e-002	
2179	3.632500e-002	
2180	3.587500e-002	
2181	3.640000e-002	
2182	3.670000e-002	
2183	3.740000e-002	
2184	3.717500e-002	
2185	3.830000e-002	
2186	3.920000e-002	
2187	4.002500e-002	
2188	4.140000e-002	
2189	4.152500e-002	
2190	4.212500e-002	
2191	4.297500e-002	
2192	4.430000e-002	
2193	4.362500e-002	
2194	4.142500e-002	
2195	3.955000e-002	
2196	3.742500e-002	
2197	3.507500e-002	
2198	3.535000e-002	
2199	3.570000e-002	
2200	3.635000e-002	
2201	3.670000e-002	
2202	3.667500e-002	
2203	3.805000e-002	
2204	3.797500e-002	
2205	3.910000e-002	
2206	3.865000e-002	
2207	3.942500e-002	
2208	4.187500e-002	
2209	4.317500e-002	
2210	4.107500e-002	
2211	4.025000e-002	
2212	3.897500e-002	
2213	3.930000e-002	
2214	3.747500e-002	
2215	3.510000e-002	
2216	3.282500e-002	
2217	3.345000e-002	
2218	3.335000e-002	
2219	3.510000e-002	
2220	3.627500e-002	
2221	3.817500e-002	
2222	4.015000e-002	
2223	3.965000e-002	
2224	4.035000e-002	
2225	4.100000e-002	
2226	4.200000e-002	
2227	4.257500e-002	
2228	4.237500e-002	
2229	4.312500e-002	
2230	4.265000e-002	
2231	4.087500e-002	
2232	4.145000e-002	
2233	4.107500e-002	
2234	3.920000e-002	
2235	3.887500e-002	
2236	3.625000e-002	
2237	3.545000e-002	
2238	3.550000e-002	
2239	3.435000e-002	
2240	3.717500e-002	
2241	3.847500e-002	
2242	4.177500e-002	
2243	4.375000e-002	
2244	4.397500e-002	
2245	4.257500e-002	
2246	4.217500e-002	
2247	4.117500e-002	
2248	4.032500e-002	
2249	3.830000e-002	
2250	3.642500e-002	
2251	3.512500e-002	
2252	3.567500e-002	
2253	3.512500e-002	
2254	3.405000e-002	
2255	3.482500e-002	
2256	3.615000e-002	
2257	3.657500e-002	
2258	3.975000e-002	
2259	4.207500e-002	
2260	4.465000e-002	
2261	4.395000e-002	
2262	4.432500e-002	
2263	4.517500e-002	
2264	4.287500e-002	
2265	4.180000e-002	
2266	3.920000e-002	
2267	3.722500e-002	
2268	3.715000e-002	
2269	3.597500e-002	
2270	3.645000e-002	
2271	3.765000e-002	
2272	3.982500e-002	
2273	3.947500e-002	
2274	3.847500e-002	
2275	3.832500e-002	
2276	3.877500e-002	
2277	3.957500e-002	
2278	3.967500e-002	
2279	4.005000e-002	
2280	4.147500e-002	
2281	3.942500e-002	
2282	4.130000e-002	
2283	4.105000e-002	
2284	3.980000e-002	
2285	4.072500e-002	
2286	3.927500e-002	
2287	3.942500e-002	
2288	4.010000e-002	
2289	3.917500e-002	
2290	3.870000e-002	
2291	3.807500e-002	
2292	3.807500e-002	
2293	3.687500e-002	
2294	3.935000e-002	
2295	3.927500e-002	
2296	3.845000e-002	
2297	3.917500e-002	
2298	4.027500e-002	
2299	3.990000e-002	
2300	4.025000e-002	
2301	4.127500e-002	
2302	4.117500e-002	
2303	4.030000e-002	
2304	3.695000e-002	
2305	3.597500e-002	
2306	3.437500e-002	
2307	3.532500e-002	
2308	3.547500e-002	
2309	3.707500e-002	
2310	3.962500e-002	
2311	3.962500e-002	
2312	3.977500e-002	
2313	3.987500e-002	
2314	3.895000e-002	
2315	4.022500e-002	
2316	4.125000e-002	
2317	3.900000e-002	
2318	4.005000e-002	
2319	3.937500e-002	
2320	4.170000e-002	
2321	4.187500e-002	
2322	4.187500e-002	
2323	3.865000e-002	
2324	3.902500e-002	
2325	3.897500e-002	
2326	3.637500e-002	
2327	3.465000e-002	
2328	3.455000e-002	
2329	3.315000e-002	
2330	3.430000e-002	
2331	3.605000e-002	
2332	3.725000e-002	
2333	3.937500e-002	
2334	4.092500e-002	
2335	4.260000e-002	
2336	4.165000e-002	
2337	4.140000e-002	
2338	3.940000e-002	
2339	3.882500e-002	
2340	3.915000e-002	
2341	4.025000e-002	
2342	4.075000e-002	
2343	3.905000e-002	
2344	3.810000e-002	
2345	3.677500e-002	
2346	3.785000e-002	
2347	3.990000e-002	
2348	3.707500e-002	
2349	3.730000e-002	
2350	3.730000e-002	
2351	3.760000e-002	
2352	3.855000e-002	
2353	3.925000e-002	
2354	3.940000e-002	
2355	3.830000e-002	
2356	3.760000e-002	
2357	3.837500e-002	
2358	3.950000e-002	
2359	3.985000e-002	
2360	4.057500e-002	
2361	4.055000e-002	
2362	4.022500e-002	
2363	3.992500e-002	
2364	4.100000e-002	
2365	4.000000e-002	
2366	4.020000e-002	
2367	3.902500e-002	
2368	4.082500e-002	
2369	3.970000e-002	
2370	3.952500e-002	
2371	3.857500e-002	
2372	3.635000e-002	
2373	3.690000e-002	
2374	3.657500e-002	
2375	3.710000e-002	
2376	3.850000e-002	
2377	3.707500e-002	
2378	3.690000e-002	
2379	3.890000e-002	
2380	3.862500e-002	
2381	4.102500e-002	
2382	4.247500e-002	
2383	4.205000e-002	
2384	4.145000e-002	
2385	3.962500e-002	
2386	3.952500e-002	
2387	3.620000e-002	
2388	3.597500e-002	
2389	3.547500e-002	
2390	3.515000e-002	
2391	3.637500e-002	
2392	3.910000e-002	
2393	3.907500e-002	
2394	3.762500e-002	
2395	3.767500e-002	
2396	4.022500e-002	
2397	4.137500e-002	
2398	4.012500e-002	
2399	4.140000e-002	
2400	4.115000e-002	
2401	3.955000e-002	
2402	3.795000e-002	
2403	3.840000e-002	
2404	3.785000e-002	
2405	3.682500e-002	
2406	3.472500e-002	
2407	3.390000e-002	
2408	3.427500e-002	
2409	3.690000e-002	
2410	3.810000e-002	
2411	4.012500e-002	
2412	4.265000e-002	
2413	4.490000e-002	
2414	4.455000e-002	
2415	4.360000e-002	
2416	4.347500e-002	
2417	4.190000e-002	
2418	4.257500e-002	
2419	4.167500e-002	
2420	3.995000e-002	
2421	3.835000e-002	
2422	3.517500e-002	
2423	3.390000e-002	
2424	3.480000e-002	
2425	3.375000e-002	
2426	3.285000e-002	
2427	3.332500e-002	
2428	3.582500e-002	
2429	3.760000e-002	
2430	4.057500e-002	
2431	4.135000e-002	
2432	4.217500e-002	
2433	4.210000e-002	
2434	4.245000e-002	
2435	4.100000e-002	
2436	4.080000e-002	
2437	4.080000e-002	
2438	4.027500e-002	
2439	4.042500e-002	
2440	3.772500e-002	
2441	3.697500e-002	
2442	3.830000e-002	
2443	3.837500e-002	
2444	3.865000e-002	
2445	3.892500e-002	
2446	3.942500e-002	
2447	3.905000e-002	
2448	4.045000e-002	
2449	4.092500e-002	
2450	4.030000e-002	
2451	3.890000e-002	
2452	3.855000e-002	
2453	3.775000e-002	
2454	3.842500e-002	
2455	3.965000e-002	
2456	3.705000e-002	
2457	3.702500e-002	
2458	3.767500e-002	
2459	3.920000e-002	
2460	3.927500e-002	
2461	4.037500e-002	
2462	4.117500e-002	
2463	4.200000e-002	
2464	4.172500e-002	
2465	4.002500e-002	
2466	4.115000e-002	
2467	3.832500e-002	
2468	3.725000e-002	
2469	3.772500e-002	
2470	3.882500e-002	
2471	3.775000e-002	
2472	3.812500e-002	
2473	3.740000e-002	
2474	3.757500e-002	
2475	3.702500e-002	
2476	3.785000e-002	
2477	3.750000e-002	
2478	3.712500e-002	
2479	3.687500e-002	
2480	3.727500e-002	
2481	3.772500e-002	
2482	3.810000e-002	
2483	4.080000e-002	
2484	4.267500e-002	
2485	4.350000e-002	
2486	4.370000e-002	
2487	4.240000e-002	
2488	4.152500e-002	
2489	3.800000e-002	
2490	3.940000e-002	
2491	3.800000e-002	
2492	3.792500e-002	
2493	3.740000e-002	
2494	3.682500e-002	
2495	3.837500e-002	
2496	4.015000e-002	
2497	4.057500e-002	
2498	4.020000e-002	
2499	3.905000e-002	
2500	3.955000e-002	
2501	4.107500e-002	
2502	4.037500e-002	
2503	4.090000e-002	
2504	3.942500e-002	
2505	3.760000e-002	
2506	3.912500e-002	
2507	3.952500e-002	
2508	3.867500e-002	
2509	3.887500e-002	
2510	3.825000e-002	
2511	3.870000e-002	
2512	3.662500e-002	
2513	3.892500e-002	
2514	3.922500e-002	
2515	4.167500e-002	
2516	4.157500e-002	
2517	4.070000e-002	
2518	4.077500e-002	
2519	4.115000e-002	
2520	4.212500e-002	
2521	4.147500e-002	
2522	3.885000e-002	
2523	3.807500e-002	
2524	3.782500e-002	
2525	3.795000e-002	
2526	3.820000e-002	
2527	3.815000e-002	
2528	3.712500e-002	
2529	3.840000e-002	
2530	3.847500e-002	
2531	3.965000e-002	
2532	3.822500e-002	
2533	3.900000e-002	
2534	3.922500e-002	
2535	3.967500e-002	
2536	4.095000e-002	
2537	4.162500e-002	
2538	4.037500e-002	
2539	4.162500e-002	
2540	4.127500e-002	
2541	4.115000e-002	
2542	4.070000e-002	
2543	4.157500e-002	
2544	4.195000e-002	
2545	4.070000e-002	
2546	3.837500e-002	
2547	3.545000e-002	
2548	3.670000e-002	
2549	3.835000e-002	
2550	4.040000e-002	
2551	4.127500e-002	
2552	4.022500e-002	
2553	3.905000e-002	
2554	3.782500e-002	
2555	3.830000e-002	
2556	3.747500e-002	
2557	3.857500e-002	
2558	3.957500e-002	
2559	3.930000e-002	
2560	3.825000e-002	
2561	3.790000e-002	
2562	3.792500e-002	
2563	3.842500e-002	
2564	3.617500e-002	
2565	3.717500e-002	
2566	3.845000e-002	
2567	3.745000e-002	
2568	3.887500e-002	
2569	4.062500e-002	
2570	4.042500e-002	
2571	4.102500e-002	
2572	4.120000e-002	
2573	4.115000e-002	
2574	4.147500e-002	
2575	3.872500e-002	
2576	3.820000e-002	
2577	3.742500e-002	
2578	3.630000e-002	
2579	3.682500e-002	
2580	3.550000e-002	
2581	3.875000e-002	
2582	3.742500e-002	
2583	4.060000e-002	
2584	4.157500e-002	
2585	4.090000e-002	
2586	3.827500e-002	
2587	4.017500e-002	
2588	4.127500e-002	
2589	4.232500e-002	
2590	4.237500e-002	
2591	4.135000e-002	
2592	4.062500e-002	
2593	3.627500e-002	
2594	3.740000e-002	
2595	3.727500e-002	
2596	3.660000e-002	
2597	3.602500e-002	
2598	3.655000e-002	
2599	3.720000e-002	
2600	3.802500e-002	
2601	3.695000e-002	
2602	3.660000e-002	
2603	3.647500e-002	
2604	3.685000e-002	
2605	3.867500e-002	
2606	4.025000e-002	
2607	4.130000e-002	
2608	4.360000e-002	
2609	4.362500e-002	
2610	4.420000e-002	
2611	4.472500e-002	
2612	4.385000e-002	
2613	4.195000e-002	
2614	3.885000e-002	
2615	3.690000e-002	
2616	3.600000e-002	
2617	3.560000e-002	
2618	3.462500e-002	
2619	3.517500e-002	
2620	3.432500e-002	
2621	3.485000e-002	
2622	3.710000e-002	
2623	3.947500e-002	
2624	3.877500e-002	
2625	4.110000e-002	
2626	4.205000e-002	
2627	4.135000e-002	
2628	4.175000e-002	
2629	4.160000e-002	
2630	4.050000e-002	
2631	4.095000e-002	
2632	3.982500e-002	
2633	3.787500e-002	
2634	3.730000e-002	
2635	3.637500e-002	
2636	3.680000e-002	
2637	3.520000e-002	
2638	3.572500e-002	
2639	3.740000e-002	
2640	3.715000e-002	
2641	3.830000e-002	
2642	3.862500e-002	
2643	4.050000e-002	
2644	4.127500e-002	
2645	4.317500e-002	
2646	4.147500e-002	
2647	4.267500e-002	
2648	4.332500e-002	
2649	4.125000e-002	
2650	3.765000e-002	
2651	3.585000e-002	
2652	3.600000e-002	
2653	3.532500e-002	
2654	3.595000e-002	
2655	3.580000e-002	
2656	3.635000e-002	
2657	3.527500e-002	
2658	3.637500e-002	
2659	3.805000e-002	
2660	3.797500e-002	
2661	3.930000e-002	
2662	4.072500e-002	
2663	4.025000e-002	
2664	4.180000e-002	
2665	4.107500e-002	
2666	4.200000e-002	
2667	3.990000e-002	
2668	3.930000e-002	
2669	3.892500e-002	
2670	3.880000e-002	
2671	3.912500e-002	
2672	4.005000e-002	
2673	3.935000e-002	
2674	4.022500e-002	
2675	3.925000e-002	
2676	3.850000e-002	
2677	3.885000e-002	
2678	3.885000e-002	
2679	3.985000e-002	
2680	4.042500e-002	
2681	3.930000e-002	
2682	3.872500e-002	
2683	3.987500e-002	
2684	3.977500e-002	
2685	4.147500e-002	
2686	4.005000e-002	
2687	4.077500e-002	
2688	3.955000e-002	
2689	3.697500e-002	
2690	3.695000e-002	
2691	3.740000e-002	
2692	3.792500e-002	
2693	3.797500e-002	
2694	3.825000e-002	
2695	3.947500e-002	
2696	3.962500e-002	
2697	4.025000e-002	
2698	3.950000e-002	
2699	4.040000e-002	
2700	4.170000e-002	
2701	4.025000e-002	
2702	3.987500e-002	
2703	4.192500e-002	
2704	4.160000e-002	
2705	4.120000e-002	
2706	4.072500e-002	
2707	3.927500e-002	
2708	4.012500e-002	
2709	4.010000e-002	
2710	4.012500e-002	
2711	3.727500e-002	
2712	3.735000e-002	
2713	3.685000e-002	
2714	3.860000e-002	
2715	3.730000e-002	
2716	3.695000e-002	
2717	3.775000e-002	
2718	3.960000e-002	
2719	3.942500e-002	
2720	4.015000e-002	
2721	4.012500e-002	
2722	3.957500e-002	
2723	4.032500e-002	
2724	3.925000e-002	
2725	3.882500e-002	
2726	3.875000e-002	
2727	3.822500e-002	
2728	3.997500e-002	
2729	4.025000e-002	
2730	3.962500e-002	
2731	3.932500e-002	
2732	4.012500e-002	
2733	4.077500e-002	
2734	3.985000e-002	
2735	4.037500e-002	
2736	4.005000e-002	
2737	4.155000e-002	
2738	4.047500e-002	
2739	4.085000e-002	
2740	4.037500e-002	
2741	4.027500e-002	
2742	3.760000e-002	
2743	3.580000e-002	
2744	3.535000e-002	
2745	3.547500e-002	
2746	3.635000e-002	
2747	3.705000e-002	
2748	3.600000e-002	
2749	3.615000e-002	
2750	3.737500e-002	
2751	3.887500e-002	
2752	4.005000e-002	
2753	4.290000e-002	
2754	4.367500e-002	
2755	4.560000e-002	
2756	4.520000e-002	
2757	4.262500e-002	
2758	3.812500e-002	
2759	3.795000e-002	
2760	3.500000e-002	
2761	3.382500e-002	
2762	3.372500e-002	
2763	3.502500e-002	
2764	3.815000e-002	
2765	3.797500e-002	
2766	4.007500e-002	
2767	3.985000e-002	
2768	4.060000e-002	
2769	3.990000e-002	
2770	4.030000e-002	
2771	4.120000e-002	
2772	4.260000e-002	
2773	4.217500e-002	
2774	4.302500e-002	
2775	4.275000e-002	
2776	4.205000e-002	
2777	4.077500e-002	
2778	3.937500e-002	
2779	3.872500e-002	
2780	3.737500e-002	
2781	3.715000e-002	
2782	3.575000e-002	
2783	3.565000e-002	
2784	3.570000e-002	
2785	3.535000e-002	
2786	3.692500e-002	
2787	3.667500e-002	
2788	3.987500e-002	
2789	4.110000e-002	
2790	4.027500e-002	
2791	4.172500e-002	
2792	4.312500e-002	
2793	4.445000e-002	
2794	4.402500e-002	
2795	4.307500e-002	
2796	4.197500e-002	
2797	3.977500e-002	
2798	3.905000e-002	
2799	3.785000e-002	
2800	3.412500e-002	
2801	3.390000e-002	
2802	3.422500e-002	
2803	3.517500e-002	
2804	3.692500e-002	
2805	3.822500e-002	
2806	3.805000e-002	
2807	3.882500e-002	
2808	4.052500e-002	
2809	4.067500e-002	
2810	4.157500e-002	
2811	4.312500e-002	
2812	4.225000e-002	
2813	4.000000e-002	
2814	3.927500e-002	
2815	3.872500e-002	
2816	3.855000e-002	
2817	3.545000e-002	
2818	3.705000e-002	
2819	3.535000e-002	
2820	3.655000e-002	
2821	3.565000e-002	
2822	3.610000e-002	
2823	3.737500e-002	
2824	3.855000e-002	
2825	3.882500e-002	
2826	3.955000e-002	
2827	4.117500e-002	
2828	4.215000e-002	
2829	4.315000e-002	
2830	4.207500e-002	
2831	4.035000e-002	
2832	4.180000e-002	
2833	4.222500e-002	
2834	3.905000e-002	
2835	3.955000e-002	
2836	3.840000e-002	
2837	3.900000e-002	
2838	3.757500e-002	
2839	3.695000e-002	
2840	3.500000e-002	
2841	3.575000e-002	
2842	3.700000e-002	
2843	3.725000e-002	
2844	3.720000e-002	
2845	3.802500e-002	
2846	3.765000e-002	
2847	3.947500e-002	
2848	4.042500e-002	
2849	4.222500e-002	
2850	4.240000e-002	
2851	4.205000e-002	
2852	4.090000e-002	
2853	3.895000e-002	
2854	3.980000e-002	
2855	3.857500e-002	
2856	3.930000e-002	
2857	4.142500e-002	
2858	4.215000e-002	
2859	4.270000e-002	
2860	4.175000e-002	
2861	3.982500e-002	
2862	3.777500e-002	
2863	3.665000e-002	
2864	3.470000e-002	
2865	3.630000e-002	
2866	3.620000e-002	
2867	3.630000e-002	
2868	3.542500e-002	
2869	3.482500e-002	
2870	3.555000e-002	
2871	3.525000e-002	
2872	3.580000e-002	
2873	3.650000e-002	
2874	3.925000e-002	
2875	4.047500e-002	
2876	4.137500e-002	
2877	4.187500e-002	
2878	4.217500e-002	
2879	4.260000e-002	
2880	4.162500e-002	
2881	4.012500e-002	
2882	3.810000e-002	
2883	3.847500e-002	
2884	3.747500e-002	
2885	3.795000e-002	
2886	3.797500e-002	
2887	3.915000e-002	
2888	3.877500e-002	
2889	3.782500e-002	
2890	3.822500e-002	
2891	4.147500e-002	
2892	4.015000e-002	
2893	3.967500e-002	
2894	3.890000e-002	
2895	3.882500e-002	
2896	3.722500e-002	
2897	3.600000e-002	
2898	3.582500e-002	
2899	3.655000e-002	
2900	3.770000e-002	
2901	3.782500e-002	
2902	3.895000e-002	
2903	3.890000e-002	
2904	3.892500e-002	
2905	3.957500e-002	
2906	4.130000e-002	
2907	4.125000e-002	
2908	4.060000e-002	
2909	4.060000e-002	
2910	4.052500e-002	
2911	4.135000e-002	
2912	3.887500e-002	
2913	3.982500e-002	
2914	3.977500e-002	
2915	3.900000e-002	
2916	3.777500e-002	
2917	3.697500e-002	
2918	3.970000e-002	
2919	4.025000e-002	
2920	3.882500e-002	
2921	3.930000e-002	
2922	4.015000e-002	
2923	4.210000e-002	
2924	4.157500e-002	
2925	4.202500e-002	
2926	4.275000e-002	
2927	4.287500e-002	
2928	4.285000e-002	
2929	4.220000e-002	
2930	3.942500e-002	
2931	3.875000e-002	
2932	3.797500e-002	
2933	3.610000e-002	
2934	3.550000e-002	
2935	3.500000e-002	
2936	3.590000e-002	
2937	3.665000e-002	
2938	3.635000e-002	
2939	3.890000e-002	
2940	3.835000e-002	
2941	3.892500e-002	
2942	3.912500e-002	
2943	3.990000e-002	
2944	4.200000e-002	
2945	4.235000e-002	
2946	4.265000e-002	
2947	4.207500e-002	
2948	3.907500e-002	
2949	4.052500e-002	
2950	4.117500e-002	
2951	3.972500e-002	
2952	3.917500e-002	
2953	3.742500e-002	
2954	3.632500e-002	
2955	3.672500e-002	
2956	3.792500e-002	
2957	3.910000e-002	
2958	3.747500e-002	
2959	3.775000e-002	
2960	3.905000e-002	
2961	3.980000e-002	
2962	3.910000e-002	
2963	3.955000e-002	
2964	4.025000e-002	
2965	4.160000e-002	
2966	4.187500e-002	
2967	4.137500e-002	
2968	4.090000e-002	
2969	4.020000e-002	
2970	3.972500e-002	
2971	3.867500e-002	
2972	3.847500e-002	
2973	3.900000e-002	
2974	3.915000e-002	
2975	3.920000e-002	
2976	3.795000e-002	
2977	3.722500e-002	
2978	3.820000e-002	
2979	3.802500e-002	
2980	3.950000e-002	
2981	3.842500e-002	
2982	3.762500e-002	
2983	3.805000e-002	
2984	3.815000e-002	
2985	4.000000e-002	
2986	4.010000e-002	
2987	4.077500e-002	
2988	4.197500e-002	
2989	4.095000e-002	
2990	3.935000e-002	
2991	3.875000e-002	
2992	3.895000e-002	
2993	3.780000e-002	
2994	3.550000e-002	
2995	3.622500e-002	
2996	3.732500e-002	
2997	3.887500e-002	
2998	3.952500e-002	
2999	3.990000e-002	
3000	3.865000e-002	
3001	3.970000e-002	
