1	0	
2	2.500000e-005	
3	1.000000e-004	
4	3.750000e-004	
5	6.000000e-004	
6	1.075000e-003	
7	1.575000e-003	
8	2.350000e-003	
9	3.025000e-003	
10	4.175000e-003	
11	5.925000e-003	
12	8.175000e-003	
13	1.065000e-002	
14	1.262500e-002	
15	1.460000e-002	
16	1.757500e-002	
17	1.995000e-002	
18	2.217500e-002	
19	2.325000e-002	
20	2.495000e-002	
21	2.762500e-002	
22	2.875000e-002	
23	2.972500e-002	
24	3.047500e-002	
25	3.157500e-002	
26	3.365000e-002	
27	3.457500e-002	
28	3.532500e-002	
29	3.572500e-002	
30	3.502500e-002	
31	3.310000e-002	
32	3.425000e-002	
33	3.295000e-002	
34	3.210000e-002	
35	3.185000e-002	
36	2.825000e-002	
37	2.625000e-002	
38	2.622500e-002	
39	2.167500e-002	
40	1.975000e-002	
41	1.982500e-002	
42	1.942500e-002	
43	1.907500e-002	
44	1.905000e-002	
45	1.952500e-002	
46	2.060000e-002	
47	2.017500e-002	
48	2.060000e-002	
49	2.235000e-002	
50	2.137500e-002	
51	2.285000e-002	
52	2.322500e-002	
53	2.465000e-002	
54	2.580000e-002	
55	2.577500e-002	
56	2.725000e-002	
57	2.725000e-002	
58	2.880000e-002	
59	2.932500e-002	
60	2.947500e-002	
61	2.895000e-002	
62	3.105000e-002	
63	3.187500e-002	
64	3.405000e-002	
65	3.347500e-002	
66	3.280000e-002	
67	3.082500e-002	
68	3.022500e-002	
69	2.982500e-002	
70	2.827500e-002	
71	2.780000e-002	
72	2.897500e-002	
73	2.962500e-002	
74	3.037500e-002	
75	2.815000e-002	
76	2.645000e-002	
77	2.647500e-002	
78	2.567500e-002	
79	2.497500e-002	
80	2.542500e-002	
81	2.580000e-002	
82	2.540000e-002	
83	2.702500e-002	
84	2.662500e-002	
85	2.757500e-002	
86	2.730000e-002	
87	2.910000e-002	
88	2.977500e-002	
89	2.857500e-002	
90	2.890000e-002	
91	2.822500e-002	
92	2.795000e-002	
93	2.660000e-002	
94	2.647500e-002	
95	2.665000e-002	
96	2.720000e-002	
97	2.815000e-002	
98	2.945000e-002	
99	3.017500e-002	
100	2.997500e-002	
101	3.140000e-002	
102	3.147500e-002	
103	3.005000e-002	
104	3.047500e-002	
105	2.895000e-002	
106	2.940000e-002	
107	2.917500e-002	
108	2.815000e-002	
109	2.820000e-002	
110	2.630000e-002	
111	2.672500e-002	
112	2.762500e-002	
113	2.787500e-002	
114	2.797500e-002	
115	2.727500e-002	
116	2.817500e-002	
117	3.020000e-002	
118	2.945000e-002	
119	3.030000e-002	
120	2.830000e-002	
121	2.725000e-002	
122	2.742500e-002	
123	2.750000e-002	
124	2.747500e-002	
125	2.787500e-002	
126	2.710000e-002	
127	2.702500e-002	
128	2.727500e-002	
129	2.720000e-002	
130	2.900000e-002	
131	2.780000e-002	
132	2.755000e-002	
133	2.737500e-002	
134	2.785000e-002	
135	2.702500e-002	
136	2.805000e-002	
137	2.685000e-002	
138	2.715000e-002	
139	2.795000e-002	
140	2.765000e-002	
141	2.740000e-002	
142	2.927500e-002	
143	2.977500e-002	
144	3.005000e-002	
145	3.020000e-002	
146	2.935000e-002	
147	2.930000e-002	
148	2.997500e-002	
149	3.102500e-002	
150	3.065000e-002	
151	3.072500e-002	
152	3.055000e-002	
153	3.130000e-002	
154	3.075000e-002	
155	2.990000e-002	
156	2.685000e-002	
157	2.617500e-002	
158	2.670000e-002	
159	2.670000e-002	
160	2.582500e-002	
161	2.767500e-002	
162	2.732500e-002	
163	2.792500e-002	
164	2.710000e-002	
165	2.697500e-002	
166	2.782500e-002	
167	2.787500e-002	
168	2.840000e-002	
169	3.007500e-002	
170	3.082500e-002	
171	3.165000e-002	
172	3.052500e-002	
173	2.935000e-002	
174	2.932500e-002	
175	2.940000e-002	
176	2.945000e-002	
177	2.885000e-002	
178	2.855000e-002	
179	2.795000e-002	
180	2.725000e-002	
181	2.675000e-002	
182	2.620000e-002	
183	2.450000e-002	
184	2.552500e-002	
185	2.670000e-002	
186	2.742500e-002	
187	2.717500e-002	
188	2.780000e-002	
189	2.985000e-002	
190	2.950000e-002	
191	3.027500e-002	
192	3.065000e-002	
193	2.975000e-002	
194	2.975000e-002	
195	3.125000e-002	
196	3.080000e-002	
197	2.852500e-002	
198	2.715000e-002	
199	2.690000e-002	
200	2.475000e-002	
201	2.482500e-002	
202	2.440000e-002	
203	2.410000e-002	
204	2.507500e-002	
205	2.685000e-002	
206	2.740000e-002	
207	2.662500e-002	
208	2.580000e-002	
209	2.580000e-002	
210	2.652500e-002	
211	2.557500e-002	
212	2.580000e-002	
213	2.580000e-002	
214	2.565000e-002	
215	2.602500e-002	
216	2.685000e-002	
217	2.807500e-002	
218	2.800000e-002	
219	2.987500e-002	
220	2.952500e-002	
221	2.927500e-002	
222	2.885000e-002	
223	3.017500e-002	
224	3.157500e-002	
225	3.227500e-002	
226	3.055000e-002	
227	3.010000e-002	
228	3.135000e-002	
229	2.992500e-002	
230	2.897500e-002	
231	2.822500e-002	
232	2.637500e-002	
233	2.607500e-002	
234	2.535000e-002	
235	2.787500e-002	
236	2.742500e-002	
237	2.750000e-002	
238	2.720000e-002	
239	2.855000e-002	
240	2.672500e-002	
241	2.732500e-002	
242	2.827500e-002	
243	2.732500e-002	
244	2.775000e-002	
245	2.867500e-002	
246	2.935000e-002	
247	2.987500e-002	
248	3.027500e-002	
249	2.972500e-002	
250	2.885000e-002	
251	2.922500e-002	
252	3.055000e-002	
253	3.075000e-002	
254	3.117500e-002	
255	3.057500e-002	
256	2.915000e-002	
257	2.935000e-002	
258	2.920000e-002	
259	2.870000e-002	
260	2.750000e-002	
261	2.652500e-002	
262	2.590000e-002	
263	2.712500e-002	
264	2.780000e-002	
265	2.787500e-002	
266	2.777500e-002	
267	2.832500e-002	
268	2.905000e-002	
269	3.062500e-002	
270	3.052500e-002	
271	3.072500e-002	
272	3.080000e-002	
273	2.945000e-002	
274	3.050000e-002	
275	2.947500e-002	
276	2.797500e-002	
277	2.765000e-002	
278	2.962500e-002	
279	2.852500e-002	
280	2.867500e-002	
281	2.705000e-002	
282	2.545000e-002	
283	2.532500e-002	
284	2.592500e-002	
285	2.627500e-002	
286	2.620000e-002	
287	2.700000e-002	
288	2.945000e-002	
289	2.982500e-002	
290	2.852500e-002	
291	2.852500e-002	
292	3.002500e-002	
293	2.865000e-002	
294	3.010000e-002	
295	3.015000e-002	
296	2.852500e-002	
297	3.055000e-002	
298	3.100000e-002	
299	2.927500e-002	
300	2.982500e-002	
301	2.992500e-002	
302	3.042500e-002	
303	2.840000e-002	
304	2.727500e-002	
305	2.710000e-002	
306	2.832500e-002	
307	2.672500e-002	
308	2.680000e-002	
309	2.697500e-002	
310	2.750000e-002	
311	2.627500e-002	
312	2.585000e-002	
313	2.667500e-002	
314	2.897500e-002	
315	2.920000e-002	
316	2.855000e-002	
317	2.827500e-002	
318	2.895000e-002	
319	2.855000e-002	
320	2.957500e-002	
321	3.040000e-002	
322	2.902500e-002	
323	2.827500e-002	
324	2.750000e-002	
325	2.802500e-002	
326	2.852500e-002	
327	2.747500e-002	
328	2.797500e-002	
329	2.862500e-002	
330	2.775000e-002	
331	2.685000e-002	
332	2.705000e-002	
333	2.772500e-002	
334	2.762500e-002	
335	2.827500e-002	
336	3.017500e-002	
337	3.107500e-002	
338	2.990000e-002	
339	2.855000e-002	
340	2.885000e-002	
341	2.925000e-002	
342	3.032500e-002	
343	3.120000e-002	
344	3.060000e-002	
345	3.080000e-002	
346	2.877500e-002	
347	2.850000e-002	
348	2.582500e-002	
349	2.625000e-002	
350	2.570000e-002	
351	2.692500e-002	
352	2.795000e-002	
353	2.797500e-002	
354	2.832500e-002	
355	2.725000e-002	
356	2.707500e-002	
357	2.697500e-002	
358	2.652500e-002	
359	2.710000e-002	
360	2.547500e-002	
361	2.615000e-002	
362	2.677500e-002	
363	2.680000e-002	
364	2.642500e-002	
365	2.645000e-002	
366	2.642500e-002	
367	2.785000e-002	
368	2.877500e-002	
369	3.015000e-002	
370	2.902500e-002	
371	3.105000e-002	
372	3.267500e-002	
373	3.210000e-002	
374	3.120000e-002	
375	2.892500e-002	
376	2.927500e-002	
377	2.852500e-002	
378	2.955000e-002	
379	2.830000e-002	
380	2.700000e-002	
381	2.752500e-002	
382	2.785000e-002	
383	2.787500e-002	
384	2.787500e-002	
385	2.827500e-002	
386	2.642500e-002	
387	2.855000e-002	
388	2.775000e-002	
389	2.810000e-002	
390	2.625000e-002	
391	2.550000e-002	
392	2.645000e-002	
393	2.657500e-002	
394	2.740000e-002	
395	2.947500e-002	
396	2.937500e-002	
397	2.940000e-002	
398	2.950000e-002	
399	3.075000e-002	
400	3.215000e-002	
401	3.125000e-002	
402	3.040000e-002	
403	3.027500e-002	
404	2.815000e-002	
405	2.765000e-002	
406	2.780000e-002	
407	2.742500e-002	
408	2.675000e-002	
409	2.702500e-002	
410	2.595000e-002	
411	2.545000e-002	
412	2.450000e-002	
413	2.402500e-002	
414	2.417500e-002	
415	2.387500e-002	
416	2.455000e-002	
417	2.482500e-002	
418	2.610000e-002	
419	2.702500e-002	
420	2.755000e-002	
421	2.812500e-002	
422	2.850000e-002	
423	3.040000e-002	
424	3.172500e-002	
425	3.240000e-002	
426	3.282500e-002	
427	3.312500e-002	
428	3.272500e-002	
429	3.105000e-002	
430	3.077500e-002	
431	3.067500e-002	
432	2.887500e-002	
433	2.872500e-002	
434	2.682500e-002	
435	2.550000e-002	
436	2.490000e-002	
437	2.467500e-002	
438	2.482500e-002	
439	2.425000e-002	
440	2.362500e-002	
441	2.432500e-002	
442	2.422500e-002	
443	2.480000e-002	
444	2.520000e-002	
445	2.620000e-002	
446	2.800000e-002	
447	2.992500e-002	
448	3.210000e-002	
449	3.260000e-002	
450	3.295000e-002	
451	3.427500e-002	
452	3.282500e-002	
453	3.087500e-002	
454	3.080000e-002	
455	2.972500e-002	
456	2.972500e-002	
457	3.060000e-002	
458	2.982500e-002	
459	2.832500e-002	
460	2.705000e-002	
461	2.582500e-002	
462	2.610000e-002	
463	2.660000e-002	
464	2.695000e-002	
465	2.540000e-002	
466	2.622500e-002	
467	2.595000e-002	
468	2.515000e-002	
469	2.495000e-002	
470	2.602500e-002	
471	2.667500e-002	
472	2.750000e-002	
473	2.892500e-002	
474	2.810000e-002	
475	2.952500e-002	
476	3.025000e-002	
477	3.085000e-002	
478	2.945000e-002	
479	2.847500e-002	
480	2.752500e-002	
481	2.735000e-002	
482	2.707500e-002	
483	2.675000e-002	
484	2.810000e-002	
485	2.790000e-002	
486	2.812500e-002	
487	2.925000e-002	
488	2.752500e-002	
489	2.847500e-002	
490	2.797500e-002	
491	2.800000e-002	
492	2.797500e-002	
493	2.772500e-002	
494	2.945000e-002	
495	2.932500e-002	
496	2.847500e-002	
497	2.940000e-002	
498	3.080000e-002	
499	3.110000e-002	
500	2.955000e-002	
501	2.880000e-002	
502	2.752500e-002	
503	2.642500e-002	
504	2.605000e-002	
505	2.682500e-002	
506	2.677500e-002	
507	2.737500e-002	
508	2.720000e-002	
509	2.730000e-002	
510	2.657500e-002	
511	2.560000e-002	
512	2.715000e-002	
513	2.707500e-002	
514	2.680000e-002	
515	2.680000e-002	
516	2.687500e-002	
517	2.805000e-002	
518	2.930000e-002	
519	3.032500e-002	
520	3.122500e-002	
521	3.122500e-002	
522	3.255000e-002	
523	2.985000e-002	
524	2.932500e-002	
525	3.082500e-002	
526	3.117500e-002	
527	3.085000e-002	
528	3.017500e-002	
529	2.950000e-002	
530	3.200000e-002	
531	3.045000e-002	
532	3.112500e-002	
533	3.092500e-002	
534	2.955000e-002	
535	2.930000e-002	
536	2.765000e-002	
537	2.600000e-002	
538	2.575000e-002	
539	2.582500e-002	
540	2.590000e-002	
541	2.632500e-002	
542	2.575000e-002	
543	2.522500e-002	
544	2.502500e-002	
545	2.400000e-002	
546	2.375000e-002	
547	2.487500e-002	
548	2.587500e-002	
549	2.587500e-002	
550	2.665000e-002	
551	2.855000e-002	
552	2.920000e-002	
553	3.020000e-002	
554	3.107500e-002	
555	2.995000e-002	
556	2.877500e-002	
557	2.840000e-002	
558	2.715000e-002	
559	2.692500e-002	
560	2.860000e-002	
561	2.947500e-002	
562	2.982500e-002	
563	2.892500e-002	
564	2.857500e-002	
565	2.947500e-002	
566	3.047500e-002	
567	3.077500e-002	
568	3.150000e-002	
569	3.115000e-002	
570	3.092500e-002	
571	2.775000e-002	
572	2.805000e-002	
573	2.890000e-002	
574	2.885000e-002	
575	2.912500e-002	
576	2.762500e-002	
577	2.757500e-002	
578	2.787500e-002	
579	2.850000e-002	
580	2.822500e-002	
581	2.775000e-002	
582	2.672500e-002	
583	2.595000e-002	
584	2.727500e-002	
585	2.675000e-002	
586	2.615000e-002	
587	2.570000e-002	
588	2.497500e-002	
589	2.462500e-002	
590	2.582500e-002	
591	2.592500e-002	
592	2.767500e-002	
593	2.750000e-002	
594	2.805000e-002	
595	2.905000e-002	
596	2.940000e-002	
597	3.017500e-002	
598	3.087500e-002	
599	3.312500e-002	
600	3.280000e-002	
601	3.190000e-002	
602	3.237500e-002	
603	3.095000e-002	
604	3.082500e-002	
605	2.945000e-002	
606	2.925000e-002	
607	2.875000e-002	
608	2.762500e-002	
609	2.617500e-002	
610	2.567500e-002	
611	2.367500e-002	
612	2.352500e-002	
613	2.365000e-002	
614	2.532500e-002	
615	2.410000e-002	
616	2.520000e-002	
617	2.602500e-002	
618	2.720000e-002	
619	3.082500e-002	
620	3.205000e-002	
621	3.217500e-002	
622	3.205000e-002	
623	3.395000e-002	
624	3.280000e-002	
625	3.072500e-002	
626	2.972500e-002	
627	2.932500e-002	
628	2.862500e-002	
629	2.737500e-002	
630	2.707500e-002	
631	2.712500e-002	
632	2.725000e-002	
633	2.710000e-002	
634	2.592500e-002	
635	2.427500e-002	
636	2.370000e-002	
637	2.402500e-002	
638	2.440000e-002	
639	2.632500e-002	
640	2.840000e-002	
641	2.862500e-002	
642	3.040000e-002	
643	3.025000e-002	
644	3.230000e-002	
645	3.175000e-002	
646	3.232500e-002	
647	3.220000e-002	
648	3.162500e-002	
649	2.925000e-002	
650	3.035000e-002	
651	2.907500e-002	
652	2.867500e-002	
653	2.607500e-002	
654	2.530000e-002	
655	2.505000e-002	
656	2.482500e-002	
657	2.390000e-002	
658	2.357500e-002	
659	2.407500e-002	
660	2.402500e-002	
661	2.487500e-002	
662	2.515000e-002	
663	2.670000e-002	
664	2.780000e-002	
665	2.842500e-002	
666	3.042500e-002	
667	3.097500e-002	
668	3.145000e-002	
669	3.190000e-002	
670	3.330000e-002	
671	3.355000e-002	
672	3.250000e-002	
673	3.182500e-002	
674	3.125000e-002	
675	2.927500e-002	
676	2.862500e-002	
677	2.782500e-002	
678	2.647500e-002	
679	2.572500e-002	
680	2.630000e-002	
681	2.512500e-002	
682	2.432500e-002	
683	2.337500e-002	
684	2.375000e-002	
685	2.357500e-002	
686	2.537500e-002	
687	2.572500e-002	
688	2.720000e-002	
689	2.942500e-002	
690	3.012500e-002	
691	3.160000e-002	
692	3.125000e-002	
693	3.300000e-002	
694	3.262500e-002	
695	3.102500e-002	
696	3.005000e-002	
697	2.805000e-002	
698	2.860000e-002	
699	3.030000e-002	
700	3.095000e-002	
701	3.057500e-002	
702	2.920000e-002	
703	2.755000e-002	
704	2.685000e-002	
705	2.707500e-002	
706	2.600000e-002	
707	2.375000e-002	
708	2.482500e-002	
709	2.542500e-002	
710	2.662500e-002	
711	2.422500e-002	
712	2.615000e-002	
713	2.695000e-002	
714	2.637500e-002	
715	2.800000e-002	
716	2.850000e-002	
717	2.920000e-002	
718	2.832500e-002	
719	2.747500e-002	
720	2.875000e-002	
721	2.950000e-002	
722	3.105000e-002	
723	3.150000e-002	
724	3.222500e-002	
725	3.220000e-002	
726	3.030000e-002	
727	2.907500e-002	
728	2.872500e-002	
729	2.910000e-002	
730	2.802500e-002	
731	2.532500e-002	
732	2.440000e-002	
733	2.360000e-002	
734	2.302500e-002	
735	2.212500e-002	
736	2.190000e-002	
737	2.237500e-002	
738	2.427500e-002	
739	2.392500e-002	
740	2.637500e-002	
741	2.760000e-002	
742	3.102500e-002	
743	3.027500e-002	
744	3.050000e-002	
745	3.150000e-002	
746	3.207500e-002	
747	3.365000e-002	
748	3.332500e-002	
749	3.310000e-002	
750	3.292500e-002	
751	3.147500e-002	
752	2.922500e-002	
753	2.872500e-002	
754	2.757500e-002	
755	2.785000e-002	
756	2.737500e-002	
757	2.662500e-002	
758	2.625000e-002	
759	2.582500e-002	
760	2.657500e-002	
761	2.435000e-002	
762	2.522500e-002	
763	2.610000e-002	
764	2.560000e-002	
765	2.575000e-002	
766	2.765000e-002	
767	2.837500e-002	
768	2.865000e-002	
769	2.840000e-002	
770	3.052500e-002	
771	3.097500e-002	
772	3.215000e-002	
773	3.332500e-002	
774	3.160000e-002	
775	3.067500e-002	
776	3.070000e-002	
777	3.142500e-002	
778	3.065000e-002	
779	2.827500e-002	
780	2.665000e-002	
781	2.685000e-002	
782	2.735000e-002	
783	2.605000e-002	
784	2.607500e-002	
785	2.487500e-002	
786	2.565000e-002	
787	2.755000e-002	
788	2.702500e-002	
789	2.695000e-002	
790	2.695000e-002	
791	2.732500e-002	
792	2.877500e-002	
793	2.777500e-002	
794	2.850000e-002	
795	2.827500e-002	
796	2.762500e-002	
797	2.825000e-002	
798	2.785000e-002	
799	2.855000e-002	
800	2.805000e-002	
801	2.782500e-002	
802	2.875000e-002	
803	3.037500e-002	
804	3.002500e-002	
805	3.047500e-002	
806	2.732500e-002	
807	2.857500e-002	
808	2.960000e-002	
809	2.872500e-002	
810	2.957500e-002	
811	2.872500e-002	
812	2.735000e-002	
813	2.852500e-002	
814	2.882500e-002	
815	2.747500e-002	
816	2.725000e-002	
817	2.777500e-002	
818	2.857500e-002	
819	2.782500e-002	
820	2.717500e-002	
821	2.620000e-002	
822	2.742500e-002	
823	2.750000e-002	
824	2.850000e-002	
825	2.945000e-002	
826	3.022500e-002	
827	3.017500e-002	
828	3.070000e-002	
829	3.000000e-002	
830	2.915000e-002	
831	2.877500e-002	
832	2.937500e-002	
833	2.947500e-002	
834	2.970000e-002	
835	2.990000e-002	
836	2.995000e-002	
837	3.050000e-002	
838	2.880000e-002	
839	2.840000e-002	
840	2.772500e-002	
841	2.795000e-002	
842	2.710000e-002	
843	2.600000e-002	
844	2.540000e-002	
845	2.527500e-002	
846	2.655000e-002	
847	2.757500e-002	
848	2.812500e-002	
849	2.795000e-002	
850	2.777500e-002	
851	2.805000e-002	
852	2.675000e-002	
853	2.775000e-002	
854	2.845000e-002	
855	2.822500e-002	
856	2.747500e-002	
857	2.695000e-002	
858	2.890000e-002	
859	2.835000e-002	
860	2.825000e-002	
861	2.852500e-002	
862	2.895000e-002	
863	2.937500e-002	
864	3.190000e-002	
865	3.225000e-002	
866	3.135000e-002	
867	2.995000e-002	
868	2.960000e-002	
869	2.792500e-002	
870	2.675000e-002	
871	2.697500e-002	
872	2.865000e-002	
873	2.957500e-002	
874	2.750000e-002	
875	2.902500e-002	
876	2.817500e-002	
877	2.785000e-002	
878	2.750000e-002	
879	2.870000e-002	
880	2.872500e-002	
881	2.742500e-002	
882	2.675000e-002	
883	2.542500e-002	
884	2.530000e-002	
885	2.500000e-002	
886	2.605000e-002	
887	2.785000e-002	
888	2.845000e-002	
889	2.877500e-002	
890	2.897500e-002	
891	2.875000e-002	
892	2.965000e-002	
893	2.912500e-002	
894	3.042500e-002	
895	2.842500e-002	
896	2.837500e-002	
897	2.865000e-002	
898	2.687500e-002	
899	2.642500e-002	
900	2.820000e-002	
901	3.010000e-002	
902	2.890000e-002	
903	2.725000e-002	
904	2.650000e-002	
905	2.545000e-002	
906	2.477500e-002	
907	2.532500e-002	
908	2.642500e-002	
909	2.617500e-002	
910	2.785000e-002	
911	2.745000e-002	
912	2.837500e-002	
913	3.045000e-002	
914	3.040000e-002	
915	3.015000e-002	
916	2.932500e-002	
917	2.960000e-002	
918	2.995000e-002	
919	2.807500e-002	
920	3.007500e-002	
921	2.992500e-002	
922	2.917500e-002	
923	2.890000e-002	
924	2.842500e-002	
925	2.777500e-002	
926	2.717500e-002	
927	2.672500e-002	
928	2.860000e-002	
929	2.890000e-002	
930	2.862500e-002	
931	2.722500e-002	
932	2.707500e-002	
933	2.615000e-002	
934	2.600000e-002	
935	2.632500e-002	
936	2.645000e-002	
937	2.795000e-002	
938	2.660000e-002	
939	2.875000e-002	
940	2.910000e-002	
941	2.987500e-002	
942	3.060000e-002	
943	3.117500e-002	
944	3.172500e-002	
945	3.132500e-002	
946	3.232500e-002	
947	3.172500e-002	
948	3.165000e-002	
949	2.992500e-002	
950	2.882500e-002	
951	2.915000e-002	
952	2.700000e-002	
953	2.760000e-002	
954	2.702500e-002	
955	2.665000e-002	
956	2.530000e-002	
957	2.642500e-002	
958	2.707500e-002	
959	2.817500e-002	
960	2.800000e-002	
961	2.995000e-002	
962	2.970000e-002	
963	2.807500e-002	
964	2.742500e-002	
965	2.917500e-002	
966	2.807500e-002	
967	2.652500e-002	
968	2.555000e-002	
969	2.765000e-002	
970	2.860000e-002	
971	2.885000e-002	
972	2.820000e-002	
973	2.712500e-002	
974	2.607500e-002	
975	2.767500e-002	
976	2.822500e-002	
977	2.847500e-002	
978	2.955000e-002	
979	2.930000e-002	
980	3.037500e-002	
981	3.147500e-002	
982	2.985000e-002	
983	2.975000e-002	
984	3.037500e-002	
985	2.982500e-002	
986	2.927500e-002	
987	3.050000e-002	
988	3.010000e-002	
989	2.842500e-002	
990	2.847500e-002	
991	2.885000e-002	
992	2.835000e-002	
993	2.685000e-002	
994	2.465000e-002	
995	2.562500e-002	
996	2.730000e-002	
997	2.640000e-002	
998	2.785000e-002	
999	2.807500e-002	
1000	2.865000e-002	
1001	2.805000e-002	
1002	2.870000e-002	
1003	2.827500e-002	
1004	2.760000e-002	
1005	2.742500e-002	
1006	2.880000e-002	
1007	2.805000e-002	
1008	2.887500e-002	
1009	2.880000e-002	
1010	2.840000e-002	
1011	2.880000e-002	
1012	2.920000e-002	
1013	2.942500e-002	
1014	2.887500e-002	
1015	2.950000e-002	
1016	2.932500e-002	
1017	2.755000e-002	
1018	2.715000e-002	
1019	2.792500e-002	
1020	2.927500e-002	
1021	3.127500e-002	
1022	3.127500e-002	
1023	2.905000e-002	
1024	2.652500e-002	
1025	2.692500e-002	
1026	2.580000e-002	
1027	2.607500e-002	
1028	2.495000e-002	
1029	2.505000e-002	
1030	2.572500e-002	
1031	2.622500e-002	
1032	2.745000e-002	
1033	2.812500e-002	
1034	2.792500e-002	
1035	2.902500e-002	
1036	2.972500e-002	
1037	3.060000e-002	
1038	3.207500e-002	
1039	3.262500e-002	
1040	3.060000e-002	
1041	3.010000e-002	
1042	3.005000e-002	
1043	2.995000e-002	
1044	2.925000e-002	
1045	2.865000e-002	
1046	3.092500e-002	
1047	3.027500e-002	
1048	2.750000e-002	
1049	2.607500e-002	
1050	2.552500e-002	
1051	2.432500e-002	
1052	2.342500e-002	
1053	2.310000e-002	
1054	2.380000e-002	
1055	2.440000e-002	
1056	2.510000e-002	
1057	2.622500e-002	
1058	2.792500e-002	
1059	2.887500e-002	
1060	2.865000e-002	
1061	2.995000e-002	
1062	3.000000e-002	
1063	2.977500e-002	
1064	3.067500e-002	
1065	2.910000e-002	
1066	2.780000e-002	
1067	2.807500e-002	
1068	2.892500e-002	
1069	2.877500e-002	
1070	2.850000e-002	
1071	2.722500e-002	
1072	2.695000e-002	
1073	2.662500e-002	
1074	2.870000e-002	
1075	3.045000e-002	
1076	3.162500e-002	
1077	3.155000e-002	
1078	3.010000e-002	
1079	2.757500e-002	
1080	2.725000e-002	
1081	2.720000e-002	
1082	2.687500e-002	
1083	2.657500e-002	
1084	2.730000e-002	
1085	2.922500e-002	
1086	2.967500e-002	
1087	2.832500e-002	
1088	2.677500e-002	
1089	2.605000e-002	
1090	2.615000e-002	
1091	2.450000e-002	
1092	2.562500e-002	
1093	2.537500e-002	
1094	2.515000e-002	
1095	2.445000e-002	
1096	2.677500e-002	
1097	2.915000e-002	
1098	3.045000e-002	
1099	3.342500e-002	
1100	3.322500e-002	
1101	3.140000e-002	
1102	3.132500e-002	
1103	3.032500e-002	
1104	2.990000e-002	
1105	2.890000e-002	
1106	2.957500e-002	
1107	2.705000e-002	
1108	2.777500e-002	
1109	2.822500e-002	
1110	2.810000e-002	
1111	2.937500e-002	
1112	2.982500e-002	
1113	2.895000e-002	
1114	2.752500e-002	
1115	2.550000e-002	
1116	2.477500e-002	
1117	2.387500e-002	
1118	2.317500e-002	
1119	2.347500e-002	
1120	2.465000e-002	
1121	2.602500e-002	
1122	2.755000e-002	
1123	2.975000e-002	
1124	3.177500e-002	
1125	3.062500e-002	
1126	2.952500e-002	
1127	2.912500e-002	
1128	2.880000e-002	
1129	2.885000e-002	
1130	2.822500e-002	
1131	2.740000e-002	
1132	2.817500e-002	
1133	2.852500e-002	
1134	2.770000e-002	
1135	2.795000e-002	
1136	2.815000e-002	
1137	2.895000e-002	
1138	2.885000e-002	
1139	2.895000e-002	
1140	2.897500e-002	
1141	3.012500e-002	
1142	3.082500e-002	
1143	3.012500e-002	
1144	2.830000e-002	
1145	2.667500e-002	
1146	2.702500e-002	
1147	2.707500e-002	
1148	2.602500e-002	
1149	2.797500e-002	
1150	3.057500e-002	
1151	3.110000e-002	
1152	3.107500e-002	
1153	3.097500e-002	
1154	3.012500e-002	
1155	2.955000e-002	
1156	2.962500e-002	
1157	2.955000e-002	
1158	2.900000e-002	
1159	2.745000e-002	
1160	2.750000e-002	
1161	2.557500e-002	
1162	2.485000e-002	
1163	2.505000e-002	
1164	2.622500e-002	
1165	2.827500e-002	
1166	2.887500e-002	
1167	2.895000e-002	
1168	3.025000e-002	
1169	2.860000e-002	
1170	2.692500e-002	
1171	2.505000e-002	
1172	2.505000e-002	
1173	2.747500e-002	
1174	2.860000e-002	
1175	2.800000e-002	
1176	2.935000e-002	
1177	3.082500e-002	
1178	3.145000e-002	
1179	2.982500e-002	
1180	2.837500e-002	
1181	2.865000e-002	
1182	2.982500e-002	
1183	2.880000e-002	
1184	2.895000e-002	
1185	2.872500e-002	
1186	2.880000e-002	
1187	2.857500e-002	
1188	2.637500e-002	
1189	2.680000e-002	
1190	2.650000e-002	
1191	2.542500e-002	
1192	2.537500e-002	
1193	2.687500e-002	
1194	2.780000e-002	
1195	2.890000e-002	
1196	2.920000e-002	
1197	2.880000e-002	
1198	2.932500e-002	
1199	2.937500e-002	
1200	2.942500e-002	
1201	2.975000e-002	
1202	2.882500e-002	
1203	3.002500e-002	
1204	3.080000e-002	
1205	3.080000e-002	
1206	2.962500e-002	
1207	2.967500e-002	
1208	2.945000e-002	
1209	2.892500e-002	
1210	2.812500e-002	
1211	2.767500e-002	
1212	2.717500e-002	
1213	2.735000e-002	
1214	2.840000e-002	
1215	2.735000e-002	
1216	2.545000e-002	
1217	2.480000e-002	
1218	2.492500e-002	
1219	2.642500e-002	
1220	2.815000e-002	
1221	2.777500e-002	
1222	2.712500e-002	
1223	2.670000e-002	
1224	2.737500e-002	
1225	2.820000e-002	
1226	2.745000e-002	
1227	2.737500e-002	
1228	2.895000e-002	
1229	2.935000e-002	
1230	2.977500e-002	
1231	2.862500e-002	
1232	2.900000e-002	
1233	2.912500e-002	
1234	2.992500e-002	
1235	2.860000e-002	
1236	2.877500e-002	
1237	2.807500e-002	
1238	2.832500e-002	
1239	2.845000e-002	
1240	2.885000e-002	
1241	2.722500e-002	
1242	2.917500e-002	
1243	3.020000e-002	
1244	2.837500e-002	
1245	2.760000e-002	
1246	2.732500e-002	
1247	2.610000e-002	
1248	2.497500e-002	
1249	2.540000e-002	
1250	2.620000e-002	
1251	2.527500e-002	
1252	2.590000e-002	
1253	2.587500e-002	
1254	2.627500e-002	
1255	2.670000e-002	
1256	2.720000e-002	
1257	2.740000e-002	
1258	2.752500e-002	
1259	2.757500e-002	
1260	2.830000e-002	
1261	3.055000e-002	
1262	3.120000e-002	
1263	3.220000e-002	
1264	3.100000e-002	
1265	2.955000e-002	
1266	2.877500e-002	
1267	2.982500e-002	
1268	3.145000e-002	
1269	3.075000e-002	
1270	2.947500e-002	
1271	2.882500e-002	
1272	2.800000e-002	
1273	2.812500e-002	
1274	2.757500e-002	
1275	2.772500e-002	
1276	2.677500e-002	
1277	2.697500e-002	
1278	2.562500e-002	
1279	2.612500e-002	
1280	2.722500e-002	
1281	2.780000e-002	
1282	2.972500e-002	
1283	2.997500e-002	
1284	2.995000e-002	
1285	3.012500e-002	
1286	2.990000e-002	
1287	2.850000e-002	
1288	2.790000e-002	
1289	2.850000e-002	
1290	3.005000e-002	
1291	2.927500e-002	
1292	3.002500e-002	
1293	2.967500e-002	
1294	2.760000e-002	
1295	2.650000e-002	
1296	2.642500e-002	
1297	2.655000e-002	
1298	2.705000e-002	
1299	2.690000e-002	
1300	2.877500e-002	
1301	2.957500e-002	
1302	2.932500e-002	
1303	2.755000e-002	
1304	2.707500e-002	
1305	2.702500e-002	
1306	2.882500e-002	
1307	2.922500e-002	
1308	2.982500e-002	
1309	3.137500e-002	
1310	3.190000e-002	
1311	3.010000e-002	
1312	3.080000e-002	
1313	3.015000e-002	
1314	2.835000e-002	
1315	2.625000e-002	
1316	2.567500e-002	
1317	2.482500e-002	
1318	2.570000e-002	
1319	2.550000e-002	
1320	2.622500e-002	
1321	2.720000e-002	
1322	2.747500e-002	
1323	2.750000e-002	
1324	2.735000e-002	
1325	2.830000e-002	
1326	2.765000e-002	
1327	2.842500e-002	
1328	2.835000e-002	
1329	2.760000e-002	
1330	2.797500e-002	
1331	2.860000e-002	
1332	2.997500e-002	
1333	3.145000e-002	
1334	3.167500e-002	
1335	3.115000e-002	
1336	3.047500e-002	
1337	2.905000e-002	
1338	2.860000e-002	
1339	2.890000e-002	
1340	2.820000e-002	
1341	2.915000e-002	
1342	3.030000e-002	
1343	2.762500e-002	
1344	2.682500e-002	
1345	2.645000e-002	
1346	2.717500e-002	
1347	2.677500e-002	
1348	2.595000e-002	
1349	2.520000e-002	
1350	2.680000e-002	
1351	2.790000e-002	
1352	2.890000e-002	
1353	2.930000e-002	
1354	2.950000e-002	
1355	3.185000e-002	
1356	3.275000e-002	
1357	3.372500e-002	
1358	3.295000e-002	
1359	3.327500e-002	
1360	3.292500e-002	
1361	3.185000e-002	
1362	3.010000e-002	
1363	2.860000e-002	
1364	2.577500e-002	
1365	2.552500e-002	
1366	2.507500e-002	
1367	2.460000e-002	
1368	2.685000e-002	
1369	2.742500e-002	
1370	2.717500e-002	
1371	2.637500e-002	
1372	2.800000e-002	
1373	2.837500e-002	
1374	2.810000e-002	
1375	2.890000e-002	
1376	3.047500e-002	
1377	3.095000e-002	
1378	3.157500e-002	
1379	3.187500e-002	
1380	3.250000e-002	
1381	3.205000e-002	
1382	3.295000e-002	
1383	3.140000e-002	
1384	2.982500e-002	
1385	2.927500e-002	
1386	2.782500e-002	
1387	2.820000e-002	
1388	2.750000e-002	
1389	2.572500e-002	
1390	2.595000e-002	
1391	2.605000e-002	
1392	2.475000e-002	
1393	2.440000e-002	
1394	2.527500e-002	
1395	2.515000e-002	
1396	2.722500e-002	
1397	2.740000e-002	
1398	2.720000e-002	
1399	2.842500e-002	
1400	2.907500e-002	
1401	2.892500e-002	
1402	2.900000e-002	
1403	2.977500e-002	
1404	3.027500e-002	
1405	3.070000e-002	
1406	3.085000e-002	
1407	2.945000e-002	
1408	3.117500e-002	
1409	3.142500e-002	
1410	3.092500e-002	
1411	3.095000e-002	
1412	3.012500e-002	
1413	2.902500e-002	
1414	2.935000e-002	
1415	2.822500e-002	
1416	2.840000e-002	
1417	2.912500e-002	
1418	2.840000e-002	
1419	2.882500e-002	
1420	2.905000e-002	
1421	2.985000e-002	
1422	2.870000e-002	
1423	2.802500e-002	
1424	2.672500e-002	
1425	2.695000e-002	
1426	2.745000e-002	
1427	2.595000e-002	
1428	2.560000e-002	
1429	2.725000e-002	
1430	2.645000e-002	
1431	2.692500e-002	
1432	2.595000e-002	
1433	2.510000e-002	
1434	2.622500e-002	
1435	2.630000e-002	
1436	2.705000e-002	
1437	2.830000e-002	
1438	2.847500e-002	
1439	2.892500e-002	
1440	2.897500e-002	
1441	3.015000e-002	
1442	2.890000e-002	
1443	2.982500e-002	
1444	3.032500e-002	
1445	3.027500e-002	
1446	3.072500e-002	
1447	3.132500e-002	
1448	3.062500e-002	
1449	2.955000e-002	
1450	2.952500e-002	
1451	2.900000e-002	
1452	2.847500e-002	
1453	2.705000e-002	
1454	2.687500e-002	
1455	2.582500e-002	
1456	2.475000e-002	
1457	2.542500e-002	
1458	2.575000e-002	
1459	2.832500e-002	
1460	2.727500e-002	
1461	2.780000e-002	
1462	2.760000e-002	
1463	2.885000e-002	
1464	2.857500e-002	
1465	2.822500e-002	
1466	2.822500e-002	
1467	2.740000e-002	
1468	2.725000e-002	
1469	2.807500e-002	
1470	2.915000e-002	
1471	2.922500e-002	
1472	3.077500e-002	
1473	3.242500e-002	
1474	3.190000e-002	
1475	3.207500e-002	
1476	3.125000e-002	
1477	2.890000e-002	
1478	2.782500e-002	
1479	2.712500e-002	
1480	2.695000e-002	
1481	2.605000e-002	
1482	2.750000e-002	
1483	2.777500e-002	
1484	2.797500e-002	
1485	2.867500e-002	
1486	2.877500e-002	
1487	2.855000e-002	
1488	2.857500e-002	
1489	2.685000e-002	
1490	2.795000e-002	
1491	2.742500e-002	
1492	2.637500e-002	
1493	2.735000e-002	
1494	2.842500e-002	
1495	2.837500e-002	
1496	2.825000e-002	
1497	2.950000e-002	
1498	3.005000e-002	
1499	2.937500e-002	
1500	2.935000e-002	
1501	2.860000e-002	
1502	2.805000e-002	
1503	2.730000e-002	
1504	2.817500e-002	
1505	2.732500e-002	
1506	2.792500e-002	
1507	2.770000e-002	
1508	2.770000e-002	
1509	2.737500e-002	
1510	2.697500e-002	
1511	2.705000e-002	
1512	2.680000e-002	
1513	2.755000e-002	
1514	2.855000e-002	
1515	2.825000e-002	
1516	2.837500e-002	
1517	3.015000e-002	
1518	2.925000e-002	
1519	2.945000e-002	
1520	2.987500e-002	
1521	2.930000e-002	
1522	2.912500e-002	
1523	3.010000e-002	
1524	3.047500e-002	
1525	2.910000e-002	
1526	2.890000e-002	
1527	2.817500e-002	
1528	2.887500e-002	
1529	2.642500e-002	
1530	2.645000e-002	
1531	2.730000e-002	
1532	2.745000e-002	
1533	2.740000e-002	
1534	2.767500e-002	
1535	2.757500e-002	
1536	2.817500e-002	
1537	2.645000e-002	
1538	2.627500e-002	
1539	2.472500e-002	
1540	2.610000e-002	
1541	2.692500e-002	
1542	2.637500e-002	
1543	2.710000e-002	
1544	2.817500e-002	
1545	2.830000e-002	
1546	2.900000e-002	
1547	2.982500e-002	
1548	3.070000e-002	
1549	3.185000e-002	
1550	3.267500e-002	
1551	3.192500e-002	
1552	3.177500e-002	
1553	3.017500e-002	
1554	2.982500e-002	
1555	2.945000e-002	
1556	2.915000e-002	
1557	2.795000e-002	
1558	2.827500e-002	
1559	2.870000e-002	
1560	2.775000e-002	
1561	2.830000e-002	
1562	2.775000e-002	
1563	2.655000e-002	
1564	2.787500e-002	
1565	2.812500e-002	
1566	2.877500e-002	
1567	2.952500e-002	
1568	3.167500e-002	
1569	3.160000e-002	
1570	3.060000e-002	
1571	2.937500e-002	
1572	2.837500e-002	
1573	2.760000e-002	
1574	2.777500e-002	
1575	2.722500e-002	
1576	2.752500e-002	
1577	2.700000e-002	
1578	2.612500e-002	
1579	2.630000e-002	
1580	2.702500e-002	
1581	2.710000e-002	
1582	2.627500e-002	
1583	2.515000e-002	
1584	2.445000e-002	
1585	2.497500e-002	
1586	2.567500e-002	
1587	2.695000e-002	
1588	2.850000e-002	
1589	2.890000e-002	
1590	2.917500e-002	
1591	3.057500e-002	
1592	3.227500e-002	
1593	3.197500e-002	
1594	3.162500e-002	
1595	3.192500e-002	
1596	3.247500e-002	
1597	3.110000e-002	
1598	2.967500e-002	
1599	2.945000e-002	
1600	2.982500e-002	
1601	2.997500e-002	
1602	2.955000e-002	
1603	2.802500e-002	
1604	2.827500e-002	
1605	2.612500e-002	
1606	2.607500e-002	
1607	2.465000e-002	
1608	2.647500e-002	
1609	2.615000e-002	
1610	2.555000e-002	
1611	2.585000e-002	
1612	2.517500e-002	
1613	2.557500e-002	
1614	2.680000e-002	
1615	2.665000e-002	
1616	2.715000e-002	
1617	2.727500e-002	
1618	2.932500e-002	
1619	2.990000e-002	
1620	3.027500e-002	
1621	2.995000e-002	
1622	3.095000e-002	
1623	3.162500e-002	
1624	3.055000e-002	
1625	3.025000e-002	
1626	3.107500e-002	
1627	3.165000e-002	
1628	2.930000e-002	
1629	3.002500e-002	
1630	2.927500e-002	
1631	2.862500e-002	
1632	2.935000e-002	
1633	2.977500e-002	
1634	2.772500e-002	
1635	2.610000e-002	
1636	2.682500e-002	
1637	2.660000e-002	
1638	2.555000e-002	
1639	2.545000e-002	
1640	2.670000e-002	
1641	2.617500e-002	
1642	2.975000e-002	
1643	2.995000e-002	
1644	3.022500e-002	
1645	2.950000e-002	
1646	3.182500e-002	
1647	3.165000e-002	
1648	3.117500e-002	
1649	3.045000e-002	
1650	2.857500e-002	
1651	2.802500e-002	
1652	2.960000e-002	
1653	2.982500e-002	
1654	2.785000e-002	
1655	2.790000e-002	
1656	2.595000e-002	
1657	2.580000e-002	
1658	2.525000e-002	
1659	2.587500e-002	
1660	2.642500e-002	
1661	2.625000e-002	
1662	2.630000e-002	
1663	2.630000e-002	
1664	2.632500e-002	
1665	2.865000e-002	
1666	2.882500e-002	
1667	2.890000e-002	
1668	2.790000e-002	
1669	2.802500e-002	
1670	2.985000e-002	
1671	3.067500e-002	
1672	3.102500e-002	
1673	3.122500e-002	
1674	3.077500e-002	
1675	2.962500e-002	
1676	2.775000e-002	
1677	2.862500e-002	
1678	2.837500e-002	
1679	2.662500e-002	
1680	2.690000e-002	
1681	2.787500e-002	
1682	2.835000e-002	
1683	2.745000e-002	
1684	2.602500e-002	
1685	2.537500e-002	
1686	2.422500e-002	
1687	2.490000e-002	
1688	2.392500e-002	
1689	2.472500e-002	
1690	2.572500e-002	
1691	2.705000e-002	
1692	2.820000e-002	
1693	2.880000e-002	
1694	2.890000e-002	
1695	2.862500e-002	
1696	2.927500e-002	
1697	3.002500e-002	
1698	3.385000e-002	
1699	3.362500e-002	
1700	3.267500e-002	
1701	3.227500e-002	
1702	3.305000e-002	
1703	3.395000e-002	
1704	3.277500e-002	
1705	2.995000e-002	
1706	2.820000e-002	
1707	2.802500e-002	
1708	2.667500e-002	
1709	2.602500e-002	
1710	2.590000e-002	
1711	2.392500e-002	
1712	2.295000e-002	
1713	2.160000e-002	
1714	2.160000e-002	
1715	2.322500e-002	
1716	2.370000e-002	
1717	2.492500e-002	
1718	2.715000e-002	
1719	3.047500e-002	
1720	3.092500e-002	
1721	3.055000e-002	
1722	3.175000e-002	
1723	3.235000e-002	
1724	3.355000e-002	
1725	3.335000e-002	
1726	3.290000e-002	
1727	3.335000e-002	
1728	3.335000e-002	
1729	3.212500e-002	
1730	3.032500e-002	
1731	2.902500e-002	
1732	2.840000e-002	
1733	2.737500e-002	
1734	2.550000e-002	
1735	2.482500e-002	
1736	2.427500e-002	
1737	2.407500e-002	
1738	2.395000e-002	
1739	2.552500e-002	
1740	2.475000e-002	
1741	2.552500e-002	
1742	2.682500e-002	
1743	2.747500e-002	
1744	2.902500e-002	
1745	2.947500e-002	
1746	2.822500e-002	
1747	2.965000e-002	
1748	3.080000e-002	
1749	3.055000e-002	
1750	2.990000e-002	
1751	3.142500e-002	
1752	3.117500e-002	
1753	2.977500e-002	
1754	2.890000e-002	
1755	2.935000e-002	
1756	3.002500e-002	
1757	3.072500e-002	
1758	3.180000e-002	
1759	3.057500e-002	
1760	2.785000e-002	
1761	2.890000e-002	
1762	2.852500e-002	
1763	2.850000e-002	
1764	2.942500e-002	
1765	2.980000e-002	
1766	3.000000e-002	
1767	2.897500e-002	
1768	2.930000e-002	
1769	3.032500e-002	
1770	2.725000e-002	
1771	2.725000e-002	
1772	2.807500e-002	
1773	2.745000e-002	
1774	2.655000e-002	
1775	2.537500e-002	
1776	2.577500e-002	
1777	2.562500e-002	
1778	2.625000e-002	
1779	2.545000e-002	
1780	2.517500e-002	
1781	2.522500e-002	
1782	2.387500e-002	
1783	2.462500e-002	
1784	2.395000e-002	
1785	2.570000e-002	
1786	2.670000e-002	
1787	2.742500e-002	
1788	2.965000e-002	
1789	3.232500e-002	
1790	3.192500e-002	
1791	3.230000e-002	
1792	3.290000e-002	
1793	3.235000e-002	
1794	3.230000e-002	
1795	3.360000e-002	
1796	3.320000e-002	
1797	3.170000e-002	
1798	3.030000e-002	
1799	2.972500e-002	
1800	2.952500e-002	
1801	2.815000e-002	
1802	2.732500e-002	
1803	2.672500e-002	
1804	2.785000e-002	
1805	2.822500e-002	
1806	2.675000e-002	
1807	2.475000e-002	
1808	2.347500e-002	
1809	2.402500e-002	
1810	2.602500e-002	
1811	2.505000e-002	
1812	2.447500e-002	
1813	2.537500e-002	
1814	2.520000e-002	
1815	2.745000e-002	
1816	2.882500e-002	
1817	2.912500e-002	
1818	2.872500e-002	
1819	2.920000e-002	
1820	3.007500e-002	
1821	3.120000e-002	
1822	3.207500e-002	
1823	3.117500e-002	
1824	3.215000e-002	
1825	3.090000e-002	
1826	2.935000e-002	
1827	2.805000e-002	
1828	2.710000e-002	
1829	2.532500e-002	
1830	2.452500e-002	
1831	2.465000e-002	
1832	2.475000e-002	
1833	2.382500e-002	
1834	2.232500e-002	
1835	2.315000e-002	
1836	2.407500e-002	
1837	2.370000e-002	
1838	2.662500e-002	
1839	2.687500e-002	
1840	2.775000e-002	
1841	2.872500e-002	
1842	2.970000e-002	
1843	3.112500e-002	
1844	3.135000e-002	
1845	3.290000e-002	
1846	3.295000e-002	
1847	3.365000e-002	
1848	3.285000e-002	
1849	3.295000e-002	
1850	3.052500e-002	
1851	2.757500e-002	
1852	2.625000e-002	
1853	2.502500e-002	
1854	2.630000e-002	
1855	2.685000e-002	
1856	2.620000e-002	
1857	2.640000e-002	
1858	2.560000e-002	
1859	2.645000e-002	
1860	2.617500e-002	
1861	2.750000e-002	
1862	2.855000e-002	
1863	2.982500e-002	
1864	3.095000e-002	
1865	2.965000e-002	
1866	3.195000e-002	
1867	3.197500e-002	
1868	3.025000e-002	
1869	3.120000e-002	
1870	3.192500e-002	
1871	3.045000e-002	
1872	3.087500e-002	
1873	2.885000e-002	
1874	2.857500e-002	
1875	2.905000e-002	
1876	2.662500e-002	
1877	2.590000e-002	
1878	2.560000e-002	
1879	2.607500e-002	
1880	2.552500e-002	
1881	2.430000e-002	
1882	2.405000e-002	
1883	2.387500e-002	
1884	2.547500e-002	
1885	2.667500e-002	
1886	2.795000e-002	
1887	3.157500e-002	
1888	3.137500e-002	
1889	3.175000e-002	
1890	3.002500e-002	
1891	2.955000e-002	
1892	2.917500e-002	
1893	2.960000e-002	
1894	3.017500e-002	
1895	2.885000e-002	
1896	2.777500e-002	
1897	2.825000e-002	
1898	2.815000e-002	
1899	3.017500e-002	
1900	3.050000e-002	
1901	2.872500e-002	
1902	2.850000e-002	
1903	2.720000e-002	
1904	2.612500e-002	
1905	2.792500e-002	
1906	2.777500e-002	
1907	2.905000e-002	
1908	2.785000e-002	
1909	2.772500e-002	
1910	2.812500e-002	
1911	2.862500e-002	
1912	2.820000e-002	
1913	2.932500e-002	
1914	2.927500e-002	
1915	2.840000e-002	
1916	2.900000e-002	
1917	2.902500e-002	
1918	2.930000e-002	
1919	3.042500e-002	
1920	3.112500e-002	
1921	2.947500e-002	
1922	2.900000e-002	
1923	2.700000e-002	
1924	2.630000e-002	
1925	2.647500e-002	
1926	2.530000e-002	
1927	2.512500e-002	
1928	2.720000e-002	
1929	2.802500e-002	
1930	2.895000e-002	
1931	2.945000e-002	
1932	3.055000e-002	
1933	3.107500e-002	
1934	3.197500e-002	
1935	3.150000e-002	
1936	3.195000e-002	
1937	3.032500e-002	
1938	2.967500e-002	
1939	3.005000e-002	
1940	2.790000e-002	
1941	2.837500e-002	
1942	2.882500e-002	
1943	2.710000e-002	
1944	2.710000e-002	
1945	2.620000e-002	
1946	2.600000e-002	
1947	2.607500e-002	
1948	2.502500e-002	
1949	2.542500e-002	
1950	2.692500e-002	
1951	2.627500e-002	
1952	2.730000e-002	
1953	2.720000e-002	
1954	2.735000e-002	
1955	2.912500e-002	
1956	3.005000e-002	
1957	3.005000e-002	
1958	2.915000e-002	
1959	3.037500e-002	
1960	2.912500e-002	
1961	2.897500e-002	
1962	3.132500e-002	
1963	3.170000e-002	
1964	3.075000e-002	
1965	3.087500e-002	
1966	2.907500e-002	
1967	2.947500e-002	
1968	2.837500e-002	
1969	2.802500e-002	
1970	2.735000e-002	
1971	2.690000e-002	
1972	2.617500e-002	
1973	2.675000e-002	
1974	2.645000e-002	
1975	2.570000e-002	
1976	2.530000e-002	
1977	2.465000e-002	
1978	2.652500e-002	
1979	2.640000e-002	
1980	2.567500e-002	
1981	2.702500e-002	
1982	2.850000e-002	
1983	2.962500e-002	
1984	3.192500e-002	
1985	3.187500e-002	
1986	3.090000e-002	
1987	2.985000e-002	
1988	2.967500e-002	
1989	3.247500e-002	
1990	3.182500e-002	
1991	3.087500e-002	
1992	2.912500e-002	
1993	2.930000e-002	
1994	2.850000e-002	
1995	2.772500e-002	
1996	2.742500e-002	
1997	2.702500e-002	
1998	2.677500e-002	
1999	2.660000e-002	
2000	2.677500e-002	
2001	2.845000e-002	
2002	2.740000e-002	
2003	2.625000e-002	
2004	2.360000e-002	
2005	2.467500e-002	
2006	2.657500e-002	
2007	2.747500e-002	
2008	2.760000e-002	
2009	2.895000e-002	
2010	3.047500e-002	
2011	3.080000e-002	
2012	3.072500e-002	
2013	3.172500e-002	
2014	3.182500e-002	
2015	2.942500e-002	
2016	2.792500e-002	
2017	2.867500e-002	
2018	2.897500e-002	
2019	2.837500e-002	
2020	2.897500e-002	
2021	2.972500e-002	
2022	2.915000e-002	
2023	2.882500e-002	
2024	2.880000e-002	
2025	2.825000e-002	
2026	2.760000e-002	
2027	2.712500e-002	
2028	2.832500e-002	
2029	2.735000e-002	
2030	2.625000e-002	
2031	2.775000e-002	
2032	2.842500e-002	
2033	2.907500e-002	
2034	2.850000e-002	
2035	2.812500e-002	
2036	2.897500e-002	
2037	3.000000e-002	
2038	2.925000e-002	
2039	2.895000e-002	
2040	2.962500e-002	
2041	3.010000e-002	
2042	2.935000e-002	
2043	2.887500e-002	
2044	2.807500e-002	
2045	2.875000e-002	
2046	2.867500e-002	
2047	2.810000e-002	
2048	2.862500e-002	
2049	2.862500e-002	
2050	2.842500e-002	
2051	3.002500e-002	
2052	3.000000e-002	
2053	3.027500e-002	
2054	2.915000e-002	
2055	2.825000e-002	
2056	2.627500e-002	
2057	2.652500e-002	
2058	2.700000e-002	
2059	2.820000e-002	
2060	2.917500e-002	
2061	2.995000e-002	
2062	2.825000e-002	
2063	2.710000e-002	
2064	2.632500e-002	
2065	2.702500e-002	
2066	2.677500e-002	
2067	2.520000e-002	
2068	2.502500e-002	
2069	2.560000e-002	
2070	2.615000e-002	
2071	2.597500e-002	
2072	2.545000e-002	
2073	2.797500e-002	
2074	2.915000e-002	
2075	3.057500e-002	
2076	3.102500e-002	
2077	3.035000e-002	
2078	2.790000e-002	
2079	2.900000e-002	
2080	2.852500e-002	
2081	2.890000e-002	
2082	2.997500e-002	
2083	3.007500e-002	
2084	3.052500e-002	
2085	2.947500e-002	
2086	2.985000e-002	
2087	3.015000e-002	
2088	2.860000e-002	
2089	2.795000e-002	
2090	2.890000e-002	
2091	2.935000e-002	
2092	2.890000e-002	
2093	2.702500e-002	
2094	2.592500e-002	
2095	2.752500e-002	
2096	2.742500e-002	
2097	2.747500e-002	
2098	2.722500e-002	
2099	2.817500e-002	
2100	2.762500e-002	
2101	2.735000e-002	
2102	2.777500e-002	
2103	2.727500e-002	
2104	2.847500e-002	
2105	2.980000e-002	
2106	2.797500e-002	
2107	2.877500e-002	
2108	2.937500e-002	
2109	2.960000e-002	
2110	2.990000e-002	
2111	2.860000e-002	
2112	2.825000e-002	
2113	2.860000e-002	
2114	2.847500e-002	
2115	2.662500e-002	
2116	2.725000e-002	
2117	2.710000e-002	
2118	2.767500e-002	
2119	2.735000e-002	
2120	2.767500e-002	
2121	2.907500e-002	
2122	2.872500e-002	
2123	2.970000e-002	
2124	2.970000e-002	
2125	2.815000e-002	
2126	2.830000e-002	
2127	2.802500e-002	
2128	2.782500e-002	
2129	2.772500e-002	
2130	2.740000e-002	
2131	2.735000e-002	
2132	2.857500e-002	
2133	2.945000e-002	
2134	2.920000e-002	
2135	2.965000e-002	
2136	2.847500e-002	
2137	2.850000e-002	
2138	2.832500e-002	
2139	2.845000e-002	
2140	3.002500e-002	
2141	2.972500e-002	
2142	2.842500e-002	
2143	2.847500e-002	
2144	2.815000e-002	
2145	2.637500e-002	
2146	2.550000e-002	
2147	2.597500e-002	
2148	2.670000e-002	
2149	2.755000e-002	
2150	2.577500e-002	
2151	2.682500e-002	
2152	2.545000e-002	
2153	2.697500e-002	
2154	2.717500e-002	
2155	2.667500e-002	
2156	2.912500e-002	
2157	2.847500e-002	
2158	2.937500e-002	
2159	3.145000e-002	
2160	3.067500e-002	
2161	2.952500e-002	
2162	2.927500e-002	
2163	2.992500e-002	
2164	3.010000e-002	
2165	3.070000e-002	
2166	2.950000e-002	
2167	2.995000e-002	
2168	2.765000e-002	
2169	2.662500e-002	
2170	2.680000e-002	
2171	2.600000e-002	
2172	2.737500e-002	
2173	2.625000e-002	
2174	2.717500e-002	
2175	2.790000e-002	
2176	2.850000e-002	
2177	2.757500e-002	
2178	2.820000e-002	
2179	2.767500e-002	
2180	2.857500e-002	
2181	2.875000e-002	
2182	2.745000e-002	
2183	2.707500e-002	
2184	2.905000e-002	
2185	3.037500e-002	
2186	2.967500e-002	
2187	2.970000e-002	
2188	2.855000e-002	
2189	2.900000e-002	
2190	2.810000e-002	
2191	2.765000e-002	
2192	2.765000e-002	
2193	2.802500e-002	
2194	2.852500e-002	
2195	2.802500e-002	
2196	2.880000e-002	
2197	2.930000e-002	
2198	2.912500e-002	
2199	2.902500e-002	
2200	3.060000e-002	
2201	3.065000e-002	
2202	2.997500e-002	
2203	2.857500e-002	
2204	2.952500e-002	
2205	2.867500e-002	
2206	2.655000e-002	
2207	2.640000e-002	
2208	2.577500e-002	
2209	2.595000e-002	
2210	2.705000e-002	
2211	2.717500e-002	
2212	2.757500e-002	
2213	2.865000e-002	
2214	3.067500e-002	
2215	3.120000e-002	
2216	3.162500e-002	
2217	3.115000e-002	
2218	3.222500e-002	
2219	3.132500e-002	
2220	3.065000e-002	
2221	2.895000e-002	
2222	2.807500e-002	
2223	2.790000e-002	
2224	2.780000e-002	
2225	2.635000e-002	
2226	2.670000e-002	
2227	2.627500e-002	
2228	2.597500e-002	
2229	2.542500e-002	
2230	2.560000e-002	
2231	2.832500e-002	
2232	2.717500e-002	
2233	2.790000e-002	
2234	2.910000e-002	
2235	2.810000e-002	
2236	2.797500e-002	
2237	2.800000e-002	
2238	2.760000e-002	
2239	2.912500e-002	
2240	2.850000e-002	
2241	2.960000e-002	
2242	2.945000e-002	
2243	3.005000e-002	
2244	2.820000e-002	
2245	2.805000e-002	
2246	2.852500e-002	
2247	2.947500e-002	
2248	2.910000e-002	
2249	2.672500e-002	
2250	2.612500e-002	
2251	2.642500e-002	
2252	2.700000e-002	
2253	2.775000e-002	
2254	2.707500e-002	
2255	2.635000e-002	
2256	2.702500e-002	
2257	2.690000e-002	
2258	2.587500e-002	
2259	2.565000e-002	
2260	2.620000e-002	
2261	2.615000e-002	
2262	2.732500e-002	
2263	2.702500e-002	
2264	2.827500e-002	
2265	2.922500e-002	
2266	2.815000e-002	
2267	2.855000e-002	
2268	2.755000e-002	
2269	2.795000e-002	
2270	2.827500e-002	
2271	2.950000e-002	
2272	3.037500e-002	
2273	3.055000e-002	
2274	3.045000e-002	
2275	2.930000e-002	
2276	2.952500e-002	
2277	2.875000e-002	
2278	2.985000e-002	
2279	3.012500e-002	
2280	2.757500e-002	
2281	2.777500e-002	
2282	2.840000e-002	
2283	2.870000e-002	
2284	3.012500e-002	
2285	2.950000e-002	
2286	2.937500e-002	
2287	2.845000e-002	
2288	2.922500e-002	
2289	2.802500e-002	
2290	2.730000e-002	
2291	2.650000e-002	
2292	2.630000e-002	
2293	2.505000e-002	
2294	2.597500e-002	
2295	2.677500e-002	
2296	2.590000e-002	
2297	2.682500e-002	
2298	2.805000e-002	
2299	2.805000e-002	
2300	2.892500e-002	
2301	2.912500e-002	
2302	2.967500e-002	
2303	2.845000e-002	
2304	2.920000e-002	
2305	2.935000e-002	
2306	3.087500e-002	
2307	3.165000e-002	
2308	3.140000e-002	
2309	3.097500e-002	
2310	3.042500e-002	
2311	2.962500e-002	
2312	2.857500e-002	
2313	2.895000e-002	
2314	2.852500e-002	
2315	2.737500e-002	
2316	2.617500e-002	
2317	2.670000e-002	
2318	2.675000e-002	
2319	2.717500e-002	
2320	2.792500e-002	
2321	2.655000e-002	
2322	2.850000e-002	
2323	2.937500e-002	
2324	3.042500e-002	
2325	2.932500e-002	
2326	2.990000e-002	
2327	2.970000e-002	
2328	2.965000e-002	
2329	2.985000e-002	
2330	3.057500e-002	
2331	2.910000e-002	
2332	3.030000e-002	
2333	2.852500e-002	
2334	2.875000e-002	
2335	2.830000e-002	
2336	2.825000e-002	
2337	2.677500e-002	
2338	2.795000e-002	
2339	2.777500e-002	
2340	2.665000e-002	
2341	2.625000e-002	
2342	2.672500e-002	
2343	2.680000e-002	
2344	2.620000e-002	
2345	2.642500e-002	
2346	2.807500e-002	
2347	2.760000e-002	
2348	2.997500e-002	
2349	3.000000e-002	
2350	2.997500e-002	
2351	2.982500e-002	
2352	3.062500e-002	
2353	3.062500e-002	
2354	2.977500e-002	
2355	3.017500e-002	
2356	2.902500e-002	
2357	2.770000e-002	
2358	2.845000e-002	
2359	3.060000e-002	
2360	3.045000e-002	
2361	2.970000e-002	
2362	2.940000e-002	
2363	2.705000e-002	
2364	2.765000e-002	
2365	2.685000e-002	
2366	2.685000e-002	
2367	2.772500e-002	
2368	2.867500e-002	
2369	3.005000e-002	
2370	2.987500e-002	
2371	2.860000e-002	
2372	2.832500e-002	
2373	2.765000e-002	
2374	2.807500e-002	
2375	2.675000e-002	
2376	2.707500e-002	
2377	2.700000e-002	
2378	2.637500e-002	
2379	2.650000e-002	
2380	2.722500e-002	
2381	2.842500e-002	
2382	2.725000e-002	
2383	2.660000e-002	
2384	2.540000e-002	
2385	2.657500e-002	
2386	2.650000e-002	
2387	2.697500e-002	
2388	2.987500e-002	
2389	2.965000e-002	
2390	2.797500e-002	
2391	2.780000e-002	
2392	3.042500e-002	
2393	3.065000e-002	
2394	2.945000e-002	
2395	2.985000e-002	
2396	2.900000e-002	
2397	2.772500e-002	
2398	2.657500e-002	
2399	2.735000e-002	
2400	2.740000e-002	
2401	2.777500e-002	
2402	2.765000e-002	
2403	2.750000e-002	
2404	2.760000e-002	
2405	2.820000e-002	
2406	2.830000e-002	
2407	2.987500e-002	
2408	2.872500e-002	
2409	2.800000e-002	
2410	2.685000e-002	
2411	2.687500e-002	
2412	2.675000e-002	
2413	2.665000e-002	
2414	2.547500e-002	
2415	2.517500e-002	
2416	2.572500e-002	
2417	2.800000e-002	
2418	2.920000e-002	
2419	2.832500e-002	
2420	2.935000e-002	
2421	2.885000e-002	
2422	3.050000e-002	
2423	3.040000e-002	
2424	2.972500e-002	
2425	2.827500e-002	
2426	2.705000e-002	
2427	2.740000e-002	
2428	2.750000e-002	
2429	2.767500e-002	
2430	2.922500e-002	
2431	3.100000e-002	
2432	3.100000e-002	
2433	3.015000e-002	
2434	2.912500e-002	
2435	2.707500e-002	
2436	2.660000e-002	
2437	2.790000e-002	
2438	2.687500e-002	
2439	2.717500e-002	
2440	2.727500e-002	
2441	2.630000e-002	
2442	2.712500e-002	
2443	2.662500e-002	
2444	2.780000e-002	
2445	2.860000e-002	
2446	2.905000e-002	
2447	2.915000e-002	
2448	3.055000e-002	
2449	3.032500e-002	
2450	2.972500e-002	
2451	2.982500e-002	
2452	3.030000e-002	
2453	3.100000e-002	
2454	3.152500e-002	
2455	3.045000e-002	
2456	3.005000e-002	
2457	3.040000e-002	
2458	2.822500e-002	
2459	2.602500e-002	
2460	2.490000e-002	
2461	2.440000e-002	
2462	2.430000e-002	
2463	2.472500e-002	
2464	2.515000e-002	
2465	2.655000e-002	
2466	2.610000e-002	
2467	2.610000e-002	
2468	2.592500e-002	
2469	2.750000e-002	
2470	2.985000e-002	
2471	3.110000e-002	
2472	3.142500e-002	
2473	3.135000e-002	
2474	3.185000e-002	
2475	3.095000e-002	
2476	3.002500e-002	
2477	2.895000e-002	
2478	2.982500e-002	
2479	2.925000e-002	
2480	2.980000e-002	
2481	2.957500e-002	
2482	2.782500e-002	
2483	2.760000e-002	
2484	2.690000e-002	
2485	2.577500e-002	
2486	2.512500e-002	
2487	2.715000e-002	
2488	2.705000e-002	
2489	2.767500e-002	
2490	2.760000e-002	
2491	2.677500e-002	
2492	2.792500e-002	
2493	2.847500e-002	
2494	2.840000e-002	
2495	2.875000e-002	
2496	2.830000e-002	
2497	2.797500e-002	
2498	2.715000e-002	
2499	2.677500e-002	
2500	2.790000e-002	
2501	2.827500e-002	
2502	2.875000e-002	
2503	2.865000e-002	
2504	2.942500e-002	
2505	2.962500e-002	
2506	2.910000e-002	
2507	2.992500e-002	
2508	2.945000e-002	
2509	3.050000e-002	
2510	3.137500e-002	
2511	3.077500e-002	
2512	2.985000e-002	
2513	3.002500e-002	
2514	2.955000e-002	
2515	3.080000e-002	
2516	2.827500e-002	
2517	2.690000e-002	
2518	2.640000e-002	
2519	2.705000e-002	
2520	2.860000e-002	
2521	2.810000e-002	
2522	2.680000e-002	
2523	2.635000e-002	
2524	2.592500e-002	
2525	2.660000e-002	
2526	2.625000e-002	
2527	2.585000e-002	
2528	2.745000e-002	
2529	2.925000e-002	
2530	2.985000e-002	
2531	3.115000e-002	
2532	3.037500e-002	
2533	3.102500e-002	
2534	3.005000e-002	
2535	2.987500e-002	
2536	2.925000e-002	
2537	2.952500e-002	
2538	2.807500e-002	
2539	2.785000e-002	
2540	2.772500e-002	
2541	2.812500e-002	
2542	2.660000e-002	
2543	2.497500e-002	
2544	2.525000e-002	
2545	2.597500e-002	
2546	2.677500e-002	
2547	2.692500e-002	
2548	2.725000e-002	
2549	2.882500e-002	
2550	2.940000e-002	
2551	2.990000e-002	
2552	2.910000e-002	
2553	2.920000e-002	
2554	3.090000e-002	
2555	3.095000e-002	
2556	3.142500e-002	
2557	2.925000e-002	
2558	2.997500e-002	
2559	3.062500e-002	
2560	2.885000e-002	
2561	2.805000e-002	
2562	2.732500e-002	
2563	2.790000e-002	
2564	2.740000e-002	
2565	2.592500e-002	
2566	2.585000e-002	
2567	2.572500e-002	
2568	2.572500e-002	
2569	2.707500e-002	
2570	2.580000e-002	
2571	2.775000e-002	
2572	2.742500e-002	
2573	2.900000e-002	
2574	2.955000e-002	
2575	2.970000e-002	
2576	2.922500e-002	
2577	2.965000e-002	
2578	3.010000e-002	
2579	3.195000e-002	
2580	3.202500e-002	
2581	3.170000e-002	
2582	3.087500e-002	
2583	2.895000e-002	
2584	2.752500e-002	
2585	2.780000e-002	
2586	2.812500e-002	
2587	2.777500e-002	
2588	2.750000e-002	
2589	2.697500e-002	
2590	2.697500e-002	
2591	2.950000e-002	
2592	2.885000e-002	
2593	2.792500e-002	
2594	2.887500e-002	
2595	2.912500e-002	
2596	2.897500e-002	
2597	2.902500e-002	
2598	2.805000e-002	
2599	2.890000e-002	
2600	2.970000e-002	
2601	2.930000e-002	
2602	2.767500e-002	
2603	2.750000e-002	
2604	2.817500e-002	
2605	2.772500e-002	
2606	2.810000e-002	
2607	2.780000e-002	
2608	2.827500e-002	
2609	2.875000e-002	
2610	2.805000e-002	
2611	2.930000e-002	
2612	2.962500e-002	
2613	3.017500e-002	
2614	2.947500e-002	
2615	3.022500e-002	
2616	3.132500e-002	
2617	2.970000e-002	
2618	2.785000e-002	
2619	2.775000e-002	
2620	2.712500e-002	
2621	2.627500e-002	
2622	2.490000e-002	
2623	2.532500e-002	
2624	2.422500e-002	
2625	2.552500e-002	
2626	2.770000e-002	
2627	2.817500e-002	
2628	2.807500e-002	
2629	2.910000e-002	
2630	2.965000e-002	
2631	2.977500e-002	
2632	2.827500e-002	
2633	2.810000e-002	
2634	2.760000e-002	
2635	3.015000e-002	
2636	2.990000e-002	
2637	2.892500e-002	
2638	2.952500e-002	
2639	2.772500e-002	
2640	2.847500e-002	
2641	2.915000e-002	
2642	2.810000e-002	
2643	2.865000e-002	
2644	2.827500e-002	
2645	2.695000e-002	
2646	2.647500e-002	
2647	2.805000e-002	
2648	2.792500e-002	
2649	2.625000e-002	
2650	2.645000e-002	
2651	2.627500e-002	
2652	2.582500e-002	
2653	2.605000e-002	
2654	2.887500e-002	
2655	3.002500e-002	
2656	3.057500e-002	
2657	3.187500e-002	
2658	3.345000e-002	
2659	3.182500e-002	
2660	3.122500e-002	
2661	3.067500e-002	
2662	3.032500e-002	
2663	2.965000e-002	
2664	2.785000e-002	
2665	2.732500e-002	
2666	2.660000e-002	
2667	2.747500e-002	
2668	2.775000e-002	
2669	2.837500e-002	
2670	2.742500e-002	
2671	2.780000e-002	
2672	2.705000e-002	
2673	2.680000e-002	
2674	2.717500e-002	
2675	2.812500e-002	
2676	2.802500e-002	
2677	2.805000e-002	
2678	2.867500e-002	
2679	3.032500e-002	
2680	2.772500e-002	
2681	2.795000e-002	
2682	2.860000e-002	
2683	2.870000e-002	
2684	2.762500e-002	
2685	2.760000e-002	
2686	2.760000e-002	
2687	2.862500e-002	
2688	2.830000e-002	
2689	2.835000e-002	
2690	2.662500e-002	
2691	2.522500e-002	
2692	2.522500e-002	
2693	2.485000e-002	
2694	2.517500e-002	
2695	2.422500e-002	
2696	2.585000e-002	
2697	2.817500e-002	
2698	2.802500e-002	
2699	3.027500e-002	
2700	2.995000e-002	
2701	3.165000e-002	
2702	3.072500e-002	
2703	3.217500e-002	
2704	3.237500e-002	
2705	3.110000e-002	
2706	3.042500e-002	
2707	2.930000e-002	
2708	2.895000e-002	
2709	2.835000e-002	
2710	2.767500e-002	
2711	2.850000e-002	
2712	2.850000e-002	
2713	2.685000e-002	
2714	2.477500e-002	
2715	2.540000e-002	
2716	2.682500e-002	
2717	2.740000e-002	
2718	2.975000e-002	
2719	2.877500e-002	
2720	2.785000e-002	
2721	2.700000e-002	
2722	2.772500e-002	
2723	2.817500e-002	
2724	2.917500e-002	
2725	3.000000e-002	
2726	2.895000e-002	
2727	2.877500e-002	
2728	3.067500e-002	
2729	3.060000e-002	
2730	3.027500e-002	
2731	3.110000e-002	
2732	3.052500e-002	
2733	3.120000e-002	
2734	2.917500e-002	
2735	2.882500e-002	
2736	2.902500e-002	
2737	2.692500e-002	
2738	2.850000e-002	
2739	2.892500e-002	
2740	2.745000e-002	
2741	2.687500e-002	
2742	2.655000e-002	
2743	2.712500e-002	
2744	2.715000e-002	
2745	2.717500e-002	
2746	2.902500e-002	
2747	2.917500e-002	
2748	3.002500e-002	
2749	3.045000e-002	
2750	3.122500e-002	
2751	3.055000e-002	
2752	3.042500e-002	
2753	2.990000e-002	
2754	2.872500e-002	
2755	2.732500e-002	
2756	2.705000e-002	
2757	2.677500e-002	
2758	2.637500e-002	
2759	2.617500e-002	
2760	2.632500e-002	
2761	2.730000e-002	
2762	2.607500e-002	
2763	2.622500e-002	
2764	2.692500e-002	
2765	2.817500e-002	
2766	2.957500e-002	
2767	3.005000e-002	
2768	3.047500e-002	
2769	3.172500e-002	
2770	3.262500e-002	
2771	3.230000e-002	
2772	3.115000e-002	
2773	2.995000e-002	
2774	2.940000e-002	
2775	2.810000e-002	
2776	2.812500e-002	
2777	2.700000e-002	
2778	2.652500e-002	
2779	2.652500e-002	
2780	2.580000e-002	
2781	2.642500e-002	
2782	2.570000e-002	
2783	2.615000e-002	
2784	2.482500e-002	
2785	2.557500e-002	
2786	2.645000e-002	
2787	2.795000e-002	
2788	2.725000e-002	
2789	2.622500e-002	
2790	2.610000e-002	
2791	2.725000e-002	
2792	2.817500e-002	
2793	2.907500e-002	
2794	2.760000e-002	
2795	2.812500e-002	
2796	3.017500e-002	
2797	3.160000e-002	
2798	3.160000e-002	
2799	3.170000e-002	
2800	3.090000e-002	
2801	3.202500e-002	
2802	3.187500e-002	
2803	3.097500e-002	
2804	3.065000e-002	
2805	3.145000e-002	
2806	2.807500e-002	
2807	2.657500e-002	
2808	2.602500e-002	
2809	2.435000e-002	
2810	2.625000e-002	
2811	2.655000e-002	
2812	2.567500e-002	
2813	2.487500e-002	
2814	2.552500e-002	
2815	2.610000e-002	
2816	2.562500e-002	
2817	2.605000e-002	
2818	2.665000e-002	
2819	2.772500e-002	
2820	2.832500e-002	
2821	2.907500e-002	
2822	3.120000e-002	
2823	3.152500e-002	
2824	3.167500e-002	
2825	3.012500e-002	
2826	3.000000e-002	
2827	2.845000e-002	
2828	2.877500e-002	
2829	2.805000e-002	
2830	2.787500e-002	
2831	2.917500e-002	
2832	2.952500e-002	
2833	2.720000e-002	
2834	2.712500e-002	
2835	2.735000e-002	
2836	2.702500e-002	
2837	2.635000e-002	
2838	2.642500e-002	
2839	2.552500e-002	
2840	2.590000e-002	
2841	2.557500e-002	
2842	2.565000e-002	
2843	2.500000e-002	
2844	2.445000e-002	
2845	2.402500e-002	
2846	2.455000e-002	
2847	2.640000e-002	
2848	2.887500e-002	
2849	2.940000e-002	
2850	3.027500e-002	
2851	3.200000e-002	
2852	3.262500e-002	
2853	3.212500e-002	
2854	3.245000e-002	
2855	3.107500e-002	
2856	2.952500e-002	
2857	3.012500e-002	
2858	2.882500e-002	
2859	2.857500e-002	
2860	2.697500e-002	
2861	2.740000e-002	
2862	2.672500e-002	
2863	2.672500e-002	
2864	2.702500e-002	
2865	2.705000e-002	
2866	2.577500e-002	
2867	2.372500e-002	
2868	2.370000e-002	
2869	2.537500e-002	
2870	2.690000e-002	
2871	2.847500e-002	
2872	2.915000e-002	
2873	3.065000e-002	
2874	3.167500e-002	
2875	3.455000e-002	
2876	3.385000e-002	
2877	3.270000e-002	
2878	3.312500e-002	
2879	3.322500e-002	
2880	3.225000e-002	
2881	3.077500e-002	
2882	2.895000e-002	
2883	2.775000e-002	
2884	2.470000e-002	
2885	2.405000e-002	
2886	2.232500e-002	
2887	2.170000e-002	
2888	2.132500e-002	
2889	2.207500e-002	
2890	2.380000e-002	
2891	2.342500e-002	
2892	2.415000e-002	
2893	2.510000e-002	
2894	2.692500e-002	
2895	2.897500e-002	
2896	3.075000e-002	
2897	3.097500e-002	
2898	3.217500e-002	
2899	3.265000e-002	
2900	3.440000e-002	
2901	3.485000e-002	
2902	3.465000e-002	
2903	3.375000e-002	
2904	3.300000e-002	
2905	3.155000e-002	
2906	2.922500e-002	
2907	2.865000e-002	
2908	2.767500e-002	
2909	2.675000e-002	
2910	2.705000e-002	
2911	2.600000e-002	
2912	2.402500e-002	
2913	2.465000e-002	
2914	2.497500e-002	
2915	2.560000e-002	
2916	2.492500e-002	
2917	2.557500e-002	
2918	2.592500e-002	
2919	2.805000e-002	
2920	2.790000e-002	
2921	2.845000e-002	
2922	2.930000e-002	
2923	2.907500e-002	
2924	2.842500e-002	
2925	2.915000e-002	
2926	3.027500e-002	
2927	3.152500e-002	
2928	3.097500e-002	
2929	3.035000e-002	
2930	2.970000e-002	
2931	2.970000e-002	
2932	2.900000e-002	
2933	3.055000e-002	
2934	2.887500e-002	
2935	2.960000e-002	
2936	3.057500e-002	
2937	2.870000e-002	
2938	2.772500e-002	
2939	2.630000e-002	
2940	2.625000e-002	
2941	2.532500e-002	
2942	2.555000e-002	
2943	2.697500e-002	
2944	2.625000e-002	
2945	2.815000e-002	
2946	2.897500e-002	
2947	2.917500e-002	
2948	2.885000e-002	
2949	2.877500e-002	
2950	3.007500e-002	
2951	3.032500e-002	
2952	3.050000e-002	
2953	3.090000e-002	
2954	3.197500e-002	
2955	3.095000e-002	
2956	2.962500e-002	
2957	3.027500e-002	
2958	2.912500e-002	
2959	3.010000e-002	
2960	2.882500e-002	
2961	2.777500e-002	
2962	2.752500e-002	
2963	2.770000e-002	
2964	2.732500e-002	
2965	2.567500e-002	
2966	2.600000e-002	
2967	2.510000e-002	
2968	2.442500e-002	
2969	2.460000e-002	
2970	2.487500e-002	
2971	2.620000e-002	
2972	2.740000e-002	
2973	2.750000e-002	
2974	2.885000e-002	
2975	3.105000e-002	
2976	3.055000e-002	
2977	3.110000e-002	
2978	3.090000e-002	
2979	3.120000e-002	
2980	2.980000e-002	
2981	3.077500e-002	
2982	2.967500e-002	
2983	3.007500e-002	
2984	2.852500e-002	
2985	2.767500e-002	
2986	2.807500e-002	
2987	2.817500e-002	
2988	2.777500e-002	
2989	2.767500e-002	
2990	2.695000e-002	
2991	2.727500e-002	
2992	2.737500e-002	
2993	2.900000e-002	
2994	2.887500e-002	
2995	2.737500e-002	
2996	2.840000e-002	
2997	2.955000e-002	
2998	3.017500e-002	
2999	2.915000e-002	
3000	2.845000e-002	
3001	3.015000e-002	
