1	0	
2	2.500000e-005	
3	1.500000e-004	
4	3.500000e-004	
5	7.250000e-004	
6	1.475000e-003	
7	2.225000e-003	
8	3.125000e-003	
9	4.650000e-003	
10	7.000000e-003	
11	9.625000e-003	
12	1.277500e-002	
13	1.660000e-002	
14	2.025000e-002	
15	2.395000e-002	
16	2.890000e-002	
17	3.237500e-002	
18	3.610000e-002	
19	4.130000e-002	
20	4.710000e-002	
21	5.160000e-002	
22	5.802500e-002	
23	6.212500e-002	
24	6.622500e-002	
25	6.860000e-002	
26	6.925000e-002	
27	6.880000e-002	
28	6.735000e-002	
29	6.392500e-002	
30	6.320000e-002	
31	6.320000e-002	
32	6.142500e-002	
33	6.177500e-002	
34	5.930000e-002	
35	5.625000e-002	
36	5.607500e-002	
37	5.695000e-002	
38	5.787500e-002	
39	5.732500e-002	
40	5.947500e-002	
41	5.997500e-002	
42	6.162500e-002	
43	6.122500e-002	
44	6.502500e-002	
45	6.482500e-002	
46	6.627500e-002	
47	6.507500e-002	
48	6.455000e-002	
49	6.090000e-002	
50	6.217500e-002	
51	6.327500e-002	
52	6.467500e-002	
53	6.480000e-002	
54	6.402500e-002	
55	6.275000e-002	
56	6.115000e-002	
57	6.200000e-002	
58	6.390000e-002	
59	6.477500e-002	
60	6.557500e-002	
61	6.272500e-002	
62	6.137500e-002	
63	5.845000e-002	
64	5.842500e-002	
65	6.000000e-002	
66	6.015000e-002	
67	6.040000e-002	
68	5.917500e-002	
69	6.080000e-002	
70	6.217500e-002	
71	6.200000e-002	
72	6.207500e-002	
73	6.217500e-002	
74	6.190000e-002	
75	6.020000e-002	
76	6.090000e-002	
77	6.210000e-002	
78	6.320000e-002	
79	6.410000e-002	
80	6.300000e-002	
81	6.435000e-002	
82	6.215000e-002	
83	6.032500e-002	
84	6.115000e-002	
85	6.137500e-002	
86	6.297500e-002	
87	6.202500e-002	
88	6.192500e-002	
89	6.127500e-002	
90	6.040000e-002	
91	6.032500e-002	
92	6.065000e-002	
93	6.105000e-002	
94	6.055000e-002	
95	5.915000e-002	
96	6.120000e-002	
97	6.037500e-002	
98	6.055000e-002	
99	6.230000e-002	
100	6.335000e-002	
101	6.277500e-002	
102	6.290000e-002	
103	6.000000e-002	
104	5.795000e-002	
105	5.797500e-002	
106	5.810000e-002	
107	5.920000e-002	
108	6.080000e-002	
109	6.307500e-002	
110	6.277500e-002	
111	6.262500e-002	
112	6.222500e-002	
113	6.057500e-002	
114	6.292500e-002	
115	6.445000e-002	
116	6.327500e-002	
117	6.255000e-002	
118	6.127500e-002	
119	6.045000e-002	
120	5.982500e-002	
121	6.007500e-002	
122	6.077500e-002	
123	6.247500e-002	
124	6.242500e-002	
125	6.367500e-002	
126	6.385000e-002	
127	6.407500e-002	
128	6.197500e-002	
129	6.145000e-002	
130	5.892500e-002	
131	5.902500e-002	
132	5.990000e-002	
133	6.155000e-002	
134	6.342500e-002	
135	6.185000e-002	
136	6.042500e-002	
137	6.225000e-002	
138	6.005000e-002	
139	5.962500e-002	
140	6.057500e-002	
141	5.967500e-002	
142	6.200000e-002	
143	6.367500e-002	
144	6.292500e-002	
145	6.495000e-002	
146	6.222500e-002	
147	6.312500e-002	
148	6.195000e-002	
149	6.032500e-002	
150	6.197500e-002	
151	6.262500e-002	
152	6.122500e-002	
153	6.307500e-002	
154	6.337500e-002	
155	6.202500e-002	
156	6.197500e-002	
157	6.140000e-002	
158	5.987500e-002	
159	6.110000e-002	
160	5.850000e-002	
161	5.972500e-002	
162	6.042500e-002	
163	6.002500e-002	
164	6.090000e-002	
165	6.340000e-002	
166	6.425000e-002	
167	6.367500e-002	
168	6.422500e-002	
169	6.222500e-002	
170	6.032500e-002	
171	6.050000e-002	
172	5.965000e-002	
173	5.707500e-002	
174	5.847500e-002	
175	5.902500e-002	
176	5.920000e-002	
177	6.247500e-002	
178	6.365000e-002	
179	6.457500e-002	
180	6.302500e-002	
181	6.170000e-002	
182	6.120000e-002	
183	6.107500e-002	
184	5.827500e-002	
185	5.722500e-002	
186	5.770000e-002	
187	5.925000e-002	
188	5.895000e-002	
189	5.977500e-002	
190	6.095000e-002	
191	6.182500e-002	
192	6.302500e-002	
193	6.342500e-002	
194	6.510000e-002	
195	6.412500e-002	
196	6.220000e-002	
197	6.160000e-002	
198	6.052500e-002	
199	6.152500e-002	
200	6.230000e-002	
201	6.082500e-002	
202	6.065000e-002	
203	5.967500e-002	
204	6.007500e-002	
205	6.145000e-002	
206	6.245000e-002	
207	6.272500e-002	
208	6.185000e-002	
209	6.452500e-002	
210	6.400000e-002	
211	6.415000e-002	
212	6.285000e-002	
213	6.160000e-002	
214	6.057500e-002	
215	6.117500e-002	
216	5.940000e-002	
217	5.895000e-002	
218	5.962500e-002	
219	6.025000e-002	
220	6.017500e-002	
221	6.057500e-002	
222	6.232500e-002	
223	6.162500e-002	
224	6.180000e-002	
225	6.112500e-002	
226	6.147500e-002	
227	6.150000e-002	
228	6.497500e-002	
229	6.490000e-002	
230	6.287500e-002	
231	5.997500e-002	
232	5.962500e-002	
233	6.097500e-002	
234	6.145000e-002	
235	6.207500e-002	
236	6.480000e-002	
237	6.500000e-002	
238	6.402500e-002	
239	6.245000e-002	
240	5.982500e-002	
241	5.892500e-002	
242	5.780000e-002	
243	5.827500e-002	
244	5.802500e-002	
245	5.987500e-002	
246	6.095000e-002	
247	6.267500e-002	
248	6.270000e-002	
249	6.362500e-002	
250	6.165000e-002	
251	5.845000e-002	
252	5.795000e-002	
253	6.022500e-002	
254	6.147500e-002	
255	6.115000e-002	
256	6.367500e-002	
257	6.262500e-002	
258	6.355000e-002	
259	6.480000e-002	
260	6.710000e-002	
261	6.617500e-002	
262	6.325000e-002	
263	6.112500e-002	
264	5.977500e-002	
265	5.825000e-002	
266	6.177500e-002	
267	6.212500e-002	
268	6.240000e-002	
269	6.090000e-002	
270	6.290000e-002	
271	6.160000e-002	
272	6.155000e-002	
273	6.380000e-002	
274	6.375000e-002	
275	6.332500e-002	
276	6.035000e-002	
277	5.952500e-002	
278	5.907500e-002	
279	5.885000e-002	
280	5.992500e-002	
281	6.090000e-002	
282	6.132500e-002	
283	6.147500e-002	
284	6.230000e-002	
285	6.562500e-002	
286	6.287500e-002	
287	6.477500e-002	
288	6.465000e-002	
289	6.125000e-002	
290	5.972500e-002	
291	5.795000e-002	
292	5.727500e-002	
293	5.802500e-002	
294	6.145000e-002	
295	6.275000e-002	
296	6.462500e-002	
297	6.615000e-002	
298	6.700000e-002	
299	6.802500e-002	
300	6.550000e-002	
301	6.280000e-002	
302	5.847500e-002	
303	5.862500e-002	
304	6.060000e-002	
305	5.995000e-002	
306	5.985000e-002	
307	6.227500e-002	
308	6.190000e-002	
309	6.280000e-002	
310	6.065000e-002	
311	6.100000e-002	
312	6.227500e-002	
313	6.100000e-002	
314	6.037500e-002	
315	6.212500e-002	
316	6.105000e-002	
317	6.135000e-002	
318	5.765000e-002	
319	5.747500e-002	
320	5.835000e-002	
321	5.905000e-002	
322	6.277500e-002	
323	6.532500e-002	
324	6.557500e-002	
325	6.552500e-002	
326	6.510000e-002	
327	6.267500e-002	
328	6.217500e-002	
329	6.147500e-002	
330	6.107500e-002	
331	6.015000e-002	
332	5.772500e-002	
333	5.885000e-002	
334	6.050000e-002	
335	6.087500e-002	
336	6.077500e-002	
337	5.947500e-002	
338	6.225000e-002	
339	6.025000e-002	
340	6.077500e-002	
341	6.260000e-002	
342	6.225000e-002	
343	6.155000e-002	
344	6.162500e-002	
345	6.257500e-002	
346	5.980000e-002	
347	6.105000e-002	
348	6.332500e-002	
349	6.380000e-002	
350	6.375000e-002	
351	6.087500e-002	
352	6.100000e-002	
353	6.242500e-002	
354	6.125000e-002	
355	6.212500e-002	
356	6.152500e-002	
357	6.315000e-002	
358	6.412500e-002	
359	6.255000e-002	
360	6.085000e-002	
361	5.932500e-002	
362	5.965000e-002	
363	6.197500e-002	
364	6.185000e-002	
365	6.347500e-002	
366	6.360000e-002	
367	6.257500e-002	
368	5.957500e-002	
369	6.035000e-002	
370	6.232500e-002	
371	6.322500e-002	
372	6.107500e-002	
373	6.005000e-002	
374	5.927500e-002	
375	6.017500e-002	
376	6.012500e-002	
377	6.242500e-002	
378	6.135000e-002	
379	6.185000e-002	
380	6.210000e-002	
381	6.227500e-002	
382	6.320000e-002	
383	6.405000e-002	
384	6.217500e-002	
385	6.105000e-002	
386	6.340000e-002	
387	6.300000e-002	
388	6.185000e-002	
389	5.875000e-002	
390	5.792500e-002	
391	5.972500e-002	
392	5.917500e-002	
393	6.107500e-002	
394	6.237500e-002	
395	6.442500e-002	
396	6.292500e-002	
397	6.597500e-002	
398	6.372500e-002	
399	6.457500e-002	
400	6.222500e-002	
401	6.262500e-002	
402	6.327500e-002	
403	6.340000e-002	
404	6.275000e-002	
405	5.980000e-002	
406	5.727500e-002	
407	5.995000e-002	
408	5.837500e-002	
409	5.967500e-002	
410	6.130000e-002	
411	6.180000e-002	
412	6.372500e-002	
413	6.532500e-002	
414	6.355000e-002	
415	6.390000e-002	
416	6.445000e-002	
417	6.277500e-002	
418	5.870000e-002	
419	5.950000e-002	
420	6.117500e-002	
421	6.022500e-002	
422	6.175000e-002	
423	6.312500e-002	
424	6.355000e-002	
425	6.310000e-002	
426	6.400000e-002	
427	6.395000e-002	
428	6.350000e-002	
429	6.005000e-002	
430	6.082500e-002	
431	5.890000e-002	
432	5.817500e-002	
433	5.970000e-002	
434	6.222500e-002	
435	6.172500e-002	
436	6.207500e-002	
437	6.267500e-002	
438	6.392500e-002	
439	6.195000e-002	
440	6.032500e-002	
441	5.980000e-002	
442	5.697500e-002	
443	5.882500e-002	
444	5.842500e-002	
445	6.122500e-002	
446	6.295000e-002	
447	6.367500e-002	
448	6.535000e-002	
449	6.427500e-002	
450	6.540000e-002	
451	6.552500e-002	
452	6.092500e-002	
453	5.862500e-002	
454	5.760000e-002	
455	5.837500e-002	
456	5.780000e-002	
457	6.055000e-002	
458	6.010000e-002	
459	6.027500e-002	
460	6.220000e-002	
461	6.292500e-002	
462	6.167500e-002	
463	6.175000e-002	
464	6.077500e-002	
465	5.972500e-002	
466	6.030000e-002	
467	6.080000e-002	
468	6.087500e-002	
469	6.295000e-002	
470	6.130000e-002	
471	6.095000e-002	
472	6.127500e-002	
473	6.065000e-002	
474	6.072500e-002	
475	5.942500e-002	
476	6.137500e-002	
477	6.155000e-002	
478	6.267500e-002	
479	6.192500e-002	
480	6.120000e-002	
481	6.302500e-002	
482	6.270000e-002	
483	6.217500e-002	
484	6.187500e-002	
485	6.505000e-002	
486	6.457500e-002	
487	6.440000e-002	
488	6.310000e-002	
489	6.175000e-002	
490	6.067500e-002	
491	5.807500e-002	
492	5.755000e-002	
493	5.757500e-002	
494	5.785000e-002	
495	5.772500e-002	
496	5.880000e-002	
497	6.335000e-002	
498	6.375000e-002	
499	6.492500e-002	
500	6.542500e-002	
501	6.392500e-002	
502	6.402500e-002	
503	6.092500e-002	
504	6.117500e-002	
505	6.050000e-002	
506	6.205000e-002	
507	6.062500e-002	
508	6.137500e-002	
509	6.125000e-002	
510	5.960000e-002	
511	5.930000e-002	
512	5.932500e-002	
513	5.940000e-002	
514	6.025000e-002	
515	5.835000e-002	
516	5.867500e-002	
517	5.985000e-002	
518	6.020000e-002	
519	6.317500e-002	
520	6.555000e-002	
521	6.630000e-002	
522	6.642500e-002	
523	6.605000e-002	
524	6.310000e-002	
525	6.350000e-002	
526	6.460000e-002	
527	6.327500e-002	
528	6.292500e-002	
529	6.335000e-002	
530	6.042500e-002	
531	5.910000e-002	
532	5.657500e-002	
533	5.775000e-002	
534	5.885000e-002	
535	5.862500e-002	
536	5.950000e-002	
537	6.215000e-002	
538	6.345000e-002	
539	6.252500e-002	
540	6.420000e-002	
541	6.485000e-002	
542	6.450000e-002	
543	6.530000e-002	
544	6.275000e-002	
545	6.122500e-002	
546	5.877500e-002	
547	5.907500e-002	
548	5.792500e-002	
549	5.830000e-002	
550	5.907500e-002	
551	6.037500e-002	
552	6.177500e-002	
553	6.342500e-002	
554	6.490000e-002	
555	6.570000e-002	
556	6.512500e-002	
557	6.177500e-002	
558	6.000000e-002	
559	5.950000e-002	
560	5.837500e-002	
561	5.795000e-002	
562	5.987500e-002	
563	6.067500e-002	
564	6.265000e-002	
565	6.335000e-002	
566	6.460000e-002	
567	6.655000e-002	
568	6.412500e-002	
569	6.342500e-002	
570	6.002500e-002	
571	6.055000e-002	
572	5.962500e-002	
573	6.040000e-002	
574	5.975000e-002	
575	6.112500e-002	
576	6.495000e-002	
577	6.560000e-002	
578	6.522500e-002	
579	6.392500e-002	
580	6.095000e-002	
581	6.052500e-002	
582	5.942500e-002	
583	6.082500e-002	
584	5.987500e-002	
585	6.117500e-002	
586	6.067500e-002	
587	5.897500e-002	
588	5.982500e-002	
589	6.015000e-002	
590	6.000000e-002	
591	6.210000e-002	
592	6.362500e-002	
593	6.097500e-002	
594	6.045000e-002	
595	5.962500e-002	
596	5.860000e-002	
597	6.025000e-002	
598	6.100000e-002	
599	6.212500e-002	
600	6.282500e-002	
601	6.275000e-002	
602	6.305000e-002	
603	6.472500e-002	
604	6.245000e-002	
605	6.315000e-002	
606	6.005000e-002	
607	5.835000e-002	
608	5.680000e-002	
609	5.770000e-002	
610	5.935000e-002	
611	6.067500e-002	
612	6.217500e-002	
613	6.350000e-002	
614	6.287500e-002	
615	6.610000e-002	
616	6.545000e-002	
617	6.422500e-002	
618	6.225000e-002	
619	6.100000e-002	
620	6.212500e-002	
621	6.222500e-002	
622	6.237500e-002	
623	6.070000e-002	
624	5.825000e-002	
625	6.162500e-002	
626	5.897500e-002	
627	5.755000e-002	
628	6.050000e-002	
629	6.485000e-002	
630	6.572500e-002	
631	6.257500e-002	
632	6.200000e-002	
633	6.287500e-002	
634	6.290000e-002	
635	6.050000e-002	
636	6.020000e-002	
637	5.840000e-002	
638	5.887500e-002	
639	6.017500e-002	
640	6.245000e-002	
641	6.457500e-002	
642	6.662500e-002	
643	6.227500e-002	
644	6.050000e-002	
645	6.172500e-002	
646	6.240000e-002	
647	5.942500e-002	
648	5.910000e-002	
649	5.875000e-002	
650	5.995000e-002	
651	6.167500e-002	
652	6.315000e-002	
653	6.570000e-002	
654	6.567500e-002	
655	6.532500e-002	
656	6.307500e-002	
657	6.022500e-002	
658	5.880000e-002	
659	5.852500e-002	
660	5.862500e-002	
661	5.942500e-002	
662	6.022500e-002	
663	6.097500e-002	
664	6.100000e-002	
665	6.062500e-002	
666	6.177500e-002	
667	6.337500e-002	
668	6.375000e-002	
669	6.132500e-002	
670	6.117500e-002	
671	5.907500e-002	
672	5.935000e-002	
673	6.160000e-002	
674	6.392500e-002	
675	6.327500e-002	
676	6.497500e-002	
677	6.410000e-002	
678	6.285000e-002	
679	6.325000e-002	
680	6.120000e-002	
681	5.842500e-002	
682	5.940000e-002	
683	6.095000e-002	
684	6.092500e-002	
685	6.205000e-002	
686	6.377500e-002	
687	6.492500e-002	
688	6.257500e-002	
689	6.342500e-002	
690	6.152500e-002	
691	6.162500e-002	
692	6.025000e-002	
693	6.015000e-002	
694	6.015000e-002	
695	6.065000e-002	
696	6.152500e-002	
697	6.225000e-002	
698	6.310000e-002	
699	6.332500e-002	
700	6.280000e-002	
701	6.215000e-002	
702	6.355000e-002	
703	6.255000e-002	
704	6.155000e-002	
705	6.007500e-002	
706	6.197500e-002	
707	6.195000e-002	
708	5.977500e-002	
709	5.795000e-002	
710	6.045000e-002	
711	6.210000e-002	
712	6.385000e-002	
713	6.337500e-002	
714	6.142500e-002	
715	6.040000e-002	
716	6.247500e-002	
717	6.030000e-002	
718	6.245000e-002	
719	6.260000e-002	
720	6.322500e-002	
721	6.112500e-002	
722	5.987500e-002	
723	6.005000e-002	
724	6.125000e-002	
725	6.355000e-002	
726	6.360000e-002	
727	6.347500e-002	
728	6.322500e-002	
729	6.147500e-002	
730	5.977500e-002	
731	6.110000e-002	
732	6.102500e-002	
733	5.857500e-002	
734	5.947500e-002	
735	6.235000e-002	
736	6.460000e-002	
737	6.382500e-002	
738	6.517500e-002	
739	6.285000e-002	
740	6.157500e-002	
741	5.902500e-002	
742	6.010000e-002	
743	6.085000e-002	
744	5.787500e-002	
745	6.007500e-002	
746	6.220000e-002	
747	6.302500e-002	
748	6.672500e-002	
749	6.405000e-002	
750	6.400000e-002	
751	6.370000e-002	
752	6.202500e-002	
753	6.265000e-002	
754	6.212500e-002	
755	6.162500e-002	
756	5.797500e-002	
757	6.127500e-002	
758	6.060000e-002	
759	5.800000e-002	
760	5.897500e-002	
761	6.060000e-002	
762	6.035000e-002	
763	6.110000e-002	
764	6.137500e-002	
765	6.142500e-002	
766	6.495000e-002	
767	6.417500e-002	
768	6.282500e-002	
769	6.082500e-002	
770	6.100000e-002	
771	5.885000e-002	
772	5.942500e-002	
773	6.155000e-002	
774	6.080000e-002	
775	6.305000e-002	
776	6.257500e-002	
777	6.110000e-002	
778	6.292500e-002	
779	6.132500e-002	
780	6.035000e-002	
781	6.135000e-002	
782	5.937500e-002	
783	6.155000e-002	
784	6.295000e-002	
785	6.090000e-002	
786	6.097500e-002	
787	6.142500e-002	
788	6.100000e-002	
789	6.097500e-002	
790	5.910000e-002	
791	5.987500e-002	
792	6.170000e-002	
793	6.042500e-002	
794	6.047500e-002	
795	6.092500e-002	
796	6.415000e-002	
797	6.285000e-002	
798	6.495000e-002	
799	6.410000e-002	
800	6.220000e-002	
801	6.122500e-002	
802	6.082500e-002	
803	6.122500e-002	
804	6.142500e-002	
805	5.945000e-002	
806	5.947500e-002	
807	5.842500e-002	
808	5.750000e-002	
809	5.980000e-002	
810	6.077500e-002	
811	6.330000e-002	
812	6.532500e-002	
813	6.717500e-002	
814	6.672500e-002	
815	6.492500e-002	
816	6.312500e-002	
817	6.112500e-002	
818	6.037500e-002	
819	5.915000e-002	
820	5.867500e-002	
821	6.055000e-002	
822	6.325000e-002	
823	6.182500e-002	
824	6.005000e-002	
825	6.387500e-002	
826	6.567500e-002	
827	6.390000e-002	
828	6.185000e-002	
829	6.227500e-002	
830	6.200000e-002	
831	5.995000e-002	
832	5.920000e-002	
833	5.907500e-002	
834	5.717500e-002	
835	6.122500e-002	
836	6.070000e-002	
837	6.025000e-002	
838	5.987500e-002	
839	6.182500e-002	
840	6.202500e-002	
841	6.475000e-002	
842	6.457500e-002	
843	6.357500e-002	
844	6.332500e-002	
845	6.330000e-002	
846	6.170000e-002	
847	6.307500e-002	
848	6.335000e-002	
849	6.095000e-002	
850	5.682500e-002	
851	5.807500e-002	
852	5.990000e-002	
853	6.467500e-002	
854	6.540000e-002	
855	6.597500e-002	
856	6.415000e-002	
857	6.365000e-002	
858	6.207500e-002	
859	5.867500e-002	
860	5.925000e-002	
861	5.692500e-002	
862	5.692500e-002	
863	5.855000e-002	
864	5.860000e-002	
865	6.037500e-002	
866	6.202500e-002	
867	6.352500e-002	
868	6.387500e-002	
869	6.482500e-002	
870	6.315000e-002	
871	6.132500e-002	
872	6.180000e-002	
873	6.080000e-002	
874	5.902500e-002	
875	6.055000e-002	
876	5.902500e-002	
877	6.152500e-002	
878	6.012500e-002	
879	6.235000e-002	
880	6.165000e-002	
881	6.060000e-002	
882	6.077500e-002	
883	6.310000e-002	
884	6.170000e-002	
885	6.105000e-002	
886	6.122500e-002	
887	6.270000e-002	
888	6.067500e-002	
889	6.237500e-002	
890	6.080000e-002	
891	5.980000e-002	
892	6.197500e-002	
893	6.242500e-002	
894	5.980000e-002	
895	5.965000e-002	
896	6.220000e-002	
897	6.317500e-002	
898	6.267500e-002	
899	6.437500e-002	
900	6.567500e-002	
901	6.505000e-002	
902	6.265000e-002	
903	6.142500e-002	
904	5.947500e-002	
905	5.942500e-002	
906	5.987500e-002	
907	5.787500e-002	
908	5.772500e-002	
909	6.260000e-002	
910	6.487500e-002	
911	6.385000e-002	
912	6.145000e-002	
913	6.312500e-002	
914	6.480000e-002	
915	6.337500e-002	
916	6.330000e-002	
917	6.120000e-002	
918	6.202500e-002	
919	5.977500e-002	
920	6.007500e-002	
921	6.145000e-002	
922	6.147500e-002	
923	6.220000e-002	
924	6.332500e-002	
925	6.497500e-002	
926	6.322500e-002	
927	6.225000e-002	
928	6.010000e-002	
929	6.087500e-002	
930	6.137500e-002	
931	6.077500e-002	
932	6.160000e-002	
933	6.082500e-002	
934	5.935000e-002	
935	5.967500e-002	
936	6.052500e-002	
937	6.115000e-002	
938	6.155000e-002	
939	6.335000e-002	
940	6.392500e-002	
941	6.202500e-002	
942	6.145000e-002	
943	6.172500e-002	
944	6.447500e-002	
945	6.132500e-002	
946	6.177500e-002	
947	6.207500e-002	
948	6.277500e-002	
949	6.302500e-002	
950	6.245000e-002	
951	5.860000e-002	
952	6.002500e-002	
953	6.025000e-002	
954	5.870000e-002	
955	6.037500e-002	
956	6.257500e-002	
957	6.297500e-002	
958	6.150000e-002	
959	6.165000e-002	
960	6.315000e-002	
961	6.485000e-002	
962	6.327500e-002	
963	6.195000e-002	
964	6.205000e-002	
965	6.395000e-002	
966	6.512500e-002	
967	6.270000e-002	
968	6.275000e-002	
969	6.170000e-002	
970	6.072500e-002	
971	6.015000e-002	
972	6.265000e-002	
973	6.332500e-002	
974	6.295000e-002	
975	6.027500e-002	
976	5.997500e-002	
977	5.887500e-002	
978	5.805000e-002	
979	5.927500e-002	
980	6.205000e-002	
981	5.942500e-002	
982	6.247500e-002	
983	6.350000e-002	
984	6.477500e-002	
985	6.445000e-002	
986	6.322500e-002	
987	6.105000e-002	
988	5.997500e-002	
989	6.025000e-002	
990	5.960000e-002	
991	5.867500e-002	
992	5.700000e-002	
993	5.887500e-002	
994	6.030000e-002	
995	6.327500e-002	
996	6.467500e-002	
997	6.475000e-002	
998	6.570000e-002	
999	6.220000e-002	
1000	6.167500e-002	
1001	6.050000e-002	
1002	6.165000e-002	
1003	6.015000e-002	
1004	6.222500e-002	
1005	6.300000e-002	
1006	6.397500e-002	
1007	6.425000e-002	
1008	6.455000e-002	
1009	6.467500e-002	
1010	6.230000e-002	
1011	6.102500e-002	
1012	5.975000e-002	
1013	5.737500e-002	
1014	6.037500e-002	
1015	6.090000e-002	
1016	6.087500e-002	
1017	6.320000e-002	
1018	6.237500e-002	
1019	6.012500e-002	
1020	6.325000e-002	
1021	6.405000e-002	
1022	6.425000e-002	
1023	6.437500e-002	
1024	6.190000e-002	
1025	6.085000e-002	
1026	5.830000e-002	
1027	5.725000e-002	
1028	5.662500e-002	
1029	5.762500e-002	
1030	5.982500e-002	
1031	5.872500e-002	
1032	5.857500e-002	
1033	6.015000e-002	
1034	6.200000e-002	
1035	6.397500e-002	
1036	6.677500e-002	
1037	6.622500e-002	
1038	6.360000e-002	
1039	6.350000e-002	
1040	6.282500e-002	
1041	5.965000e-002	
1042	6.102500e-002	
1043	6.030000e-002	
1044	6.077500e-002	
1045	6.252500e-002	
1046	6.232500e-002	
1047	6.145000e-002	
1048	6.180000e-002	
1049	6.347500e-002	
1050	6.157500e-002	
1051	6.112500e-002	
1052	5.890000e-002	
1053	5.935000e-002	
1054	5.595000e-002	
1055	5.832500e-002	
1056	5.942500e-002	
1057	5.972500e-002	
1058	6.407500e-002	
1059	6.390000e-002	
1060	6.572500e-002	
1061	6.810000e-002	
1062	6.467500e-002	
1063	6.035000e-002	
1064	6.085000e-002	
1065	5.787500e-002	
1066	5.700000e-002	
1067	5.760000e-002	
1068	5.897500e-002	
1069	6.000000e-002	
1070	6.220000e-002	
1071	6.227500e-002	
1072	6.440000e-002	
1073	6.320000e-002	
1074	6.120000e-002	
1075	6.082500e-002	
1076	6.160000e-002	
1077	6.040000e-002	
1078	6.012500e-002	
1079	6.215000e-002	
1080	6.290000e-002	
1081	6.527500e-002	
1082	6.315000e-002	
1083	6.105000e-002	
1084	6.132500e-002	
1085	6.152500e-002	
1086	5.827500e-002	
1087	5.935000e-002	
1088	5.957500e-002	
1089	6.110000e-002	
1090	6.142500e-002	
1091	6.070000e-002	
1092	6.180000e-002	
1093	6.210000e-002	
1094	6.120000e-002	
1095	6.375000e-002	
1096	6.085000e-002	
1097	5.942500e-002	
1098	5.927500e-002	
1099	5.895000e-002	
1100	5.952500e-002	
1101	6.342500e-002	
1102	6.242500e-002	
1103	6.477500e-002	
1104	6.397500e-002	
1105	6.127500e-002	
1106	6.365000e-002	
1107	6.352500e-002	
1108	6.080000e-002	
1109	6.032500e-002	
1110	6.097500e-002	
1111	6.275000e-002	
1112	6.410000e-002	
1113	6.635000e-002	
1114	6.492500e-002	
1115	6.312500e-002	
1116	6.297500e-002	
1117	6.032500e-002	
1118	5.630000e-002	
1119	5.747500e-002	
1120	5.857500e-002	
1121	6.015000e-002	
1122	6.065000e-002	
1123	6.332500e-002	
1124	6.417500e-002	
1125	6.500000e-002	
1126	6.500000e-002	
1127	6.440000e-002	
1128	6.140000e-002	
1129	5.820000e-002	
1130	5.987500e-002	
1131	6.155000e-002	
1132	6.187500e-002	
1133	6.210000e-002	
1134	6.247500e-002	
1135	6.167500e-002	
1136	6.280000e-002	
1137	6.367500e-002	
1138	6.275000e-002	
1139	6.407500e-002	
1140	6.202500e-002	
1141	6.080000e-002	
1142	6.195000e-002	
1143	5.987500e-002	
1144	6.010000e-002	
1145	5.900000e-002	
1146	6.045000e-002	
1147	6.017500e-002	
1148	6.005000e-002	
1149	6.017500e-002	
1150	6.087500e-002	
1151	6.107500e-002	
1152	6.285000e-002	
1153	6.425000e-002	
1154	6.560000e-002	
1155	6.497500e-002	
1156	6.290000e-002	
1157	5.992500e-002	
1158	6.080000e-002	
1159	5.947500e-002	
1160	6.157500e-002	
1161	6.282500e-002	
1162	6.192500e-002	
1163	6.027500e-002	
1164	6.060000e-002	
1165	5.905000e-002	
1166	6.025000e-002	
1167	6.185000e-002	
1168	6.240000e-002	
1169	6.297500e-002	
1170	6.285000e-002	
1171	6.075000e-002	
1172	6.105000e-002	
1173	6.117500e-002	
1174	6.237500e-002	
1175	6.432500e-002	
1176	6.375000e-002	
1177	6.175000e-002	
1178	5.940000e-002	
1179	5.822500e-002	
1180	5.830000e-002	
1181	6.010000e-002	
1182	6.330000e-002	
1183	6.367500e-002	
1184	6.412500e-002	
1185	6.500000e-002	
1186	6.420000e-002	
1187	6.237500e-002	
1188	6.047500e-002	
1189	6.187500e-002	
1190	6.175000e-002	
1191	6.092500e-002	
1192	6.155000e-002	
1193	6.210000e-002	
1194	6.220000e-002	
1195	6.260000e-002	
1196	6.230000e-002	
1197	6.240000e-002	
1198	6.187500e-002	
1199	6.332500e-002	
1200	6.102500e-002	
1201	6.157500e-002	
1202	6.112500e-002	
1203	6.165000e-002	
1204	6.170000e-002	
1205	6.262500e-002	
1206	6.477500e-002	
1207	6.312500e-002	
1208	6.137500e-002	
1209	5.927500e-002	
1210	5.727500e-002	
1211	5.720000e-002	
1212	5.942500e-002	
1213	6.050000e-002	
1214	6.410000e-002	
1215	6.377500e-002	
1216	6.237500e-002	
1217	6.132500e-002	
1218	6.145000e-002	
1219	6.292500e-002	
1220	6.265000e-002	
1221	6.295000e-002	
1222	6.177500e-002	
1223	6.077500e-002	
1224	5.957500e-002	
1225	6.075000e-002	
1226	5.847500e-002	
1227	6.025000e-002	
1228	6.057500e-002	
1229	6.140000e-002	
1230	6.127500e-002	
1231	5.980000e-002	
1232	6.145000e-002	
1233	6.460000e-002	
1234	6.417500e-002	
1235	6.172500e-002	
1236	6.382500e-002	
1237	6.377500e-002	
1238	6.355000e-002	
1239	6.365000e-002	
1240	6.232500e-002	
1241	6.365000e-002	
1242	6.150000e-002	
1243	5.957500e-002	
1244	6.262500e-002	
1245	6.285000e-002	
1246	6.135000e-002	
1247	6.017500e-002	
1248	5.935000e-002	
1249	5.822500e-002	
1250	5.850000e-002	
1251	5.652500e-002	
1252	5.680000e-002	
1253	5.742500e-002	
1254	6.085000e-002	
1255	6.350000e-002	
1256	6.445000e-002	
1257	6.592500e-002	
1258	6.710000e-002	
1259	6.637500e-002	
1260	6.417500e-002	
1261	6.100000e-002	
1262	5.947500e-002	
1263	5.962500e-002	
1264	5.865000e-002	
1265	5.830000e-002	
1266	5.715000e-002	
1267	5.757500e-002	
1268	6.127500e-002	
1269	6.115000e-002	
1270	6.397500e-002	
1271	6.445000e-002	
1272	6.450000e-002	
1273	6.297500e-002	
1274	6.322500e-002	
1275	6.170000e-002	
1276	6.025000e-002	
1277	5.997500e-002	
1278	5.975000e-002	
1279	5.957500e-002	
1280	5.970000e-002	
1281	5.990000e-002	
1282	5.950000e-002	
1283	6.335000e-002	
1284	6.272500e-002	
1285	6.185000e-002	
1286	6.077500e-002	
1287	6.137500e-002	
1288	6.282500e-002	
1289	6.427500e-002	
1290	6.067500e-002	
1291	6.062500e-002	
1292	6.267500e-002	
1293	6.335000e-002	
1294	6.640000e-002	
1295	6.535000e-002	
1296	6.495000e-002	
1297	6.165000e-002	
1298	5.862500e-002	
1299	5.805000e-002	
1300	5.677500e-002	
1301	5.887500e-002	
1302	5.892500e-002	
1303	6.065000e-002	
1304	6.217500e-002	
1305	6.527500e-002	
1306	6.512500e-002	
1307	6.292500e-002	
1308	6.195000e-002	
1309	6.172500e-002	
1310	6.125000e-002	
1311	6.067500e-002	
1312	5.962500e-002	
1313	6.027500e-002	
1314	5.897500e-002	
1315	5.892500e-002	
1316	5.727500e-002	
1317	5.860000e-002	
1318	5.887500e-002	
1319	6.022500e-002	
1320	6.242500e-002	
1321	6.362500e-002	
1322	6.447500e-002	
1323	6.537500e-002	
1324	6.397500e-002	
1325	6.242500e-002	
1326	6.260000e-002	
1327	6.035000e-002	
1328	5.865000e-002	
1329	5.865000e-002	
1330	6.092500e-002	
1331	6.077500e-002	
1332	6.217500e-002	
1333	6.217500e-002	
1334	6.030000e-002	
1335	6.172500e-002	
1336	6.365000e-002	
1337	6.420000e-002	
1338	6.237500e-002	
1339	6.240000e-002	
1340	6.035000e-002	
1341	6.132500e-002	
1342	5.982500e-002	
1343	6.137500e-002	
1344	6.235000e-002	
1345	6.362500e-002	
1346	6.315000e-002	
1347	6.302500e-002	
1348	6.185000e-002	
1349	6.147500e-002	
1350	6.125000e-002	
1351	5.945000e-002	
1352	5.817500e-002	
1353	5.965000e-002	
1354	6.012500e-002	
1355	6.065000e-002	
1356	6.200000e-002	
1357	6.075000e-002	
1358	6.157500e-002	
1359	6.287500e-002	
1360	6.325000e-002	
1361	6.327500e-002	
1362	6.220000e-002	
1363	6.225000e-002	
1364	6.502500e-002	
1365	6.350000e-002	
1366	6.350000e-002	
1367	6.042500e-002	
1368	5.940000e-002	
1369	6.047500e-002	
1370	5.972500e-002	
1371	6.030000e-002	
1372	5.885000e-002	
1373	6.062500e-002	
1374	6.442500e-002	
1375	6.507500e-002	
1376	6.572500e-002	
1377	6.317500e-002	
1378	6.035000e-002	
1379	5.782500e-002	
1380	5.892500e-002	
1381	6.130000e-002	
1382	6.330000e-002	
1383	6.182500e-002	
1384	6.357500e-002	
1385	6.295000e-002	
1386	6.317500e-002	
1387	6.140000e-002	
1388	6.185000e-002	
1389	6.255000e-002	
1390	6.177500e-002	
1391	6.245000e-002	
1392	6.197500e-002	
1393	5.717500e-002	
1394	5.590000e-002	
1395	5.660000e-002	
1396	5.792500e-002	
1397	5.927500e-002	
1398	6.170000e-002	
1399	6.500000e-002	
1400	6.550000e-002	
1401	6.327500e-002	
1402	6.332500e-002	
1403	6.127500e-002	
1404	6.082500e-002	
1405	5.935000e-002	
1406	5.860000e-002	
1407	5.990000e-002	
1408	6.137500e-002	
1409	6.107500e-002	
1410	5.917500e-002	
1411	6.192500e-002	
1412	6.385000e-002	
1413	6.300000e-002	
1414	6.227500e-002	
1415	6.100000e-002	
1416	6.340000e-002	
1417	6.077500e-002	
1418	5.957500e-002	
1419	6.017500e-002	
1420	6.087500e-002	
1421	6.247500e-002	
1422	6.265000e-002	
1423	6.385000e-002	
1424	6.445000e-002	
1425	6.402500e-002	
1426	6.507500e-002	
1427	6.092500e-002	
1428	6.187500e-002	
1429	6.137500e-002	
1430	5.995000e-002	
1431	5.922500e-002	
1432	6.002500e-002	
1433	5.985000e-002	
1434	6.165000e-002	
1435	6.330000e-002	
1436	6.397500e-002	
1437	6.492500e-002	
1438	6.362500e-002	
1439	6.212500e-002	
1440	6.532500e-002	
1441	6.295000e-002	
1442	6.262500e-002	
1443	6.347500e-002	
1444	6.195000e-002	
1445	6.137500e-002	
1446	5.965000e-002	
1447	6.020000e-002	
1448	6.047500e-002	
1449	6.255000e-002	
1450	6.232500e-002	
1451	6.035000e-002	
1452	5.822500e-002	
1453	5.987500e-002	
1454	5.895000e-002	
1455	6.085000e-002	
1456	6.257500e-002	
1457	6.242500e-002	
1458	6.240000e-002	
1459	6.280000e-002	
1460	6.372500e-002	
1461	6.480000e-002	
1462	6.247500e-002	
1463	6.125000e-002	
1464	6.255000e-002	
1465	6.197500e-002	
1466	5.987500e-002	
1467	6.082500e-002	
1468	6.032500e-002	
1469	5.970000e-002	
1470	6.035000e-002	
1471	6.050000e-002	
1472	6.022500e-002	
1473	6.207500e-002	
1474	6.280000e-002	
1475	6.472500e-002	
1476	6.140000e-002	
1477	6.252500e-002	
1478	6.150000e-002	
1479	5.955000e-002	
1480	6.007500e-002	
1481	5.990000e-002	
1482	6.137500e-002	
1483	6.190000e-002	
1484	6.320000e-002	
1485	6.310000e-002	
1486	6.227500e-002	
1487	6.477500e-002	
1488	6.372500e-002	
1489	6.550000e-002	
1490	6.200000e-002	
1491	5.952500e-002	
1492	5.900000e-002	
1493	5.937500e-002	
1494	6.172500e-002	
1495	6.240000e-002	
1496	6.262500e-002	
1497	6.122500e-002	
1498	6.190000e-002	
1499	6.290000e-002	
1500	6.215000e-002	
1501	6.222500e-002	
1502	6.262500e-002	
1503	6.332500e-002	
1504	6.350000e-002	
1505	6.285000e-002	
1506	6.282500e-002	
1507	6.287500e-002	
1508	6.150000e-002	
1509	6.055000e-002	
1510	6.030000e-002	
1511	5.972500e-002	
1512	6.115000e-002	
1513	5.965000e-002	
1514	5.972500e-002	
1515	5.937500e-002	
1516	6.060000e-002	
1517	6.260000e-002	
1518	6.257500e-002	
1519	6.440000e-002	
1520	6.320000e-002	
1521	6.547500e-002	
1522	6.462500e-002	
1523	5.975000e-002	
1524	5.695000e-002	
1525	5.872500e-002	
1526	5.972500e-002	
1527	6.002500e-002	
1528	6.265000e-002	
1529	6.130000e-002	
1530	6.157500e-002	
1531	6.207500e-002	
1532	6.405000e-002	
1533	6.127500e-002	
1534	6.155000e-002	
1535	6.430000e-002	
1536	6.482500e-002	
1537	6.312500e-002	
1538	6.255000e-002	
1539	6.000000e-002	
1540	6.090000e-002	
1541	6.027500e-002	
1542	5.920000e-002	
1543	6.100000e-002	
1544	6.067500e-002	
1545	6.320000e-002	
1546	6.437500e-002	
1547	6.512500e-002	
1548	6.667500e-002	
1549	6.507500e-002	
1550	6.237500e-002	
1551	6.095000e-002	
1552	6.055000e-002	
1553	6.012500e-002	
1554	5.922500e-002	
1555	5.967500e-002	
1556	6.037500e-002	
1557	6.095000e-002	
1558	6.067500e-002	
1559	6.427500e-002	
1560	6.495000e-002	
1561	6.427500e-002	
1562	6.377500e-002	
1563	6.390000e-002	
1564	6.262500e-002	
1565	6.340000e-002	
1566	6.432500e-002	
1567	6.327500e-002	
1568	6.422500e-002	
1569	6.255000e-002	
1570	6.110000e-002	
1571	6.042500e-002	
1572	6.075000e-002	
1573	5.982500e-002	
1574	6.012500e-002	
1575	5.977500e-002	
1576	5.970000e-002	
1577	5.927500e-002	
1578	6.070000e-002	
1579	6.245000e-002	
1580	6.140000e-002	
1581	6.255000e-002	
1582	6.230000e-002	
1583	6.302500e-002	
1584	6.162500e-002	
1585	6.202500e-002	
1586	6.077500e-002	
1587	6.172500e-002	
1588	6.317500e-002	
1589	6.217500e-002	
1590	5.985000e-002	
1591	6.135000e-002	
1592	6.072500e-002	
1593	6.277500e-002	
1594	6.025000e-002	
1595	6.245000e-002	
1596	6.192500e-002	
1597	6.332500e-002	
1598	6.102500e-002	
1599	6.020000e-002	
1600	5.930000e-002	
1601	5.955000e-002	
1602	5.990000e-002	
1603	5.990000e-002	
1604	6.070000e-002	
1605	6.330000e-002	
1606	6.322500e-002	
1607	6.267500e-002	
1608	6.097500e-002	
1609	5.967500e-002	
1610	6.315000e-002	
1611	6.360000e-002	
1612	6.377500e-002	
1613	6.190000e-002	
1614	6.150000e-002	
1615	6.050000e-002	
1616	6.035000e-002	
1617	6.010000e-002	
1618	6.137500e-002	
1619	6.240000e-002	
1620	6.392500e-002	
1621	6.165000e-002	
1622	6.075000e-002	
1623	5.952500e-002	
1624	6.065000e-002	
1625	6.210000e-002	
1626	5.975000e-002	
1627	6.202500e-002	
1628	6.165000e-002	
1629	6.232500e-002	
1630	6.205000e-002	
1631	6.145000e-002	
1632	6.092500e-002	
1633	6.260000e-002	
1634	6.252500e-002	
1635	6.270000e-002	
1636	6.212500e-002	
1637	6.232500e-002	
1638	6.195000e-002	
1639	6.372500e-002	
1640	6.322500e-002	
1641	6.052500e-002	
1642	5.995000e-002	
1643	6.012500e-002	
1644	5.977500e-002	
1645	5.955000e-002	
1646	6.100000e-002	
1647	6.085000e-002	
1648	6.247500e-002	
1649	6.165000e-002	
1650	6.177500e-002	
1651	6.177500e-002	
1652	6.427500e-002	
1653	6.370000e-002	
1654	6.220000e-002	
1655	6.315000e-002	
1656	6.157500e-002	
1657	6.080000e-002	
1658	6.270000e-002	
1659	6.247500e-002	
1660	6.255000e-002	
1661	6.077500e-002	
1662	5.825000e-002	
1663	5.767500e-002	
1664	5.830000e-002	
1665	5.800000e-002	
1666	6.012500e-002	
1667	6.092500e-002	
1668	6.250000e-002	
1669	6.515000e-002	
1670	6.820000e-002	
1671	6.540000e-002	
1672	6.397500e-002	
1673	6.302500e-002	
1674	5.940000e-002	
1675	5.737500e-002	
1676	5.877500e-002	
1677	5.727500e-002	
1678	6.170000e-002	
1679	6.260000e-002	
1680	6.212500e-002	
1681	6.435000e-002	
1682	6.625000e-002	
1683	6.607500e-002	
1684	6.420000e-002	
1685	6.297500e-002	
1686	5.997500e-002	
1687	5.670000e-002	
1688	5.782500e-002	
1689	5.947500e-002	
1690	5.900000e-002	
1691	5.957500e-002	
1692	5.902500e-002	
1693	6.140000e-002	
1694	6.465000e-002	
1695	6.647500e-002	
1696	6.655000e-002	
1697	6.382500e-002	
1698	6.342500e-002	
1699	5.870000e-002	
1700	5.845000e-002	
1701	5.882500e-002	
1702	5.742500e-002	
1703	5.630000e-002	
1704	5.962500e-002	
1705	6.040000e-002	
1706	6.265000e-002	
1707	6.212500e-002	
1708	6.252500e-002	
1709	6.492500e-002	
1710	6.595000e-002	
1711	6.395000e-002	
1712	6.077500e-002	
1713	6.045000e-002	
1714	5.800000e-002	
1715	5.865000e-002	
1716	6.020000e-002	
1717	6.155000e-002	
1718	6.087500e-002	
1719	6.425000e-002	
1720	6.872500e-002	
1721	6.670000e-002	
1722	6.307500e-002	
1723	5.940000e-002	
1724	5.860000e-002	
1725	5.940000e-002	
1726	5.877500e-002	
1727	5.780000e-002	
1728	5.642500e-002	
1729	5.965000e-002	
1730	5.975000e-002	
1731	5.820000e-002	
1732	6.095000e-002	
1733	6.245000e-002	
1734	6.295000e-002	
1735	6.382500e-002	
1736	6.232500e-002	
1737	6.255000e-002	
1738	6.442500e-002	
1739	6.262500e-002	
1740	6.060000e-002	
1741	6.182500e-002	
1742	6.102500e-002	
1743	6.345000e-002	
1744	6.277500e-002	
1745	6.242500e-002	
1746	6.352500e-002	
1747	6.380000e-002	
1748	6.205000e-002	
1749	6.105000e-002	
1750	6.050000e-002	
1751	6.052500e-002	
1752	6.062500e-002	
1753	5.857500e-002	
1754	6.002500e-002	
1755	6.095000e-002	
1756	5.992500e-002	
1757	6.102500e-002	
1758	6.237500e-002	
1759	6.372500e-002	
1760	6.530000e-002	
1761	6.605000e-002	
1762	6.475000e-002	
1763	6.330000e-002	
1764	6.247500e-002	
1765	6.210000e-002	
1766	6.010000e-002	
1767	5.920000e-002	
1768	5.852500e-002	
1769	5.910000e-002	
1770	5.960000e-002	
1771	6.255000e-002	
1772	6.347500e-002	
1773	6.355000e-002	
1774	6.287500e-002	
1775	6.360000e-002	
1776	6.117500e-002	
1777	6.112500e-002	
1778	5.877500e-002	
1779	5.935000e-002	
1780	6.182500e-002	
1781	6.415000e-002	
1782	6.472500e-002	
1783	6.240000e-002	
1784	6.192500e-002	
1785	6.365000e-002	
1786	6.332500e-002	
1787	6.170000e-002	
1788	6.140000e-002	
1789	6.192500e-002	
1790	6.097500e-002	
1791	5.940000e-002	
1792	5.855000e-002	
1793	6.050000e-002	
1794	6.100000e-002	
1795	6.237500e-002	
1796	6.500000e-002	
1797	6.542500e-002	
1798	6.207500e-002	
1799	6.332500e-002	
1800	6.155000e-002	
1801	6.152500e-002	
1802	6.092500e-002	
1803	5.947500e-002	
1804	5.982500e-002	
1805	5.702500e-002	
1806	5.792500e-002	
1807	6.117500e-002	
1808	6.335000e-002	
1809	6.357500e-002	
1810	6.430000e-002	
1811	6.345000e-002	
1812	6.210000e-002	
1813	6.005000e-002	
1814	5.812500e-002	
1815	5.677500e-002	
1816	5.732500e-002	
1817	6.065000e-002	
1818	6.200000e-002	
1819	6.275000e-002	
1820	6.380000e-002	
1821	6.470000e-002	
1822	6.350000e-002	
1823	6.340000e-002	
1824	6.312500e-002	
1825	6.237500e-002	
1826	6.040000e-002	
1827	6.205000e-002	
1828	6.000000e-002	
1829	5.870000e-002	
1830	5.780000e-002	
1831	5.992500e-002	
1832	5.900000e-002	
1833	6.392500e-002	
1834	6.480000e-002	
1835	6.410000e-002	
1836	6.150000e-002	
1837	6.257500e-002	
1838	6.320000e-002	
1839	6.172500e-002	
1840	6.097500e-002	
1841	6.120000e-002	
1842	6.087500e-002	
1843	6.085000e-002	
1844	6.032500e-002	
1845	6.050000e-002	
1846	6.120000e-002	
1847	6.187500e-002	
1848	6.395000e-002	
1849	6.645000e-002	
1850	6.425000e-002	
1851	6.207500e-002	
1852	6.217500e-002	
1853	6.200000e-002	
1854	6.372500e-002	
1855	6.207500e-002	
1856	5.827500e-002	
1857	5.697500e-002	
1858	5.847500e-002	
1859	5.700000e-002	
1860	5.705000e-002	
1861	5.777500e-002	
1862	5.987500e-002	
1863	6.142500e-002	
1864	6.162500e-002	
1865	6.372500e-002	
1866	6.367500e-002	
1867	6.327500e-002	
1868	6.262500e-002	
1869	6.112500e-002	
1870	5.850000e-002	
1871	5.860000e-002	
1872	5.920000e-002	
1873	5.870000e-002	
1874	6.007500e-002	
1875	6.035000e-002	
1876	6.130000e-002	
1877	6.285000e-002	
1878	6.442500e-002	
1879	6.330000e-002	
1880	6.297500e-002	
1881	6.277500e-002	
1882	6.197500e-002	
1883	6.167500e-002	
1884	6.185000e-002	
1885	6.140000e-002	
1886	5.995000e-002	
1887	6.057500e-002	
1888	6.202500e-002	
1889	6.177500e-002	
1890	6.160000e-002	
1891	6.062500e-002	
1892	6.032500e-002	
1893	6.160000e-002	
1894	6.057500e-002	
1895	6.085000e-002	
1896	6.222500e-002	
1897	6.217500e-002	
1898	6.052500e-002	
1899	5.990000e-002	
1900	6.035000e-002	
1901	5.905000e-002	
1902	6.115000e-002	
1903	6.245000e-002	
1904	6.250000e-002	
1905	6.107500e-002	
1906	6.165000e-002	
1907	6.442500e-002	
1908	6.405000e-002	
1909	6.067500e-002	
1910	5.965000e-002	
1911	5.885000e-002	
1912	5.850000e-002	
1913	5.920000e-002	
1914	6.047500e-002	
1915	6.347500e-002	
1916	6.642500e-002	
1917	6.570000e-002	
1918	6.480000e-002	
1919	6.290000e-002	
1920	5.965000e-002	
1921	6.125000e-002	
1922	6.217500e-002	
1923	6.097500e-002	
1924	6.232500e-002	
1925	6.180000e-002	
1926	6.192500e-002	
1927	6.122500e-002	
1928	6.027500e-002	
1929	6.285000e-002	
1930	6.035000e-002	
1931	5.895000e-002	
1932	5.982500e-002	
1933	6.230000e-002	
1934	6.147500e-002	
1935	6.027500e-002	
1936	6.077500e-002	
1937	6.105000e-002	
1938	6.302500e-002	
1939	6.415000e-002	
1940	6.375000e-002	
1941	5.897500e-002	
1942	5.957500e-002	
1943	6.142500e-002	
1944	6.190000e-002	
1945	6.167500e-002	
1946	6.275000e-002	
1947	6.402500e-002	
1948	6.370000e-002	
1949	6.340000e-002	
1950	6.267500e-002	
1951	6.140000e-002	
1952	6.120000e-002	
1953	6.022500e-002	
1954	6.230000e-002	
1955	6.077500e-002	
1956	5.965000e-002	
1957	6.267500e-002	
1958	6.232500e-002	
1959	6.210000e-002	
1960	6.367500e-002	
1961	6.200000e-002	
1962	6.037500e-002	
1963	6.040000e-002	
1964	6.070000e-002	
1965	6.200000e-002	
1966	6.147500e-002	
1967	6.330000e-002	
1968	6.455000e-002	
1969	6.292500e-002	
1970	6.062500e-002	
1971	6.095000e-002	
1972	6.170000e-002	
1973	6.177500e-002	
1974	6.145000e-002	
1975	5.892500e-002	
1976	5.985000e-002	
1977	6.222500e-002	
1978	6.220000e-002	
1979	6.022500e-002	
1980	6.025000e-002	
1981	5.935000e-002	
1982	6.120000e-002	
1983	6.035000e-002	
1984	5.922500e-002	
1985	6.030000e-002	
1986	6.477500e-002	
1987	6.582500e-002	
1988	6.385000e-002	
1989	6.300000e-002	
1990	6.410000e-002	
1991	6.132500e-002	
1992	6.047500e-002	
1993	6.095000e-002	
1994	6.137500e-002	
1995	6.100000e-002	
1996	6.077500e-002	
1997	6.005000e-002	
1998	6.275000e-002	
1999	6.350000e-002	
2000	6.287500e-002	
2001	6.492500e-002	
2002	6.605000e-002	
2003	6.442500e-002	
2004	6.337500e-002	
2005	6.197500e-002	
2006	6.122500e-002	
2007	6.027500e-002	
2008	5.807500e-002	
2009	5.727500e-002	
2010	5.697500e-002	
2011	5.840000e-002	
2012	6.140000e-002	
2013	6.265000e-002	
2014	6.602500e-002	
2015	6.547500e-002	
2016	6.605000e-002	
2017	6.265000e-002	
2018	6.125000e-002	
2019	6.102500e-002	
2020	6.030000e-002	
2021	6.240000e-002	
2022	6.362500e-002	
2023	6.315000e-002	
2024	6.447500e-002	
2025	6.402500e-002	
2026	6.115000e-002	
2027	5.897500e-002	
2028	5.587500e-002	
2029	5.652500e-002	
2030	5.760000e-002	
2031	5.812500e-002	
2032	6.042500e-002	
2033	6.055000e-002	
2034	5.807500e-002	
2035	5.887500e-002	
2036	6.135000e-002	
2037	6.322500e-002	
2038	6.677500e-002	
2039	6.772500e-002	
2040	6.722500e-002	
2041	6.715000e-002	
2042	6.345000e-002	
2043	6.257500e-002	
2044	6.017500e-002	
2045	5.790000e-002	
2046	5.675000e-002	
2047	5.602500e-002	
2048	5.917500e-002	
2049	6.150000e-002	
2050	6.242500e-002	
2051	6.177500e-002	
2052	6.320000e-002	
2053	6.317500e-002	
2054	6.195000e-002	
2055	6.225000e-002	
2056	5.962500e-002	
2057	6.197500e-002	
2058	6.232500e-002	
2059	6.022500e-002	
2060	5.877500e-002	
2061	6.040000e-002	
2062	6.250000e-002	
2063	6.120000e-002	
2064	6.200000e-002	
2065	6.255000e-002	
2066	6.327500e-002	
2067	6.247500e-002	
2068	6.047500e-002	
2069	5.917500e-002	
2070	6.020000e-002	
2071	5.977500e-002	
2072	5.977500e-002	
2073	6.192500e-002	
2074	6.352500e-002	
2075	6.625000e-002	
2076	6.420000e-002	
2077	6.525000e-002	
2078	6.327500e-002	
2079	6.095000e-002	
2080	6.167500e-002	
2081	6.345000e-002	
2082	5.975000e-002	
2083	6.025000e-002	
2084	5.935000e-002	
2085	5.940000e-002	
2086	5.922500e-002	
2087	6.192500e-002	
2088	6.162500e-002	
2089	5.932500e-002	
2090	5.920000e-002	
2091	6.130000e-002	
2092	6.370000e-002	
2093	6.315000e-002	
2094	6.222500e-002	
2095	6.182500e-002	
2096	6.195000e-002	
2097	6.207500e-002	
2098	5.975000e-002	
2099	5.765000e-002	
2100	6.002500e-002	
2101	6.025000e-002	
2102	6.220000e-002	
2103	6.292500e-002	
2104	6.230000e-002	
2105	6.160000e-002	
2106	6.227500e-002	
2107	6.260000e-002	
2108	6.360000e-002	
2109	6.200000e-002	
2110	6.122500e-002	
2111	6.045000e-002	
2112	6.180000e-002	
2113	6.005000e-002	
2114	5.917500e-002	
2115	6.010000e-002	
2116	5.927500e-002	
2117	5.980000e-002	
2118	6.435000e-002	
2119	6.337500e-002	
2120	6.210000e-002	
2121	6.407500e-002	
2122	6.207500e-002	
2123	6.347500e-002	
2124	6.127500e-002	
2125	6.172500e-002	
2126	6.217500e-002	
2127	6.207500e-002	
2128	6.187500e-002	
2129	6.392500e-002	
2130	6.427500e-002	
2131	6.407500e-002	
2132	6.397500e-002	
2133	6.240000e-002	
2134	6.190000e-002	
2135	6.207500e-002	
2136	6.282500e-002	
2137	6.047500e-002	
2138	5.960000e-002	
2139	5.985000e-002	
2140	5.982500e-002	
2141	6.085000e-002	
2142	6.322500e-002	
2143	6.245000e-002	
2144	6.342500e-002	
2145	6.410000e-002	
2146	6.502500e-002	
2147	6.147500e-002	
2148	5.877500e-002	
2149	6.037500e-002	
2150	5.875000e-002	
2151	5.885000e-002	
2152	6.027500e-002	
2153	6.032500e-002	
2154	6.297500e-002	
2155	6.222500e-002	
2156	6.525000e-002	
2157	6.550000e-002	
2158	6.420000e-002	
2159	6.392500e-002	
2160	6.125000e-002	
2161	5.900000e-002	
2162	5.805000e-002	
2163	5.905000e-002	
2164	5.902500e-002	
2165	5.865000e-002	
2166	5.890000e-002	
2167	6.002500e-002	
2168	6.087500e-002	
2169	6.230000e-002	
2170	6.237500e-002	
2171	6.335000e-002	
2172	6.382500e-002	
2173	6.270000e-002	
2174	6.210000e-002	
2175	6.025000e-002	
2176	6.160000e-002	
2177	6.092500e-002	
2178	6.242500e-002	
2179	6.195000e-002	
2180	6.100000e-002	
2181	6.265000e-002	
2182	6.400000e-002	
2183	6.272500e-002	
2184	6.205000e-002	
2185	6.122500e-002	
2186	6.120000e-002	
2187	5.987500e-002	
2188	5.802500e-002	
2189	5.837500e-002	
2190	6.102500e-002	
2191	6.290000e-002	
2192	6.575000e-002	
2193	6.382500e-002	
2194	6.277500e-002	
2195	6.227500e-002	
2196	6.225000e-002	
2197	6.305000e-002	
2198	6.312500e-002	
2199	6.592500e-002	
2200	6.142500e-002	
2201	5.792500e-002	
2202	5.792500e-002	
2203	5.742500e-002	
2204	6.042500e-002	
2205	6.155000e-002	
2206	6.415000e-002	
2207	6.445000e-002	
2208	6.367500e-002	
2209	6.342500e-002	
2210	6.412500e-002	
2211	6.332500e-002	
2212	6.192500e-002	
2213	6.152500e-002	
2214	6.172500e-002	
2215	6.010000e-002	
2216	5.965000e-002	
2217	5.957500e-002	
2218	5.980000e-002	
2219	5.900000e-002	
2220	5.820000e-002	
2221	5.990000e-002	
2222	5.892500e-002	
2223	5.995000e-002	
2224	6.152500e-002	
2225	6.177500e-002	
2226	6.477500e-002	
2227	6.397500e-002	
2228	6.235000e-002	
2229	6.417500e-002	
2230	6.347500e-002	
2231	6.300000e-002	
2232	6.152500e-002	
2233	6.032500e-002	
2234	6.157500e-002	
2235	6.172500e-002	
2236	6.385000e-002	
2237	6.190000e-002	
2238	6.192500e-002	
2239	6.252500e-002	
2240	6.137500e-002	
2241	6.115000e-002	
2242	6.010000e-002	
2243	6.047500e-002	
2244	6.117500e-002	
2245	6.025000e-002	
2246	6.070000e-002	
2247	5.995000e-002	
2248	6.052500e-002	
2249	6.112500e-002	
2250	5.987500e-002	
2251	6.165000e-002	
2252	6.082500e-002	
2253	6.027500e-002	
2254	6.420000e-002	
2255	6.490000e-002	
2256	6.622500e-002	
2257	6.312500e-002	
2258	6.630000e-002	
2259	6.497500e-002	
2260	6.232500e-002	
2261	5.962500e-002	
2262	5.857500e-002	
2263	6.142500e-002	
2264	6.055000e-002	
2265	6.177500e-002	
2266	6.167500e-002	
2267	6.105000e-002	
2268	6.185000e-002	
2269	6.195000e-002	
2270	6.165000e-002	
2271	6.300000e-002	
2272	6.272500e-002	
2273	6.355000e-002	
2274	6.365000e-002	
2275	6.325000e-002	
2276	6.427500e-002	
2277	6.390000e-002	
2278	6.300000e-002	
2279	6.285000e-002	
2280	6.260000e-002	
2281	6.150000e-002	
2282	6.137500e-002	
2283	6.212500e-002	
2284	6.192500e-002	
2285	6.007500e-002	
2286	5.832500e-002	
2287	5.870000e-002	
2288	5.987500e-002	
2289	6.072500e-002	
2290	6.357500e-002	
2291	6.255000e-002	
2292	6.510000e-002	
2293	6.457500e-002	
2294	6.287500e-002	
2295	6.105000e-002	
2296	6.197500e-002	
2297	6.132500e-002	
2298	5.965000e-002	
2299	5.975000e-002	
2300	5.892500e-002	
2301	5.980000e-002	
2302	6.172500e-002	
2303	6.270000e-002	
2304	6.385000e-002	
2305	6.320000e-002	
2306	6.242500e-002	
2307	6.200000e-002	
2308	6.112500e-002	
2309	6.190000e-002	
2310	6.292500e-002	
2311	6.190000e-002	
2312	5.967500e-002	
2313	6.057500e-002	
2314	6.127500e-002	
2315	6.250000e-002	
2316	6.092500e-002	
2317	5.985000e-002	
2318	6.060000e-002	
2319	5.917500e-002	
2320	6.137500e-002	
2321	6.000000e-002	
2322	6.137500e-002	
2323	6.302500e-002	
2324	6.457500e-002	
2325	6.375000e-002	
2326	6.530000e-002	
2327	6.395000e-002	
2328	6.472500e-002	
2329	6.277500e-002	
2330	6.127500e-002	
2331	5.965000e-002	
2332	6.125000e-002	
2333	6.092500e-002	
2334	6.142500e-002	
2335	6.007500e-002	
2336	6.107500e-002	
2337	5.960000e-002	
2338	6.077500e-002	
2339	5.970000e-002	
2340	6.190000e-002	
2341	6.162500e-002	
2342	6.032500e-002	
2343	6.192500e-002	
2344	6.205000e-002	
2345	6.027500e-002	
2346	6.380000e-002	
2347	6.722500e-002	
2348	6.410000e-002	
2349	6.105000e-002	
2350	5.910000e-002	
2351	5.852500e-002	
2352	5.752500e-002	
2353	5.827500e-002	
2354	5.787500e-002	
2355	5.672500e-002	
2356	5.617500e-002	
2357	5.722500e-002	
2358	6.102500e-002	
2359	6.310000e-002	
2360	6.427500e-002	
2361	6.607500e-002	
2362	6.632500e-002	
2363	6.507500e-002	
2364	6.347500e-002	
2365	6.090000e-002	
2366	5.827500e-002	
2367	5.860000e-002	
2368	6.037500e-002	
2369	6.105000e-002	
2370	6.442500e-002	
2371	6.330000e-002	
2372	6.177500e-002	
2373	6.055000e-002	
2374	6.025000e-002	
2375	6.162500e-002	
2376	6.180000e-002	
2377	6.057500e-002	
2378	6.037500e-002	
2379	6.167500e-002	
2380	6.237500e-002	
2381	6.207500e-002	
2382	6.077500e-002	
2383	6.132500e-002	
2384	6.242500e-002	
2385	6.312500e-002	
2386	6.222500e-002	
2387	6.105000e-002	
2388	6.225000e-002	
2389	6.097500e-002	
2390	6.322500e-002	
2391	6.162500e-002	
2392	5.987500e-002	
2393	6.037500e-002	
2394	6.145000e-002	
2395	6.107500e-002	
2396	6.220000e-002	
2397	6.282500e-002	
2398	6.317500e-002	
2399	6.235000e-002	
2400	6.000000e-002	
2401	6.107500e-002	
2402	6.242500e-002	
2403	6.137500e-002	
2404	6.315000e-002	
2405	6.205000e-002	
2406	6.082500e-002	
2407	5.905000e-002	
2408	5.990000e-002	
2409	5.987500e-002	
2410	6.115000e-002	
2411	6.132500e-002	
2412	6.115000e-002	
2413	6.037500e-002	
2414	6.137500e-002	
2415	6.220000e-002	
2416	6.055000e-002	
2417	6.117500e-002	
2418	6.337500e-002	
2419	6.235000e-002	
2420	6.190000e-002	
2421	6.262500e-002	
2422	6.285000e-002	
2423	6.235000e-002	
2424	6.412500e-002	
2425	6.262500e-002	
2426	5.955000e-002	
2427	5.827500e-002	
2428	5.857500e-002	
2429	6.130000e-002	
2430	6.430000e-002	
2431	6.210000e-002	
2432	6.097500e-002	
2433	6.060000e-002	
2434	6.150000e-002	
2435	6.260000e-002	
2436	6.300000e-002	
2437	6.082500e-002	
2438	5.940000e-002	
2439	5.900000e-002	
2440	5.955000e-002	
2441	6.137500e-002	
2442	6.220000e-002	
2443	6.492500e-002	
2444	6.592500e-002	
2445	6.417500e-002	
2446	6.272500e-002	
2447	6.120000e-002	
2448	6.147500e-002	
2449	6.070000e-002	
2450	6.182500e-002	
2451	6.215000e-002	
2452	6.142500e-002	
2453	6.142500e-002	
2454	6.172500e-002	
2455	5.835000e-002	
2456	5.862500e-002	
2457	5.925000e-002	
2458	6.027500e-002	
2459	6.377500e-002	
2460	6.532500e-002	
2461	6.487500e-002	
2462	6.707500e-002	
2463	6.780000e-002	
2464	6.355000e-002	
2465	5.880000e-002	
2466	5.662500e-002	
2467	5.977500e-002	
2468	5.992500e-002	
2469	6.100000e-002	
2470	6.402500e-002	
2471	6.450000e-002	
2472	6.667500e-002	
2473	6.590000e-002	
2474	6.475000e-002	
2475	6.312500e-002	
2476	6.417500e-002	
2477	6.190000e-002	
2478	5.690000e-002	
2479	5.782500e-002	
2480	5.935000e-002	
2481	6.075000e-002	
2482	6.062500e-002	
2483	6.255000e-002	
2484	6.062500e-002	
2485	6.185000e-002	
2486	6.310000e-002	
2487	6.305000e-002	
2488	6.352500e-002	
2489	6.332500e-002	
2490	6.112500e-002	
2491	5.985000e-002	
2492	6.150000e-002	
2493	6.202500e-002	
2494	6.197500e-002	
2495	6.227500e-002	
2496	6.165000e-002	
2497	5.957500e-002	
2498	5.910000e-002	
2499	6.085000e-002	
2500	6.212500e-002	
2501	6.400000e-002	
2502	6.515000e-002	
2503	6.505000e-002	
2504	6.302500e-002	
2505	6.062500e-002	
2506	5.972500e-002	
2507	5.907500e-002	
2508	5.725000e-002	
2509	5.902500e-002	
2510	5.877500e-002	
2511	6.050000e-002	
2512	6.505000e-002	
2513	6.660000e-002	
2514	6.370000e-002	
2515	6.127500e-002	
2516	5.982500e-002	
2517	6.127500e-002	
2518	6.255000e-002	
2519	6.445000e-002	
2520	6.247500e-002	
2521	6.405000e-002	
2522	6.190000e-002	
2523	5.980000e-002	
2524	5.652500e-002	
2525	5.622500e-002	
2526	5.615000e-002	
2527	5.597500e-002	
2528	5.950000e-002	
2529	6.097500e-002	
2530	6.230000e-002	
2531	6.300000e-002	
2532	6.410000e-002	
2533	6.460000e-002	
2534	6.457500e-002	
2535	6.362500e-002	
2536	6.327500e-002	
2537	6.205000e-002	
2538	5.980000e-002	
2539	5.855000e-002	
2540	5.972500e-002	
2541	5.857500e-002	
2542	5.937500e-002	
2543	6.075000e-002	
2544	6.360000e-002	
2545	6.172500e-002	
2546	6.282500e-002	
2547	6.310000e-002	
2548	6.525000e-002	
2549	6.517500e-002	
2550	6.545000e-002	
2551	6.355000e-002	
2552	6.000000e-002	
2553	5.835000e-002	
2554	5.792500e-002	
2555	5.870000e-002	
2556	5.987500e-002	
2557	6.012500e-002	
2558	6.142500e-002	
2559	6.462500e-002	
2560	6.410000e-002	
2561	6.622500e-002	
2562	6.405000e-002	
2563	6.355000e-002	
2564	6.225000e-002	
2565	6.185000e-002	
2566	6.187500e-002	
2567	5.955000e-002	
2568	6.032500e-002	
2569	5.837500e-002	
2570	5.795000e-002	
2571	5.845000e-002	
2572	5.930000e-002	
2573	6.152500e-002	
2574	6.275000e-002	
2575	6.290000e-002	
2576	6.522500e-002	
2577	6.520000e-002	
2578	6.352500e-002	
2579	6.040000e-002	
2580	5.997500e-002	
2581	5.982500e-002	
2582	5.865000e-002	
2583	5.937500e-002	
2584	6.197500e-002	
2585	6.252500e-002	
2586	6.432500e-002	
2587	6.375000e-002	
2588	6.215000e-002	
2589	6.142500e-002	
2590	5.945000e-002	
2591	5.967500e-002	
2592	5.917500e-002	
2593	6.065000e-002	
2594	6.385000e-002	
2595	6.440000e-002	
2596	6.272500e-002	
2597	6.367500e-002	
2598	6.150000e-002	
2599	5.940000e-002	
2600	5.985000e-002	
2601	6.017500e-002	
2602	6.150000e-002	
2603	6.022500e-002	
2604	5.737500e-002	
2605	5.660000e-002	
2606	5.610000e-002	
2607	6.062500e-002	
2608	6.305000e-002	
2609	6.492500e-002	
2610	6.747500e-002	
2611	6.610000e-002	
2612	6.160000e-002	
2613	6.372500e-002	
2614	6.197500e-002	
2615	6.107500e-002	
2616	6.025000e-002	
2617	5.980000e-002	
2618	5.850000e-002	
2619	5.857500e-002	
2620	6.002500e-002	
2621	6.135000e-002	
2622	6.352500e-002	
2623	6.310000e-002	
2624	6.205000e-002	
2625	6.287500e-002	
2626	6.115000e-002	
2627	5.935000e-002	
2628	5.965000e-002	
2629	6.272500e-002	
2630	6.275000e-002	
2631	6.262500e-002	
2632	6.160000e-002	
2633	6.335000e-002	
2634	6.302500e-002	
2635	6.225000e-002	
2636	5.867500e-002	
2637	5.810000e-002	
2638	5.877500e-002	
2639	5.922500e-002	
2640	6.110000e-002	
2641	6.097500e-002	
2642	6.012500e-002	
2643	6.292500e-002	
2644	6.420000e-002	
2645	6.385000e-002	
2646	6.542500e-002	
2647	6.552500e-002	
2648	6.377500e-002	
2649	5.997500e-002	
2650	5.817500e-002	
2651	5.702500e-002	
2652	5.885000e-002	
2653	5.995000e-002	
2654	6.287500e-002	
2655	6.317500e-002	
2656	6.177500e-002	
2657	6.110000e-002	
2658	6.267500e-002	
2659	6.310000e-002	
2660	6.300000e-002	
2661	6.080000e-002	
2662	6.180000e-002	
2663	6.205000e-002	
2664	6.260000e-002	
2665	6.332500e-002	
2666	6.332500e-002	
2667	6.055000e-002	
2668	6.120000e-002	
2669	6.282500e-002	
2670	6.267500e-002	
2671	6.092500e-002	
2672	5.932500e-002	
2673	5.932500e-002	
2674	5.990000e-002	
2675	6.225000e-002	
2676	6.292500e-002	
2677	6.227500e-002	
2678	5.930000e-002	
2679	5.872500e-002	
2680	6.045000e-002	
2681	6.257500e-002	
2682	6.097500e-002	
2683	5.827500e-002	
2684	6.045000e-002	
2685	6.220000e-002	
2686	6.387500e-002	
2687	6.475000e-002	
2688	6.432500e-002	
2689	6.187500e-002	
2690	6.147500e-002	
2691	6.077500e-002	
2692	5.777500e-002	
2693	5.890000e-002	
2694	6.002500e-002	
2695	5.975000e-002	
2696	6.000000e-002	
2697	6.050000e-002	
2698	5.992500e-002	
2699	6.052500e-002	
2700	6.240000e-002	
2701	6.307500e-002	
2702	6.540000e-002	
2703	6.315000e-002	
2704	6.377500e-002	
2705	6.300000e-002	
2706	6.222500e-002	
2707	5.987500e-002	
2708	6.285000e-002	
2709	6.487500e-002	
2710	6.487500e-002	
2711	6.235000e-002	
2712	5.765000e-002	
2713	5.667500e-002	
2714	5.730000e-002	
2715	5.947500e-002	
2716	6.122500e-002	
2717	6.335000e-002	
2718	6.345000e-002	
2719	6.270000e-002	
2720	6.175000e-002	
2721	6.350000e-002	
2722	6.367500e-002	
2723	6.127500e-002	
2724	5.860000e-002	
2725	6.000000e-002	
2726	6.025000e-002	
2727	6.162500e-002	
2728	6.340000e-002	
2729	6.172500e-002	
2730	6.082500e-002	
2731	6.222500e-002	
2732	6.090000e-002	
2733	6.077500e-002	
2734	6.017500e-002	
2735	5.897500e-002	
2736	6.110000e-002	
2737	6.102500e-002	
2738	6.315000e-002	
2739	6.400000e-002	
2740	6.250000e-002	
2741	6.475000e-002	
2742	6.440000e-002	
2743	6.160000e-002	
2744	5.982500e-002	
2745	6.040000e-002	
2746	5.992500e-002	
2747	6.052500e-002	
2748	6.180000e-002	
2749	6.277500e-002	
2750	6.150000e-002	
2751	6.175000e-002	
2752	6.260000e-002	
2753	6.327500e-002	
2754	6.487500e-002	
2755	6.567500e-002	
2756	6.557500e-002	
2757	6.285000e-002	
2758	5.962500e-002	
2759	6.057500e-002	
2760	5.802500e-002	
2761	5.872500e-002	
2762	5.850000e-002	
2763	6.247500e-002	
2764	6.167500e-002	
2765	6.220000e-002	
2766	6.092500e-002	
2767	6.327500e-002	
2768	6.350000e-002	
2769	6.252500e-002	
2770	6.137500e-002	
2771	6.085000e-002	
2772	6.360000e-002	
2773	6.395000e-002	
2774	6.147500e-002	
2775	6.050000e-002	
2776	5.905000e-002	
2777	5.952500e-002	
2778	6.025000e-002	
2779	6.345000e-002	
2780	6.735000e-002	
2781	6.717500e-002	
2782	6.412500e-002	
2783	6.255000e-002	
2784	6.162500e-002	
2785	6.162500e-002	
2786	5.960000e-002	
2787	5.817500e-002	
2788	5.672500e-002	
2789	5.780000e-002	
2790	5.952500e-002	
2791	5.827500e-002	
2792	5.910000e-002	
2793	6.040000e-002	
2794	6.342500e-002	
2795	6.372500e-002	
2796	6.302500e-002	
2797	6.230000e-002	
2798	6.405000e-002	
2799	6.705000e-002	
2800	6.617500e-002	
2801	6.430000e-002	
2802	6.005000e-002	
2803	5.860000e-002	
2804	5.987500e-002	
2805	5.930000e-002	
2806	5.972500e-002	
2807	6.120000e-002	
2808	6.402500e-002	
2809	6.607500e-002	
2810	6.287500e-002	
2811	6.505000e-002	
2812	6.575000e-002	
2813	6.397500e-002	
2814	6.235000e-002	
2815	5.902500e-002	
2816	5.927500e-002	
2817	5.935000e-002	
2818	5.957500e-002	
2819	6.122500e-002	
2820	6.335000e-002	
2821	6.595000e-002	
2822	6.510000e-002	
2823	6.285000e-002	
2824	5.987500e-002	
2825	5.785000e-002	
2826	5.732500e-002	
2827	5.712500e-002	
2828	5.767500e-002	
2829	5.815000e-002	
2830	5.980000e-002	
2831	6.210000e-002	
2832	6.410000e-002	
2833	6.417500e-002	
2834	6.475000e-002	
2835	6.570000e-002	
2836	6.512500e-002	
2837	6.192500e-002	
2838	5.992500e-002	
2839	6.057500e-002	
2840	5.972500e-002	
2841	5.915000e-002	
2842	5.672500e-002	
2843	5.807500e-002	
2844	6.062500e-002	
2845	6.245000e-002	
2846	6.255000e-002	
2847	6.080000e-002	
2848	6.180000e-002	
2849	6.450000e-002	
2850	6.270000e-002	
2851	6.442500e-002	
2852	6.285000e-002	
2853	6.095000e-002	
2854	5.965000e-002	
2855	6.195000e-002	
2856	6.125000e-002	
2857	6.227500e-002	
2858	6.267500e-002	
2859	6.070000e-002	
2860	6.192500e-002	
2861	6.265000e-002	
2862	6.145000e-002	
2863	6.115000e-002	
2864	6.085000e-002	
2865	5.977500e-002	
2866	5.970000e-002	
2867	5.802500e-002	
2868	5.682500e-002	
2869	5.930000e-002	
2870	6.137500e-002	
2871	6.232500e-002	
2872	6.335000e-002	
2873	6.105000e-002	
2874	6.480000e-002	
2875	6.500000e-002	
2876	6.492500e-002	
2877	6.187500e-002	
2878	6.162500e-002	
2879	6.350000e-002	
2880	6.495000e-002	
2881	6.602500e-002	
2882	6.407500e-002	
2883	6.120000e-002	
2884	5.807500e-002	
2885	5.842500e-002	
2886	5.977500e-002	
2887	6.060000e-002	
2888	5.895000e-002	
2889	6.127500e-002	
2890	6.240000e-002	
2891	6.262500e-002	
2892	6.427500e-002	
2893	6.395000e-002	
2894	6.062500e-002	
2895	6.035000e-002	
2896	5.892500e-002	
2897	5.795000e-002	
2898	5.760000e-002	
2899	5.540000e-002	
2900	5.850000e-002	
2901	6.005000e-002	
2902	6.390000e-002	
2903	6.277500e-002	
2904	6.325000e-002	
2905	6.240000e-002	
2906	6.482500e-002	
2907	6.567500e-002	
2908	6.480000e-002	
2909	6.367500e-002	
2910	6.225000e-002	
2911	5.960000e-002	
2912	5.905000e-002	
2913	6.032500e-002	
2914	5.855000e-002	
2915	5.960000e-002	
2916	5.915000e-002	
2917	6.065000e-002	
2918	6.145000e-002	
2919	6.085000e-002	
2920	6.105000e-002	
2921	6.085000e-002	
2922	6.225000e-002	
2923	6.277500e-002	
2924	6.412500e-002	
2925	6.402500e-002	
2926	6.420000e-002	
2927	6.135000e-002	
2928	6.110000e-002	
2929	6.327500e-002	
2930	6.362500e-002	
2931	6.117500e-002	
2932	5.942500e-002	
2933	6.115000e-002	
2934	6.055000e-002	
2935	6.077500e-002	
2936	6.047500e-002	
2937	6.182500e-002	
2938	6.302500e-002	
2939	6.415000e-002	
2940	6.375000e-002	
2941	6.560000e-002	
2942	6.102500e-002	
2943	6.060000e-002	
2944	6.005000e-002	
2945	6.062500e-002	
2946	5.915000e-002	
2947	6.005000e-002	
2948	6.132500e-002	
2949	6.402500e-002	
2950	6.290000e-002	
2951	6.472500e-002	
2952	6.147500e-002	
2953	5.990000e-002	
2954	5.962500e-002	
2955	5.992500e-002	
2956	6.060000e-002	
2957	6.192500e-002	
2958	6.192500e-002	
2959	6.415000e-002	
2960	6.532500e-002	
2961	6.772500e-002	
2962	6.417500e-002	
2963	6.265000e-002	
2964	6.190000e-002	
2965	5.830000e-002	
2966	5.920000e-002	
2967	5.990000e-002	
2968	5.952500e-002	
2969	5.935000e-002	
2970	5.912500e-002	
2971	6.025000e-002	
2972	6.125000e-002	
2973	6.117500e-002	
2974	6.237500e-002	
2975	6.512500e-002	
2976	6.327500e-002	
2977	6.280000e-002	
2978	6.155000e-002	
2979	6.117500e-002	
2980	6.352500e-002	
2981	6.517500e-002	
2982	6.320000e-002	
2983	6.092500e-002	
2984	6.047500e-002	
2985	6.145000e-002	
2986	5.957500e-002	
2987	6.150000e-002	
2988	6.245000e-002	
2989	6.070000e-002	
2990	6.192500e-002	
2991	6.407500e-002	
2992	6.367500e-002	
2993	6.390000e-002	
2994	6.327500e-002	
2995	6.432500e-002	
2996	6.095000e-002	
2997	6.112500e-002	
2998	6.060000e-002	
2999	6.030000e-002	
3000	5.972500e-002	
3001	5.870000e-002	
