1	0	
2	2.500000e-005	
3	2.000000e-004	
4	7.000000e-004	
5	1.325000e-003	
6	2.175000e-003	
7	3.525000e-003	
8	5.375000e-003	
9	7.375000e-003	
10	1.037500e-002	
11	1.435000e-002	
12	1.900000e-002	
13	2.447500e-002	
14	2.970000e-002	
15	3.592500e-002	
16	4.102500e-002	
17	4.525000e-002	
18	5.017500e-002	
19	5.492500e-002	
20	5.802500e-002	
21	6.280000e-002	
22	6.755000e-002	
23	7.222500e-002	
24	7.517500e-002	
25	7.720000e-002	
26	7.770000e-002	
27	7.767500e-002	
28	7.757500e-002	
29	7.847500e-002	
30	8.092500e-002	
31	7.925000e-002	
32	7.807500e-002	
33	7.727500e-002	
34	7.937500e-002	
35	8.082500e-002	
36	8.355000e-002	
37	8.260000e-002	
38	8.195000e-002	
39	8.265000e-002	
40	8.245000e-002	
41	8.200000e-002	
42	8.302500e-002	
43	8.362500e-002	
44	8.485000e-002	
45	8.070000e-002	
46	8.222500e-002	
47	8.110000e-002	
48	8.265000e-002	
49	8.500000e-002	
50	8.132500e-002	
51	8.217500e-002	
52	8.320000e-002	
53	8.227500e-002	
54	8.350000e-002	
55	8.487500e-002	
56	8.470000e-002	
57	8.690000e-002	
58	8.440000e-002	
59	7.940000e-002	
60	7.932500e-002	
61	8.055000e-002	
62	7.757500e-002	
63	7.672500e-002	
64	7.902500e-002	
65	7.957500e-002	
66	8.155000e-002	
67	8.307500e-002	
68	8.327500e-002	
69	8.547500e-002	
70	8.580000e-002	
71	8.270000e-002	
72	8.477500e-002	
73	8.207500e-002	
74	8.200000e-002	
75	7.977500e-002	
76	8.090000e-002	
77	8.057500e-002	
78	8.355000e-002	
79	8.390000e-002	
80	8.250000e-002	
81	8.320000e-002	
82	8.425000e-002	
83	8.210000e-002	
84	8.172500e-002	
85	8.375000e-002	
86	8.330000e-002	
87	8.355000e-002	
88	8.155000e-002	
89	7.980000e-002	
90	8.125000e-002	
91	7.950000e-002	
92	8.072500e-002	
93	8.042500e-002	
94	8.172500e-002	
95	8.405000e-002	
96	8.267500e-002	
97	8.635000e-002	
98	8.317500e-002	
99	7.942500e-002	
100	7.955000e-002	
101	7.932500e-002	
102	8.197500e-002	
103	8.245000e-002	
104	8.225000e-002	
105	8.382500e-002	
106	8.407500e-002	
107	8.575000e-002	
108	8.487500e-002	
109	8.520000e-002	
110	8.345000e-002	
111	8.192500e-002	
112	7.757500e-002	
113	8.000000e-002	
114	7.990000e-002	
115	8.155000e-002	
116	7.857500e-002	
117	8.185000e-002	
118	8.125000e-002	
119	8.200000e-002	
120	8.172500e-002	
121	8.275000e-002	
122	8.402500e-002	
123	8.287500e-002	
124	8.320000e-002	
125	8.037500e-002	
126	7.852500e-002	
127	7.815000e-002	
128	7.857500e-002	
129	7.915000e-002	
130	8.042500e-002	
131	8.337500e-002	
132	8.142500e-002	
133	8.217500e-002	
134	8.232500e-002	
135	8.265000e-002	
136	8.205000e-002	
137	8.300000e-002	
138	8.332500e-002	
139	8.450000e-002	
140	8.305000e-002	
141	8.062500e-002	
142	7.882500e-002	
143	7.912500e-002	
144	7.810000e-002	
145	7.765000e-002	
146	8.105000e-002	
147	8.220000e-002	
148	8.350000e-002	
149	8.310000e-002	
150	8.305000e-002	
151	8.307500e-002	
152	8.237500e-002	
153	8.315000e-002	
154	8.187500e-002	
155	8.285000e-002	
156	8.197500e-002	
157	7.940000e-002	
158	8.040000e-002	
159	8.410000e-002	
160	8.200000e-002	
161	8.237500e-002	
162	8.252500e-002	
163	8.500000e-002	
164	8.437500e-002	
165	8.230000e-002	
166	8.217500e-002	
167	8.225000e-002	
168	8.217500e-002	
169	8.222500e-002	
170	8.497500e-002	
171	8.430000e-002	
172	8.390000e-002	
173	8.335000e-002	
174	8.195000e-002	
175	8.080000e-002	
176	8.115000e-002	
177	8.395000e-002	
178	8.305000e-002	
179	8.147500e-002	
180	8.190000e-002	
181	7.960000e-002	
182	8.030000e-002	
183	8.162500e-002	
184	8.090000e-002	
185	8.232500e-002	
186	8.150000e-002	
187	8.375000e-002	
188	8.392500e-002	
189	8.390000e-002	
190	8.355000e-002	
191	8.295000e-002	
192	8.167500e-002	
193	8.230000e-002	
194	8.207500e-002	
195	8.277500e-002	
196	8.422500e-002	
197	8.640000e-002	
198	8.510000e-002	
199	8.205000e-002	
200	8.110000e-002	
201	7.907500e-002	
202	8.022500e-002	
203	8.177500e-002	
204	8.115000e-002	
205	8.150000e-002	
206	8.090000e-002	
207	8.090000e-002	
208	8.110000e-002	
209	8.215000e-002	
210	8.150000e-002	
211	8.447500e-002	
212	8.300000e-002	
213	8.232500e-002	
214	8.092500e-002	
215	8.115000e-002	
216	8.007500e-002	
217	8.035000e-002	
218	8.017500e-002	
219	8.542500e-002	
220	8.660000e-002	
221	8.360000e-002	
222	8.337500e-002	
223	7.907500e-002	
224	8.000000e-002	
225	8.155000e-002	
226	8.210000e-002	
227	8.412500e-002	
228	8.477500e-002	
229	8.335000e-002	
230	8.237500e-002	
231	8.435000e-002	
232	8.532500e-002	
233	8.272500e-002	
234	7.990000e-002	
235	7.630000e-002	
236	7.657500e-002	
237	7.882500e-002	
238	8.270000e-002	
239	8.482500e-002	
240	8.377500e-002	
241	8.192500e-002	
242	8.150000e-002	
243	8.202500e-002	
244	8.147500e-002	
245	8.145000e-002	
246	8.137500e-002	
247	8.100000e-002	
248	8.172500e-002	
249	8.225000e-002	
250	8.412500e-002	
251	8.362500e-002	
252	7.907500e-002	
253	7.750000e-002	
254	7.927500e-002	
255	7.937500e-002	
256	7.830000e-002	
257	8.185000e-002	
258	8.495000e-002	
259	8.750000e-002	
260	8.532500e-002	
261	8.425000e-002	
262	8.307500e-002	
263	8.232500e-002	
264	8.135000e-002	
265	7.947500e-002	
266	8.002500e-002	
267	7.802500e-002	
268	8.075000e-002	
269	7.967500e-002	
270	8.277500e-002	
271	8.267500e-002	
272	8.417500e-002	
273	8.200000e-002	
274	7.947500e-002	
275	7.865000e-002	
276	8.047500e-002	
277	7.862500e-002	
278	7.832500e-002	
279	7.997500e-002	
280	8.172500e-002	
281	8.415000e-002	
282	8.482500e-002	
283	8.365000e-002	
284	8.215000e-002	
285	7.992500e-002	
286	8.150000e-002	
287	8.365000e-002	
288	8.092500e-002	
289	8.015000e-002	
290	7.880000e-002	
291	8.327500e-002	
292	8.352500e-002	
293	8.450000e-002	
294	8.615000e-002	
295	8.500000e-002	
296	8.300000e-002	
297	7.955000e-002	
298	7.782500e-002	
299	7.702500e-002	
300	7.835000e-002	
301	8.092500e-002	
302	8.222500e-002	
303	8.585000e-002	
304	8.712500e-002	
305	8.752500e-002	
306	8.447500e-002	
307	8.142500e-002	
308	7.815000e-002	
309	8.000000e-002	
310	8.017500e-002	
311	7.940000e-002	
312	8.000000e-002	
313	8.302500e-002	
314	8.330000e-002	
315	8.542500e-002	
316	8.265000e-002	
317	8.405000e-002	
318	8.220000e-002	
319	8.232500e-002	
320	7.775000e-002	
321	7.910000e-002	
322	7.992500e-002	
323	8.307500e-002	
324	8.395000e-002	
325	8.205000e-002	
326	8.250000e-002	
327	8.172500e-002	
328	8.227500e-002	
329	8.235000e-002	
330	7.890000e-002	
331	8.157500e-002	
332	8.165000e-002	
333	8.082500e-002	
334	8.172500e-002	
335	8.430000e-002	
336	8.372500e-002	
337	8.302500e-002	
338	8.347500e-002	
339	8.190000e-002	
340	8.237500e-002	
341	7.835000e-002	
342	7.507500e-002	
343	7.745000e-002	
344	7.887500e-002	
345	7.962500e-002	
346	8.307500e-002	
347	8.395000e-002	
348	8.380000e-002	
349	8.210000e-002	
350	8.480000e-002	
351	8.122500e-002	
352	8.240000e-002	
353	8.172500e-002	
354	8.187500e-002	
355	8.222500e-002	
356	7.762500e-002	
357	7.702500e-002	
358	8.222500e-002	
359	8.365000e-002	
360	8.550000e-002	
361	8.177500e-002	
362	8.025000e-002	
363	8.222500e-002	
364	8.305000e-002	
365	8.395000e-002	
366	8.457500e-002	
367	8.185000e-002	
368	8.420000e-002	
369	8.527500e-002	
370	7.997500e-002	
371	8.285000e-002	
372	8.295000e-002	
373	7.950000e-002	
374	8.022500e-002	
375	7.895000e-002	
376	7.762500e-002	
377	8.062500e-002	
378	8.245000e-002	
379	8.190000e-002	
380	8.040000e-002	
381	8.070000e-002	
382	8.040000e-002	
383	8.175000e-002	
384	8.295000e-002	
385	8.267500e-002	
386	8.392500e-002	
387	8.132500e-002	
388	8.282500e-002	
389	8.442500e-002	
390	8.137500e-002	
391	7.877500e-002	
392	8.040000e-002	
393	8.162500e-002	
394	8.360000e-002	
395	8.327500e-002	
396	8.235000e-002	
397	8.117500e-002	
398	8.140000e-002	
399	8.357500e-002	
400	8.160000e-002	
401	8.340000e-002	
402	8.092500e-002	
403	8.187500e-002	
404	7.935000e-002	
405	8.182500e-002	
406	8.270000e-002	
407	8.175000e-002	
408	7.980000e-002	
409	7.957500e-002	
410	8.202500e-002	
411	8.175000e-002	
412	8.240000e-002	
413	8.125000e-002	
414	8.390000e-002	
415	8.472500e-002	
416	8.207500e-002	
417	8.207500e-002	
418	8.280000e-002	
419	8.130000e-002	
420	8.155000e-002	
421	7.825000e-002	
422	7.990000e-002	
423	8.007500e-002	
424	8.135000e-002	
425	7.975000e-002	
426	8.205000e-002	
427	8.312500e-002	
428	8.170000e-002	
429	8.195000e-002	
430	8.160000e-002	
431	8.287500e-002	
432	8.392500e-002	
433	8.210000e-002	
434	8.420000e-002	
435	8.230000e-002	
436	8.102500e-002	
437	8.060000e-002	
438	7.855000e-002	
439	7.867500e-002	
440	8.087500e-002	
441	8.370000e-002	
442	8.590000e-002	
443	8.557500e-002	
444	8.205000e-002	
445	8.175000e-002	
446	8.147500e-002	
447	8.072500e-002	
448	8.075000e-002	
449	7.825000e-002	
450	8.200000e-002	
451	8.202500e-002	
452	8.115000e-002	
453	8.160000e-002	
454	8.167500e-002	
455	8.165000e-002	
456	8.047500e-002	
457	8.302500e-002	
458	8.315000e-002	
459	8.290000e-002	
460	8.245000e-002	
461	8.290000e-002	
462	8.110000e-002	
463	8.232500e-002	
464	8.087500e-002	
465	7.862500e-002	
466	8.100000e-002	
467	7.925000e-002	
468	7.722500e-002	
469	8.030000e-002	
470	8.087500e-002	
471	8.177500e-002	
472	8.207500e-002	
473	8.335000e-002	
474	8.597500e-002	
475	8.477500e-002	
476	8.370000e-002	
477	8.227500e-002	
478	8.197500e-002	
479	7.915000e-002	
480	8.007500e-002	
481	7.780000e-002	
482	7.715000e-002	
483	7.917500e-002	
484	8.395000e-002	
485	8.502500e-002	
486	8.610000e-002	
487	8.352500e-002	
488	8.282500e-002	
489	8.505000e-002	
490	8.497500e-002	
491	8.057500e-002	
492	7.842500e-002	
493	8.110000e-002	
494	8.070000e-002	
495	7.942500e-002	
496	7.890000e-002	
497	7.842500e-002	
498	8.080000e-002	
499	8.195000e-002	
500	8.305000e-002	
501	8.440000e-002	
502	8.632500e-002	
503	8.660000e-002	
504	8.640000e-002	
505	8.397500e-002	
506	8.002500e-002	
507	7.917500e-002	
508	7.867500e-002	
509	7.860000e-002	
510	8.092500e-002	
511	8.277500e-002	
512	8.515000e-002	
513	8.312500e-002	
514	8.172500e-002	
515	8.212500e-002	
516	7.997500e-002	
517	7.882500e-002	
518	8.100000e-002	
519	8.242500e-002	
520	8.195000e-002	
521	8.460000e-002	
522	8.432500e-002	
523	8.300000e-002	
524	8.070000e-002	
525	7.970000e-002	
526	7.880000e-002	
527	7.992500e-002	
528	7.952500e-002	
529	7.875000e-002	
530	7.952500e-002	
531	8.122500e-002	
532	7.992500e-002	
533	8.175000e-002	
534	8.167500e-002	
535	8.390000e-002	
536	8.235000e-002	
537	8.065000e-002	
538	7.912500e-002	
539	8.020000e-002	
540	8.285000e-002	
541	8.285000e-002	
542	8.157500e-002	
543	8.232500e-002	
544	8.265000e-002	
545	8.375000e-002	
546	8.080000e-002	
547	8.247500e-002	
548	8.327500e-002	
549	8.157500e-002	
550	8.087500e-002	
551	8.175000e-002	
552	8.097500e-002	
553	8.200000e-002	
554	8.302500e-002	
555	8.217500e-002	
556	8.237500e-002	
557	8.102500e-002	
558	8.010000e-002	
559	8.185000e-002	
560	8.037500e-002	
561	8.202500e-002	
562	8.077500e-002	
563	8.150000e-002	
564	8.270000e-002	
565	8.272500e-002	
566	8.040000e-002	
567	8.100000e-002	
568	8.130000e-002	
569	8.300000e-002	
570	8.342500e-002	
571	8.017500e-002	
572	7.767500e-002	
573	7.810000e-002	
574	7.975000e-002	
575	8.385000e-002	
576	8.430000e-002	
577	8.460000e-002	
578	8.080000e-002	
579	8.092500e-002	
580	8.335000e-002	
581	8.202500e-002	
582	8.187500e-002	
583	8.070000e-002	
584	8.080000e-002	
585	8.487500e-002	
586	8.265000e-002	
587	8.125000e-002	
588	7.945000e-002	
589	7.985000e-002	
590	7.817500e-002	
591	7.812500e-002	
592	8.057500e-002	
593	8.587500e-002	
594	8.330000e-002	
595	8.527500e-002	
596	8.322500e-002	
597	8.302500e-002	
598	8.532500e-002	
599	8.325000e-002	
600	8.130000e-002	
601	7.837500e-002	
602	7.695000e-002	
603	7.980000e-002	
604	8.212500e-002	
605	8.360000e-002	
606	8.542500e-002	
607	8.485000e-002	
608	8.510000e-002	
609	8.070000e-002	
610	8.067500e-002	
611	8.110000e-002	
612	8.322500e-002	
613	8.322500e-002	
614	8.255000e-002	
615	8.315000e-002	
616	8.415000e-002	
617	8.257500e-002	
618	8.050000e-002	
619	8.002500e-002	
620	7.945000e-002	
621	8.080000e-002	
622	8.112500e-002	
623	7.960000e-002	
624	8.155000e-002	
625	8.162500e-002	
626	8.165000e-002	
627	8.445000e-002	
628	8.367500e-002	
629	8.270000e-002	
630	8.047500e-002	
631	8.165000e-002	
632	8.347500e-002	
633	8.200000e-002	
634	8.397500e-002	
635	8.392500e-002	
636	8.210000e-002	
637	8.272500e-002	
638	8.155000e-002	
639	7.990000e-002	
640	8.240000e-002	
641	8.107500e-002	
642	8.092500e-002	
643	8.132500e-002	
644	8.355000e-002	
645	8.287500e-002	
646	8.215000e-002	
647	8.345000e-002	
648	8.190000e-002	
649	8.000000e-002	
650	7.975000e-002	
651	7.907500e-002	
652	7.760000e-002	
653	7.942500e-002	
654	7.837500e-002	
655	8.275000e-002	
656	8.385000e-002	
657	8.357500e-002	
658	8.090000e-002	
659	8.225000e-002	
660	7.855000e-002	
661	8.020000e-002	
662	7.987500e-002	
663	8.155000e-002	
664	8.165000e-002	
665	8.232500e-002	
666	8.057500e-002	
667	8.092500e-002	
668	8.267500e-002	
669	8.365000e-002	
670	8.132500e-002	
671	8.232500e-002	
672	8.140000e-002	
673	8.147500e-002	
674	8.200000e-002	
675	8.412500e-002	
676	8.572500e-002	
677	8.180000e-002	
678	8.097500e-002	
679	8.307500e-002	
680	8.440000e-002	
681	8.100000e-002	
682	8.072500e-002	
683	8.080000e-002	
684	8.457500e-002	
685	8.410000e-002	
686	8.300000e-002	
687	8.015000e-002	
688	8.187500e-002	
689	8.395000e-002	
690	8.365000e-002	
691	8.035000e-002	
692	7.927500e-002	
693	7.755000e-002	
694	7.787500e-002	
695	7.935000e-002	
696	8.437500e-002	
697	8.635000e-002	
698	8.430000e-002	
699	8.395000e-002	
700	8.410000e-002	
701	8.407500e-002	
702	8.147500e-002	
703	8.127500e-002	
704	8.115000e-002	
705	8.190000e-002	
706	8.217500e-002	
707	8.117500e-002	
708	8.115000e-002	
709	8.162500e-002	
710	7.995000e-002	
711	8.245000e-002	
712	8.032500e-002	
713	8.192500e-002	
714	8.365000e-002	
715	8.235000e-002	
716	8.255000e-002	
717	8.260000e-002	
718	8.075000e-002	
719	7.862500e-002	
720	7.960000e-002	
721	8.010000e-002	
722	8.280000e-002	
723	8.110000e-002	
724	7.972500e-002	
725	8.095000e-002	
726	7.890000e-002	
727	7.815000e-002	
728	7.947500e-002	
729	8.010000e-002	
730	8.372500e-002	
731	8.687500e-002	
732	8.467500e-002	
733	8.460000e-002	
734	8.540000e-002	
735	8.107500e-002	
736	7.970000e-002	
737	7.982500e-002	
738	7.977500e-002	
739	8.142500e-002	
740	8.290000e-002	
741	8.020000e-002	
742	8.090000e-002	
743	8.020000e-002	
744	8.275000e-002	
745	8.155000e-002	
746	8.560000e-002	
747	8.420000e-002	
748	8.342500e-002	
749	8.310000e-002	
750	8.235000e-002	
751	8.240000e-002	
752	8.235000e-002	
753	8.067500e-002	
754	7.987500e-002	
755	8.290000e-002	
756	8.237500e-002	
757	8.035000e-002	
758	8.245000e-002	
759	8.185000e-002	
760	8.172500e-002	
761	8.012500e-002	
762	8.147500e-002	
763	8.132500e-002	
764	8.105000e-002	
765	8.135000e-002	
766	8.027500e-002	
767	8.197500e-002	
768	8.157500e-002	
769	8.267500e-002	
770	8.300000e-002	
771	8.192500e-002	
772	8.215000e-002	
773	8.100000e-002	
774	7.957500e-002	
775	7.980000e-002	
776	8.135000e-002	
777	8.080000e-002	
778	8.382500e-002	
779	8.105000e-002	
780	8.110000e-002	
781	8.387500e-002	
782	8.390000e-002	
783	8.345000e-002	
784	8.252500e-002	
785	8.230000e-002	
786	8.245000e-002	
787	8.082500e-002	
788	7.910000e-002	
789	8.075000e-002	
790	8.262500e-002	
791	8.447500e-002	
792	8.200000e-002	
793	8.195000e-002	
794	8.050000e-002	
795	8.035000e-002	
796	8.082500e-002	
797	7.850000e-002	
798	8.002500e-002	
799	8.242500e-002	
800	8.187500e-002	
801	8.402500e-002	
802	8.590000e-002	
803	8.645000e-002	
804	8.620000e-002	
805	8.342500e-002	
806	8.022500e-002	
807	8.002500e-002	
808	7.977500e-002	
809	7.935000e-002	
810	8.080000e-002	
811	8.240000e-002	
812	8.302500e-002	
813	8.307500e-002	
814	8.410000e-002	
815	8.450000e-002	
816	7.917500e-002	
817	7.785000e-002	
818	7.705000e-002	
819	7.995000e-002	
820	7.995000e-002	
821	8.125000e-002	
822	8.165000e-002	
823	8.375000e-002	
824	8.575000e-002	
825	8.510000e-002	
826	8.552500e-002	
827	8.540000e-002	
828	8.070000e-002	
829	7.692500e-002	
830	7.612500e-002	
831	7.575000e-002	
832	7.682500e-002	
833	7.700000e-002	
834	8.185000e-002	
835	8.530000e-002	
836	8.445000e-002	
837	8.470000e-002	
838	8.572500e-002	
839	8.577500e-002	
840	8.240000e-002	
841	8.047500e-002	
842	8.165000e-002	
843	7.932500e-002	
844	8.102500e-002	
845	8.160000e-002	
846	8.357500e-002	
847	8.495000e-002	
848	8.422500e-002	
849	8.507500e-002	
850	8.240000e-002	
851	8.375000e-002	
852	8.272500e-002	
853	8.252500e-002	
854	8.032500e-002	
855	8.145000e-002	
856	8.202500e-002	
857	7.717500e-002	
858	7.952500e-002	
859	8.130000e-002	
860	7.920000e-002	
861	8.105000e-002	
862	8.552500e-002	
863	8.350000e-002	
864	8.222500e-002	
865	8.497500e-002	
866	8.350000e-002	
867	8.262500e-002	
868	8.107500e-002	
869	7.950000e-002	
870	7.967500e-002	
871	7.980000e-002	
872	8.327500e-002	
873	8.620000e-002	
874	8.337500e-002	
875	8.190000e-002	
876	8.187500e-002	
877	7.845000e-002	
878	7.857500e-002	
879	8.145000e-002	
880	8.302500e-002	
881	8.407500e-002	
882	8.362500e-002	
883	8.475000e-002	
884	8.320000e-002	
885	8.392500e-002	
886	8.352500e-002	
887	8.202500e-002	
888	8.005000e-002	
889	7.857500e-002	
890	7.992500e-002	
891	7.982500e-002	
892	8.185000e-002	
893	8.220000e-002	
894	8.457500e-002	
895	8.510000e-002	
896	8.567500e-002	
897	8.495000e-002	
898	8.202500e-002	
899	7.935000e-002	
900	7.972500e-002	
901	8.292500e-002	
902	8.285000e-002	
903	8.300000e-002	
904	8.380000e-002	
905	8.242500e-002	
906	8.065000e-002	
907	7.882500e-002	
908	8.057500e-002	
909	8.142500e-002	
910	8.502500e-002	
911	8.457500e-002	
912	8.372500e-002	
913	8.100000e-002	
914	8.000000e-002	
915	8.030000e-002	
916	7.800000e-002	
917	7.757500e-002	
918	7.890000e-002	
919	8.237500e-002	
920	8.577500e-002	
921	8.385000e-002	
922	8.730000e-002	
923	8.115000e-002	
924	7.972500e-002	
925	7.920000e-002	
926	8.047500e-002	
927	8.195000e-002	
928	8.132500e-002	
929	8.002500e-002	
930	7.887500e-002	
931	8.165000e-002	
932	8.205000e-002	
933	8.240000e-002	
934	8.582500e-002	
935	8.532500e-002	
936	8.380000e-002	
937	8.235000e-002	
938	7.992500e-002	
939	8.005000e-002	
940	7.847500e-002	
941	7.820000e-002	
942	8.105000e-002	
943	8.375000e-002	
944	8.305000e-002	
945	8.317500e-002	
946	8.237500e-002	
947	8.307500e-002	
948	8.325000e-002	
949	8.130000e-002	
950	8.080000e-002	
951	8.035000e-002	
952	8.105000e-002	
953	7.900000e-002	
954	8.157500e-002	
955	8.350000e-002	
956	8.507500e-002	
957	8.462500e-002	
958	8.185000e-002	
959	8.047500e-002	
960	7.975000e-002	
961	8.160000e-002	
962	8.055000e-002	
963	8.040000e-002	
964	8.022500e-002	
965	8.207500e-002	
966	8.510000e-002	
967	8.702500e-002	
968	8.457500e-002	
969	8.305000e-002	
970	7.937500e-002	
971	8.017500e-002	
972	7.907500e-002	
973	7.995000e-002	
974	8.005000e-002	
975	8.182500e-002	
976	8.352500e-002	
977	8.680000e-002	
978	8.270000e-002	
979	8.282500e-002	
980	8.220000e-002	
981	8.320000e-002	
982	8.107500e-002	
983	8.057500e-002	
984	7.960000e-002	
985	7.875000e-002	
986	8.145000e-002	
987	8.015000e-002	
988	8.152500e-002	
989	8.285000e-002	
990	8.285000e-002	
991	8.185000e-002	
992	8.317500e-002	
993	8.355000e-002	
994	8.302500e-002	
995	8.437500e-002	
996	8.250000e-002	
997	8.127500e-002	
998	8.072500e-002	
999	7.887500e-002	
1000	8.202500e-002	
1001	8.232500e-002	
1002	8.160000e-002	
1003	7.910000e-002	
1004	8.010000e-002	
1005	8.087500e-002	
1006	8.067500e-002	
1007	8.027500e-002	
1008	8.110000e-002	
1009	8.235000e-002	
1010	8.360000e-002	
1011	8.282500e-002	
1012	8.445000e-002	
1013	8.550000e-002	
1014	8.365000e-002	
1015	8.415000e-002	
1016	8.337500e-002	
1017	8.150000e-002	
1018	8.097500e-002	
1019	8.037500e-002	
1020	8.095000e-002	
1021	8.080000e-002	
1022	8.247500e-002	
1023	8.435000e-002	
1024	8.552500e-002	
1025	8.537500e-002	
1026	8.505000e-002	
1027	8.302500e-002	
1028	7.762500e-002	
1029	8.065000e-002	
1030	8.020000e-002	
1031	7.977500e-002	
1032	7.935000e-002	
1033	8.080000e-002	
1034	8.087500e-002	
1035	8.367500e-002	
1036	8.122500e-002	
1037	8.200000e-002	
1038	8.487500e-002	
1039	8.225000e-002	
1040	8.212500e-002	
1041	8.157500e-002	
1042	7.892500e-002	
1043	7.985000e-002	
1044	8.097500e-002	
1045	8.305000e-002	
1046	8.072500e-002	
1047	8.407500e-002	
1048	8.312500e-002	
1049	8.182500e-002	
1050	8.390000e-002	
1051	8.605000e-002	
1052	8.637500e-002	
1053	8.555000e-002	
1054	8.295000e-002	
1055	8.157500e-002	
1056	8.040000e-002	
1057	8.122500e-002	
1058	8.147500e-002	
1059	8.390000e-002	
1060	8.375000e-002	
1061	8.385000e-002	
1062	8.152500e-002	
1063	8.032500e-002	
1064	7.880000e-002	
1065	7.987500e-002	
1066	8.177500e-002	
1067	7.960000e-002	
1068	8.322500e-002	
1069	8.472500e-002	
1070	8.522500e-002	
1071	8.465000e-002	
1072	8.207500e-002	
1073	8.000000e-002	
1074	7.920000e-002	
1075	8.225000e-002	
1076	8.327500e-002	
1077	8.262500e-002	
1078	8.277500e-002	
1079	8.390000e-002	
1080	8.300000e-002	
1081	8.267500e-002	
1082	8.195000e-002	
1083	8.152500e-002	
1084	8.202500e-002	
1085	8.217500e-002	
1086	7.992500e-002	
1087	8.112500e-002	
1088	8.120000e-002	
1089	8.010000e-002	
1090	8.322500e-002	
1091	8.455000e-002	
1092	8.590000e-002	
1093	8.320000e-002	
1094	8.167500e-002	
1095	8.140000e-002	
1096	7.942500e-002	
1097	7.915000e-002	
1098	7.925000e-002	
1099	7.842500e-002	
1100	8.082500e-002	
1101	8.210000e-002	
1102	8.202500e-002	
1103	8.277500e-002	
1104	8.147500e-002	
1105	8.050000e-002	
1106	8.180000e-002	
1107	7.867500e-002	
1108	8.017500e-002	
1109	8.272500e-002	
1110	8.375000e-002	
1111	8.575000e-002	
1112	8.507500e-002	
1113	8.330000e-002	
1114	8.355000e-002	
1115	8.350000e-002	
1116	8.292500e-002	
1117	7.935000e-002	
1118	7.912500e-002	
1119	7.810000e-002	
1120	7.952500e-002	
1121	8.240000e-002	
1122	8.422500e-002	
1123	8.495000e-002	
1124	8.377500e-002	
1125	8.372500e-002	
1126	8.592500e-002	
1127	8.315000e-002	
1128	8.307500e-002	
1129	8.117500e-002	
1130	7.767500e-002	
1131	7.925000e-002	
1132	7.945000e-002	
1133	8.047500e-002	
1134	7.895000e-002	
1135	8.110000e-002	
1136	7.975000e-002	
1137	8.150000e-002	
1138	8.392500e-002	
1139	8.297500e-002	
1140	8.390000e-002	
1141	8.375000e-002	
1142	8.207500e-002	
1143	8.247500e-002	
1144	8.660000e-002	
1145	8.372500e-002	
1146	8.020000e-002	
1147	8.107500e-002	
1148	8.100000e-002	
1149	8.117500e-002	
1150	8.142500e-002	
1151	8.322500e-002	
1152	8.265000e-002	
1153	8.205000e-002	
1154	8.417500e-002	
1155	8.307500e-002	
1156	8.117500e-002	
1157	7.880000e-002	
1158	8.055000e-002	
1159	8.005000e-002	
1160	8.310000e-002	
1161	8.090000e-002	
1162	7.785000e-002	
1163	7.790000e-002	
1164	8.160000e-002	
1165	8.402500e-002	
1166	8.542500e-002	
1167	8.327500e-002	
1168	8.182500e-002	
1169	8.107500e-002	
1170	8.357500e-002	
1171	8.057500e-002	
1172	7.810000e-002	
1173	7.802500e-002	
1174	8.160000e-002	
1175	8.197500e-002	
1176	8.265000e-002	
1177	8.317500e-002	
1178	8.182500e-002	
1179	8.190000e-002	
1180	8.112500e-002	
1181	8.180000e-002	
1182	8.070000e-002	
1183	8.020000e-002	
1184	7.862500e-002	
1185	8.227500e-002	
1186	8.350000e-002	
1187	8.462500e-002	
1188	8.150000e-002	
1189	8.175000e-002	
1190	8.090000e-002	
1191	8.075000e-002	
1192	7.920000e-002	
1193	7.557500e-002	
1194	7.952500e-002	
1195	8.172500e-002	
1196	8.600000e-002	
1197	8.387500e-002	
1198	8.100000e-002	
1199	7.920000e-002	
1200	7.975000e-002	
1201	7.962500e-002	
1202	8.225000e-002	
1203	8.395000e-002	
1204	8.482500e-002	
1205	8.522500e-002	
1206	8.307500e-002	
1207	8.255000e-002	
1208	7.932500e-002	
1209	8.052500e-002	
1210	7.867500e-002	
1211	7.832500e-002	
1212	8.262500e-002	
1213	8.325000e-002	
1214	8.135000e-002	
1215	7.977500e-002	
1216	8.032500e-002	
1217	8.127500e-002	
1218	8.355000e-002	
1219	8.237500e-002	
1220	8.015000e-002	
1221	7.937500e-002	
1222	7.895000e-002	
1223	7.947500e-002	
1224	8.195000e-002	
1225	8.145000e-002	
1226	8.185000e-002	
1227	8.345000e-002	
1228	8.507500e-002	
1229	8.630000e-002	
1230	8.087500e-002	
1231	8.025000e-002	
1232	7.900000e-002	
1233	7.707500e-002	
1234	8.182500e-002	
1235	8.210000e-002	
1236	8.087500e-002	
1237	8.445000e-002	
1238	8.310000e-002	
1239	8.260000e-002	
1240	8.230000e-002	
1241	8.552500e-002	
1242	8.627500e-002	
1243	8.370000e-002	
1244	8.125000e-002	
1245	8.020000e-002	
1246	8.037500e-002	
1247	7.767500e-002	
1248	7.972500e-002	
1249	7.905000e-002	
1250	7.910000e-002	
1251	8.345000e-002	
1252	8.492500e-002	
1253	8.252500e-002	
1254	8.010000e-002	
1255	8.107500e-002	
1256	8.160000e-002	
1257	7.995000e-002	
1258	8.115000e-002	
1259	8.202500e-002	
1260	8.212500e-002	
1261	8.290000e-002	
1262	8.387500e-002	
1263	8.425000e-002	
1264	8.460000e-002	
1265	8.290000e-002	
1266	8.315000e-002	
1267	8.325000e-002	
1268	7.960000e-002	
1269	7.797500e-002	
1270	8.110000e-002	
1271	8.107500e-002	
1272	8.415000e-002	
1273	8.402500e-002	
1274	8.155000e-002	
1275	8.195000e-002	
1276	8.265000e-002	
1277	8.085000e-002	
1278	8.020000e-002	
1279	8.152500e-002	
1280	8.155000e-002	
1281	8.182500e-002	
1282	8.185000e-002	
1283	8.137500e-002	
1284	8.057500e-002	
1285	8.185000e-002	
1286	8.300000e-002	
1287	8.297500e-002	
1288	8.197500e-002	
1289	7.770000e-002	
1290	7.782500e-002	
1291	8.302500e-002	
1292	8.300000e-002	
1293	8.257500e-002	
1294	8.107500e-002	
1295	8.337500e-002	
1296	8.345000e-002	
1297	8.157500e-002	
1298	8.487500e-002	
1299	8.167500e-002	
1300	7.957500e-002	
1301	8.037500e-002	
1302	7.997500e-002	
1303	8.217500e-002	
1304	8.130000e-002	
1305	7.802500e-002	
1306	7.612500e-002	
1307	7.752500e-002	
1308	8.140000e-002	
1309	8.240000e-002	
1310	8.292500e-002	
1311	8.040000e-002	
1312	8.147500e-002	
1313	8.210000e-002	
1314	8.115000e-002	
1315	8.292500e-002	
1316	8.407500e-002	
1317	8.505000e-002	
1318	8.560000e-002	
1319	8.497500e-002	
1320	8.310000e-002	
1321	8.050000e-002	
1322	8.207500e-002	
1323	8.350000e-002	
1324	8.362500e-002	
1325	7.995000e-002	
1326	7.940000e-002	
1327	8.362500e-002	
1328	8.542500e-002	
1329	8.537500e-002	
1330	8.077500e-002	
1331	7.825000e-002	
1332	7.825000e-002	
1333	7.585000e-002	
1334	8.002500e-002	
1335	8.205000e-002	
1336	8.492500e-002	
1337	8.375000e-002	
1338	8.347500e-002	
1339	8.295000e-002	
1340	8.360000e-002	
1341	8.305000e-002	
1342	8.222500e-002	
1343	7.910000e-002	
1344	7.762500e-002	
1345	7.850000e-002	
1346	8.040000e-002	
1347	7.835000e-002	
1348	7.790000e-002	
1349	8.102500e-002	
1350	8.320000e-002	
1351	8.350000e-002	
1352	8.347500e-002	
1353	8.240000e-002	
1354	8.245000e-002	
1355	8.007500e-002	
1356	8.142500e-002	
1357	7.805000e-002	
1358	7.907500e-002	
1359	7.990000e-002	
1360	8.185000e-002	
1361	8.472500e-002	
1362	8.232500e-002	
1363	8.247500e-002	
1364	8.090000e-002	
1365	8.185000e-002	
1366	8.070000e-002	
1367	8.297500e-002	
1368	8.240000e-002	
1369	8.307500e-002	
1370	8.202500e-002	
1371	8.142500e-002	
1372	8.052500e-002	
1373	7.870000e-002	
1374	7.827500e-002	
1375	8.047500e-002	
1376	8.097500e-002	
1377	8.245000e-002	
1378	7.970000e-002	
1379	8.060000e-002	
1380	8.060000e-002	
1381	8.242500e-002	
1382	8.382500e-002	
1383	8.237500e-002	
1384	7.955000e-002	
1385	8.002500e-002	
1386	8.022500e-002	
1387	8.120000e-002	
1388	8.217500e-002	
1389	8.367500e-002	
1390	8.112500e-002	
1391	8.060000e-002	
1392	7.992500e-002	
1393	8.022500e-002	
1394	8.475000e-002	
1395	8.332500e-002	
1396	8.207500e-002	
1397	8.225000e-002	
1398	8.202500e-002	
1399	8.132500e-002	
1400	7.877500e-002	
1401	8.192500e-002	
1402	8.280000e-002	
1403	8.290000e-002	
1404	8.632500e-002	
1405	8.197500e-002	
1406	7.975000e-002	
1407	8.080000e-002	
1408	7.945000e-002	
1409	8.182500e-002	
1410	8.317500e-002	
1411	8.420000e-002	
1412	8.282500e-002	
1413	8.400000e-002	
1414	8.315000e-002	
1415	8.000000e-002	
1416	7.882500e-002	
1417	8.272500e-002	
1418	8.325000e-002	
1419	8.167500e-002	
1420	8.225000e-002	
1421	8.407500e-002	
1422	8.382500e-002	
1423	8.227500e-002	
1424	8.100000e-002	
1425	8.027500e-002	
1426	7.892500e-002	
1427	7.822500e-002	
1428	7.850000e-002	
1429	8.242500e-002	
1430	8.455000e-002	
1431	8.385000e-002	
1432	8.275000e-002	
1433	8.115000e-002	
1434	8.085000e-002	
1435	8.165000e-002	
1436	8.255000e-002	
1437	8.212500e-002	
1438	8.300000e-002	
1439	8.075000e-002	
1440	8.185000e-002	
1441	8.140000e-002	
1442	7.747500e-002	
1443	7.765000e-002	
1444	8.092500e-002	
1445	7.877500e-002	
1446	8.225000e-002	
1447	8.470000e-002	
1448	8.535000e-002	
1449	8.585000e-002	
1450	8.192500e-002	
1451	8.100000e-002	
1452	8.025000e-002	
1453	8.112500e-002	
1454	8.352500e-002	
1455	8.115000e-002	
1456	8.102500e-002	
1457	8.175000e-002	
1458	8.112500e-002	
1459	8.160000e-002	
1460	8.360000e-002	
1461	8.425000e-002	
1462	8.435000e-002	
1463	8.432500e-002	
1464	8.232500e-002	
1465	8.127500e-002	
1466	7.857500e-002	
1467	8.037500e-002	
1468	8.235000e-002	
1469	8.095000e-002	
1470	8.420000e-002	
1471	8.262500e-002	
1472	8.222500e-002	
1473	8.212500e-002	
1474	8.040000e-002	
1475	8.125000e-002	
1476	8.217500e-002	
1477	8.217500e-002	
1478	8.177500e-002	
1479	8.400000e-002	
1480	8.297500e-002	
1481	8.497500e-002	
1482	8.332500e-002	
1483	8.237500e-002	
1484	8.130000e-002	
1485	8.115000e-002	
1486	8.192500e-002	
1487	8.125000e-002	
1488	8.065000e-002	
1489	7.945000e-002	
1490	8.420000e-002	
1491	8.640000e-002	
1492	8.562500e-002	
1493	8.460000e-002	
1494	8.262500e-002	
1495	8.140000e-002	
1496	8.022500e-002	
1497	7.807500e-002	
1498	7.670000e-002	
1499	8.150000e-002	
1500	8.375000e-002	
1501	8.525000e-002	
1502	8.432500e-002	
1503	8.630000e-002	
1504	8.345000e-002	
1505	8.075000e-002	
1506	8.157500e-002	
1507	8.262500e-002	
1508	8.097500e-002	
1509	8.140000e-002	
1510	8.100000e-002	
1511	8.210000e-002	
1512	8.087500e-002	
1513	7.912500e-002	
1514	8.167500e-002	
1515	8.102500e-002	
1516	8.057500e-002	
1517	8.415000e-002	
1518	8.017500e-002	
1519	7.885000e-002	
1520	8.047500e-002	
1521	8.257500e-002	
1522	8.397500e-002	
1523	8.450000e-002	
1524	8.327500e-002	
1525	8.427500e-002	
1526	8.185000e-002	
1527	8.060000e-002	
1528	8.115000e-002	
1529	7.967500e-002	
1530	7.927500e-002	
1531	8.020000e-002	
1532	8.450000e-002	
1533	8.427500e-002	
1534	8.405000e-002	
1535	8.545000e-002	
1536	8.395000e-002	
1537	7.862500e-002	
1538	7.860000e-002	
1539	7.867500e-002	
1540	7.812500e-002	
1541	7.857500e-002	
1542	8.037500e-002	
1543	8.275000e-002	
1544	8.155000e-002	
1545	8.145000e-002	
1546	8.382500e-002	
1547	8.435000e-002	
1548	8.545000e-002	
1549	8.377500e-002	
1550	8.135000e-002	
1551	8.317500e-002	
1552	8.135000e-002	
1553	8.185000e-002	
1554	8.235000e-002	
1555	7.917500e-002	
1556	7.837500e-002	
1557	8.125000e-002	
1558	8.282500e-002	
1559	8.512500e-002	
1560	8.165000e-002	
1561	7.997500e-002	
1562	8.125000e-002	
1563	8.407500e-002	
1564	8.100000e-002	
1565	8.035000e-002	
1566	8.037500e-002	
1567	7.810000e-002	
1568	7.985000e-002	
1569	8.135000e-002	
1570	8.107500e-002	
1571	8.275000e-002	
1572	8.365000e-002	
1573	8.332500e-002	
1574	8.317500e-002	
1575	8.527500e-002	
1576	8.247500e-002	
1577	7.972500e-002	
1578	8.332500e-002	
1579	8.472500e-002	
1580	8.222500e-002	
1581	7.945000e-002	
1582	7.930000e-002	
1583	8.020000e-002	
1584	8.065000e-002	
1585	8.292500e-002	
1586	8.647500e-002	
1587	8.710000e-002	
1588	8.562500e-002	
1589	8.305000e-002	
1590	7.955000e-002	
1591	8.067500e-002	
1592	7.870000e-002	
1593	7.817500e-002	
1594	7.847500e-002	
1595	8.037500e-002	
1596	8.180000e-002	
1597	8.267500e-002	
1598	8.480000e-002	
1599	8.507500e-002	
1600	8.300000e-002	
1601	8.200000e-002	
1602	7.997500e-002	
1603	7.995000e-002	
1604	8.057500e-002	
1605	8.417500e-002	
1606	8.567500e-002	
1607	8.412500e-002	
1608	8.295000e-002	
1609	8.035000e-002	
1610	7.945000e-002	
1611	7.920000e-002	
1612	7.910000e-002	
1613	8.215000e-002	
1614	8.617500e-002	
1615	8.465000e-002	
1616	8.577500e-002	
1617	8.445000e-002	
1618	8.347500e-002	
1619	7.810000e-002	
1620	8.015000e-002	
1621	8.125000e-002	
1622	7.990000e-002	
1623	8.040000e-002	
1624	7.987500e-002	
1625	8.355000e-002	
1626	8.230000e-002	
1627	8.205000e-002	
1628	8.150000e-002	
1629	8.177500e-002	
1630	8.162500e-002	
1631	8.175000e-002	
1632	7.837500e-002	
1633	7.852500e-002	
1634	8.012500e-002	
1635	8.042500e-002	
1636	8.010000e-002	
1637	8.100000e-002	
1638	8.352500e-002	
1639	8.225000e-002	
1640	8.490000e-002	
1641	8.597500e-002	
1642	8.312500e-002	
1643	8.467500e-002	
1644	8.145000e-002	
1645	8.337500e-002	
1646	8.157500e-002	
1647	7.952500e-002	
1648	8.145000e-002	
1649	7.952500e-002	
1650	8.095000e-002	
1651	8.155000e-002	
1652	8.220000e-002	
1653	8.307500e-002	
1654	8.387500e-002	
1655	8.275000e-002	
1656	8.277500e-002	
1657	8.042500e-002	
1658	8.025000e-002	
1659	8.010000e-002	
1660	8.145000e-002	
1661	8.092500e-002	
1662	8.052500e-002	
1663	8.090000e-002	
1664	8.025000e-002	
1665	8.005000e-002	
1666	8.052500e-002	
1667	8.347500e-002	
1668	8.095000e-002	
1669	8.137500e-002	
1670	8.177500e-002	
1671	8.067500e-002	
1672	8.325000e-002	
1673	8.312500e-002	
1674	8.375000e-002	
1675	8.210000e-002	
1676	8.090000e-002	
1677	7.902500e-002	
1678	7.605000e-002	
1679	8.050000e-002	
1680	8.475000e-002	
1681	8.525000e-002	
1682	8.687500e-002	
1683	8.540000e-002	
1684	8.687500e-002	
1685	8.357500e-002	
1686	8.145000e-002	
1687	7.900000e-002	
1688	7.795000e-002	
1689	8.065000e-002	
1690	7.865000e-002	
1691	8.042500e-002	
1692	8.182500e-002	
1693	7.857500e-002	
1694	8.037500e-002	
1695	7.915000e-002	
1696	8.132500e-002	
1697	8.027500e-002	
1698	8.102500e-002	
1699	7.927500e-002	
1700	8.225000e-002	
1701	8.295000e-002	
1702	8.137500e-002	
1703	8.127500e-002	
1704	8.140000e-002	
1705	8.160000e-002	
1706	8.197500e-002	
1707	8.322500e-002	
1708	8.105000e-002	
1709	8.310000e-002	
1710	8.262500e-002	
1711	8.340000e-002	
1712	8.435000e-002	
1713	8.447500e-002	
1714	8.217500e-002	
1715	8.132500e-002	
1716	8.260000e-002	
1717	8.290000e-002	
1718	8.250000e-002	
1719	8.377500e-002	
1720	8.415000e-002	
1721	8.365000e-002	
1722	7.977500e-002	
1723	7.930000e-002	
1724	7.905000e-002	
1725	8.255000e-002	
1726	8.292500e-002	
1727	8.325000e-002	
1728	8.082500e-002	
1729	7.865000e-002	
1730	7.880000e-002	
1731	7.790000e-002	
1732	8.035000e-002	
1733	8.320000e-002	
1734	8.370000e-002	
1735	8.115000e-002	
1736	8.167500e-002	
1737	7.990000e-002	
1738	7.960000e-002	
1739	8.060000e-002	
1740	8.175000e-002	
1741	8.292500e-002	
1742	8.327500e-002	
1743	8.477500e-002	
1744	8.477500e-002	
1745	8.497500e-002	
1746	8.357500e-002	
1747	8.025000e-002	
1748	7.917500e-002	
1749	8.082500e-002	
1750	8.122500e-002	
1751	8.200000e-002	
1752	8.325000e-002	
1753	8.352500e-002	
1754	8.520000e-002	
1755	8.440000e-002	
1756	8.142500e-002	
1757	7.925000e-002	
1758	7.910000e-002	
1759	7.995000e-002	
1760	7.895000e-002	
1761	7.977500e-002	
1762	7.965000e-002	
1763	8.267500e-002	
1764	8.480000e-002	
1765	8.462500e-002	
1766	8.265000e-002	
1767	8.062500e-002	
1768	7.912500e-002	
1769	8.070000e-002	
1770	8.060000e-002	
1771	7.985000e-002	
1772	8.072500e-002	
1773	8.315000e-002	
1774	8.132500e-002	
1775	7.992500e-002	
1776	7.992500e-002	
1777	8.075000e-002	
1778	8.060000e-002	
1779	8.055000e-002	
1780	8.205000e-002	
1781	8.277500e-002	
1782	8.167500e-002	
1783	8.362500e-002	
1784	8.062500e-002	
1785	8.215000e-002	
1786	8.342500e-002	
1787	8.380000e-002	
1788	8.347500e-002	
1789	8.210000e-002	
1790	8.317500e-002	
1791	8.185000e-002	
1792	8.005000e-002	
1793	7.980000e-002	
1794	8.025000e-002	
1795	7.985000e-002	
1796	8.230000e-002	
1797	8.347500e-002	
1798	8.370000e-002	
1799	8.362500e-002	
1800	8.357500e-002	
1801	8.545000e-002	
1802	8.350000e-002	
1803	8.297500e-002	
1804	8.197500e-002	
1805	8.127500e-002	
1806	7.877500e-002	
1807	7.777500e-002	
1808	7.847500e-002	
1809	8.027500e-002	
1810	8.217500e-002	
1811	8.305000e-002	
1812	8.457500e-002	
1813	8.540000e-002	
1814	8.252500e-002	
1815	7.970000e-002	
1816	8.035000e-002	
1817	8.307500e-002	
1818	8.285000e-002	
1819	8.080000e-002	
1820	8.015000e-002	
1821	7.995000e-002	
1822	7.725000e-002	
1823	7.890000e-002	
1824	7.792500e-002	
1825	8.090000e-002	
1826	8.160000e-002	
1827	8.300000e-002	
1828	8.445000e-002	
1829	8.392500e-002	
1830	8.147500e-002	
1831	8.040000e-002	
1832	8.152500e-002	
1833	8.032500e-002	
1834	8.005000e-002	
1835	8.290000e-002	
1836	8.545000e-002	
1837	8.312500e-002	
1838	8.422500e-002	
1839	8.330000e-002	
1840	8.227500e-002	
1841	8.045000e-002	
1842	7.797500e-002	
1843	8.225000e-002	
1844	8.300000e-002	
1845	8.547500e-002	
1846	8.337500e-002	
1847	8.272500e-002	
1848	8.140000e-002	
1849	7.882500e-002	
1850	8.007500e-002	
1851	8.107500e-002	
1852	8.322500e-002	
1853	8.187500e-002	
1854	8.217500e-002	
1855	7.995000e-002	
1856	8.160000e-002	
1857	8.155000e-002	
1858	8.090000e-002	
1859	8.220000e-002	
1860	8.585000e-002	
1861	8.247500e-002	
1862	8.237500e-002	
1863	8.277500e-002	
1864	8.247500e-002	
1865	8.195000e-002	
1866	8.127500e-002	
1867	8.280000e-002	
1868	8.277500e-002	
1869	8.237500e-002	
1870	8.205000e-002	
1871	8.395000e-002	
1872	8.420000e-002	
1873	8.487500e-002	
1874	8.210000e-002	
1875	8.090000e-002	
1876	7.857500e-002	
1877	7.690000e-002	
1878	7.835000e-002	
1879	7.762500e-002	
1880	8.135000e-002	
1881	8.445000e-002	
1882	8.430000e-002	
1883	8.702500e-002	
1884	8.385000e-002	
1885	8.180000e-002	
1886	8.200000e-002	
1887	7.985000e-002	
1888	8.002500e-002	
1889	7.877500e-002	
1890	7.752500e-002	
1891	7.757500e-002	
1892	7.750000e-002	
1893	8.360000e-002	
1894	8.605000e-002	
1895	8.585000e-002	
1896	8.682500e-002	
1897	8.647500e-002	
1898	8.330000e-002	
1899	7.962500e-002	
1900	7.892500e-002	
1901	7.897500e-002	
1902	7.967500e-002	
1903	7.932500e-002	
1904	8.282500e-002	
1905	8.532500e-002	
1906	8.770000e-002	
1907	8.617500e-002	
1908	8.365000e-002	
1909	8.170000e-002	
1910	8.060000e-002	
1911	7.805000e-002	
1912	7.870000e-002	
1913	7.867500e-002	
1914	8.052500e-002	
1915	8.137500e-002	
1916	8.372500e-002	
1917	8.465000e-002	
1918	8.432500e-002	
1919	8.347500e-002	
1920	7.985000e-002	
1921	8.252500e-002	
1922	7.932500e-002	
1923	8.050000e-002	
1924	8.155000e-002	
1925	8.132500e-002	
1926	8.082500e-002	
1927	8.042500e-002	
1928	7.950000e-002	
1929	8.175000e-002	
1930	8.147500e-002	
1931	8.345000e-002	
1932	8.097500e-002	
1933	8.260000e-002	
1934	8.112500e-002	
1935	8.335000e-002	
1936	8.362500e-002	
1937	8.367500e-002	
1938	8.420000e-002	
1939	8.447500e-002	
1940	8.435000e-002	
1941	8.407500e-002	
1942	8.140000e-002	
1943	7.905000e-002	
1944	8.092500e-002	
1945	8.027500e-002	
1946	8.377500e-002	
1947	8.555000e-002	
1948	8.617500e-002	
1949	8.285000e-002	
1950	8.205000e-002	
1951	7.890000e-002	
1952	7.425000e-002	
1953	7.637500e-002	
1954	7.990000e-002	
1955	8.147500e-002	
1956	8.340000e-002	
1957	8.175000e-002	
1958	8.182500e-002	
1959	8.415000e-002	
1960	8.277500e-002	
1961	8.150000e-002	
1962	8.030000e-002	
1963	8.122500e-002	
1964	8.100000e-002	
1965	8.155000e-002	
1966	8.270000e-002	
1967	8.275000e-002	
1968	8.342500e-002	
1969	8.247500e-002	
1970	8.057500e-002	
1971	8.197500e-002	
1972	8.167500e-002	
1973	8.085000e-002	
1974	7.955000e-002	
1975	8.225000e-002	
1976	8.412500e-002	
1977	8.552500e-002	
1978	8.312500e-002	
1979	8.257500e-002	
1980	8.225000e-002	
1981	8.317500e-002	
1982	8.162500e-002	
1983	8.400000e-002	
1984	8.385000e-002	
1985	8.222500e-002	
1986	8.212500e-002	
1987	7.965000e-002	
1988	8.285000e-002	
1989	8.115000e-002	
1990	8.165000e-002	
1991	8.140000e-002	
1992	8.285000e-002	
1993	8.485000e-002	
1994	8.127500e-002	
1995	7.982500e-002	
1996	8.065000e-002	
1997	7.892500e-002	
1998	7.965000e-002	
1999	8.360000e-002	
2000	8.147500e-002	
2001	8.075000e-002	
2002	7.987500e-002	
2003	8.022500e-002	
2004	8.212500e-002	
2005	8.560000e-002	
2006	8.672500e-002	
2007	8.695000e-002	
2008	8.690000e-002	
2009	8.140000e-002	
2010	7.900000e-002	
2011	7.920000e-002	
2012	7.915000e-002	
2013	7.807500e-002	
2014	7.630000e-002	
2015	7.875000e-002	
2016	8.215000e-002	
2017	8.517500e-002	
2018	8.987500e-002	
2019	9.007500e-002	
2020	8.617500e-002	
2021	8.170000e-002	
2022	8.017500e-002	
2023	7.850000e-002	
2024	7.937500e-002	
2025	8.072500e-002	
2026	7.987500e-002	
2027	8.087500e-002	
2028	8.020000e-002	
2029	8.337500e-002	
2030	8.392500e-002	
2031	8.400000e-002	
2032	8.220000e-002	
2033	8.207500e-002	
2034	7.895000e-002	
2035	7.687500e-002	
2036	8.037500e-002	
2037	8.220000e-002	
2038	8.260000e-002	
2039	8.602500e-002	
2040	8.500000e-002	
2041	8.330000e-002	
2042	8.142500e-002	
2043	8.015000e-002	
2044	7.870000e-002	
2045	7.880000e-002	
2046	8.157500e-002	
2047	8.065000e-002	
2048	8.102500e-002	
2049	8.182500e-002	
2050	8.130000e-002	
2051	8.120000e-002	
2052	8.070000e-002	
2053	8.282500e-002	
2054	8.105000e-002	
2055	8.105000e-002	
2056	8.065000e-002	
2057	8.100000e-002	
2058	8.045000e-002	
2059	8.170000e-002	
2060	8.207500e-002	
2061	8.412500e-002	
2062	8.257500e-002	
2063	7.920000e-002	
2064	7.820000e-002	
2065	7.897500e-002	
2066	8.210000e-002	
2067	8.490000e-002	
2068	8.162500e-002	
2069	8.140000e-002	
2070	8.240000e-002	
2071	8.082500e-002	
2072	8.280000e-002	
2073	8.155000e-002	
2074	8.072500e-002	
2075	8.312500e-002	
2076	8.590000e-002	
2077	8.627500e-002	
2078	8.512500e-002	
2079	8.467500e-002	
2080	8.420000e-002	
2081	8.527500e-002	
2082	8.342500e-002	
2083	8.132500e-002	
2084	8.090000e-002	
2085	8.040000e-002	
2086	8.040000e-002	
2087	8.122500e-002	
2088	7.865000e-002	
2089	8.087500e-002	
2090	8.097500e-002	
2091	8.147500e-002	
2092	8.275000e-002	
2093	8.270000e-002	
2094	8.327500e-002	
2095	8.177500e-002	
2096	7.985000e-002	
2097	7.805000e-002	
2098	8.032500e-002	
2099	8.277500e-002	
2100	8.040000e-002	
2101	7.995000e-002	
2102	8.112500e-002	
2103	8.197500e-002	
2104	8.007500e-002	
2105	8.015000e-002	
2106	8.352500e-002	
2107	8.352500e-002	
2108	8.280000e-002	
2109	8.095000e-002	
2110	8.110000e-002	
2111	7.890000e-002	
2112	8.372500e-002	
2113	8.450000e-002	
2114	8.125000e-002	
2115	8.185000e-002	
2116	8.250000e-002	
2117	8.277500e-002	
2118	8.067500e-002	
2119	8.130000e-002	
2120	8.212500e-002	
2121	8.440000e-002	
2122	8.447500e-002	
2123	8.402500e-002	
2124	8.362500e-002	
2125	8.302500e-002	
2126	8.020000e-002	
2127	8.042500e-002	
2128	7.970000e-002	
2129	7.872500e-002	
2130	8.067500e-002	
2131	8.212500e-002	
2132	8.145000e-002	
2133	7.975000e-002	
2134	8.107500e-002	
2135	8.377500e-002	
2136	8.495000e-002	
2137	8.267500e-002	
2138	8.240000e-002	
2139	8.030000e-002	
2140	7.960000e-002	
2141	8.280000e-002	
2142	8.292500e-002	
2143	8.052500e-002	
2144	7.990000e-002	
2145	8.055000e-002	
2146	8.087500e-002	
2147	8.342500e-002	
2148	8.062500e-002	
2149	8.125000e-002	
2150	8.115000e-002	
2151	8.120000e-002	
2152	8.432500e-002	
2153	8.117500e-002	
2154	8.155000e-002	
2155	8.177500e-002	
2156	8.252500e-002	
2157	8.137500e-002	
2158	8.035000e-002	
2159	8.165000e-002	
2160	8.317500e-002	
2161	8.530000e-002	
2162	8.380000e-002	
2163	8.192500e-002	
2164	8.237500e-002	
2165	8.032500e-002	
2166	8.315000e-002	
2167	8.292500e-002	
2168	8.150000e-002	
2169	8.190000e-002	
2170	8.247500e-002	
2171	8.282500e-002	
2172	8.482500e-002	
2173	8.430000e-002	
2174	8.500000e-002	
2175	8.572500e-002	
2176	8.580000e-002	
2177	8.265000e-002	
2178	8.140000e-002	
2179	7.872500e-002	
2180	8.052500e-002	
2181	8.017500e-002	
2182	7.857500e-002	
2183	8.302500e-002	
2184	8.295000e-002	
2185	8.300000e-002	
2186	8.347500e-002	
2187	8.145000e-002	
2188	8.210000e-002	
2189	8.180000e-002	
2190	8.072500e-002	
2191	7.925000e-002	
2192	7.965000e-002	
2193	7.797500e-002	
2194	8.032500e-002	
2195	7.985000e-002	
2196	8.140000e-002	
2197	8.312500e-002	
2198	8.545000e-002	
2199	8.347500e-002	
2200	8.140000e-002	
2201	8.242500e-002	
2202	8.025000e-002	
2203	7.842500e-002	
2204	7.827500e-002	
2205	8.082500e-002	
2206	8.332500e-002	
2207	8.212500e-002	
2208	8.192500e-002	
2209	8.342500e-002	
2210	8.387500e-002	
2211	8.215000e-002	
2212	8.397500e-002	
2213	8.400000e-002	
2214	8.070000e-002	
2215	8.097500e-002	
2216	8.205000e-002	
2217	8.265000e-002	
2218	8.470000e-002	
2219	8.205000e-002	
2220	8.255000e-002	
2221	8.200000e-002	
2222	7.955000e-002	
2223	8.187500e-002	
2224	7.867500e-002	
2225	8.132500e-002	
2226	7.952500e-002	
2227	8.057500e-002	
2228	8.212500e-002	
2229	8.457500e-002	
2230	8.675000e-002	
2231	8.295000e-002	
2232	8.167500e-002	
2233	7.902500e-002	
2234	8.102500e-002	
2235	8.080000e-002	
2236	8.325000e-002	
2237	8.332500e-002	
2238	8.167500e-002	
2239	8.117500e-002	
2240	7.840000e-002	
2241	8.072500e-002	
2242	8.110000e-002	
2243	8.197500e-002	
2244	8.055000e-002	
2245	7.660000e-002	
2246	8.180000e-002	
2247	8.195000e-002	
2248	8.180000e-002	
2249	8.035000e-002	
2250	8.105000e-002	
2251	8.202500e-002	
2252	8.162500e-002	
2253	8.182500e-002	
2254	8.382500e-002	
2255	8.622500e-002	
2256	8.440000e-002	
2257	8.217500e-002	
2258	8.297500e-002	
2259	8.227500e-002	
2260	8.055000e-002	
2261	8.157500e-002	
2262	8.187500e-002	
2263	8.277500e-002	
2264	8.062500e-002	
2265	8.247500e-002	
2266	8.192500e-002	
2267	8.292500e-002	
2268	8.330000e-002	
2269	8.182500e-002	
2270	8.385000e-002	
2271	8.217500e-002	
2272	8.145000e-002	
2273	7.997500e-002	
2274	7.805000e-002	
2275	8.032500e-002	
2276	8.125000e-002	
2277	8.160000e-002	
2278	8.420000e-002	
2279	8.437500e-002	
2280	8.450000e-002	
2281	8.262500e-002	
2282	8.167500e-002	
2283	8.257500e-002	
2284	8.115000e-002	
2285	8.175000e-002	
2286	7.897500e-002	
2287	8.002500e-002	
2288	8.240000e-002	
2289	8.260000e-002	
2290	8.070000e-002	
2291	7.965000e-002	
2292	8.212500e-002	
2293	8.240000e-002	
2294	8.052500e-002	
2295	8.132500e-002	
2296	8.177500e-002	
2297	8.300000e-002	
2298	8.312500e-002	
2299	8.142500e-002	
2300	8.257500e-002	
2301	8.182500e-002	
2302	8.392500e-002	
2303	8.320000e-002	
2304	8.420000e-002	
2305	8.540000e-002	
2306	8.247500e-002	
2307	8.057500e-002	
2308	8.037500e-002	
2309	7.927500e-002	
2310	8.220000e-002	
2311	8.695000e-002	
2312	8.275000e-002	
2313	8.292500e-002	
2314	8.205000e-002	
2315	8.140000e-002	
2316	8.177500e-002	
2317	7.925000e-002	
2318	7.977500e-002	
2319	8.265000e-002	
2320	8.400000e-002	
2321	8.245000e-002	
2322	8.210000e-002	
2323	8.372500e-002	
2324	8.305000e-002	
2325	8.092500e-002	
2326	7.750000e-002	
2327	7.715000e-002	
2328	7.925000e-002	
2329	7.997500e-002	
2330	8.435000e-002	
2331	8.405000e-002	
2332	8.432500e-002	
2333	8.335000e-002	
2334	8.320000e-002	
2335	8.410000e-002	
2336	8.492500e-002	
2337	8.112500e-002	
2338	8.067500e-002	
2339	8.215000e-002	
2340	8.475000e-002	
2341	8.507500e-002	
2342	8.267500e-002	
2343	7.890000e-002	
2344	7.825000e-002	
2345	7.990000e-002	
2346	8.245000e-002	
2347	8.207500e-002	
2348	8.097500e-002	
2349	8.332500e-002	
2350	8.562500e-002	
2351	8.530000e-002	
2352	8.287500e-002	
2353	8.180000e-002	
2354	8.305000e-002	
2355	8.135000e-002	
2356	8.047500e-002	
2357	7.960000e-002	
2358	8.060000e-002	
2359	8.102500e-002	
2360	8.020000e-002	
2361	8.322500e-002	
2362	8.565000e-002	
2363	8.182500e-002	
2364	8.095000e-002	
2365	8.167500e-002	
2366	8.100000e-002	
2367	8.312500e-002	
2368	8.192500e-002	
2369	8.062500e-002	
2370	8.135000e-002	
2371	8.110000e-002	
2372	8.035000e-002	
2373	8.062500e-002	
2374	7.957500e-002	
2375	8.007500e-002	
2376	8.235000e-002	
2377	8.380000e-002	
2378	8.112500e-002	
2379	8.205000e-002	
2380	8.330000e-002	
2381	8.280000e-002	
2382	8.245000e-002	
2383	8.055000e-002	
2384	8.322500e-002	
2385	8.332500e-002	
2386	8.295000e-002	
2387	8.310000e-002	
2388	8.007500e-002	
2389	8.137500e-002	
2390	8.005000e-002	
2391	8.075000e-002	
2392	8.332500e-002	
2393	8.455000e-002	
2394	8.470000e-002	
2395	8.522500e-002	
2396	8.297500e-002	
2397	8.100000e-002	
2398	8.087500e-002	
2399	7.842500e-002	
2400	7.872500e-002	
2401	8.167500e-002	
2402	8.245000e-002	
2403	8.362500e-002	
2404	8.392500e-002	
2405	8.097500e-002	
2406	8.155000e-002	
2407	8.127500e-002	
2408	8.147500e-002	
2409	8.325000e-002	
2410	8.590000e-002	
2411	8.360000e-002	
2412	8.255000e-002	
2413	8.147500e-002	
2414	7.817500e-002	
2415	7.787500e-002	
2416	8.057500e-002	
2417	8.050000e-002	
2418	8.070000e-002	
2419	8.105000e-002	
2420	8.395000e-002	
2421	8.580000e-002	
2422	8.555000e-002	
2423	8.422500e-002	
2424	8.292500e-002	
2425	8.022500e-002	
2426	7.750000e-002	
2427	7.742500e-002	
2428	7.750000e-002	
2429	7.880000e-002	
2430	8.355000e-002	
2431	8.510000e-002	
2432	8.547500e-002	
2433	8.482500e-002	
2434	8.567500e-002	
2435	8.430000e-002	
2436	7.912500e-002	
2437	7.932500e-002	
2438	7.767500e-002	
2439	8.020000e-002	
2440	8.490000e-002	
2441	8.155000e-002	
2442	8.120000e-002	
2443	8.127500e-002	
2444	8.277500e-002	
2445	8.240000e-002	
2446	8.365000e-002	
2447	8.157500e-002	
2448	8.037500e-002	
2449	8.367500e-002	
2450	8.377500e-002	
2451	8.232500e-002	
2452	8.275000e-002	
2453	8.235000e-002	
2454	8.580000e-002	
2455	8.277500e-002	
2456	8.165000e-002	
2457	8.280000e-002	
2458	8.245000e-002	
2459	8.150000e-002	
2460	7.927500e-002	
2461	7.770000e-002	
2462	7.750000e-002	
2463	7.782500e-002	
2464	7.832500e-002	
2465	7.902500e-002	
2466	8.225000e-002	
2467	8.267500e-002	
2468	8.700000e-002	
2469	8.660000e-002	
2470	8.357500e-002	
2471	8.287500e-002	
2472	8.337500e-002	
2473	8.245000e-002	
2474	7.960000e-002	
2475	8.132500e-002	
2476	8.045000e-002	
2477	8.190000e-002	
2478	8.370000e-002	
2479	8.432500e-002	
2480	8.587500e-002	
2481	8.542500e-002	
2482	8.250000e-002	
2483	8.212500e-002	
2484	8.215000e-002	
2485	8.067500e-002	
2486	7.855000e-002	
2487	7.777500e-002	
2488	7.952500e-002	
2489	7.962500e-002	
2490	8.157500e-002	
2491	8.310000e-002	
2492	8.392500e-002	
2493	8.517500e-002	
2494	8.570000e-002	
2495	8.197500e-002	
2496	7.850000e-002	
2497	7.840000e-002	
2498	7.887500e-002	
2499	8.227500e-002	
2500	8.157500e-002	
2501	8.112500e-002	
2502	8.105000e-002	
2503	7.945000e-002	
2504	8.265000e-002	
2505	8.232500e-002	
2506	8.487500e-002	
2507	8.115000e-002	
2508	7.905000e-002	
2509	7.795000e-002	
2510	8.060000e-002	
2511	8.335000e-002	
2512	8.297500e-002	
2513	8.115000e-002	
2514	8.252500e-002	
2515	8.072500e-002	
2516	8.182500e-002	
2517	8.240000e-002	
2518	8.302500e-002	
2519	8.372500e-002	
2520	8.385000e-002	
2521	8.407500e-002	
2522	8.382500e-002	
2523	8.400000e-002	
2524	8.557500e-002	
2525	8.512500e-002	
2526	8.497500e-002	
2527	7.867500e-002	
2528	7.912500e-002	
2529	7.842500e-002	
2530	8.000000e-002	
2531	8.167500e-002	
2532	8.480000e-002	
2533	8.530000e-002	
2534	8.612500e-002	
2535	8.585000e-002	
2536	8.095000e-002	
2537	7.957500e-002	
2538	7.857500e-002	
2539	8.020000e-002	
2540	8.265000e-002	
2541	8.212500e-002	
2542	8.147500e-002	
2543	8.277500e-002	
2544	8.177500e-002	
2545	8.242500e-002	
2546	8.307500e-002	
2547	8.357500e-002	
2548	8.252500e-002	
2549	8.060000e-002	
2550	8.257500e-002	
2551	8.132500e-002	
2552	7.930000e-002	
2553	7.995000e-002	
2554	7.935000e-002	
2555	8.120000e-002	
2556	8.005000e-002	
2557	8.277500e-002	
2558	8.235000e-002	
2559	8.060000e-002	
2560	8.017500e-002	
2561	8.165000e-002	
2562	8.080000e-002	
2563	7.977500e-002	
2564	8.002500e-002	
2565	8.110000e-002	
2566	8.280000e-002	
2567	8.107500e-002	
2568	8.170000e-002	
2569	8.002500e-002	
2570	7.915000e-002	
2571	8.070000e-002	
2572	8.245000e-002	
2573	8.427500e-002	
2574	8.435000e-002	
2575	8.325000e-002	
2576	8.130000e-002	
2577	8.047500e-002	
2578	7.982500e-002	
2579	7.857500e-002	
2580	7.950000e-002	
2581	8.312500e-002	
2582	8.480000e-002	
2583	8.402500e-002	
2584	8.225000e-002	
2585	8.217500e-002	
2586	8.187500e-002	
2587	8.325000e-002	
2588	8.050000e-002	
2589	8.052500e-002	
2590	8.022500e-002	
2591	7.982500e-002	
2592	8.377500e-002	
2593	8.675000e-002	
2594	8.390000e-002	
2595	8.225000e-002	
2596	8.062500e-002	
2597	7.897500e-002	
2598	7.675000e-002	
2599	7.897500e-002	
2600	8.165000e-002	
2601	8.290000e-002	
2602	8.360000e-002	
2603	8.562500e-002	
2604	8.330000e-002	
2605	8.427500e-002	
2606	8.230000e-002	
2607	8.042500e-002	
2608	7.897500e-002	
2609	7.752500e-002	
2610	8.090000e-002	
2611	8.290000e-002	
2612	8.297500e-002	
2613	8.390000e-002	
2614	8.460000e-002	
2615	8.117500e-002	
2616	8.080000e-002	
2617	8.062500e-002	
2618	8.280000e-002	
2619	7.975000e-002	
2620	8.107500e-002	
2621	8.345000e-002	
2622	8.130000e-002	
2623	8.160000e-002	
2624	8.115000e-002	
2625	8.235000e-002	
2626	8.325000e-002	
2627	8.315000e-002	
2628	8.017500e-002	
2629	8.012500e-002	
2630	8.112500e-002	
2631	8.170000e-002	
2632	8.165000e-002	
2633	8.257500e-002	
2634	8.267500e-002	
2635	8.340000e-002	
2636	8.430000e-002	
2637	8.202500e-002	
2638	8.202500e-002	
2639	8.240000e-002	
2640	8.147500e-002	
2641	8.140000e-002	
2642	8.015000e-002	
2643	7.860000e-002	
2644	7.965000e-002	
2645	8.197500e-002	
2646	8.375000e-002	
2647	8.467500e-002	
2648	8.495000e-002	
2649	8.425000e-002	
2650	8.190000e-002	
2651	8.192500e-002	
2652	8.325000e-002	
2653	7.990000e-002	
2654	7.972500e-002	
2655	8.117500e-002	
2656	8.195000e-002	
2657	8.050000e-002	
2658	8.100000e-002	
2659	8.272500e-002	
2660	8.042500e-002	
2661	8.057500e-002	
2662	7.885000e-002	
2663	7.892500e-002	
2664	8.257500e-002	
2665	8.155000e-002	
2666	8.375000e-002	
2667	8.242500e-002	
2668	8.260000e-002	
2669	8.325000e-002	
2670	8.392500e-002	
2671	8.170000e-002	
2672	8.070000e-002	
2673	8.295000e-002	
2674	8.380000e-002	
2675	8.212500e-002	
2676	8.062500e-002	
2677	8.150000e-002	
2678	8.360000e-002	
2679	8.422500e-002	
2680	8.150000e-002	
2681	8.372500e-002	
2682	8.212500e-002	
2683	8.317500e-002	
2684	8.505000e-002	
2685	8.260000e-002	
2686	7.975000e-002	
2687	8.022500e-002	
2688	7.942500e-002	
2689	8.170000e-002	
2690	8.197500e-002	
2691	7.940000e-002	
2692	8.165000e-002	
2693	8.165000e-002	
2694	8.430000e-002	
2695	8.457500e-002	
2696	8.452500e-002	
2697	8.387500e-002	
2698	8.400000e-002	
2699	8.075000e-002	
2700	8.150000e-002	
2701	8.362500e-002	
2702	8.310000e-002	
2703	8.467500e-002	
2704	8.237500e-002	
2705	8.165000e-002	
2706	8.357500e-002	
2707	8.325000e-002	
2708	8.352500e-002	
2709	8.325000e-002	
2710	8.162500e-002	
2711	7.990000e-002	
2712	7.667500e-002	
2713	7.827500e-002	
2714	8.232500e-002	
2715	8.167500e-002	
2716	8.522500e-002	
2717	8.697500e-002	
2718	8.507500e-002	
2719	8.167500e-002	
2720	8.142500e-002	
2721	8.457500e-002	
2722	8.437500e-002	
2723	8.180000e-002	
2724	8.427500e-002	
2725	8.257500e-002	
2726	8.020000e-002	
2727	8.342500e-002	
2728	8.585000e-002	
2729	8.377500e-002	
2730	8.412500e-002	
2731	8.117500e-002	
2732	8.037500e-002	
2733	7.737500e-002	
2734	7.642500e-002	
2735	8.045000e-002	
2736	8.170000e-002	
2737	8.262500e-002	
2738	8.647500e-002	
2739	8.492500e-002	
2740	8.092500e-002	
2741	7.895000e-002	
2742	7.892500e-002	
2743	8.170000e-002	
2744	8.220000e-002	
2745	8.445000e-002	
2746	8.457500e-002	
2747	8.625000e-002	
2748	8.320000e-002	
2749	8.190000e-002	
2750	8.175000e-002	
2751	7.982500e-002	
2752	7.850000e-002	
2753	7.990000e-002	
2754	7.935000e-002	
2755	8.412500e-002	
2756	8.567500e-002	
2757	8.650000e-002	
2758	8.477500e-002	
2759	8.190000e-002	
2760	7.840000e-002	
2761	7.752500e-002	
2762	7.822500e-002	
2763	8.005000e-002	
2764	8.367500e-002	
2765	8.680000e-002	
2766	8.475000e-002	
2767	8.770000e-002	
2768	8.297500e-002	
2769	7.812500e-002	
2770	7.725000e-002	
2771	7.962500e-002	
2772	8.025000e-002	
2773	7.875000e-002	
2774	8.180000e-002	
2775	8.332500e-002	
2776	8.575000e-002	
2777	8.632500e-002	
2778	8.602500e-002	
2779	8.417500e-002	
2780	7.967500e-002	
2781	7.822500e-002	
2782	7.885000e-002	
2783	7.925000e-002	
2784	7.752500e-002	
2785	7.912500e-002	
2786	8.100000e-002	
2787	8.462500e-002	
2788	8.327500e-002	
2789	8.177500e-002	
2790	8.170000e-002	
2791	8.180000e-002	
2792	8.090000e-002	
2793	8.040000e-002	
2794	8.250000e-002	
2795	8.370000e-002	
2796	8.250000e-002	
2797	8.115000e-002	
2798	8.330000e-002	
2799	8.155000e-002	
2800	8.345000e-002	
2801	8.305000e-002	
2802	8.285000e-002	
2803	8.387500e-002	
2804	8.147500e-002	
2805	7.767500e-002	
2806	7.550000e-002	
2807	7.890000e-002	
2808	8.242500e-002	
2809	8.405000e-002	
2810	8.290000e-002	
2811	8.090000e-002	
2812	8.002500e-002	
2813	7.907500e-002	
2814	7.997500e-002	
2815	7.630000e-002	
2816	7.735000e-002	
2817	8.195000e-002	
2818	8.535000e-002	
2819	8.530000e-002	
2820	8.372500e-002	
2821	8.360000e-002	
2822	8.050000e-002	
2823	8.072500e-002	
2824	8.127500e-002	
2825	8.187500e-002	
2826	8.007500e-002	
2827	8.102500e-002	
2828	7.965000e-002	
2829	8.082500e-002	
2830	8.105000e-002	
2831	8.457500e-002	
2832	8.680000e-002	
2833	8.525000e-002	
2834	8.160000e-002	
2835	7.957500e-002	
2836	7.832500e-002	
2837	8.205000e-002	
2838	8.412500e-002	
2839	8.322500e-002	
2840	8.210000e-002	
2841	8.257500e-002	
2842	8.127500e-002	
2843	8.225000e-002	
2844	8.170000e-002	
2845	8.137500e-002	
2846	8.342500e-002	
2847	8.055000e-002	
2848	8.082500e-002	
2849	7.975000e-002	
2850	7.625000e-002	
2851	8.032500e-002	
2852	8.120000e-002	
2853	8.377500e-002	
2854	8.482500e-002	
2855	8.520000e-002	
2856	8.362500e-002	
2857	7.997500e-002	
2858	8.200000e-002	
2859	8.102500e-002	
2860	8.047500e-002	
2861	7.875000e-002	
2862	8.055000e-002	
2863	8.350000e-002	
2864	8.220000e-002	
2865	8.102500e-002	
2866	8.127500e-002	
2867	8.285000e-002	
2868	8.472500e-002	
2869	8.065000e-002	
2870	7.977500e-002	
2871	7.877500e-002	
2872	8.060000e-002	
2873	8.330000e-002	
2874	8.310000e-002	
2875	8.102500e-002	
2876	8.022500e-002	
2877	8.292500e-002	
2878	8.407500e-002	
2879	8.487500e-002	
2880	7.930000e-002	
2881	8.117500e-002	
2882	8.127500e-002	
2883	7.967500e-002	
2884	7.905000e-002	
2885	8.062500e-002	
2886	8.005000e-002	
2887	8.182500e-002	
2888	8.287500e-002	
2889	8.492500e-002	
2890	8.185000e-002	
2891	7.967500e-002	
2892	7.947500e-002	
2893	8.127500e-002	
2894	8.310000e-002	
2895	8.245000e-002	
2896	8.462500e-002	
2897	8.392500e-002	
2898	8.312500e-002	
2899	8.352500e-002	
2900	7.902500e-002	
2901	8.002500e-002	
2902	8.350000e-002	
2903	8.672500e-002	
2904	8.330000e-002	
2905	8.405000e-002	
2906	8.165000e-002	
2907	8.012500e-002	
2908	7.795000e-002	
2909	7.965000e-002	
2910	8.132500e-002	
2911	8.255000e-002	
2912	8.437500e-002	
2913	8.517500e-002	
2914	8.042500e-002	
2915	7.902500e-002	
2916	8.067500e-002	
2917	8.072500e-002	
2918	8.285000e-002	
2919	8.147500e-002	
2920	8.335000e-002	
2921	8.230000e-002	
2922	8.152500e-002	
2923	8.360000e-002	
2924	8.367500e-002	
2925	8.080000e-002	
2926	7.760000e-002	
2927	7.765000e-002	
2928	7.810000e-002	
2929	8.007500e-002	
2930	8.240000e-002	
2931	8.420000e-002	
2932	8.247500e-002	
2933	8.245000e-002	
2934	8.247500e-002	
2935	8.025000e-002	
2936	8.030000e-002	
2937	8.000000e-002	
2938	8.330000e-002	
2939	8.345000e-002	
2940	8.385000e-002	
2941	8.297500e-002	
2942	8.205000e-002	
2943	8.335000e-002	
2944	8.482500e-002	
2945	8.342500e-002	
2946	8.082500e-002	
2947	7.902500e-002	
2948	8.052500e-002	
2949	8.232500e-002	
2950	8.217500e-002	
2951	7.922500e-002	
2952	8.067500e-002	
2953	8.092500e-002	
2954	8.350000e-002	
2955	8.610000e-002	
2956	8.270000e-002	
2957	8.170000e-002	
2958	8.247500e-002	
2959	8.030000e-002	
2960	8.000000e-002	
2961	8.270000e-002	
2962	8.142500e-002	
2963	8.115000e-002	
2964	8.442500e-002	
2965	8.072500e-002	
2966	7.850000e-002	
2967	7.880000e-002	
2968	8.187500e-002	
2969	8.240000e-002	
2970	8.377500e-002	
2971	8.592500e-002	
2972	8.785000e-002	
2973	8.382500e-002	
2974	8.402500e-002	
2975	8.322500e-002	
2976	7.977500e-002	
2977	7.885000e-002	
2978	7.630000e-002	
2979	7.902500e-002	
2980	7.817500e-002	
2981	8.122500e-002	
2982	8.415000e-002	
2983	8.592500e-002	
2984	8.775000e-002	
2985	8.497500e-002	
2986	8.297500e-002	
2987	8.447500e-002	
2988	8.062500e-002	
2989	7.960000e-002	
2990	8.175000e-002	
2991	7.962500e-002	
2992	8.025000e-002	
2993	7.947500e-002	
2994	7.952500e-002	
2995	8.090000e-002	
2996	8.300000e-002	
2997	8.677500e-002	
2998	8.657500e-002	
2999	8.482500e-002	
3000	8.115000e-002	
3001	8.130000e-002	
