1	0	
2	2.500000e-005	
3	7.500000e-005	
4	2.000000e-004	
5	4.750000e-004	
6	6.000000e-004	
7	1.150000e-003	
8	1.850000e-003	
9	2.375000e-003	
10	2.975000e-003	
11	3.150000e-003	
12	4.050000e-003	
13	4.300000e-003	
14	5.125000e-003	
15	5.600000e-003	
16	6.600000e-003	
17	6.925000e-003	
18	8.575000e-003	
19	9.850000e-003	
20	1.060000e-002	
21	1.182500e-002	
22	1.275000e-002	
23	1.327500e-002	
24	1.445000e-002	
25	1.625000e-002	
26	1.782500e-002	
27	1.990000e-002	
28	2.177500e-002	
29	2.315000e-002	
30	2.577500e-002	
31	2.632500e-002	
32	2.587500e-002	
33	2.560000e-002	
34	2.572500e-002	
35	2.705000e-002	
36	2.632500e-002	
37	2.742500e-002	
38	2.865000e-002	
39	2.907500e-002	
40	2.860000e-002	
41	2.760000e-002	
42	2.715000e-002	
43	2.630000e-002	
44	2.447500e-002	
45	2.315000e-002	
46	2.077500e-002	
47	1.942500e-002	
48	1.777500e-002	
49	1.417500e-002	
50	1.287500e-002	
51	1.137500e-002	
52	8.825000e-003	
53	8.525000e-003	
54	8.575000e-003	
55	7.775000e-003	
56	7.900000e-003	
57	7.150000e-003	
58	6.375000e-003	
59	6.025000e-003	
60	5.825000e-003	
61	5.450000e-003	
62	5.025000e-003	
63	5.475000e-003	
64	5.275000e-003	
65	5.775000e-003	
66	6.700000e-003	
67	6.500000e-003	
68	7.250000e-003	
69	8.150000e-003	
70	8.625000e-003	
71	9.450000e-003	
72	1.002500e-002	
73	1.162500e-002	
74	1.222500e-002	
75	1.292500e-002	
76	1.312500e-002	
77	1.375000e-002	
78	1.347500e-002	
79	1.387500e-002	
80	1.490000e-002	
81	1.495000e-002	
82	1.615000e-002	
83	1.652500e-002	
84	1.760000e-002	
85	1.840000e-002	
86	1.892500e-002	
87	1.875000e-002	
88	1.937500e-002	
89	2.020000e-002	
90	1.952500e-002	
91	2.062500e-002	
92	2.205000e-002	
93	2.195000e-002	
94	2.340000e-002	
95	2.435000e-002	
96	2.427500e-002	
97	2.465000e-002	
98	2.440000e-002	
99	2.357500e-002	
100	2.450000e-002	
101	2.130000e-002	
102	1.952500e-002	
103	1.825000e-002	
104	1.767500e-002	
105	1.742500e-002	
106	1.695000e-002	
107	1.620000e-002	
108	1.582500e-002	
109	1.465000e-002	
110	1.375000e-002	
111	1.275000e-002	
112	1.112500e-002	
113	1.047500e-002	
114	9.975000e-003	
115	9.575000e-003	
116	9.275000e-003	
117	9.500000e-003	
118	1.005000e-002	
119	1.060000e-002	
120	1.172500e-002	
121	1.195000e-002	
122	1.272500e-002	
123	1.242500e-002	
124	1.305000e-002	
125	1.352500e-002	
126	1.382500e-002	
127	1.392500e-002	
128	1.460000e-002	
129	1.565000e-002	
130	1.527500e-002	
131	1.505000e-002	
132	1.595000e-002	
133	1.572500e-002	
134	1.610000e-002	
135	1.732500e-002	
136	1.815000e-002	
137	1.802500e-002	
138	1.930000e-002	
139	2.020000e-002	
140	2.100000e-002	
141	2.100000e-002	
142	2.097500e-002	
143	2.187500e-002	
144	2.255000e-002	
145	2.382500e-002	
146	2.372500e-002	
147	2.487500e-002	
148	2.450000e-002	
149	2.430000e-002	
150	2.362500e-002	
151	2.090000e-002	
152	2.040000e-002	
153	1.997500e-002	
154	1.915000e-002	
155	1.800000e-002	
156	1.687500e-002	
157	1.630000e-002	
158	1.652500e-002	
159	1.605000e-002	
160	1.375000e-002	
161	1.242500e-002	
162	1.342500e-002	
163	1.287500e-002	
164	1.292500e-002	
165	1.247500e-002	
166	1.250000e-002	
167	1.387500e-002	
168	1.367500e-002	
169	1.460000e-002	
170	1.427500e-002	
171	1.392500e-002	
172	1.470000e-002	
173	1.472500e-002	
174	1.470000e-002	
175	1.457500e-002	
176	1.382500e-002	
177	1.382500e-002	
178	1.427500e-002	
179	1.500000e-002	
180	1.522500e-002	
181	1.560000e-002	
182	1.687500e-002	
183	1.865000e-002	
184	2.047500e-002	
185	2.020000e-002	
186	2.175000e-002	
187	2.197500e-002	
188	2.247500e-002	
189	2.362500e-002	
190	2.452500e-002	
191	2.320000e-002	
192	2.352500e-002	
193	2.205000e-002	
194	2.040000e-002	
195	2.082500e-002	
196	2.085000e-002	
197	2.022500e-002	
198	2.050000e-002	
199	1.802500e-002	
200	1.712500e-002	
201	1.685000e-002	
202	1.595000e-002	
203	1.462500e-002	
204	1.472500e-002	
205	1.527500e-002	
206	1.360000e-002	
207	1.322500e-002	
208	1.387500e-002	
209	1.447500e-002	
210	1.467500e-002	
211	1.432500e-002	
212	1.425000e-002	
213	1.547500e-002	
214	1.682500e-002	
215	1.685000e-002	
216	1.660000e-002	
217	1.640000e-002	
218	1.700000e-002	
219	1.732500e-002	
220	1.792500e-002	
221	1.735000e-002	
222	1.792500e-002	
223	1.727500e-002	
224	1.867500e-002	
225	1.985000e-002	
226	2.012500e-002	
227	1.960000e-002	
228	1.960000e-002	
229	1.982500e-002	
230	1.935000e-002	
231	1.990000e-002	
232	2.115000e-002	
233	2.167500e-002	
234	2.227500e-002	
235	2.230000e-002	
236	2.177500e-002	
237	2.112500e-002	
238	2.107500e-002	
239	1.777500e-002	
240	1.647500e-002	
241	1.615000e-002	
242	1.585000e-002	
243	1.452500e-002	
244	1.430000e-002	
245	1.407500e-002	
246	1.405000e-002	
247	1.340000e-002	
248	1.445000e-002	
249	1.490000e-002	
250	1.507500e-002	
251	1.607500e-002	
252	1.662500e-002	
253	1.560000e-002	
254	1.667500e-002	
255	1.710000e-002	
256	1.665000e-002	
257	1.697500e-002	
258	1.740000e-002	
259	1.842500e-002	
260	1.760000e-002	
261	1.905000e-002	
262	1.862500e-002	
263	1.862500e-002	
264	1.737500e-002	
265	1.790000e-002	
266	1.730000e-002	
267	1.725000e-002	
268	1.812500e-002	
269	1.922500e-002	
270	1.935000e-002	
271	1.982500e-002	
272	2.002500e-002	
273	1.960000e-002	
274	1.937500e-002	
275	2.020000e-002	
276	2.022500e-002	
277	1.865000e-002	
278	1.910000e-002	
279	1.732500e-002	
280	1.717500e-002	
281	1.685000e-002	
282	1.707500e-002	
283	1.632500e-002	
284	1.575000e-002	
285	1.647500e-002	
286	1.695000e-002	
287	1.660000e-002	
288	1.617500e-002	
289	1.655000e-002	
290	1.662500e-002	
291	1.630000e-002	
292	1.722500e-002	
293	1.700000e-002	
294	1.735000e-002	
295	1.755000e-002	
296	1.787500e-002	
297	1.750000e-002	
298	1.757500e-002	
299	1.730000e-002	
300	1.582500e-002	
301	1.680000e-002	
302	1.742500e-002	
303	1.840000e-002	
304	1.925000e-002	
305	1.880000e-002	
306	1.910000e-002	
307	2.047500e-002	
308	2.112500e-002	
309	2.030000e-002	
310	2.042500e-002	
311	2.067500e-002	
312	2.060000e-002	
313	1.955000e-002	
314	1.865000e-002	
315	1.782500e-002	
316	1.695000e-002	
317	1.700000e-002	
318	1.555000e-002	
319	1.507500e-002	
320	1.527500e-002	
321	1.575000e-002	
322	1.707500e-002	
323	1.697500e-002	
324	1.652500e-002	
325	1.657500e-002	
326	1.590000e-002	
327	1.557500e-002	
328	1.597500e-002	
329	1.550000e-002	
330	1.622500e-002	
331	1.615000e-002	
332	1.730000e-002	
333	1.817500e-002	
334	1.887500e-002	
335	2.002500e-002	
336	1.932500e-002	
337	2.115000e-002	
338	2.110000e-002	
339	1.937500e-002	
340	2.005000e-002	
341	2.022500e-002	
342	2.025000e-002	
343	1.900000e-002	
344	1.817500e-002	
345	1.767500e-002	
346	1.800000e-002	
347	1.617500e-002	
348	1.532500e-002	
349	1.595000e-002	
350	1.560000e-002	
351	1.550000e-002	
352	1.617500e-002	
353	1.685000e-002	
354	1.690000e-002	
355	1.697500e-002	
356	1.687500e-002	
357	1.740000e-002	
358	1.895000e-002	
359	1.955000e-002	
360	1.855000e-002	
361	1.730000e-002	
362	1.732500e-002	
363	1.695000e-002	
364	1.637500e-002	
365	1.567500e-002	
366	1.632500e-002	
367	1.602500e-002	
368	1.575000e-002	
369	1.585000e-002	
370	1.570000e-002	
371	1.600000e-002	
372	1.652500e-002	
373	1.765000e-002	
374	1.827500e-002	
375	1.907500e-002	
376	2.050000e-002	
377	2.012500e-002	
378	1.965000e-002	
379	1.952500e-002	
380	1.822500e-002	
381	1.790000e-002	
382	1.867500e-002	
383	1.840000e-002	
384	1.877500e-002	
385	1.822500e-002	
386	1.647500e-002	
387	1.740000e-002	
388	1.750000e-002	
389	1.757500e-002	
390	1.775000e-002	
391	1.737500e-002	
392	1.750000e-002	
393	1.677500e-002	
394	1.582500e-002	
395	1.497500e-002	
396	1.465000e-002	
397	1.457500e-002	
398	1.570000e-002	
399	1.747500e-002	
400	1.690000e-002	
401	1.752500e-002	
402	1.847500e-002	
403	1.880000e-002	
404	1.792500e-002	
405	1.717500e-002	
406	1.655000e-002	
407	1.552500e-002	
408	1.455000e-002	
409	1.412500e-002	
410	1.382500e-002	
411	1.380000e-002	
412	1.372500e-002	
413	1.327500e-002	
414	1.320000e-002	
415	1.385000e-002	
416	1.370000e-002	
417	1.417500e-002	
418	1.495000e-002	
419	1.602500e-002	
420	1.682500e-002	
421	1.645000e-002	
422	1.767500e-002	
423	1.840000e-002	
424	2.012500e-002	
425	2.165000e-002	
426	2.222500e-002	
427	2.157500e-002	
428	2.100000e-002	
429	2.105000e-002	
430	2.117500e-002	
431	2.080000e-002	
432	2.125000e-002	
433	2.145000e-002	
434	2.050000e-002	
435	2.080000e-002	
436	2.055000e-002	
437	1.775000e-002	
438	1.585000e-002	
439	1.595000e-002	
440	1.490000e-002	
441	1.607500e-002	
442	1.537500e-002	
443	1.617500e-002	
444	1.635000e-002	
445	1.632500e-002	
446	1.562500e-002	
447	1.565000e-002	
448	1.712500e-002	
449	1.545000e-002	
450	1.422500e-002	
451	1.447500e-002	
452	1.427500e-002	
453	1.470000e-002	
454	1.397500e-002	
455	1.460000e-002	
456	1.347500e-002	
457	1.387500e-002	
458	1.532500e-002	
459	1.562500e-002	
460	1.660000e-002	
461	1.732500e-002	
462	1.827500e-002	
463	1.912500e-002	
464	2.000000e-002	
465	2.027500e-002	
466	2.120000e-002	
467	2.132500e-002	
468	2.202500e-002	
469	2.115000e-002	
470	2.122500e-002	
471	2.022500e-002	
472	2.107500e-002	
473	2.145000e-002	
474	2.047500e-002	
475	2.072500e-002	
476	2.120000e-002	
477	1.950000e-002	
478	1.942500e-002	
479	1.877500e-002	
480	1.787500e-002	
481	1.725000e-002	
482	1.717500e-002	
483	1.445000e-002	
484	1.412500e-002	
485	1.372500e-002	
486	1.472500e-002	
487	1.422500e-002	
488	1.350000e-002	
489	1.442500e-002	
490	1.332500e-002	
491	1.307500e-002	
492	1.340000e-002	
493	1.437500e-002	
494	1.565000e-002	
495	1.522500e-002	
496	1.617500e-002	
497	1.625000e-002	
498	1.660000e-002	
499	1.740000e-002	
500	1.860000e-002	
501	1.837500e-002	
502	1.782500e-002	
503	1.767500e-002	
504	1.765000e-002	
505	1.755000e-002	
506	1.842500e-002	
507	1.910000e-002	
508	2.002500e-002	
509	1.960000e-002	
510	2.085000e-002	
511	2.072500e-002	
512	2.142500e-002	
513	2.167500e-002	
514	2.027500e-002	
515	2.012500e-002	
516	2.107500e-002	
517	2.122500e-002	
518	1.990000e-002	
519	1.827500e-002	
520	1.772500e-002	
521	1.712500e-002	
522	1.555000e-002	
523	1.310000e-002	
524	1.290000e-002	
525	1.285000e-002	
526	1.350000e-002	
527	1.235000e-002	
528	1.292500e-002	
529	1.292500e-002	
530	1.340000e-002	
531	1.380000e-002	
532	1.352500e-002	
533	1.400000e-002	
534	1.497500e-002	
535	1.600000e-002	
536	1.510000e-002	
537	1.575000e-002	
538	1.697500e-002	
539	1.702500e-002	
540	1.747500e-002	
541	1.857500e-002	
542	1.860000e-002	
543	1.850000e-002	
544	1.902500e-002	
545	1.820000e-002	
546	1.990000e-002	
547	2.057500e-002	
548	2.067500e-002	
549	2.145000e-002	
550	2.155000e-002	
551	2.255000e-002	
552	2.195000e-002	
553	2.190000e-002	
554	2.247500e-002	
555	2.202500e-002	
556	2.010000e-002	
557	2.035000e-002	
558	1.980000e-002	
559	1.827500e-002	
560	1.615000e-002	
561	1.520000e-002	
562	1.385000e-002	
563	1.407500e-002	
564	1.482500e-002	
565	1.530000e-002	
566	1.610000e-002	
567	1.655000e-002	
568	1.675000e-002	
569	1.535000e-002	
570	1.405000e-002	
571	1.370000e-002	
572	1.287500e-002	
573	1.335000e-002	
574	1.342500e-002	
575	1.327500e-002	
576	1.365000e-002	
577	1.460000e-002	
578	1.602500e-002	
579	1.677500e-002	
580	1.750000e-002	
581	1.805000e-002	
582	1.890000e-002	
583	1.885000e-002	
584	1.827500e-002	
585	2.017500e-002	
586	1.862500e-002	
587	1.842500e-002	
588	1.750000e-002	
589	1.787500e-002	
590	1.932500e-002	
591	2.020000e-002	
592	1.987500e-002	
593	1.960000e-002	
594	1.967500e-002	
595	2.015000e-002	
596	1.875000e-002	
597	1.742500e-002	
598	1.720000e-002	
599	1.745000e-002	
600	1.682500e-002	
601	1.600000e-002	
602	1.542500e-002	
603	1.637500e-002	
604	1.715000e-002	
605	1.842500e-002	
606	1.932500e-002	
607	1.940000e-002	
608	1.837500e-002	
609	1.695000e-002	
610	1.592500e-002	
611	1.630000e-002	
612	1.652500e-002	
613	1.590000e-002	
614	1.562500e-002	
615	1.462500e-002	
616	1.407500e-002	
617	1.355000e-002	
618	1.452500e-002	
619	1.552500e-002	
620	1.497500e-002	
621	1.555000e-002	
622	1.690000e-002	
623	1.660000e-002	
624	1.760000e-002	
625	1.852500e-002	
626	1.872500e-002	
627	1.857500e-002	
628	1.805000e-002	
629	1.747500e-002	
630	1.842500e-002	
631	1.787500e-002	
632	1.740000e-002	
633	1.875000e-002	
634	1.957500e-002	
635	1.915000e-002	
636	2.042500e-002	
637	2.145000e-002	
638	2.135000e-002	
639	1.985000e-002	
640	2.017500e-002	
641	1.997500e-002	
642	1.957500e-002	
643	1.880000e-002	
644	1.840000e-002	
645	1.852500e-002	
646	1.787500e-002	
647	1.760000e-002	
648	1.575000e-002	
649	1.540000e-002	
650	1.605000e-002	
651	1.572500e-002	
652	1.567500e-002	
653	1.505000e-002	
654	1.497500e-002	
655	1.482500e-002	
656	1.545000e-002	
657	1.447500e-002	
658	1.420000e-002	
659	1.540000e-002	
660	1.475000e-002	
661	1.497500e-002	
662	1.450000e-002	
663	1.457500e-002	
664	1.570000e-002	
665	1.715000e-002	
666	1.747500e-002	
667	1.780000e-002	
668	1.765000e-002	
669	1.727500e-002	
670	1.812500e-002	
671	1.747500e-002	
672	1.772500e-002	
673	1.902500e-002	
674	1.962500e-002	
675	1.955000e-002	
676	1.992500e-002	
677	1.975000e-002	
678	1.997500e-002	
679	1.957500e-002	
680	1.925000e-002	
681	1.962500e-002	
682	1.915000e-002	
683	1.887500e-002	
684	1.822500e-002	
685	1.847500e-002	
686	1.767500e-002	
687	1.755000e-002	
688	1.800000e-002	
689	1.832500e-002	
690	1.742500e-002	
691	1.680000e-002	
692	1.590000e-002	
693	1.585000e-002	
694	1.477500e-002	
695	1.480000e-002	
696	1.517500e-002	
697	1.562500e-002	
698	1.677500e-002	
699	1.585000e-002	
700	1.490000e-002	
701	1.572500e-002	
702	1.572500e-002	
703	1.452500e-002	
704	1.487500e-002	
705	1.580000e-002	
706	1.732500e-002	
707	1.727500e-002	
708	1.810000e-002	
709	1.990000e-002	
710	2.065000e-002	
711	2.142500e-002	
712	2.010000e-002	
713	2.125000e-002	
714	2.172500e-002	
715	2.197500e-002	
716	2.227500e-002	
717	2.195000e-002	
718	2.087500e-002	
719	1.980000e-002	
720	1.852500e-002	
721	1.797500e-002	
722	1.717500e-002	
723	1.800000e-002	
724	1.692500e-002	
725	1.737500e-002	
726	1.732500e-002	
727	1.637500e-002	
728	1.500000e-002	
729	1.487500e-002	
730	1.512500e-002	
731	1.552500e-002	
732	1.550000e-002	
733	1.517500e-002	
734	1.417500e-002	
735	1.390000e-002	
736	1.405000e-002	
737	1.380000e-002	
738	1.527500e-002	
739	1.605000e-002	
740	1.707500e-002	
741	1.710000e-002	
742	1.805000e-002	
743	1.990000e-002	
744	1.977500e-002	
745	2.095000e-002	
746	2.195000e-002	
747	2.112500e-002	
748	1.990000e-002	
749	2.082500e-002	
750	1.995000e-002	
751	1.972500e-002	
752	2.047500e-002	
753	2.000000e-002	
754	2.090000e-002	
755	2.030000e-002	
756	1.897500e-002	
757	1.760000e-002	
758	1.687500e-002	
759	1.530000e-002	
760	1.545000e-002	
761	1.530000e-002	
762	1.532500e-002	
763	1.580000e-002	
764	1.562500e-002	
765	1.465000e-002	
766	1.515000e-002	
767	1.460000e-002	
768	1.545000e-002	
769	1.632500e-002	
770	1.575000e-002	
771	1.712500e-002	
772	1.747500e-002	
773	1.782500e-002	
774	1.745000e-002	
775	1.827500e-002	
776	1.852500e-002	
777	1.795000e-002	
778	1.892500e-002	
779	1.845000e-002	
780	1.850000e-002	
781	1.895000e-002	
782	2.020000e-002	
783	2.135000e-002	
784	2.115000e-002	
785	2.205000e-002	
786	2.110000e-002	
787	2.020000e-002	
788	1.905000e-002	
789	1.885000e-002	
790	1.842500e-002	
791	1.780000e-002	
792	1.805000e-002	
793	1.752500e-002	
794	1.607500e-002	
795	1.505000e-002	
796	1.415000e-002	
797	1.447500e-002	
798	1.462500e-002	
799	1.502500e-002	
800	1.477500e-002	
801	1.380000e-002	
802	1.395000e-002	
803	1.455000e-002	
804	1.545000e-002	
805	1.500000e-002	
806	1.517500e-002	
807	1.542500e-002	
808	1.662500e-002	
809	1.712500e-002	
810	1.725000e-002	
811	1.670000e-002	
812	1.720000e-002	
813	1.845000e-002	
814	1.875000e-002	
815	1.895000e-002	
816	1.927500e-002	
817	1.942500e-002	
818	1.892500e-002	
819	1.875000e-002	
820	1.907500e-002	
821	1.955000e-002	
822	1.787500e-002	
823	1.815000e-002	
824	1.845000e-002	
825	1.852500e-002	
826	1.815000e-002	
827	1.880000e-002	
828	1.902500e-002	
829	1.875000e-002	
830	1.962500e-002	
831	1.920000e-002	
832	1.935000e-002	
833	1.742500e-002	
834	1.715000e-002	
835	1.550000e-002	
836	1.392500e-002	
837	1.362500e-002	
838	1.365000e-002	
839	1.457500e-002	
840	1.447500e-002	
841	1.505000e-002	
842	1.475000e-002	
843	1.490000e-002	
844	1.567500e-002	
845	1.572500e-002	
846	1.655000e-002	
847	1.700000e-002	
848	1.622500e-002	
849	1.745000e-002	
850	1.765000e-002	
851	1.797500e-002	
852	1.882500e-002	
853	1.970000e-002	
854	2.025000e-002	
855	2.175000e-002	
856	2.070000e-002	
857	1.970000e-002	
858	1.962500e-002	
859	1.932500e-002	
860	2.020000e-002	
861	2.057500e-002	
862	1.902500e-002	
863	1.860000e-002	
864	1.817500e-002	
865	1.882500e-002	
866	1.872500e-002	
867	1.902500e-002	
868	1.812500e-002	
869	1.767500e-002	
870	1.717500e-002	
871	1.575000e-002	
872	1.605000e-002	
873	1.505000e-002	
874	1.437500e-002	
875	1.352500e-002	
876	1.442500e-002	
877	1.380000e-002	
878	1.325000e-002	
879	1.402500e-002	
880	1.505000e-002	
881	1.512500e-002	
882	1.507500e-002	
883	1.647500e-002	
884	1.717500e-002	
885	1.817500e-002	
886	1.777500e-002	
887	1.867500e-002	
888	1.977500e-002	
889	1.822500e-002	
890	1.822500e-002	
891	1.770000e-002	
892	1.957500e-002	
893	1.975000e-002	
894	2.102500e-002	
895	2.155000e-002	
896	2.050000e-002	
897	2.022500e-002	
898	1.965000e-002	
899	2.017500e-002	
900	1.990000e-002	
901	1.997500e-002	
902	2.082500e-002	
903	2.040000e-002	
904	2.085000e-002	
905	1.972500e-002	
906	1.887500e-002	
907	1.835000e-002	
908	1.667500e-002	
909	1.525000e-002	
910	1.485000e-002	
911	1.460000e-002	
912	1.480000e-002	
913	1.535000e-002	
914	1.545000e-002	
915	1.547500e-002	
916	1.595000e-002	
917	1.595000e-002	
918	1.575000e-002	
919	1.677500e-002	
920	1.732500e-002	
921	1.722500e-002	
922	1.890000e-002	
923	1.757500e-002	
924	1.735000e-002	
925	1.780000e-002	
926	1.855000e-002	
927	1.802500e-002	
928	1.855000e-002	
929	1.990000e-002	
930	2.027500e-002	
931	2.045000e-002	
932	1.972500e-002	
933	1.920000e-002	
934	1.765000e-002	
935	1.795000e-002	
936	1.967500e-002	
937	2.035000e-002	
938	2.047500e-002	
939	1.970000e-002	
940	2.017500e-002	
941	1.867500e-002	
942	1.780000e-002	
943	1.760000e-002	
944	1.717500e-002	
945	1.647500e-002	
946	1.552500e-002	
947	1.575000e-002	
948	1.437500e-002	
949	1.317500e-002	
950	1.262500e-002	
951	1.290000e-002	
952	1.237500e-002	
953	1.387500e-002	
954	1.462500e-002	
955	1.547500e-002	
956	1.590000e-002	
957	1.592500e-002	
958	1.540000e-002	
959	1.437500e-002	
960	1.522500e-002	
961	1.597500e-002	
962	1.660000e-002	
963	1.732500e-002	
964	1.750000e-002	
965	1.792500e-002	
966	1.822500e-002	
967	1.937500e-002	
968	2.067500e-002	
969	2.162500e-002	
970	2.247500e-002	
971	2.337500e-002	
972	2.397500e-002	
973	2.275000e-002	
974	2.230000e-002	
975	2.062500e-002	
976	2.032500e-002	
977	1.872500e-002	
978	1.840000e-002	
979	1.792500e-002	
980	1.607500e-002	
981	1.587500e-002	
982	1.520000e-002	
983	1.432500e-002	
984	1.402500e-002	
985	1.537500e-002	
986	1.527500e-002	
987	1.500000e-002	
988	1.480000e-002	
989	1.380000e-002	
990	1.500000e-002	
991	1.605000e-002	
992	1.535000e-002	
993	1.600000e-002	
994	1.700000e-002	
995	1.530000e-002	
996	1.592500e-002	
997	1.627500e-002	
998	1.687500e-002	
999	1.820000e-002	
1000	1.870000e-002	
1001	1.892500e-002	
1002	1.862500e-002	
1003	1.950000e-002	
1004	1.902500e-002	
1005	1.905000e-002	
1006	2.012500e-002	
1007	2.002500e-002	
1008	1.952500e-002	
1009	1.955000e-002	
1010	1.972500e-002	
1011	1.825000e-002	
1012	1.812500e-002	
1013	1.685000e-002	
1014	1.602500e-002	
1015	1.567500e-002	
1016	1.552500e-002	
1017	1.700000e-002	
1018	1.707500e-002	
1019	1.735000e-002	
1020	1.667500e-002	
1021	1.630000e-002	
1022	1.597500e-002	
1023	1.512500e-002	
1024	1.497500e-002	
1025	1.572500e-002	
1026	1.592500e-002	
1027	1.660000e-002	
1028	1.585000e-002	
1029	1.557500e-002	
1030	1.500000e-002	
1031	1.605000e-002	
1032	1.700000e-002	
1033	1.707500e-002	
1034	1.677500e-002	
1035	1.812500e-002	
1036	1.820000e-002	
1037	1.922500e-002	
1038	1.975000e-002	
1039	2.012500e-002	
1040	2.010000e-002	
1041	1.842500e-002	
1042	1.860000e-002	
1043	1.775000e-002	
1044	1.850000e-002	
1045	1.867500e-002	
1046	1.857500e-002	
1047	1.857500e-002	
1048	1.882500e-002	
1049	1.777500e-002	
1050	1.615000e-002	
1051	1.635000e-002	
1052	1.792500e-002	
1053	1.735000e-002	
1054	1.712500e-002	
1055	1.547500e-002	
1056	1.465000e-002	
1057	1.482500e-002	
1058	1.450000e-002	
1059	1.477500e-002	
1060	1.600000e-002	
1061	1.405000e-002	
1062	1.505000e-002	
1063	1.505000e-002	
1064	1.547500e-002	
1065	1.645000e-002	
1066	1.682500e-002	
1067	1.767500e-002	
1068	1.770000e-002	
1069	1.755000e-002	
1070	1.737500e-002	
1071	1.765000e-002	
1072	1.832500e-002	
1073	1.822500e-002	
1074	1.765000e-002	
1075	1.785000e-002	
1076	1.930000e-002	
1077	2.100000e-002	
1078	1.970000e-002	
1079	1.962500e-002	
1080	1.982500e-002	
1081	2.072500e-002	
1082	2.000000e-002	
1083	1.952500e-002	
1084	2.037500e-002	
1085	2.010000e-002	
1086	1.925000e-002	
1087	1.935000e-002	
1088	2.010000e-002	
1089	2.015000e-002	
1090	1.825000e-002	
1091	1.812500e-002	
1092	1.785000e-002	
1093	1.582500e-002	
1094	1.575000e-002	
1095	1.570000e-002	
1096	1.660000e-002	
1097	1.532500e-002	
1098	1.522500e-002	
1099	1.472500e-002	
1100	1.482500e-002	
1101	1.532500e-002	
1102	1.570000e-002	
1103	1.632500e-002	
1104	1.750000e-002	
1105	1.670000e-002	
1106	1.715000e-002	
1107	1.762500e-002	
1108	1.745000e-002	
1109	1.750000e-002	
1110	1.750000e-002	
1111	1.795000e-002	
1112	1.930000e-002	
1113	1.912500e-002	
1114	1.795000e-002	
1115	1.782500e-002	
1116	1.855000e-002	
1117	1.907500e-002	
1118	1.927500e-002	
1119	1.850000e-002	
1120	1.932500e-002	
1121	1.947500e-002	
1122	1.920000e-002	
1123	1.935000e-002	
1124	1.892500e-002	
1125	1.862500e-002	
1126	1.820000e-002	
1127	1.830000e-002	
1128	1.795000e-002	
1129	1.872500e-002	
1130	1.872500e-002	
1131	1.750000e-002	
1132	1.580000e-002	
1133	1.462500e-002	
1134	1.467500e-002	
1135	1.417500e-002	
1136	1.502500e-002	
1137	1.642500e-002	
1138	1.600000e-002	
1139	1.727500e-002	
1140	1.630000e-002	
1141	1.645000e-002	
1142	1.692500e-002	
1143	1.735000e-002	
1144	1.727500e-002	
1145	1.900000e-002	
1146	1.902500e-002	
1147	1.750000e-002	
1148	1.757500e-002	
1149	1.797500e-002	
1150	1.835000e-002	
1151	1.800000e-002	
1152	1.860000e-002	
1153	1.892500e-002	
1154	1.970000e-002	
1155	1.997500e-002	
1156	1.932500e-002	
1157	1.972500e-002	
1158	1.967500e-002	
1159	1.882500e-002	
1160	1.807500e-002	
1161	1.720000e-002	
1162	1.777500e-002	
1163	1.707500e-002	
1164	1.690000e-002	
1165	1.597500e-002	
1166	1.625000e-002	
1167	1.687500e-002	
1168	1.542500e-002	
1169	1.645000e-002	
1170	1.630000e-002	
1171	1.630000e-002	
1172	1.580000e-002	
1173	1.552500e-002	
1174	1.455000e-002	
1175	1.425000e-002	
1176	1.555000e-002	
1177	1.642500e-002	
1178	1.710000e-002	
1179	1.697500e-002	
1180	1.712500e-002	
1181	1.875000e-002	
1182	1.942500e-002	
1183	1.872500e-002	
1184	1.875000e-002	
1185	1.737500e-002	
1186	1.740000e-002	
1187	1.692500e-002	
1188	1.650000e-002	
1189	1.657500e-002	
1190	1.647500e-002	
1191	1.607500e-002	
1192	1.805000e-002	
1193	1.865000e-002	
1194	1.890000e-002	
1195	1.722500e-002	
1196	1.712500e-002	
1197	1.722500e-002	
1198	1.775000e-002	
1199	1.740000e-002	
1200	1.810000e-002	
1201	1.655000e-002	
1202	1.652500e-002	
1203	1.770000e-002	
1204	1.835000e-002	
1205	1.840000e-002	
1206	1.702500e-002	
1207	1.715000e-002	
1208	1.652500e-002	
1209	1.557500e-002	
1210	1.552500e-002	
1211	1.612500e-002	
1212	1.672500e-002	
1213	1.677500e-002	
1214	1.552500e-002	
1215	1.587500e-002	
1216	1.707500e-002	
1217	1.792500e-002	
1218	1.727500e-002	
1219	1.750000e-002	
1220	1.820000e-002	
1221	1.850000e-002	
1222	1.867500e-002	
1223	1.817500e-002	
1224	1.930000e-002	
1225	1.972500e-002	
1226	2.022500e-002	
1227	1.930000e-002	
1228	1.907500e-002	
1229	1.875000e-002	
1230	1.977500e-002	
1231	1.985000e-002	
1232	1.935000e-002	
1233	1.865000e-002	
1234	1.915000e-002	
1235	1.780000e-002	
1236	1.752500e-002	
1237	1.657500e-002	
1238	1.587500e-002	
1239	1.590000e-002	
1240	1.517500e-002	
1241	1.567500e-002	
1242	1.460000e-002	
1243	1.465000e-002	
1244	1.510000e-002	
1245	1.602500e-002	
1246	1.667500e-002	
1247	1.775000e-002	
1248	1.765000e-002	
1249	1.895000e-002	
1250	1.877500e-002	
1251	1.892500e-002	
1252	1.870000e-002	
1253	1.887500e-002	
1254	1.847500e-002	
1255	1.825000e-002	
1256	1.977500e-002	
1257	1.920000e-002	
1258	1.887500e-002	
1259	1.900000e-002	
1260	1.965000e-002	
1261	1.965000e-002	
1262	1.985000e-002	
1263	1.947500e-002	
1264	1.847500e-002	
1265	1.925000e-002	
1266	1.975000e-002	
1267	1.955000e-002	
1268	1.900000e-002	
1269	1.805000e-002	
1270	1.710000e-002	
1271	1.720000e-002	
1272	1.670000e-002	
1273	1.587500e-002	
1274	1.535000e-002	
1275	1.357500e-002	
1276	1.307500e-002	
1277	1.315000e-002	
1278	1.270000e-002	
1279	1.435000e-002	
1280	1.500000e-002	
1281	1.525000e-002	
1282	1.595000e-002	
1283	1.645000e-002	
1284	1.667500e-002	
1285	1.647500e-002	
1286	1.735000e-002	
1287	1.855000e-002	
1288	1.937500e-002	
1289	1.935000e-002	
1290	2.030000e-002	
1291	2.145000e-002	
1292	2.167500e-002	
1293	2.255000e-002	
1294	2.125000e-002	
1295	2.042500e-002	
1296	2.070000e-002	
1297	2.042500e-002	
1298	1.795000e-002	
1299	1.735000e-002	
1300	1.642500e-002	
1301	1.637500e-002	
1302	1.657500e-002	
1303	1.700000e-002	
1304	1.822500e-002	
1305	1.755000e-002	
1306	1.737500e-002	
1307	1.780000e-002	
1308	1.632500e-002	
1309	1.650000e-002	
1310	1.682500e-002	
1311	1.615000e-002	
1312	1.630000e-002	
1313	1.577500e-002	
1314	1.612500e-002	
1315	1.562500e-002	
1316	1.605000e-002	
1317	1.530000e-002	
1318	1.567500e-002	
1319	1.660000e-002	
1320	1.747500e-002	
1321	1.685000e-002	
1322	1.830000e-002	
1323	1.917500e-002	
1324	1.955000e-002	
1325	1.995000e-002	
1326	1.977500e-002	
1327	1.955000e-002	
1328	2.090000e-002	
1329	2.147500e-002	
1330	2.125000e-002	
1331	2.060000e-002	
1332	2.065000e-002	
1333	2.080000e-002	
1334	2.095000e-002	
1335	2.065000e-002	
1336	1.745000e-002	
1337	1.690000e-002	
1338	1.720000e-002	
1339	1.635000e-002	
1340	1.615000e-002	
1341	1.617500e-002	
1342	1.552500e-002	
1343	1.647500e-002	
1344	1.560000e-002	
1345	1.472500e-002	
1346	1.430000e-002	
1347	1.325000e-002	
1348	1.342500e-002	
1349	1.470000e-002	
1350	1.502500e-002	
1351	1.522500e-002	
1352	1.617500e-002	
1353	1.747500e-002	
1354	1.825000e-002	
1355	1.967500e-002	
1356	2.037500e-002	
1357	2.070000e-002	
1358	2.062500e-002	
1359	1.927500e-002	
1360	1.892500e-002	
1361	1.892500e-002	
1362	1.887500e-002	
1363	1.992500e-002	
1364	1.940000e-002	
1365	1.972500e-002	
1366	1.967500e-002	
1367	2.012500e-002	
1368	1.977500e-002	
1369	1.827500e-002	
1370	1.787500e-002	
1371	1.665000e-002	
1372	1.605000e-002	
1373	1.580000e-002	
1374	1.565000e-002	
1375	1.512500e-002	
1376	1.562500e-002	
1377	1.617500e-002	
1378	1.645000e-002	
1379	1.592500e-002	
1380	1.592500e-002	
1381	1.492500e-002	
1382	1.465000e-002	
1383	1.520000e-002	
1384	1.577500e-002	
1385	1.660000e-002	
1386	1.672500e-002	
1387	1.775000e-002	
1388	1.755000e-002	
1389	1.807500e-002	
1390	1.842500e-002	
1391	1.915000e-002	
1392	2.022500e-002	
1393	2.097500e-002	
1394	2.187500e-002	
1395	2.087500e-002	
1396	1.972500e-002	
1397	2.052500e-002	
1398	2.037500e-002	
1399	1.997500e-002	
1400	1.812500e-002	
1401	1.805000e-002	
1402	1.815000e-002	
1403	1.797500e-002	
1404	1.777500e-002	
1405	1.840000e-002	
1406	1.915000e-002	
1407	1.900000e-002	
1408	1.795000e-002	
1409	1.915000e-002	
1410	1.787500e-002	
1411	1.707500e-002	
1412	1.672500e-002	
1413	1.607500e-002	
1414	1.685000e-002	
1415	1.610000e-002	
1416	1.620000e-002	
1417	1.717500e-002	
1418	1.822500e-002	
1419	1.710000e-002	
1420	1.650000e-002	
1421	1.605000e-002	
1422	1.542500e-002	
1423	1.547500e-002	
1424	1.502500e-002	
1425	1.637500e-002	
1426	1.650000e-002	
1427	1.640000e-002	
1428	1.697500e-002	
1429	1.770000e-002	
1430	1.837500e-002	
1431	1.920000e-002	
1432	1.950000e-002	
1433	1.917500e-002	
1434	1.942500e-002	
1435	1.907500e-002	
1436	1.932500e-002	
1437	1.895000e-002	
1438	1.907500e-002	
1439	1.892500e-002	
1440	1.690000e-002	
1441	1.627500e-002	
1442	1.695000e-002	
1443	1.852500e-002	
1444	1.855000e-002	
1445	1.855000e-002	
1446	1.850000e-002	
1447	1.745000e-002	
1448	1.725000e-002	
1449	1.720000e-002	
1450	1.707500e-002	
1451	1.680000e-002	
1452	1.772500e-002	
1453	1.757500e-002	
1454	1.762500e-002	
1455	1.765000e-002	
1456	1.885000e-002	
1457	1.980000e-002	
1458	1.937500e-002	
1459	1.805000e-002	
1460	1.777500e-002	
1461	1.770000e-002	
1462	1.835000e-002	
1463	1.715000e-002	
1464	1.810000e-002	
1465	1.805000e-002	
1466	1.835000e-002	
1467	1.857500e-002	
1468	1.852500e-002	
1469	1.910000e-002	
1470	1.822500e-002	
1471	1.792500e-002	
1472	1.582500e-002	
1473	1.617500e-002	
1474	1.657500e-002	
1475	1.690000e-002	
1476	1.815000e-002	
1477	1.900000e-002	
1478	1.917500e-002	
1479	1.902500e-002	
1480	1.837500e-002	
1481	1.772500e-002	
1482	1.745000e-002	
1483	1.727500e-002	
1484	1.822500e-002	
1485	1.797500e-002	
1486	1.802500e-002	
1487	1.705000e-002	
1488	1.722500e-002	
1489	1.722500e-002	
1490	1.675000e-002	
1491	1.607500e-002	
1492	1.657500e-002	
1493	1.637500e-002	
1494	1.640000e-002	
1495	1.700000e-002	
1496	1.780000e-002	
1497	1.770000e-002	
1498	1.675000e-002	
1499	1.670000e-002	
1500	1.700000e-002	
1501	1.767500e-002	
1502	1.832500e-002	
1503	1.912500e-002	
1504	1.842500e-002	
1505	1.802500e-002	
1506	1.710000e-002	
1507	1.625000e-002	
1508	1.540000e-002	
1509	1.630000e-002	
1510	1.710000e-002	
1511	1.612500e-002	
1512	1.582500e-002	
1513	1.607500e-002	
1514	1.687500e-002	
1515	1.865000e-002	
1516	1.937500e-002	
1517	2.032500e-002	
1518	2.030000e-002	
1519	2.082500e-002	
1520	1.947500e-002	
1521	1.907500e-002	
1522	1.965000e-002	
1523	1.980000e-002	
1524	2.025000e-002	
1525	1.882500e-002	
1526	1.747500e-002	
1527	1.702500e-002	
1528	1.655000e-002	
1529	1.547500e-002	
1530	1.595000e-002	
1531	1.642500e-002	
1532	1.687500e-002	
1533	1.760000e-002	
1534	1.740000e-002	
1535	1.630000e-002	
1536	1.695000e-002	
1537	1.720000e-002	
1538	1.807500e-002	
1539	1.665000e-002	
1540	1.600000e-002	
1541	1.757500e-002	
1542	1.772500e-002	
1543	1.762500e-002	
1544	1.882500e-002	
1545	1.770000e-002	
1546	1.760000e-002	
1547	1.740000e-002	
1548	1.760000e-002	
1549	1.872500e-002	
1550	1.997500e-002	
1551	2.047500e-002	
1552	1.975000e-002	
1553	2.115000e-002	
1554	2.172500e-002	
1555	2.182500e-002	
1556	2.065000e-002	
1557	1.882500e-002	
1558	1.750000e-002	
1559	1.675000e-002	
1560	1.647500e-002	
1561	1.647500e-002	
1562	1.630000e-002	
1563	1.630000e-002	
1564	1.502500e-002	
1565	1.507500e-002	
1566	1.612500e-002	
1567	1.667500e-002	
1568	1.625000e-002	
1569	1.667500e-002	
1570	1.662500e-002	
1571	1.730000e-002	
1572	1.765000e-002	
1573	1.727500e-002	
1574	1.760000e-002	
1575	1.800000e-002	
1576	1.967500e-002	
1577	1.990000e-002	
1578	1.775000e-002	
1579	1.650000e-002	
1580	1.682500e-002	
1581	1.707500e-002	
1582	1.610000e-002	
1583	1.620000e-002	
1584	1.517500e-002	
1585	1.575000e-002	
1586	1.605000e-002	
1587	1.790000e-002	
1588	1.952500e-002	
1589	2.035000e-002	
1590	1.962500e-002	
1591	1.980000e-002	
1592	1.835000e-002	
1593	1.770000e-002	
1594	1.737500e-002	
1595	1.810000e-002	
1596	1.880000e-002	
1597	1.855000e-002	
1598	1.885000e-002	
1599	1.912500e-002	
1600	1.920000e-002	
1601	1.960000e-002	
1602	1.955000e-002	
1603	1.817500e-002	
1604	1.727500e-002	
1605	1.837500e-002	
1606	1.800000e-002	
1607	1.675000e-002	
1608	1.680000e-002	
1609	1.720000e-002	
1610	1.590000e-002	
1611	1.522500e-002	
1612	1.570000e-002	
1613	1.597500e-002	
1614	1.690000e-002	
1615	1.555000e-002	
1616	1.612500e-002	
1617	1.540000e-002	
1618	1.492500e-002	
1619	1.525000e-002	
1620	1.502500e-002	
1621	1.620000e-002	
1622	1.640000e-002	
1623	1.737500e-002	
1624	1.820000e-002	
1625	1.825000e-002	
1626	1.925000e-002	
1627	1.882500e-002	
1628	1.845000e-002	
1629	1.825000e-002	
1630	1.865000e-002	
1631	1.860000e-002	
1632	1.812500e-002	
1633	1.832500e-002	
1634	1.817500e-002	
1635	1.950000e-002	
1636	1.932500e-002	
1637	2.040000e-002	
1638	1.955000e-002	
1639	1.917500e-002	
1640	1.885000e-002	
1641	1.927500e-002	
1642	1.875000e-002	
1643	1.905000e-002	
1644	1.747500e-002	
1645	1.685000e-002	
1646	1.755000e-002	
1647	1.770000e-002	
1648	1.765000e-002	
1649	1.762500e-002	
1650	1.680000e-002	
1651	1.667500e-002	
1652	1.697500e-002	
1653	1.705000e-002	
1654	1.670000e-002	
1655	1.690000e-002	
1656	1.607500e-002	
1657	1.587500e-002	
1658	1.700000e-002	
1659	1.832500e-002	
1660	1.810000e-002	
1661	1.770000e-002	
1662	1.752500e-002	
1663	1.782500e-002	
1664	1.882500e-002	
1665	1.785000e-002	
1666	1.810000e-002	
1667	1.745000e-002	
1668	1.612500e-002	
1669	1.620000e-002	
1670	1.627500e-002	
1671	1.705000e-002	
1672	1.930000e-002	
1673	2.047500e-002	
1674	1.975000e-002	
1675	1.922500e-002	
1676	1.915000e-002	
1677	1.867500e-002	
1678	1.867500e-002	
1679	1.930000e-002	
1680	2.000000e-002	
1681	1.890000e-002	
1682	1.925000e-002	
1683	1.862500e-002	
1684	1.797500e-002	
1685	1.855000e-002	
1686	1.732500e-002	
1687	1.680000e-002	
1688	1.610000e-002	
1689	1.740000e-002	
1690	1.750000e-002	
1691	1.760000e-002	
1692	1.747500e-002	
1693	1.742500e-002	
1694	1.615000e-002	
1695	1.540000e-002	
1696	1.600000e-002	
1697	1.555000e-002	
1698	1.567500e-002	
1699	1.565000e-002	
1700	1.577500e-002	
1701	1.672500e-002	
1702	1.745000e-002	
1703	1.757500e-002	
1704	1.725000e-002	
1705	1.655000e-002	
1706	1.720000e-002	
1707	1.645000e-002	
1708	1.625000e-002	
1709	1.745000e-002	
1710	1.755000e-002	
1711	1.745000e-002	
1712	1.930000e-002	
1713	1.925000e-002	
1714	1.885000e-002	
1715	1.852500e-002	
1716	1.760000e-002	
1717	1.810000e-002	
1718	1.760000e-002	
1719	1.707500e-002	
1720	1.665000e-002	
1721	1.760000e-002	
1722	1.740000e-002	
1723	1.770000e-002	
1724	1.817500e-002	
1725	1.660000e-002	
1726	1.592500e-002	
1727	1.600000e-002	
1728	1.570000e-002	
1729	1.710000e-002	
1730	1.682500e-002	
1731	1.635000e-002	
1732	1.625000e-002	
1733	1.602500e-002	
1734	1.782500e-002	
1735	1.932500e-002	
1736	1.880000e-002	
1737	1.910000e-002	
1738	1.870000e-002	
1739	1.820000e-002	
1740	1.817500e-002	
1741	1.827500e-002	
1742	1.902500e-002	
1743	1.837500e-002	
1744	1.617500e-002	
1745	1.582500e-002	
1746	1.692500e-002	
1747	1.642500e-002	
1748	1.827500e-002	
1749	1.815000e-002	
1750	1.680000e-002	
1751	1.602500e-002	
1752	1.677500e-002	
1753	1.677500e-002	
1754	1.575000e-002	
1755	1.480000e-002	
1756	1.565000e-002	
1757	1.585000e-002	
1758	1.562500e-002	
1759	1.630000e-002	
1760	1.647500e-002	
1761	1.717500e-002	
1762	1.862500e-002	
1763	1.817500e-002	
1764	1.862500e-002	
1765	1.870000e-002	
1766	1.740000e-002	
1767	1.825000e-002	
1768	1.865000e-002	
1769	1.722500e-002	
1770	1.760000e-002	
1771	1.842500e-002	
1772	1.767500e-002	
1773	1.715000e-002	
1774	1.790000e-002	
1775	1.790000e-002	
1776	1.850000e-002	
1777	1.765000e-002	
1778	1.792500e-002	
1779	1.830000e-002	
1780	1.865000e-002	
1781	1.735000e-002	
1782	1.807500e-002	
1783	1.897500e-002	
1784	1.820000e-002	
1785	1.810000e-002	
1786	1.865000e-002	
1787	1.762500e-002	
1788	1.730000e-002	
1789	1.622500e-002	
1790	1.547500e-002	
1791	1.562500e-002	
1792	1.530000e-002	
1793	1.447500e-002	
1794	1.490000e-002	
1795	1.615000e-002	
1796	1.620000e-002	
1797	1.532500e-002	
1798	1.532500e-002	
1799	1.605000e-002	
1800	1.675000e-002	
1801	1.850000e-002	
1802	1.925000e-002	
1803	1.960000e-002	
1804	1.900000e-002	
1805	1.830000e-002	
1806	1.692500e-002	
1807	1.572500e-002	
1808	1.590000e-002	
1809	1.597500e-002	
1810	1.762500e-002	
1811	1.855000e-002	
1812	1.935000e-002	
1813	1.965000e-002	
1814	1.875000e-002	
1815	1.850000e-002	
1816	1.922500e-002	
1817	1.920000e-002	
1818	1.912500e-002	
1819	1.812500e-002	
1820	1.715000e-002	
1821	1.685000e-002	
1822	1.607500e-002	
1823	1.722500e-002	
1824	1.712500e-002	
1825	1.675000e-002	
1826	1.702500e-002	
1827	1.605000e-002	
1828	1.597500e-002	
1829	1.525000e-002	
1830	1.515000e-002	
1831	1.545000e-002	
1832	1.642500e-002	
1833	1.692500e-002	
1834	1.705000e-002	
1835	1.790000e-002	
1836	1.770000e-002	
1837	1.762500e-002	
1838	1.902500e-002	
1839	1.955000e-002	
1840	1.887500e-002	
1841	1.810000e-002	
1842	1.820000e-002	
1843	1.782500e-002	
1844	1.860000e-002	
1845	1.825000e-002	
1846	1.852500e-002	
1847	1.795000e-002	
1848	1.807500e-002	
1849	1.825000e-002	
1850	1.692500e-002	
1851	1.565000e-002	
1852	1.550000e-002	
1853	1.525000e-002	
1854	1.590000e-002	
1855	1.665000e-002	
1856	1.657500e-002	
1857	1.622500e-002	
1858	1.605000e-002	
1859	1.682500e-002	
1860	1.590000e-002	
1861	1.662500e-002	
1862	1.750000e-002	
1863	1.820000e-002	
1864	1.705000e-002	
1865	1.730000e-002	
1866	1.740000e-002	
1867	1.752500e-002	
1868	1.725000e-002	
1869	1.770000e-002	
1870	1.807500e-002	
1871	1.757500e-002	
1872	1.840000e-002	
1873	1.990000e-002	
1874	1.970000e-002	
1875	2.017500e-002	
1876	2.120000e-002	
1877	2.220000e-002	
1878	2.197500e-002	
1879	2.025000e-002	
1880	1.922500e-002	
1881	1.825000e-002	
1882	1.652500e-002	
1883	1.650000e-002	
1884	1.600000e-002	
1885	1.617500e-002	
1886	1.570000e-002	
1887	1.555000e-002	
1888	1.527500e-002	
1889	1.495000e-002	
1890	1.632500e-002	
1891	1.507500e-002	
1892	1.537500e-002	
1893	1.500000e-002	
1894	1.612500e-002	
1895	1.560000e-002	
1896	1.612500e-002	
1897	1.485000e-002	
1898	1.525000e-002	
1899	1.490000e-002	
1900	1.590000e-002	
1901	1.670000e-002	
1902	1.552500e-002	
1903	1.612500e-002	
1904	1.750000e-002	
1905	1.887500e-002	
1906	1.967500e-002	
1907	1.990000e-002	
1908	2.090000e-002	
1909	2.160000e-002	
1910	2.155000e-002	
1911	1.952500e-002	
1912	1.827500e-002	
1913	1.875000e-002	
1914	1.947500e-002	
1915	1.922500e-002	
1916	1.842500e-002	
1917	1.905000e-002	
1918	1.860000e-002	
1919	1.807500e-002	
1920	1.750000e-002	
1921	1.720000e-002	
1922	1.815000e-002	
1923	1.802500e-002	
1924	1.817500e-002	
1925	1.715000e-002	
1926	1.822500e-002	
1927	1.697500e-002	
1928	1.615000e-002	
1929	1.582500e-002	
1930	1.532500e-002	
1931	1.597500e-002	
1932	1.530000e-002	
1933	1.570000e-002	
1934	1.700000e-002	
1935	1.687500e-002	
1936	1.712500e-002	
1937	1.685000e-002	
1938	1.700000e-002	
1939	1.770000e-002	
1940	1.817500e-002	
1941	1.845000e-002	
1942	1.980000e-002	
1943	1.982500e-002	
1944	1.775000e-002	
1945	1.837500e-002	
1946	1.890000e-002	
1947	1.840000e-002	
1948	1.812500e-002	
1949	1.812500e-002	
1950	1.762500e-002	
1951	1.725000e-002	
1952	1.647500e-002	
1953	1.695000e-002	
1954	1.792500e-002	
1955	1.885000e-002	
1956	1.900000e-002	
1957	1.810000e-002	
1958	1.800000e-002	
1959	1.777500e-002	
1960	1.772500e-002	
1961	1.762500e-002	
1962	1.687500e-002	
1963	1.720000e-002	
1964	1.715000e-002	
1965	1.787500e-002	
1966	1.742500e-002	
1967	1.797500e-002	
1968	1.825000e-002	
1969	1.682500e-002	
1970	1.645000e-002	
1971	1.737500e-002	
1972	1.755000e-002	
1973	1.835000e-002	
1974	1.880000e-002	
1975	1.830000e-002	
1976	1.657500e-002	
1977	1.682500e-002	
1978	1.692500e-002	
1979	1.650000e-002	
1980	1.702500e-002	
1981	1.682500e-002	
1982	1.627500e-002	
1983	1.662500e-002	
1984	1.677500e-002	
1985	1.757500e-002	
1986	1.720000e-002	
1987	1.695000e-002	
1988	1.687500e-002	
1989	1.682500e-002	
1990	1.575000e-002	
1991	1.610000e-002	
1992	1.540000e-002	
1993	1.610000e-002	
1994	1.612500e-002	
1995	1.725000e-002	
1996	1.665000e-002	
1997	1.602500e-002	
1998	1.672500e-002	
1999	1.640000e-002	
2000	1.642500e-002	
2001	1.515000e-002	
2002	1.660000e-002	
2003	1.755000e-002	
2004	1.880000e-002	
2005	1.795000e-002	
2006	1.805000e-002	
2007	1.887500e-002	
2008	2.050000e-002	
2009	2.165000e-002	
2010	2.012500e-002	
2011	1.990000e-002	
2012	1.940000e-002	
2013	2.047500e-002	
2014	1.985000e-002	
2015	2.045000e-002	
2016	1.997500e-002	
2017	2.027500e-002	
2018	1.980000e-002	
2019	1.922500e-002	
2020	1.985000e-002	
2021	1.910000e-002	
2022	1.872500e-002	
2023	1.852500e-002	
2024	1.815000e-002	
2025	1.810000e-002	
2026	1.807500e-002	
2027	1.705000e-002	
2028	1.552500e-002	
2029	1.482500e-002	
2030	1.480000e-002	
2031	1.475000e-002	
2032	1.500000e-002	
2033	1.462500e-002	
2034	1.475000e-002	
2035	1.517500e-002	
2036	1.602500e-002	
2037	1.622500e-002	
2038	1.607500e-002	
2039	1.645000e-002	
2040	1.852500e-002	
2041	1.807500e-002	
2042	1.710000e-002	
2043	1.792500e-002	
2044	1.790000e-002	
2045	1.810000e-002	
2046	1.742500e-002	
2047	1.780000e-002	
2048	1.807500e-002	
2049	1.812500e-002	
2050	1.785000e-002	
2051	1.785000e-002	
2052	1.807500e-002	
2053	1.852500e-002	
2054	1.875000e-002	
2055	2.037500e-002	
2056	1.975000e-002	
2057	1.885000e-002	
2058	1.907500e-002	
2059	1.865000e-002	
2060	1.797500e-002	
2061	1.807500e-002	
2062	1.680000e-002	
2063	1.575000e-002	
2064	1.630000e-002	
2065	1.740000e-002	
2066	1.787500e-002	
2067	1.737500e-002	
2068	1.710000e-002	
2069	1.730000e-002	
2070	1.627500e-002	
2071	1.695000e-002	
2072	1.727500e-002	
2073	1.675000e-002	
2074	1.795000e-002	
2075	1.850000e-002	
2076	1.907500e-002	
2077	2.062500e-002	
2078	2.007500e-002	
2079	1.912500e-002	
2080	1.870000e-002	
2081	1.950000e-002	
2082	1.942500e-002	
2083	1.820000e-002	
2084	1.885000e-002	
2085	1.955000e-002	
2086	1.850000e-002	
2087	1.750000e-002	
2088	1.747500e-002	
2089	1.685000e-002	
2090	1.762500e-002	
2091	1.787500e-002	
2092	1.732500e-002	
2093	1.810000e-002	
2094	1.905000e-002	
2095	1.840000e-002	
2096	1.735000e-002	
2097	1.762500e-002	
2098	1.755000e-002	
2099	1.767500e-002	
2100	1.622500e-002	
2101	1.507500e-002	
2102	1.502500e-002	
2103	1.417500e-002	
2104	1.457500e-002	
2105	1.535000e-002	
2106	1.580000e-002	
2107	1.602500e-002	
2108	1.590000e-002	
2109	1.647500e-002	
2110	1.712500e-002	
2111	1.792500e-002	
2112	1.867500e-002	
2113	2.035000e-002	
2114	2.162500e-002	
2115	2.180000e-002	
2116	2.125000e-002	
2117	2.092500e-002	
2118	1.940000e-002	
2119	1.865000e-002	
2120	1.797500e-002	
2121	1.702500e-002	
2122	1.815000e-002	
2123	1.915000e-002	
2124	1.947500e-002	
2125	1.885000e-002	
2126	2.095000e-002	
2127	1.870000e-002	
2128	1.862500e-002	
2129	1.860000e-002	
2130	1.877500e-002	
2131	1.837500e-002	
2132	1.825000e-002	
2133	1.835000e-002	
2134	1.675000e-002	
2135	1.660000e-002	
2136	1.595000e-002	
2137	1.507500e-002	
2138	1.447500e-002	
2139	1.322500e-002	
2140	1.300000e-002	
2141	1.337500e-002	
2142	1.422500e-002	
2143	1.495000e-002	
2144	1.595000e-002	
2145	1.610000e-002	
2146	1.657500e-002	
2147	1.680000e-002	
2148	1.777500e-002	
2149	1.807500e-002	
2150	1.810000e-002	
2151	1.815000e-002	
2152	1.745000e-002	
2153	1.795000e-002	
2154	1.890000e-002	
2155	1.830000e-002	
2156	1.715000e-002	
2157	1.765000e-002	
2158	1.712500e-002	
2159	1.747500e-002	
2160	1.875000e-002	
2161	1.910000e-002	
2162	2.097500e-002	
2163	2.152500e-002	
2164	2.097500e-002	
2165	2.092500e-002	
2166	1.980000e-002	
2167	1.920000e-002	
2168	1.822500e-002	
2169	1.752500e-002	
2170	1.692500e-002	
2171	1.690000e-002	
2172	1.687500e-002	
2173	1.652500e-002	
2174	1.627500e-002	
2175	1.607500e-002	
2176	1.705000e-002	
2177	1.732500e-002	
2178	1.637500e-002	
2179	1.577500e-002	
2180	1.450000e-002	
2181	1.457500e-002	
2182	1.397500e-002	
2183	1.470000e-002	
2184	1.482500e-002	
2185	1.555000e-002	
2186	1.535000e-002	
2187	1.615000e-002	
2188	1.675000e-002	
2189	1.607500e-002	
2190	1.612500e-002	
2191	1.550000e-002	
2192	1.507500e-002	
2193	1.532500e-002	
2194	1.470000e-002	
2195	1.520000e-002	
2196	1.587500e-002	
2197	1.685000e-002	
2198	1.767500e-002	
2199	1.790000e-002	
2200	1.782500e-002	
2201	1.767500e-002	
2202	1.740000e-002	
2203	1.787500e-002	
2204	1.897500e-002	
2205	1.767500e-002	
2206	1.752500e-002	
2207	1.792500e-002	
2208	1.750000e-002	
2209	1.730000e-002	
2210	1.732500e-002	
2211	1.655000e-002	
2212	1.665000e-002	
2213	1.740000e-002	
2214	1.847500e-002	
2215	1.837500e-002	
2216	1.775000e-002	
2217	1.790000e-002	
2218	1.777500e-002	
2219	1.825000e-002	
2220	1.845000e-002	
2221	1.792500e-002	
2222	1.837500e-002	
2223	1.745000e-002	
2224	1.695000e-002	
2225	1.767500e-002	
2226	1.790000e-002	
2227	1.747500e-002	
2228	1.707500e-002	
2229	1.687500e-002	
2230	1.675000e-002	
2231	1.827500e-002	
2232	1.777500e-002	
2233	1.780000e-002	
2234	1.695000e-002	
2235	1.632500e-002	
2236	1.722500e-002	
2237	1.670000e-002	
2238	1.720000e-002	
2239	1.762500e-002	
2240	1.777500e-002	
2241	1.695000e-002	
2242	1.580000e-002	
2243	1.710000e-002	
2244	1.727500e-002	
2245	1.732500e-002	
2246	1.667500e-002	
2247	1.615000e-002	
2248	1.745000e-002	
2249	1.770000e-002	
2250	1.795000e-002	
2251	1.745000e-002	
2252	1.842500e-002	
2253	1.870000e-002	
2254	1.797500e-002	
2255	1.782500e-002	
2256	1.797500e-002	
2257	1.750000e-002	
2258	1.802500e-002	
2259	1.707500e-002	
2260	1.740000e-002	
2261	1.720000e-002	
2262	1.712500e-002	
2263	1.820000e-002	
2264	1.755000e-002	
2265	1.700000e-002	
2266	1.737500e-002	
2267	1.772500e-002	
2268	1.810000e-002	
2269	1.722500e-002	
2270	1.747500e-002	
2271	1.692500e-002	
2272	1.762500e-002	
2273	1.927500e-002	
2274	1.880000e-002	
2275	1.957500e-002	
2276	1.922500e-002	
2277	1.925000e-002	
2278	1.882500e-002	
2279	1.872500e-002	
2280	1.795000e-002	
2281	1.867500e-002	
2282	1.972500e-002	
2283	1.857500e-002	
2284	1.952500e-002	
2285	1.927500e-002	
2286	1.845000e-002	
2287	1.740000e-002	
2288	1.775000e-002	
2289	1.870000e-002	
2290	1.847500e-002	
2291	1.830000e-002	
2292	1.947500e-002	
2293	1.892500e-002	
2294	1.812500e-002	
2295	1.705000e-002	
2296	1.755000e-002	
2297	1.727500e-002	
2298	1.695000e-002	
2299	1.662500e-002	
2300	1.725000e-002	
2301	1.570000e-002	
2302	1.435000e-002	
2303	1.362500e-002	
2304	1.305000e-002	
2305	1.312500e-002	
2306	1.457500e-002	
2307	1.547500e-002	
2308	1.567500e-002	
2309	1.540000e-002	
2310	1.645000e-002	
2311	1.840000e-002	
2312	1.880000e-002	
2313	1.862500e-002	
2314	1.887500e-002	
2315	1.920000e-002	
2316	2.030000e-002	
2317	2.027500e-002	
2318	2.057500e-002	
2319	2.065000e-002	
2320	2.105000e-002	
2321	2.020000e-002	
2322	2.050000e-002	
2323	2.042500e-002	
2324	2.120000e-002	
2325	2.092500e-002	
2326	2.110000e-002	
2327	1.967500e-002	
2328	1.802500e-002	
2329	1.915000e-002	
2330	2.030000e-002	
2331	2.045000e-002	
2332	2.050000e-002	
2333	2.070000e-002	
2334	1.865000e-002	
2335	1.730000e-002	
2336	1.597500e-002	
2337	1.547500e-002	
2338	1.425000e-002	
2339	1.387500e-002	
2340	1.322500e-002	
2341	1.365000e-002	
2342	1.465000e-002	
2343	1.412500e-002	
2344	1.567500e-002	
2345	1.527500e-002	
2346	1.605000e-002	
2347	1.680000e-002	
2348	1.622500e-002	
2349	1.692500e-002	
2350	1.782500e-002	
2351	1.840000e-002	
2352	1.822500e-002	
2353	1.892500e-002	
2354	1.950000e-002	
2355	2.062500e-002	
2356	2.027500e-002	
2357	1.960000e-002	
2358	1.887500e-002	
2359	1.812500e-002	
2360	1.822500e-002	
2361	1.870000e-002	
2362	1.822500e-002	
2363	1.792500e-002	
2364	1.980000e-002	
2365	1.865000e-002	
2366	1.952500e-002	
2367	2.077500e-002	
2368	1.970000e-002	
2369	1.865000e-002	
2370	1.737500e-002	
2371	1.692500e-002	
2372	1.665000e-002	
2373	1.525000e-002	
2374	1.557500e-002	
2375	1.562500e-002	
2376	1.567500e-002	
2377	1.617500e-002	
2378	1.547500e-002	
2379	1.580000e-002	
2380	1.612500e-002	
2381	1.715000e-002	
2382	1.737500e-002	
2383	1.757500e-002	
2384	1.782500e-002	
2385	1.640000e-002	
2386	1.572500e-002	
2387	1.660000e-002	
2388	1.657500e-002	
2389	1.707500e-002	
2390	1.737500e-002	
2391	1.772500e-002	
2392	1.877500e-002	
2393	1.895000e-002	
2394	1.885000e-002	
2395	1.877500e-002	
2396	1.850000e-002	
2397	1.895000e-002	
2398	1.835000e-002	
2399	1.905000e-002	
2400	1.907500e-002	
2401	1.852500e-002	
2402	1.695000e-002	
2403	1.680000e-002	
2404	1.830000e-002	
2405	1.930000e-002	
2406	1.922500e-002	
2407	1.715000e-002	
2408	1.742500e-002	
2409	1.697500e-002	
2410	1.687500e-002	
2411	1.632500e-002	
2412	1.712500e-002	
2413	1.727500e-002	
2414	1.652500e-002	
2415	1.480000e-002	
2416	1.482500e-002	
2417	1.432500e-002	
2418	1.557500e-002	
2419	1.647500e-002	
2420	1.690000e-002	
2421	1.782500e-002	
2422	1.852500e-002	
2423	1.895000e-002	
2424	1.960000e-002	
2425	2.002500e-002	
2426	2.045000e-002	
2427	2.032500e-002	
2428	1.955000e-002	
2429	1.912500e-002	
2430	1.885000e-002	
2431	1.742500e-002	
2432	1.690000e-002	
2433	1.690000e-002	
2434	1.665000e-002	
2435	1.777500e-002	
2436	1.760000e-002	
2437	1.730000e-002	
2438	1.780000e-002	
2439	1.667500e-002	
2440	1.717500e-002	
2441	1.715000e-002	
2442	1.735000e-002	
2443	1.742500e-002	
2444	1.657500e-002	
2445	1.665000e-002	
2446	1.712500e-002	
2447	1.657500e-002	
2448	1.635000e-002	
2449	1.637500e-002	
2450	1.535000e-002	
2451	1.562500e-002	
2452	1.622500e-002	
2453	1.697500e-002	
2454	1.740000e-002	
2455	1.702500e-002	
2456	1.677500e-002	
2457	1.830000e-002	
2458	1.760000e-002	
2459	1.852500e-002	
2460	1.855000e-002	
2461	1.690000e-002	
2462	1.677500e-002	
2463	1.737500e-002	
2464	1.807500e-002	
2465	1.800000e-002	
2466	1.842500e-002	
2467	1.875000e-002	
2468	1.880000e-002	
2469	1.817500e-002	
2470	1.780000e-002	
2471	1.740000e-002	
2472	1.865000e-002	
2473	1.917500e-002	
2474	1.782500e-002	
2475	1.817500e-002	
2476	1.840000e-002	
2477	1.782500e-002	
2478	1.787500e-002	
2479	1.670000e-002	
2480	1.655000e-002	
2481	1.672500e-002	
2482	1.695000e-002	
2483	1.700000e-002	
2484	1.695000e-002	
2485	1.760000e-002	
2486	1.630000e-002	
2487	1.720000e-002	
2488	1.705000e-002	
2489	1.627500e-002	
2490	1.625000e-002	
2491	1.665000e-002	
2492	1.702500e-002	
2493	1.632500e-002	
2494	1.545000e-002	
2495	1.610000e-002	
2496	1.627500e-002	
2497	1.620000e-002	
2498	1.635000e-002	
2499	1.747500e-002	
2500	1.842500e-002	
2501	1.922500e-002	
2502	1.962500e-002	
2503	1.925000e-002	
2504	1.845000e-002	
2505	1.625000e-002	
2506	1.780000e-002	
2507	1.770000e-002	
2508	1.740000e-002	
2509	1.815000e-002	
2510	1.792500e-002	
2511	1.715000e-002	
2512	1.862500e-002	
2513	1.960000e-002	
2514	2.032500e-002	
2515	2.052500e-002	
2516	1.940000e-002	
2517	1.857500e-002	
2518	1.640000e-002	
2519	1.580000e-002	
2520	1.482500e-002	
2521	1.422500e-002	
2522	1.360000e-002	
2523	1.422500e-002	
2524	1.450000e-002	
2525	1.357500e-002	
2526	1.460000e-002	
2527	1.452500e-002	
2528	1.357500e-002	
2529	1.435000e-002	
2530	1.487500e-002	
2531	1.570000e-002	
2532	1.755000e-002	
2533	1.765000e-002	
2534	1.720000e-002	
2535	1.687500e-002	
2536	1.740000e-002	
2537	1.800000e-002	
2538	1.857500e-002	
2539	1.977500e-002	
2540	1.960000e-002	
2541	1.957500e-002	
2542	1.960000e-002	
2543	2.130000e-002	
2544	2.122500e-002	
2545	2.057500e-002	
2546	2.010000e-002	
2547	1.990000e-002	
2548	1.895000e-002	
2549	1.825000e-002	
2550	1.787500e-002	
2551	1.747500e-002	
2552	1.640000e-002	
2553	1.527500e-002	
2554	1.567500e-002	
2555	1.437500e-002	
2556	1.350000e-002	
2557	1.362500e-002	
2558	1.392500e-002	
2559	1.437500e-002	
2560	1.502500e-002	
2561	1.500000e-002	
2562	1.580000e-002	
2563	1.622500e-002	
2564	1.492500e-002	
2565	1.615000e-002	
2566	1.660000e-002	
2567	1.667500e-002	
2568	1.742500e-002	
2569	1.660000e-002	
2570	1.637500e-002	
2571	1.645000e-002	
2572	1.715000e-002	
2573	1.720000e-002	
2574	1.695000e-002	
2575	1.740000e-002	
2576	1.785000e-002	
2577	1.832500e-002	
2578	1.947500e-002	
2579	1.850000e-002	
2580	1.860000e-002	
2581	1.895000e-002	
2582	1.955000e-002	
2583	1.987500e-002	
2584	1.920000e-002	
2585	1.802500e-002	
2586	1.725000e-002	
2587	1.645000e-002	
2588	1.552500e-002	
2589	1.490000e-002	
2590	1.572500e-002	
2591	1.680000e-002	
2592	1.807500e-002	
2593	1.867500e-002	
2594	1.765000e-002	
2595	1.690000e-002	
2596	1.755000e-002	
2597	1.830000e-002	
2598	1.917500e-002	
2599	2.022500e-002	
2600	2.065000e-002	
2601	1.897500e-002	
2602	1.755000e-002	
2603	1.762500e-002	
2604	1.780000e-002	
2605	1.780000e-002	
2606	1.782500e-002	
2607	1.647500e-002	
2608	1.525000e-002	
2609	1.537500e-002	
2610	1.610000e-002	
2611	1.642500e-002	
2612	1.710000e-002	
2613	1.655000e-002	
2614	1.627500e-002	
2615	1.820000e-002	
2616	1.957500e-002	
2617	2.022500e-002	
2618	1.992500e-002	
2619	2.120000e-002	
2620	2.070000e-002	
2621	2.030000e-002	
2622	1.920000e-002	
2623	1.925000e-002	
2624	1.932500e-002	
2625	1.862500e-002	
2626	1.882500e-002	
2627	1.807500e-002	
2628	1.575000e-002	
2629	1.632500e-002	
2630	1.547500e-002	
2631	1.587500e-002	
2632	1.740000e-002	
2633	1.710000e-002	
2634	1.705000e-002	
2635	1.712500e-002	
2636	1.590000e-002	
2637	1.677500e-002	
2638	1.630000e-002	
2639	1.485000e-002	
2640	1.522500e-002	
2641	1.572500e-002	
2642	1.590000e-002	
2643	1.515000e-002	
2644	1.550000e-002	
2645	1.627500e-002	
2646	1.587500e-002	
2647	1.680000e-002	
2648	1.775000e-002	
2649	1.832500e-002	
2650	1.812500e-002	
2651	1.820000e-002	
2652	1.802500e-002	
2653	1.842500e-002	
2654	1.742500e-002	
2655	1.732500e-002	
2656	1.557500e-002	
2657	1.637500e-002	
2658	1.687500e-002	
2659	1.682500e-002	
2660	1.775000e-002	
2661	1.742500e-002	
2662	1.632500e-002	
2663	1.617500e-002	
2664	1.705000e-002	
2665	1.777500e-002	
2666	1.762500e-002	
2667	1.782500e-002	
2668	1.772500e-002	
2669	1.742500e-002	
2670	1.785000e-002	
2671	1.790000e-002	
2672	1.730000e-002	
2673	1.642500e-002	
2674	1.517500e-002	
2675	1.590000e-002	
2676	1.677500e-002	
2677	1.660000e-002	
2678	1.712500e-002	
2679	1.775000e-002	
2680	1.880000e-002	
2681	1.887500e-002	
2682	1.817500e-002	
2683	1.882500e-002	
2684	1.835000e-002	
2685	1.825000e-002	
2686	1.895000e-002	
2687	1.782500e-002	
2688	1.722500e-002	
2689	1.672500e-002	
2690	1.570000e-002	
2691	1.617500e-002	
2692	1.607500e-002	
2693	1.680000e-002	
2694	1.625000e-002	
2695	1.692500e-002	
2696	1.710000e-002	
2697	1.690000e-002	
2698	1.845000e-002	
2699	1.835000e-002	
2700	1.882500e-002	
2701	1.927500e-002	
2702	1.862500e-002	
2703	1.837500e-002	
2704	1.877500e-002	
2705	1.805000e-002	
2706	1.895000e-002	
2707	1.762500e-002	
2708	1.822500e-002	
2709	1.825000e-002	
2710	1.807500e-002	
2711	1.737500e-002	
2712	1.720000e-002	
2713	1.747500e-002	
2714	1.885000e-002	
2715	1.765000e-002	
2716	1.750000e-002	
2717	1.735000e-002	
2718	1.745000e-002	
2719	1.805000e-002	
2720	1.765000e-002	
2721	1.682500e-002	
2722	1.730000e-002	
2723	1.597500e-002	
2724	1.677500e-002	
2725	1.582500e-002	
2726	1.477500e-002	
2727	1.557500e-002	
2728	1.515000e-002	
2729	1.550000e-002	
2730	1.687500e-002	
2731	1.745000e-002	
2732	1.857500e-002	
2733	1.995000e-002	
2734	1.945000e-002	
2735	1.835000e-002	
2736	1.875000e-002	
2737	1.860000e-002	
2738	1.842500e-002	
2739	1.870000e-002	
2740	1.870000e-002	
2741	1.930000e-002	
2742	1.970000e-002	
2743	1.995000e-002	
2744	2.047500e-002	
2745	2.252500e-002	
2746	2.142500e-002	
2747	2.210000e-002	
2748	2.147500e-002	
2749	2.130000e-002	
2750	1.905000e-002	
2751	1.875000e-002	
2752	1.695000e-002	
2753	1.520000e-002	
2754	1.622500e-002	
2755	1.630000e-002	
2756	1.617500e-002	
2757	1.657500e-002	
2758	1.692500e-002	
2759	1.637500e-002	
2760	1.502500e-002	
2761	1.390000e-002	
2762	1.487500e-002	
2763	1.535000e-002	
2764	1.627500e-002	
2765	1.700000e-002	
2766	1.632500e-002	
2767	1.625000e-002	
2768	1.562500e-002	
2769	1.577500e-002	
2770	1.507500e-002	
2771	1.622500e-002	
2772	1.655000e-002	
2773	1.605000e-002	
2774	1.567500e-002	
2775	1.562500e-002	
2776	1.695000e-002	
2777	1.792500e-002	
2778	1.832500e-002	
2779	1.865000e-002	
2780	1.847500e-002	
2781	1.815000e-002	
2782	1.807500e-002	
2783	1.805000e-002	
2784	2.045000e-002	
2785	1.990000e-002	
2786	1.980000e-002	
2787	1.877500e-002	
2788	1.825000e-002	
2789	1.765000e-002	
2790	1.652500e-002	
2791	1.717500e-002	
2792	1.647500e-002	
2793	1.732500e-002	
2794	1.542500e-002	
2795	1.507500e-002	
2796	1.457500e-002	
2797	1.530000e-002	
2798	1.665000e-002	
2799	1.762500e-002	
2800	1.810000e-002	
2801	1.957500e-002	
2802	1.857500e-002	
2803	1.832500e-002	
2804	1.747500e-002	
2805	1.675000e-002	
2806	1.842500e-002	
2807	1.785000e-002	
2808	1.760000e-002	
2809	1.810000e-002	
2810	1.912500e-002	
2811	1.797500e-002	
2812	1.845000e-002	
2813	1.765000e-002	
2814	1.647500e-002	
2815	1.482500e-002	
2816	1.592500e-002	
2817	1.585000e-002	
2818	1.682500e-002	
2819	1.732500e-002	
2820	1.617500e-002	
2821	1.575000e-002	
2822	1.560000e-002	
2823	1.530000e-002	
2824	1.637500e-002	
2825	1.562500e-002	
2826	1.622500e-002	
2827	1.557500e-002	
2828	1.622500e-002	
2829	1.700000e-002	
2830	1.707500e-002	
2831	1.797500e-002	
2832	1.795000e-002	
2833	1.770000e-002	
2834	1.750000e-002	
2835	1.742500e-002	
2836	1.722500e-002	
2837	1.677500e-002	
2838	1.757500e-002	
2839	1.675000e-002	
2840	1.757500e-002	
2841	1.760000e-002	
2842	1.847500e-002	
2843	1.937500e-002	
2844	1.975000e-002	
2845	1.992500e-002	
2846	2.052500e-002	
2847	2.050000e-002	
2848	2.072500e-002	
2849	2.067500e-002	
2850	1.992500e-002	
2851	1.945000e-002	
2852	1.877500e-002	
2853	1.877500e-002	
2854	1.745000e-002	
2855	1.725000e-002	
2856	1.850000e-002	
2857	1.722500e-002	
2858	1.670000e-002	
2859	1.610000e-002	
2860	1.572500e-002	
2861	1.615000e-002	
2862	1.700000e-002	
2863	1.667500e-002	
2864	1.567500e-002	
2865	1.600000e-002	
2866	1.585000e-002	
2867	1.627500e-002	
2868	1.740000e-002	
2869	1.790000e-002	
2870	1.772500e-002	
2871	1.777500e-002	
2872	1.747500e-002	
2873	1.757500e-002	
2874	1.717500e-002	
2875	1.785000e-002	
2876	1.817500e-002	
2877	1.845000e-002	
2878	1.800000e-002	
2879	1.787500e-002	
2880	1.830000e-002	
2881	1.867500e-002	
2882	1.945000e-002	
2883	1.920000e-002	
2884	1.937500e-002	
2885	1.995000e-002	
2886	1.915000e-002	
2887	1.990000e-002	
2888	1.940000e-002	
2889	1.907500e-002	
2890	1.945000e-002	
2891	1.885000e-002	
2892	1.815000e-002	
2893	1.737500e-002	
2894	1.745000e-002	
2895	1.692500e-002	
2896	1.760000e-002	
2897	1.787500e-002	
2898	1.722500e-002	
2899	1.662500e-002	
2900	1.592500e-002	
2901	1.497500e-002	
2902	1.330000e-002	
2903	1.357500e-002	
2904	1.425000e-002	
2905	1.417500e-002	
2906	1.395000e-002	
2907	1.525000e-002	
2908	1.545000e-002	
2909	1.630000e-002	
2910	1.737500e-002	
2911	1.770000e-002	
2912	1.905000e-002	
2913	1.972500e-002	
2914	1.925000e-002	
2915	1.992500e-002	
2916	2.000000e-002	
2917	2.062500e-002	
2918	2.072500e-002	
2919	2.055000e-002	
2920	2.075000e-002	
2921	2.165000e-002	
2922	2.042500e-002	
2923	2.000000e-002	
2924	1.922500e-002	
2925	1.807500e-002	
2926	1.705000e-002	
2927	1.620000e-002	
2928	1.585000e-002	
2929	1.612500e-002	
2930	1.660000e-002	
2931	1.707500e-002	
2932	1.602500e-002	
2933	1.677500e-002	
2934	1.607500e-002	
2935	1.555000e-002	
2936	1.492500e-002	
2937	1.510000e-002	
2938	1.525000e-002	
2939	1.502500e-002	
2940	1.457500e-002	
2941	1.557500e-002	
2942	1.542500e-002	
2943	1.607500e-002	
2944	1.590000e-002	
2945	1.550000e-002	
2946	1.642500e-002	
2947	1.745000e-002	
2948	1.912500e-002	
2949	1.890000e-002	
2950	1.925000e-002	
2951	1.987500e-002	
2952	1.932500e-002	
2953	1.992500e-002	
2954	2.040000e-002	
2955	2.060000e-002	
2956	2.107500e-002	
2957	2.025000e-002	
2958	2.037500e-002	
2959	2.060000e-002	
2960	2.185000e-002	
2961	2.150000e-002	
2962	1.977500e-002	
2963	1.925000e-002	
2964	1.752500e-002	
2965	1.725000e-002	
2966	1.702500e-002	
2967	1.645000e-002	
2968	1.522500e-002	
2969	1.562500e-002	
2970	1.490000e-002	
2971	1.400000e-002	
2972	1.327500e-002	
2973	1.372500e-002	
2974	1.397500e-002	
2975	1.422500e-002	
2976	1.370000e-002	
2977	1.417500e-002	
2978	1.430000e-002	
2979	1.417500e-002	
2980	1.435000e-002	
2981	1.442500e-002	
2982	1.480000e-002	
2983	1.615000e-002	
2984	1.687500e-002	
2985	1.860000e-002	
2986	1.930000e-002	
2987	1.965000e-002	
2988	2.110000e-002	
2989	2.312500e-002	
2990	2.342500e-002	
2991	2.495000e-002	
2992	2.432500e-002	
2993	2.325000e-002	
2994	2.105000e-002	
2995	2.087500e-002	
2996	1.855000e-002	
2997	1.737500e-002	
2998	1.687500e-002	
2999	1.740000e-002	
3000	1.670000e-002	
3001	1.690000e-002	
