1	0	
2	7.500000e-005	
3	3.750000e-004	
4	8.000000e-004	
5	1.800000e-003	
6	3.200000e-003	
7	4.675000e-003	
8	7.125000e-003	
9	9.950000e-003	
10	1.265000e-002	
11	1.622500e-002	
12	2.042500e-002	
13	2.650000e-002	
14	3.267500e-002	
15	3.757500e-002	
16	4.350000e-002	
17	4.792500e-002	
18	5.122500e-002	
19	5.310000e-002	
20	5.190000e-002	
21	5.240000e-002	
22	5.345000e-002	
23	5.530000e-002	
24	5.392500e-002	
25	5.357500e-002	
26	5.205000e-002	
27	5.075000e-002	
28	4.892500e-002	
29	4.815000e-002	
30	4.987500e-002	
31	5.055000e-002	
32	4.842500e-002	
33	4.785000e-002	
34	4.720000e-002	
35	4.712500e-002	
36	5.035000e-002	
37	5.250000e-002	
38	5.310000e-002	
39	5.510000e-002	
40	5.452500e-002	
41	5.357500e-002	
42	5.142500e-002	
43	5.100000e-002	
44	4.970000e-002	
45	5.025000e-002	
46	4.972500e-002	
47	4.912500e-002	
48	4.855000e-002	
49	4.832500e-002	
50	4.747500e-002	
51	4.890000e-002	
52	5.010000e-002	
53	5.072500e-002	
54	5.107500e-002	
55	5.105000e-002	
56	5.272500e-002	
57	5.210000e-002	
58	5.257500e-002	
59	5.162500e-002	
60	5.390000e-002	
61	5.210000e-002	
62	4.950000e-002	
63	4.570000e-002	
64	4.662500e-002	
65	4.617500e-002	
66	4.680000e-002	
67	4.730000e-002	
68	5.030000e-002	
69	5.150000e-002	
70	5.175000e-002	
71	5.215000e-002	
72	5.395000e-002	
73	5.587500e-002	
74	5.625000e-002	
75	5.245000e-002	
76	5.180000e-002	
77	4.850000e-002	
78	4.750000e-002	
79	4.777500e-002	
80	4.697500e-002	
81	4.612500e-002	
82	4.562500e-002	
83	4.895000e-002	
84	5.022500e-002	
85	5.007500e-002	
86	5.162500e-002	
87	5.182500e-002	
88	5.177500e-002	
89	5.297500e-002	
90	5.395000e-002	
91	5.277500e-002	
92	5.012500e-002	
93	4.885000e-002	
94	4.912500e-002	
95	5.052500e-002	
96	4.950000e-002	
97	5.005000e-002	
98	4.995000e-002	
99	5.022500e-002	
100	4.955000e-002	
101	4.847500e-002	
102	4.930000e-002	
103	4.787500e-002	
104	4.837500e-002	
105	4.992500e-002	
106	4.975000e-002	
107	4.992500e-002	
108	5.045000e-002	
109	5.152500e-002	
110	5.147500e-002	
111	5.077500e-002	
112	5.017500e-002	
113	4.905000e-002	
114	4.600000e-002	
115	4.640000e-002	
116	4.867500e-002	
117	4.942500e-002	
118	4.975000e-002	
119	4.987500e-002	
120	5.190000e-002	
121	5.292500e-002	
122	5.242500e-002	
123	5.210000e-002	
124	5.035000e-002	
125	4.810000e-002	
126	4.652500e-002	
127	4.577500e-002	
128	4.710000e-002	
129	4.785000e-002	
130	4.760000e-002	
131	4.930000e-002	
132	5.057500e-002	
133	5.160000e-002	
134	4.982500e-002	
135	5.145000e-002	
136	5.167500e-002	
137	5.195000e-002	
138	5.490000e-002	
139	5.525000e-002	
140	5.425000e-002	
141	5.052500e-002	
142	4.855000e-002	
143	4.695000e-002	
144	4.612500e-002	
145	4.562500e-002	
146	4.712500e-002	
147	4.807500e-002	
148	4.820000e-002	
149	4.937500e-002	
150	5.142500e-002	
151	5.375000e-002	
152	5.337500e-002	
153	5.210000e-002	
154	5.292500e-002	
155	5.060000e-002	
156	5.022500e-002	
157	4.877500e-002	
158	4.732500e-002	
159	4.750000e-002	
160	4.802500e-002	
161	4.820000e-002	
162	4.837500e-002	
163	5.007500e-002	
164	5.170000e-002	
165	5.317500e-002	
166	5.342500e-002	
167	5.195000e-002	
168	5.117500e-002	
169	5.022500e-002	
170	4.882500e-002	
171	4.855000e-002	
172	4.950000e-002	
173	5.027500e-002	
174	4.960000e-002	
175	4.797500e-002	
176	4.937500e-002	
177	5.037500e-002	
178	5.377500e-002	
179	5.205000e-002	
180	5.285000e-002	
181	5.277500e-002	
182	5.250000e-002	
183	5.387500e-002	
184	5.235000e-002	
185	4.972500e-002	
186	4.597500e-002	
187	4.605000e-002	
188	4.430000e-002	
189	4.625000e-002	
190	4.890000e-002	
191	4.922500e-002	
192	4.852500e-002	
193	4.997500e-002	
194	4.892500e-002	
195	4.812500e-002	
196	4.977500e-002	
197	4.990000e-002	
198	5.147500e-002	
199	5.190000e-002	
200	5.380000e-002	
201	5.125000e-002	
202	5.235000e-002	
203	4.992500e-002	
204	5.105000e-002	
205	4.952500e-002	
206	4.845000e-002	
207	4.887500e-002	
208	4.687500e-002	
209	4.625000e-002	
210	4.800000e-002	
211	4.817500e-002	
212	4.815000e-002	
213	4.937500e-002	
214	4.937500e-002	
215	5.215000e-002	
216	5.295000e-002	
217	5.090000e-002	
218	5.187500e-002	
219	5.162500e-002	
220	5.040000e-002	
221	4.955000e-002	
222	5.132500e-002	
223	5.197500e-002	
224	5.045000e-002	
225	5.022500e-002	
226	5.060000e-002	
227	4.960000e-002	
228	4.957500e-002	
229	4.982500e-002	
230	4.892500e-002	
231	4.947500e-002	
232	4.820000e-002	
233	4.870000e-002	
234	4.945000e-002	
235	4.957500e-002	
236	4.885000e-002	
237	4.937500e-002	
238	4.825000e-002	
239	4.777500e-002	
240	4.950000e-002	
241	5.030000e-002	
242	5.155000e-002	
243	5.070000e-002	
244	5.165000e-002	
245	4.947500e-002	
246	5.110000e-002	
247	5.285000e-002	
248	5.222500e-002	
249	5.180000e-002	
250	5.067500e-002	
251	4.937500e-002	
252	4.792500e-002	
253	4.722500e-002	
254	4.605000e-002	
255	4.717500e-002	
256	4.730000e-002	
257	4.752500e-002	
258	4.997500e-002	
259	5.092500e-002	
260	5.230000e-002	
261	5.250000e-002	
262	5.095000e-002	
263	5.020000e-002	
264	4.850000e-002	
265	4.947500e-002	
266	4.880000e-002	
267	4.882500e-002	
268	4.917500e-002	
269	4.820000e-002	
270	4.670000e-002	
271	4.597500e-002	
272	4.852500e-002	
273	4.970000e-002	
274	5.220000e-002	
275	5.347500e-002	
276	5.382500e-002	
277	5.397500e-002	
278	5.155000e-002	
279	5.052500e-002	
280	4.742500e-002	
281	4.820000e-002	
282	4.822500e-002	
283	4.885000e-002	
284	4.977500e-002	
285	4.930000e-002	
286	4.832500e-002	
287	4.840000e-002	
288	4.967500e-002	
289	5.115000e-002	
290	5.062500e-002	
291	5.160000e-002	
292	5.372500e-002	
293	5.457500e-002	
294	5.322500e-002	
295	5.282500e-002	
296	5.145000e-002	
297	4.965000e-002	
298	4.995000e-002	
299	4.837500e-002	
300	4.995000e-002	
301	4.792500e-002	
302	4.607500e-002	
303	4.682500e-002	
304	4.802500e-002	
305	4.815000e-002	
306	4.987500e-002	
307	5.142500e-002	
308	5.227500e-002	
309	5.150000e-002	
310	4.867500e-002	
311	5.015000e-002	
312	5.242500e-002	
313	5.300000e-002	
314	5.345000e-002	
315	5.222500e-002	
316	5.030000e-002	
317	4.995000e-002	
318	4.927500e-002	
319	4.795000e-002	
320	4.605000e-002	
321	4.765000e-002	
322	4.862500e-002	
323	4.955000e-002	
324	4.917500e-002	
325	5.087500e-002	
326	4.817500e-002	
327	4.817500e-002	
328	4.875000e-002	
329	4.925000e-002	
330	4.910000e-002	
331	5.047500e-002	
332	5.090000e-002	
333	5.152500e-002	
334	4.982500e-002	
335	5.067500e-002	
336	4.930000e-002	
337	5.197500e-002	
338	5.172500e-002	
339	5.042500e-002	
340	5.017500e-002	
341	4.975000e-002	
342	5.045000e-002	
343	4.960000e-002	
344	4.977500e-002	
345	4.802500e-002	
346	4.805000e-002	
347	4.945000e-002	
348	5.175000e-002	
349	4.935000e-002	
350	4.890000e-002	
351	5.202500e-002	
352	5.065000e-002	
353	4.930000e-002	
354	4.890000e-002	
355	4.795000e-002	
356	4.707500e-002	
357	4.632500e-002	
358	4.587500e-002	
359	4.615000e-002	
360	5.000000e-002	
361	5.270000e-002	
362	5.147500e-002	
363	5.330000e-002	
364	5.352500e-002	
365	5.557500e-002	
366	5.457500e-002	
367	5.495000e-002	
368	5.177500e-002	
369	5.140000e-002	
370	4.892500e-002	
371	4.845000e-002	
372	4.917500e-002	
373	4.702500e-002	
374	4.772500e-002	
375	4.685000e-002	
376	4.647500e-002	
377	4.590000e-002	
378	4.817500e-002	
379	4.915000e-002	
380	5.037500e-002	
381	5.005000e-002	
382	5.122500e-002	
383	5.117500e-002	
384	5.010000e-002	
385	4.900000e-002	
386	4.792500e-002	
387	4.752500e-002	
388	4.812500e-002	
389	4.670000e-002	
390	4.567500e-002	
391	4.810000e-002	
392	4.825000e-002	
393	4.792500e-002	
394	4.965000e-002	
395	5.127500e-002	
396	4.977500e-002	
397	5.165000e-002	
398	5.212500e-002	
399	5.117500e-002	
400	5.112500e-002	
401	5.097500e-002	
402	5.162500e-002	
403	5.030000e-002	
404	4.882500e-002	
405	5.045000e-002	
406	4.875000e-002	
407	5.067500e-002	
408	5.025000e-002	
409	5.182500e-002	
410	5.210000e-002	
411	5.030000e-002	
412	5.027500e-002	
413	4.947500e-002	
414	5.037500e-002	
415	4.962500e-002	
416	4.960000e-002	
417	5.065000e-002	
418	5.012500e-002	
419	4.945000e-002	
420	4.987500e-002	
421	4.830000e-002	
422	4.917500e-002	
423	5.002500e-002	
424	5.105000e-002	
425	4.942500e-002	
426	4.800000e-002	
427	5.165000e-002	
428	5.240000e-002	
429	5.052500e-002	
430	4.930000e-002	
431	4.955000e-002	
432	5.057500e-002	
433	4.855000e-002	
434	4.755000e-002	
435	4.722500e-002	
436	4.827500e-002	
437	4.830000e-002	
438	4.915000e-002	
439	5.057500e-002	
440	5.147500e-002	
441	5.067500e-002	
442	5.100000e-002	
443	5.182500e-002	
444	5.240000e-002	
445	5.267500e-002	
446	5.350000e-002	
447	5.377500e-002	
448	5.225000e-002	
449	5.165000e-002	
450	5.070000e-002	
451	4.915000e-002	
452	4.657500e-002	
453	4.905000e-002	
454	4.810000e-002	
455	4.875000e-002	
456	4.857500e-002	
457	4.835000e-002	
458	4.890000e-002	
459	4.987500e-002	
460	5.062500e-002	
461	5.277500e-002	
462	5.267500e-002	
463	5.245000e-002	
464	5.205000e-002	
465	4.997500e-002	
466	4.900000e-002	
467	4.940000e-002	
468	5.085000e-002	
469	4.957500e-002	
470	4.830000e-002	
471	4.660000e-002	
472	4.772500e-002	
473	4.822500e-002	
474	5.037500e-002	
475	5.135000e-002	
476	5.085000e-002	
477	5.007500e-002	
478	4.967500e-002	
479	4.962500e-002	
480	4.987500e-002	
481	4.910000e-002	
482	4.812500e-002	
483	4.792500e-002	
484	4.932500e-002	
485	4.972500e-002	
486	5.095000e-002	
487	4.970000e-002	
488	4.802500e-002	
489	4.870000e-002	
490	4.970000e-002	
491	5.010000e-002	
492	4.860000e-002	
493	4.717500e-002	
494	4.667500e-002	
495	4.675000e-002	
496	4.685000e-002	
497	4.935000e-002	
498	5.257500e-002	
499	5.347500e-002	
500	5.320000e-002	
501	5.185000e-002	
502	4.922500e-002	
503	4.947500e-002	
504	5.065000e-002	
505	5.257500e-002	
506	5.347500e-002	
507	5.335000e-002	
508	5.142500e-002	
509	5.060000e-002	
510	4.857500e-002	
511	4.777500e-002	
512	4.695000e-002	
513	4.772500e-002	
514	4.902500e-002	
515	4.760000e-002	
516	4.615000e-002	
517	4.902500e-002	
518	4.855000e-002	
519	5.077500e-002	
520	5.172500e-002	
521	5.427500e-002	
522	5.182500e-002	
523	5.097500e-002	
524	5.210000e-002	
525	5.112500e-002	
526	4.855000e-002	
527	4.677500e-002	
528	4.735000e-002	
529	4.545000e-002	
530	4.822500e-002	
531	4.900000e-002	
532	4.862500e-002	
533	4.747500e-002	
534	4.890000e-002	
535	5.017500e-002	
536	5.185000e-002	
537	5.210000e-002	
538	5.095000e-002	
539	5.160000e-002	
540	5.155000e-002	
541	5.122500e-002	
542	5.140000e-002	
543	4.977500e-002	
544	4.952500e-002	
545	4.972500e-002	
546	4.952500e-002	
547	4.775000e-002	
548	4.817500e-002	
549	4.805000e-002	
550	4.785000e-002	
551	4.720000e-002	
552	4.802500e-002	
553	4.870000e-002	
554	4.927500e-002	
555	5.017500e-002	
556	5.230000e-002	
557	5.145000e-002	
558	5.120000e-002	
559	4.977500e-002	
560	5.010000e-002	
561	4.972500e-002	
562	4.915000e-002	
563	5.002500e-002	
564	4.912500e-002	
565	4.735000e-002	
566	4.835000e-002	
567	4.842500e-002	
568	4.792500e-002	
569	4.775000e-002	
570	4.795000e-002	
571	4.995000e-002	
572	5.102500e-002	
573	5.375000e-002	
574	5.257500e-002	
575	5.037500e-002	
576	5.100000e-002	
577	5.142500e-002	
578	4.902500e-002	
579	4.907500e-002	
580	4.810000e-002	
581	4.960000e-002	
582	5.082500e-002	
583	5.185000e-002	
584	5.040000e-002	
585	4.857500e-002	
586	4.832500e-002	
587	4.947500e-002	
588	4.917500e-002	
589	4.865000e-002	
590	4.595000e-002	
591	4.675000e-002	
592	4.810000e-002	
593	4.937500e-002	
594	5.210000e-002	
595	5.240000e-002	
596	5.312500e-002	
597	5.162500e-002	
598	5.032500e-002	
599	4.800000e-002	
600	4.860000e-002	
601	4.805000e-002	
602	4.912500e-002	
603	4.987500e-002	
604	4.982500e-002	
605	5.095000e-002	
606	5.030000e-002	
607	4.897500e-002	
608	4.895000e-002	
609	5.040000e-002	
610	5.242500e-002	
611	5.152500e-002	
612	5.027500e-002	
613	5.070000e-002	
614	4.777500e-002	
615	4.745000e-002	
616	4.785000e-002	
617	4.732500e-002	
618	4.982500e-002	
619	5.120000e-002	
620	5.110000e-002	
621	5.025000e-002	
622	5.182500e-002	
623	5.215000e-002	
624	5.287500e-002	
625	5.207500e-002	
626	4.987500e-002	
627	4.970000e-002	
628	5.112500e-002	
629	5.242500e-002	
630	4.977500e-002	
631	4.940000e-002	
632	5.185000e-002	
633	5.232500e-002	
634	5.047500e-002	
635	4.982500e-002	
636	5.062500e-002	
637	4.970000e-002	
638	4.822500e-002	
639	4.765000e-002	
640	4.847500e-002	
641	4.807500e-002	
642	4.767500e-002	
643	4.880000e-002	
644	4.975000e-002	
645	4.945000e-002	
646	4.752500e-002	
647	5.002500e-002	
648	4.880000e-002	
649	4.847500e-002	
650	4.895000e-002	
651	5.025000e-002	
652	5.115000e-002	
653	5.110000e-002	
654	5.045000e-002	
655	4.985000e-002	
656	5.052500e-002	
657	5.137500e-002	
658	5.122500e-002	
659	4.910000e-002	
660	4.812500e-002	
661	4.997500e-002	
662	5.007500e-002	
663	5.080000e-002	
664	5.042500e-002	
665	5.082500e-002	
666	5.175000e-002	
667	5.385000e-002	
668	5.400000e-002	
669	4.992500e-002	
670	4.922500e-002	
671	4.695000e-002	
672	4.585000e-002	
673	4.632500e-002	
674	4.645000e-002	
675	4.620000e-002	
676	4.550000e-002	
677	4.810000e-002	
678	4.987500e-002	
679	5.072500e-002	
680	5.320000e-002	
681	5.205000e-002	
682	4.985000e-002	
683	4.900000e-002	
684	4.975000e-002	
685	5.060000e-002	
686	4.967500e-002	
687	4.885000e-002	
688	4.737500e-002	
689	4.877500e-002	
690	4.892500e-002	
691	4.782500e-002	
692	5.030000e-002	
693	5.135000e-002	
694	5.287500e-002	
695	5.067500e-002	
696	5.200000e-002	
697	5.060000e-002	
698	4.835000e-002	
699	4.932500e-002	
700	4.850000e-002	
701	4.900000e-002	
702	4.917500e-002	
703	5.017500e-002	
704	5.037500e-002	
705	5.097500e-002	
706	5.227500e-002	
707	5.297500e-002	
708	5.102500e-002	
709	4.902500e-002	
710	5.065000e-002	
711	4.897500e-002	
712	4.960000e-002	
713	4.880000e-002	
714	4.887500e-002	
715	4.450000e-002	
716	4.687500e-002	
717	4.862500e-002	
718	4.827500e-002	
719	5.010000e-002	
720	5.030000e-002	
721	4.970000e-002	
722	4.862500e-002	
723	4.857500e-002	
724	5.082500e-002	
725	4.970000e-002	
726	4.895000e-002	
727	5.045000e-002	
728	5.202500e-002	
729	5.135000e-002	
730	5.155000e-002	
731	5.207500e-002	
732	5.002500e-002	
733	5.057500e-002	
734	4.815000e-002	
735	4.587500e-002	
736	4.752500e-002	
737	4.652500e-002	
738	4.782500e-002	
739	5.015000e-002	
740	5.000000e-002	
741	4.922500e-002	
742	5.035000e-002	
743	5.112500e-002	
744	5.237500e-002	
745	5.112500e-002	
746	4.947500e-002	
747	4.970000e-002	
748	5.052500e-002	
749	5.027500e-002	
750	4.862500e-002	
751	4.737500e-002	
752	4.550000e-002	
753	4.705000e-002	
754	4.875000e-002	
755	5.022500e-002	
756	5.257500e-002	
757	5.325000e-002	
758	5.137500e-002	
759	5.092500e-002	
760	5.042500e-002	
761	4.935000e-002	
762	4.902500e-002	
763	5.050000e-002	
764	4.982500e-002	
765	5.027500e-002	
766	4.985000e-002	
767	4.957500e-002	
768	4.920000e-002	
769	4.945000e-002	
770	4.965000e-002	
771	4.827500e-002	
772	4.862500e-002	
773	4.872500e-002	
774	4.862500e-002	
775	4.940000e-002	
776	5.022500e-002	
777	4.977500e-002	
778	5.017500e-002	
779	5.097500e-002	
780	5.100000e-002	
781	5.182500e-002	
782	5.110000e-002	
783	4.947500e-002	
784	5.110000e-002	
785	4.897500e-002	
786	4.807500e-002	
787	4.980000e-002	
788	5.032500e-002	
789	5.037500e-002	
790	5.060000e-002	
791	5.207500e-002	
792	5.157500e-002	
793	4.972500e-002	
794	4.880000e-002	
795	4.725000e-002	
796	4.630000e-002	
797	4.685000e-002	
798	4.877500e-002	
799	5.017500e-002	
800	4.985000e-002	
801	5.182500e-002	
802	4.940000e-002	
803	5.087500e-002	
804	5.035000e-002	
805	4.897500e-002	
806	4.867500e-002	
807	4.925000e-002	
808	4.872500e-002	
809	4.720000e-002	
810	4.782500e-002	
811	4.815000e-002	
812	4.810000e-002	
813	4.972500e-002	
814	5.022500e-002	
815	5.272500e-002	
816	5.475000e-002	
817	5.245000e-002	
818	5.057500e-002	
819	5.077500e-002	
820	4.992500e-002	
821	4.985000e-002	
822	5.030000e-002	
823	4.865000e-002	
824	4.897500e-002	
825	4.702500e-002	
826	4.732500e-002	
827	4.892500e-002	
828	4.892500e-002	
829	5.072500e-002	
830	5.107500e-002	
831	5.302500e-002	
832	4.985000e-002	
833	4.935000e-002	
834	4.992500e-002	
835	5.062500e-002	
836	4.772500e-002	
837	4.807500e-002	
838	4.892500e-002	
839	4.890000e-002	
840	4.827500e-002	
841	4.880000e-002	
842	5.005000e-002	
843	4.887500e-002	
844	5.045000e-002	
845	5.127500e-002	
846	5.160000e-002	
847	5.230000e-002	
848	5.075000e-002	
849	5.025000e-002	
850	4.997500e-002	
851	4.960000e-002	
852	4.927500e-002	
853	5.045000e-002	
854	5.125000e-002	
855	4.950000e-002	
856	4.860000e-002	
857	4.925000e-002	
858	4.967500e-002	
859	5.117500e-002	
860	4.955000e-002	
861	5.015000e-002	
862	5.150000e-002	
863	4.932500e-002	
864	4.785000e-002	
865	5.040000e-002	
866	5.030000e-002	
867	5.107500e-002	
868	5.002500e-002	
869	4.942500e-002	
870	4.920000e-002	
871	4.867500e-002	
872	5.047500e-002	
873	4.952500e-002	
874	4.885000e-002	
875	5.025000e-002	
876	4.955000e-002	
877	4.990000e-002	
878	4.980000e-002	
879	5.042500e-002	
880	4.912500e-002	
881	4.722500e-002	
882	4.770000e-002	
883	4.770000e-002	
884	4.792500e-002	
885	4.912500e-002	
886	4.702500e-002	
887	4.757500e-002	
888	4.750000e-002	
889	4.890000e-002	
890	5.010000e-002	
891	5.067500e-002	
892	5.282500e-002	
893	5.267500e-002	
894	5.110000e-002	
895	5.062500e-002	
896	5.120000e-002	
897	4.915000e-002	
898	4.747500e-002	
899	4.787500e-002	
900	4.747500e-002	
901	4.782500e-002	
902	4.885000e-002	
903	4.840000e-002	
904	5.152500e-002	
905	5.075000e-002	
906	5.252500e-002	
907	5.327500e-002	
908	5.217500e-002	
909	5.012500e-002	
910	4.920000e-002	
911	4.887500e-002	
912	4.907500e-002	
913	4.747500e-002	
914	4.775000e-002	
915	4.752500e-002	
916	4.660000e-002	
917	4.840000e-002	
918	5.042500e-002	
919	4.995000e-002	
920	4.990000e-002	
921	5.015000e-002	
922	5.015000e-002	
923	4.845000e-002	
924	4.895000e-002	
925	5.127500e-002	
926	5.225000e-002	
927	5.245000e-002	
928	5.067500e-002	
929	5.045000e-002	
930	4.927500e-002	
931	4.767500e-002	
932	4.730000e-002	
933	4.785000e-002	
934	4.675000e-002	
935	4.637500e-002	
936	4.807500e-002	
937	4.827500e-002	
938	5.025000e-002	
939	5.147500e-002	
940	5.247500e-002	
941	5.492500e-002	
942	5.370000e-002	
943	5.317500e-002	
944	5.105000e-002	
945	4.880000e-002	
946	5.012500e-002	
947	4.970000e-002	
948	4.717500e-002	
949	4.605000e-002	
950	4.450000e-002	
951	4.500000e-002	
952	4.730000e-002	
953	4.812500e-002	
954	4.945000e-002	
955	5.135000e-002	
956	5.442500e-002	
957	5.452500e-002	
958	5.435000e-002	
959	5.445000e-002	
960	5.325000e-002	
961	5.187500e-002	
962	5.007500e-002	
963	4.815000e-002	
964	4.677500e-002	
965	4.842500e-002	
966	4.895000e-002	
967	5.055000e-002	
968	5.215000e-002	
969	5.187500e-002	
970	4.942500e-002	
971	4.862500e-002	
972	4.767500e-002	
973	4.950000e-002	
974	5.095000e-002	
975	5.027500e-002	
976	5.137500e-002	
977	5.052500e-002	
978	4.785000e-002	
979	4.922500e-002	
980	5.050000e-002	
981	5.002500e-002	
982	4.817500e-002	
983	4.965000e-002	
984	4.980000e-002	
985	4.705000e-002	
986	4.825000e-002	
987	4.782500e-002	
988	4.995000e-002	
989	5.215000e-002	
990	5.285000e-002	
991	5.462500e-002	
992	5.287500e-002	
993	5.055000e-002	
994	5.090000e-002	
995	4.895000e-002	
996	4.717500e-002	
997	4.920000e-002	
998	5.030000e-002	
999	5.042500e-002	
1000	4.977500e-002	
1001	5.112500e-002	
1002	5.090000e-002	
1003	5.202500e-002	
1004	5.007500e-002	
1005	4.807500e-002	
1006	4.917500e-002	
1007	4.985000e-002	
1008	4.987500e-002	
1009	4.957500e-002	
1010	4.860000e-002	
1011	4.887500e-002	
1012	4.982500e-002	
1013	5.220000e-002	
1014	5.332500e-002	
1015	5.305000e-002	
1016	5.122500e-002	
1017	4.975000e-002	
1018	4.635000e-002	
1019	4.535000e-002	
1020	4.482500e-002	
1021	4.390000e-002	
1022	4.650000e-002	
1023	4.762500e-002	
1024	4.927500e-002	
1025	5.235000e-002	
1026	5.247500e-002	
1027	5.335000e-002	
1028	5.360000e-002	
1029	5.270000e-002	
1030	5.095000e-002	
1031	4.947500e-002	
1032	4.755000e-002	
1033	4.642500e-002	
1034	4.767500e-002	
1035	4.840000e-002	
1036	5.000000e-002	
1037	4.945000e-002	
1038	4.902500e-002	
1039	4.970000e-002	
1040	5.262500e-002	
1041	5.350000e-002	
1042	5.332500e-002	
1043	5.280000e-002	
1044	5.187500e-002	
1045	4.980000e-002	
1046	4.912500e-002	
1047	4.692500e-002	
1048	4.537500e-002	
1049	4.680000e-002	
1050	4.830000e-002	
1051	4.942500e-002	
1052	5.005000e-002	
1053	4.962500e-002	
1054	4.960000e-002	
1055	4.982500e-002	
1056	5.290000e-002	
1057	5.387500e-002	
1058	5.307500e-002	
1059	5.075000e-002	
1060	5.192500e-002	
1061	5.232500e-002	
1062	5.167500e-002	
1063	4.780000e-002	
1064	4.695000e-002	
1065	4.555000e-002	
1066	4.632500e-002	
1067	4.852500e-002	
1068	4.782500e-002	
1069	5.000000e-002	
1070	5.165000e-002	
1071	4.907500e-002	
1072	5.072500e-002	
1073	5.300000e-002	
1074	5.260000e-002	
1075	5.010000e-002	
1076	5.117500e-002	
1077	5.285000e-002	
1078	5.227500e-002	
1079	4.995000e-002	
1080	4.702500e-002	
1081	4.897500e-002	
1082	4.845000e-002	
1083	5.077500e-002	
1084	5.355000e-002	
1085	5.322500e-002	
1086	5.107500e-002	
1087	5.097500e-002	
1088	5.120000e-002	
1089	5.042500e-002	
1090	4.767500e-002	
1091	4.595000e-002	
1092	4.575000e-002	
1093	4.602500e-002	
1094	4.907500e-002	
1095	4.940000e-002	
1096	5.005000e-002	
1097	5.000000e-002	
1098	5.097500e-002	
1099	5.240000e-002	
1100	5.392500e-002	
1101	5.232500e-002	
1102	5.307500e-002	
1103	5.337500e-002	
1104	5.090000e-002	
1105	4.937500e-002	
1106	4.702500e-002	
1107	4.752500e-002	
1108	4.757500e-002	
1109	4.557500e-002	
1110	4.547500e-002	
1111	4.737500e-002	
1112	4.985000e-002	
1113	5.240000e-002	
1114	5.250000e-002	
1115	5.080000e-002	
1116	5.255000e-002	
1117	5.260000e-002	
1118	5.290000e-002	
1119	5.180000e-002	
1120	5.060000e-002	
1121	4.832500e-002	
1122	4.847500e-002	
1123	4.867500e-002	
1124	4.930000e-002	
1125	4.990000e-002	
1126	5.132500e-002	
1127	5.185000e-002	
1128	5.077500e-002	
1129	4.897500e-002	
1130	4.892500e-002	
1131	4.840000e-002	
1132	5.022500e-002	
1133	5.152500e-002	
1134	4.895000e-002	
1135	4.887500e-002	
1136	4.950000e-002	
1137	4.965000e-002	
1138	5.002500e-002	
1139	4.940000e-002	
1140	4.847500e-002	
1141	4.712500e-002	
1142	4.867500e-002	
1143	5.050000e-002	
1144	4.880000e-002	
1145	4.905000e-002	
1146	5.112500e-002	
1147	5.165000e-002	
1148	4.977500e-002	
1149	4.962500e-002	
1150	5.165000e-002	
1151	5.017500e-002	
1152	4.902500e-002	
1153	5.007500e-002	
1154	4.802500e-002	
1155	4.797500e-002	
1156	4.790000e-002	
1157	4.997500e-002	
1158	5.182500e-002	
1159	4.975000e-002	
1160	5.175000e-002	
1161	5.060000e-002	
1162	4.935000e-002	
1163	5.065000e-002	
1164	4.970000e-002	
1165	4.782500e-002	
1166	4.665000e-002	
1167	4.727500e-002	
1168	4.765000e-002	
1169	5.077500e-002	
1170	5.245000e-002	
1171	5.365000e-002	
1172	5.317500e-002	
1173	5.202500e-002	
1174	5.217500e-002	
1175	4.915000e-002	
1176	4.792500e-002	
1177	4.825000e-002	
1178	4.807500e-002	
1179	4.792500e-002	
1180	4.645000e-002	
1181	4.637500e-002	
1182	4.647500e-002	
1183	4.672500e-002	
1184	4.837500e-002	
1185	5.000000e-002	
1186	5.227500e-002	
1187	5.220000e-002	
1188	5.310000e-002	
1189	5.380000e-002	
1190	5.310000e-002	
1191	5.062500e-002	
1192	5.330000e-002	
1193	5.297500e-002	
1194	5.175000e-002	
1195	4.977500e-002	
1196	4.677500e-002	
1197	4.600000e-002	
1198	4.660000e-002	
1199	4.802500e-002	
1200	4.807500e-002	
1201	4.860000e-002	
1202	4.667500e-002	
1203	4.887500e-002	
1204	4.927500e-002	
1205	5.010000e-002	
1206	5.305000e-002	
1207	5.100000e-002	
1208	5.032500e-002	
1209	4.907500e-002	
1210	4.857500e-002	
1211	4.905000e-002	
1212	4.827500e-002	
1213	4.917500e-002	
1214	4.907500e-002	
1215	5.105000e-002	
1216	5.120000e-002	
1217	5.047500e-002	
1218	4.880000e-002	
1219	4.890000e-002	
1220	4.827500e-002	
1221	4.995000e-002	
1222	4.825000e-002	
1223	4.917500e-002	
1224	5.052500e-002	
1225	4.990000e-002	
1226	5.250000e-002	
1227	5.345000e-002	
1228	5.207500e-002	
1229	5.280000e-002	
1230	5.252500e-002	
1231	5.102500e-002	
1232	5.115000e-002	
1233	5.042500e-002	
1234	4.920000e-002	
1235	4.822500e-002	
1236	4.785000e-002	
1237	4.535000e-002	
1238	4.650000e-002	
1239	4.752500e-002	
1240	4.890000e-002	
1241	5.047500e-002	
1242	4.975000e-002	
1243	5.092500e-002	
1244	5.425000e-002	
1245	5.590000e-002	
1246	5.302500e-002	
1247	5.182500e-002	
1248	5.237500e-002	
1249	4.907500e-002	
1250	4.842500e-002	
1251	4.662500e-002	
1252	4.342500e-002	
1253	4.502500e-002	
1254	4.687500e-002	
1255	4.905000e-002	
1256	5.075000e-002	
1257	5.072500e-002	
1258	5.040000e-002	
1259	5.052500e-002	
1260	5.142500e-002	
1261	5.222500e-002	
1262	5.290000e-002	
1263	5.315000e-002	
1264	5.220000e-002	
1265	5.255000e-002	
1266	5.100000e-002	
1267	4.942500e-002	
1268	4.660000e-002	
1269	4.660000e-002	
1270	4.545000e-002	
1271	4.570000e-002	
1272	4.727500e-002	
1273	4.710000e-002	
1274	4.680000e-002	
1275	4.712500e-002	
1276	4.875000e-002	
1277	5.102500e-002	
1278	5.195000e-002	
1279	5.255000e-002	
1280	5.465000e-002	
1281	5.357500e-002	
1282	5.295000e-002	
1283	5.112500e-002	
1284	4.902500e-002	
1285	4.685000e-002	
1286	4.502500e-002	
1287	4.407500e-002	
1288	4.562500e-002	
1289	4.707500e-002	
1290	4.710000e-002	
1291	4.935000e-002	
1292	4.910000e-002	
1293	5.027500e-002	
1294	5.220000e-002	
1295	5.350000e-002	
1296	5.440000e-002	
1297	5.457500e-002	
1298	5.345000e-002	
1299	5.545000e-002	
1300	5.240000e-002	
1301	4.862500e-002	
1302	4.707500e-002	
1303	4.765000e-002	
1304	4.677500e-002	
1305	4.775000e-002	
1306	4.697500e-002	
1307	4.707500e-002	
1308	4.937500e-002	
1309	4.750000e-002	
1310	4.935000e-002	
1311	4.975000e-002	
1312	4.972500e-002	
1313	5.125000e-002	
1314	5.135000e-002	
1315	5.072500e-002	
1316	4.910000e-002	
1317	4.802500e-002	
1318	4.822500e-002	
1319	4.690000e-002	
1320	4.785000e-002	
1321	4.827500e-002	
1322	4.825000e-002	
1323	4.882500e-002	
1324	4.945000e-002	
1325	5.227500e-002	
1326	5.037500e-002	
1327	5.137500e-002	
1328	5.067500e-002	
1329	4.977500e-002	
1330	5.005000e-002	
1331	5.007500e-002	
1332	5.035000e-002	
1333	5.195000e-002	
1334	5.117500e-002	
1335	5.110000e-002	
1336	4.992500e-002	
1337	4.775000e-002	
1338	4.800000e-002	
1339	4.650000e-002	
1340	4.457500e-002	
1341	4.915000e-002	
1342	4.845000e-002	
1343	5.077500e-002	
1344	4.987500e-002	
1345	5.020000e-002	
1346	5.117500e-002	
1347	5.017500e-002	
1348	5.035000e-002	
1349	5.045000e-002	
1350	4.847500e-002	
1351	4.702500e-002	
1352	4.765000e-002	
1353	4.855000e-002	
1354	4.872500e-002	
1355	4.832500e-002	
1356	5.075000e-002	
1357	5.285000e-002	
1358	5.360000e-002	
1359	5.295000e-002	
1360	5.072500e-002	
1361	4.895000e-002	
1362	4.795000e-002	
1363	4.897500e-002	
1364	4.890000e-002	
1365	4.930000e-002	
1366	5.045000e-002	
1367	5.030000e-002	
1368	5.057500e-002	
1369	5.250000e-002	
1370	5.055000e-002	
1371	5.125000e-002	
1372	5.092500e-002	
1373	4.910000e-002	
1374	4.712500e-002	
1375	4.675000e-002	
1376	4.815000e-002	
1377	4.705000e-002	
1378	4.562500e-002	
1379	4.685000e-002	
1380	4.837500e-002	
1381	5.162500e-002	
1382	5.195000e-002	
1383	5.042500e-002	
1384	5.060000e-002	
1385	5.132500e-002	
1386	4.992500e-002	
1387	4.930000e-002	
1388	4.982500e-002	
1389	4.825000e-002	
1390	4.770000e-002	
1391	4.740000e-002	
1392	5.067500e-002	
1393	5.000000e-002	
1394	5.085000e-002	
1395	5.190000e-002	
1396	5.120000e-002	
1397	5.202500e-002	
1398	5.075000e-002	
1399	5.000000e-002	
1400	5.095000e-002	
1401	4.880000e-002	
1402	5.007500e-002	
1403	4.935000e-002	
1404	4.987500e-002	
1405	5.062500e-002	
1406	4.905000e-002	
1407	4.817500e-002	
1408	4.715000e-002	
1409	4.987500e-002	
1410	4.987500e-002	
1411	4.887500e-002	
1412	4.825000e-002	
1413	4.940000e-002	
1414	4.867500e-002	
1415	4.967500e-002	
1416	5.027500e-002	
1417	5.082500e-002	
1418	4.832500e-002	
1419	4.857500e-002	
1420	4.917500e-002	
1421	5.035000e-002	
1422	5.110000e-002	
1423	4.972500e-002	
1424	4.970000e-002	
1425	4.902500e-002	
1426	4.680000e-002	
1427	4.612500e-002	
1428	4.562500e-002	
1429	4.620000e-002	
1430	4.547500e-002	
1431	4.827500e-002	
1432	4.785000e-002	
1433	4.850000e-002	
1434	4.860000e-002	
1435	4.782500e-002	
1436	5.050000e-002	
1437	5.135000e-002	
1438	5.222500e-002	
1439	5.257500e-002	
1440	5.235000e-002	
1441	5.102500e-002	
1442	4.927500e-002	
1443	4.957500e-002	
1444	5.015000e-002	
1445	4.857500e-002	
1446	4.815000e-002	
1447	4.625000e-002	
1448	4.627500e-002	
1449	4.892500e-002	
1450	5.075000e-002	
1451	5.035000e-002	
1452	4.952500e-002	
1453	5.087500e-002	
1454	5.180000e-002	
1455	5.147500e-002	
1456	5.330000e-002	
1457	5.290000e-002	
1458	5.157500e-002	
1459	5.205000e-002	
1460	4.967500e-002	
1461	4.742500e-002	
1462	4.787500e-002	
1463	4.770000e-002	
1464	4.710000e-002	
1465	4.737500e-002	
1466	4.745000e-002	
1467	4.870000e-002	
1468	5.177500e-002	
1469	5.380000e-002	
1470	5.055000e-002	
1471	5.080000e-002	
1472	4.942500e-002	
1473	4.860000e-002	
1474	4.945000e-002	
1475	4.845000e-002	
1476	4.870000e-002	
1477	4.625000e-002	
1478	4.710000e-002	
1479	4.877500e-002	
1480	4.902500e-002	
1481	4.827500e-002	
1482	4.820000e-002	
1483	4.870000e-002	
1484	4.702500e-002	
1485	4.810000e-002	
1486	5.000000e-002	
1487	5.055000e-002	
1488	4.837500e-002	
1489	4.872500e-002	
1490	5.077500e-002	
1491	5.162500e-002	
1492	5.275000e-002	
1493	5.372500e-002	
1494	5.150000e-002	
1495	5.037500e-002	
1496	5.190000e-002	
1497	5.012500e-002	
1498	4.910000e-002	
1499	5.092500e-002	
1500	4.847500e-002	
1501	4.837500e-002	
1502	4.570000e-002	
1503	4.777500e-002	
1504	4.862500e-002	
1505	4.882500e-002	
1506	5.107500e-002	
1507	5.167500e-002	
1508	5.157500e-002	
1509	5.145000e-002	
1510	5.205000e-002	
1511	5.082500e-002	
1512	5.102500e-002	
1513	4.997500e-002	
1514	4.880000e-002	
1515	4.965000e-002	
1516	4.925000e-002	
1517	4.835000e-002	
1518	4.682500e-002	
1519	4.750000e-002	
1520	4.937500e-002	
1521	5.042500e-002	
1522	5.137500e-002	
1523	5.032500e-002	
1524	5.072500e-002	
1525	5.112500e-002	
1526	4.860000e-002	
1527	5.050000e-002	
1528	5.235000e-002	
1529	5.245000e-002	
1530	5.082500e-002	
1531	4.832500e-002	
1532	4.665000e-002	
1533	4.630000e-002	
1534	4.585000e-002	
1535	4.497500e-002	
1536	4.720000e-002	
1537	4.800000e-002	
1538	5.052500e-002	
1539	5.192500e-002	
1540	5.445000e-002	
1541	5.597500e-002	
1542	5.367500e-002	
1543	5.402500e-002	
1544	5.405000e-002	
1545	5.077500e-002	
1546	4.865000e-002	
1547	4.725000e-002	
1548	4.550000e-002	
1549	4.570000e-002	
1550	4.675000e-002	
1551	4.860000e-002	
1552	4.802500e-002	
1553	4.767500e-002	
1554	4.895000e-002	
1555	4.965000e-002	
1556	4.907500e-002	
1557	5.190000e-002	
1558	5.300000e-002	
1559	5.317500e-002	
1560	5.202500e-002	
1561	5.257500e-002	
1562	5.072500e-002	
1563	4.877500e-002	
1564	4.732500e-002	
1565	4.652500e-002	
1566	4.735000e-002	
1567	4.857500e-002	
1568	4.962500e-002	
1569	4.885000e-002	
1570	4.900000e-002	
1571	5.035000e-002	
1572	5.010000e-002	
1573	4.895000e-002	
1574	4.937500e-002	
1575	4.912500e-002	
1576	5.127500e-002	
1577	5.267500e-002	
1578	4.957500e-002	
1579	4.967500e-002	
1580	5.025000e-002	
1581	5.082500e-002	
1582	4.982500e-002	
1583	4.852500e-002	
1584	5.085000e-002	
1585	5.025000e-002	
1586	4.822500e-002	
1587	4.902500e-002	
1588	4.957500e-002	
1589	5.122500e-002	
1590	5.095000e-002	
1591	5.137500e-002	
1592	4.945000e-002	
1593	4.942500e-002	
1594	4.865000e-002	
1595	4.965000e-002	
1596	4.797500e-002	
1597	4.802500e-002	
1598	4.947500e-002	
1599	5.135000e-002	
1600	5.157500e-002	
1601	5.117500e-002	
1602	4.950000e-002	
1603	5.032500e-002	
1604	5.037500e-002	
1605	4.785000e-002	
1606	4.795000e-002	
1607	4.885000e-002	
1608	4.795000e-002	
1609	4.745000e-002	
1610	4.897500e-002	
1611	4.922500e-002	
1612	4.827500e-002	
1613	4.842500e-002	
1614	5.030000e-002	
1615	5.107500e-002	
1616	5.150000e-002	
1617	5.180000e-002	
1618	5.072500e-002	
1619	5.182500e-002	
1620	5.142500e-002	
1621	5.012500e-002	
1622	4.732500e-002	
1623	4.677500e-002	
1624	4.752500e-002	
1625	5.050000e-002	
1626	5.180000e-002	
1627	5.255000e-002	
1628	5.260000e-002	
1629	5.487500e-002	
1630	5.122500e-002	
1631	5.005000e-002	
1632	5.067500e-002	
1633	4.865000e-002	
1634	5.002500e-002	
1635	4.962500e-002	
1636	4.810000e-002	
1637	5.005000e-002	
1638	5.000000e-002	
1639	5.060000e-002	
1640	5.095000e-002	
1641	5.115000e-002	
1642	5.062500e-002	
1643	4.940000e-002	
1644	4.777500e-002	
1645	5.050000e-002	
1646	5.005000e-002	
1647	4.790000e-002	
1648	4.865000e-002	
1649	4.962500e-002	
1650	5.090000e-002	
1651	5.102500e-002	
1652	4.952500e-002	
1653	4.952500e-002	
1654	4.845000e-002	
1655	4.745000e-002	
1656	4.617500e-002	
1657	4.557500e-002	
1658	4.567500e-002	
1659	4.737500e-002	
1660	4.965000e-002	
1661	5.017500e-002	
1662	5.050000e-002	
1663	5.042500e-002	
1664	5.027500e-002	
1665	5.047500e-002	
1666	5.100000e-002	
1667	5.135000e-002	
1668	5.160000e-002	
1669	5.237500e-002	
1670	5.122500e-002	
1671	4.912500e-002	
1672	4.910000e-002	
1673	4.982500e-002	
1674	4.812500e-002	
1675	4.562500e-002	
1676	4.622500e-002	
1677	4.620000e-002	
1678	4.735000e-002	
1679	4.905000e-002	
1680	4.790000e-002	
1681	5.120000e-002	
1682	5.282500e-002	
1683	5.200000e-002	
1684	5.240000e-002	
1685	5.147500e-002	
1686	5.152500e-002	
1687	4.957500e-002	
1688	4.862500e-002	
1689	5.060000e-002	
1690	5.025000e-002	
1691	5.070000e-002	
1692	5.235000e-002	
1693	5.215000e-002	
1694	5.082500e-002	
1695	5.080000e-002	
1696	5.047500e-002	
1697	5.172500e-002	
1698	5.125000e-002	
1699	4.805000e-002	
1700	4.627500e-002	
1701	4.590000e-002	
1702	4.632500e-002	
1703	4.820000e-002	
1704	4.925000e-002	
1705	5.220000e-002	
1706	5.237500e-002	
1707	5.185000e-002	
1708	5.100000e-002	
1709	5.097500e-002	
1710	4.985000e-002	
1711	5.082500e-002	
1712	5.062500e-002	
1713	4.825000e-002	
1714	4.727500e-002	
1715	4.687500e-002	
1716	4.650000e-002	
1717	4.590000e-002	
1718	4.752500e-002	
1719	4.832500e-002	
1720	4.827500e-002	
1721	5.057500e-002	
1722	5.012500e-002	
1723	5.175000e-002	
1724	5.140000e-002	
1725	4.957500e-002	
1726	4.880000e-002	
1727	5.105000e-002	
1728	4.957500e-002	
1729	4.992500e-002	
1730	4.832500e-002	
1731	4.790000e-002	
1732	4.632500e-002	
1733	4.867500e-002	
1734	4.867500e-002	
1735	4.742500e-002	
1736	4.782500e-002	
1737	4.865000e-002	
1738	4.945000e-002	
1739	5.005000e-002	
1740	5.085000e-002	
1741	4.892500e-002	
1742	4.817500e-002	
1743	5.072500e-002	
1744	5.157500e-002	
1745	5.065000e-002	
1746	5.102500e-002	
1747	5.150000e-002	
1748	5.240000e-002	
1749	5.157500e-002	
1750	4.895000e-002	
1751	4.647500e-002	
1752	4.900000e-002	
1753	4.930000e-002	
1754	4.927500e-002	
1755	5.120000e-002	
1756	5.060000e-002	
1757	4.817500e-002	
1758	4.745000e-002	
1759	4.642500e-002	
1760	4.815000e-002	
1761	4.857500e-002	
1762	4.827500e-002	
1763	4.840000e-002	
1764	5.157500e-002	
1765	4.945000e-002	
1766	5.215000e-002	
1767	5.055000e-002	
1768	4.907500e-002	
1769	4.747500e-002	
1770	4.892500e-002	
1771	4.942500e-002	
1772	5.180000e-002	
1773	5.305000e-002	
1774	5.232500e-002	
1775	5.120000e-002	
1776	5.047500e-002	
1777	5.050000e-002	
1778	4.822500e-002	
1779	4.860000e-002	
1780	4.752500e-002	
1781	4.817500e-002	
1782	4.755000e-002	
1783	4.827500e-002	
1784	5.000000e-002	
1785	4.925000e-002	
1786	4.862500e-002	
1787	5.072500e-002	
1788	5.102500e-002	
1789	5.102500e-002	
1790	4.992500e-002	
1791	4.992500e-002	
1792	4.892500e-002	
1793	4.937500e-002	
1794	5.040000e-002	
1795	4.892500e-002	
1796	4.852500e-002	
1797	4.702500e-002	
1798	4.725000e-002	
1799	4.557500e-002	
1800	4.840000e-002	
1801	4.945000e-002	
1802	5.067500e-002	
1803	5.212500e-002	
1804	4.932500e-002	
1805	5.007500e-002	
1806	5.097500e-002	
1807	5.077500e-002	
1808	4.965000e-002	
1809	4.955000e-002	
1810	4.972500e-002	
1811	5.015000e-002	
1812	4.920000e-002	
1813	4.985000e-002	
1814	4.900000e-002	
1815	4.782500e-002	
1816	4.830000e-002	
1817	4.997500e-002	
1818	5.147500e-002	
1819	5.195000e-002	
1820	5.130000e-002	
1821	5.172500e-002	
1822	5.307500e-002	
1823	5.117500e-002	
1824	5.190000e-002	
1825	5.142500e-002	
1826	4.912500e-002	
1827	4.870000e-002	
1828	4.857500e-002	
1829	5.080000e-002	
1830	4.812500e-002	
1831	4.570000e-002	
1832	4.725000e-002	
1833	4.810000e-002	
1834	4.935000e-002	
1835	4.925000e-002	
1836	5.125000e-002	
1837	5.240000e-002	
1838	5.255000e-002	
1839	5.405000e-002	
1840	5.127500e-002	
1841	5.190000e-002	
1842	5.027500e-002	
1843	5.035000e-002	
1844	4.972500e-002	
1845	4.835000e-002	
1846	4.812500e-002	
1847	4.637500e-002	
1848	4.742500e-002	
1849	4.832500e-002	
1850	5.030000e-002	
1851	4.935000e-002	
1852	5.040000e-002	
1853	5.077500e-002	
1854	5.017500e-002	
1855	4.972500e-002	
1856	4.932500e-002	
1857	5.120000e-002	
1858	4.870000e-002	
1859	4.800000e-002	
1860	4.895000e-002	
1861	4.765000e-002	
1862	4.877500e-002	
1863	5.035000e-002	
1864	5.095000e-002	
1865	5.050000e-002	
1866	5.022500e-002	
1867	5.165000e-002	
1868	5.215000e-002	
1869	5.085000e-002	
1870	5.045000e-002	
1871	4.965000e-002	
1872	4.760000e-002	
1873	4.702500e-002	
1874	4.672500e-002	
1875	4.740000e-002	
1876	4.847500e-002	
1877	5.020000e-002	
1878	4.915000e-002	
1879	5.012500e-002	
1880	5.097500e-002	
1881	5.217500e-002	
1882	5.110000e-002	
1883	5.117500e-002	
1884	4.917500e-002	
1885	4.932500e-002	
1886	4.800000e-002	
1887	4.715000e-002	
1888	4.940000e-002	
1889	5.125000e-002	
1890	5.145000e-002	
1891	5.175000e-002	
1892	5.037500e-002	
1893	5.107500e-002	
1894	5.092500e-002	
1895	4.802500e-002	
1896	4.807500e-002	
1897	4.920000e-002	
1898	4.795000e-002	
1899	4.800000e-002	
1900	4.752500e-002	
1901	4.867500e-002	
1902	4.740000e-002	
1903	4.852500e-002	
1904	5.212500e-002	
1905	5.320000e-002	
1906	5.245000e-002	
1907	5.357500e-002	
1908	5.352500e-002	
1909	5.160000e-002	
1910	4.850000e-002	
1911	4.787500e-002	
1912	4.625000e-002	
1913	4.892500e-002	
1914	4.807500e-002	
1915	4.862500e-002	
1916	4.837500e-002	
1917	5.092500e-002	
1918	5.037500e-002	
1919	5.340000e-002	
1920	5.370000e-002	
1921	5.337500e-002	
1922	5.227500e-002	
1923	5.150000e-002	
1924	5.045000e-002	
1925	4.875000e-002	
1926	4.730000e-002	
1927	4.760000e-002	
1928	4.665000e-002	
1929	4.602500e-002	
1930	4.747500e-002	
1931	4.860000e-002	
1932	4.942500e-002	
1933	5.035000e-002	
1934	5.067500e-002	
1935	5.122500e-002	
1936	5.235000e-002	
1937	5.245000e-002	
1938	5.052500e-002	
1939	5.030000e-002	
1940	5.077500e-002	
1941	5.265000e-002	
1942	5.100000e-002	
1943	4.925000e-002	
1944	4.855000e-002	
1945	4.960000e-002	
1946	4.967500e-002	
1947	4.967500e-002	
1948	4.675000e-002	
1949	4.825000e-002	
1950	4.735000e-002	
1951	4.740000e-002	
1952	4.702500e-002	
1953	4.922500e-002	
1954	4.870000e-002	
1955	4.885000e-002	
1956	5.040000e-002	
1957	5.125000e-002	
1958	5.052500e-002	
1959	5.122500e-002	
1960	5.050000e-002	
1961	4.865000e-002	
1962	4.747500e-002	
1963	4.685000e-002	
1964	4.662500e-002	
1965	4.557500e-002	
1966	4.522500e-002	
1967	4.455000e-002	
1968	4.815000e-002	
1969	4.917500e-002	
1970	5.225000e-002	
1971	5.522500e-002	
1972	5.432500e-002	
1973	5.340000e-002	
1974	5.127500e-002	
1975	5.102500e-002	
1976	5.042500e-002	
1977	4.847500e-002	
1978	4.552500e-002	
1979	4.740000e-002	
1980	4.637500e-002	
1981	4.837500e-002	
1982	5.035000e-002	
1983	4.872500e-002	
1984	5.195000e-002	
1985	5.282500e-002	
1986	5.505000e-002	
1987	5.250000e-002	
1988	5.330000e-002	
1989	5.190000e-002	
1990	5.132500e-002	
1991	5.077500e-002	
1992	4.975000e-002	
1993	4.660000e-002	
1994	4.425000e-002	
1995	4.230000e-002	
1996	4.355000e-002	
1997	4.670000e-002	
1998	4.780000e-002	
1999	5.187500e-002	
2000	5.242500e-002	
2001	5.140000e-002	
2002	5.332500e-002	
2003	5.480000e-002	
2004	5.545000e-002	
2005	5.315000e-002	
2006	5.315000e-002	
2007	5.257500e-002	
2008	5.070000e-002	
2009	4.992500e-002	
2010	4.822500e-002	
2011	4.535000e-002	
2012	4.540000e-002	
2013	4.657500e-002	
2014	4.802500e-002	
2015	4.915000e-002	
2016	5.032500e-002	
2017	4.960000e-002	
2018	5.195000e-002	
2019	5.360000e-002	
2020	5.297500e-002	
2021	5.107500e-002	
2022	5.100000e-002	
2023	5.157500e-002	
2024	5.037500e-002	
2025	5.092500e-002	
2026	4.852500e-002	
2027	4.602500e-002	
2028	4.517500e-002	
2029	4.545000e-002	
2030	4.550000e-002	
2031	4.817500e-002	
2032	5.180000e-002	
2033	5.290000e-002	
2034	5.142500e-002	
2035	5.035000e-002	
2036	5.035000e-002	
2037	5.070000e-002	
2038	5.090000e-002	
2039	5.040000e-002	
2040	5.002500e-002	
2041	5.045000e-002	
2042	5.200000e-002	
2043	5.087500e-002	
2044	4.812500e-002	
2045	4.862500e-002	
2046	4.735000e-002	
2047	4.650000e-002	
2048	4.750000e-002	
2049	4.825000e-002	
2050	4.627500e-002	
2051	4.765000e-002	
2052	4.902500e-002	
2053	5.210000e-002	
2054	5.002500e-002	
2055	4.740000e-002	
2056	4.552500e-002	
2057	4.995000e-002	
2058	5.117500e-002	
2059	5.087500e-002	
2060	4.902500e-002	
2061	5.032500e-002	
2062	5.035000e-002	
2063	5.097500e-002	
2064	5.012500e-002	
2065	4.830000e-002	
2066	4.820000e-002	
2067	4.850000e-002	
2068	4.887500e-002	
2069	5.015000e-002	
2070	4.997500e-002	
2071	4.952500e-002	
2072	4.887500e-002	
2073	4.825000e-002	
2074	5.087500e-002	
2075	5.182500e-002	
2076	5.157500e-002	
2077	5.292500e-002	
2078	5.222500e-002	
2079	5.032500e-002	
2080	4.842500e-002	
2081	4.710000e-002	
2082	4.642500e-002	
2083	4.577500e-002	
2084	4.460000e-002	
2085	4.545000e-002	
2086	4.602500e-002	
2087	4.680000e-002	
2088	4.782500e-002	
2089	5.065000e-002	
2090	5.505000e-002	
2091	5.625000e-002	
2092	5.687500e-002	
2093	5.470000e-002	
2094	5.192500e-002	
2095	5.122500e-002	
2096	5.012500e-002	
2097	4.595000e-002	
2098	4.660000e-002	
2099	4.765000e-002	
2100	4.892500e-002	
2101	4.825000e-002	
2102	4.817500e-002	
2103	4.982500e-002	
2104	5.017500e-002	
2105	5.240000e-002	
2106	5.382500e-002	
2107	5.222500e-002	
2108	4.940000e-002	
2109	4.812500e-002	
2110	4.785000e-002	
2111	4.820000e-002	
2112	4.930000e-002	
2113	4.802500e-002	
2114	4.785000e-002	
2115	4.985000e-002	
2116	4.822500e-002	
2117	4.877500e-002	
2118	5.027500e-002	
2119	5.042500e-002	
2120	5.312500e-002	
2121	5.357500e-002	
2122	5.380000e-002	
2123	5.310000e-002	
2124	5.057500e-002	
2125	4.745000e-002	
2126	4.685000e-002	
2127	4.497500e-002	
2128	4.352500e-002	
2129	4.657500e-002	
2130	4.825000e-002	
2131	4.987500e-002	
2132	5.067500e-002	
2133	5.115000e-002	
2134	4.902500e-002	
2135	4.900000e-002	
2136	4.992500e-002	
2137	5.132500e-002	
2138	4.910000e-002	
2139	4.870000e-002	
2140	4.900000e-002	
2141	4.845000e-002	
2142	4.877500e-002	
2143	4.867500e-002	
2144	4.945000e-002	
2145	5.015000e-002	
2146	5.212500e-002	
2147	4.987500e-002	
2148	5.010000e-002	
2149	4.905000e-002	
2150	4.772500e-002	
2151	4.682500e-002	
2152	4.805000e-002	
2153	4.807500e-002	
2154	4.895000e-002	
2155	4.950000e-002	
2156	4.930000e-002	
2157	5.005000e-002	
2158	5.125000e-002	
2159	5.290000e-002	
2160	5.210000e-002	
2161	5.197500e-002	
2162	5.105000e-002	
2163	5.382500e-002	
2164	5.227500e-002	
2165	5.140000e-002	
2166	4.742500e-002	
2167	4.507500e-002	
2168	4.502500e-002	
2169	4.775000e-002	
2170	4.795000e-002	
2171	4.980000e-002	
2172	5.225000e-002	
2173	5.360000e-002	
2174	5.395000e-002	
2175	5.347500e-002	
2176	5.212500e-002	
2177	5.047500e-002	
2178	4.812500e-002	
2179	4.800000e-002	
2180	4.962500e-002	
2181	4.925000e-002	
2182	4.735000e-002	
2183	5.000000e-002	
2184	4.900000e-002	
2185	4.902500e-002	
2186	4.882500e-002	
2187	4.867500e-002	
2188	4.742500e-002	
2189	4.795000e-002	
2190	4.882500e-002	
2191	4.952500e-002	
2192	5.225000e-002	
2193	5.225000e-002	
2194	5.140000e-002	
2195	4.922500e-002	
2196	4.615000e-002	
2197	4.835000e-002	
2198	4.880000e-002	
2199	5.140000e-002	
2200	4.997500e-002	
2201	4.935000e-002	
2202	4.862500e-002	
2203	4.905000e-002	
2204	5.167500e-002	
2205	5.047500e-002	
2206	4.932500e-002	
2207	4.910000e-002	
2208	5.140000e-002	
2209	5.022500e-002	
2210	4.980000e-002	
2211	4.950000e-002	
2212	4.930000e-002	
2213	4.782500e-002	
2214	4.585000e-002	
2215	4.497500e-002	
2216	4.460000e-002	
2217	4.735000e-002	
2218	4.890000e-002	
2219	5.037500e-002	
2220	5.100000e-002	
2221	5.090000e-002	
2222	5.297500e-002	
2223	5.477500e-002	
2224	5.295000e-002	
2225	5.170000e-002	
2226	5.207500e-002	
2227	4.942500e-002	
2228	4.907500e-002	
2229	5.002500e-002	
2230	4.915000e-002	
2231	4.850000e-002	
2232	4.982500e-002	
2233	4.890000e-002	
2234	4.870000e-002	
2235	4.942500e-002	
2236	4.885000e-002	
2237	4.880000e-002	
2238	4.865000e-002	
2239	4.880000e-002	
2240	4.970000e-002	
2241	4.842500e-002	
2242	5.047500e-002	
2243	4.930000e-002	
2244	5.110000e-002	
2245	5.115000e-002	
2246	5.135000e-002	
2247	5.152500e-002	
2248	5.052500e-002	
2249	5.052500e-002	
2250	4.985000e-002	
2251	4.907500e-002	
2252	4.915000e-002	
2253	5.050000e-002	
2254	5.135000e-002	
2255	4.997500e-002	
2256	4.810000e-002	
2257	4.840000e-002	
2258	4.825000e-002	
2259	4.730000e-002	
2260	4.850000e-002	
2261	4.872500e-002	
2262	4.912500e-002	
2263	4.887500e-002	
2264	5.130000e-002	
2265	5.090000e-002	
2266	5.250000e-002	
2267	5.302500e-002	
2268	5.280000e-002	
2269	5.152500e-002	
2270	5.080000e-002	
2271	5.137500e-002	
2272	5.130000e-002	
2273	5.077500e-002	
2274	4.827500e-002	
2275	4.880000e-002	
2276	4.650000e-002	
2277	4.707500e-002	
2278	4.955000e-002	
2279	4.750000e-002	
2280	4.795000e-002	
2281	4.642500e-002	
2282	4.747500e-002	
2283	4.792500e-002	
2284	4.802500e-002	
2285	4.940000e-002	
2286	5.035000e-002	
2287	5.197500e-002	
2288	5.362500e-002	
2289	5.310000e-002	
2290	5.362500e-002	
2291	5.332500e-002	
2292	5.290000e-002	
2293	5.190000e-002	
2294	5.077500e-002	
2295	4.810000e-002	
2296	4.877500e-002	
2297	4.750000e-002	
2298	4.715000e-002	
2299	4.625000e-002	
2300	4.652500e-002	
2301	4.722500e-002	
2302	4.835000e-002	
2303	4.927500e-002	
2304	4.855000e-002	
2305	5.232500e-002	
2306	5.245000e-002	
2307	5.342500e-002	
2308	5.457500e-002	
2309	5.410000e-002	
2310	5.200000e-002	
2311	4.867500e-002	
2312	4.972500e-002	
2313	4.770000e-002	
2314	4.770000e-002	
2315	4.522500e-002	
2316	4.802500e-002	
2317	5.027500e-002	
2318	5.170000e-002	
2319	5.227500e-002	
2320	5.195000e-002	
2321	5.197500e-002	
2322	5.270000e-002	
2323	5.180000e-002	
2324	5.077500e-002	
2325	4.880000e-002	
2326	4.702500e-002	
2327	4.807500e-002	
2328	4.552500e-002	
2329	4.700000e-002	
2330	4.767500e-002	
2331	4.985000e-002	
2332	5.070000e-002	
2333	5.107500e-002	
2334	5.065000e-002	
2335	5.205000e-002	
2336	5.012500e-002	
2337	4.995000e-002	
2338	4.905000e-002	
2339	4.857500e-002	
2340	5.000000e-002	
2341	4.907500e-002	
2342	4.952500e-002	
2343	5.040000e-002	
2344	4.965000e-002	
2345	4.825000e-002	
2346	4.822500e-002	
2347	5.005000e-002	
2348	4.945000e-002	
2349	4.912500e-002	
2350	4.832500e-002	
2351	4.887500e-002	
2352	4.972500e-002	
2353	5.237500e-002	
2354	5.262500e-002	
2355	4.992500e-002	
2356	4.810000e-002	
2357	4.737500e-002	
2358	4.917500e-002	
2359	4.817500e-002	
2360	4.952500e-002	
2361	5.027500e-002	
2362	4.965000e-002	
2363	5.007500e-002	
2364	4.902500e-002	
2365	5.037500e-002	
2366	4.922500e-002	
2367	4.840000e-002	
2368	4.632500e-002	
2369	4.727500e-002	
2370	4.877500e-002	
2371	4.987500e-002	
2372	4.985000e-002	
2373	5.132500e-002	
2374	5.302500e-002	
2375	5.235000e-002	
2376	5.225000e-002	
2377	5.100000e-002	
2378	5.037500e-002	
2379	5.255000e-002	
2380	5.110000e-002	
2381	5.042500e-002	
2382	4.985000e-002	
2383	4.967500e-002	
2384	4.880000e-002	
2385	4.817500e-002	
2386	4.947500e-002	
2387	4.950000e-002	
2388	4.927500e-002	
2389	4.937500e-002	
2390	5.060000e-002	
2391	5.017500e-002	
2392	5.087500e-002	
2393	5.125000e-002	
2394	5.220000e-002	
2395	5.335000e-002	
2396	5.122500e-002	
2397	4.812500e-002	
2398	4.855000e-002	
2399	4.700000e-002	
2400	4.922500e-002	
2401	4.902500e-002	
2402	4.945000e-002	
2403	5.107500e-002	
2404	5.187500e-002	
2405	5.302500e-002	
2406	5.297500e-002	
2407	5.380000e-002	
2408	5.307500e-002	
2409	5.247500e-002	
2410	4.767500e-002	
2411	4.532500e-002	
2412	4.540000e-002	
2413	4.632500e-002	
2414	4.662500e-002	
2415	5.077500e-002	
2416	5.120000e-002	
2417	5.105000e-002	
2418	5.065000e-002	
2419	4.975000e-002	
2420	4.975000e-002	
2421	5.005000e-002	
2422	5.045000e-002	
2423	5.127500e-002	
2424	5.267500e-002	
2425	5.140000e-002	
2426	5.145000e-002	
2427	4.900000e-002	
2428	4.685000e-002	
2429	4.495000e-002	
2430	4.720000e-002	
2431	4.987500e-002	
2432	4.972500e-002	
2433	4.912500e-002	
2434	4.862500e-002	
2435	4.767500e-002	
2436	4.752500e-002	
2437	4.927500e-002	
2438	5.222500e-002	
2439	5.240000e-002	
2440	5.280000e-002	
2441	4.965000e-002	
2442	4.775000e-002	
2443	4.770000e-002	
2444	4.595000e-002	
2445	4.820000e-002	
2446	5.135000e-002	
2447	5.167500e-002	
2448	5.137500e-002	
2449	5.125000e-002	
2450	5.362500e-002	
2451	5.572500e-002	
2452	5.422500e-002	
2453	5.222500e-002	
2454	4.800000e-002	
2455	4.820000e-002	
2456	4.742500e-002	
2457	4.597500e-002	
2458	4.672500e-002	
2459	4.805000e-002	
2460	4.762500e-002	
2461	4.702500e-002	
2462	4.655000e-002	
2463	5.040000e-002	
2464	5.167500e-002	
2465	5.275000e-002	
2466	5.332500e-002	
2467	5.315000e-002	
2468	5.047500e-002	
2469	5.112500e-002	
2470	5.345000e-002	
2471	5.205000e-002	
2472	4.882500e-002	
2473	4.910000e-002	
2474	4.692500e-002	
2475	4.605000e-002	
2476	4.740000e-002	
2477	4.930000e-002	
2478	5.105000e-002	
2479	5.152500e-002	
2480	5.167500e-002	
2481	5.152500e-002	
2482	5.167500e-002	
2483	5.215000e-002	
2484	5.192500e-002	
2485	4.962500e-002	
2486	4.827500e-002	
2487	4.845000e-002	
2488	4.810000e-002	
2489	4.842500e-002	
2490	4.885000e-002	
2491	4.877500e-002	
2492	5.017500e-002	
2493	5.047500e-002	
2494	4.980000e-002	
2495	5.062500e-002	
2496	5.125000e-002	
2497	5.215000e-002	
2498	5.242500e-002	
2499	5.060000e-002	
2500	4.985000e-002	
2501	4.987500e-002	
2502	5.020000e-002	
2503	4.917500e-002	
2504	4.920000e-002	
2505	4.887500e-002	
2506	4.787500e-002	
2507	5.067500e-002	
2508	5.055000e-002	
2509	5.180000e-002	
2510	5.250000e-002	
2511	5.112500e-002	
2512	4.905000e-002	
2513	4.687500e-002	
2514	4.760000e-002	
2515	4.885000e-002	
2516	5.035000e-002	
2517	5.140000e-002	
2518	5.235000e-002	
2519	5.025000e-002	
2520	4.762500e-002	
2521	4.835000e-002	
2522	5.002500e-002	
2523	5.057500e-002	
2524	4.995000e-002	
2525	4.972500e-002	
2526	5.065000e-002	
2527	4.980000e-002	
2528	4.805000e-002	
2529	4.940000e-002	
2530	5.057500e-002	
2531	5.180000e-002	
2532	5.290000e-002	
2533	5.232500e-002	
2534	5.200000e-002	
2535	4.960000e-002	
2536	5.055000e-002	
2537	5.027500e-002	
2538	5.042500e-002	
2539	4.995000e-002	
2540	4.790000e-002	
2541	4.655000e-002	
2542	4.715000e-002	
2543	4.785000e-002	
2544	4.845000e-002	
2545	4.695000e-002	
2546	4.777500e-002	
2547	4.870000e-002	
2548	5.040000e-002	
2549	5.185000e-002	
2550	5.145000e-002	
2551	5.002500e-002	
2552	5.027500e-002	
2553	5.140000e-002	
2554	5.187500e-002	
2555	5.207500e-002	
2556	4.965000e-002	
2557	5.122500e-002	
2558	4.960000e-002	
2559	5.047500e-002	
2560	4.907500e-002	
2561	4.950000e-002	
2562	4.897500e-002	
2563	4.792500e-002	
2564	4.880000e-002	
2565	5.047500e-002	
2566	5.182500e-002	
2567	5.075000e-002	
2568	4.982500e-002	
2569	5.112500e-002	
2570	4.842500e-002	
2571	4.622500e-002	
2572	4.637500e-002	
2573	4.865000e-002	
2574	5.067500e-002	
2575	4.900000e-002	
2576	4.990000e-002	
2577	5.002500e-002	
2578	4.967500e-002	
2579	5.052500e-002	
2580	5.167500e-002	
2581	5.330000e-002	
2582	5.360000e-002	
2583	5.217500e-002	
2584	5.035000e-002	
2585	5.045000e-002	
2586	4.775000e-002	
2587	4.800000e-002	
2588	4.620000e-002	
2589	4.722500e-002	
2590	4.842500e-002	
2591	4.927500e-002	
2592	4.845000e-002	
2593	5.027500e-002	
2594	5.047500e-002	
2595	4.970000e-002	
2596	5.355000e-002	
2597	5.400000e-002	
2598	5.377500e-002	
2599	5.537500e-002	
2600	5.362500e-002	
2601	5.127500e-002	
2602	4.915000e-002	
2603	4.890000e-002	
2604	4.807500e-002	
2605	4.845000e-002	
2606	4.837500e-002	
2607	4.635000e-002	
2608	4.690000e-002	
2609	4.775000e-002	
2610	4.815000e-002	
2611	4.835000e-002	
2612	5.005000e-002	
2613	5.057500e-002	
2614	5.400000e-002	
2615	5.400000e-002	
2616	5.320000e-002	
2617	5.170000e-002	
2618	5.247500e-002	
2619	4.967500e-002	
2620	4.910000e-002	
2621	4.770000e-002	
2622	4.760000e-002	
2623	4.810000e-002	
2624	4.720000e-002	
2625	4.772500e-002	
2626	5.060000e-002	
2627	5.112500e-002	
2628	5.122500e-002	
2629	5.155000e-002	
2630	5.077500e-002	
2631	4.895000e-002	
2632	4.760000e-002	
2633	4.925000e-002	
2634	4.950000e-002	
2635	4.947500e-002	
2636	4.877500e-002	
2637	5.075000e-002	
2638	5.177500e-002	
2639	5.135000e-002	
2640	5.175000e-002	
2641	4.977500e-002	
2642	4.872500e-002	
2643	4.897500e-002	
2644	4.772500e-002	
2645	4.632500e-002	
2646	4.657500e-002	
2647	4.777500e-002	
2648	4.845000e-002	
2649	4.877500e-002	
2650	4.915000e-002	
2651	4.892500e-002	
2652	4.880000e-002	
2653	5.002500e-002	
2654	5.232500e-002	
2655	5.302500e-002	
2656	5.525000e-002	
2657	5.575000e-002	
2658	5.435000e-002	
2659	5.217500e-002	
2660	5.102500e-002	
2661	4.887500e-002	
2662	4.760000e-002	
2663	4.662500e-002	
2664	4.770000e-002	
2665	4.935000e-002	
2666	5.050000e-002	
2667	5.015000e-002	
2668	5.070000e-002	
2669	5.062500e-002	
2670	4.810000e-002	
2671	5.027500e-002	
2672	5.112500e-002	
2673	5.232500e-002	
2674	5.270000e-002	
2675	5.252500e-002	
2676	5.070000e-002	
2677	4.740000e-002	
2678	4.892500e-002	
2679	4.777500e-002	
2680	4.730000e-002	
2681	4.732500e-002	
2682	4.840000e-002	
2683	4.765000e-002	
2684	4.937500e-002	
2685	5.080000e-002	
2686	5.190000e-002	
2687	5.250000e-002	
2688	5.280000e-002	
2689	5.197500e-002	
2690	4.885000e-002	
2691	4.847500e-002	
2692	4.607500e-002	
2693	4.550000e-002	
2694	4.670000e-002	
2695	4.872500e-002	
2696	4.995000e-002	
2697	5.030000e-002	
2698	5.055000e-002	
2699	5.265000e-002	
2700	5.280000e-002	
2701	5.105000e-002	
2702	5.187500e-002	
2703	5.022500e-002	
2704	5.062500e-002	
2705	4.862500e-002	
2706	5.005000e-002	
2707	4.867500e-002	
2708	5.055000e-002	
2709	5.032500e-002	
2710	5.065000e-002	
2711	5.225000e-002	
2712	5.155000e-002	
2713	5.190000e-002	
2714	5.090000e-002	
2715	4.987500e-002	
2716	4.837500e-002	
2717	4.957500e-002	
2718	4.997500e-002	
2719	5.135000e-002	
2720	4.937500e-002	
2721	4.787500e-002	
2722	4.837500e-002	
2723	4.770000e-002	
2724	4.720000e-002	
2725	4.577500e-002	
2726	4.772500e-002	
2727	4.975000e-002	
2728	4.987500e-002	
2729	5.067500e-002	
2730	5.310000e-002	
2731	5.162500e-002	
2732	5.182500e-002	
2733	5.297500e-002	
2734	5.332500e-002	
2735	5.400000e-002	
2736	5.100000e-002	
2737	4.957500e-002	
2738	4.882500e-002	
2739	4.792500e-002	
2740	4.745000e-002	
2741	4.587500e-002	
2742	4.717500e-002	
2743	4.730000e-002	
2744	4.977500e-002	
2745	4.992500e-002	
2746	5.062500e-002	
2747	4.990000e-002	
2748	5.205000e-002	
2749	5.067500e-002	
2750	4.885000e-002	
2751	5.005000e-002	
2752	5.015000e-002	
2753	5.000000e-002	
2754	4.987500e-002	
2755	5.065000e-002	
2756	4.925000e-002	
2757	4.850000e-002	
2758	4.707500e-002	
2759	4.745000e-002	
2760	4.925000e-002	
2761	5.162500e-002	
2762	5.127500e-002	
2763	4.955000e-002	
2764	4.972500e-002	
2765	4.970000e-002	
2766	4.652500e-002	
2767	4.910000e-002	
2768	4.947500e-002	
2769	5.072500e-002	
2770	5.132500e-002	
2771	5.135000e-002	
2772	5.085000e-002	
2773	5.197500e-002	
2774	5.260000e-002	
2775	5.195000e-002	
2776	5.047500e-002	
2777	4.990000e-002	
2778	4.720000e-002	
2779	4.500000e-002	
2780	4.432500e-002	
2781	4.215000e-002	
2782	4.325000e-002	
2783	4.600000e-002	
2784	4.952500e-002	
2785	5.085000e-002	
2786	5.067500e-002	
2787	5.295000e-002	
2788	5.565000e-002	
2789	5.452500e-002	
2790	5.262500e-002	
2791	5.225000e-002	
2792	4.927500e-002	
2793	4.740000e-002	
2794	4.577500e-002	
2795	4.652500e-002	
2796	4.532500e-002	
2797	4.702500e-002	
2798	4.910000e-002	
2799	5.075000e-002	
2800	5.307500e-002	
2801	5.282500e-002	
2802	5.242500e-002	
2803	5.245000e-002	
2804	5.175000e-002	
2805	4.995000e-002	
2806	5.052500e-002	
2807	5.062500e-002	
2808	4.790000e-002	
2809	4.605000e-002	
2810	4.700000e-002	
2811	4.825000e-002	
2812	4.870000e-002	
2813	5.107500e-002	
2814	5.145000e-002	
2815	5.170000e-002	
2816	5.132500e-002	
2817	5.120000e-002	
2818	5.212500e-002	
2819	5.212500e-002	
2820	5.277500e-002	
2821	5.052500e-002	
2822	4.755000e-002	
2823	4.605000e-002	
2824	4.467500e-002	
2825	4.542500e-002	
2826	4.642500e-002	
2827	4.662500e-002	
2828	4.712500e-002	
2829	4.840000e-002	
2830	5.012500e-002	
2831	5.025000e-002	
2832	5.142500e-002	
2833	4.952500e-002	
2834	4.812500e-002	
2835	4.920000e-002	
2836	4.897500e-002	
2837	4.975000e-002	
2838	4.965000e-002	
2839	4.652500e-002	
2840	4.895000e-002	
2841	5.092500e-002	
2842	5.235000e-002	
2843	5.012500e-002	
2844	4.827500e-002	
2845	4.722500e-002	
2846	4.822500e-002	
2847	5.000000e-002	
2848	5.157500e-002	
2849	5.197500e-002	
2850	4.957500e-002	
2851	4.772500e-002	
2852	5.027500e-002	
2853	5.142500e-002	
2854	4.962500e-002	
2855	5.050000e-002	
2856	5.040000e-002	
2857	4.890000e-002	
2858	4.862500e-002	
2859	4.827500e-002	
2860	4.895000e-002	
2861	5.075000e-002	
2862	5.047500e-002	
2863	5.297500e-002	
2864	4.937500e-002	
2865	4.885000e-002	
2866	4.757500e-002	
2867	4.602500e-002	
2868	4.700000e-002	
2869	4.917500e-002	
2870	5.040000e-002	
2871	5.182500e-002	
2872	5.405000e-002	
2873	5.290000e-002	
2874	5.420000e-002	
2875	5.480000e-002	
2876	5.272500e-002	
2877	5.345000e-002	
2878	5.172500e-002	
2879	4.705000e-002	
2880	4.725000e-002	
2881	4.425000e-002	
2882	4.257500e-002	
2883	4.437500e-002	
2884	4.687500e-002	
2885	4.637500e-002	
2886	4.822500e-002	
2887	4.890000e-002	
2888	4.947500e-002	
2889	5.072500e-002	
2890	5.222500e-002	
2891	5.312500e-002	
2892	5.157500e-002	
2893	5.067500e-002	
2894	5.000000e-002	
2895	4.922500e-002	
2896	4.785000e-002	
2897	4.637500e-002	
2898	4.895000e-002	
2899	4.837500e-002	
2900	4.547500e-002	
2901	4.555000e-002	
2902	4.607500e-002	
2903	4.800000e-002	
2904	4.830000e-002	
2905	4.940000e-002	
2906	4.937500e-002	
2907	5.075000e-002	
2908	5.212500e-002	
2909	5.362500e-002	
2910	5.167500e-002	
2911	5.130000e-002	
2912	5.112500e-002	
2913	5.175000e-002	
2914	5.000000e-002	
2915	4.752500e-002	
2916	4.862500e-002	
2917	4.637500e-002	
2918	4.655000e-002	
2919	4.760000e-002	
2920	4.960000e-002	
2921	5.030000e-002	
2922	5.050000e-002	
2923	4.960000e-002	
2924	4.950000e-002	
2925	5.145000e-002	
2926	5.322500e-002	
2927	5.400000e-002	
2928	5.310000e-002	
2929	5.182500e-002	
2930	5.027500e-002	
2931	5.060000e-002	
2932	4.847500e-002	
2933	4.775000e-002	
2934	4.840000e-002	
2935	4.957500e-002	
2936	4.945000e-002	
2937	4.807500e-002	
2938	4.865000e-002	
2939	4.732500e-002	
2940	4.845000e-002	
2941	4.732500e-002	
2942	4.962500e-002	
2943	5.120000e-002	
2944	5.015000e-002	
2945	5.115000e-002	
2946	5.187500e-002	
2947	5.092500e-002	
2948	5.097500e-002	
2949	5.062500e-002	
2950	4.892500e-002	
2951	4.580000e-002	
2952	4.592500e-002	
2953	4.695000e-002	
2954	4.777500e-002	
2955	4.785000e-002	
2956	4.805000e-002	
2957	4.942500e-002	
2958	5.190000e-002	
2959	5.287500e-002	
2960	5.225000e-002	
2961	5.182500e-002	
2962	5.090000e-002	
2963	5.197500e-002	
2964	5.097500e-002	
2965	4.987500e-002	
2966	4.820000e-002	
2967	4.660000e-002	
2968	4.487500e-002	
2969	4.757500e-002	
2970	4.700000e-002	
2971	4.802500e-002	
2972	4.807500e-002	
2973	5.045000e-002	
2974	5.282500e-002	
2975	5.035000e-002	
2976	4.977500e-002	
2977	5.080000e-002	
2978	5.107500e-002	
2979	5.135000e-002	
2980	5.130000e-002	
2981	5.270000e-002	
2982	4.995000e-002	
2983	4.972500e-002	
2984	4.967500e-002	
2985	4.965000e-002	
2986	4.965000e-002	
2987	4.757500e-002	
2988	4.840000e-002	
2989	4.930000e-002	
2990	5.065000e-002	
2991	5.092500e-002	
2992	4.942500e-002	
2993	5.047500e-002	
2994	5.000000e-002	
2995	4.812500e-002	
2996	4.767500e-002	
2997	4.707500e-002	
2998	4.960000e-002	
2999	4.960000e-002	
3000	5.097500e-002	
3001	4.995000e-002	
