1	4.926556e-001	4.940444e-001	1.111111e-005	
2	4.877444e-001	4.989333e-001	3.333333e-005	
3	4.831333e-001	5.034889e-001	8.888889e-005	
4	4.783222e-001	5.083000e-001	8.888889e-005	
5	4.736333e-001	5.129889e-001	8.888889e-005	
6	4.688556e-001	5.177111e-001	1.444444e-004	
7	4.647111e-001	5.218222e-001	1.777778e-004	
8	4.603556e-001	5.261111e-001	2.444444e-004	
9	4.554333e-001	5.310889e-001	1.888889e-004	
10	4.510222e-001	5.355222e-001	1.666667e-004	
11	4.464889e-001	5.399889e-001	2.333333e-004	
12	4.423778e-001	5.440000e-001	3.333333e-004	
13	4.384889e-001	5.478222e-001	4.000000e-004	
14	4.348667e-001	5.514333e-001	4.111111e-004	
15	4.305889e-001	5.556889e-001	4.333333e-004	
16	4.268667e-001	5.593111e-001	5.333333e-004	
17	4.232333e-001	5.630222e-001	4.555556e-004	
18	4.195667e-001	5.666333e-001	5.111111e-004	
19	4.157111e-001	5.702556e-001	7.444444e-004	
20	4.122444e-001	5.736111e-001	8.555556e-004	
21	4.089000e-001	5.769778e-001	8.333333e-004	
22	4.057000e-001	5.801667e-001	8.444444e-004	
23	4.027111e-001	5.831000e-001	9.000000e-004	
24	3.996556e-001	5.860000e-001	1.055556e-003	
25	3.966333e-001	5.889000e-001	1.177778e-003	
26	3.940556e-001	5.914222e-001	1.233333e-003	
27	3.911111e-001	5.944111e-001	1.188889e-003	
28	3.883111e-001	5.969778e-001	1.422222e-003	
29	3.860667e-001	5.993444e-001	1.300000e-003	
30	3.835222e-001	6.018889e-001	1.300000e-003	
31	3.810667e-001	6.041444e-001	1.500000e-003	
32	3.788444e-001	6.063000e-001	1.566667e-003	
33	3.766222e-001	6.085889e-001	1.500000e-003	
34	3.742222e-001	6.109000e-001	1.588889e-003	
35	3.720444e-001	6.131000e-001	1.566667e-003	
36	3.700667e-001	6.147889e-001	1.855556e-003	
37	3.681333e-001	6.166333e-001	1.944444e-003	
38	3.662000e-001	6.185444e-001	1.966667e-003	
39	3.648111e-001	6.199000e-001	2.000000e-003	
40	3.633222e-001	6.213333e-001	2.055556e-003	
41	3.617111e-001	6.230000e-001	2.000000e-003	
42	3.605111e-001	6.242889e-001	1.911111e-003	
43	3.587222e-001	6.258333e-001	2.155556e-003	
44	3.575444e-001	6.269333e-001	2.233333e-003	
45	3.565444e-001	6.279333e-001	2.233333e-003	
46	3.553222e-001	6.289333e-001	2.455556e-003	
47	3.545444e-001	6.294444e-001	2.722222e-003	
48	3.536222e-001	6.304889e-001	2.600000e-003	
49	3.529889e-001	6.309222e-001	2.800000e-003	
50	3.524000e-001	6.316111e-001	2.700000e-003	
51	3.514667e-001	6.323444e-001	2.900000e-003	
52	3.506111e-001	6.332222e-001	2.877778e-003	
53	3.500667e-001	6.335000e-001	3.144444e-003	
54	3.498444e-001	6.335444e-001	3.322222e-003	
55	3.496556e-001	6.339111e-001	3.144444e-003	
56	3.493333e-001	6.341222e-001	3.255556e-003	
57	3.487889e-001	6.344778e-001	3.444444e-003	
58	3.485444e-001	6.348889e-001	3.277778e-003	
59	3.483889e-001	6.350556e-001	3.266667e-003	
60	3.483111e-001	6.349556e-001	3.444444e-003	
61	3.484111e-001	6.347444e-001	3.555556e-003	
62	3.481667e-001	6.348556e-001	3.688889e-003	
63	3.484778e-001	6.346111e-001	3.622222e-003	
64	3.488222e-001	6.337000e-001	4.188889e-003	
65	3.492778e-001	6.335778e-001	3.855556e-003	
66	3.495778e-001	6.330111e-001	4.122222e-003	
67	3.501889e-001	6.323667e-001	4.155556e-003	
68	3.508000e-001	6.316222e-001	4.288889e-003	
69	3.518889e-001	6.305556e-001	4.266667e-003	
70	3.529222e-001	6.294444e-001	4.344444e-003	
71	3.540889e-001	6.286000e-001	4.022222e-003	
72	3.545667e-001	6.277778e-001	4.366667e-003	
73	3.556444e-001	6.265556e-001	4.511111e-003	
74	3.567889e-001	6.252778e-001	4.644444e-003	
75	3.577778e-001	6.241111e-001	4.822222e-003	
76	3.588667e-001	6.229111e-001	4.933333e-003	
77	3.605556e-001	6.211444e-001	5.011111e-003	
78	3.620111e-001	6.198333e-001	4.866667e-003	
79	3.633333e-001	6.183444e-001	5.033333e-003	
80	3.645333e-001	6.170000e-001	5.177778e-003	
81	3.656778e-001	6.158333e-001	5.200000e-003	
82	3.670222e-001	6.144000e-001	5.288889e-003	
83	3.685556e-001	6.128778e-001	5.277778e-003	
84	3.701667e-001	6.111000e-001	5.444444e-003	
85	3.716556e-001	6.095111e-001	5.544444e-003	
86	3.737333e-001	6.073222e-001	5.655556e-003	
87	3.756556e-001	6.055444e-001	5.511111e-003	
88	3.771444e-001	6.039778e-001	5.588889e-003	
89	3.789222e-001	6.017444e-001	6.044444e-003	
90	3.815444e-001	5.992444e-001	5.922222e-003	
91	3.839000e-001	5.967222e-001	6.088889e-003	
92	3.864333e-001	5.939111e-001	6.366667e-003	
93	3.888222e-001	5.917778e-001	6.111111e-003	
94	3.908556e-001	5.892333e-001	6.622222e-003	
95	3.935000e-001	5.866667e-001	6.544444e-003	
96	3.961222e-001	5.840222e-001	6.566667e-003	
97	3.986000e-001	5.813889e-001	6.722222e-003	
98	4.016111e-001	5.785111e-001	6.588889e-003	
99	4.041778e-001	5.759333e-001	6.600000e-003	
100	4.067889e-001	5.730556e-001	6.866667e-003	
101	4.095778e-001	5.703111e-001	6.822222e-003	
102	4.124778e-001	5.671778e-001	7.055556e-003	
103	4.152556e-001	5.641889e-001	7.266667e-003	
104	4.180556e-001	5.615000e-001	7.155556e-003	
105	4.209333e-001	5.584778e-001	7.300000e-003	
106	4.238889e-001	5.553556e-001	7.466667e-003	
107	4.267444e-001	5.524444e-001	7.522222e-003	
108	4.305222e-001	5.484111e-001	7.777778e-003	
109	4.334556e-001	5.456222e-001	7.633333e-003	
110	4.367556e-001	5.419444e-001	8.011111e-003	
111	4.403667e-001	5.385000e-001	7.844444e-003	
112	4.437889e-001	5.350778e-001	7.844444e-003	
113	4.472222e-001	5.315111e-001	7.977778e-003	
114	4.505111e-001	5.279111e-001	8.288889e-003	
115	4.539778e-001	5.243333e-001	8.400000e-003	
116	4.579111e-001	5.203111e-001	8.488889e-003	
117	4.620444e-001	5.161667e-001	8.500000e-003	
118	4.662222e-001	5.119778e-001	8.511111e-003	
119	4.701556e-001	5.078222e-001	8.733333e-003	
120	4.740889e-001	5.038000e-001	8.822222e-003	
121	4.776222e-001	5.002667e-001	8.822222e-003	
122	4.820222e-001	4.958333e-001	8.855556e-003	
123	4.861889e-001	4.916222e-001	8.900000e-003	
124	4.903667e-001	4.874222e-001	8.922222e-003	
125	4.942778e-001	4.831333e-001	9.300000e-003	
126	4.988222e-001	4.785778e-001	9.311111e-003	
127	5.032556e-001	4.739444e-001	9.511111e-003	
128	5.082667e-001	4.692444e-001	9.200000e-003	
129	5.121778e-001	4.649111e-001	9.622222e-003	
130	5.165556e-001	4.605667e-001	9.588889e-003	
131	5.210000e-001	4.559667e-001	9.744444e-003	
132	5.261556e-001	4.506889e-001	9.866667e-003	
133	5.306000e-001	4.461222e-001	9.988889e-003	
134	5.351333e-001	4.415667e-001	1.001111e-002	
135	5.393778e-001	4.374889e-001	9.844444e-003	
136	5.439333e-001	4.325667e-001	1.021111e-002	
137	5.486222e-001	4.278444e-001	1.024444e-002	
138	5.532667e-001	4.230556e-001	1.038889e-002	
139	5.585333e-001	4.176333e-001	1.054444e-002	
140	5.635222e-001	4.126444e-001	1.054444e-002	
141	5.680889e-001	4.081222e-001	1.050000e-002	
142	5.725778e-001	4.033222e-001	1.081111e-002	
143	5.780556e-001	3.979333e-001	1.072222e-002	
144	5.832889e-001	3.925111e-001	1.091111e-002	
145	5.880444e-001	3.875111e-001	1.115556e-002	
146	5.933889e-001	3.821222e-001	1.120000e-002	
147	5.987333e-001	3.769444e-001	1.103333e-002	
148	6.038444e-001	3.715444e-001	1.132222e-002	
149	6.090000e-001	3.660667e-001	1.164444e-002	
150	6.147556e-001	3.604111e-001	1.154444e-002	
151	6.196889e-001	3.572111e-001	9.811111e-003	
152	6.233556e-001	3.556667e-001	7.688889e-003	
153	6.250333e-001	3.561222e-001	5.555556e-003	
154	6.248556e-001	3.585778e-001	3.277778e-003	
155	6.221000e-001	3.619889e-001	2.622222e-003	
156	6.187333e-001	3.654444e-001	2.533333e-003	
157	6.152333e-001	3.693778e-001	2.100000e-003	
158	6.113333e-001	3.735111e-001	1.866667e-003	
159	6.068556e-001	3.781889e-001	1.666667e-003	
160	6.025111e-001	3.828667e-001	1.333333e-003	
161	5.974667e-001	3.880667e-001	1.177778e-003	
162	5.929111e-001	3.930667e-001	7.333333e-004	
163	5.878444e-001	3.983778e-001	4.888889e-004	
164	5.826667e-001	4.036444e-001	4.000000e-004	
165	5.772222e-001	4.092111e-001	2.777778e-004	
166	5.716000e-001	4.149222e-001	1.888889e-004	
167	5.658556e-001	4.208222e-001	3.333333e-005	
168	5.604111e-001	4.263000e-001	0	
169	5.542444e-001	4.324667e-001	0	
170	5.487333e-001	4.379778e-001	0	
171	5.431667e-001	4.435444e-001	0	
172	5.376111e-001	4.491000e-001	0	
173	5.322222e-001	4.544889e-001	0	
174	5.270000e-001	4.597111e-001	0	
175	5.212444e-001	4.654667e-001	0	
176	5.162111e-001	4.705000e-001	0	
177	5.111556e-001	4.755556e-001	0	
178	5.057889e-001	4.809222e-001	0	
179	5.009111e-001	4.858000e-001	0	
180	4.960778e-001	4.906333e-001	0	
181	4.911222e-001	4.955889e-001	0	
182	4.858667e-001	5.008444e-001	0	
183	4.814667e-001	5.052444e-001	0	
184	4.766333e-001	5.100778e-001	0	
185	4.716222e-001	5.150889e-001	0	
186	4.665667e-001	5.201444e-001	0	
187	4.621778e-001	5.245333e-001	0	
188	4.573333e-001	5.293778e-001	0	
189	4.526222e-001	5.340889e-001	0	
190	4.480667e-001	5.386444e-001	0	
191	4.438222e-001	5.428889e-001	0	
192	4.393222e-001	5.473889e-001	0	
193	4.347556e-001	5.519556e-001	0	
194	4.304556e-001	5.562556e-001	0	
195	4.262111e-001	5.605000e-001	0	
196	4.216778e-001	5.650333e-001	0	
197	4.173222e-001	5.693889e-001	0	
198	4.126556e-001	5.740556e-001	0	
199	4.084667e-001	5.782444e-001	0	
200	4.041111e-001	5.826000e-001	0	
201	4.002000e-001	5.865111e-001	0	
202	3.964667e-001	5.902444e-001	0	
203	3.921000e-001	5.946111e-001	0	
204	3.880889e-001	5.986222e-001	0	
205	3.845111e-001	6.022000e-001	0	
206	3.806778e-001	6.060333e-001	0	
207	3.769556e-001	6.097556e-001	0	
208	3.731556e-001	6.135556e-001	0	
209	3.696000e-001	6.171111e-001	0	
210	3.656444e-001	6.210667e-001	0	
211	3.621000e-001	6.246111e-001	0	
212	3.585222e-001	6.281889e-001	0	
213	3.550889e-001	6.316222e-001	0	
214	3.518000e-001	6.349111e-001	0	
215	3.482778e-001	6.384333e-001	0	
216	3.451000e-001	6.416111e-001	0	
217	3.418222e-001	6.448889e-001	0	
218	3.385222e-001	6.481889e-001	0	
219	3.351667e-001	6.515444e-001	0	
220	3.317778e-001	6.549333e-001	0	
221	3.288222e-001	6.578889e-001	0	
222	3.256111e-001	6.611000e-001	0	
223	3.224000e-001	6.643111e-001	0	
224	3.188444e-001	6.678667e-001	0	
225	3.156778e-001	6.710333e-001	0	
226	3.121778e-001	6.745333e-001	0	
227	3.092778e-001	6.774333e-001	0	
228	3.060556e-001	6.806556e-001	0	
229	3.031556e-001	6.835556e-001	0	
230	3.000778e-001	6.866333e-001	0	
231	2.967556e-001	6.899556e-001	0	
232	2.938778e-001	6.928333e-001	0	
233	2.910778e-001	6.956333e-001	0	
234	2.882556e-001	6.984556e-001	0	
235	2.853556e-001	7.013556e-001	0	
236	2.825444e-001	7.041667e-001	0	
237	2.798222e-001	7.068889e-001	0	
238	2.770444e-001	7.096667e-001	0	
239	2.741333e-001	7.125778e-001	0	
240	2.713778e-001	7.153333e-001	0	
241	2.688667e-001	7.178444e-001	0	
242	2.660000e-001	7.207111e-001	0	
243	2.632333e-001	7.234778e-001	0	
244	2.604889e-001	7.262222e-001	0	
245	2.580889e-001	7.286222e-001	0	
246	2.555667e-001	7.311444e-001	0	
247	2.530556e-001	7.336556e-001	0	
248	2.505889e-001	7.361222e-001	0	
249	2.479889e-001	7.387222e-001	0	
250	2.453333e-001	7.413778e-001	0	
251	2.425778e-001	7.441333e-001	0	
252	2.401667e-001	7.465444e-001	0	
253	2.377444e-001	7.489667e-001	0	
254	2.351000e-001	7.516111e-001	0	
255	2.327333e-001	7.539778e-001	0	
256	2.303778e-001	7.563333e-001	0	
257	2.277556e-001	7.589556e-001	0	
258	2.253889e-001	7.613222e-001	0	
259	2.233333e-001	7.633778e-001	0	
260	2.211667e-001	7.655444e-001	0	
261	2.190000e-001	7.677111e-001	0	
262	2.165556e-001	7.701556e-001	0	
263	2.144889e-001	7.722222e-001	0	
264	2.123889e-001	7.743222e-001	0	
265	2.104000e-001	7.763111e-001	0	
266	2.083778e-001	7.783333e-001	0	
267	2.062333e-001	7.804778e-001	0	
268	2.041778e-001	7.825333e-001	0	
269	2.024000e-001	7.843111e-001	0	
270	2.005444e-001	7.861667e-001	0	
271	1.986222e-001	7.880889e-001	0	
272	1.969111e-001	7.898000e-001	0	
273	1.948889e-001	7.918222e-001	0	
274	1.929333e-001	7.937778e-001	0	
275	1.912000e-001	7.955111e-001	0	
276	1.890000e-001	7.977111e-001	0	
277	1.870333e-001	7.996778e-001	0	
278	1.852556e-001	8.014556e-001	0	
279	1.832667e-001	8.034444e-001	0	
280	1.812111e-001	8.055000e-001	0	
281	1.795556e-001	8.071556e-001	0	
282	1.774444e-001	8.092667e-001	0	
283	1.756778e-001	8.110333e-001	0	
284	1.739333e-001	8.127778e-001	0	
285	1.720778e-001	8.146333e-001	0	
286	1.703444e-001	8.163667e-001	0	
287	1.688556e-001	8.178556e-001	0	
288	1.673000e-001	8.194111e-001	0	
289	1.657000e-001	8.210111e-001	0	
290	1.640111e-001	8.227000e-001	0	
291	1.623889e-001	8.243222e-001	0	
292	1.608444e-001	8.258667e-001	0	
293	1.593556e-001	8.273556e-001	0	
294	1.577889e-001	8.289222e-001	0	
295	1.562778e-001	8.304333e-001	0	
296	1.546333e-001	8.320778e-001	0	
297	1.531222e-001	8.335889e-001	0	
298	1.516111e-001	8.351000e-001	0	
299	1.500556e-001	8.366556e-001	0	
300	1.488111e-001	8.379000e-001	0	
301	1.473556e-001	8.393556e-001	0	
302	1.460667e-001	8.406444e-001	0	
303	1.446333e-001	8.420778e-001	0	
304	1.431222e-001	8.435889e-001	0	
305	1.416889e-001	8.450222e-001	0	
306	1.399778e-001	8.467333e-001	0	
307	1.385222e-001	8.481889e-001	0	
308	1.371889e-001	8.495222e-001	0	
309	1.359111e-001	8.508000e-001	0	
310	1.345111e-001	8.522000e-001	0	
311	1.333333e-001	8.533778e-001	0	
312	1.323000e-001	8.544111e-001	0	
313	1.309000e-001	8.558111e-001	0	
314	1.295556e-001	8.571556e-001	0	
315	1.281222e-001	8.585889e-001	0	
316	1.268222e-001	8.598889e-001	0	
317	1.254444e-001	8.612667e-001	0	
318	1.244556e-001	8.622556e-001	0	
319	1.234444e-001	8.632667e-001	0	
320	1.220667e-001	8.646444e-001	0	
321	1.209778e-001	8.657333e-001	0	
322	1.196222e-001	8.670889e-001	0	
323	1.187111e-001	8.680000e-001	0	
324	1.177889e-001	8.689222e-001	0	
325	1.165889e-001	8.701222e-001	0	
326	1.154333e-001	8.712778e-001	0	
327	1.141333e-001	8.725778e-001	0	
328	1.129000e-001	8.738111e-001	0	
329	1.119000e-001	8.748111e-001	0	
330	1.107111e-001	8.760000e-001	0	
331	1.097333e-001	8.769778e-001	0	
332	1.085000e-001	8.782111e-001	0	
333	1.075556e-001	8.791556e-001	0	
334	1.062889e-001	8.804222e-001	0	
335	1.052222e-001	8.814889e-001	0	
336	1.041333e-001	8.825778e-001	0	
337	1.030000e-001	8.837111e-001	0	
338	1.019000e-001	8.848111e-001	0	
339	1.010444e-001	8.856667e-001	0	
340	9.988889e-002	8.868222e-001	0	
341	9.882222e-002	8.878889e-001	0	
342	9.791111e-002	8.888000e-001	0	
343	9.694444e-002	8.897667e-001	0	
344	9.588889e-002	8.908222e-001	0	
345	9.506667e-002	8.916444e-001	0	
346	9.401111e-002	8.927000e-001	0	
347	9.310000e-002	8.936111e-001	0	
348	9.221111e-002	8.945000e-001	0	
349	9.123333e-002	8.954778e-001	0	
350	9.007778e-002	8.966333e-001	0	
351	8.920000e-002	8.975111e-001	0	
352	8.826667e-002	8.984444e-001	0	
353	8.735556e-002	8.993556e-001	0	
354	8.663333e-002	9.000778e-001	0	
355	8.587778e-002	9.008333e-001	0	
356	8.498889e-002	9.017222e-001	0	
357	8.428889e-002	9.024222e-001	0	
358	8.361111e-002	9.031000e-001	0	
359	8.273333e-002	9.039778e-001	0	
360	8.195556e-002	9.047556e-001	0	
361	8.098889e-002	9.057222e-001	0	
362	8.035556e-002	9.063556e-001	0	
363	7.956667e-002	9.071444e-001	0	
364	7.877778e-002	9.079333e-001	0	
365	7.804444e-002	9.086667e-001	0	
366	7.742222e-002	9.092889e-001	0	
367	7.664444e-002	9.100667e-001	0	
368	7.582222e-002	9.108889e-001	0	
369	7.513333e-002	9.115778e-001	0	
370	7.445556e-002	9.122556e-001	0	
371	7.364444e-002	9.130667e-001	0	
372	7.292222e-002	9.137889e-001	0	
373	7.222222e-002	9.144889e-001	0	
374	7.157778e-002	9.151333e-001	0	
375	7.091111e-002	9.158000e-001	0	
376	7.016667e-002	9.165444e-001	0	
377	6.946667e-002	9.172444e-001	0	
378	6.891111e-002	9.178000e-001	0	
379	6.824444e-002	9.184667e-001	0	
380	6.756667e-002	9.191444e-001	0	
381	6.696667e-002	9.197444e-001	0	
382	6.623333e-002	9.204778e-001	0	
383	6.557778e-002	9.211333e-001	0	
384	6.487778e-002	9.218333e-001	0	
385	6.428889e-002	9.224222e-001	0	
386	6.368889e-002	9.230222e-001	0	
387	6.280000e-002	9.239111e-001	0	
388	6.206667e-002	9.246444e-001	0	
389	6.156667e-002	9.251444e-001	0	
390	6.072222e-002	9.259889e-001	0	
391	6.004444e-002	9.266667e-001	0	
392	5.942222e-002	9.272889e-001	0	
393	5.880000e-002	9.279111e-001	0	
394	5.823333e-002	9.284778e-001	0	
395	5.767778e-002	9.290333e-001	0	
396	5.720000e-002	9.295111e-001	0	
397	5.652222e-002	9.301889e-001	0	
398	5.603333e-002	9.306778e-001	0	
399	5.554444e-002	9.311667e-001	0	
400	5.492222e-002	9.317889e-001	0	
401	5.437778e-002	9.323333e-001	0	
402	5.393333e-002	9.327778e-001	0	
403	5.337778e-002	9.333333e-001	0	
404	5.278889e-002	9.339222e-001	0	
405	5.225556e-002	9.344556e-001	0	
406	5.173333e-002	9.349778e-001	0	
407	5.123333e-002	9.354778e-001	0	
408	5.077778e-002	9.359333e-001	0	
409	5.027778e-002	9.364333e-001	0	
410	4.975556e-002	9.369556e-001	0	
411	4.926667e-002	9.374444e-001	0	
412	4.867778e-002	9.380333e-001	0	
413	4.815556e-002	9.385556e-001	0	
414	4.776667e-002	9.389444e-001	0	
415	4.733333e-002	9.393778e-001	0	
416	4.686667e-002	9.398444e-001	0	
417	4.643333e-002	9.402778e-001	0	
418	4.605556e-002	9.406556e-001	0	
419	4.563333e-002	9.410778e-001	0	
420	4.517778e-002	9.415333e-001	0	
421	4.480000e-002	9.419111e-001	0	
422	4.437778e-002	9.423333e-001	0	
423	4.394444e-002	9.427667e-001	0	
424	4.362222e-002	9.430889e-001	0	
425	4.316667e-002	9.435444e-001	0	
426	4.284444e-002	9.438667e-001	0	
427	4.242222e-002	9.442889e-001	0	
428	4.208889e-002	9.446222e-001	0	
429	4.171111e-002	9.450000e-001	0	
430	4.124444e-002	9.454667e-001	0	
431	4.082222e-002	9.458889e-001	0	
432	4.036667e-002	9.463444e-001	0	
433	3.997778e-002	9.467333e-001	0	
434	3.963333e-002	9.470778e-001	0	
435	3.923333e-002	9.474778e-001	0	
436	3.881111e-002	9.479000e-001	0	
437	3.848889e-002	9.482222e-001	0	
438	3.812222e-002	9.485889e-001	0	
439	3.777778e-002	9.489333e-001	0	
440	3.734444e-002	9.493667e-001	0	
441	3.691111e-002	9.498000e-001	0	
442	3.662222e-002	9.500889e-001	0	
443	3.612222e-002	9.505889e-001	0	
444	3.582222e-002	9.508889e-001	0	
445	3.552222e-002	9.511889e-001	0	
446	3.515556e-002	9.515556e-001	0	
447	3.480000e-002	9.519111e-001	0	
448	3.454444e-002	9.521667e-001	0	
449	3.416667e-002	9.525444e-001	0	
450	3.386667e-002	9.528444e-001	0	
451	3.352222e-002	9.531889e-001	0	
452	3.312222e-002	9.535889e-001	0	
453	3.277778e-002	9.539333e-001	0	
454	3.242222e-002	9.542889e-001	0	
455	3.224444e-002	9.544667e-001	0	
456	3.184444e-002	9.548667e-001	0	
457	3.151111e-002	9.552000e-001	0	
458	3.116667e-002	9.555444e-001	0	
459	3.083333e-002	9.558778e-001	0	
460	3.051111e-002	9.562000e-001	0	
461	3.023333e-002	9.564778e-001	0	
462	2.980000e-002	9.569111e-001	0	
463	2.953333e-002	9.571778e-001	0	
464	2.931111e-002	9.574000e-001	0	
465	2.904444e-002	9.576667e-001	0	
466	2.882222e-002	9.578889e-001	0	
467	2.845556e-002	9.582556e-001	0	
468	2.818889e-002	9.585222e-001	0	
469	2.798889e-002	9.587222e-001	0	
470	2.778889e-002	9.589222e-001	0	
471	2.752222e-002	9.591889e-001	0	
472	2.728889e-002	9.594222e-001	0	
473	2.701111e-002	9.597000e-001	0	
474	2.673333e-002	9.599778e-001	0	
475	2.650000e-002	9.602111e-001	0	
476	2.617778e-002	9.605333e-001	0	
477	2.586667e-002	9.608444e-001	0	
478	2.564444e-002	9.610667e-001	0	
479	2.542222e-002	9.612889e-001	0	
480	2.523333e-002	9.614778e-001	0	
481	2.495556e-002	9.617556e-001	0	
482	2.473333e-002	9.619778e-001	0	
483	2.444444e-002	9.622667e-001	0	
484	2.426667e-002	9.624444e-001	0	
485	2.397778e-002	9.627333e-001	0	
486	2.371111e-002	9.630000e-001	0	
487	2.341111e-002	9.633000e-001	0	
488	2.317778e-002	9.635333e-001	0	
489	2.295556e-002	9.637556e-001	0	
490	2.268889e-002	9.640222e-001	0	
491	2.248889e-002	9.642222e-001	0	
492	2.228889e-002	9.644222e-001	0	
493	2.212222e-002	9.645889e-001	0	
494	2.190000e-002	9.648111e-001	0	
495	2.163333e-002	9.650778e-001	0	
496	2.145556e-002	9.652556e-001	0	
497	2.124444e-002	9.654667e-001	0	
498	2.108889e-002	9.656222e-001	0	
499	2.098889e-002	9.657222e-001	0	
500	2.083333e-002	9.658778e-001	0	
501	2.061111e-002	9.661000e-001	0	
