1	0	
2	0	
3	0	
4	0	
5	0	
6	0	
7	0	
8	0	
9	0	
10	0	
11	0	
12	0	
13	0	
14	0	
15	0	
16	0	
17	0	
18	0	
19	0	
20	0	
21	0	
22	0	
23	0	
24	0	
25	0	
26	0	
27	0	
28	0	
29	0	
30	0	
31	0	
32	0	
33	0	
34	0	
35	0	
36	0	
37	0	
38	0	
39	0	
40	0	
41	0	
42	0	
43	0	
44	0	
45	0	
46	0	
47	0	
48	0	
49	0	
50	0	
51	0	
52	0	
53	0	
54	0	
55	1.736111e-005	
56	8.680556e-005	
57	1.388889e-004	
58	1.562500e-004	
59	1.388889e-004	
60	2.083333e-004	
61	2.951389e-004	
62	3.298611e-004	
63	3.472222e-004	
64	3.993056e-004	
65	4.166667e-004	
66	5.208333e-004	
67	5.902778e-004	
68	7.291667e-004	
69	7.638889e-004	
70	8.680556e-004	
71	7.986111e-004	
72	1.128472e-003	
73	8.680556e-004	
74	1.024306e-003	
75	1.041667e-003	
76	9.548611e-004	
77	1.180556e-003	
78	1.215278e-003	
79	1.302083e-003	
80	1.354167e-003	
81	1.215278e-003	
82	1.284722e-003	
83	1.475694e-003	
84	1.493056e-003	
85	1.631944e-003	
86	1.701389e-003	
87	1.909722e-003	
88	1.597222e-003	
89	1.614583e-003	
90	2.065972e-003	
91	2.152778e-003	
92	2.135417e-003	
93	2.378472e-003	
94	2.586806e-003	
95	2.534722e-003	
96	2.604167e-003	
97	2.986111e-003	
98	3.142361e-003	
99	3.090278e-003	
100	2.777778e-003	
101	3.020833e-003	
102	2.743056e-003	
103	2.673611e-003	
104	2.673611e-003	
105	2.708333e-003	
106	3.246528e-003	
107	3.263889e-003	
108	3.263889e-003	
109	3.385417e-003	
110	3.524306e-003	
111	3.454861e-003	
112	3.402778e-003	
113	3.645833e-003	
114	3.663194e-003	
115	3.506944e-003	
116	3.333333e-003	
117	3.020833e-003	
118	3.298611e-003	
119	3.663194e-003	
120	3.506944e-003	
121	3.784722e-003	
122	3.680556e-003	
123	3.142361e-003	
124	3.402778e-003	
125	3.923611e-003	
126	4.027778e-003	
127	3.645833e-003	
128	3.611111e-003	
129	3.958333e-003	
130	3.940972e-003	
131	4.010417e-003	
132	3.836806e-003	
133	3.767361e-003	
134	4.097222e-003	
135	4.427083e-003	
136	4.010417e-003	
137	4.097222e-003	
138	4.340278e-003	
139	4.479167e-003	
140	4.704861e-003	
141	4.774306e-003	
142	4.635417e-003	
143	4.930556e-003	
144	4.774306e-003	
145	4.982639e-003	
146	5.000000e-003	
147	5.208333e-003	
148	5.208333e-003	
149	5.590278e-003	
150	5.486111e-003	
151	5.503472e-003	
152	5.729167e-003	
153	5.225694e-003	
154	5.833333e-003	
155	6.076389e-003	
156	6.423611e-003	
157	6.857639e-003	
158	6.232639e-003	
159	6.267361e-003	
160	6.284722e-003	
161	6.805556e-003	
162	6.458333e-003	
163	6.822917e-003	
164	7.118056e-003	
165	7.604167e-003	
166	7.534722e-003	
167	7.378472e-003	
168	8.072917e-003	
169	8.229167e-003	
170	8.246528e-003	
171	8.402778e-003	
172	8.159722e-003	
173	7.430556e-003	
174	7.187500e-003	
175	7.204861e-003	
176	7.656250e-003	
177	7.222222e-003	
178	7.326389e-003	
179	7.951389e-003	
180	7.465278e-003	
181	6.857639e-003	
182	6.493056e-003	
183	5.972222e-003	
184	5.364583e-003	
185	4.895833e-003	
186	4.618056e-003	
187	3.732639e-003	
188	3.454861e-003	
189	3.229167e-003	
190	2.812500e-003	
191	2.204861e-003	
192	1.927083e-003	
193	1.909722e-003	
194	1.961806e-003	
195	2.222222e-003	
196	2.222222e-003	
197	2.031250e-003	
198	1.840278e-003	
199	1.909722e-003	
200	1.597222e-003	
201	1.666667e-003	
202	1.857639e-003	
203	1.736111e-003	
204	1.822917e-003	
205	1.684028e-003	
206	1.510417e-003	
207	1.250000e-003	
208	1.250000e-003	
209	9.722222e-004	
210	7.291667e-004	
211	7.118056e-004	
212	8.506944e-004	
213	7.812500e-004	
214	7.812500e-004	
215	6.076389e-004	
216	5.381944e-004	
217	4.687500e-004	
218	5.555556e-004	
219	3.819444e-004	
220	3.993056e-004	
221	4.166667e-004	
222	2.777778e-004	
223	2.083333e-004	
224	1.562500e-004	
225	0	
226	1.736111e-005	
227	0	
228	0	
229	0	
230	0	
231	0	
232	0	
233	0	
234	0	
235	0	
236	0	
237	0	
238	0	
239	0	
240	0	
241	0	
242	0	
243	0	
244	0	
245	0	
246	0	
247	0	
248	0	
249	0	
250	0	
251	0	
252	0	
253	0	
254	0	
255	0	
256	0	
257	0	
258	0	
259	0	
260	0	
261	0	
262	0	
263	0	
264	0	
265	0	
266	0	
267	0	
268	0	
269	0	
270	0	
271	0	
272	0	
273	0	
274	0	
275	0	
276	0	
277	0	
278	0	
279	0	
280	0	
281	0	
282	0	
283	0	
284	0	
285	0	
286	0	
287	0	
288	0	
289	0	
290	0	
291	0	
292	0	
293	0	
294	0	
295	0	
296	0	
297	0	
298	0	
299	0	
300	0	
301	0	
302	0	
303	0	
304	0	
305	0	
306	0	
307	0	
308	0	
309	0	
310	0	
311	0	
312	0	
313	0	
314	0	
315	0	
316	0	
317	0	
318	0	
319	0	
320	0	
321	0	
322	0	
323	0	
324	0	
325	0	
326	0	
327	0	
328	0	
329	0	
330	0	
331	0	
332	0	
333	0	
334	0	
335	0	
336	0	
337	0	
338	0	
339	0	
340	0	
341	0	
342	0	
343	0	
344	0	
345	0	
346	0	
347	0	
348	0	
349	0	
350	0	
351	0	
352	0	
353	0	
354	0	
355	0	
356	0	
357	0	
358	0	
359	0	
360	0	
361	0	
362	0	
363	0	
364	0	
365	0	
366	0	
367	0	
368	0	
369	0	
370	0	
371	0	
372	0	
373	0	
374	0	
375	0	
376	0	
377	0	
378	0	
379	0	
380	0	
381	0	
382	0	
383	0	
384	0	
385	0	
386	0	
387	0	
388	0	
389	0	
390	0	
391	0	
392	0	
393	0	
394	0	
395	0	
396	0	
397	0	
398	0	
399	0	
400	0	
401	0	
402	0	
403	0	
404	0	
405	0	
406	0	
407	0	
408	0	
409	0	
410	0	
411	0	
412	0	
413	0	
414	0	
415	0	
416	0	
417	0	
418	0	
419	0	
420	0	
421	0	
422	0	
423	0	
424	0	
425	0	
426	0	
427	0	
428	0	
429	0	
430	0	
431	0	
432	0	
433	1.736111e-005	
434	5.208333e-005	
435	1.041667e-004	
436	8.680556e-005	
437	3.472222e-005	
438	1.736111e-005	
439	3.472222e-005	
440	1.736111e-005	
441	1.736111e-005	
442	3.472222e-005	
443	1.736111e-005	
444	1.736111e-005	
445	0	
446	0	
447	0	
448	0	
449	0	
450	0	
451	0	
452	0	
453	0	
454	0	
455	0	
456	0	
457	0	
458	0	
459	0	
460	0	
461	0	
462	0	
463	0	
464	0	
465	0	
466	0	
467	0	
468	0	
469	0	
470	0	
471	0	
472	0	
473	0	
474	0	
475	0	
476	0	
477	0	
478	1.736111e-005	
479	5.208333e-005	
480	5.208333e-005	
481	1.041667e-004	
482	1.041667e-004	
483	1.215278e-004	
484	6.944444e-005	
485	0	
486	0	
487	0	
488	0	
489	0	
490	0	
491	0	
492	0	
493	0	
494	0	
495	0	
496	0	
497	0	
498	0	
499	0	
500	0	
501	0	
502	0	
503	0	
504	0	
505	0	
506	0	
507	0	
508	0	
509	0	
510	0	
511	0	
512	0	
513	0	
514	0	
515	0	
516	0	
517	0	
518	0	
519	0	
520	0	
521	0	
522	0	
523	0	
524	0	
525	0	
526	0	
527	0	
528	0	
529	0	
530	0	
531	0	
532	0	
533	0	
534	0	
535	0	
536	0	
537	0	
538	0	
539	0	
540	0	
541	0	
542	0	
543	0	
544	0	
545	0	
546	0	
547	0	
548	0	
549	0	
550	0	
551	0	
552	0	
553	0	
554	0	
555	0	
556	0	
557	0	
558	0	
559	0	
560	0	
561	0	
562	0	
563	0	
564	0	
565	0	
566	0	
567	0	
568	0	
569	0	
570	0	
571	0	
572	0	
573	0	
574	0	
575	0	
576	0	
577	0	
578	0	
579	0	
580	0	
581	0	
582	0	
583	0	
584	0	
585	0	
586	0	
587	0	
588	0	
589	0	
590	0	
591	0	
592	0	
593	0	
594	0	
595	0	
596	0	
597	0	
598	0	
599	0	
600	0	
601	0	
602	0	
603	0	
604	0	
605	0	
606	0	
607	0	
608	0	
609	0	
610	0	
611	0	
612	0	
613	0	
614	0	
615	0	
616	0	
617	0	
618	0	
619	0	
620	0	
621	0	
622	0	
623	0	
624	0	
625	0	
626	0	
627	0	
628	0	
629	0	
630	0	
631	0	
632	0	
633	0	
634	0	
635	0	
636	0	
637	0	
638	0	
639	0	
640	0	
641	0	
642	0	
643	0	
644	1.736111e-005	
645	5.208333e-005	
646	1.736111e-005	
647	3.472222e-005	
648	3.472222e-005	
649	0	
650	0	
651	0	
652	0	
653	0	
654	0	
655	0	
656	0	
657	0	
658	0	
659	0	
660	0	
661	0	
662	0	
663	0	
664	0	
665	0	
666	0	
667	1.736111e-005	
668	6.944444e-005	
669	8.680556e-005	
670	5.208333e-005	
671	5.208333e-005	
672	8.680556e-005	
673	6.944444e-005	
674	1.041667e-004	
675	1.736111e-004	
676	8.680556e-005	
677	1.388889e-004	
678	1.388889e-004	
679	8.680556e-005	
680	5.208333e-005	
681	8.680556e-005	
682	1.215278e-004	
683	1.562500e-004	
684	1.388889e-004	
685	1.736111e-004	
686	1.736111e-004	
687	2.083333e-004	
688	1.562500e-004	
689	1.562500e-004	
690	2.430556e-004	
691	2.083333e-004	
692	2.430556e-004	
693	3.298611e-004	
694	2.256944e-004	
695	3.819444e-004	
696	2.604167e-004	
697	4.513889e-004	
698	5.034722e-004	
699	5.555556e-004	
700	5.729167e-004	
701	3.993056e-004	
702	5.208333e-004	
703	3.819444e-004	
704	2.951389e-004	
705	4.166667e-004	
706	5.208333e-004	
707	5.208333e-004	
708	5.555556e-004	
709	6.076389e-004	
710	8.159722e-004	
711	6.250000e-004	
712	6.250000e-004	
713	7.812500e-004	
714	5.902778e-004	
715	5.729167e-004	
716	4.340278e-004	
717	3.645833e-004	
718	3.819444e-004	
719	4.861111e-004	
720	5.729167e-004	
721	6.770833e-004	
722	7.465278e-004	
723	6.423611e-004	
724	7.291667e-004	
725	6.250000e-004	
726	7.118056e-004	
727	6.423611e-004	
728	7.812500e-004	
729	8.680556e-004	
730	6.944444e-004	
731	6.770833e-004	
732	7.986111e-004	
733	8.333333e-004	
734	8.159722e-004	
735	8.159722e-004	
736	8.680556e-004	
737	7.291667e-004	
738	7.291667e-004	
739	6.423611e-004	
740	6.944444e-004	
741	7.118056e-004	
742	6.944444e-004	
743	8.159722e-004	
744	9.027778e-004	
745	1.006944e-003	
746	1.145833e-003	
747	1.041667e-003	
748	1.059028e-003	
749	1.024306e-003	
750	9.722222e-004	
751	1.006944e-003	
752	1.284722e-003	
753	1.684028e-003	
754	1.788194e-003	
755	1.579861e-003	
756	1.788194e-003	
757	1.875000e-003	
758	1.822917e-003	
759	1.909722e-003	
760	2.118056e-003	
761	2.482639e-003	
762	2.274306e-003	
763	2.170139e-003	
764	2.083333e-003	
765	2.118056e-003	
766	2.586806e-003	
767	2.708333e-003	
768	2.621528e-003	
769	2.847222e-003	
770	3.090278e-003	
771	3.072917e-003	
772	2.899306e-003	
773	3.333333e-003	
774	3.559028e-003	
775	3.437500e-003	
776	3.680556e-003	
777	3.819444e-003	
778	4.322917e-003	
779	4.531250e-003	
780	5.034722e-003	
781	4.496528e-003	
782	3.923611e-003	
783	4.114583e-003	
784	4.270833e-003	
785	4.357639e-003	
786	4.288194e-003	
787	4.565972e-003	
788	4.513889e-003	
789	5.052083e-003	
790	5.121528e-003	
791	5.347222e-003	
792	5.329861e-003	
793	5.416667e-003	
794	5.815972e-003	
795	5.781250e-003	
796	5.329861e-003	
797	4.774306e-003	
798	4.826389e-003	
799	5.190972e-003	
800	5.156250e-003	
801	5.486111e-003	
802	5.711806e-003	
803	5.607639e-003	
804	5.694444e-003	
805	5.729167e-003	
806	5.868056e-003	
807	5.572917e-003	
808	6.163194e-003	
809	6.562500e-003	
810	5.659722e-003	
811	5.625000e-003	
812	6.284722e-003	
813	6.423611e-003	
814	6.180556e-003	
815	6.006944e-003	
816	5.989583e-003	
817	5.538194e-003	
818	5.381944e-003	
819	5.555556e-003	
820	5.572917e-003	
821	5.572917e-003	
822	5.694444e-003	
823	5.781250e-003	
824	6.024306e-003	
825	5.885417e-003	
826	5.329861e-003	
827	5.364583e-003	
828	5.069444e-003	
829	4.704861e-003	
830	5.052083e-003	
831	4.826389e-003	
832	4.652778e-003	
833	4.114583e-003	
834	3.593750e-003	
835	3.663194e-003	
836	3.159722e-003	
837	2.934028e-003	
838	2.899306e-003	
839	2.795139e-003	
840	2.239583e-003	
841	1.753472e-003	
842	1.475694e-003	
843	1.423611e-003	
844	1.510417e-003	
845	1.545139e-003	
846	1.510417e-003	
847	1.545139e-003	
848	1.423611e-003	
849	1.319444e-003	
850	1.284722e-003	
851	1.284722e-003	
852	1.197917e-003	
853	1.319444e-003	
854	1.319444e-003	
855	1.145833e-003	
856	1.006944e-003	
857	1.024306e-003	
858	1.232639e-003	
859	1.267361e-003	
860	9.895833e-004	
861	6.423611e-004	
862	4.861111e-004	
863	5.034722e-004	
864	5.208333e-004	
865	3.993056e-004	
866	3.298611e-004	
867	2.951389e-004	
868	2.430556e-004	
869	1.909722e-004	
870	1.041667e-004	
871	1.388889e-004	
872	1.041667e-004	
873	1.388889e-004	
874	1.388889e-004	
875	1.388889e-004	
876	1.736111e-005	
877	0	
878	0	
879	0	
880	0	
881	0	
882	0	
883	0	
884	0	
885	0	
886	0	
887	0	
888	0	
889	0	
890	0	
891	0	
892	0	
893	0	
894	0	
895	0	
896	0	
897	0	
898	0	
899	0	
900	0	
901	0	
902	0	
903	0	
904	0	
905	0	
906	0	
907	0	
908	0	
909	0	
910	0	
911	0	
912	0	
913	0	
914	0	
915	0	
916	0	
917	0	
918	0	
919	0	
920	0	
921	0	
922	0	
923	0	
924	0	
925	0	
926	0	
927	0	
928	0	
929	0	
930	0	
931	0	
932	0	
933	0	
934	0	
935	0	
936	1.736111e-005	
937	1.736111e-005	
938	0	
939	0	
940	0	
941	0	
942	0	
943	0	
944	0	
945	0	
946	0	
947	0	
948	0	
949	0	
950	0	
951	0	
952	0	
953	0	
954	0	
955	0	
956	0	
957	0	
958	0	
959	0	
960	0	
961	0	
962	0	
963	0	
964	0	
965	0	
966	0	
967	0	
968	0	
969	0	
970	0	
971	0	
972	0	
973	0	
974	0	
975	0	
976	0	
977	0	
978	0	
979	0	
980	0	
981	0	
982	0	
983	0	
984	0	
985	0	
986	0	
987	0	
988	0	
989	0	
990	0	
991	0	
992	0	
993	0	
994	0	
995	0	
996	0	
997	0	
998	0	
999	0	
1000	0	
1001	0	
1002	0	
1003	0	
1004	0	
1005	0	
1006	0	
1007	0	
1008	0	
1009	0	
1010	0	
1011	0	
1012	0	
1013	0	
1014	0	
1015	0	
1016	0	
1017	0	
1018	0	
1019	0	
1020	0	
1021	0	
1022	0	
1023	0	
1024	0	
1025	0	
1026	0	
1027	0	
1028	0	
1029	0	
1030	0	
1031	0	
1032	0	
1033	0	
1034	0	
1035	0	
1036	0	
1037	0	
1038	0	
1039	0	
1040	0	
1041	0	
1042	0	
1043	1.736111e-005	
1044	1.736111e-005	
1045	1.736111e-005	
1046	1.736111e-005	
1047	1.736111e-005	
1048	0	
1049	0	
1050	0	
1051	0	
1052	0	
1053	0	
1054	0	
1055	1.736111e-005	
1056	3.472222e-005	
1057	1.736111e-005	
1058	0	
1059	0	
1060	0	
1061	0	
1062	1.736111e-005	
1063	5.208333e-005	
1064	1.736111e-005	
1065	0	
1066	0	
1067	0	
1068	0	
1069	0	
1070	0	
1071	0	
1072	0	
1073	0	
1074	0	
1075	0	
1076	0	
1077	0	
1078	0	
1079	0	
1080	0	
1081	0	
1082	0	
1083	0	
1084	0	
1085	0	
1086	0	
1087	0	
1088	0	
1089	0	
1090	0	
1091	0	
1092	0	
1093	0	
1094	0	
1095	0	
1096	0	
1097	0	
1098	0	
1099	0	
1100	0	
1101	0	
1102	0	
1103	0	
1104	0	
1105	0	
1106	0	
1107	0	
1108	0	
1109	1.736111e-005	
1110	5.208333e-005	
1111	8.680556e-005	
1112	1.736111e-004	
1113	1.562500e-004	
1114	1.736111e-004	
1115	8.680556e-005	
1116	8.680556e-005	
1117	8.680556e-005	
1118	8.680556e-005	
1119	5.208333e-005	
1120	1.736111e-005	
1121	0	
1122	0	
1123	0	
1124	0	
1125	0	
1126	0	
1127	0	
1128	0	
1129	0	
1130	0	
1131	0	
1132	0	
1133	0	
1134	0	
1135	0	
1136	0	
1137	0	
1138	0	
1139	0	
1140	0	
1141	0	
1142	0	
1143	0	
1144	0	
1145	0	
1146	0	
1147	0	
1148	0	
1149	0	
1150	0	
1151	0	
1152	0	
1153	0	
1154	0	
1155	0	
1156	0	
1157	0	
1158	0	
1159	0	
1160	0	
1161	0	
1162	0	
1163	0	
1164	0	
1165	1.736111e-005	
1166	1.736111e-005	
1167	1.736111e-005	
1168	1.736111e-005	
1169	1.736111e-005	
1170	1.736111e-005	
1171	0	
1172	0	
1173	0	
1174	0	
1175	0	
1176	0	
1177	0	
1178	0	
1179	0	
1180	0	
1181	0	
1182	0	
1183	0	
1184	0	
1185	0	
1186	0	
1187	1.736111e-005	
1188	8.680556e-005	
1189	8.680556e-005	
1190	6.944444e-005	
1191	1.041667e-004	
1192	1.388889e-004	
1193	1.041667e-004	
1194	1.041667e-004	
1195	6.944444e-005	
1196	1.562500e-004	
1197	1.562500e-004	
1198	1.736111e-004	
1199	2.951389e-004	
1200	2.777778e-004	
1201	2.604167e-004	
1202	3.125000e-004	
1203	1.909722e-004	
1204	2.256944e-004	
1205	2.256944e-004	
1206	3.298611e-004	
1207	2.430556e-004	
1208	2.951389e-004	
1209	3.645833e-004	
1210	3.993056e-004	
1211	3.125000e-004	
1212	4.687500e-004	
1213	3.125000e-004	
1214	3.298611e-004	
1215	3.645833e-004	
1216	3.125000e-004	
1217	2.083333e-004	
1218	2.430556e-004	
1219	2.430556e-004	
1220	2.083333e-004	
1221	2.083333e-004	
1222	2.083333e-004	
1223	8.680556e-005	
1224	8.680556e-005	
1225	1.041667e-004	
1226	8.680556e-005	
1227	8.680556e-005	
1228	6.944444e-005	
1229	1.736111e-005	
1230	1.736111e-005	
1231	5.208333e-005	
1232	1.215278e-004	
1233	1.041667e-004	
1234	6.944444e-005	
1235	6.944444e-005	
1236	6.944444e-005	
1237	8.680556e-005	
1238	1.736111e-004	
1239	2.083333e-004	
1240	1.215278e-004	
1241	8.680556e-005	
1242	1.562500e-004	
1243	1.562500e-004	
1244	2.083333e-004	
1245	1.736111e-004	
1246	6.944444e-005	
1247	5.208333e-005	
1248	5.208333e-005	
1249	3.472222e-005	
1250	3.472222e-005	
1251	1.736111e-005	
1252	3.472222e-005	
1253	6.944444e-005	
1254	1.041667e-004	
1255	8.680556e-005	
1256	6.944444e-005	
1257	6.944444e-005	
1258	5.208333e-005	
1259	3.472222e-005	
1260	6.944444e-005	
1261	5.208333e-005	
1262	5.208333e-005	
1263	3.472222e-005	
1264	5.208333e-005	
1265	5.208333e-005	
1266	1.215278e-004	
1267	1.736111e-004	
1268	1.041667e-004	
1269	1.736111e-004	
1270	1.909722e-004	
1271	1.215278e-004	
1272	1.215278e-004	
1273	1.562500e-004	
1274	1.215278e-004	
1275	1.562500e-004	
1276	1.215278e-004	
1277	1.388889e-004	
1278	2.256944e-004	
1279	1.736111e-004	
1280	6.944444e-005	
1281	1.736111e-005	
1282	3.472222e-005	
1283	1.736111e-005	
1284	1.736111e-005	
1285	1.736111e-005	
1286	1.736111e-005	
1287	0	
1288	0	
1289	0	
1290	0	
1291	0	
1292	0	
1293	0	
1294	0	
1295	0	
1296	0	
1297	0	
1298	0	
1299	0	
1300	0	
1301	0	
1302	0	
1303	0	
1304	0	
1305	0	
1306	0	
1307	0	
1308	0	
1309	0	
1310	0	
1311	0	
1312	0	
1313	0	
1314	0	
1315	0	
1316	0	
1317	0	
1318	0	
1319	0	
1320	0	
1321	0	
1322	0	
1323	0	
1324	0	
1325	0	
1326	0	
1327	0	
1328	0	
1329	0	
1330	0	
1331	0	
1332	0	
1333	0	
1334	0	
1335	0	
1336	0	
1337	0	
1338	0	
1339	0	
1340	0	
1341	0	
1342	0	
1343	0	
1344	0	
1345	0	
1346	0	
1347	0	
1348	0	
1349	1.736111e-005	
1350	6.944444e-005	
1351	1.562500e-004	
1352	2.083333e-004	
1353	2.951389e-004	
1354	3.298611e-004	
1355	3.472222e-004	
1356	2.430556e-004	
1357	2.604167e-004	
1358	2.951389e-004	
1359	2.777778e-004	
1360	1.562500e-004	
1361	2.256944e-004	
1362	3.645833e-004	
1363	6.250000e-004	
1364	6.944444e-004	
1365	7.465278e-004	
1366	5.208333e-004	
1367	6.250000e-004	
1368	6.944444e-004	
1369	7.638889e-004	
1370	7.118056e-004	
1371	6.770833e-004	
1372	7.638889e-004	
1373	8.680556e-004	
1374	1.041667e-003	
1375	1.128472e-003	
1376	1.059028e-003	
1377	1.267361e-003	
1378	9.722222e-004	
1379	1.006944e-003	
1380	1.076389e-003	
1381	1.180556e-003	
1382	1.180556e-003	
1383	1.250000e-003	
1384	1.215278e-003	
1385	1.128472e-003	
1386	1.232639e-003	
1387	1.197917e-003	
1388	1.458333e-003	
1389	1.840278e-003	
1390	1.649306e-003	
1391	1.805556e-003	
1392	2.065972e-003	
1393	2.187500e-003	
1394	2.048611e-003	
1395	1.822917e-003	
1396	2.083333e-003	
1397	1.944444e-003	
1398	2.118056e-003	
1399	1.996528e-003	
1400	2.118056e-003	
1401	2.170139e-003	
1402	2.118056e-003	
1403	2.118056e-003	
1404	2.170139e-003	
1405	2.326389e-003	
1406	2.447917e-003	
1407	2.621528e-003	
1408	2.708333e-003	
1409	2.899306e-003	
1410	2.621528e-003	
1411	2.552083e-003	
1412	3.038194e-003	
1413	3.159722e-003	
1414	3.020833e-003	
1415	3.177083e-003	
1416	3.020833e-003	
1417	3.142361e-003	
1418	2.812500e-003	
1419	2.569444e-003	
1420	2.864583e-003	
1421	2.847222e-003	
1422	3.281250e-003	
1423	3.350694e-003	
1424	3.836806e-003	
1425	3.836806e-003	
1426	3.697917e-003	
1427	3.888889e-003	
1428	4.097222e-003	
1429	4.079861e-003	
1430	3.871528e-003	
1431	4.201389e-003	
1432	4.236111e-003	
1433	4.722222e-003	
1434	4.357639e-003	
1435	4.409722e-003	
1436	4.513889e-003	
1437	4.340278e-003	
1438	4.288194e-003	
1439	4.496528e-003	
1440	4.236111e-003	
1441	4.600694e-003	
1442	4.704861e-003	
1443	4.739583e-003	
1444	4.878472e-003	
1445	4.895833e-003	
1446	4.878472e-003	
1447	5.034722e-003	
1448	4.982639e-003	
1449	5.607639e-003	
1450	5.729167e-003	
1451	5.625000e-003	
1452	5.642361e-003	
1453	5.416667e-003	
1454	5.277778e-003	
1455	5.607639e-003	
1456	5.451389e-003	
1457	5.243056e-003	
1458	5.677083e-003	
1459	5.833333e-003	
1460	6.145833e-003	
1461	6.024306e-003	
1462	6.250000e-003	
1463	6.232639e-003	
1464	6.406250e-003	
1465	6.354167e-003	
1466	6.128472e-003	
1467	6.336806e-003	
1468	6.909722e-003	
1469	6.649306e-003	
1470	6.406250e-003	
1471	6.336806e-003	
1472	6.406250e-003	
1473	5.868056e-003	
1474	5.312500e-003	
1475	5.173611e-003	
1476	4.843750e-003	
1477	4.618056e-003	
1478	4.947917e-003	
1479	4.427083e-003	
1480	3.628472e-003	
1481	3.420139e-003	
1482	3.385417e-003	
1483	3.107639e-003	
1484	3.072917e-003	
1485	2.690972e-003	
1486	2.638889e-003	
1487	2.204861e-003	
1488	2.013889e-003	
1489	1.805556e-003	
1490	1.979167e-003	
1491	2.065972e-003	
1492	1.822917e-003	
1493	1.666667e-003	
1494	1.423611e-003	
1495	1.041667e-003	
1496	8.680556e-004	
1497	7.465278e-004	
1498	6.250000e-004	
1499	4.687500e-004	
1500	3.472222e-004	
1501	2.083333e-004	
1502	1.562500e-004	
1503	1.736111e-004	
1504	1.388889e-004	
1505	1.388889e-004	
1506	1.562500e-004	
1507	1.388889e-004	
1508	1.562500e-004	
1509	8.680556e-005	
1510	1.215278e-004	
1511	8.680556e-005	
1512	1.388889e-004	
1513	3.472222e-005	
1514	6.944444e-005	
1515	8.680556e-005	
1516	1.041667e-004	
1517	1.562500e-004	
1518	1.215278e-004	
1519	8.680556e-005	
1520	5.208333e-005	
1521	0	
1522	0	
1523	0	
1524	0	
1525	0	
1526	0	
1527	0	
1528	0	
1529	0	
1530	0	
1531	0	
1532	0	
1533	0	
1534	0	
1535	0	
1536	0	
1537	0	
1538	0	
1539	0	
1540	0	
1541	0	
1542	0	
1543	0	
1544	0	
1545	0	
1546	0	
1547	0	
1548	0	
1549	0	
1550	0	
1551	0	
1552	0	
1553	0	
1554	0	
1555	0	
1556	0	
1557	0	
1558	0	
1559	0	
1560	0	
1561	0	
1562	0	
1563	0	
1564	0	
1565	0	
1566	0	
1567	0	
1568	0	
1569	0	
1570	0	
1571	0	
1572	0	
1573	1.736111e-005	
1574	1.736111e-005	
1575	0	
1576	0	
1577	1.736111e-005	
1578	0	
1579	0	
1580	0	
1581	0	
1582	0	
1583	0	
1584	0	
1585	0	
1586	0	
1587	0	
1588	0	
1589	0	
1590	0	
1591	0	
1592	0	
1593	0	
1594	0	
1595	0	
1596	0	
1597	0	
1598	0	
1599	0	
1600	0	
1601	0	
1602	0	
1603	0	
1604	0	
1605	0	
1606	0	
1607	0	
1608	0	
1609	0	
1610	0	
1611	0	
1612	0	
1613	0	
1614	0	
1615	0	
1616	0	
1617	0	
1618	0	
1619	0	
1620	0	
1621	0	
1622	0	
1623	0	
1624	0	
1625	0	
1626	0	
1627	0	
1628	0	
1629	0	
1630	0	
1631	0	
1632	0	
1633	0	
1634	0	
1635	0	
1636	0	
1637	0	
1638	0	
1639	0	
1640	0	
1641	0	
1642	0	
1643	0	
1644	0	
1645	0	
1646	0	
1647	0	
1648	0	
1649	0	
1650	0	
1651	0	
1652	0	
1653	0	
1654	0	
1655	0	
1656	0	
1657	0	
1658	0	
1659	0	
1660	0	
1661	0	
1662	0	
1663	0	
1664	0	
1665	0	
1666	0	
1667	0	
1668	0	
1669	0	
1670	0	
1671	0	
1672	0	
1673	0	
1674	0	
1675	0	
1676	0	
1677	0	
1678	0	
1679	0	
1680	0	
1681	0	
1682	0	
1683	0	
1684	0	
1685	0	
1686	0	
1687	0	
1688	0	
1689	0	
1690	0	
1691	0	
1692	0	
1693	0	
1694	0	
1695	0	
1696	0	
1697	0	
1698	0	
1699	0	
1700	0	
1701	0	
1702	0	
1703	0	
1704	0	
1705	0	
1706	0	
1707	0	
1708	0	
1709	0	
1710	0	
1711	0	
1712	1.736111e-005	
1713	6.944444e-005	
1714	8.680556e-005	
1715	3.472222e-005	
1716	1.736111e-005	
1717	1.736111e-005	
1718	3.472222e-005	
1719	3.472222e-005	
1720	3.472222e-005	
1721	1.736111e-005	
1722	0	
1723	0	
1724	0	
1725	1.736111e-005	
1726	6.944444e-005	
1727	1.041667e-004	
1728	1.041667e-004	
1729	1.215278e-004	
1730	1.215278e-004	
1731	2.083333e-004	
1732	2.604167e-004	
1733	2.430556e-004	
1734	1.909722e-004	
1735	1.736111e-004	
1736	2.430556e-004	
1737	1.562500e-004	
1738	1.562500e-004	
1739	1.562500e-004	
1740	1.215278e-004	
1741	1.041667e-004	
1742	1.215278e-004	
1743	6.944444e-005	
1744	1.736111e-005	
1745	1.736111e-005	
1746	5.208333e-005	
1747	6.944444e-005	
1748	1.388889e-004	
1749	1.388889e-004	
1750	1.215278e-004	
1751	1.909722e-004	
1752	2.083333e-004	
1753	2.430556e-004	
1754	3.125000e-004	
1755	3.125000e-004	
1756	2.083333e-004	
1757	2.256944e-004	
1758	1.562500e-004	
1759	1.562500e-004	
1760	8.680556e-005	
1761	1.215278e-004	
1762	6.944444e-005	
1763	6.944444e-005	
1764	1.215278e-004	
1765	1.388889e-004	
1766	3.472222e-005	
1767	1.736111e-005	
1768	1.736111e-005	
1769	1.736111e-005	
1770	0	
1771	0	
1772	0	
1773	0	
1774	0	
1775	0	
1776	0	
1777	1.736111e-005	
1778	8.680556e-005	
1779	1.736111e-005	
1780	3.472222e-005	
1781	3.472222e-005	
1782	3.472222e-005	
1783	3.472222e-005	
1784	3.472222e-005	
1785	3.472222e-005	
1786	1.736111e-005	
1787	0	
1788	0	
1789	0	
1790	0	
1791	0	
1792	0	
1793	0	
1794	0	
1795	0	
1796	0	
1797	0	
1798	0	
1799	0	
1800	0	
1801	0	
1802	0	
1803	0	
1804	0	
1805	0	
1806	0	
1807	0	
1808	0	
1809	0	
1810	0	
1811	0	
1812	0	
1813	0	
1814	0	
1815	0	
1816	0	
1817	0	
1818	0	
1819	0	
1820	0	
1821	0	
1822	0	
1823	0	
1824	0	
1825	0	
1826	0	
1827	0	
1828	0	
1829	0	
1830	0	
1831	0	
1832	0	
1833	0	
1834	0	
1835	0	
1836	0	
1837	0	
1838	0	
1839	0	
1840	0	
1841	0	
1842	0	
1843	0	
1844	0	
1845	0	
1846	0	
1847	1.736111e-005	
1848	5.208333e-005	
1849	3.472222e-005	
1850	5.208333e-005	
1851	3.472222e-005	
1852	5.208333e-005	
1853	5.208333e-005	
1854	6.944444e-005	
1855	6.944444e-005	
1856	8.680556e-005	
1857	1.041667e-004	
1858	1.909722e-004	
1859	1.215278e-004	
1860	1.562500e-004	
1861	1.215278e-004	
1862	8.680556e-005	
1863	6.944444e-005	
1864	3.472222e-005	
1865	1.736111e-005	
1866	5.208333e-005	
1867	6.944444e-005	
1868	6.944444e-005	
1869	8.680556e-005	
1870	6.944444e-005	
1871	6.944444e-005	
1872	2.083333e-004	
1873	2.256944e-004	
1874	2.951389e-004	
1875	2.604167e-004	
1876	2.777778e-004	
1877	2.951389e-004	
1878	3.472222e-004	
1879	4.513889e-004	
1880	3.819444e-004	
1881	3.298611e-004	
1882	4.687500e-004	
1883	3.472222e-004	
1884	2.604167e-004	
1885	2.430556e-004	
1886	2.256944e-004	
1887	2.256944e-004	
1888	2.256944e-004	
1889	1.909722e-004	
1890	6.944444e-005	
1891	1.388889e-004	
1892	1.562500e-004	
1893	1.909722e-004	
1894	1.388889e-004	
1895	1.562500e-004	
1896	1.041667e-004	
1897	1.736111e-004	
1898	1.215278e-004	
1899	5.208333e-005	
1900	6.944444e-005	
1901	1.041667e-004	
1902	1.562500e-004	
1903	2.083333e-004	
1904	1.041667e-004	
1905	1.388889e-004	
1906	2.604167e-004	
1907	2.083333e-004	
1908	1.388889e-004	
1909	1.736111e-004	
1910	1.562500e-004	
1911	1.562500e-004	
1912	1.736111e-004	
1913	2.604167e-004	
1914	3.645833e-004	
1915	2.951389e-004	
1916	2.430556e-004	
1917	2.430556e-004	
1918	1.909722e-004	
1919	2.604167e-004	
1920	3.298611e-004	
1921	3.472222e-004	
1922	4.861111e-004	
1923	5.034722e-004	
1924	4.166667e-004	
1925	2.951389e-004	
1926	3.645833e-004	
1927	4.166667e-004	
1928	3.993056e-004	
1929	4.861111e-004	
1930	4.513889e-004	
1931	5.381944e-004	
1932	6.770833e-004	
1933	7.465278e-004	
1934	6.944444e-004	
1935	5.381944e-004	
1936	7.118056e-004	
1937	5.381944e-004	
1938	7.638889e-004	
1939	8.159722e-004	
1940	8.506944e-004	
1941	7.812500e-004	
1942	9.895833e-004	
1943	1.197917e-003	
1944	1.336806e-003	
1945	1.336806e-003	
1946	1.458333e-003	
1947	1.423611e-003	
1948	1.510417e-003	
1949	1.423611e-003	
1950	1.406250e-003	
1951	1.215278e-003	
1952	1.336806e-003	
1953	1.267361e-003	
1954	1.336806e-003	
1955	1.475694e-003	
1956	1.545139e-003	
1957	1.250000e-003	
1958	1.076389e-003	
1959	1.250000e-003	
1960	1.302083e-003	
1961	1.319444e-003	
1962	1.232639e-003	
1963	1.111111e-003	
1964	1.128472e-003	
1965	1.093750e-003	
1966	1.163194e-003	
1967	1.128472e-003	
1968	1.076389e-003	
1969	9.895833e-004	
1970	8.333333e-004	
1971	7.118056e-004	
1972	9.548611e-004	
1973	9.548611e-004	
1974	1.059028e-003	
1975	1.267361e-003	
1976	1.180556e-003	
1977	1.250000e-003	
1978	1.336806e-003	
1979	1.111111e-003	
1980	1.076389e-003	
1981	1.128472e-003	
1982	1.197917e-003	
1983	1.197917e-003	
1984	1.597222e-003	
1985	1.579861e-003	
1986	1.840278e-003	
1987	1.545139e-003	
1988	1.545139e-003	
1989	1.493056e-003	
1990	1.475694e-003	
1991	1.927083e-003	
1992	1.961806e-003	
1993	1.770833e-003	
1994	1.684028e-003	
1995	1.545139e-003	
1996	1.979167e-003	
1997	2.031250e-003	
1998	1.631944e-003	
1999	1.909722e-003	
2000	1.979167e-003	
2001	1.979167e-003	
2002	2.170139e-003	
2003	1.788194e-003	
2004	1.909722e-003	
2005	1.822917e-003	
2006	1.944444e-003	
2007	2.222222e-003	
2008	2.291667e-003	
2009	2.378472e-003	
2010	2.395833e-003	
2011	2.361111e-003	
2012	2.326389e-003	
2013	2.256944e-003	
2014	2.256944e-003	
2015	2.326389e-003	
2016	2.465278e-003	
2017	2.534722e-003	
2018	2.708333e-003	
2019	3.333333e-003	
2020	3.350694e-003	
2021	3.368056e-003	
2022	3.368056e-003	
2023	3.420139e-003	
2024	3.454861e-003	
2025	3.125000e-003	
2026	3.038194e-003	
2027	3.194444e-003	
2028	2.951389e-003	
2029	3.003472e-003	
2030	3.298611e-003	
2031	3.420139e-003	
2032	3.368056e-003	
2033	3.454861e-003	
2034	3.715278e-003	
2035	4.184028e-003	
2036	3.819444e-003	
2037	3.940972e-003	
2038	3.593750e-003	
2039	3.559028e-003	
2040	3.993056e-003	
2041	3.628472e-003	
2042	3.541667e-003	
2043	3.663194e-003	
2044	3.593750e-003	
2045	3.923611e-003	
2046	3.836806e-003	
2047	4.045139e-003	
2048	4.079861e-003	
2049	3.993056e-003	
2050	3.576389e-003	
2051	3.802083e-003	
2052	4.062500e-003	
2053	3.871528e-003	
2054	3.472222e-003	
2055	3.125000e-003	
2056	2.951389e-003	
2057	2.812500e-003	
2058	2.986111e-003	
2059	2.968750e-003	
2060	3.194444e-003	
2061	3.506944e-003	
2062	3.541667e-003	
2063	3.854167e-003	
2064	3.802083e-003	
2065	3.784722e-003	
2066	3.593750e-003	
2067	3.836806e-003	
2068	3.645833e-003	
2069	3.802083e-003	
2070	3.958333e-003	
2071	3.506944e-003	
2072	3.420139e-003	
2073	3.611111e-003	
2074	3.819444e-003	
2075	3.576389e-003	
2076	3.194444e-003	
2077	3.159722e-003	
2078	2.777778e-003	
2079	2.881944e-003	
2080	2.343750e-003	
2081	2.170139e-003	
2082	2.118056e-003	
2083	2.378472e-003	
2084	2.482639e-003	
2085	2.864583e-003	
2086	2.500000e-003	
2087	2.326389e-003	
2088	2.222222e-003	
2089	2.256944e-003	
2090	2.343750e-003	
2091	2.447917e-003	
2092	2.517361e-003	
2093	2.187500e-003	
2094	2.187500e-003	
2095	1.718750e-003	
2096	1.684028e-003	
2097	1.562500e-003	
2098	1.371528e-003	
2099	1.267361e-003	
2100	1.319444e-003	
2101	1.215278e-003	
2102	1.041667e-003	
2103	9.027778e-004	
2104	8.333333e-004	
2105	7.291667e-004	
2106	5.208333e-004	
2107	4.687500e-004	
2108	3.819444e-004	
2109	3.125000e-004	
2110	1.909722e-004	
2111	1.388889e-004	
2112	1.909722e-004	
2113	1.388889e-004	
2114	1.388889e-004	
2115	1.736111e-004	
2116	5.208333e-005	
2117	0	
2118	0	
2119	0	
2120	0	
2121	0	
2122	0	
2123	0	
2124	0	
2125	0	
2126	0	
2127	0	
2128	0	
2129	0	
2130	0	
2131	0	
2132	0	
2133	0	
2134	0	
2135	0	
2136	0	
2137	0	
2138	0	
2139	0	
2140	0	
2141	0	
2142	0	
2143	0	
2144	0	
2145	0	
2146	0	
2147	0	
2148	0	
2149	0	
2150	0	
2151	0	
2152	0	
2153	0	
2154	0	
2155	0	
2156	0	
2157	0	
2158	0	
2159	0	
2160	0	
2161	0	
2162	0	
2163	0	
2164	0	
2165	0	
2166	0	
2167	0	
2168	0	
2169	0	
2170	0	
2171	0	
2172	0	
2173	0	
2174	0	
2175	0	
2176	0	
2177	0	
2178	0	
2179	0	
2180	0	
2181	0	
2182	0	
2183	0	
2184	0	
2185	0	
2186	0	
2187	0	
2188	0	
2189	0	
2190	0	
2191	0	
2192	0	
2193	0	
2194	0	
2195	0	
2196	0	
2197	0	
2198	0	
2199	0	
2200	0	
2201	0	
2202	0	
2203	0	
2204	0	
2205	0	
2206	0	
2207	0	
2208	0	
2209	0	
2210	0	
2211	0	
2212	0	
2213	0	
2214	0	
2215	0	
2216	0	
2217	0	
2218	0	
2219	0	
2220	0	
2221	0	
2222	0	
2223	0	
2224	0	
2225	0	
2226	0	
2227	0	
2228	0	
2229	0	
2230	0	
2231	0	
2232	0	
2233	0	
2234	0	
2235	0	
2236	0	
2237	0	
2238	0	
2239	0	
2240	0	
2241	0	
2242	0	
2243	0	
2244	0	
2245	0	
2246	0	
2247	0	
2248	0	
2249	1.736111e-005	
2250	0	
2251	0	
2252	0	
2253	0	
2254	0	
2255	0	
2256	0	
2257	0	
2258	0	
2259	0	
2260	0	
2261	0	
2262	0	
2263	0	
2264	0	
2265	0	
2266	0	
2267	0	
2268	0	
2269	0	
2270	0	
2271	0	
2272	0	
2273	0	
2274	1.736111e-005	
2275	1.041667e-004	
2276	1.388889e-004	
2277	1.215278e-004	
2278	1.388889e-004	
2279	1.041667e-004	
2280	1.215278e-004	
2281	1.909722e-004	
2282	2.430556e-004	
2283	1.562500e-004	
2284	1.736111e-004	
2285	1.736111e-004	
2286	1.909722e-004	
2287	1.215278e-004	
2288	1.388889e-004	
2289	6.944444e-005	
2290	0	
2291	0	
2292	0	
2293	0	
2294	0	
2295	0	
2296	0	
2297	0	
2298	0	
2299	0	
2300	0	
2301	0	
2302	0	
2303	0	
2304	0	
2305	0	
2306	0	
2307	0	
2308	0	
2309	0	
2310	0	
2311	0	
2312	0	
2313	0	
2314	0	
2315	0	
2316	0	
2317	0	
2318	0	
2319	0	
2320	0	
2321	0	
2322	0	
2323	0	
2324	0	
2325	0	
2326	0	
2327	0	
2328	0	
2329	0	
2330	0	
2331	0	
2332	0	
2333	0	
2334	0	
2335	0	
2336	0	
2337	0	
2338	0	
2339	0	
2340	0	
2341	0	
2342	0	
2343	0	
2344	0	
2345	0	
2346	0	
2347	0	
2348	0	
2349	0	
2350	0	
2351	0	
2352	0	
2353	0	
2354	0	
2355	0	
2356	0	
2357	0	
2358	0	
2359	0	
2360	0	
2361	0	
2362	0	
2363	0	
2364	0	
2365	0	
2366	0	
2367	0	
2368	0	
2369	0	
2370	0	
2371	0	
2372	0	
2373	0	
2374	0	
2375	0	
2376	0	
2377	0	
2378	0	
2379	0	
2380	0	
2381	0	
2382	0	
2383	0	
2384	0	
2385	0	
2386	0	
2387	0	
2388	0	
2389	0	
2390	0	
2391	0	
2392	0	
2393	0	
2394	0	
2395	0	
2396	0	
2397	0	
2398	0	
2399	0	
2400	0	
2401	0	
2402	0	
2403	0	
2404	0	
2405	0	
2406	0	
2407	0	
2408	0	
2409	0	
2410	0	
2411	0	
2412	0	
2413	0	
2414	0	
2415	0	
2416	0	
2417	0	
2418	0	
2419	0	
2420	0	
2421	0	
2422	0	
2423	0	
2424	0	
2425	0	
2426	0	
2427	0	
2428	0	
2429	0	
2430	0	
2431	0	
2432	0	
2433	0	
2434	0	
2435	0	
2436	0	
2437	0	
2438	0	
2439	1.736111e-005	
2440	1.736111e-005	
2441	5.208333e-005	
2442	1.388889e-004	
2443	1.388889e-004	
2444	2.083333e-004	
2445	2.951389e-004	
2446	4.513889e-004	
2447	4.513889e-004	
2448	4.687500e-004	
2449	4.166667e-004	
2450	4.340278e-004	
2451	3.993056e-004	
2452	5.034722e-004	
2453	5.729167e-004	
2454	5.729167e-004	
2455	5.729167e-004	
2456	6.770833e-004	
2457	6.076389e-004	
2458	5.902778e-004	
2459	5.555556e-004	
2460	7.638889e-004	
2461	9.375000e-004	
2462	7.986111e-004	
2463	7.638889e-004	
2464	7.118056e-004	
2465	6.944444e-004	
2466	8.159722e-004	
2467	6.597222e-004	
2468	7.812500e-004	
2469	4.687500e-004	
2470	5.034722e-004	
2471	6.250000e-004	
2472	6.076389e-004	
2473	7.118056e-004	
2474	7.812500e-004	
2475	7.986111e-004	
2476	8.159722e-004	
2477	1.059028e-003	
2478	1.267361e-003	
2479	9.722222e-004	
2480	9.895833e-004	
2481	1.197917e-003	
2482	1.093750e-003	
2483	1.302083e-003	
2484	1.250000e-003	
2485	1.232639e-003	
2486	1.059028e-003	
2487	1.180556e-003	
2488	1.302083e-003	
2489	1.284722e-003	
2490	1.302083e-003	
2491	1.232639e-003	
2492	1.128472e-003	
2493	8.506944e-004	
2494	7.118056e-004	
2495	7.291667e-004	
2496	5.381944e-004	
2497	5.208333e-004	
2498	6.076389e-004	
2499	6.770833e-004	
2500	6.423611e-004	
2501	6.770833e-004	
2502	6.944444e-004	
2503	8.680556e-004	
2504	9.201389e-004	
2505	9.895833e-004	
2506	9.895833e-004	
2507	9.548611e-004	
2508	9.027778e-004	
2509	9.027778e-004	
2510	9.548611e-004	
2511	8.333333e-004	
2512	9.722222e-004	
2513	8.159722e-004	
2514	8.854167e-004	
2515	1.076389e-003	
2516	1.267361e-003	
2517	1.076389e-003	
2518	1.093750e-003	
2519	8.333333e-004	
2520	1.041667e-003	
2521	1.302083e-003	
2522	1.284722e-003	
2523	1.250000e-003	
2524	1.336806e-003	
2525	1.493056e-003	
2526	1.232639e-003	
2527	1.423611e-003	
2528	1.493056e-003	
2529	1.510417e-003	
2530	1.649306e-003	
2531	1.753472e-003	
2532	1.770833e-003	
2533	1.440972e-003	
2534	1.510417e-003	
2535	1.354167e-003	
2536	1.250000e-003	
2537	1.267361e-003	
2538	1.284722e-003	
2539	1.076389e-003	
2540	9.375000e-004	
2541	9.548611e-004	
2542	1.128472e-003	
2543	1.267361e-003	
2544	1.510417e-003	
2545	1.614583e-003	
2546	1.788194e-003	
2547	1.319444e-003	
2548	1.388889e-003	
2549	1.579861e-003	
2550	1.527778e-003	
2551	1.371528e-003	
2552	1.215278e-003	
2553	1.267361e-003	
2554	1.093750e-003	
2555	1.145833e-003	
2556	1.302083e-003	
2557	1.388889e-003	
2558	1.458333e-003	
2559	1.371528e-003	
2560	1.388889e-003	
2561	1.545139e-003	
2562	1.649306e-003	
2563	1.475694e-003	
2564	1.527778e-003	
2565	1.579861e-003	
2566	1.597222e-003	
2567	1.631944e-003	
2568	1.701389e-003	
2569	1.684028e-003	
2570	1.909722e-003	
2571	2.083333e-003	
2572	2.118056e-003	
2573	1.979167e-003	
2574	1.822917e-003	
2575	1.701389e-003	
2576	1.822917e-003	
2577	1.927083e-003	
2578	1.718750e-003	
2579	1.736111e-003	
2580	1.701389e-003	
2581	1.753472e-003	
2582	2.083333e-003	
2583	1.961806e-003	
2584	2.065972e-003	
2585	1.840278e-003	
2586	1.944444e-003	
2587	1.927083e-003	
2588	2.048611e-003	
2589	2.204861e-003	
2590	2.291667e-003	
2591	2.569444e-003	
2592	2.413194e-003	
2593	2.500000e-003	
2594	2.656250e-003	
2595	2.812500e-003	
2596	2.968750e-003	
2597	3.072917e-003	
2598	3.090278e-003	
2599	2.934028e-003	
2600	2.899306e-003	
2601	3.003472e-003	
2602	2.968750e-003	
2603	2.743056e-003	
2604	2.743056e-003	
2605	2.656250e-003	
2606	2.447917e-003	
2607	2.569444e-003	
2608	2.916667e-003	
2609	3.142361e-003	
2610	3.055556e-003	
2611	2.986111e-003	
2612	2.812500e-003	
2613	2.343750e-003	
2614	2.482639e-003	
2615	2.500000e-003	
2616	2.500000e-003	
2617	2.829861e-003	
2618	2.899306e-003	
2619	2.673611e-003	
2620	2.812500e-003	
2621	2.673611e-003	
2622	2.690972e-003	
2623	2.864583e-003	
2624	3.003472e-003	
2625	3.003472e-003	
2626	2.916667e-003	
2627	2.916667e-003	
2628	3.055556e-003	
2629	2.777778e-003	
2630	2.795139e-003	
2631	2.552083e-003	
2632	2.378472e-003	
2633	2.274306e-003	
2634	2.517361e-003	
2635	2.725694e-003	
2636	2.934028e-003	
2637	3.072917e-003	
2638	2.743056e-003	
2639	2.604167e-003	
2640	2.534722e-003	
2641	2.569444e-003	
2642	2.447917e-003	
2643	2.482639e-003	
2644	2.916667e-003	
2645	2.621528e-003	
2646	2.673611e-003	
2647	2.708333e-003	
2648	2.934028e-003	
2649	3.229167e-003	
2650	3.194444e-003	
2651	3.020833e-003	
2652	2.986111e-003	
2653	2.552083e-003	
2654	2.604167e-003	
2655	2.777778e-003	
2656	2.829861e-003	
2657	2.725694e-003	
2658	2.951389e-003	
2659	2.690972e-003	
2660	2.239583e-003	
2661	2.204861e-003	
2662	2.065972e-003	
2663	2.065972e-003	
2664	2.361111e-003	
2665	2.204861e-003	
2666	2.065972e-003	
2667	1.857639e-003	
2668	1.822917e-003	
2669	1.510417e-003	
2670	1.527778e-003	
2671	1.371528e-003	
2672	1.302083e-003	
2673	1.215278e-003	
2674	1.388889e-003	
2675	1.163194e-003	
2676	9.895833e-004	
2677	1.076389e-003	
2678	1.250000e-003	
2679	9.201389e-004	
2680	7.465278e-004	
2681	7.465278e-004	
2682	7.638889e-004	
2683	6.597222e-004	
2684	7.638889e-004	
2685	8.333333e-004	
2686	5.902778e-004	
2687	5.034722e-004	
2688	5.034722e-004	
2689	3.993056e-004	
2690	4.513889e-004	
2691	3.125000e-004	
2692	3.298611e-004	
2693	2.604167e-004	
2694	2.083333e-004	
2695	1.562500e-004	
2696	1.909722e-004	
2697	1.388889e-004	
2698	2.083333e-004	
2699	2.083333e-004	
2700	1.909722e-004	
2701	2.951389e-004	
2702	4.340278e-004	
2703	3.819444e-004	
2704	3.819444e-004	
2705	2.951389e-004	
2706	2.256944e-004	
2707	2.777778e-004	
2708	2.256944e-004	
2709	1.909722e-004	
2710	1.562500e-004	
2711	1.562500e-004	
2712	2.256944e-004	
2713	1.736111e-004	
2714	1.562500e-004	
2715	8.680556e-005	
2716	5.208333e-005	
2717	1.736111e-005	
2718	3.472222e-005	
2719	8.680556e-005	
2720	5.208333e-005	
2721	3.472222e-005	
2722	0	
2723	0	
2724	0	
2725	0	
2726	0	
2727	0	
2728	0	
2729	0	
2730	0	
2731	0	
2732	0	
2733	0	
2734	0	
2735	0	
2736	0	
2737	0	
2738	0	
2739	0	
2740	0	
2741	0	
2742	0	
2743	0	
2744	0	
2745	0	
2746	0	
2747	0	
2748	0	
2749	0	
2750	0	
2751	0	
2752	0	
2753	0	
2754	0	
2755	0	
2756	0	
2757	0	
2758	0	
2759	0	
2760	0	
2761	0	
2762	0	
2763	0	
2764	0	
2765	0	
2766	0	
2767	0	
2768	0	
2769	0	
2770	0	
2771	0	
2772	0	
2773	0	
2774	0	
2775	0	
2776	0	
2777	0	
2778	0	
2779	0	
2780	0	
2781	0	
2782	0	
2783	0	
2784	0	
2785	0	
2786	0	
2787	0	
2788	0	
2789	0	
2790	0	
2791	0	
2792	0	
2793	0	
2794	0	
2795	0	
2796	0	
2797	0	
2798	0	
2799	0	
2800	0	
2801	0	
2802	0	
2803	0	
2804	0	
2805	0	
2806	0	
2807	0	
2808	0	
2809	0	
2810	0	
2811	0	
2812	0	
2813	0	
2814	0	
2815	0	
2816	0	
2817	0	
2818	0	
2819	0	
2820	0	
2821	0	
2822	0	
2823	0	
2824	0	
2825	0	
2826	0	
2827	0	
2828	0	
2829	0	
2830	0	
2831	0	
2832	0	
2833	0	
2834	0	
2835	0	
2836	0	
2837	0	
2838	0	
2839	0	
2840	0	
2841	0	
2842	0	
2843	0	
2844	0	
2845	0	
2846	0	
2847	0	
2848	0	
2849	0	
2850	0	
2851	0	
2852	0	
2853	0	
2854	0	
2855	0	
2856	0	
2857	0	
2858	0	
2859	0	
2860	0	
2861	0	
2862	0	
2863	0	
2864	0	
2865	0	
2866	0	
2867	0	
2868	1.736111e-005	
2869	1.736111e-005	
2870	5.208333e-005	
2871	5.208333e-005	
2872	1.736111e-005	
2873	0	
2874	0	
2875	0	
2876	0	
2877	0	
2878	0	
2879	0	
2880	0	
2881	0	
2882	0	
2883	0	
2884	0	
2885	0	
2886	0	
2887	0	
2888	0	
2889	0	
2890	0	
2891	0	
2892	0	
2893	0	
2894	0	
2895	0	
2896	0	
2897	0	
2898	0	
2899	1.736111e-005	
2900	3.472222e-005	
2901	0	
2902	0	
2903	0	
2904	0	
2905	0	
2906	0	
2907	0	
2908	0	
2909	0	
2910	0	
2911	0	
2912	0	
2913	0	
2914	0	
2915	0	
2916	0	
2917	0	
2918	0	
2919	0	
2920	0	
2921	0	
2922	0	
2923	0	
2924	0	
2925	0	
2926	0	
2927	0	
2928	0	
2929	0	
2930	0	
2931	0	
2932	0	
2933	0	
2934	0	
2935	0	
2936	0	
2937	0	
2938	0	
2939	0	
2940	0	
2941	0	
2942	0	
2943	0	
2944	0	
2945	0	
2946	0	
2947	0	
2948	0	
2949	0	
2950	0	
2951	0	
2952	0	
2953	0	
2954	0	
2955	0	
2956	0	
2957	0	
2958	0	
2959	0	
2960	0	
2961	0	
2962	0	
2963	0	
2964	0	
2965	0	
2966	0	
2967	0	
2968	0	
2969	0	
2970	0	
2971	0	
2972	0	
2973	0	
2974	0	
2975	0	
2976	0	
2977	0	
2978	0	
2979	0	
2980	0	
2981	0	
2982	0	
2983	0	
2984	0	
2985	0	
2986	0	
2987	0	
2988	0	
2989	0	
2990	0	
2991	0	
2992	0	
2993	0	
2994	0	
2995	0	
2996	0	
2997	0	
2998	0	
2999	0	
3000	0	
3001	0	
